Floor;-0.0251936;0.9992613;0.02901804;1.031936;
Head;-1.134064;0.4512202;3.164401;
ShoulderCenter;-1.208869;0.249323;3.136768;
ShoulderRight;-1.1195;0.09175552;3.218322;
ShoulderLeft;-1.238832;0.11957;3.01377;
ElbowRight;-1.108196;-0.1125396;3.359748;
ElbowLeft;-1.318923;-0.131531;2.955225;
WristRight;-1.02026;-0.3043151;3.43488;
WristLeft;-1.353073;-0.392033;2.903788;
HandRight;-0.9615693;-0.3596203;3.459206;
HandLeft;-1.370281;-0.4987349;2.906479;
Spine;-1.190357;-0.1448036;3.10701;
HipCenter;-1.186655;-0.2236289;3.104492;
HipRight;-1.157725;-0.2741684;3.135139;
HipLeft;-1.211424;-0.2616518;3.065171;
KneeRight;-1.061301;-0.726198;3.129028;
KneeLeft;-1.446666;-0.8196898;3.207348;
AnkleRight;-0.9711423;-1.109368;3.189564;
AnkleLeft;-1.595118;-1.077809;3.164673;
FootRight;-0.8995362;-1.151718;3.212535;
FootLeft;-1.479128;-1.089644;3.17104;
Head;-1.124535;0.4031182;3.165793;
ShoulderCenter;-1.165164;0.2494823;3.135907;
ShoulderRight;-1.078187;0.09611548;3.193347;
ShoulderLeft;-1.196245;0.1214411;3.010018;
ElbowRight;-1.076599;-0.09629842;3.32576;
ElbowLeft;-1.257454;-0.1199021;2.95861;
WristRight;-0.9956816;-0.2970111;3.437238;
WristLeft;-1.287197;-0.3384788;2.919931;
HandRight;-0.9520772;-0.3401197;3.451909;
HandLeft;-1.301575;-0.4222727;2.913022;
Spine;-1.148997;-0.1382862;3.0952;
HipCenter;-1.145336;-0.2157646;3.090342;
HipRight;-1.118193;-0.266021;3.120893;
HipLeft;-1.16828;-0.2541696;3.048234;
KneeRight;-1.041613;-0.7124825;3.146535;
KneeLeft;-1.346943;-0.7652613;3.26384;
AnkleRight;-0.9739615;-1.07758;3.192186;
AnkleLeft;-1.596417;-1.112745;3.190244;
FootRight;-0.9103608;-1.109665;3.151782;
FootLeft;-1.528131;-1.155377;3.202017;
Head;-1.085661;0.42799;3.155738;
ShoulderCenter;-1.120708;0.2533785;3.124129;
ShoulderRight;-1.037787;0.09990296;3.181706;
ShoulderLeft;-1.15611;0.126883;3.005489;
ElbowRight;-1.025784;-0.113938;3.27835;
ElbowLeft;-1.204938;-0.1142913;2.951508;
WristRight;-0.9841534;-0.2985485;3.423903;
WristLeft;-1.23331;-0.3293411;2.915733;
HandRight;-0.9396914;-0.3417691;3.43526;
HandLeft;-1.244439;-0.4138494;2.91282;
Spine;-1.093349;-0.1381455;3.089326;
HipCenter;-1.088242;-0.2164823;3.085873;
HipRight;-1.059066;-0.2643497;3.113425;
HipLeft;-1.111975;-0.2520958;3.049132;
KneeRight;-1.01608;-0.6849728;3.143717;
KneeLeft;-1.22361;-0.6226435;3.240209;
AnkleRight;-0.9675091;-1.077125;3.188863;
AnkleLeft;-1.460994;-0.9671811;3.201301;
FootRight;-0.9050026;-1.108581;3.147736;
FootLeft;-1.478404;-1.055793;3.224912;
Head;-1.031;0.4168991;3.158267;
ShoulderCenter;-1.09614;0.2625623;3.119504;
ShoulderRight;-1.01068;0.1096684;3.176432;
ShoulderLeft;-1.105066;0.1316452;2.998788;
ElbowRight;-0.9933696;-0.1095849;3.274328;
ElbowLeft;-1.153399;-0.1153974;2.944562;
WristRight;-0.9663944;-0.3029361;3.4215;
WristLeft;-1.167873;-0.3242444;2.911892;
HandRight;-0.920709;-0.3897677;3.463367;
HandLeft;-1.176938;-0.4121482;2.908279;
Spine;-1.046255;-0.1317417;3.08736;
HipCenter;-1.036672;-0.2110879;3.084637;
HipRight;-1.009243;-0.2563117;3.114655;
HipLeft;-1.055449;-0.2477665;3.046535;
KneeRight;-1.006414;-0.6840014;3.144133;
KneeLeft;-1.164333;-0.6812679;3.277169;
AnkleRight;-0.9598339;-1.077218;3.187622;
AnkleLeft;-1.459016;-1.007784;3.212021;
FootRight;-0.8935471;-1.107749;3.15318;
FootLeft;-1.475421;-1.096939;3.23189;
Head;-0.9972785;0.4369169;3.145267;
ShoulderCenter;-1.044399;0.2670653;3.120892;
ShoulderRight;-0.9624413;0.1400048;3.188999;
ShoulderLeft;-1.064178;0.1359339;2.999039;
ElbowRight;-0.9380632;-0.1103616;3.225109;
ElbowLeft;-1.121373;-0.1133481;2.928141;
WristRight;-0.9302348;-0.2765617;3.379309;
WristLeft;-1.113855;-0.3720277;2.895877;
HandRight;-0.9138212;-0.3563553;3.419139;
HandLeft;-1.109321;-0.4622927;2.903262;
Spine;-0.9888645;-0.1144622;3.102625;
HipCenter;-0.9777577;-0.1907677;3.10238;
HipRight;-0.9491809;-0.2355105;3.139743;
HipLeft;-0.9930715;-0.237144;3.058557;
KneeRight;-0.9958443;-0.6797153;3.140447;
KneeLeft;-0.9235261;-0.6985146;3.119933;
AnkleRight;-0.954577;-1.07458;3.186056;
AnkleLeft;-1.29377;-0.962184;3.20812;
FootRight;-0.8878797;-1.105597;3.149408;
FootLeft;-1.227073;-0.9932014;3.171472;
Head;-0.9519697;0.4423994;3.155372;
ShoulderCenter;-1.006391;0.2670897;3.117744;
ShoulderRight;-0.9038562;0.08522978;3.201695;
ShoulderLeft;-1.033772;0.1341391;2.994557;
ElbowRight;-0.8798389;-0.1749281;3.202681;
ElbowLeft;-1.071541;-0.1239389;2.935554;
WristRight;-0.9041752;-0.354663;3.379006;
WristLeft;-1.026968;-0.3823956;2.905574;
HandRight;-0.8950937;-0.4363213;3.435853;
HandLeft;-1.029337;-0.4724583;2.898466;
Spine;-0.9546434;-0.09243787;3.106875;
HipCenter;-0.9430331;-0.1631123;3.108399;
HipRight;-0.9107163;-0.2248163;3.147751;
HipLeft;-0.9627333;-0.203461;3.063255;
KneeRight;-0.9027013;-0.6971712;3.196429;
KneeLeft;-0.9234208;-0.6987724;3.11979;
AnkleRight;-0.948686;-1.075411;3.186588;
AnkleLeft;-1.267559;-0.9888973;3.252785;
FootRight;-0.8840353;-1.106194;3.148166;
FootLeft;-1.202909;-1.01968;3.214363;
Head;-0.8954347;0.4553549;3.144693;
ShoulderCenter;-0.9654367;0.2807071;3.11549;
ShoulderRight;-0.8720811;0.09731148;3.199959;
ShoulderLeft;-0.9919719;0.1422652;2.997584;
ElbowRight;-0.8363594;-0.167372;3.196571;
ElbowLeft;-0.9974163;-0.1019639;2.932475;
WristRight;-0.8755861;-0.2372173;3.381054;
WristLeft;-0.9298958;-0.3610188;2.933618;
HandRight;-0.8617845;-0.3046147;3.414212;
HandLeft;-0.9124081;-0.4610903;2.927269;
Spine;-0.9279214;-0.08983868;3.116413;
HipCenter;-0.9197863;-0.1631395;3.119377;
HipRight;-0.8869786;-0.220992;3.156345;
HipLeft;-0.9400542;-0.2008976;3.080998;
KneeRight;-0.813056;-0.6611421;3.279942;
KneeLeft;-0.9191346;-0.7001044;3.118649;
AnkleRight;-0.9451323;-1.076794;3.187604;
AnkleLeft;-1.203205;-1.023954;3.284265;
FootRight;-0.9474797;-1.143816;3.202945;
FootLeft;-1.201758;-1.110033;3.319642;
Head;-0.890765;0.4669353;3.134917;
ShoulderCenter;-0.9282894;0.2792803;3.115542;
ShoulderRight;-0.8284248;0.0971969;3.199888;
ShoulderLeft;-0.9660655;0.1452842;2.995077;
ElbowRight;-0.8121211;-0.1554596;3.19454;
ElbowLeft;-0.9463946;-0.09070772;2.932195;
WristRight;-0.8514884;-0.224264;3.378974;
WristLeft;-0.8733757;-0.3499106;2.939138;
HandRight;-0.8376867;-0.2916614;3.412131;
HandLeft;-0.8524141;-0.4120608;2.937673;
Spine;-0.8888834;-0.08846249;3.117372;
HipCenter;-0.8814584;-0.161921;3.121002;
HipRight;-0.8447472;-0.2238941;3.160842;
HipLeft;-0.9080818;-0.2017591;3.079691;
KneeRight;-0.7740969;-0.674965;3.262393;
KneeLeft;-0.900014;-0.7023634;3.124232;
AnkleRight;-0.9287466;-1.083756;3.184035;
AnkleLeft;-1.153264;-1.014971;3.274568;
FootRight;-0.8639655;-1.116822;3.141777;
FootLeft;-1.070298;-1.059612;3.252627;
Head;-0.8284279;0.4675291;3.145916;
ShoulderCenter;-0.896837;0.2844802;3.119619;
ShoulderRight;-0.8200251;0.1573063;3.225131;
ShoulderLeft;-0.9264318;0.1474702;2.99481;
ElbowRight;-0.7983491;-0.09080736;3.219126;
ElbowLeft;-0.8969818;-0.08850455;2.940132;
WristRight;-0.8377163;-0.1596118;3.403588;
WristLeft;-0.8014005;-0.341002;2.953184;
HandRight;-0.8239147;-0.2270091;3.436745;
HandLeft;-0.7571703;-0.4154356;2.930067;
Spine;-0.8590094;-0.08460926;3.111408;
HipCenter;-0.8508438;-0.1583184;3.112967;
HipRight;-0.824112;-0.2126967;3.157246;
HipLeft;-0.8604937;-0.2119455;3.060722;
KneeRight;-0.7430628;-0.6942571;3.255049;
KneeLeft;-0.892845;-0.7049769;3.12447;
AnkleRight;-0.9309924;-1.08523;3.186076;
AnkleLeft;-0.9541616;-1.07618;3.191261;
FootRight;-0.9079087;-1.117115;3.282443;
FootLeft;-0.9201717;-1.139587;3.21854;
Head;-0.8004221;0.4817051;3.129132;
ShoulderCenter;-0.8581468;0.2937652;3.121317;
ShoulderRight;-0.793873;0.1640086;3.225785;
ShoulderLeft;-0.8790148;0.1701923;2.995073;
ElbowRight;-0.8249663;-0.05022718;3.019086;
ElbowLeft;-0.8414237;-0.07611491;2.933378;
WristRight;-0.8768802;-0.2025001;3.137235;
WristLeft;-0.7073838;-0.3103838;2.933521;
HandRight;-0.8623255;-0.2676887;3.168479;
HandLeft;-0.6465752;-0.3771482;2.931367;
Spine;-0.8141114;-0.09819201;3.103456;
HipCenter;-0.8048942;-0.1772136;3.102953;
HipRight;-0.7774474;-0.2286319;3.137167;
HipLeft;-0.8335159;-0.2085763;3.062559;
KneeRight;-0.6902068;-0.7081618;3.239594;
KneeLeft;-0.8828998;-0.7200871;3.128836;
AnkleRight;-0.8543686;-1.080265;3.272014;
AnkleLeft;-0.953336;-1.077366;3.192125;
FootRight;-0.7980067;-1.129876;3.295226;
FootLeft;-0.9273516;-1.146935;3.217852;
Head;-0.7436661;0.4720824;3.132096;
ShoulderCenter;-0.8220956;0.2880661;3.114132;
ShoulderRight;-0.749539;0.1589543;3.217863;
ShoulderLeft;-0.8592701;0.1632936;2.994842;
ElbowRight;-0.7915677;-0.05456088;3.013294;
ElbowLeft;-0.7784245;-0.08333971;2.930925;
WristRight;-0.8474708;-0.2068735;3.12921;
WristLeft;-0.6191671;-0.3081047;2.936113;
HandRight;-0.8334579;-0.2736953;3.161878;
HandLeft;-0.571636;-0.3609905;2.952823;
Spine;-0.7850627;-0.09629759;3.105388;
HipCenter;-0.7772256;-0.1735149;3.106689;
HipRight;-0.7449329;-0.2285688;3.148172;
HipLeft;-0.7916449;-0.2112355;3.061629;
KneeRight;-0.6704369;-0.7284433;3.230542;
KneeLeft;-0.8689299;-0.7221804;3.124236;
AnkleRight;-0.750455;-1.068385;3.25138;
AnkleLeft;-0.9326677;-1.080821;3.196857;
FootRight;-0.6943033;-1.129703;3.316349;
FootLeft;-0.8571438;-1.116755;3.159125;
Head;-0.7280306;0.4825038;3.133014;
ShoulderCenter;-0.776109;0.2882061;3.117161;
ShoulderRight;-0.7099656;0.1596675;3.221297;
ShoulderLeft;-0.8204637;0.1554825;2.994483;
ElbowRight;-0.66202;-0.1206228;3.182234;
ElbowLeft;-0.7333519;-0.07424528;2.922655;
WristRight;-0.6976749;-0.2111296;3.365835;
WristLeft;-0.5521265;-0.2916064;2.93953;
HandRight;-0.6838732;-0.278527;3.398993;
HandLeft;-0.4994455;-0.3462679;2.960883;
Spine;-0.7551954;-0.1052593;3.104134;
HipCenter;-0.7504711;-0.1835749;3.104958;
HipRight;-0.7300056;-0.2366109;3.141117;
HipLeft;-0.7651235;-0.223165;3.065656;
KneeRight;-0.6145566;-0.7437406;3.228676;
KneeLeft;-0.8534054;-0.7181925;3.11776;
AnkleRight;-0.6249715;-1.10357;3.250672;
AnkleLeft;-0.9327694;-1.081035;3.195255;
FootRight;-0.5594811;-1.153102;3.315446;
FootLeft;-0.8582467;-1.117622;3.158127;
Head;-0.6653383;0.4675673;3.133327;
ShoulderCenter;-0.7380017;0.2804275;3.117465;
ShoulderRight;-0.6666926;0.1514658;3.221883;
ShoulderLeft;-0.7951534;0.1531173;2.994143;
ElbowRight;-0.6268541;-0.1337059;3.193207;
ElbowLeft;-0.6706882;-0.08384451;2.917618;
WristRight;-0.6662018;-0.2026499;3.377601;
WristLeft;-0.4884544;-0.2695911;2.942799;
HandRight;-0.6524001;-0.2700472;3.410758;
HandLeft;-0.4248655;-0.3180293;2.96374;
Spine;-0.7113774;-0.1041874;3.119167;
HipCenter;-0.7057902;-0.1809038;3.123233;
HipRight;-0.681319;-0.239952;3.163163;
HipLeft;-0.7243757;-0.2311885;3.081259;
KneeRight;-0.5877022;-0.7380755;3.224563;
KneeLeft;-0.841422;-0.7241132;3.116933;
AnkleRight;-0.5050625;-1.08936;3.222621;
AnkleLeft;-0.932904;-1.081277;3.195933;
FootRight;-0.4180576;-1.130899;3.24597;
FootLeft;-0.8615979;-1.117451;3.155133;
Head;-0.6374596;0.4793649;3.145929;
ShoulderCenter;-0.6923613;0.2832615;3.120663;
ShoulderRight;-0.6252346;0.1546282;3.22501;
ShoulderLeft;-0.7405607;0.1482332;3.002265;
ElbowRight;-0.5790868;-0.1309253;3.188147;
ElbowLeft;-0.6709143;-0.04184546;2.905909;
WristRight;-0.610721;-0.2475804;3.370802;
WristLeft;-0.456335;-0.2306541;2.937548;
HandRight;-0.5969194;-0.3149778;3.40396;
HandLeft;-0.3885411;-0.2850824;2.961655;
Spine;-0.6782051;-0.1168347;3.123526;
HipCenter;-0.6744535;-0.1966597;3.127583;
HipRight;-0.6497192;-0.2548136;3.168225;
HipLeft;-0.6961123;-0.2437225;3.085231;
KneeRight;-0.5286636;-0.7771892;3.227724;
KneeLeft;-0.7430357;-0.729363;3.139363;
AnkleRight;-0.3867377;-1.097668;3.200156;
AnkleLeft;-0.9324238;-1.080715;3.195827;
FootRight;-0.2926657;-1.104543;3.242846;
FootLeft;-0.9343266;-1.152227;3.223002;
Head;-0.5743872;0.4610251;3.154652;
ShoulderCenter;-0.6525074;0.2719153;3.134088;
ShoulderRight;-0.5820227;0.1430235;3.239048;
ShoulderLeft;-0.7133029;0.1427304;3.001472;
ElbowRight;-0.5483453;-0.1450213;3.204656;
ElbowLeft;-0.641946;-0.045022;2.89906;
WristRight;-0.5832106;-0.2523307;3.38791;
WristLeft;-0.4147331;-0.2176126;2.937462;
HandRight;-0.569409;-0.319728;3.421068;
HandLeft;-0.3199528;-0.2744442;2.976024;
Spine;-0.6419234;-0.1137977;3.120954;
HipCenter;-0.6391526;-0.1911223;3.121989;
HipRight;-0.6125444;-0.2563239;3.165071;
HipLeft;-0.6599928;-0.2406869;3.072125;
KneeRight;-0.4939825;-0.7810698;3.213109;
KneeLeft;-0.6785196;-0.7354392;3.148292;
AnkleRight;-0.3286014;-1.089632;3.198459;
AnkleLeft;-0.9319389;-1.080567;3.196059;
FootRight;-0.2591295;-1.110015;3.225799;
FootLeft;-0.9403188;-1.153816;3.219592;
Head;-0.5674937;0.4636492;3.141151;
ShoulderCenter;-0.6179605;0.2666622;3.134742;
ShoulderRight;-0.5498672;0.1383072;3.239302;
ShoulderLeft;-0.6588815;0.1290068;3.002206;
ElbowRight;-0.4998547;-0.1479894;3.201742;
ElbowLeft;-0.5832911;-0.05794691;2.900251;
WristRight;-0.5307;-0.2655773;3.384134;
WristLeft;-0.3505158;-0.219079;2.952687;
HandRight;-0.5168984;-0.3329746;3.417291;
HandLeft;-0.2595404;-0.2562219;2.982596;
Spine;-0.5930063;-0.1189263;3.129249;
HipCenter;-0.589249;-0.1958507;3.131595;
HipRight;-0.5648393;-0.2638859;3.179381;
HipLeft;-0.607783;-0.2514385;3.079196;
KneeRight;-0.4603858;-0.7728541;3.209402;
KneeLeft;-0.6783633;-0.718715;3.138715;
AnkleRight;-0.3228548;-1.085885;3.187398;
AnkleLeft;-0.9308248;-1.080843;3.196172;
FootRight;-0.2386669;-1.104829;3.215461;
FootLeft;-0.9385263;-1.152823;3.220205;
Head;-0.5196764;0.4597163;3.151012;
ShoulderCenter;-0.5761734;0.2625812;3.144333;
ShoulderRight;-0.5063556;0.1340481;3.248994;
ShoulderLeft;-0.6371247;0.1312102;3.006757;
ElbowRight;-0.4695137;-0.1538367;3.201503;
ElbowLeft;-0.5683279;-0.05635178;2.899578;
WristRight;-0.5042065;-0.2591673;3.383026;
WristLeft;-0.3350564;-0.2176145;2.950335;
HandRight;-0.4904048;-0.3265647;3.416183;
HandLeft;-0.2521238;-0.2470086;2.975323;
Spine;-0.5661552;-0.1273834;3.127864;
HipCenter;-0.5627701;-0.2055197;3.12836;
HipRight;-0.5361915;-0.2699901;3.172464;
HipLeft;-0.5863308;-0.2573786;3.077317;
KneeRight;-0.4392201;-0.7432859;3.209611;
KneeLeft;-0.632529;-0.7030468;3.122985;
AnkleRight;-0.3227859;-1.0707;3.17187;
AnkleLeft;-0.912481;-1.060632;3.189341;
FootRight;-0.2306034;-1.109867;3.194891;
FootLeft;-0.8409635;-1.097067;3.150049;
Head;-0.4952842;0.4618561;3.155924;
ShoulderCenter;-0.5306129;0.2610045;3.154837;
ShoulderRight;-0.4622829;0.1325688;3.25915;
ShoulderLeft;-0.5851317;0.1295667;3.015568;
ElbowRight;-0.4167282;-0.15686;3.21087;
ElbowLeft;-0.4726616;-0.09783097;2.92811;
WristRight;-0.4509726;-0.2582119;3.392543;
WristLeft;-0.2483285;-0.2452707;2.949794;
HandRight;-0.4371709;-0.3256092;3.4257;
HandLeft;-0.1934195;-0.2687816;2.98021;
Spine;-0.5074994;-0.1454494;3.133753;
HipCenter;-0.5031915;-0.2267293;3.132927;
HipRight;-0.4754597;-0.2781109;3.165666;
HipLeft;-0.5259051;-0.270027;3.093117;
KneeRight;-0.4100484;-0.7291778;3.212114;
KneeLeft;-0.6303505;-0.7268666;3.118185;
AnkleRight;-0.3180594;-1.065783;3.168046;
AnkleLeft;-0.9178917;-1.076556;3.192811;
FootRight;-0.2283853;-1.110963;3.192569;
FootLeft;-0.9027997;-1.142763;3.238364;
Head;-0.4653307;0.465021;3.1792;
ShoulderCenter;-0.4976706;0.2605994;3.153601;
ShoulderRight;-0.4281734;0.1321382;3.258033;
ShoulderLeft;-0.5277469;0.1312552;3.026185;
ElbowRight;-0.3688591;-0.1511371;3.197236;
ElbowLeft;-0.4656188;-0.08817419;2.932705;
WristRight;-0.3978118;-0.2696798;3.375488;
WristLeft;-0.2462011;-0.2443455;2.949278;
HandRight;-0.3840102;-0.3370771;3.408646;
HandLeft;-0.1809202;-0.270706;2.97183;
Spine;-0.4678468;-0.1543178;3.140749;
HipCenter;-0.4611948;-0.2376835;3.141972;
HipRight;-0.4383281;-0.2912726;3.176014;
HipLeft;-0.4772616;-0.273909;3.103446;
KneeRight;-0.35768;-0.7311425;3.225101;
KneeLeft;-0.5820616;-0.706297;3.102699;
AnkleRight;-0.311584;-1.070587;3.166595;
AnkleLeft;-0.8809428;-1.047696;3.17839;
FootRight;-0.2229071;-1.114316;3.194279;
FootLeft;-0.8059784;-1.083233;3.145392;
Head;-0.4658583;0.4751934;3.180791;
ShoulderCenter;-0.4540173;0.2691223;3.165909;
ShoulderRight;-0.3853316;0.1405898;3.270276;
ShoulderLeft;-0.4802702;0.1373488;3.041027;
ElbowRight;-0.3208894;-0.1428461;3.201283;
ElbowLeft;-0.4413887;-0.08386598;2.939313;
WristRight;-0.3498744;-0.2573142;3.378631;
WristLeft;-0.209718;-0.2627217;2.948136;
HandRight;-0.3360728;-0.3247116;3.411789;
HandLeft;-0.1484767;-0.3045274;2.957712;
Spine;-0.4256888;-0.1555294;3.150215;
HipCenter;-0.4204033;-0.2403852;3.150497;
HipRight;-0.4024107;-0.2899853;3.180033;
HipLeft;-0.4331731;-0.2732454;3.116626;
KneeRight;-0.3489309;-0.7874851;3.211228;
KneeLeft;-0.5629677;-0.7700969;3.09655;
AnkleRight;-0.2970863;-1.125381;3.165895;
AnkleLeft;-0.8749247;-1.06904;3.167986;
FootRight;-0.2234761;-1.11911;3.191133;
FootLeft;-0.8963721;-1.135225;3.196435;
Head;-0.4112621;0.4107829;3.211848;
ShoulderCenter;-0.4094897;0.2055489;3.17267;
ShoulderRight;-0.3404455;0.07709092;3.277142;
ShoulderLeft;-0.461093;0.1412019;3.037887;
ElbowRight;-0.2834806;-0.1893198;3.200336;
ElbowLeft;-0.396552;-0.09661676;2.952923;
WristRight;-0.3235899;-0.2594213;3.388044;
WristLeft;-0.1875674;-0.2883637;2.947722;
HandRight;-0.3090461;-0.3255216;3.417466;
HandLeft;-0.117326;-0.3421986;2.9665;
Spine;-0.3859104;-0.169748;3.153416;
HipCenter;-0.3824207;-0.2455543;3.15301;
HipRight;-0.3547389;-0.3064618;3.183027;
HipLeft;-0.4000526;-0.2782163;3.116758;
KneeRight;-0.3211326;-0.7417246;3.188054;
KneeLeft;-0.5053947;-0.7323399;3.078497;
AnkleRight;-0.2923056;-1.081986;3.163487;
AnkleLeft;-0.8146402;-1.042366;3.135667;
FootRight;-0.2306906;-1.121201;3.180864;
FootLeft;-0.7954212;-1.126736;3.144553;
Head;-0.3745057;0.4258943;3.222967;
ShoulderCenter;-0.3715358;0.2150555;3.178139;
ShoulderRight;-0.3024915;0.08659747;3.282611;
ShoulderLeft;-0.4162891;0.1463964;3.05447;
ElbowRight;-0.2314402;-0.1789032;3.208393;
ElbowLeft;-0.3760428;-0.09751855;2.960995;
WristRight;-0.2716361;-0.2491561;3.396519;
WristLeft;-0.1739125;-0.3108498;2.945121;
HandRight;-0.2570058;-0.315105;3.425505;
HandLeft;-0.1188622;-0.356004;2.959814;
Spine;-0.3454848;-0.1601997;3.15453;
HipCenter;-0.3390523;-0.2349941;3.153251;
HipRight;-0.3130358;-0.2831453;3.178465;
HipLeft;-0.3590727;-0.2712873;3.120362;
KneeRight;-0.296996;-0.718987;3.162061;
KneeLeft;-0.4420215;-0.7284517;3.073362;
AnkleRight;-0.2877467;-1.060248;3.162563;
AnkleLeft;-0.7327229;-1.013266;3.093812;
FootRight;-0.2356862;-1.118325;3.176876;
FootLeft;-0.7292125;-1.109088;3.104698;
Head;-0.3892671;0.4756;3.221511;
ShoulderCenter;-0.3310737;0.2807247;3.191399;
ShoulderRight;-0.2620295;0.1522667;3.295871;
ShoulderLeft;-0.3855351;0.145471;3.054661;
ElbowRight;-0.1957285;-0.1144239;3.220832;
ElbowLeft;-0.3301769;-0.1043718;2.961538;
WristRight;-0.2360388;-0.1848766;3.409458;
WristLeft;-0.1735718;-0.3222234;2.94454;
HandRight;-0.2212941;-0.2506256;3.437869;
HandLeft;-0.1297172;-0.3939932;2.948765;
Spine;-0.328011;-0.1438659;3.127322;
HipCenter;-0.3253414;-0.2263987;3.116446;
HipRight;-0.3002605;-0.2858743;3.144944;
HipLeft;-0.3483348;-0.2543137;3.069093;
KneeRight;-0.2702437;-0.780485;3.139427;
KneeLeft;-0.3817199;-0.7468923;3.069774;
AnkleRight;-0.2876863;-1.112632;3.172909;
AnkleLeft;-0.6470464;-0.9998039;3.07123;
FootRight;-0.2128301;-1.119664;3.177471;
FootLeft;-0.621954;-1.09537;3.096188;
Head;-0.3640583;0.4790839;3.223082;
ShoulderCenter;-0.3059101;0.2830651;3.186487;
ShoulderRight;-0.2368658;0.1546071;3.290959;
ShoulderLeft;-0.349372;0.1477547;3.059189;
ElbowRight;-0.1642763;-0.1207063;3.173649;
ElbowLeft;-0.3020373;-0.09645348;2.959328;
WristRight;-0.1882787;-0.2477855;3.338634;
WristLeft;-0.1801511;-0.3279508;2.94345;
HandRight;-0.1744771;-0.3151829;3.371791;
HandLeft;-0.1414975;-0.4099557;2.943132;
Spine;-0.2639893;-0.1345131;3.156104;
HipCenter;-0.2575886;-0.2182133;3.153887;
HipRight;-0.2259924;-0.2502445;3.178782;
HipLeft;-0.2836941;-0.2579826;3.122567;
KneeRight;-0.3008554;-0.6897196;3.109096;
KneeLeft;-0.250007;-0.7062407;3.077298;
AnkleRight;-0.2807105;-1.063678;3.161701;
AnkleLeft;-0.5427355;-1.000267;3.05948;
FootRight;-0.2077046;-1.097833;3.125215;
FootLeft;-0.5176632;-1.097328;3.076874;
Head;-0.2583846;0.4897156;3.238049;
ShoulderCenter;-0.2524556;0.2847536;3.184432;
ShoulderRight;-0.1834113;0.1562956;3.288904;
ShoulderLeft;-0.3144158;0.1479043;3.056581;
ElbowRight;-0.1225971;-0.1247087;3.17167;
ElbowLeft;-0.2804669;-0.1088067;2.961954;
WristRight;-0.1506389;-0.2483341;3.340351;
WristLeft;-0.188964;-0.3746223;2.945394;
HandRight;-0.1365615;-0.3145157;3.37171;
HandLeft;-0.1549618;-0.4311975;2.936742;
Spine;-0.2163522;-0.1030692;3.16898;
HipCenter;-0.2091315;-0.1806338;3.169364;
HipRight;-0.1759392;-0.2282803;3.209842;
HipLeft;-0.2329438;-0.2337485;3.122546;
KneeRight;-0.2992629;-0.6923915;3.214049;
KneeLeft;-0.1631269;-0.6952962;3.098217;
AnkleRight;-0.2806118;-1.064167;3.160888;
AnkleLeft;-0.4312508;-1.020983;3.058433;
FootRight;-0.2418346;-1.128193;3.166587;
FootLeft;-0.3759807;-1.105998;3.064173;
Head;-0.228525;0.4966393;3.236665;
ShoulderCenter;-0.2231568;0.290492;3.190078;
ShoulderRight;-0.1541125;0.162034;3.29455;
ShoulderLeft;-0.2757707;0.1585408;3.060788;
ElbowRight;-0.08520481;-0.1200729;3.177445;
ElbowLeft;-0.2638515;-0.1161333;2.965265;
WristRight;-0.1125558;-0.2431455;3.349073;
WristLeft;-0.190387;-0.3682621;2.945498;
HandRight;-0.09816375;-0.3078861;3.378219;
HandLeft;-0.1703765;-0.4410809;2.93667;
Spine;-0.1932369;-0.09388515;3.172385;
HipCenter;-0.1870613;-0.1708083;3.172371;
HipRight;-0.1599794;-0.2339201;3.217082;
HipLeft;-0.2008184;-0.2147769;3.118121;
KneeRight;-0.2720366;-0.6981916;3.219751;
KneeLeft;-0.122476;-0.7094906;3.107659;
AnkleRight;-0.239827;-1.065865;3.080419;
AnkleLeft;-0.3905999;-1.035177;3.067918;
FootRight;-0.2311783;-1.141048;3.092461;
FootLeft;-0.2995394;-1.08181;3.084716;
Head;-0.1709589;0.4922839;3.23382;
ShoulderCenter;-0.1679716;0.2850073;3.191413;
ShoulderRight;-0.09892733;0.1565492;3.295886;
ShoulderLeft;-0.2444235;0.1648411;3.060762;
ElbowRight;-0.03249704;-0.1282086;3.177502;
ElbowLeft;-0.2443206;-0.09650665;2.969377;
WristRight;-0.01788284;-0.319305;3.402012;
WristLeft;-0.1903884;-0.367191;2.944636;
HandRight;0.02593166;-0.4133395;3.454061;
HandLeft;-0.1720406;-0.4389896;2.934211;
Spine;-0.1477761;-0.1333183;3.171576;
HipCenter;-0.143737;-0.2169834;3.171073;
HipRight;-0.1122723;-0.2717128;3.199614;
HipLeft;-0.1738872;-0.241263;3.135244;
KneeRight;-0.2142314;-0.7374587;3.224077;
KneeLeft;-0.01784948;-0.6984367;3.088312;
AnkleRight;-0.1394354;-1.06722;3.05678;
AnkleLeft;-0.3021476;-1.059918;3.081032;
FootRight;-0.08223895;-1.12041;3.058409;
FootLeft;-0.2017436;-1.091982;3.073111;
Head;-0.1680835;0.4910024;3.23207;
ShoulderCenter;-0.143773;0.2850739;3.193295;
ShoulderRight;-0.07472873;0.1566159;3.297767;
ShoulderLeft;-0.2002341;0.1586815;3.065466;
ElbowRight;-0.008637235;-0.1266897;3.179754;
ElbowLeft;-0.2340167;-0.1007498;2.972049;
WristRight;0.03524247;-0.3125606;3.402757;
WristLeft;-0.1869412;-0.3626751;2.940418;
HandRight;0.07790808;-0.4074953;3.458967;
HandLeft;-0.1723725;-0.4397117;2.931823;
Spine;-0.1099306;-0.136745;3.143826;
HipCenter;-0.1039461;-0.2212346;3.136284;
HipRight;-0.0713535;-0.2742262;3.161088;
HipLeft;-0.1315042;-0.2552988;3.09911;
KneeRight;-0.1650516;-0.7165235;3.216387;
KneeLeft;0.04488888;-0.6946008;3.079854;
AnkleRight;-0.2738277;-1.083574;3.163835;
AnkleLeft;-0.2350875;-1.047708;3.153532;
FootRight;-0.2299099;-1.148321;3.160843;
FootLeft;-0.1372159;-1.07653;3.125056;
Head;-0.1038684;0.4852887;3.23278;
ShoulderCenter;-0.09275749;0.2785021;3.193888;
ShoulderRight;-0.02371326;0.1500441;3.29836;
ShoulderLeft;-0.1549814;0.1606674;3.062659;
ElbowRight;0.02432684;-0.1322731;3.36843;
ElbowLeft;-0.218524;-0.1142532;2.972116;
WristRight;0.1007992;-0.3228354;3.465023;
WristLeft;-0.1810663;-0.3602526;2.935094;
HandRight;0.1460218;-0.3730476;3.472926;
HandLeft;-0.1706195;-0.4407056;2.930008;
Spine;-0.08540024;-0.1364733;3.139912;
HipCenter;-0.08267049;-0.2199845;3.132536;
HipRight;-0.05119777;-0.2749623;3.156637;
HipLeft;-0.1103584;-0.2502813;3.095658;
KneeRight;-0.1552785;-0.7169089;3.218101;
KneeLeft;0.0744249;-0.6946991;3.080244;
AnkleRight;-0.2739259;-1.081079;3.162564;
AnkleLeft;0.07829563;-1.071213;3.038162;
FootRight;-0.2187846;-1.131406;3.187466;
FootLeft;0.1729351;-1.111014;3.046891;
Head;-0.04599542;0.4738184;3.182822;
ShoulderCenter;-0.05312212;0.2736034;3.194489;
ShoulderRight;0.01592211;0.1451454;3.298961;
ShoulderLeft;-0.1188549;0.1520284;3.063727;
ElbowRight;0.07349841;-0.1181669;3.406321;
ElbowLeft;-0.1890335;-0.1106795;2.965371;
WristRight;0.1612636;-0.3080401;3.469075;
WristLeft;-0.1705877;-0.363246;2.925652;
HandRight;0.2276554;-0.3658133;3.487956;
HandLeft;-0.1600059;-0.4481423;2.917537;
Spine;-0.01641694;-0.142469;3.149446;
HipCenter;-0.01001827;-0.2255671;3.143891;
HipRight;0.02158768;-0.2723135;3.165541;
HipLeft;-0.03567932;-0.2560255;3.112203;
KneeRight;-0.1510854;-0.7139007;3.222459;
KneeLeft;0.1053133;-0.7015511;3.077778;
AnkleRight;-0.2719193;-1.078453;3.162013;
AnkleLeft;0.1888662;-1.066602;3.045286;
FootRight;-0.2186206;-1.131469;3.187633;
FootLeft;0.2906016;-1.097443;3.043424;
Head;-0.007271817;0.4783952;3.18805;
ShoulderCenter;-0.01757657;0.2751979;3.187043;
ShoulderRight;0.05146766;0.1467399;3.291515;
ShoulderLeft;-0.06742768;0.1442072;3.066586;
ElbowRight;0.1141326;-0.1144569;3.398026;
ElbowLeft;-0.1611673;-0.1194984;2.960313;
WristRight;0.2282214;-0.2970016;3.485305;
WristLeft;-0.1565403;-0.3665085;2.912857;
HandRight;0.2903039;-0.3451829;3.498063;
HandLeft;-0.1526911;-0.4503229;2.913526;
Spine;0.01708533;-0.1549161;3.136178;
HipCenter;0.02518379;-0.2415962;3.128884;
HipRight;0.05818878;-0.2893101;3.138676;
HipLeft;-0.004955987;-0.2586719;3.108757;
KneeRight;-0.1356743;-0.7163185;3.233547;
KneeLeft;0.0713381;-0.69522;3.090905;
AnkleRight;-0.2698756;-1.076056;3.161686;
AnkleLeft;0.3340746;-1.074278;3.054901;
FootRight;-0.2190249;-1.131492;3.187879;
FootLeft;0.407119;-1.101643;3.051456;
Head;0.03739389;0.470402;3.188161;
ShoulderCenter;0.03935575;0.2660997;3.181528;
ShoulderRight;0.1084;0.1376417;3.286;
ShoulderLeft;-0.02924946;0.1358394;3.065376;
ElbowRight;0.1694511;-0.1081402;3.416675;
ElbowLeft;-0.116247;-0.1226165;2.955642;
WristRight;0.2718914;-0.2871116;3.481538;
WristLeft;-0.1329551;-0.3756885;2.900472;
HandRight;0.3378131;-0.3274832;3.492779;
HandLeft;-0.1352479;-0.4562099;2.905638;
Spine;0.0531377;-0.1585477;3.133834;
HipCenter;0.05448312;-0.2436178;3.127666;
HipRight;0.08568586;-0.2927817;3.14034;
HipLeft;0.02728412;-0.2624285;3.105271;
KneeRight;-0.1068423;-0.7140342;3.240101;
KneeLeft;0.06895155;-0.6608482;3.096301;
AnkleRight;-0.2660322;-1.074444;3.160726;
AnkleLeft;0.3539869;-1.021479;3.066992;
FootRight;-0.2228405;-1.132596;3.188185;
FootLeft;0.4247556;-1.057406;3.022191;
Head;0.07457238;0.4679247;3.182065;
ShoulderCenter;0.06602456;0.264287;3.176012;
ShoulderRight;0.1350688;0.135829;3.280484;
ShoulderLeft;0.01842265;0.132668;3.061642;
ElbowRight;0.215227;-0.1047745;3.407373;
ElbowLeft;-0.08095723;-0.130068;2.9545;
WristRight;0.3662399;-0.3081454;3.490061;
WristLeft;-0.0986152;-0.3747028;2.894575;
HandRight;0.314402;-0.3492384;3.486345;
HandLeft;-0.09895946;-0.4608958;2.886495;
Spine;0.07235576;-0.1680331;3.125141;
HipCenter;0.0742626;-0.2549509;3.117999;
HipRight;0.1037706;-0.2945765;3.129584;
HipLeft;0.04636547;-0.282135;3.097447;
KneeRight;-0.07609586;-0.7127691;3.246243;
KneeLeft;0.08367489;-0.6800429;3.091506;
AnkleRight;-0.2641306;-1.074219;3.161506;
AnkleLeft;0.3534746;-1.049306;3.084966;
FootRight;-0.2259251;-1.139028;3.178198;
FootLeft;0.4502725;-1.085717;3.071747;
Head;0.1163971;0.4577115;3.158784;
ShoulderCenter;0.1251427;0.257621;3.166987;
ShoulderRight;0.194187;0.129163;3.271459;
ShoulderLeft;0.04938921;0.1347464;3.060304;
ElbowRight;0.2504582;-0.1119159;3.404632;
ElbowLeft;-0.02841992;-0.1404395;2.959489;
WristRight;0.3645131;-0.2993526;3.483284;
WristLeft;-0.06466961;-0.3841489;2.887427;
HandRight;0.413725;-0.3429026;3.488675;
HandLeft;-0.08315216;-0.4664599;2.883255;
Spine;0.09303692;-0.1662908;3.114391;
HipCenter;0.08829764;-0.2521086;3.108158;
HipRight;0.1174274;-0.2882192;3.116911;
HipLeft;0.05687923;-0.2830215;3.089841;
KneeRight;0.1248013;-0.7508969;3.158875;
KneeLeft;0.1604126;-0.6675532;3.079431;
AnkleRight;-0.2243535;-1.042557;3.159935;
AnkleLeft;0.3850085;-1.062486;3.088985;
FootRight;-0.2162809;-1.128412;3.184411;
FootLeft;0.4726667;-1.098951;3.09153;
Head;0.2247563;0.4542623;3.194458;
ShoulderCenter;0.1587595;0.2624502;3.161282;
ShoulderRight;0.2278037;0.1339922;3.265755;
ShoulderLeft;0.1079223;0.1329855;3.052141;
ElbowRight;0.2819897;-0.1079802;3.395734;
ElbowLeft;0.02600166;-0.141237;2.957863;
WristRight;0.3964428;-0.3052256;3.474154;
WristLeft;-0.01105626;-0.385039;2.884061;
HandRight;0.4496413;-0.3430089;3.465166;
HandLeft;-0.02015309;-0.466671;2.863929;
Spine;0.1635491;-0.1569978;3.114555;
HipCenter;0.1631323;-0.2410849;3.108896;
HipRight;0.1909572;-0.274998;3.122894;
HipLeft;0.1349558;-0.2780963;3.085721;
KneeRight;0.3042543;-0.8012354;3.11538;
KneeLeft;0.2156714;-0.667669;3.065073;
AnkleRight;-0.1085083;-0.9797492;3.152485;
AnkleLeft;0.3982078;-1.080101;3.092322;
FootRight;-0.03652989;-1.016133;3.111433;
FootLeft;0.4770527;-1.101847;3.114143;
Head;0.2682756;0.4465087;3.18462;
ShoulderCenter;0.2141015;0.2546234;3.156649;
ShoulderRight;0.2831457;0.1261653;3.261121;
ShoulderLeft;0.1352618;0.135766;3.052342;
ElbowRight;0.3446966;-0.1092971;3.39516;
ElbowLeft;0.08325098;-0.1103932;2.95559;
WristRight;0.4290285;-0.3200631;3.462514;
WristLeft;0.0453443;-0.3751429;2.870317;
HandRight;0.4727881;-0.3688982;3.462053;
HandLeft;0.04305243;-0.4625234;2.855142;
Spine;0.1981451;-0.1597987;3.111119;
HipCenter;0.1953861;-0.2429083;3.10545;
HipRight;0.225859;-0.2777371;3.119471;
HipLeft;0.1629883;-0.281441;3.081855;
KneeRight;0.3903013;-0.7878509;3.091368;
KneeLeft;0.3154074;-0.648188;3.069567;
AnkleRight;-0.01231733;-0.9742905;3.152505;
AnkleLeft;0.4167979;-1.085718;3.096909;
FootRight;0.05483186;-1.011442;3.104653;
FootLeft;0.4859771;-1.106141;3.123491;
Head;0.253428;0.4696508;3.17483;
ShoulderCenter;0.2444409;0.2710809;3.15048;
ShoulderRight;0.3134851;0.1426229;3.254953;
ShoulderLeft;0.1873284;0.1364183;3.055373;
ElbowRight;0.3865195;-0.08933863;3.386457;
ElbowLeft;0.1369168;-0.1091321;2.953095;
WristRight;0.4524651;-0.3340683;3.455263;
WristLeft;0.1127091;-0.3741588;2.886498;
HandRight;0.4835809;-0.390682;3.466343;
HandLeft;0.1093118;-0.4610475;2.869104;
Spine;0.2572541;-0.1566674;3.102114;
HipCenter;0.2586322;-0.2428595;3.096078;
HipRight;0.2880934;-0.2655053;3.100373;
HipLeft;0.2301604;-0.2820892;3.083741;
KneeRight;0.3075464;-0.7012653;3.143949;
KneeLeft;0.3484146;-0.6590298;3.066599;
AnkleRight;-0.05178291;-0.9652096;3.182096;
AnkleLeft;0.4217451;-1.099698;3.09848;
FootRight;0.01820961;-1.000952;3.137043;
FootLeft;0.4921203;-1.106903;3.128885;
Head;0.3076145;0.4790362;3.161783;
ShoulderCenter;0.2742918;0.2837127;3.143225;
ShoulderRight;0.343336;0.1552547;3.247697;
ShoulderLeft;0.2173017;0.1457483;3.051826;
ElbowRight;0.4082561;-0.0792557;3.376844;
ElbowLeft;0.2013267;-0.1036082;2.964808;
WristRight;0.4850672;-0.3438697;3.451129;
WristLeft;0.1985541;-0.3779028;2.9117;
HandRight;0.506376;-0.4036883;3.467147;
HandLeft;0.1838448;-0.4577752;2.876279;
Spine;0.3184299;-0.1386408;3.132254;
HipCenter;0.3259009;-0.2236857;3.133793;
HipRight;0.3654616;-0.2489004;3.153643;
HipLeft;0.2924591;-0.2681262;3.110976;
KneeRight;0.322101;-0.7030042;3.157395;
KneeLeft;0.3821312;-0.6516996;3.072409;
AnkleRight;-0.04205137;-0.9579622;3.195066;
AnkleLeft;0.4257577;-1.095281;3.10137;
FootRight;-0.07137845;-1.055657;3.216238;
FootLeft;0.4930878;-1.111806;3.134873;
Head;0.3037604;0.4778736;3.150525;
ShoulderCenter;0.333795;0.2850832;3.149241;
ShoulderRight;0.4028392;0.1566252;3.253713;
ShoulderLeft;0.2756525;0.1464913;3.04719;
ElbowRight;0.468926;-0.0772673;3.38068;
ElbowLeft;0.2596694;-0.09548345;2.967088;
WristRight;0.5422499;-0.3410208;3.455891;
WristLeft;0.2813192;-0.3376016;2.931405;
HandRight;0.5678815;-0.3991938;3.471242;
HandLeft;0.2799551;-0.4154349;2.89531;
Spine;0.3628439;-0.1118852;3.13664;
HipCenter;0.3686537;-0.1912788;3.137527;
HipRight;0.4022399;-0.2230524;3.162304;
HipLeft;0.3393369;-0.2416758;3.107997;
KneeRight;0.3415488;-0.6995866;3.159961;
KneeLeft;0.4232047;-0.6461358;3.080866;
AnkleRight;0.01200757;-0.9665546;3.199931;
AnkleLeft;0.4155462;-1.053908;3.107407;
FootRight;0.02928154;-1.050709;3.258757;
FootLeft;0.479674;-1.110559;3.132111;
Head;0.4037825;0.4730679;3.123745;
ShoulderCenter;0.3661125;0.2900774;3.150903;
ShoulderRight;0.4351567;0.1616194;3.255375;
ShoulderLeft;0.3059522;0.1496616;3.046919;
ElbowRight;0.5009458;-0.07121983;3.381684;
ElbowLeft;0.31802;-0.1246846;2.959782;
WristRight;0.5739181;-0.333692;3.456807;
WristLeft;0.3760764;-0.3621975;2.929688;
HandRight;0.5994603;-0.3916618;3.472104;
HandLeft;0.3753343;-0.4364405;2.919128;
Spine;0.3911788;-0.124276;3.133993;
HipCenter;0.3973181;-0.2076656;3.133907;
HipRight;0.4390264;-0.2532973;3.146304;
HipLeft;0.3624608;-0.2368119;3.113361;
KneeRight;0.3620713;-0.6892331;3.167292;
KneeLeft;0.6033918;-0.5713446;2.939978;
AnkleRight;0.09497453;-0.9509292;3.192895;
AnkleLeft;0.4531459;-0.960711;3.070226;
FootRight;0.1122425;-1.035055;3.2517;
FootLeft;0.469735;-1.055615;3.109612;
Head;0.435598;0.4826262;3.123578;
ShoulderCenter;0.3988203;0.2999749;3.151533;
ShoulderRight;0.4678645;0.1715169;3.256006;
ShoulderLeft;0.357123;0.1552011;3.0437;
ElbowRight;0.5333712;-0.0603229;3.381662;
ElbowLeft;0.3736795;-0.1226592;2.953447;
WristRight;0.6060102;-0.3215806;3.456681;
WristLeft;0.4521755;-0.3589261;2.93999;
HandRight;0.6314718;-0.3793676;3.47193;
HandLeft;0.4764398;-0.4337068;2.920997;
Spine;0.4143429;-0.1000329;3.134548;
HipCenter;0.4181711;-0.179491;3.134549;
HipRight;0.4472282;-0.2296005;3.15921;
HipLeft;0.3938575;-0.2146087;3.101645;
KneeRight;0.4257101;-0.6965726;3.105645;
KneeLeft;0.6137389;-0.5888531;2.94518;
AnkleRight;0.1969251;-0.9711022;3.213773;
AnkleLeft;0.4516393;-0.9721522;3.074397;
FootRight;0.2374973;-1.045743;3.273851;
FootLeft;0.4700467;-1.065146;3.117293;
Head;0.4954478;0.4891474;3.12338;
ShoulderCenter;0.4552651;0.3072705;3.151246;
ShoulderRight;0.5243094;0.1788125;3.255718;
ShoulderLeft;0.3829474;0.1635943;3.041551;
ElbowRight;0.5895774;-0.05218247;3.38084;
ElbowLeft;0.4283463;-0.1096219;2.953393;
WristRight;0.6619349;-0.3124144;3.455776;
WristLeft;0.5298922;-0.3527397;2.928182;
HandRight;0.6873286;-0.3700475;3.470984;
HandLeft;0.577584;-0.4191875;2.933163;
Spine;0.456309;-0.08270138;3.130126;
HipCenter;0.4552886;-0.1614647;3.129534;
HipRight;0.4868437;-0.2100183;3.160492;
HipLeft;0.4210194;-0.2065091;3.092902;
KneeRight;0.6256597;-0.6605533;3.277975;
KneeLeft;0.6458581;-0.6029342;2.93495;
AnkleRight;0.3276233;-0.9885315;3.237913;
AnkleLeft;0.4279414;-0.9380999;3.09932;
FootRight;0.3585777;-1.069506;3.2955;
FootLeft;0.4550222;-1.036433;3.12002;
Head;0.47592;0.5036359;3.145832;
ShoulderCenter;0.4760436;0.3110936;3.15425;
ShoulderRight;0.5450879;0.1826356;3.258722;
ShoulderLeft;0.4370345;0.1803941;3.039231;
ElbowRight;0.6102161;-0.04786454;3.383441;
ElbowLeft;0.4879607;-0.09232962;2.952437;
WristRight;0.6824087;-0.3074961;3.458282;
WristLeft;0.6156331;-0.311658;2.926791;
HandRight;0.7078199;-0.3651689;3.4735;
HandLeft;0.6527091;-0.3910501;2.930854;
Spine;0.4519708;-0.08805597;3.106597;
HipCenter;0.4441296;-0.1699546;3.09273;
HipRight;0.4607852;-0.243981;3.113881;
HipLeft;0.4154522;-0.2009284;3.046364;
KneeRight;0.6431375;-0.6811606;3.272328;
KneeLeft;0.6801;-0.6088447;2.935388;
AnkleRight;0.3618336;-0.9491709;3.213312;
AnkleLeft;0.4516988;-0.9453734;3.082392;
FootRight;0.4346034;-1.023547;3.219615;
FootLeft;0.4653406;-1.044169;3.112731;
Head;0.512993;0.5116812;3.145983;
ShoulderCenter;0.5204932;0.3184337;3.152161;
ShoulderRight;0.5895375;0.1899757;3.256633;
ShoulderLeft;0.4662926;0.1804916;3.045805;
ElbowRight;0.5894058;0.0210315;3.456599;
ElbowLeft;0.5418863;-0.08247952;2.948448;
WristRight;0.6076905;-0.1917702;3.628706;
WristLeft;0.6791974;-0.2970723;2.934394;
HandRight;0.6331285;-0.2495038;3.643941;
HandLeft;0.7309141;-0.3679392;2.938103;
Spine;0.5112792;-0.08469348;3.096396;
HipCenter;0.5089663;-0.1653965;3.088679;
HipRight;0.5324137;-0.2221798;3.112383;
HipLeft;0.4829924;-0.1967752;3.050896;
KneeRight;0.6831799;-0.7072893;3.272096;
KneeLeft;0.482112;-0.6962929;3.099344;
AnkleRight;0.5528111;-1.074035;3.222123;
AnkleLeft;0.4239576;-1.054487;3.116865;
FootRight;0.6141775;-1.115494;3.276424;
FootLeft;0.4748538;-1.112135;3.136484;
Head;0.5427132;0.5159631;3.210181;
ShoulderCenter;0.5561056;0.3177703;3.158775;
ShoulderRight;0.6251498;0.1893123;3.263247;
ShoulderLeft;0.5147795;0.1825701;3.047004;
ElbowRight;0.7071908;-0.03721985;3.382775;
ElbowLeft;0.5973038;-0.07891057;2.9532;
WristRight;0.7904168;-0.2936701;3.452008;
WristLeft;0.7630699;-0.3009169;2.940127;
HandRight;0.8157804;-0.3512347;3.467198;
HandLeft;0.8176287;-0.3538061;2.952211;
Spine;0.5507848;-0.08394408;3.11063;
HipCenter;0.5502046;-0.1642533;3.104722;
HipRight;0.5738526;-0.2250735;3.132915;
HipLeft;0.5256723;-0.200257;3.063268;
KneeRight;0.7291226;-0.714914;3.27701;
KneeLeft;0.4918791;-0.7005064;3.101469;
AnkleRight;0.6681022;-1.063751;3.24946;
AnkleLeft;0.4248807;-1.060598;3.117512;
FootRight;0.7032794;-1.122053;3.294354;
FootLeft;0.4627525;-1.126945;3.115089;
Head;0.6234629;0.5085737;3.226107;
ShoulderCenter;0.5846661;0.3143383;3.166957;
ShoulderRight;0.6537104;0.1858803;3.271429;
ShoulderLeft;0.5438406;0.1767553;3.042883;
ElbowRight;0.5093514;-0.05333149;3.277386;
ElbowLeft;0.653244;-0.07634403;2.959689;
WristRight;0.4683688;-0.2813104;3.265049;
WristLeft;0.8276576;-0.2697362;2.952949;
HandRight;0.4937232;-0.3388542;3.280233;
HandLeft;0.8896148;-0.3245043;2.981613;
Spine;0.5817822;-0.0892739;3.12015;
HipCenter;0.5809005;-0.1699346;3.11412;
HipRight;0.6084693;-0.2288596;3.146448;
HipLeft;0.5523334;-0.2020835;3.069577;
KneeRight;0.7716874;-0.7196262;3.277163;
KneeLeft;0.5290529;-0.702675;3.111354;
AnkleRight;0.7934103;-1.056638;3.243893;
AnkleLeft;0.4264623;-1.058766;3.116847;
FootRight;0.8868083;-1.097237;3.262753;
FootLeft;0.4699418;-1.120247;3.130633;
Head;0.6724911;0.5079323;3.21952;
ShoulderCenter;0.6533458;0.3099988;3.18126;
ShoulderRight;0.7223901;0.1815408;3.285732;
ShoulderLeft;0.5926799;0.167992;3.051734;
ElbowRight;0.5631488;-0.047433;3.289341;
ElbowLeft;0.7032001;-0.07930576;2.951977;
WristRight;0.4941717;-0.3001176;3.279843;
WristLeft;0.886999;-0.2593589;2.966986;
HandRight;0.5194607;-0.3575129;3.294988;
HandLeft;0.9475899;-0.3024495;2.985286;
Spine;0.6533099;-0.08402525;3.15679;
HipCenter;0.6533027;-0.1628301;3.155275;
HipRight;0.6782174;-0.2321883;3.197001;
HipLeft;0.628377;-0.2133889;3.103453;
KneeRight;0.8066897;-0.7496488;3.262087;
KneeLeft;0.5358185;-0.7110078;3.111125;
AnkleRight;0.9067571;-1.057899;3.222978;
AnkleLeft;0.4297978;-1.066177;3.117892;
FootRight;1.004451;-1.08473;3.244334;
FootLeft;0.4699225;-1.130326;3.129352;
Head;0.6960675;0.4502877;3.246712;
ShoulderCenter;0.6939065;0.2541057;3.186172;
ShoulderRight;0.7629508;0.1256477;3.290644;
ShoulderLeft;0.6293566;0.16952;3.059604;
ElbowRight;0.5934741;-0.09142691;3.310969;
ElbowLeft;0.7495607;-0.0711135;2.956877;
WristRight;0.5368116;-0.3128;3.306628;
WristLeft;0.9305801;-0.2437399;2.981347;
HandRight;0.5619789;-0.3699191;3.3217;
HandLeft;0.9693151;-0.2940399;2.990974;
Spine;0.680306;-0.09951266;3.152978;
HipCenter;0.6766829;-0.171595;3.150421;
HipRight;0.6985872;-0.2444192;3.193441;
HipLeft;0.654883;-0.2244888;3.092851;
KneeRight;0.8599938;-0.7534713;3.254184;
KneeLeft;0.5628313;-0.706785;3.109751;
AnkleRight;0.9859485;-1.050527;3.204276;
AnkleLeft;0.4353609;-1.061829;3.117633;
FootRight;1.081922;-1.065713;3.241409;
FootLeft;0.4730441;-1.126745;3.13428;
Head;0.780596;0.4901161;3.234667;
ShoulderCenter;0.7332641;0.2988868;3.203777;
ShoulderRight;0.8023084;0.1704288;3.308249;
ShoulderLeft;0.6606338;0.1625158;3.067241;
ElbowRight;0.6501098;-0.05758433;3.332023;
ElbowLeft;0.7899484;-0.07078758;2.95921;
WristRight;0.5914616;-0.3007534;3.33305;
WristLeft;0.986415;-0.2349934;2.987307;
HandRight;0.6166067;-0.357822;3.348109;
HandLeft;1.060666;-0.2762351;3.005188;
Spine;0.7188404;-0.08725187;3.154596;
HipCenter;0.7169452;-0.1636607;3.148532;
HipRight;0.7424827;-0.2361483;3.189451;
HipLeft;0.6857135;-0.2205569;3.089034;
KneeRight;0.8852153;-0.7512761;3.246917;
KneeLeft;0.5909069;-0.7032235;3.109087;
AnkleRight;1.0386;-1.035285;3.213679;
AnkleLeft;0.4453827;-1.055006;3.118626;
FootRight;1.135283;-1.063767;3.239199;
FootLeft;0.4708576;-1.125129;3.13705;
Head;0.8426417;0.4187462;3.254239;
ShoulderCenter;0.7837068;0.2319886;3.210913;
ShoulderRight;0.8064922;0.1683493;3.065034;
ShoulderLeft;0.7064952;0.1573343;3.089709;
ElbowRight;0.6751267;0.01427561;3.227879;
ElbowLeft;0.8180737;-0.07769243;2.966552;
WristRight;0.6168556;-0.1996296;3.326829;
WristLeft;0.998091;-0.2294045;2.984889;
HandRight;0.6419392;-0.2565588;3.341851;
HandLeft;1.056346;-0.2640151;2.999616;
Spine;0.7871885;-0.1204763;3.222029;
HipCenter;0.772624;-0.1828172;3.169386;
HipRight;0.7897394;-0.2509481;3.214133;
HipLeft;0.7520094;-0.2456551;3.107214;
KneeRight;0.9327959;-0.7689241;3.244115;
KneeLeft;0.7099472;-0.7439329;3.158688;
AnkleRight;1.052218;-1.068017;3.205919;
AnkleLeft;0.4451142;-1.055284;3.118556;
FootRight;1.153082;-1.077714;3.229388;
FootLeft;0.4603583;-1.129201;3.103924;
Head;0.8600543;0.4786236;3.265424;
ShoulderCenter;0.8097008;0.2898775;3.210026;
ShoulderRight;0.8207937;0.1700715;3.05893;
ShoulderLeft;0.7468349;0.1502423;3.095357;
ElbowRight;0.6975151;0.01798691;3.227912;
ElbowLeft;0.8705321;-0.08063047;2.978961;
WristRight;0.6634086;-0.171472;3.30123;
WristLeft;1.077861;-0.2479532;3.004439;
HandRight;0.6884788;-0.2283708;3.316245;
HandLeft;1.154389;-0.2804926;3.028392;
Spine;0.8282266;-0.1191023;3.213515;
HipCenter;0.8084014;-0.1926019;3.163582;
HipRight;0.8280092;-0.2456187;3.199196;
HipLeft;0.793237;-0.2411193;3.114734;
KneeRight;0.9644457;-0.746929;3.24456;
KneeLeft;0.6897529;-0.7246926;3.120455;
AnkleRight;1.052592;-1.056019;3.200859;
AnkleLeft;0.4555017;-1.054522;3.119894;
FootRight;1.149791;-1.090546;3.212674;
FootLeft;0.4641303;-1.129413;3.105549;
Head;0.8770278;0.4949109;3.279609;
ShoulderCenter;0.8684503;0.2990131;3.239846;
ShoulderRight;0.8433614;0.17017;3.059525;
ShoulderLeft;0.7479751;0.1613341;3.193203;
ElbowRight;0.766717;-0.04218614;3.192151;
ElbowLeft;0.8789176;-0.03830175;3.027114;
WristRight;0.7275228;-0.2900807;3.294271;
WristLeft;1.075785;-0.2320154;3.002822;
HandRight;0.752571;-0.3469297;3.309273;
HandLeft;1.149962;-0.2744787;3.015885;
Spine;0.8918967;-0.1009907;3.205403;
HipCenter;0.8429489;-0.1744006;3.166963;
HipRight;0.861194;-0.2405624;3.204352;
HipLeft;0.8127707;-0.2277618;3.11004;
KneeRight;0.9859095;-0.7498977;3.246954;
KneeLeft;0.7109486;-0.7575946;3.116618;
AnkleRight;1.065089;-1.060051;3.194761;
AnkleLeft;0.4686673;-1.052606;3.118941;
FootRight;1.121434;-1.104233;3.166921;
FootLeft;0.5071855;-1.118456;3.109885;
Head;0.9537534;0.4792252;3.292801;
ShoulderCenter;0.8889092;0.2942183;3.240903;
ShoulderRight;0.8594018;0.1729859;3.062073;
ShoulderLeft;0.8363406;0.1556294;3.11964;
ElbowRight;0.8022889;-0.04048114;3.200764;
ElbowLeft;0.9181045;-0.0851411;2.998916;
WristRight;0.7778638;-0.2873635;3.308311;
WristLeft;1.121832;-0.2631926;2.998934;
HandRight;0.8029448;-0.3442867;3.323331;
HandLeft;1.19432;-0.3088061;3.011598;
Spine;0.9515298;-0.1404054;3.189361;
HipCenter;0.9052926;-0.2246008;3.16032;
HipRight;0.915139;-0.2766649;3.110042;
HipLeft;0.8963162;-0.2573282;3.195032;
KneeRight;1.013517;-0.7351888;3.225454;
KneeLeft;0.7485084;-0.7742364;3.115157;
AnkleRight;1.065182;-1.050832;3.195049;
AnkleLeft;0.5060494;-0.9788834;3.128831;
FootRight;0.9904292;-1.090657;3.164321;
FootLeft;0.5166792;-1.079628;3.107064;
Head;0.9266971;0.4386948;3.293266;
ShoulderCenter;0.9526559;0.2460487;3.241509;
ShoulderRight;0.9632538;0.1876111;3.120181;
ShoulderLeft;0.8350372;0.1525011;3.219064;
ElbowRight;0.8826552;-0.03105104;3.23994;
ElbowLeft;0.9517345;-0.05774622;3.058214;
WristRight;0.841215;-0.2824978;3.330436;
WristLeft;1.131888;-0.2614338;3.00159;
HandRight;0.8662688;-0.3393593;3.34544;
HandLeft;1.199537;-0.3145778;3.010459;
Spine;0.9525942;-0.1194524;3.215895;
HipCenter;0.9182216;-0.1729378;3.170526;
HipRight;0.9408875;-0.2500303;3.206996;
HipLeft;0.8857522;-0.2151311;3.109959;
KneeRight;1.016472;-0.7668577;3.184977;
KneeLeft;0.9103099;-0.6159609;3.10117;
AnkleRight;1.074961;-1.079345;3.195094;
AnkleLeft;0.6244248;-0.9391045;3.111035;
FootRight;1.11118;-1.092541;3.129212;
FootLeft;0.5726222;-0.9743317;3.046694;
Head;1.047957;0.4914669;3.328264;
ShoulderCenter;0.9929338;0.3059457;3.26484;
ShoulderRight;0.9600407;0.1980716;3.119841;
ShoulderLeft;0.9144372;0.1673838;3.127429;
ElbowRight;0.904623;-0.02455316;3.244525;
ElbowLeft;1.012872;-0.07890111;3.028432;
WristRight;0.8848546;-0.2779904;3.33551;
WristLeft;1.152002;-0.2830416;2.999273;
HandRight;0.9099392;-0.3349219;3.350533;
HandLeft;1.2126;-0.3448232;3.002208;
Spine;1.002607;-0.1031147;3.239309;
HipCenter;0.9871054;-0.1730888;3.180618;
HipRight;0.9980416;-0.2362507;3.215411;
HipLeft;0.9749355;-0.2113117;3.125116;
KneeRight;1.118525;-0.7350273;3.214709;
KneeLeft;1.001958;-0.632333;3.091857;
AnkleRight;1.068292;-1.051277;3.186565;
AnkleLeft;0.6907115;-0.9321232;3.095834;
FootRight;1.112236;-1.106984;3.159327;
FootLeft;0.6534742;-1.027635;3.087833;
Head;1.127387;0.4731357;3.338504;
ShoulderCenter;1.023537;0.3104236;3.271294;
ShoulderRight;0.9712566;0.2023294;3.11884;
ShoulderLeft;0.9651391;0.173533;3.141119;
ElbowRight;0.9241493;-0.01065135;3.258502;
ElbowLeft;1.042655;-0.0779175;3.036879;
WristRight;0.9122009;-0.2596964;3.359298;
WristLeft;1.164245;-0.3017102;2.999014;
HandRight;0.9372551;-0.316559;3.374302;
HandLeft;1.214995;-0.3714291;2.992439;
Spine;1.043355;-0.09569026;3.198738;
HipCenter;0.9901839;-0.1709459;3.179824;
HipRight;0.9985325;-0.2358891;3.215832;
HipLeft;0.9795762;-0.2135575;3.118672;
KneeRight;1.102373;-0.703553;3.194906;
KneeLeft;1.059262;-0.6422005;3.109362;
AnkleRight;1.077553;-1.025374;3.187575;
AnkleLeft;0.7545877;-0.9497066;3.10354;
FootRight;1.108511;-1.094115;3.179913;
FootLeft;0.7631542;-1.051788;3.099412;
Head;1.190126;0.4661336;3.338682;
ShoulderCenter;1.069315;0.3147067;3.275997;
ShoulderRight;1.038009;0.2081344;3.127598;
ShoulderLeft;0.9485202;0.135771;3.228521;
ElbowRight;0.9869031;-0.003190011;3.267386;
ElbowLeft;1.042968;-0.07579564;3.055753;
WristRight;0.9751447;-0.2538285;3.363513;
WristLeft;1.164763;-0.2994247;2.999576;
HandRight;1.000188;-0.3106658;3.378511;
HandLeft;1.206662;-0.3743859;2.989662;
Spine;1.046676;-0.1048856;3.216689;
HipCenter;0.9969208;-0.1730083;3.177134;
HipRight;1.014709;-0.2314928;3.207994;
HipLeft;0.9789367;-0.2160646;3.118748;
KneeRight;1.051171;-0.6860824;3.243004;
KneeLeft;1.096357;-0.6228364;3.111139;
AnkleRight;1.076512;-1.023899;3.185282;
AnkleLeft;0.8350345;-0.9645822;3.080827;
FootRight;1.010005;-1.059368;3.138179;
FootLeft;0.8707141;-1.043035;3.061861;
Head;1.143883;0.4179364;3.327543;
ShoulderCenter;1.095375;0.2309939;3.266327;
ShoulderRight;1.125751;0.1939304;3.146412;
ShoulderLeft;1.041024;0.175427;3.15759;
ElbowRight;1.033013;-0.01383711;3.270797;
ElbowLeft;1.0723;-0.08173175;3.044474;
WristRight;0.9845118;-0.2610055;3.362752;
WristLeft;1.164322;-0.2969788;2.999561;
HandRight;1.009548;-0.3178267;3.377746;
HandLeft;1.202734;-0.3729558;2.984703;
Spine;1.037875;-0.1239737;3.251582;
HipCenter;1.014359;-0.1819232;3.191607;
HipRight;1.028894;-0.2457588;3.225257;
HipLeft;0.986003;-0.2215445;3.133108;
KneeRight;1.078855;-0.6887706;3.252587;
KneeLeft;1.186015;-0.663533;3.113334;
AnkleRight;1.090638;-1.039263;3.175829;
AnkleLeft;0.9303962;-0.9710065;3.086352;
FootRight;1.077167;-1.072339;3.094957;
FootLeft;0.9544523;-1.04224;3.066815;
Head;1.158743;0.4308138;3.328034;
ShoulderCenter;1.130562;0.2400591;3.273018;
ShoulderRight;1.177501;0.2012253;3.155238;
ShoulderLeft;1.028539;0.1418635;3.246483;
ElbowRight;1.077218;-0.01231068;3.265092;
ElbowLeft;1.0828;-0.07464106;3.063508;
WristRight;1.018319;-0.2595698;3.349862;
WristLeft;1.167685;-0.2963392;3.000466;
HandRight;1.043349;-0.3163765;3.364852;
HandLeft;1.20094;-0.3741235;2.9829;
Spine;1.102224;-0.1192551;3.264701;
HipCenter;1.060918;-0.1778145;3.218415;
HipRight;1.083225;-0.2407884;3.251885;
HipLeft;1.014589;-0.2372377;3.162646;
KneeRight;1.12177;-0.6966236;3.264144;
KneeLeft;1.239204;-0.6633574;3.126739;
AnkleRight;1.088193;-1.023918;3.059998;
AnkleLeft;1.008913;-0.9648284;3.087479;
FootRight;1.041935;-1.058236;2.992881;
FootLeft;1.07736;-1.038633;3.072889;
Head;1.169926;0.440638;3.326679;
ShoulderCenter;1.179208;0.248522;3.289391;
ShoulderRight;1.18676;0.2019481;3.155937;
ShoulderLeft;1.063685;0.1544669;3.250474;
ElbowRight;1.103522;-0.01071477;3.277143;
ElbowLeft;1.105305;-0.06631108;3.070626;
WristRight;1.0619;-0.2589771;3.366652;
WristLeft;1.175356;-0.3016388;2.996731;
HandRight;1.086933;-0.3157906;3.381643;
HandLeft;1.194548;-0.3839459;2.978734;
Spine;1.146037;-0.1221285;3.259273;
HipCenter;1.101396;-0.180011;3.213719;
HipRight;1.124691;-0.2340342;3.238565;
HipLeft;1.066821;-0.2274465;3.167745;
KneeRight;1.171821;-0.694087;3.234466;
KneeLeft;1.256781;-0.6729021;3.142628;
AnkleRight;1.175663;-1.039555;3.086515;
AnkleLeft;1.049687;-0.9933655;3.117461;
FootRight;1.212543;-1.077509;3.032528;
FootLeft;1.135834;-1.042177;3.091816;
Head;1.234486;0.441097;3.320535;
ShoulderCenter;1.227411;0.2498005;3.281157;
ShoulderRight;1.247686;0.2041918;3.14874;
ShoulderLeft;1.117915;0.1791832;3.25802;
ElbowRight;1.159028;-0.006848976;3.268051;
ElbowLeft;1.1284;-0.04934144;3.08556;
WristRight;1.112475;-0.2538289;3.356953;
WristLeft;1.187142;-0.3029278;2.995319;
HandRight;1.137493;-0.3106104;3.371936;
HandLeft;1.195015;-0.3853498;2.970765;
Spine;1.186337;-0.1198976;3.262824;
HipCenter;1.138174;-0.17805;3.21898;
HipRight;1.155765;-0.236241;3.248206;
HipLeft;1.094086;-0.226924;3.169567;
KneeRight;1.170357;-0.6829441;3.24836;
KneeLeft;1.272786;-0.6759579;3.162346;
AnkleRight;1.298043;-1.02528;3.078066;
AnkleLeft;1.084665;-1.012354;3.131804;
FootRight;1.244737;-1.059846;3.016466;
FootLeft;1.083297;-1.080554;3.163504;
Head;1.277497;0.4357504;3.319428;
ShoulderCenter;1.253087;0.2467729;3.275457;
ShoulderRight;1.272586;0.2011994;3.143188;
ShoulderLeft;1.196714;0.183504;3.165548;
ElbowRight;1.184485;-0.009437859;3.262211;
ElbowLeft;1.153812;-0.07195276;3.060574;
WristRight;1.13827;-0.2558161;3.350927;
WristLeft;1.206076;-0.3162536;2.98943;
HandRight;1.163262;-0.3125371;3.365894;
HandLeft;1.20004;-0.3947071;2.955889;
Spine;1.20479;-0.1172756;3.273555;
HipCenter;1.176605;-0.1775202;3.220803;
HipRight;1.183269;-0.2325692;3.25328;
HipLeft;1.152466;-0.223776;3.17157;
KneeRight;1.188155;-0.6763601;3.249779;
KneeLeft;1.416968;-0.638559;3.111357;
AnkleRight;1.40279;-1.030052;3.096208;
AnkleLeft;1.142934;-0.9676331;3.147876;
FootRight;1.377732;-1.063615;3.018796;
FootLeft;1.117876;-1.001196;3.070464;
Head;1.303542;0.4318224;3.314458;
ShoulderCenter;1.2984;0.2422975;3.270108;
ShoulderRight;1.318349;0.1966538;3.137758;
ShoulderLeft;1.209891;0.1106699;3.159782;
ElbowRight;1.1947;0.03415345;3.288365;
ElbowLeft;1.182124;-0.120041;3.047836;
WristRight;1.174256;-0.155303;3.334704;
WristLeft;1.211432;-0.3131448;2.98789;
HandRight;1.199235;-0.2119963;3.349663;
HandLeft;1.214092;-0.3927603;2.954883;
Spine;1.238804;-0.1284603;3.27635;
HipCenter;1.20649;-0.1904124;3.225189;
HipRight;1.228873;-0.2516316;3.26101;
HipLeft;1.167655;-0.2365681;3.175125;
KneeRight;1.186596;-0.6777617;3.251521;
KneeLeft;1.452955;-0.6822377;3.117414;
AnkleRight;1.476159;-0.9773872;3.110796;
AnkleLeft;1.137934;-0.9713964;3.1532;
FootRight;1.529632;-1.028051;3.041108;
FootLeft;1.106256;-1.067698;3.150974;
Head;1.358882;0.4938158;3.311745;
ShoulderCenter;1.355844;0.3047309;3.284108;
ShoulderRight;1.375575;0.2591077;3.151782;
ShoulderLeft;1.281852;0.1570025;3.170422;
ElbowRight;1.251277;0.097569;3.30171;
ElbowLeft;1.210403;-0.08859615;3.059566;
WristRight;1.229782;-0.09100693;3.348588;
WristLeft;1.260275;-0.3433985;2.982191;
HandRight;1.254681;-0.1475165;3.363499;
HandLeft;1.254849;-0.4020488;2.950459;
Spine;1.336238;-0.09616504;3.259289;
HipCenter;1.307371;-0.163165;3.204358;
HipRight;1.323928;-0.2315543;3.236418;
HipLeft;1.279366;-0.2052769;3.150307;
KneeRight;1.397523;-0.6959999;3.15738;
KneeLeft;1.469025;-0.5464782;3.106831;
AnkleRight;1.602527;-1.018471;3.062421;
AnkleLeft;1.221382;-0.8947537;3.137265;
FootRight;1.569641;-1.0522;2.987951;
FootLeft;1.188496;-0.9284825;3.062795;
Head;1.382931;0.4880475;3.310929;
ShoulderCenter;1.372658;0.2984322;3.272658;
ShoulderRight;1.392389;0.252809;3.140332;
ShoulderLeft;1.336745;0.1559028;3.153818;
ElbowRight;1.284299;0.1356164;3.331258;
ElbowLeft;1.247337;-0.08873005;3.058573;
WristRight;1.452269;-0.06358215;3.386439;
WristLeft;1.262409;-0.3424435;2.980865;
HandRight;1.499803;-0.0934247;3.416355;
HandLeft;1.284959;-0.3914596;2.947191;
Spine;1.371266;-0.09857849;3.259079;
HipCenter;1.342331;-0.1676963;3.209524;
HipRight;1.355098;-0.2241837;3.246709;
HipLeft;1.327818;-0.2251561;3.155396;
KneeRight;1.471452;-0.6814552;3.127243;
KneeLeft;1.219927;-0.6825079;3.26764;
AnkleRight;1.627021;-0.9964203;3.06057;
AnkleLeft;1.102511;-1.01944;3.175251;
FootRight;1.627443;-1.066242;3.03301;
FootLeft;1.062465;-1.054055;3.104562;
Head;1.477988;0.4772404;3.288871;
ShoulderCenter;1.44004;0.2913267;3.263199;
ShoulderRight;1.443965;0.1810103;3.149359;
ShoulderLeft;1.354494;0.1495983;3.151171;
ElbowRight;1.414958;0.0006550997;3.321075;
ElbowLeft;1.261733;-0.09355246;3.055163;
WristRight;1.589529;-0.184189;3.39679;
WristLeft;1.31599;-0.3248639;2.984762;
HandRight;1.635885;-0.2034777;3.357994;
HandLeft;1.332984;-0.3930168;2.935406;
Spine;1.402725;-0.1101081;3.259463;
HipCenter;1.39065;-0.1806709;3.202849;
HipRight;1.404226;-0.2389883;3.247582;
HipLeft;1.359652;-0.2390818;3.141695;
KneeRight;1.523174;-0.6727399;3.114591;
KneeLeft;1.240129;-0.6817802;3.268634;
AnkleRight;1.630872;-0.9941376;3.061654;
AnkleLeft;1.10345;-1.017478;3.175511;
FootRight;1.625805;-1.028041;2.980077;
FootLeft;1.11213;-1.089342;3.155083;
Head;1.536912;0.4714672;3.273006;
ShoulderCenter;1.480067;0.2925501;3.266221;
ShoulderRight;1.483992;0.1822336;3.152382;
ShoulderLeft;1.372363;0.1438173;3.244039;
ElbowRight;1.343224;0.01213231;3.034389;
ElbowLeft;1.312816;-0.07409939;3.06976;
WristRight;1.510338;-0.1069818;3.196484;
WristLeft;1.359521;-0.3279462;2.976966;
HandRight;1.554888;-0.128671;3.156752;
HandLeft;1.369277;-0.4003409;2.932972;
Spine;1.47156;-0.1166202;3.242036;
HipCenter;1.430398;-0.1868708;3.196918;
HipRight;1.459449;-0.2541854;3.233315;
HipLeft;1.388855;-0.2382757;3.139496;
KneeRight;1.556454;-0.6658432;3.109243;
KneeLeft;1.278546;-0.688119;3.265434;
AnkleRight;1.637617;-0.9930119;3.064394;
AnkleLeft;1.117343;-1.011388;3.180951;
FootRight;1.584148;-1.027988;3.002942;
FootLeft;1.063874;-1.046363;3.119499;
Head;1.591494;0.456389;3.28254;
ShoulderCenter;1.517178;0.2804903;3.244839;
ShoulderRight;1.521103;0.1701738;3.131;
ShoulderLeft;1.414638;0.1422116;3.247407;
ElbowRight;1.420645;0.02421194;3.012547;
ElbowLeft;1.367709;-0.07594092;3.068725;
WristRight;1.590934;-0.0864615;3.177312;
WristLeft;1.435695;-0.3287185;2.988373;
HandRight;1.635531;-0.1081736;3.137538;
HandLeft;1.437721;-0.3969012;2.927389;
Spine;1.518657;-0.129776;3.223201;
HipCenter;1.474039;-0.2018235;3.183586;
HipRight;1.498955;-0.2430923;3.200686;
HipLeft;1.444239;-0.2332979;3.154916;
KneeRight;1.501961;-0.6816908;3.170508;
KneeLeft;1.336042;-0.6598055;3.272615;
AnkleRight;1.666792;-1.016981;3.081733;
AnkleLeft;1.122766;-1.01405;3.186141;
FootRight;1.647028;-1.100811;3.027157;
FootLeft;1.150295;-1.081785;3.205793;
Head;1.684478;0.4235437;3.262742;
ShoulderCenter;1.55948;0.2796721;3.236304;
ShoulderRight;1.482359;0.1516254;3.071768;
ShoulderLeft;1.464002;0.1533094;3.222592;
ElbowRight;1.500504;-0.01337585;2.934894;
ElbowLeft;1.429375;-0.08272691;3.07021;
WristRight;1.662478;-0.0932143;3.121924;
WristLeft;1.445031;-0.2691588;2.987745;
HandRight;1.707073;-0.1149257;3.082151;
HandLeft;1.440379;-0.3001923;2.938487;
Spine;1.591508;-0.1106571;3.187291;
HipCenter;1.537779;-0.1847365;3.173616;
HipRight;1.537618;-0.2502741;3.215237;
HipLeft;1.528557;-0.2269587;3.113038;
KneeRight;1.553234;-0.6404486;3.158603;
KneeLeft;1.373755;-0.7150878;3.242054;
AnkleRight;1.699475;-1.036812;3.052925;
AnkleLeft;1.139767;-1.010764;3.196631;
FootRight;1.631148;-1.080398;3.038546;
FootLeft;1.155542;-1.083718;3.206112;
Head;1.713265;0.4401448;3.230068;
ShoulderCenter;1.600559;0.2897342;3.226413;
ShoulderRight;1.517838;0.1610564;3.063131;
ShoulderLeft;1.531754;0.1453814;3.106487;
ElbowRight;1.689942;-0.04217267;3.084709;
ElbowLeft;1.476372;-0.1145656;3.02918;
WristRight;1.857564;-0.1620492;3.246627;
WristLeft;1.596677;-0.290424;2.988019;
HandRight;1.902153;-0.1837574;3.206861;
HandLeft;1.579982;-0.3488132;2.927121;
Spine;1.583236;-0.1131346;3.168668;
HipCenter;1.522243;-0.1862918;3.183438;
HipRight;1.498628;-0.2579831;3.244668;
HipLeft;1.508416;-0.2424811;3.11874;
KneeRight;1.581531;-0.6361922;3.169992;
KneeLeft;1.4508;-0.679432;3.269437;
AnkleRight;1.671131;-0.9808238;3.071051;
AnkleLeft;1.183371;-1.001;3.2057;
FootRight;1.595856;-1.019517;3.09756;
FootLeft;1.179776;-1.076301;3.206147;
Head;1.747421;0.4481159;3.24062;
ShoulderCenter;1.629846;0.2972235;3.216295;
ShoulderRight;1.58794;0.1202894;3.033756;
ShoulderLeft;1.562415;0.1541744;3.107698;
ElbowRight;1.544768;-0.0551061;3.209049;
ElbowLeft;1.534364;-0.107384;3.016767;
WristRight;1.678703;-0.1926101;3.386606;
WristLeft;1.606178;-0.3174455;2.965858;
HandRight;1.723284;-0.2143143;3.346846;
HandLeft;1.589487;-0.3758242;2.904971;
Spine;1.594664;-0.1226676;3.201909;
HipCenter;1.535978;-0.193434;3.178322;
HipRight;1.54123;-0.2486397;3.214507;
HipLeft;1.522821;-0.2404907;3.122044;
KneeRight;1.630126;-0.6263185;3.150589;
KneeLeft;1.509066;-0.6733869;3.267889;
AnkleRight;1.72796;-1.041966;3.068601;
AnkleLeft;1.242835;-0.9889002;3.214941;
FootRight;1.657929;-1.090367;3.031589;
FootLeft;1.262003;-1.084106;3.246109;
Head;1.757393;0.4653014;3.242008;
ShoulderCenter;1.658623;0.3001887;3.206865;
ShoulderRight;1.592853;0.1044285;3.031322;
ShoulderLeft;1.5747;0.1649999;3.118037;
ElbowRight;1.56039;-0.06975138;3.209969;
ElbowLeft;1.565797;-0.09200476;3.005744;
WristRight;1.69951;-0.2047116;3.385979;
WristLeft;1.626122;-0.2819051;2.971115;
HandRight;1.744084;-0.2264124;3.346225;
HandLeft;1.609433;-0.3402752;2.910237;
Spine;1.610618;-0.1214447;3.210837;
HipCenter;1.548588;-0.192097;3.194437;
HipRight;1.545831;-0.2301859;3.229029;
HipLeft;1.548883;-0.2255107;3.169601;
KneeRight;1.657201;-0.5988873;3.14945;
KneeLeft;1.612453;-0.6098462;3.265885;
AnkleRight;1.780122;-1.005826;3.050008;
AnkleLeft;1.335527;-0.9401089;3.223114;
FootRight;1.708824;-1.053875;3.017324;
FootLeft;1.330286;-1.041132;3.235071;
Head;1.751168;0.4690297;3.21882;
ShoulderCenter;1.663617;0.2994906;3.206957;
ShoulderRight;1.601455;0.1035497;3.022157;
ShoulderLeft;1.605291;0.1794057;3.115822;
ElbowRight;1.58668;-0.06793939;3.205211;
ElbowLeft;1.597248;-0.07994208;3.010436;
WristRight;1.728223;-0.2014041;3.380645;
WristLeft;1.629355;-0.2874338;2.97985;
HandRight;1.772792;-0.2231023;3.340897;
HandLeft;1.612669;-0.3457959;2.91898;
Spine;1.648859;-0.1112814;3.212897;
HipCenter;1.58846;-0.1831663;3.213823;
HipRight;1.579226;-0.2202353;3.239373;
HipLeft;1.57981;-0.2127926;3.185138;
KneeRight;1.693285;-0.588246;3.161961;
KneeLeft;1.63202;-0.5951672;3.26589;
AnkleRight;1.819335;-0.9949506;3.064822;
AnkleLeft;1.413598;-0.9465935;3.221214;
FootRight;1.743075;-1.044168;3.054309;
FootLeft;1.419347;-1.043932;3.250907;
Head;1.738215;0.5041482;3.15331;
ShoulderCenter;1.700132;0.3374656;3.202574;
ShoulderRight;1.635785;0.142152;3.008452;
ShoulderLeft;1.616366;0.1493578;3.151834;
ElbowRight;1.641502;-0.1119816;3.033488;
ElbowLeft;1.633386;-0.1152725;3.07058;
WristRight;1.633398;-0.3119448;3.021348;
WristLeft;1.649681;-0.3550544;3.00668;
HandRight;1.677961;-0.3336401;2.981604;
HandLeft;1.632996;-0.4134091;2.945818;
Spine;1.683638;-0.1198911;3.244659;
HipCenter;1.622964;-0.2039146;3.249308;
HipRight;1.623421;-0.2334218;3.288738;
HipLeft;1.613121;-0.2402472;3.213918;
KneeRight;1.761605;-0.6662848;3.210123;
KneeLeft;1.671234;-0.6205187;3.2656;
AnkleRight;1.874429;-1.019708;3.130446;
AnkleLeft;1.501708;-0.9371617;3.216348;
FootRight;1.795249;-1.057208;3.117615;
FootLeft;1.523943;-1.028268;3.256022;
Head;1.705441;0.3079878;3.154083;
ShoulderCenter;1.661142;0.1782245;3.24946;
ShoulderRight;1.66695;-0.05833861;3.108475;
ShoulderLeft;1.577582;-0.01044481;3.199393;
ElbowRight;1.659895;-0.2549519;3.046945;
ElbowLeft;1.656351;-0.1754241;3.085918;
WristRight;1.566456;-0.4278449;2.997235;
WristLeft;1.655433;-0.369414;3.024449;
HandRight;1.611013;-0.4495375;2.957497;
HandLeft;1.631624;-0.4392447;2.940743;
Spine;1.705644;-0.1596464;3.348602;
HipCenter;1.670099;-0.2348224;3.332045;
HipRight;1.711698;-0.2749144;3.27794;
HipLeft;1.630126;-0.2697528;3.3987;
KneeRight;1.661689;-0.6066664;3.065137;
KneeLeft;1.717566;-0.7379206;3.240091;
AnkleRight;1.606574;-0.9722965;2.818985;
AnkleLeft;1.776437;-1.053126;3.115901;
FootRight;1.54853;-1.027261;2.760332;
FootLeft;1.720029;-1.097236;3.063768;
Head;1.703541;0.241337;3.22374;
ShoulderCenter;1.675718;0.04368354;3.266458;
ShoulderRight;1.682431;-0.05504441;3.12731;
ShoulderLeft;1.592158;-0.1449858;3.216391;
ElbowRight;1.68744;-0.2535141;3.082759;
ElbowLeft;1.730236;-0.192452;3.05419;
WristRight;1.693471;-0.4924245;3.047507;
WristLeft;1.687983;-0.3854783;3.067122;
HandRight;1.695186;-0.5603867;3.041314;
HandLeft;1.671288;-0.4438687;3.006223;
Spine;1.721553;-0.2357176;3.336542;
HipCenter;1.696143;-0.297618;3.312737;
HipRight;1.74477;-0.4021008;3.226997;
HipLeft;1.656547;-0.3440619;3.412979;
KneeRight;1.674904;-0.8952726;3.219823;
KneeLeft;1.731007;-0.748141;3.233806;
AnkleRight;1.697383;-1.18546;3.042954;
AnkleLeft;1.657591;-1.05276;3.157071;
FootRight;1.686053;-1.091154;3.080385;
FootLeft;1.705647;-1.060964;3.099472;
Head;1.745613;0.2840011;3.278695;
ShoulderCenter;1.719861;0.1301059;3.351748;
ShoulderRight;1.733145;0.03277612;3.220616;
ShoulderLeft;1.636302;-0.05856344;3.301681;
ElbowRight;1.719198;-0.1721381;3.142142;
ElbowLeft;1.723291;0.01001319;3.109876;
WristRight;1.679396;-0.3605042;3.078246;
WristLeft;1.712496;-0.2159427;3.097339;
HandRight;1.673631;-0.4219393;3.062796;
HandLeft;1.69579;-0.2743707;3.036401;
Spine;1.800367;-0.2376199;3.459803;
HipCenter;1.792543;-0.3221193;3.443785;
HipRight;1.832577;-0.364969;3.449478;
HipLeft;1.762072;-0.3387717;3.448429;
KneeRight;1.811747;-0.9208004;3.421666;
KneeLeft;1.786715;-0.7194198;3.291213;
AnkleRight;1.718227;-1.19641;3.035888;
AnkleLeft;1.691532;-0.9948174;3.138959;
FootRight;1.69452;-1.104671;3.074003;
FootLeft;1.654792;-1.042811;3.07389;
Head;1.761637;0.1717087;3.312691;
ShoulderCenter;1.754712;0.01061702;3.377858;
ShoulderRight;1.767995;-0.08671278;3.246726;
ShoulderLeft;1.671153;-0.1780523;3.327791;
ElbowRight;1.725637;-0.2696534;3.154927;
ElbowLeft;1.727693;0.008292134;3.172297;
WristRight;1.688288;-0.4613658;3.104198;
WristLeft;1.736173;-0.2024689;3.123157;
HandRight;1.68252;-0.5228401;3.088738;
HandLeft;1.719456;-0.2609341;3.06218;
Spine;1.813925;-0.1114891;3.447285;
HipCenter;1.80791;-0.150138;3.427094;
HipRight;1.876283;-0.1485701;3.3754;
HipLeft;1.762873;-0.2222272;3.494488;
KneeRight;1.745341;-0.5884212;3.340845;
KneeLeft;1.819584;-0.7114106;3.294548;
AnkleRight;1.667318;-0.8467997;2.98043;
AnkleLeft;1.853767;-1.006271;3.155738;
FootRight;1.673001;-0.9361817;3.029463;
FootLeft;1.822427;-1.047015;3.095212;
