Floor;-0.01023697;0.9995856;0.02690645;1.056124;
Head;1.183781;0.4872003;3.307886;
ShoulderCenter;1.282962;0.2787675;3.237771;
ShoulderRight;1.313738;0.1731624;3.106577;
ShoulderLeft;1.204018;0.1295174;3.322134;
ElbowRight;1.332657;-0.0460735;3.007441;
ElbowLeft;1.146574;-0.1321324;3.184543;
WristRight;1.201877;-0.2738605;2.952724;
WristLeft;1.161662;-0.3184488;3.289232;
HandRight;1.139028;-0.3552981;2.923278;
HandLeft;1.134024;-0.4129919;3.280502;
Spine;1.239334;-0.1016487;3.189701;
HipCenter;1.230608;-0.177732;3.183514;
HipRight;1.249126;-0.2217077;3.127604;
HipLeft;1.199752;-0.2413479;3.223331;
KneeRight;1.294824;-0.7058364;3.009964;
KneeLeft;1.153847;-0.7162391;3.178304;
AnkleRight;1.570656;-1.031821;2.998346;
AnkleLeft;1.138782;-1.070606;3.10335;
FootRight;1.589988;-1.11714;2.981999;
FootLeft;1.057266;-1.13686;3.144026;
Head;1.133372;0.4857033;3.299346;
ShoulderCenter;1.248966;0.2830724;3.24524;
ShoulderRight;1.28349;0.1743621;3.110827;
ShoulderLeft;1.168643;0.1634112;3.342011;
ElbowRight;1.301529;-0.06283741;3.008817;
ElbowLeft;1.13522;-0.1210521;3.186872;
WristRight;1.1931;-0.2787337;2.954125;
WristLeft;1.110537;-0.4183221;3.269201;
HandRight;1.120398;-0.3707263;2.927557;
HandLeft;1.103789;-0.5046945;3.249434;
Spine;1.199607;-0.09431348;3.195248;
HipCenter;1.189641;-0.1697355;3.188659;
HipRight;1.203677;-0.2287043;3.120448;
HipLeft;1.155712;-0.234277;3.237737;
KneeRight;1.21759;-0.7290349;3.021385;
KneeLeft;1.122752;-0.7240772;3.152032;
AnkleRight;1.479108;-0.9873435;2.995479;
AnkleLeft;1.135729;-1.070245;3.103555;
FootRight;1.446867;-1.093865;3.032419;
FootLeft;1.060342;-1.132907;3.118161;
Head;1.118185;0.5231017;3.294392;
ShoulderCenter;1.198767;0.3027989;3.23793;
ShoulderRight;1.247832;0.1824141;3.112613;
ShoulderLeft;1.139531;0.1978849;3.329662;
ElbowRight;1.278157;-0.07052702;3.016233;
ElbowLeft;1.099245;-0.03313676;3.213452;
WristRight;1.180846;-0.2736156;2.958216;
WristLeft;1.080807;-0.3209251;3.305991;
HandRight;1.113258;-0.368668;2.925634;
HandLeft;1.091679;-0.3880482;3.364196;
Spine;1.160644;-0.06981587;3.184345;
HipCenter;1.15348;-0.1447435;3.177231;
HipRight;1.172802;-0.2028181;3.119209;
HipLeft;1.122785;-0.1929659;3.21636;
KneeRight;1.131977;-0.6955855;3.028458;
KneeLeft;1.089389;-0.7431501;3.104433;
AnkleRight;1.387325;-0.9982526;3.008914;
AnkleLeft;1.135563;-1.070108;3.103361;
FootRight;1.356366;-1.111665;3.036179;
FootLeft;1.075571;-1.135284;3.113834;
Head;1.067921;0.499643;3.263401;
ShoulderCenter;1.182087;0.3007466;3.240448;
ShoulderRight;1.217875;0.1822875;3.113474;
ShoulderLeft;1.10503;0.2142635;3.366992;
ElbowRight;1.230726;-0.08865587;3.022254;
ElbowLeft;1.091898;-0.07668509;3.398719;
WristRight;1.108932;-0.3256406;2.949713;
WristLeft;1.056246;-0.3482858;3.421586;
HandRight;1.085594;-0.4015855;2.930537;
HandLeft;1.045437;-0.4337482;3.431978;
Spine;1.12501;-0.06402504;3.186656;
HipCenter;1.11206;-0.1362074;3.179248;
HipRight;1.124483;-0.2002668;3.115633;
HipLeft;1.079649;-0.1862521;3.222536;
KneeRight;1.049202;-0.6794548;3.040086;
KneeLeft;1.020998;-0.6833091;3.149564;
AnkleRight;1.246192;-1.040872;3.039566;
AnkleLeft;1.132671;-1.071169;3.103939;
FootRight;1.216784;-1.111625;3.003098;
FootLeft;1.06305;-1.134676;3.117078;
Head;1.024167;0.5056635;3.275521;
ShoulderCenter;1.121914;0.2981707;3.234884;
ShoulderRight;1.18717;0.1906793;3.112948;
ShoulderLeft;1.05254;0.2137221;3.325695;
ElbowRight;1.212756;-0.0816129;3.018934;
ElbowLeft;1.044366;-0.06287688;3.396728;
WristRight;1.105951;-0.3262187;2.954701;
WristLeft;0.9993874;-0.3501108;3.423862;
HandRight;1.065116;-0.4224121;2.95247;
HandLeft;0.9581059;-0.4184089;3.410468;
Spine;1.07823;-0.05659747;3.194736;
HipCenter;1.071899;-0.128084;3.189348;
HipRight;1.09765;-0.1942221;3.124894;
HipLeft;1.03276;-0.1829815;3.235928;
KneeRight;0.99627;-0.7067545;3.055465;
KneeLeft;1.15284;-0.6889653;3.201232;
AnkleRight;1.162865;-1.032957;3.019443;
AnkleLeft;1.091237;-1.050505;3.12301;
FootRight;1.091619;-1.114553;3.014623;
FootLeft;1.031829;-1.139332;3.134165;
Head;0.982452;0.4868014;3.272831;
ShoulderCenter;1.10203;0.2951696;3.228459;
ShoulderRight;1.15576;0.1876314;3.109694;
ShoulderLeft;1.003482;0.1559507;3.350941;
ElbowRight;1.174637;-0.07573836;3.018102;
ElbowLeft;1.003722;-0.1129918;3.425911;
WristRight;1.07442;-0.3328229;2.9707;
WristLeft;0.9139705;-0.3435715;3.398156;
HandRight;1.05764;-0.4142923;2.951898;
HandLeft;0.8879523;-0.4157108;3.410262;
Spine;1.050971;-0.06056879;3.191353;
HipCenter;1.03927;-0.1320947;3.187131;
HipRight;1.061782;-0.1879663;3.126685;
HipLeft;0.994253;-0.1993147;3.231803;
KneeRight;0.9454001;-0.7113737;3.075646;
KneeLeft;1.13476;-0.7190021;3.204412;
AnkleRight;1.066181;-1.078174;3.025429;
AnkleLeft;1.122854;-1.020936;3.095952;
FootRight;0.9742491;-1.127223;3.010103;
FootLeft;1.027222;-1.087465;3.095364;
Head;0.9752316;0.509217;3.275526;
ShoulderCenter;1.058902;0.2997419;3.231901;
ShoulderRight;1.099245;0.1807488;3.107565;
ShoulderLeft;0.9878106;0.2099064;3.377636;
ElbowRight;1.150465;-0.07539941;3.01333;
ElbowLeft;0.9544315;-0.06824009;3.407651;
WristRight;1.063883;-0.3294099;2.968389;
WristLeft;0.8428564;-0.3283911;3.38096;
HandRight;1.043999;-0.41473;2.953915;
HandLeft;0.8069695;-0.3936599;3.393959;
Spine;1.010868;-0.05786297;3.1809;
HipCenter;1.001797;-0.1294574;3.174351;
HipRight;1.01368;-0.1984938;3.103275;
HipLeft;0.9724994;-0.1894416;3.224061;
KneeRight;0.8758774;-0.6973912;3.083227;
KneeLeft;1.027898;-0.7408058;3.170181;
AnkleRight;1.025004;-1.082258;3.053844;
AnkleLeft;1.114486;-1.091089;3.09762;
FootRight;0.9108444;-1.107621;3.052754;
FootLeft;1.03056;-1.172247;3.090791;
Head;0.9084508;0.4946787;3.271058;
ShoulderCenter;1.007535;0.2914083;3.228221;
ShoulderRight;1.061789;0.1809667;3.107063;
ShoulderLeft;0.952206;0.1950915;3.378542;
ElbowRight;1.117962;-0.0819695;3.015104;
ElbowLeft;0.8992338;-0.09415457;3.41456;
WristRight;1.009304;-0.3532578;2.966015;
WristLeft;0.7758635;-0.3055181;3.366886;
HandRight;1.037442;-0.419296;2.94998;
HandLeft;0.7331941;-0.3679926;3.36172;
Spine;0.9703951;-0.05961278;3.186012;
HipCenter;0.9625385;-0.1299772;3.180788;
HipRight;0.9822789;-0.1957926;3.112032;
HipLeft;0.9287;-0.189723;3.230751;
KneeRight;0.8184906;-0.6893616;3.084604;
KneeLeft;0.9452492;-0.726364;3.141383;
AnkleRight;1.080122;-1.036085;3.107542;
AnkleLeft;1.12104;-1.091407;3.099668;
FootRight;1.08089;-1.128753;3.10401;
FootLeft;1.038851;-1.13503;3.114453;
Head;0.8747072;0.4900009;3.246042;
ShoulderCenter;0.9852992;0.2928265;3.228181;
ShoulderRight;1.030311;0.1715644;3.106634;
ShoulderLeft;0.8849593;0.1578335;3.316208;
ElbowRight;1.077177;-0.08093709;3.005515;
ElbowLeft;0.860104;-0.1227466;3.413621;
WristRight;1.006901;-0.3230944;2.962617;
WristLeft;0.7179247;-0.305779;3.358013;
HandRight;0.9941936;-0.4218444;2.950839;
HandLeft;0.6621947;-0.3628747;3.354885;
Spine;0.9283313;-0.0656407;3.171652;
HipCenter;0.9163283;-0.1378801;3.162725;
HipRight;0.9440571;-0.1946668;3.101029;
HipLeft;0.8773281;-0.1997208;3.204018;
KneeRight;0.81187;-0.6847053;3.086158;
KneeLeft;0.8837412;-0.7372507;3.134346;
AnkleRight;1.082093;-1.034656;3.104585;
AnkleLeft;0.7226851;-1.079569;3.052456;
FootRight;1.07698;-1.128922;3.104624;
FootLeft;0.6152756;-1.116382;3.039948;
Head;0.8247647;0.485214;3.236154;
ShoulderCenter;0.9330143;0.2867195;3.218668;
ShoulderRight;0.9996451;0.1651095;3.097515;
ShoulderLeft;0.8258173;0.09739277;3.281196;
ElbowRight;1.037785;-0.09968117;2.999586;
ElbowLeft;0.791753;-0.1700524;3.401437;
WristRight;1.000036;-0.3250731;2.959259;
WristLeft;0.6265402;-0.3268373;3.355213;
HandRight;0.9907765;-0.4244198;2.947212;
HandLeft;0.6032242;-0.3487403;3.348348;
Spine;0.8901376;-0.08159518;3.159259;
HipCenter;0.8822112;-0.1546763;3.150987;
HipRight;0.9201019;-0.2004001;3.0939;
HipLeft;0.8311554;-0.2267951;3.186367;
KneeRight;0.8077914;-0.6723097;3.086523;
KneeLeft;1.027459;-0.7441853;3.214951;
AnkleRight;1.077485;-1.026387;3.102932;
AnkleLeft;1.051807;-1.0707;3.143068;
FootRight;1.076824;-1.128527;3.10422;
FootLeft;0.9982768;-1.155296;3.14081;
Head;0.7798274;0.4724897;3.213804;
ShoulderCenter;0.8856155;0.2741751;3.200827;
ShoulderRight;0.9464384;0.1497599;3.086748;
ShoulderLeft;0.8032372;0.1588006;3.270209;
ElbowRight;1.000513;-0.1053242;2.988705;
ElbowLeft;0.7574887;-0.1181656;3.370072;
WristRight;0.9593728;-0.3611418;2.948514;
WristLeft;0.6231179;-0.3010534;3.373369;
HandRight;0.9435291;-0.4449125;2.936323;
HandLeft;0.5755426;-0.3456558;3.364672;
Spine;0.8380737;-0.08574928;3.151377;
HipCenter;0.8285653;-0.1577342;3.144799;
HipRight;0.8556888;-0.2045019;3.091668;
HipLeft;0.7916802;-0.2186115;3.181252;
KneeRight;0.7717405;-0.6724334;3.074723;
KneeLeft;1.00887;-0.7517881;3.215397;
AnkleRight;1.062922;-1.012224;3.098711;
AnkleLeft;1.052511;-1.078398;3.14174;
FootRight;1.075747;-1.123011;3.10269;
FootLeft;0.9976063;-1.151907;3.134294;
Head;0.7312691;0.4562893;3.212933;
ShoulderCenter;0.8554115;0.268505;3.182993;
ShoulderRight;0.9005781;0.1391646;3.06831;
ShoulderLeft;0.7607446;0.1390651;3.256908;
ElbowRight;0.9721256;-0.1134111;2.992678;
ElbowLeft;0.7057918;-0.1300679;3.362016;
WristRight;0.9422669;-0.373543;2.940923;
WristLeft;0.565772;-0.3041975;3.376003;
HandRight;0.9384483;-0.4463507;2.935421;
HandLeft;0.5068382;-0.3434531;3.379173;
Spine;0.8043689;-0.1065831;3.129381;
HipCenter;0.7938164;-0.1822489;3.121672;
HipRight;0.8288081;-0.210996;3.077494;
HipLeft;0.7525563;-0.2507299;3.153126;
KneeRight;0.7785016;-0.7103844;3.124443;
KneeLeft;0.8143156;-0.7585695;3.152114;
AnkleRight;1.08808;-1.0441;3.107255;
AnkleLeft;0.5570219;-1.051654;3.071827;
FootRight;1.074589;-1.128888;3.103471;
FootLeft;0.4866125;-1.089366;3.017695;
Head;0.7101256;0.4628272;3.181606;
ShoulderCenter;0.7942389;0.2567642;3.173907;
ShoulderRight;0.8504488;0.1402992;3.063637;
ShoulderLeft;0.7127073;0.1295329;3.271959;
ElbowRight;0.922077;-0.1260599;2.986175;
ElbowLeft;0.6701307;-0.1542317;3.358851;
WristRight;0.8987718;-0.382672;2.942349;
WristLeft;0.5157803;-0.3163718;3.388708;
HandRight;0.8999467;-0.4671636;2.930553;
HandLeft;0.4671547;-0.3694567;3.391335;
Spine;0.7733164;-0.102885;3.111195;
HipCenter;0.7688488;-0.1756959;3.102826;
HipRight;0.7937623;-0.2133158;3.045214;
HipLeft;0.7310286;-0.2382179;3.136045;
KneeRight;0.6093954;-0.6908355;3.072176;
KneeLeft;0.7952481;-0.6764131;3.146559;
AnkleRight;0.9672371;-0.9649301;3.093607;
AnkleLeft;0.5645344;-1.064265;3.077734;
FootRight;0.8945651;-1.003178;3.044513;
FootLeft;0.4653324;-1.105679;3.054274;
Head;0.648265;0.4517817;3.178773;
ShoulderCenter;0.7657229;0.2615999;3.161296;
ShoulderRight;0.8048605;0.1343666;3.044389;
ShoulderLeft;0.6668012;0.1292777;3.204067;
ElbowRight;0.8667509;-0.1382345;2.979661;
ElbowLeft;0.6343733;-0.1317115;3.334689;
WristRight;0.851782;-0.3789865;2.924836;
WristLeft;0.5007206;-0.3053951;3.377901;
HandRight;0.8696363;-0.4716837;2.933965;
HandLeft;0.4410799;-0.3510398;3.38255;
Spine;0.74481;-0.1050858;3.091863;
HipCenter;0.740197;-0.1786841;3.081029;
HipRight;0.7754804;-0.215514;3.031447;
HipLeft;0.7028546;-0.2405983;3.112125;
KneeRight;0.5912475;-0.681926;3.064541;
KneeLeft;0.8766232;-0.7623408;3.213669;
AnkleRight;0.9469937;-0.9544431;3.09422;
AnkleLeft;0.5501596;-1.054357;3.077433;
FootRight;0.8821925;-0.9914049;3.036809;
FootLeft;0.4853584;-1.091318;3.020022;
Head;0.6180474;0.4637754;3.183063;
ShoulderCenter;0.7156935;0.2613393;3.141892;
ShoulderRight;0.7767913;0.1384806;3.038541;
ShoulderLeft;0.6279233;0.1278882;3.189309;
ElbowRight;0.8180847;-0.1307968;2.963769;
ElbowLeft;0.5852736;-0.1314934;3.316927;
WristRight;0.8005332;-0.3650433;2.919972;
WristLeft;0.4805431;-0.3169998;3.384518;
HandRight;0.8154703;-0.4613484;2.915951;
HandLeft;0.4293271;-0.3668921;3.393753;
Spine;0.666449;-0.1161546;3.094477;
HipCenter;0.6566001;-0.1916534;3.088271;
HipRight;0.6829146;-0.2346675;3.045847;
HipLeft;0.6181993;-0.2412904;3.116986;
KneeRight;0.5589496;-0.6815768;3.055865;
KneeLeft;0.8111958;-0.7327351;3.226829;
AnkleRight;0.9201936;-0.9418398;3.098037;
AnkleLeft;0.5321959;-1.062875;3.07367;
FootRight;0.8594421;-0.9781709;3.037263;
FootLeft;0.4714443;-1.099206;3.012896;
Head;0.5669007;0.4570761;3.162684;
ShoulderCenter;0.6886586;0.2694601;3.140222;
ShoulderRight;0.7238399;0.1385505;3.027073;
ShoulderLeft;0.5817779;0.1368739;3.146126;
ElbowRight;0.7698557;-0.1397758;2.948407;
ElbowLeft;0.5520729;-0.1098456;3.292369;
WristRight;0.7600082;-0.372903;2.908114;
WristLeft;0.4722437;-0.3168077;3.381116;
HandRight;0.7610527;-0.4591224;2.908558;
HandLeft;0.4183429;-0.3730645;3.379411;
Spine;0.6657605;-0.1133118;3.124165;
HipCenter;0.6234171;-0.1767554;3.079375;
HipRight;0.6469992;-0.2205456;3.035417;
HipLeft;0.5863507;-0.2268343;3.10758;
KneeRight;0.5459585;-0.696017;3.053249;
KneeLeft;0.7964795;-0.7410899;3.23026;
AnkleRight;0.900944;-0.9538298;3.12133;
AnkleLeft;0.5265391;-1.0613;3.073953;
FootRight;0.8469737;-0.9894323;3.055065;
FootLeft;0.4725688;-1.096903;3.007689;
Head;0.5204258;0.469409;3.159939;
ShoulderCenter;0.6324885;0.2759573;3.124453;
ShoulderRight;0.6754569;0.1443845;3.020223;
ShoulderLeft;0.6246483;0.2029756;3.04646;
ElbowRight;0.7159378;-0.1116133;2.937708;
ElbowLeft;0.5502249;-0.007861599;3.154673;
WristRight;0.6927554;-0.3830345;2.894713;
WristLeft;0.4769636;-0.2452658;3.309592;
HandRight;0.6987361;-0.4589939;2.894088;
HandLeft;0.44174;-0.3257857;3.350157;
Spine;0.6014111;-0.120578;3.128375;
HipCenter;0.5780405;-0.1900565;3.076264;
HipRight;0.5861159;-0.2253511;3.038953;
HipLeft;0.5715339;-0.2253899;3.105752;
KneeRight;0.5350679;-0.6991336;3.057179;
KneeLeft;0.7489666;-0.7279846;3.227339;
AnkleRight;0.8806943;-0.9609337;3.138666;
AnkleLeft;0.5204773;-1.063134;3.075754;
FootRight;0.9250793;-1.051156;3.172998;
FootLeft;0.4953097;-1.098885;2.994364;
Head;0.4727849;0.4801662;3.165459;
ShoulderCenter;0.5832983;0.2862575;3.124663;
ShoulderRight;0.6344635;0.15477;3.010637;
ShoulderLeft;0.4995198;0.1357844;3.160052;
ElbowRight;0.6735486;-0.1106955;2.927796;
ElbowLeft;0.5656199;-0.07435909;3.131633;
WristRight;0.595232;-0.3341301;2.902478;
WristLeft;0.4776453;-0.2751369;3.320156;
HandRight;0.6149476;-0.4299217;2.896637;
HandLeft;0.4087695;-0.4121037;3.392335;
Spine;0.5730745;-0.1080677;3.134718;
HipCenter;0.5265628;-0.1783781;3.100939;
HipRight;0.5625663;-0.2266629;3.047852;
HipLeft;0.4878171;-0.23067;3.14229;
KneeRight;0.526855;-0.6958406;3.057541;
KneeLeft;0.7049575;-0.7436314;3.253027;
AnkleRight;0.4813267;-1.019735;3.044741;
AnkleLeft;0.5185235;-1.059548;3.075302;
FootRight;0.4169745;-1.057551;2.986388;
FootLeft;0.4541713;-1.097364;3.016948;
Head;0.4586499;0.4831309;3.169533;
ShoulderCenter;0.5649769;0.286877;3.121683;
ShoulderRight;0.603977;0.1526151;3.010322;
ShoulderLeft;0.4876678;0.2856854;3.140935;
ElbowRight;0.6095953;-0.106524;2.918309;
ElbowLeft;0.4561015;0.04293911;3.205235;
WristRight;0.5425139;-0.3467909;2.897376;
WristLeft;0.426804;-0.2369758;3.296264;
HandRight;0.5490758;-0.4400168;2.888147;
HandLeft;0.4107895;-0.3275155;3.330157;
Spine;0.5504854;-0.09553946;3.136243;
HipCenter;0.5084841;-0.1631299;3.099767;
HipRight;0.5199257;-0.2073007;3.060549;
HipLeft;0.4760982;-0.2178062;3.134516;
KneeRight;0.5035701;-0.7029378;3.067219;
KneeLeft;0.3995077;-0.6722311;3.232008;
AnkleRight;0.4860895;-1.027512;3.044315;
AnkleLeft;0.5153223;-1.057326;3.077482;
FootRight;0.4276178;-1.065925;2.977637;
FootLeft;0.4638016;-1.121099;3.066333;
Head;0.4328144;0.4887621;3.158132;
ShoulderCenter;0.5070832;0.2779453;3.114627;
ShoulderRight;0.5489747;0.1603928;2.996395;
ShoulderLeft;0.4280074;0.1307908;3.156761;
ElbowRight;0.5634546;-0.1079309;2.919645;
ElbowLeft;0.3998592;-0.1121794;3.220613;
WristRight;0.5043557;-0.3230353;2.891916;
WristLeft;0.3953087;-0.3414564;3.309468;
HandRight;0.4779295;-0.417551;2.886759;
HandLeft;0.3636039;-0.425128;3.323385;
Spine;0.5081624;-0.1218985;3.129517;
HipCenter;0.4617372;-0.1955118;3.10177;
HipRight;0.4938628;-0.2301263;3.060035;
HipLeft;0.426521;-0.2433476;3.138756;
KneeRight;0.4996155;-0.7003207;3.064561;
KneeLeft;0.3665422;-0.6781839;3.210046;
AnkleRight;0.5401475;-1.011553;3.116981;
AnkleLeft;0.4976581;-1.066198;3.079004;
FootRight;0.4785807;-1.098312;3.079947;
FootLeft;0.4516355;-1.134994;3.069992;
Head;0.3627506;0.4785808;3.177202;
ShoulderCenter;0.473543;0.2853546;3.120176;
ShoulderRight;0.5348436;0.1698568;3.000387;
ShoulderLeft;0.3944673;0.1382001;3.162311;
ElbowRight;0.5277167;-0.09435517;2.916303;
ElbowLeft;0.5067792;-0.004389001;2.983412;
WristRight;0.4362507;-0.3466049;2.902272;
WristLeft;0.429587;-0.2064571;3.177001;
HandRight;0.4092095;-0.4133098;2.897199;
HandLeft;0.3300637;-0.4177187;3.328937;
Spine;0.4956819;-0.1183854;3.125345;
HipCenter;0.4534343;-0.1935625;3.092943;
HipRight;0.4851996;-0.2300478;3.04772;
HipLeft;0.4161804;-0.2463755;3.128646;
KneeRight;0.4928783;-0.703424;3.064578;
KneeLeft;0.3152405;-0.6655969;3.204184;
AnkleRight;0.5300395;-1.065299;3.086327;
AnkleLeft;0.2402698;-0.9885758;3.074108;
FootRight;0.4580289;-1.127392;3.067571;
FootLeft;0.1961654;-1.058221;3.075455;
Head;0.3080033;0.4670077;3.205601;
ShoulderCenter;0.4393621;0.2936806;3.11246;
ShoulderRight;0.4974696;0.1705606;3.00424;
ShoulderLeft;0.3567083;0.1381887;3.169142;
ElbowRight;0.4887554;-0.08397023;2.922209;
ElbowLeft;0.4748384;-0.005283777;2.988581;
WristRight;0.3961494;-0.284441;2.900748;
WristLeft;0.3977624;-0.207048;3.181846;
HandRight;0.3524216;-0.3724145;2.893575;
HandLeft;0.2923048;-0.41773;3.335732;
Spine;0.4415838;-0.1026935;3.125232;
HipCenter;0.398732;-0.1759629;3.09459;
HipRight;0.4300156;-0.2105141;3.059665;
HipLeft;0.3611338;-0.2275316;3.124044;
KneeRight;0.472035;-0.7148641;3.074564;
KneeLeft;0.2773782;-0.7111087;3.210774;
AnkleRight;0.5266474;-1.06657;3.084493;
AnkleLeft;0.4283232;-1.082534;3.203745;
FootRight;0.4607056;-1.126294;3.071142;
FootLeft;0.4187819;-1.15636;3.281491;
Head;0.3035386;0.455674;3.183227;
ShoulderCenter;0.3929618;0.252203;3.117238;
ShoulderRight;0.4451185;0.1752098;3.007802;
ShoulderLeft;0.3110441;0.09522724;3.176264;
ElbowRight;0.4320066;-0.05942061;2.920132;
ElbowLeft;0.4345417;0.01935072;2.984593;
WristRight;0.3369563;-0.2750967;2.899179;
WristLeft;0.3567452;-0.1797858;3.177914;
HandRight;0.2817409;-0.3548763;2.877488;
HandLeft;0.2534097;-0.3923158;3.334783;
Spine;0.4166846;-0.1273901;3.122465;
HipCenter;0.3757303;-0.1980765;3.092474;
HipRight;0.4056567;-0.2329836;3.050079;
HipLeft;0.3341891;-0.2699827;3.127239;
KneeRight;0.4604994;-0.71938;3.06726;
KneeLeft;0.2432388;-0.7259757;3.210772;
AnkleRight;0.5259939;-1.068184;3.084995;
AnkleLeft;0.3536023;-1.069294;3.192395;
FootRight;0.4622428;-1.125406;3.072411;
FootLeft;0.2725799;-1.130931;3.240064;
Head;0.2115853;0.4692413;3.197395;
ShoulderCenter;0.3523125;0.2967793;3.133874;
ShoulderRight;0.4236243;0.1688884;3.011165;
ShoulderLeft;0.2703948;0.1398036;3.192899;
ElbowRight;0.3821633;-0.06425694;2.921452;
ElbowLeft;0.4202821;0.02634976;3.001366;
WristRight;0.2382694;-0.3009392;2.880196;
WristLeft;0.3437313;-0.1740395;3.193198;
HandRight;0.1816879;-0.3708847;2.852814;
HandLeft;0.2402279;-0.3860119;3.348741;
Spine;0.3812358;-0.1224718;3.122162;
HipCenter;0.3405885;-0.1992133;3.086894;
HipRight;0.3778843;-0.2297637;3.048655;
HipLeft;0.3019482;-0.257864;3.115017;
KneeRight;0.4319141;-0.7145695;3.06223;
KneeLeft;0.1824803;-0.7236625;3.201453;
AnkleRight;0.524362;-1.068649;3.085353;
AnkleLeft;0.2140906;-1.075059;3.180863;
FootRight;0.4624986;-1.125119;3.072312;
FootLeft;0.1206743;-1.126944;3.216595;
Head;0.2101634;0.4834973;3.197125;
ShoulderCenter;0.3252776;0.2930224;3.131449;
ShoulderRight;0.3681258;0.1650082;3.011842;
ShoulderLeft;0.2433599;0.1360467;3.190475;
ElbowRight;0.315685;-0.08278646;2.918913;
ElbowLeft;0.3536982;0.02302133;2.996775;
WristRight;0.1658425;-0.313332;2.879766;
WristLeft;0.2772916;-0.1769906;3.18821;
HandRight;0.1145969;-0.3757427;2.850209;
HandLeft;0.1735761;-0.3892092;3.343602;
Spine;0.3387551;-0.1271923;3.117461;
HipCenter;0.2946321;-0.2042145;3.085831;
HipRight;0.3259718;-0.2329295;3.049278;
HipLeft;0.259449;-0.2567519;3.112984;
KneeRight;0.401954;-0.7065755;3.068598;
KneeLeft;0.1489261;-0.7286718;3.193392;
AnkleRight;0.5215343;-1.068673;3.08554;
AnkleLeft;0.09226938;-1.083794;3.188081;
FootRight;0.4611909;-1.126348;3.070837;
FootLeft;0.00150197;-1.119729;3.248245;
Head;0.1439715;0.4734631;3.202058;
ShoulderCenter;0.2727213;0.2911787;3.139131;
ShoulderRight;0.3328589;0.163523;3.013531;
ShoulderLeft;0.1908036;0.1342029;3.198157;
ElbowRight;0.2652918;-0.09689377;2.921573;
ElbowLeft;0.3337894;0.01974907;3.001639;
WristRight;0.1027766;-0.3055894;2.86251;
WristLeft;0.2573187;-0.1804305;3.193244;
HandRight;0.06008399;-0.363858;2.852591;
HandLeft;0.1536673;-0.3924814;3.348465;
Spine;0.2993687;-0.1315124;3.126029;
HipCenter;0.2579904;-0.2104134;3.092095;
HipRight;0.2942285;-0.2343712;3.060811;
HipLeft;0.2188993;-0.2607103;3.114012;
KneeRight;0.3745968;-0.7051864;3.073793;
KneeLeft;0.11438;-0.7462356;3.192766;
AnkleRight;0.5159896;-1.070425;3.088836;
AnkleLeft;-0.02591117;-1.077826;3.186274;
FootRight;0.4576384;-1.129825;3.068901;
FootLeft;-0.1225489;-1.111668;3.240444;
Head;0.1720202;0.4068931;3.194197;
ShoulderCenter;0.2241968;0.193367;3.127696;
ShoulderRight;0.2960072;0.1580287;3.019619;
ShoulderLeft;0.1422791;0.03639129;3.186722;
ElbowRight;0.2195265;-0.09555437;2.924245;
ElbowLeft;0.2843718;-0.001298666;2.998388;
WristRight;0.07623284;-0.2945718;2.857015;
WristLeft;0.204785;-0.1972722;3.191732;
HandRight;0.01113797;-0.3605329;2.853596;
HandLeft;0.09658697;-0.4114966;3.353941;
Spine;0.2534829;-0.1583978;3.128421;
HipCenter;0.2192829;-0.2226934;3.094332;
HipRight;0.2442546;-0.2590062;3.061282;
HipLeft;0.1862152;-0.2885954;3.116328;
KneeRight;0.2959318;-0.7207121;3.10267;
KneeLeft;0.07002528;-0.7861825;3.183091;
AnkleRight;0.5072812;-1.065087;3.086253;
AnkleLeft;-0.08415774;-1.069597;3.177274;
FootRight;0.4542367;-1.13025;3.066711;
FootLeft;-0.190108;-1.09706;3.217797;
Head;0.09699707;0.3873807;3.184639;
ShoulderCenter;0.1997362;0.1948119;3.1319;
ShoulderRight;0.2510694;0.1476752;3.021247;
ShoulderLeft;0.1178185;0.03783613;3.190926;
ElbowRight;0.177479;-0.0934909;2.91235;
ElbowLeft;0.253004;0.007487627;2.99615;
WristRight;0.006207624;-0.3000841;2.859883;
WristLeft;0.1734225;-0.1873523;3.189276;
HandRight;-0.0450343;-0.3688245;2.864692;
HandLeft;0.06435312;-0.4028282;3.353588;
Spine;0.2278534;-0.1703644;3.122788;
HipCenter;0.1827528;-0.2393071;3.090394;
HipRight;0.216114;-0.265081;3.070923;
HipLeft;0.1508071;-0.2963906;3.097549;
KneeRight;0.2863396;-0.7140446;3.090734;
KneeLeft;0.02765051;-0.7518962;3.195668;
AnkleRight;0.4979349;-1.061463;3.081728;
AnkleLeft;-0.104777;-1.072081;3.17306;
FootRight;0.4541352;-1.133568;3.067375;
FootLeft;-0.1771381;-1.117186;3.184372;
Head;0.08883816;0.4052851;3.18919;
ShoulderCenter;0.1488548;0.1986086;3.138278;
ShoulderRight;0.2213724;0.1532068;3.023703;
ShoulderLeft;0.0669371;0.04163289;3.197304;
ElbowRight;0.1440874;-0.09285279;2.914882;
ElbowLeft;0.1968961;-0.00664705;3.003384;
WristRight;-0.02654519;-0.2990111;2.86904;
WristLeft;0.1173229;-0.2002768;3.196456;
HandRight;-0.07407451;-0.3612031;2.863245;
HandLeft;0.007929444;-0.4155918;3.361591;
Spine;0.1845537;-0.1702371;3.123956;
HipCenter;0.1492813;-0.2388967;3.088179;
HipRight;0.1792687;-0.2649654;3.073067;
HipLeft;0.1156288;-0.2958511;3.090977;
KneeRight;0.2412005;-0.6989986;3.062688;
KneeLeft;0.005137312;-0.7463775;3.19552;
AnkleRight;0.4882811;-1.052787;3.079042;
AnkleLeft;-0.09645362;-1.070173;3.168841;
FootRight;0.4494237;-1.12784;3.068444;
FootLeft;-0.1818442;-1.122801;3.179744;
Head;0.1238734;0.4107066;3.202098;
ShoulderCenter;0.1204436;0.19932;3.137862;
ShoulderRight;0.1523434;0.1551523;3.030196;
ShoulderLeft;0.02471876;0.1460679;3.150865;
ElbowRight;0.108585;-0.0897256;2.922047;
ElbowLeft;0.1542569;0.09794434;2.957467;
WristRight;-0.07577991;-0.3020866;2.873336;
WristLeft;0.07511571;-0.09528754;3.149712;
HandRight;-0.1207863;-0.3645891;2.857924;
HandLeft;-0.0342889;-0.3111567;3.315121;
Spine;0.1183537;-0.1677251;3.14466;
HipCenter;0.08039904;-0.2334449;3.108273;
HipRight;0.1032584;-0.2587379;3.080925;
HipLeft;0.05214026;-0.2841228;3.128086;
KneeRight;0.1972044;-0.7147321;3.065664;
KneeLeft;-0.05034501;-0.7585242;3.201692;
AnkleRight;0.465039;-1.054323;3.071682;
AnkleLeft;-0.1018819;-1.074784;3.165485;
FootRight;0.4078846;-1.132207;3.091661;
FootLeft;-0.1832143;-1.126762;3.176277;
Head;-0.003208976;0.3921581;3.210677;
ShoulderCenter;0.06206686;0.1935585;3.142778;
ShoulderRight;0.1344592;0.156919;3.031144;
ShoulderLeft;-0.02411617;0.1401075;3.155905;
ElbowRight;0.08548769;-0.07727502;2.929981;
ElbowLeft;0.1086494;0.0009799153;3.01785;
WristRight;-0.09126481;-0.3041361;2.873075;
WristLeft;0.03325508;-0.196382;3.206533;
HandRight;-0.1410725;-0.3692445;2.859657;
HandLeft;-0.07147269;-0.4112506;3.364641;
Spine;0.07166909;-0.1579352;3.152731;
HipCenter;0.03765763;-0.2217387;3.114127;
HipRight;0.06308723;-0.2488934;3.094604;
HipLeft;0.006070828;-0.2698054;3.125757;
KneeRight;0.1529402;-0.7158406;3.034715;
KneeLeft;-0.07648871;-0.7447703;3.20017;
AnkleRight;0.4297181;-1.044308;3.070263;
AnkleLeft;-0.1058757;-1.066365;3.164349;
FootRight;0.3969983;-1.120216;3.051197;
FootLeft;-0.1869994;-1.131927;3.177014;
Head;-0.03618857;0.3973392;3.202312;
ShoulderCenter;0.02824306;0.1988904;3.149905;
ShoulderRight;0.07684072;0.1573371;3.04313;
ShoulderLeft;-0.05838086;0.145445;3.1631;
ElbowRight;0.03767556;-0.0749623;2.931937;
ElbowLeft;0.07662057;0.01059518;3.028276;
WristRight;-0.1274223;-0.3122151;2.879162;
WristLeft;0.001417868;-0.1862651;3.216432;
HandRight;-0.1810291;-0.3846876;2.866848;
HandLeft;-0.1035015;-0.4016353;3.375054;
Spine;0.04340476;-0.1623048;3.149601;
HipCenter;0.008247612;-0.2274618;3.110903;
HipRight;0.03515177;-0.249781;3.097851;
HipLeft;-0.02145962;-0.2737063;3.115537;
KneeRight;0.08390816;-0.7238002;3.019783;
KneeLeft;-0.1083595;-0.780539;3.183643;
AnkleRight;0.3761342;-1.011247;3.063619;
AnkleLeft;-0.1117148;-1.100586;3.164177;
FootRight;0.3583851;-1.120466;3.097896;
FootLeft;-0.2041273;-1.148869;3.203319;
Head;-0.08506661;0.3941524;3.21182;
ShoulderCenter;-0.02739103;0.1920709;3.154286;
ShoulderRight;0.04513526;0.1491024;3.042709;
ShoulderLeft;-0.1138452;0.1385868;3.167442;
ElbowRight;-0.00597131;-0.09829331;2.942365;
ElbowLeft;0.02136794;0.004605733;3.033266;
WristRight;-0.1342274;-0.3001727;2.878887;
WristLeft;-0.05371969;-0.1919533;3.221097;
HandRight;-0.1862814;-0.3822803;2.870212;
HandLeft;-0.1587541;-0.4076247;3.380027;
Spine;-0.01501379;-0.1635232;3.150274;
HipCenter;-0.04794896;-0.226585;3.108329;
HipRight;-0.01972342;-0.2536171;3.091393;
HipLeft;-0.07978711;-0.2731228;3.114809;
KneeRight;0.01004453;-0.7359943;3.016631;
KneeLeft;-0.1295755;-0.7827896;3.161981;
AnkleRight;0.2914843;-0.9976297;3.04263;
AnkleLeft;-0.1135748;-1.100152;3.165318;
FootRight;0.2853272;-1.110561;3.066985;
FootLeft;-0.1838292;-1.143487;3.142992;
Head;-0.1629866;0.4804346;3.212906;
ShoulderCenter;-0.05862919;0.3008924;3.1712;
ShoulderRight;0.0008034001;0.1628992;3.050771;
ShoulderLeft;-0.1450834;0.2474083;3.184355;
ElbowRight;-0.02117961;-0.09395888;2.947731;
ElbowLeft;-0.009870231;0.1134272;3.050154;
WristRight;-0.15286;-0.3059475;2.885952;
WristLeft;-0.08487356;-0.08291121;3.237747;
HandRight;-0.1959148;-0.3760796;2.872936;
HandLeft;-0.1899923;-0.2988033;3.396903;
Spine;-0.05587103;-0.06543971;3.166253;
HipCenter;-0.09090292;-0.1297654;3.124062;
HipRight;-0.06093599;-0.1900081;3.088755;
HipLeft;-0.1277498;-0.1613283;3.146429;
KneeRight;-0.0767139;-0.7102419;3.026366;
KneeLeft;-0.1679816;-0.7378433;3.102507;
AnkleRight;0.2049771;-0.9877734;3.031785;
AnkleLeft;-0.1134981;-1.037153;3.170259;
FootRight;0.1802107;-1.084241;3.019623;
FootLeft;-0.161656;-1.130004;3.150645;
Head;-0.2202824;0.4603875;3.231502;
ShoulderCenter;-0.08191482;0.3064793;3.17033;
ShoulderRight;-0.03476002;0.1662918;3.050328;
ShoulderLeft;-0.168369;0.2529952;3.183485;
ElbowRight;-0.07242538;-0.1017492;2.952383;
ElbowLeft;-0.04582413;0.01844272;3.033083;
WristRight;-0.1793261;-0.3214278;2.894139;
WristLeft;-0.1193655;-0.1814386;3.219444;
HandRight;-0.2155353;-0.3811932;2.878184;
HandLeft;-0.2230351;-0.3993596;3.376862;
Spine;-0.08415715;-0.09829821;3.162741;
HipCenter;-0.1221285;-0.1732837;3.121111;
HipRight;-0.08927695;-0.2194148;3.097585;
HipLeft;-0.1572175;-0.203699;3.133563;
KneeRight;-0.1670638;-0.6886756;3.03644;
KneeLeft;-0.0951487;-0.6867631;3.19805;
AnkleRight;0.1149606;-0.9747232;3.027408;
AnkleLeft;-0.1247202;-1.073501;3.15999;
FootRight;0.06481077;-1.077703;3.018363;
FootLeft;-0.1704665;-1.143754;3.146422;
Head;-0.256765;0.4693618;3.227506;
ShoulderCenter;-0.133869;0.3028828;3.164057;
ShoulderRight;-0.05983033;0.1671285;3.050453;
ShoulderLeft;-0.1628263;0.2328218;3.09699;
ElbowRight;-0.08567011;-0.1053779;2.954723;
ElbowLeft;-0.03232686;-0.0003111362;2.948972;
WristRight;-0.210754;-0.3645317;2.904566;
WristLeft;-0.1047477;-0.2029762;3.134785;
HandRight;-0.240514;-0.4291625;2.904624;
HandLeft;-0.2071458;-0.4220154;3.290731;
Spine;-0.1355924;-0.09820922;3.173392;
HipCenter;-0.1559622;-0.1719335;3.12406;
HipRight;-0.1465604;-0.1976292;3.097012;
HipLeft;-0.1739909;-0.2109776;3.140457;
KneeRight;-0.2379107;-0.6871282;3.042581;
KneeLeft;-0.1075372;-0.6879531;3.202;
AnkleRight;-0.01004163;-1.003606;3.048956;
AnkleLeft;-0.1361352;-1.073736;3.151279;
FootRight;-0.07718875;-1.093613;3.073155;
FootLeft;-0.1430818;-1.141571;3.100691;
Head;-0.1586135;0.5119665;3.194255;
ShoulderCenter;-0.1569343;0.303919;3.157691;
ShoulderRight;-0.1134699;0.17634;3.045423;
ShoulderLeft;-0.1858916;0.233858;3.090624;
ElbowRight;-0.1088862;-0.1055123;2.958814;
ElbowLeft;-0.1210826;0.01493077;3.025482;
WristRight;-0.2130992;-0.3422014;2.91268;
WristLeft;-0.1967663;-0.1831888;3.214823;
HandRight;-0.2300397;-0.4102322;2.902672;
HandLeft;-0.3012047;-0.3972997;3.372154;
Spine;-0.1523236;-0.09996055;3.168;
HipCenter;-0.1783145;-0.1743974;3.121922;
HipRight;-0.1603621;-0.1961424;3.097853;
HipLeft;-0.197715;-0.212808;3.138419;
KneeRight;-0.311702;-0.6818209;3.03843;
KneeLeft;-0.1598202;-0.7115063;3.201179;
AnkleRight;-0.1106071;-1.050485;3.05177;
AnkleLeft;-0.100348;-1.015211;3.100476;
FootRight;-0.191626;-1.128396;3.058383;
FootLeft;-0.1816263;-1.095684;3.11009;
Head;-0.1483852;0.5059612;3.201206;
ShoulderCenter;-0.1994804;0.303572;3.153759;
ShoulderRight;-0.1304284;0.1768383;3.043991;
ShoulderLeft;-0.2284377;0.2335109;3.086692;
ElbowRight;-0.1419438;-0.1086835;2.956293;
ElbowLeft;-0.1467081;0.01433214;3.024479;
WristRight;-0.2404543;-0.3630959;2.924189;
WristLeft;-0.2224687;-0.1839887;3.214017;
HandRight;-0.2618779;-0.4389141;2.920866;
HandLeft;-0.3268301;-0.3978983;3.371142;
Spine;-0.2101635;-0.1011937;3.173672;
HipCenter;-0.2315334;-0.1763945;3.127688;
HipRight;-0.2132268;-0.2037084;3.098;
HipLeft;-0.2539093;-0.2174228;3.151767;
KneeRight;-0.3169895;-0.7113456;3.082297;
KneeLeft;-0.1938676;-0.7220172;3.199361;
AnkleRight;-0.2015289;-1.088985;3.053851;
AnkleLeft;-0.1071547;-1.106818;3.14344;
FootRight;-0.3063327;-1.132237;3.034211;
FootLeft;-0.1646826;-1.206466;3.142368;
Head;-0.2437169;0.5115176;3.150541;
ShoulderCenter;-0.229456;0.3073005;3.152953;
ShoulderRight;-0.176507;0.1681314;3.043041;
ShoulderLeft;-0.2407542;0.2042149;3.043374;
ElbowRight;-0.1739387;-0.1124236;2.960589;
ElbowLeft;-0.1621408;0.002249524;3.027798;
WristRight;-0.2483275;-0.3442429;2.930835;
WristLeft;-0.3061319;-0.1851161;3.188377;
HandRight;-0.2658668;-0.4196179;2.913403;
HandLeft;-0.3567785;-0.2512036;3.235301;
Spine;-0.2476576;-0.1102962;3.164037;
HipCenter;-0.2495968;-0.1881924;3.111425;
HipRight;-0.2319299;-0.199787;3.094169;
HipLeft;-0.2676396;-0.2249215;3.120733;
KneeRight;-0.4368249;-0.6921946;3.048862;
KneeLeft;-0.2076197;-0.7277206;3.202233;
AnkleRight;-0.3808529;-1.096635;3.025578;
AnkleLeft;-0.130147;-1.097548;3.149785;
FootRight;-0.4548825;-1.151248;3.048724;
FootLeft;-0.2356896;-1.133456;3.145264;
Head;-0.2505444;0.5138272;3.165301;
ShoulderCenter;-0.2674783;0.3055172;3.144148;
ShoulderRight;-0.2016046;0.1673836;3.038419;
ShoulderLeft;-0.2654779;0.2020002;3.036445;
ElbowRight;-0.2005851;-0.1067873;2.956744;
ElbowLeft;-0.2050499;-0.005853072;3.020415;
WristRight;-0.2565904;-0.3167219;2.921446;
WristLeft;-0.3509851;-0.1781108;3.193826;
HandRight;-0.2713395;-0.4107161;2.910104;
HandLeft;-0.4024898;-0.2366174;3.249552;
Spine;-0.302316;-0.1029309;3.174068;
HipCenter;-0.3049144;-0.1814994;3.128437;
HipRight;-0.293552;-0.1889984;3.110923;
HipLeft;-0.3191786;-0.2175309;3.143423;
KneeRight;-0.4582542;-0.7049122;3.055666;
KneeLeft;-0.2309068;-0.7255446;3.209358;
AnkleRight;-0.4661931;-1.112575;3.047008;
AnkleLeft;-0.1309305;-1.092076;3.152398;
FootRight;-0.5744743;-1.151286;3.055715;
FootLeft;-0.2067989;-1.141473;3.152723;
Head;-0.3087223;0.4913146;3.14426;
ShoulderCenter;-0.3150131;0.2842081;3.139778;
ShoulderRight;-0.2586828;0.1465025;3.034408;
ShoulderLeft;-0.3177329;0.1800555;3.0305;
ElbowRight;-0.2428925;-0.1335834;2.953834;
ElbowLeft;-0.2506847;-0.02543032;3.016667;
WristRight;-0.2736247;-0.346504;2.915374;
WristLeft;-0.3983626;-0.1842444;3.199926;
HandRight;-0.2819467;-0.4207448;2.9007;
HandLeft;-0.4549512;-0.243664;3.249473;
Spine;-0.3369273;-0.1291249;3.158177;
HipCenter;-0.3360461;-0.2078566;3.110496;
HipRight;-0.3217885;-0.2076055;3.10098;
HipLeft;-0.3485374;-0.2402143;3.11818;
KneeRight;-0.4762459;-0.7053853;3.055569;
KneeLeft;-0.23637;-0.7274045;3.207938;
AnkleRight;-0.5768415;-1.09613;3.055468;
AnkleLeft;-0.1322668;-1.095011;3.151929;
FootRight;-0.6794615;-1.137422;3.028737;
FootLeft;-0.2049874;-1.148125;3.151909;
Head;-0.3264477;0.4379088;3.160351;
ShoulderCenter;-0.3625918;0.2333031;3.13156;
ShoulderRight;-0.2884751;0.1432149;3.030975;
ShoulderLeft;-0.376339;0.2160603;3.081186;
ElbowRight;-0.2617612;-0.1227335;2.951822;
ElbowLeft;-0.3093886;0.01087424;3.067312;
WristRight;-0.287407;-0.3358613;2.912131;
WristLeft;-0.4642475;-0.1614564;3.232192;
HandRight;-0.2909864;-0.4144195;2.897826;
HandLeft;-0.6569717;-0.3818216;3.381628;
Spine;-0.3674237;-0.1337018;3.148829;
HipCenter;-0.3913686;-0.2012969;3.107008;
HipRight;-0.3799726;-0.2210107;3.100222;
HipLeft;-0.405986;-0.2302353;3.109508;
KneeRight;-0.5206721;-0.6843799;3.071605;
KneeLeft;-0.2495333;-0.7225627;3.206631;
AnkleRight;-0.6952782;-1.080734;3.061818;
AnkleLeft;-0.1340622;-1.089524;3.153859;
FootRight;-0.7754598;-1.12415;3.040851;
FootLeft;-0.1591302;-1.167495;3.131437;
Head;-0.385143;0.4811403;3.161949;
ShoulderCenter;-0.4011325;0.2735952;3.130274;
ShoulderRight;-0.3207241;0.1424131;3.02833;
ShoulderLeft;-0.4148797;0.2563524;3.0799;
ElbowRight;-0.3130701;-0.1160802;2.949035;
ElbowLeft;-0.5135717;0.04648931;3.156348;
WristRight;-0.3461828;-0.3292071;2.926896;
WristLeft;-0.611937;-0.1920844;3.279294;
HandRight;-0.348538;-0.4074601;2.911554;
HandLeft;-0.6587335;-0.2714612;3.305343;
Spine;-0.4041188;-0.1148934;3.154016;
HipCenter;-0.4256212;-0.1878929;3.11423;
HipRight;-0.4082169;-0.2192722;3.092931;
HipLeft;-0.4500612;-0.2311495;3.135126;
KneeRight;-0.5277019;-0.6848708;3.073763;
KneeLeft;-0.2725419;-0.7511201;3.203108;
AnkleRight;-0.7016695;-1.08195;3.063955;
AnkleLeft;-0.1412646;-1.082509;3.15285;
FootRight;-0.778468;-1.121973;3.043277;
FootLeft;-0.1549901;-1.162802;3.130252;
Head;-0.4409823;0.4748019;3.173955;
ShoulderCenter;-0.4339527;0.2667048;3.120771;
ShoulderRight;-0.3714683;0.1287929;3.023054;
ShoulderLeft;-0.4476999;0.249462;3.070397;
ElbowRight;-0.3632802;-0.1595309;2.949672;
ElbowLeft;-0.547558;0.04141879;3.149548;
WristRight;-0.3705636;-0.3747478;2.919973;
WristLeft;-0.6478657;-0.194204;3.276353;
HandRight;-0.3559084;-0.4111955;2.901935;
HandLeft;-0.6945459;-0.2733419;3.302945;
Spine;-0.4433559;-0.1243579;3.14464;
HipCenter;-0.4670502;-0.1984705;3.107534;
HipRight;-0.456564;-0.2356019;3.083075;
HipLeft;-0.4816656;-0.2393886;3.128226;
KneeRight;-0.557124;-0.6926622;3.092639;
KneeLeft;-0.2797879;-0.7534899;3.204074;
AnkleRight;-0.7103384;-1.082084;3.071003;
AnkleLeft;-0.1430229;-1.081965;3.153446;
FootRight;-0.7882454;-1.11843;3.06523;
FootLeft;-0.1615783;-1.162537;3.138033;
Head;-0.4587574;0.4764426;3.165906;
ShoulderCenter;-0.4693589;0.2677747;3.127599;
ShoulderRight;-0.3991781;0.1341268;3.027455;
ShoulderLeft;-0.5436279;0.1857549;3.112853;
ElbowRight;-0.3803293;-0.1536327;2.948352;
ElbowLeft;-0.6394822;-0.02801813;3.185929;
WristRight;-0.562039;-0.362996;2.983778;
WristLeft;-0.7340355;-0.2696915;3.308194;
HandRight;-0.546072;-0.447008;2.954444;
HandLeft;-0.7812174;-0.3504744;3.327954;
Spine;-0.4429668;-0.1281891;3.133096;
HipCenter;-0.4652668;-0.2036655;3.089823;
HipRight;-0.4437927;-0.2292847;3.06742;
HipLeft;-0.488638;-0.2542011;3.093608;
KneeRight;-0.6509048;-0.6908993;3.047827;
KneeLeft;-0.304536;-0.7737858;3.211207;
AnkleRight;-0.7306476;-1.086434;3.083025;
AnkleLeft;-0.1572651;-1.069541;3.156337;
FootRight;-0.8036048;-1.12793;3.076136;
FootLeft;-0.1892844;-1.14715;3.162946;
Head;-0.5091343;0.3913506;3.153447;
ShoulderCenter;-0.5234898;0.1841914;3.110153;
ShoulderRight;-0.4676713;0.1271466;3.024381;
ShoulderLeft;-0.5059226;0.1854815;3.029096;
ElbowRight;-0.4306515;-0.1608772;2.954275;
ElbowLeft;-0.6166772;-0.01095851;3.121903;
WristRight;-0.5939187;-0.3072334;2.997563;
WristLeft;-0.7365552;-0.2361524;3.253677;
HandRight;-0.5779517;-0.3912454;2.968229;
HandLeft;-0.783125;-0.309613;3.292643;
Spine;-0.5307;-0.175552;3.111359;
HipCenter;-0.527316;-0.240161;3.063323;
HipRight;-0.5262279;-0.2497349;3.046407;
HipLeft;-0.525088;-0.2643006;3.076941;
KneeRight;-0.6773184;-0.6817771;3.046061;
KneeLeft;-0.3549617;-0.7630289;3.193649;
AnkleRight;-0.7384148;-1.087631;3.086218;
AnkleLeft;-0.1993908;-1.054573;3.155686;
FootRight;-0.8053076;-1.137787;3.091542;
FootLeft;-0.2162277;-1.136198;3.164196;
Head;-0.5498517;0.3957915;3.156033;
ShoulderCenter;-0.5572872;0.189761;3.108684;
ShoulderRight;-0.4962441;0.1203508;3.024458;
ShoulderLeft;-0.5362014;0.1659767;3.013304;
ElbowRight;-0.4929223;-0.1599918;2.958203;
ElbowLeft;-0.645568;-0.02867945;3.110887;
WristRight;-0.6185454;-0.3642494;2.957444;
WristLeft;-0.7620174;-0.2505919;3.251003;
HandRight;-0.6025783;-0.4482614;2.92811;
HandLeft;-0.8087758;-0.323801;3.289885;
Spine;-0.573523;-0.1789188;3.101819;
HipCenter;-0.5552855;-0.2450998;3.055809;
HipRight;-0.5539923;-0.2553752;3.035627;
HipLeft;-0.5592061;-0.2704665;3.070192;
KneeRight;-0.7246382;-0.6807421;3.041862;
KneeLeft;-0.3691641;-0.7611077;3.189282;
AnkleRight;-0.7429136;-1.087075;3.084811;
AnkleLeft;-0.2018057;-1.05596;3.157734;
FootRight;-0.7052585;-1.125217;3.002134;
FootLeft;-0.2257401;-1.134673;3.173411;
Head;-0.5755182;0.4813839;3.1666;
ShoulderCenter;-0.5961581;0.27759;3.099833;
ShoulderRight;-0.5128624;0.09538119;3.042107;
ShoulderLeft;-0.5975426;0.1773795;3.01722;
ElbowRight;-0.5384865;-0.1516798;2.946759;
ElbowLeft;-0.6943257;-0.02451301;3.113512;
WristRight;-0.6641095;-0.3559374;2.945968;
WristLeft;-0.8043115;-0.2532307;3.248168;
HandRight;-0.6481425;-0.4399493;2.916635;
HandLeft;-0.8411497;-0.3306295;3.288871;
Spine;-0.637354;-0.1405694;3.101826;
HipCenter;-0.6262111;-0.2194593;3.055288;
HipRight;-0.6143832;-0.2470895;3.048447;
HipLeft;-0.6412543;-0.2450081;3.05588;
KneeRight;-0.7349955;-0.6883575;3.045409;
KneeLeft;-0.4316207;-0.7280862;3.159827;
AnkleRight;-0.7574934;-1.095152;3.090347;
AnkleLeft;-0.2594368;-1.018652;3.162506;
FootRight;-0.7251188;-1.134653;3.006272;
FootLeft;-0.2825426;-1.121541;3.193644;
Head;-0.6157147;0.485063;3.130529;
ShoulderCenter;-0.6498257;0.2815455;3.101117;
ShoulderRight;-0.5505507;0.1314308;3.072025;
ShoulderLeft;-0.5868475;0.1784037;3.016737;
ElbowRight;-0.5777504;-0.1049001;2.919217;
ElbowLeft;-0.6963827;-0.02209164;3.104314;
WristRight;-0.6200336;-0.3177271;2.893085;
WristLeft;-0.8195938;-0.2568385;3.217614;
HandRight;-0.603807;-0.4004327;2.863827;
HandLeft;-0.8621836;-0.3277138;3.263759;
Spine;-0.7091315;-0.1237382;3.092618;
HipCenter;-0.6755014;-0.2041781;3.064966;
HipRight;-0.671941;-0.2139489;3.056488;
HipLeft;-0.6790862;-0.2220007;3.070167;
KneeRight;-0.755417;-0.7015069;3.048156;
KneeLeft;-0.4658842;-0.6451715;3.142011;
AnkleRight;-0.7601483;-1.09635;3.090954;
AnkleLeft;-0.3357569;-0.9892716;3.161531;
FootRight;-0.6860579;-1.138644;3.042287;
FootLeft;-0.3588626;-1.09216;3.19267;
Head;-0.6600307;0.4981952;3.119142;
ShoulderCenter;-0.6783484;0.2927488;3.096581;
ShoulderRight;-0.6452676;0.1469247;2.999726;
ShoulderLeft;-0.5978487;0.1801691;3.000618;
ElbowRight;-0.632013;-0.1421031;2.919188;
ElbowLeft;-0.6387819;-0.03874553;2.979503;
WristRight;-0.6974915;-0.374085;2.893634;
WristLeft;-0.7885638;-0.2241159;3.138131;
HandRight;-0.6774912;-0.4461342;2.882253;
HandLeft;-0.8369898;-0.2439748;3.184683;
Spine;-0.7004067;-0.1144717;3.023834;
HipCenter;-0.702619;-0.2007192;3.066476;
HipRight;-0.7241751;-0.2079792;3.078743;
HipLeft;-0.6928877;-0.2258449;3.059318;
KneeRight;-0.7588391;-0.7036581;3.049054;
KneeLeft;-0.7133457;-0.7312421;3.126479;
AnkleRight;-0.7616687;-1.091205;3.092933;
AnkleLeft;-0.4152391;-0.9753606;3.162422;
FootRight;-0.7573263;-1.140061;3.178566;
FootLeft;-0.4363017;-1.071895;3.218253;
Head;-0.6618612;0.4971533;3.134208;
ShoulderCenter;-0.7147236;0.2964676;3.089563;
ShoulderRight;-0.6687665;0.1484179;2.993829;
ShoulderLeft;-0.6464746;0.1814242;2.985779;
ElbowRight;-0.6868513;-0.1347099;2.907001;
ElbowLeft;-0.6120799;-0.01845261;3.171525;
WristRight;-0.740608;-0.3637258;2.8807;
WristLeft;-0.7257725;-0.2139465;3.345671;
HandRight;-0.7530574;-0.4313289;2.866838;
HandLeft;-0.7725644;-0.2369985;3.392537;
Spine;-0.7283506;-0.1050191;3.021651;
HipCenter;-0.7098646;-0.1894472;3.059656;
HipRight;-0.7214554;-0.2107658;3.014571;
HipLeft;-0.7032933;-0.2250364;3.076006;
KneeRight;-0.7806247;-0.7128929;3.051859;
KneeLeft;-0.7455068;-0.7210233;3.05895;
AnkleRight;-0.7614443;-1.091302;3.092867;
AnkleLeft;-0.510781;-0.9745552;3.184165;
FootRight;-0.8185677;-1.152422;3.095575;
FootLeft;-0.5310463;-1.067678;3.206242;
Head;-0.7735176;0.4960648;3.099634;
ShoulderCenter;-0.7613766;0.2897668;3.081637;
ShoulderRight;-0.7230287;0.1516146;2.974581;
ShoulderLeft;-0.7128933;0.2041193;2.971817;
ElbowRight;-0.7390262;-0.1384323;2.902523;
ElbowLeft;-0.6626759;-0.001065612;3.148934;
WristRight;-0.8023368;-0.3588069;2.869675;
WristLeft;-0.7693987;-0.1998693;3.323405;
HandRight;-0.8317378;-0.4280664;2.848639;
HandLeft;-0.8162277;-0.2229395;3.370307;
Spine;-0.7284563;-0.105508;3.017876;
HipCenter;-0.7082908;-0.1869328;3.056308;
HipRight;-0.7127878;-0.2130251;3.010685;
HipLeft;-0.7020753;-0.225878;3.077404;
KneeRight;-0.7877597;-0.7169047;3.05588;
KneeLeft;-0.6864403;-0.7430516;3.058209;
AnkleRight;-0.7617286;-1.090846;3.093533;
AnkleLeft;-0.6722098;-1.075558;3.191057;
FootRight;-0.8195687;-1.151368;3.096638;
FootLeft;-0.7503506;-1.146249;3.149306;
Head;-0.7545468;0.5023938;3.100065;
ShoulderCenter;-0.7995449;0.2998538;3.079705;
ShoulderRight;-0.7556692;0.1537551;2.967685;
ShoulderLeft;-0.723936;0.202702;2.965805;
ElbowRight;-0.7742482;-0.1265467;2.889575;
ElbowLeft;-0.7706699;-0.03394978;2.959688;
WristRight;-0.8691122;-0.3291326;2.854779;
WristLeft;-0.9204096;-0.2192677;3.118254;
HandRight;-0.8984183;-0.4069979;2.846077;
HandLeft;-0.967312;-0.2423742;3.165231;
Spine;-0.8201321;-0.092825;3.01759;
HipCenter;-0.8142259;-0.1754484;3.061843;
HipRight;-0.8101892;-0.2129499;2.997039;
HipLeft;-0.8206598;-0.2530946;3.119035;
KneeRight;-0.7923162;-0.7247878;3.058738;
KneeLeft;-1.000243;-0.7222829;3.217886;
AnkleRight;-0.7471215;-1.079516;3.117717;
AnkleLeft;-0.7134842;-1.04942;3.207721;
FootRight;-0.8109974;-1.147243;3.082501;
FootLeft;-0.7695796;-1.14016;3.168468;
Head;-0.8035389;0.5007733;3.088372;
ShoulderCenter;-0.8314517;0.2955055;3.071792;
ShoulderRight;-0.7757864;0.1550258;2.964831;
ShoulderLeft;-0.7705979;0.1915013;2.940989;
ElbowRight;-0.8272717;-0.1151795;2.882765;
ElbowLeft;-0.8004388;-0.04210933;2.943969;
WristRight;-0.9314064;-0.3046182;2.845387;
WristLeft;-0.9502156;-0.2274731;3.102569;
HandRight;-0.9699757;-0.3910177;2.837777;
HandLeft;-0.9970323;-0.2505375;3.149459;
Spine;-0.8027813;-0.1208346;3.093254;
HipCenter;-0.7488962;-0.1938861;3.126796;
HipRight;-0.7320006;-0.2230635;3.092932;
HipLeft;-0.7523916;-0.2375725;3.167063;
KneeRight;-0.8012123;-0.7270681;3.060779;
KneeLeft;-1.033308;-0.7314774;3.228309;
AnkleRight;-0.7736462;-1.085948;3.106122;
AnkleLeft;-0.9062279;-1.043685;3.188633;
FootRight;-0.693175;-1.125871;3.148191;
FootLeft;-0.8192077;-1.11048;3.157355;
Head;-0.8940869;0.4987075;3.062045;
ShoulderCenter;-0.8599924;0.2992059;3.071647;
ShoulderRight;-0.8274771;0.1638787;2.954158;
ShoulderLeft;-0.8339071;0.2181096;2.951019;
ElbowRight;-0.8731761;-0.1076527;2.877886;
ElbowLeft;-0.7749485;0.06170699;3.16518;
WristRight;-0.9925776;-0.3013121;2.836026;
WristLeft;-0.885977;-0.1264086;3.34754;
HandRight;-1.032371;-0.3871434;2.833591;
HandLeft;-0.9326531;-0.1494036;3.39429;
Spine;-0.8675752;-0.09213372;3.055586;
HipCenter;-0.8139833;-0.1647514;3.048297;
HipRight;-0.7898101;-0.2127631;2.984253;
HipLeft;-0.823395;-0.2413796;3.102373;
KneeRight;-0.8276796;-0.7271892;3.065984;
KneeLeft;-1.050616;-0.7507185;3.228342;
AnkleRight;-0.773953;-1.086231;3.105669;
AnkleLeft;-0.9059721;-1.036596;3.184396;
FootRight;-0.8183136;-1.153718;3.080368;
FootLeft;-0.8203182;-1.105327;3.15199;
Head;-0.8989018;0.5065714;3.097113;
ShoulderCenter;-0.9099243;0.3004176;3.083355;
ShoulderRight;-0.845314;0.1629426;2.962216;
ShoulderLeft;-0.9532611;0.1852678;2.984728;
ElbowRight;-0.9342093;-0.1087861;2.87286;
ElbowLeft;-0.8518153;0.07093965;3.206905;
WristRight;-1.071637;-0.3219309;2.826687;
WristLeft;-0.9546794;-0.1121655;3.396682;
HandRight;-1.114878;-0.3955943;2.838823;
HandLeft;-1.001141;-0.1350546;3.443217;
Spine;-0.8793655;-0.1086119;3.083097;
HipCenter;-0.8830717;-0.1838299;3.032831;
HipRight;-0.8422028;-0.2051893;2.997415;
HipLeft;-0.9196228;-0.2403349;3.057888;
KneeRight;-0.8562887;-0.7196221;3.061435;
KneeLeft;-1.116253;-0.7198325;3.227498;
AnkleRight;-0.7758515;-1.085501;3.103732;
AnkleLeft;-1.115431;-1.030431;3.27166;
FootRight;-0.8187914;-1.154914;3.081948;
FootLeft;-1.036544;-0.9716529;3.21348;
Head;-0.914878;0.4901342;3.126915;
ShoulderCenter;-0.9594846;0.286955;3.082842;
ShoulderRight;-0.9074785;0.1401132;2.971348;
ShoulderLeft;-0.9856105;0.1580069;2.957469;
ElbowRight;-0.9781911;-0.1111949;2.868524;
ElbowLeft;-0.8844574;0.04400863;3.179004;
WristRight;-1.125335;-0.3153345;2.823138;
WristLeft;-0.9867917;-0.1385457;3.36837;
HandRight;-1.174333;-0.3888912;2.832199;
HandLeft;-1.033045;-0.1613324;3.414697;
Spine;-0.9691065;-0.1329362;3.095596;
HipCenter;-0.9602269;-0.2116091;3.047553;
HipRight;-0.9442024;-0.2549926;3.007466;
HipLeft;-0.9763735;-0.2502537;3.079553;
KneeRight;-0.8760527;-0.7205079;3.063049;
KneeLeft;-1.124671;-0.714005;3.225191;
AnkleRight;-0.7808812;-1.087255;3.100242;
AnkleLeft;-1.178074;-1.015864;3.276668;
FootRight;-0.8204781;-1.158752;3.080002;
FootLeft;-1.132411;-0.9138691;3.254558;
Head;-0.9684894;0.4855472;3.127221;
ShoulderCenter;-0.9885641;0.2787992;3.092458;
ShoulderRight;-0.9287165;0.1340328;2.974886;
ShoulderLeft;-0.9817517;0.159193;2.963777;
ElbowRight;-1.035189;-0.1245502;2.877994;
ElbowLeft;-0.8808879;0.04552077;3.184678;
WristRight;-1.169687;-0.3196654;2.829621;
WristLeft;-0.9827004;-0.1364893;3.373637;
HandRight;-1.204363;-0.3883362;2.834407;
HandLeft;-1.028735;-0.1591681;3.419745;
Spine;-0.9871208;-0.1365674;3.097704;
HipCenter;-0.9730557;-0.2132885;3.048967;
HipRight;-0.9644632;-0.2550795;3.00559;
HipLeft;-0.9833791;-0.2552352;3.082205;
KneeRight;-0.8872036;-0.7209196;3.06434;
KneeLeft;-1.149892;-0.7054176;3.22312;
AnkleRight;-0.781482;-1.08654;3.101134;
AnkleLeft;-1.255539;-0.9932655;3.2687;
FootRight;-0.8196088;-1.158535;3.080223;
FootLeft;-1.209493;-0.8939184;3.237735;
Head;-1.022634;0.4467493;3.145939;
ShoulderCenter;-1.034728;0.239516;3.095749;
ShoulderRight;-0.9614891;0.1036114;3.000846;
ShoulderLeft;-1.040707;0.1701308;2.962798;
ElbowRight;-1.07833;-0.09264949;2.878831;
ElbowLeft;-1.049845;-0.04100651;2.972683;
WristRight;-1.217373;-0.2816753;2.836225;
WristLeft;-1.208611;-0.2610181;2.855647;
HandRight;-1.274812;-0.3515432;2.830397;
HandLeft;-1.296284;-0.3803333;2.833661;
Spine;-1.022258;-0.1541981;3.086389;
HipCenter;-0.9894642;-0.2238536;3.042603;
HipRight;-0.9710889;-0.254494;3.013111;
HipLeft;-1.011662;-0.2575988;3.050495;
KneeRight;-0.9281455;-0.7091065;3.072429;
KneeLeft;-1.164571;-0.6819208;3.190724;
AnkleRight;-0.7860358;-1.084567;3.100351;
AnkleLeft;-1.277243;-0.9505421;3.281101;
FootRight;-0.8196108;-1.159889;3.083921;
FootLeft;-1.266707;-0.8473748;3.234323;
Head;-1.139264;0.4800131;3.151843;
ShoulderCenter;-1.086439;0.2790859;3.110147;
ShoulderRight;-0.9921449;0.09835297;3.022681;
ShoulderLeft;-1.048627;0.1613775;2.965648;
ElbowRight;-1.112361;-0.1024356;2.882214;
ElbowLeft;-1.110166;-0.04081148;2.972729;
WristRight;-1.275004;-0.3050279;2.828982;
WristLeft;-1.266003;-0.262319;2.856077;
HandRight;-1.3319;-0.3451982;2.835287;
HandLeft;-1.307178;-0.3162936;2.867423;
Spine;-1.092685;-0.1447593;3.093917;
HipCenter;-1.050169;-0.22185;3.059204;
HipRight;-1.029383;-0.2629843;3.01153;
HipLeft;-1.064272;-0.2730366;3.094933;
KneeRight;-0.9666101;-0.7033583;3.071061;
KneeLeft;-1.277726;-0.7091998;3.251613;
AnkleRight;-0.7912769;-1.079629;3.099182;
AnkleLeft;-1.29178;-1.021779;3.217159;
FootRight;-0.8186536;-1.158169;3.08699;
FootLeft;-1.303647;-0.9086828;3.219054;
Head;-1.105152;0.4803131;3.148458;
ShoulderCenter;-1.122637;0.2739492;3.120932;
ShoulderRight;-1.03495;0.1358059;3.052429;
ShoulderLeft;-1.098696;0.1550226;2.983766;
ElbowRight;-1.145349;-0.09811775;2.895322;
ElbowLeft;-1.143824;-0.05311257;2.977188;
WristRight;-1.29151;-0.2899527;2.842626;
WristLeft;-1.324338;-0.268043;2.892526;
HandRight;-1.3593;-0.3534331;2.847947;
HandLeft;-1.32634;-0.3256293;2.855012;
Spine;-1.114804;-0.1381249;3.097918;
HipCenter;-1.072315;-0.210912;3.060781;
HipRight;-1.057658;-0.2553783;3.009446;
HipLeft;-1.076647;-0.2659254;3.096779;
KneeRight;-0.9858895;-0.7391012;3.085096;
KneeLeft;-1.288354;-0.6078842;3.20443;
AnkleRight;-0.7927753;-1.0785;3.099826;
AnkleLeft;-1.328413;-0.9059553;3.260388;
FootRight;-0.8430562;-1.140413;3.073546;
FootLeft;-1.31318;-0.828168;3.220144;
Head;-1.123646;0.4809528;3.149882;
ShoulderCenter;-1.161152;0.2781161;3.13005;
ShoulderRight;-1.10647;0.1393387;3.003066;
ShoulderLeft;-1.148294;0.1599997;2.998098;
ElbowRight;-1.193059;-0.1168875;2.902067;
ElbowLeft;-1.194052;-0.04838398;2.983915;
WristRight;-1.349726;-0.3031438;2.851079;
WristLeft;-1.345251;-0.2753095;2.873864;
HandRight;-1.415286;-0.3683981;2.842988;
HandLeft;-1.385827;-0.3304702;2.869275;
Spine;-1.122884;-0.1237123;3.134773;
HipCenter;-1.104406;-0.1958339;3.083727;
HipRight;-1.082999;-0.252354;3.01854;
HipLeft;-1.107639;-0.2564038;3.134756;
KneeRight;-0.9982859;-0.7418525;3.115881;
KneeLeft;-1.367589;-0.6137357;3.227113;
AnkleRight;-0.8036554;-1.070864;3.101596;
AnkleLeft;-1.313164;-0.919774;3.219654;
FootRight;-0.8333364;-1.144241;3.073781;
FootLeft;-1.360388;-0.8517275;3.206295;
Head;-1.197222;0.4842453;3.12959;
ShoulderCenter;-1.209029;0.281815;3.133036;
ShoulderRight;-1.149628;0.1417012;3.011271;
ShoulderLeft;-1.185233;0.1620029;3.000547;
ElbowRight;-1.235348;-0.1180912;2.914474;
ElbowLeft;-1.230946;-0.04617903;2.986355;
WristRight;-1.367547;-0.3013527;2.857466;
WristLeft;-1.375533;-0.2746456;2.870789;
HandRight;-1.429298;-0.3703924;2.849055;
HandLeft;-1.451002;-0.3862492;2.846642;
Spine;-1.189382;-0.122766;3.130236;
HipCenter;-1.164132;-0.1943853;3.080497;
HipRight;-1.153331;-0.2419603;3.028768;
HipLeft;-1.16639;-0.2355823;3.119851;
KneeRight;-1.039068;-0.7395215;3.131335;
KneeLeft;-1.335117;-0.6188185;3.134839;
AnkleRight;-0.8568445;-1.001466;3.098601;
AnkleLeft;-1.452079;-0.8638986;3.258341;
FootRight;-0.8228927;-1.039099;3.014123;
FootLeft;-1.417586;-0.8137726;3.19604;
Head;-1.198967;0.4913368;3.167383;
ShoulderCenter;-1.259765;0.2931174;3.133409;
ShoulderRight;-1.183349;0.1018038;3.014682;
ShoulderLeft;-1.240479;0.2033026;3.019335;
ElbowRight;-1.259324;-0.1169745;2.921014;
ElbowLeft;-1.280476;-0.005410239;3.008287;
WristRight;-1.384202;-0.29362;2.865221;
WristLeft;-1.379663;-0.2497734;2.877934;
HandRight;-1.43591;-0.36951;2.849707;
HandLeft;-1.453535;-0.3777222;2.841573;
Spine;-1.23334;-0.09772222;3.139795;
HipCenter;-1.218226;-0.1677736;3.088083;
HipRight;-1.19454;-0.2321101;3.017198;
HipLeft;-1.227635;-0.2319492;3.143341;
KneeRight;-1.220285;-0.6379625;3.100409;
KneeLeft;-1.338993;-0.6252898;3.041947;
AnkleRight;-1.204493;-0.9444728;3.113519;
AnkleLeft;-1.460241;-0.8228506;3.219998;
FootRight;-1.125375;-0.863354;3.108409;
FootLeft;-1.390794;-0.8133273;3.174005;
Head;-1.309981;0.5008867;3.164568;
ShoulderCenter;-1.273024;0.2973535;3.134764;
ShoulderRight;-1.229261;0.1498248;3.018105;
ShoulderLeft;-1.29031;0.1883851;3.012559;
ElbowRight;-1.29291;-0.1079713;2.93084;
ElbowLeft;-1.274376;-0.02273171;3.006668;
WristRight;-1.412926;-0.2880396;2.88041;
WristLeft;-1.393697;-0.2586991;2.879122;
HandRight;-1.465099;-0.3646564;2.869648;
HandLeft;-1.427951;-0.3184455;2.875336;
Spine;-1.245596;-0.09997157;3.143066;
HipCenter;-1.230433;-0.1716745;3.091483;
HipRight;-1.221656;-0.219853;3.041969;
HipLeft;-1.239057;-0.2283191;3.138377;
KneeRight;-1.254896;-0.6249055;3.116568;
KneeLeft;-1.371525;-0.6047177;3.007329;
AnkleRight;-1.373937;-0.9091465;3.095667;
AnkleLeft;-1.502138;-0.8006986;3.179145;
FootRight;-1.293038;-0.8306303;3.084636;
FootLeft;-1.405276;-0.787942;3.121819;
Head;-1.294981;0.4927385;3.199527;
ShoulderCenter;-1.332408;0.2900924;3.140501;
ShoulderRight;-1.261157;0.1431454;3.027977;
ShoulderLeft;-1.296084;0.1849903;3.020976;
ElbowRight;-1.32408;-0.1154687;2.938034;
ElbowLeft;-1.331768;-0.02417608;3.007538;
WristRight;-1.429101;-0.2964354;2.886521;
WristLeft;-1.433662;-0.2703769;2.885413;
HandRight;-1.474498;-0.3763506;2.870952;
HandLeft;-1.441811;-0.3377929;2.873753;
Spine;-1.313354;-0.1181864;3.150272;
HipCenter;-1.289373;-0.192087;3.101314;
HipRight;-1.277331;-0.2284103;3.052538;
HipLeft;-1.293516;-0.244263;3.140378;
KneeRight;-1.296465;-0.6147785;3.187563;
KneeLeft;-1.41532;-0.6395129;3.056042;
AnkleRight;-1.452907;-0.8782423;3.189437;
AnkleLeft;-1.530068;-0.9248275;3.04119;
FootRight;-1.386047;-0.7874108;3.200161;
FootLeft;-1.443709;-0.8517753;3.034782;
Head;-1.352116;0.4476417;3.194377;
ShoulderCenter;-1.357519;0.2430985;3.136397;
ShoulderRight;-1.291894;0.1479996;3.028631;
ShoulderLeft;-1.391804;0.1809815;3.032701;
ElbowRight;-1.342524;-0.1095513;2.941669;
ElbowLeft;-1.36457;-0.02944162;3.007221;
WristRight;-1.473173;-0.3012301;2.911035;
WristLeft;-1.483106;-0.263639;2.877319;
HandRight;-1.492228;-0.3782972;2.880734;
HandLeft;-1.479817;-0.3527285;2.903563;
Spine;-1.306021;-0.1257601;3.159524;
HipCenter;-1.297775;-0.1979198;3.109168;
HipRight;-1.278505;-0.2278958;3.073208;
HipLeft;-1.312892;-0.2480366;3.142611;
KneeRight;-1.354163;-0.5832357;3.25597;
KneeLeft;-1.421377;-0.6770961;3.092031;
AnkleRight;-1.465103;-0.8648177;3.280375;
AnkleLeft;-1.764562;-0.7066028;2.922373;
FootRight;-1.398525;-0.7893132;3.22861;
FootLeft;-1.765015;-0.7461456;2.832236;
Head;-1.402888;0.4460677;3.192328;
ShoulderCenter;-1.409061;0.2421012;3.145977;
ShoulderRight;-1.324144;0.1034726;3.046031;
ShoulderLeft;-1.400935;0.1916046;3.032164;
ElbowRight;-1.37844;-0.1125779;2.954614;
ElbowLeft;-1.373778;-0.01822639;3.006781;
WristRight;-1.476723;-0.2973144;2.909675;
WristLeft;-1.491764;-0.251951;2.877412;
HandRight;-1.500985;-0.3561675;2.884386;
HandLeft;-1.488483;-0.3407911;2.903583;
Spine;-1.391814;-0.1161002;3.159945;
HipCenter;-1.369762;-0.1799882;3.112318;
HipRight;-1.338835;-0.2297493;3.050739;
HipLeft;-1.39015;-0.2434094;3.16122;
KneeRight;-1.385606;-0.5624819;3.273107;
KneeLeft;-1.490304;-0.6307755;3.055384;
AnkleRight;-1.489718;-0.8496158;3.237525;
AnkleLeft;-1.778481;-0.9183711;3.100348;
FootRight;-1.43174;-0.7869501;3.182113;
FootLeft;-1.775349;-0.8645747;3.036728;
Head;-1.430199;0.4424345;3.182122;
ShoulderCenter;-1.428855;0.2397659;3.148328;
ShoulderRight;-1.374553;0.1055895;3.021506;
ShoulderLeft;-1.420798;0.2066886;3.035111;
ElbowRight;-1.401677;-0.1162529;2.958893;
ElbowLeft;-1.393717;-0.002551302;3.009827;
WristRight;-1.49959;-0.3014567;2.920249;
WristLeft;-1.511155;-0.2358021;2.880989;
HandRight;-1.523359;-0.3612089;2.897236;
HandLeft;-1.507884;-0.3243863;2.907085;
Spine;-1.389107;-0.1146756;3.168521;
HipCenter;-1.386674;-0.1804664;3.11965;
HipRight;-1.368694;-0.2303938;3.065426;
HipLeft;-1.397983;-0.2416054;3.164889;
KneeRight;-1.439638;-0.577448;3.255126;
KneeLeft;-1.556507;-0.6004185;3.037657;
AnkleRight;-1.498454;-0.8750694;3.249774;
AnkleLeft;-1.624553;-0.896691;3.020132;
FootRight;-1.483938;-0.8052807;3.184466;
FootLeft;-1.562183;-0.8079554;3.048277;
Head;-1.475189;0.4452425;3.189817;
ShoulderCenter;-1.467599;0.2438397;3.148004;
ShoulderRight;-1.410278;0.1609741;3.03761;
ShoulderLeft;-1.459478;0.1986582;3.035625;
ElbowRight;-1.426413;-0.1188265;2.964143;
ElbowLeft;-1.480339;-0.005396739;3.054313;
WristRight;-1.509869;-0.3095315;2.922646;
WristLeft;-1.583687;-0.2471761;2.933032;
HandRight;-1.534869;-0.3707319;2.906451;
HandLeft;-1.539693;-0.3210796;2.965939;
Spine;-1.42684;-0.1177516;3.172919;
HipCenter;-1.412909;-0.184577;3.126366;
HipRight;-1.396954;-0.2205557;3.082371;
HipLeft;-1.421709;-0.2361673;3.165339;
KneeRight;-1.46087;-0.5749601;3.255377;
KneeLeft;-1.570404;-0.5902481;3.021482;
AnkleRight;-1.523134;-0.8692351;3.263663;
AnkleLeft;-1.720606;-0.9479178;2.863298;
FootRight;-1.473061;-0.8140244;3.221354;
FootLeft;-1.716819;-1.002512;2.769185;
Head;-1.499158;0.5073164;3.163712;
ShoulderCenter;-1.516963;0.3079928;3.1445;
ShoulderRight;-1.41153;0.166321;3.117635;
ShoulderLeft;-1.540532;0.2003054;3.041032;
ElbowRight;-1.463395;-0.09018099;2.98282;
ElbowLeft;-1.556392;-0.003484473;3.059874;
WristRight;-1.518823;-0.2907355;2.931258;
WristLeft;-1.659672;-0.2442435;2.938711;
HandRight;-1.533911;-0.3573007;2.913777;
HandLeft;-1.615776;-0.3179825;2.971544;
Spine;-1.490976;-0.08780935;3.17409;
HipCenter;-1.458378;-0.1618235;3.139439;
HipRight;-1.40905;-0.2187;3.083338;
HipLeft;-1.480444;-0.2268737;3.189566;
KneeRight;-1.496591;-0.5661826;3.255352;
KneeLeft;-1.55431;-0.5958992;3.030592;
AnkleRight;-1.521082;-0.864622;3.267174;
AnkleLeft;-1.629078;-0.9694277;2.856878;
FootRight;-1.485624;-0.8102564;3.216794;
FootLeft;-1.585611;-1.024345;2.775079;
Head;-1.493286;0.489036;3.175681;
ShoulderCenter;-1.547766;0.2957345;3.138061;
ShoulderRight;-1.479604;0.1523965;3.038493;
ShoulderLeft;-1.543281;0.1939846;3.033397;
ElbowRight;-1.485094;-0.1201342;2.967926;
ElbowLeft;-1.531309;-0.01904372;3.016243;
WristRight;-1.533711;-0.3218462;2.92671;
WristLeft;-1.632982;-0.262181;2.899069;
HandRight;-1.539713;-0.3585748;2.913365;
HandLeft;-1.589177;-0.3357666;2.931834;
Spine;-1.486978;-0.1058209;3.188314;
HipCenter;-1.47224;-0.1877635;3.156018;
HipRight;-1.452539;-0.2081418;3.13541;
HipLeft;-1.482364;-0.2274967;3.188382;
KneeRight;-1.514836;-0.5767019;3.27089;
KneeLeft;-1.575793;-0.6122087;3.103144;
AnkleRight;-1.514701;-0.8772831;3.259898;
AnkleLeft;-1.713553;-0.8767906;3.116838;
FootRight;-1.489075;-0.8100107;3.220578;
FootLeft;-1.620116;-0.8508446;3.170804;
Head;-1.550966;0.4973035;3.199312;
ShoulderCenter;-1.555169;0.2979065;3.139531;
ShoulderRight;-1.49538;0.1560192;3.045433;
ShoulderLeft;-1.545483;0.2008139;3.033984;
ElbowRight;-1.518509;-0.08411085;2.968219;
ElbowLeft;-1.57567;-0.004598767;3.03153;
WristRight;-1.542057;-0.2905296;2.932269;
WristLeft;-1.681985;-0.2392492;2.90163;
HandRight;-1.556719;-0.3559912;2.923798;
HandLeft;-1.638281;-0.3126661;2.934319;
Spine;-1.513207;-0.1086317;3.196158;
HipCenter;-1.496128;-0.1913528;3.170389;
HipRight;-1.482216;-0.22414;3.139136;
HipLeft;-1.503849;-0.2271322;3.207159;
KneeRight;-1.540798;-0.5870755;3.285489;
KneeLeft;-1.569932;-0.6128981;3.107255;
AnkleRight;-1.528594;-0.8868942;3.261943;
AnkleLeft;-1.707812;-0.8756917;3.125443;
FootRight;-1.509416;-0.8159109;3.225935;
FootLeft;-1.612464;-0.8507223;3.175988;
Head;-1.593665;0.4706822;3.130871;
ShoulderCenter;-1.573159;0.2780254;3.141843;
ShoulderRight;-1.528987;0.155355;3.034359;
ShoulderLeft;-1.533916;0.1575313;3.009768;
ElbowRight;-1.533676;-0.08941974;2.974995;
ElbowLeft;-1.570957;-0.04286586;3.028983;
WristRight;-1.572108;-0.2930889;2.936298;
WristLeft;-1.673018;-0.2838083;2.909132;
HandRight;-1.583746;-0.3594051;2.931293;
HandLeft;-1.629378;-0.3571159;2.941772;
Spine;-1.578608;-0.1205715;3.212105;
HipCenter;-1.537129;-0.1968407;3.221165;
HipRight;-1.537278;-0.2255174;3.196388;
HipLeft;-1.532069;-0.2221178;3.253453;
KneeRight;-1.605966;-0.6139441;3.247186;
KneeLeft;-1.607391;-0.5833268;3.08656;
AnkleRight;-1.540614;-0.9042144;3.251788;
AnkleLeft;-1.683669;-0.9491174;2.904838;
FootRight;-1.533893;-0.8259676;3.228978;
FootLeft;-1.601643;-1.005767;2.880163;
Head;-1.599987;0.4496394;3.135736;
ShoulderCenter;-1.619478;0.2606665;3.158789;
ShoulderRight;-1.574505;0.1452244;3.048189;
ShoulderLeft;-1.569062;0.1485736;3.023975;
ElbowRight;-1.583273;-0.1358765;3.039536;
ElbowLeft;-1.588457;-0.1184865;3.085557;
WristRight;-1.619062;-0.4147014;3.045638;
WristLeft;-1.688508;-0.3622273;2.972299;
HandRight;-1.630335;-0.4810426;3.041644;
HandLeft;-1.644936;-0.435421;3.004889;
Spine;-1.602736;-0.15984;3.261517;
HipCenter;-1.559179;-0.2365724;3.295382;
HipRight;-1.556432;-0.2466219;3.320709;
HipLeft;-1.557978;-0.2590803;3.278125;
KneeRight;-1.605401;-0.6413224;3.27865;
KneeLeft;-1.62576;-0.5819305;3.040761;
AnkleRight;-1.553935;-0.9323462;3.214308;
AnkleLeft;-1.694289;-0.908345;2.788072;
FootRight;-1.556886;-0.8285745;3.225015;
FootLeft;-1.611434;-0.9610046;2.797976;
Head;-1.598396;0.1703213;3.28879;
ShoulderCenter;-1.607589;-0.02540622;3.28796;
ShoulderRight;-1.563226;-0.1409841;3.177548;
ShoulderLeft;-1.561816;-0.1386825;3.155044;
ElbowRight;-1.702118;-0.2207419;3.019903;
ElbowLeft;-1.73327;-0.1840799;3.021729;
WristRight;-1.617298;-0.3999927;3.066667;
WristLeft;-1.754975;-0.4563597;2.945257;
HandRight;-1.628524;-0.4660594;3.062689;
HandLeft;-1.711584;-0.5292506;2.977712;
Spine;-1.665188;-0.2858928;3.33837;
HipCenter;-1.634798;-0.3412177;3.354008;
HipRight;-1.626808;-0.3211958;3.345786;
HipLeft;-1.643404;-0.3683915;3.363423;
KneeRight;-1.598961;-0.7118837;3.264033;
KneeLeft;-1.653731;-0.6752517;2.99718;
AnkleRight;-1.908545;-0.6589464;3.135278;
AnkleLeft;-1.661441;-0.9043404;2.707541;
FootRight;-1.824255;-0.7042108;3.13883;
FootLeft;-1.577151;-0.9496047;2.711093;
Head;-1.634812;0.1334077;3.285943;
ShoulderCenter;-1.640398;-0.06421915;3.272662;
ShoulderRight;-1.596035;-0.179797;3.16225;
ShoulderLeft;-1.594625;-0.1774954;3.139746;
ElbowRight;-1.7023;-0.3567526;3.133997;
ElbowLeft;-1.699977;-0.3208936;3.218221;
WristRight;-1.60625;-0.5386741;3.103676;
WristLeft;-1.785564;-0.5499286;3.06994;
HandRight;-1.617436;-0.6045035;3.099713;
HandLeft;-1.742329;-0.6225576;3.102279;
Spine;-1.688287;-0.3407221;3.340888;
HipCenter;-1.655865;-0.3974173;3.36028;
HipRight;-1.644973;-0.3716922;3.361455;
HipLeft;-1.666932;-0.4268998;3.359942;
KneeRight;-1.648658;-0.7609389;3.271973;
KneeLeft;-1.722375;-0.7738616;3.03954;
AnkleRight;-1.6414;-1.048764;3.178917;
AnkleLeft;-1.763692;-1.032424;2.784543;
FootRight;-1.637562;-0.9417395;3.203938;
FootLeft;-1.678625;-1.075942;2.788465;
Head;-1.677419;0.0380342;3.303091;
ShoulderCenter;-1.681133;-0.1593156;3.29052;
ShoulderRight;-1.63677;-0.2748935;3.180107;
ShoulderLeft;-1.63536;-0.2725918;3.157604;
ElbowRight;-1.712511;-0.3959531;3.30225;
ElbowLeft;-1.712775;-0.4504007;3.200418;
WristRight;-1.668077;-0.5749283;3.197644;
WristLeft;-1.810095;-0.6839633;3.070978;
HandRight;-1.679222;-0.6405165;3.193696;
HandLeft;-1.767018;-0.7563263;3.103199;
Spine;-1.679304;-0.08262955;3.29539;
HipCenter;-1.716485;-0.08584744;3.295356;
HipRight;-1.712505;-0.04443174;3.266605;
HipLeft;-1.729912;-0.1076325;3.321854;
KneeRight;-1.678688;-0.4786439;3.240734;
KneeLeft;-1.723011;-0.5036436;3.063663;
AnkleRight;-1.677498;-0.7730521;3.228376;
AnkleLeft;-1.717872;-0.7985057;2.855257;
FootRight;-1.618848;-0.7915738;3.175635;
FootLeft;-1.788824;-0.8615437;2.846442;
