Floor;-0.05124496;0.9982762;0.02861073;1.056422;
Head;-0.9926743;0.4053943;3.21089;
ShoulderCenter;-1.11113;0.2600636;3.127024;
ShoulderRight;-1.004322;-0.04225003;3.174139;
ShoulderLeft;-1.139382;0.1347694;2.990016;
ElbowRight;-0.9989353;-0.2529084;3.15095;
ElbowLeft;-1.1449;-0.0875607;2.91512;
WristRight;-0.955533;-0.09107707;3.219728;
WristLeft;-1.022356;-0.2914623;2.878749;
HandRight;-0.9410656;-0.0371333;3.246956;
HandLeft;-0.9733987;-0.3591066;2.876192;
Spine;-1.073528;-0.08398905;3.116001;
HipCenter;-1.066007;-0.1527996;3.116951;
HipRight;-1.028882;-0.2542707;3.150222;
HipLeft;-1.089659;-0.174612;3.076818;
KneeRight;-1.036515;-0.5170915;3.024557;
KneeLeft;-1.167325;-0.5003028;3.027464;
AnkleRight;-1.092196;-0.7451389;3.031981;
AnkleLeft;-1.117328;-0.7439426;3.02283;
FootRight;-1.019793;-0.7789825;2.988877;
FootLeft;-1.044925;-0.7777862;2.979726;
Head;-0.9765677;0.4148447;3.19553;
ShoulderCenter;-1.082287;0.2625585;3.122768;
ShoulderRight;-0.9953384;0.1222331;3.160537;
ShoulderLeft;-1.116365;0.139449;2.985597;
ElbowRight;-0.9579417;-0.114968;3.143333;
ElbowLeft;-1.104944;-0.09550163;2.913587;
WristRight;-0.956136;0.06064113;3.105349;
WristLeft;-1.020568;-0.2883382;2.875863;
HandRight;-0.9555341;0.1191775;3.096651;
HandLeft;-0.9744443;-0.3559495;2.873198;
Spine;-1.033348;-0.151793;3.115811;
HipCenter;-1.025371;-0.23482;3.11728;
HipRight;-0.999191;-0.281583;3.152592;
HipLeft;-1.045885;-0.2756437;3.077921;
KneeRight;-1.017328;-0.5572636;2.995379;
KneeLeft;-1.099311;-0.5730597;2.987695;
AnkleRight;-0.9294112;-0.7168259;3.038311;
AnkleLeft;-1.067107;-0.757347;3.028836;
FootRight;-0.8610085;-0.7502287;2.99218;
FootLeft;-0.9987047;-0.7907498;2.982706;
Head;-0.9365106;0.4191634;3.206158;
ShoulderCenter;-1.041906;0.2661985;3.119223;
ShoulderRight;-0.9430578;0.04102207;3.193754;
ShoulderLeft;-1.068728;0.1439351;2.98881;
ElbowRight;-0.9153664;-0.1345084;3.149701;
ElbowLeft;-1.093278;-0.09279686;2.921304;
WristRight;-0.9166903;-0.3257956;3.147465;
WristLeft;-1.000864;-0.3020171;2.87409;
HandRight;-0.9229591;-0.3718891;3.216646;
HandLeft;-0.9599314;-0.3746292;2.872681;
Spine;-1.003499;-0.08364689;3.103847;
HipCenter;-0.9966741;-0.1536932;3.103869;
HipRight;-0.9634183;-0.2303971;3.140184;
HipLeft;-1.019499;-0.1840419;3.060669;
KneeRight;-0.9896302;-0.5127491;3.012535;
KneeLeft;-0.897446;-0.5388258;3.029222;
AnkleRight;-0.9049189;-0.7380401;3.032219;
AnkleLeft;-1.069832;-0.7256936;3.118929;
FootRight;-0.8216107;-0.7759663;2.987085;
FootLeft;-1.06292;-0.7961462;3.043885;
Head;-0.9203691;0.4139995;3.199069;
ShoulderCenter;-0.9949145;0.268031;3.122589;
ShoulderRight;-0.9182833;0.1170423;3.182651;
ShoulderLeft;-1.051696;0.1450378;2.992188;
ElbowRight;-0.8875404;-0.1374359;3.178637;
ElbowLeft;-1.060855;-0.1019861;2.920923;
WristRight;-0.8927567;-0.3415089;3.322572;
WristLeft;-0.970108;-0.3423235;2.897478;
HandRight;-0.8768206;-0.4624589;3.375425;
HandLeft;-0.9501954;-0.3938714;2.873625;
Spine;-0.9651977;-0.08815562;3.111536;
HipCenter;-0.9583793;-0.1593907;3.112444;
HipRight;-0.9254407;-0.217103;3.150674;
HipLeft;-0.9781358;-0.2020188;3.069809;
KneeRight;-1.031841;-0.4969027;3.029485;
KneeLeft;-0.8013299;-0.5812981;3.066452;
AnkleRight;-0.8722079;-0.7520053;3.033042;
AnkleLeft;-1.012155;-0.7412155;3.140607;
FootRight;-0.7939858;-0.7908067;2.979954;
FootLeft;-1.060822;-0.8214085;3.123187;
Head;-0.8892138;0.4071129;3.168957;
ShoulderCenter;-0.9711974;0.2717447;3.127556;
ShoulderRight;-0.8963304;0.1470207;3.201129;
ShoulderLeft;-1.004197;0.1496926;2.994804;
ElbowRight;-0.8683943;-0.056554;3.249393;
ElbowLeft;-1.042833;-0.09456927;2.927962;
WristRight;-0.846586;-0.2884718;3.329749;
WristLeft;-0.9826253;-0.2862056;2.882682;
HandRight;-0.831456;-0.361537;3.351063;
HandLeft;-0.9697055;-0.3626697;2.879846;
Spine;-0.9385917;-0.103929;3.103872;
HipCenter;-0.930759;-0.1806064;3.101282;
HipRight;-0.9063721;-0.2277644;3.141529;
HipLeft;-0.9488057;-0.2309532;3.053535;
KneeRight;-0.8935347;-0.5967988;3.089153;
KneeLeft;-0.776347;-0.6100323;3.063179;
AnkleRight;-0.8329619;-0.8432288;3.046332;
AnkleLeft;-0.9239812;-0.8567199;3.081622;
FootRight;-0.8631878;-0.919375;3.057498;
FootLeft;-0.8796691;-0.9212675;3.055041;
Head;-0.8357915;0.4048159;3.206825;
ShoulderCenter;-0.9158621;0.265612;3.133948;
ShoulderRight;-0.8475796;0.1022902;3.197966;
ShoulderLeft;-0.9708464;0.1455955;2.995437;
ElbowRight;-0.8328228;-0.1159889;3.293996;
ElbowLeft;-1.022451;-0.09394059;2.918878;
WristRight;-0.7947296;-0.3487009;3.364872;
WristLeft;-0.9595806;-0.3356295;2.889222;
HandRight;-0.7488193;-0.4116611;3.381731;
HandLeft;-0.9591622;-0.4046763;2.882094;
Spine;-0.873813;-0.1383408;3.116049;
HipCenter;-0.8654032;-0.2191313;3.115649;
HipRight;-0.8340522;-0.2792387;3.155088;
HipLeft;-0.886227;-0.2601561;3.069678;
KneeRight;-0.8003857;-0.7351794;3.076758;
KneeLeft;-0.7423547;-0.6988445;3.068291;
AnkleRight;-0.7927585;-1.105315;3.078624;
AnkleLeft;-0.7915648;-1.018685;3.071727;
FootRight;-0.7570811;-1.179379;3.133978;
FootLeft;-0.7558956;-1.12318;3.098876;
Head;-0.7970774;0.4075728;3.209146;
ShoulderCenter;-0.887467;0.266688;3.134857;
ShoulderRight;-0.8186287;0.1384889;3.219139;
ShoulderLeft;-0.9448823;0.1482154;2.998683;
ElbowRight;-0.806109;-0.08536224;3.310643;
ElbowLeft;-0.9899968;-0.0958247;2.922654;
WristRight;-0.7279429;-0.3138339;3.373382;
WristLeft;-0.951627;-0.3454651;2.892199;
HandRight;-0.6764557;-0.4263909;3.397032;
HandLeft;-0.9469835;-0.4310203;2.893151;
Spine;-0.8430785;-0.1359343;3.110205;
HipCenter;-0.8340203;-0.2164279;3.108385;
HipRight;-0.8020037;-0.2734599;3.150682;
HipLeft;-0.8521571;-0.2663716;3.05623;
KneeRight;-0.7395741;-0.7494096;3.076746;
KneeLeft;-0.7018518;-0.7253237;3.072556;
AnkleRight;-0.7421563;-1.088266;3.08965;
AnkleLeft;-0.9896255;-0.838789;3.190233;
FootRight;-0.6402959;-1.140254;3.086225;
FootLeft;-0.9050083;-0.9118973;3.166043;
Head;-0.7698998;0.4203181;3.202612;
ShoulderCenter;-0.8493285;0.2636186;3.14093;
ShoulderRight;-0.7557044;0.04821821;3.205663;
ShoulderLeft;-0.8887825;0.1400299;3.001445;
ElbowRight;-0.7452603;-0.1622547;3.343342;
ElbowLeft;-0.9632893;-0.1024841;2.914219;
WristRight;-0.657349;-0.3413132;3.391162;
WristLeft;-0.9425523;-0.3530663;2.89225;
HandRight;-0.6094669;-0.3997323;3.398807;
HandLeft;-0.9420954;-0.4416422;2.894185;
Spine;-0.8151305;-0.137111;3.108806;
HipCenter;-0.8079996;-0.2173099;3.105904;
HipRight;-0.7663908;-0.2924803;3.143002;
HipLeft;-0.8330818;-0.257762;3.055952;
KneeRight;-0.6850393;-0.7685015;3.073873;
KneeLeft;-0.667904;-0.7270427;3.074018;
AnkleRight;-0.5960164;-1.110038;3.0711;
AnkleLeft;-0.9752618;-0.8259557;3.192125;
FootRight;-0.4889702;-1.152642;3.077131;
FootLeft;-0.8802909;-0.887122;3.168681;
Head;-0.7029279;0.4031167;3.214168;
ShoulderCenter;-0.7998317;0.2564259;3.132699;
ShoulderRight;-0.7263798;0.078932;3.204941;
ShoulderLeft;-0.8660989;0.1366491;3.001718;
ElbowRight;-0.7123348;-0.1302806;3.342964;
ElbowLeft;-0.9296767;-0.1170468;2.923418;
WristRight;-0.5988089;-0.3464126;3.389021;
WristLeft;-0.9253047;-0.3690142;2.891434;
HandRight;-0.5567627;-0.3958865;3.410106;
HandLeft;-0.9324763;-0.4578146;2.895488;
Spine;-0.7794471;-0.1405303;3.100799;
HipCenter;-0.7753239;-0.2200168;3.09789;
HipRight;-0.7458873;-0.2890163;3.13803;
HipLeft;-0.8014947;-0.2621336;3.04757;
KneeRight;-0.6612808;-0.7627167;3.075139;
KneeLeft;-0.6144825;-0.7364318;3.078745;
AnkleRight;-0.4780042;-1.084721;3.073833;
AnkleLeft;-0.953222;-0.8161829;3.181791;
FootRight;-0.4002329;-1.122871;3.023198;
FootLeft;-0.9643229;-0.9004446;3.188907;
Head;-0.6911297;0.3996197;3.213014;
ShoulderCenter;-0.7709205;0.2490578;3.134151;
ShoulderRight;-0.6918863;0.121442;3.199986;
ShoulderLeft;-0.8105018;0.1305062;3.007593;
ElbowRight;-0.6666044;-0.09585599;3.323139;
ElbowLeft;-0.8945839;-0.1148156;2.925136;
WristRight;-0.5556253;-0.3181136;3.402395;
WristLeft;-0.9066162;-0.3749944;2.88389;
HandRight;-0.4978784;-0.3881821;3.410456;
HandLeft;-0.9076738;-0.4650421;2.889848;
Spine;-0.7436239;-0.1399799;3.105274;
HipCenter;-0.7378271;-0.2175981;3.10295;
HipRight;-0.7090308;-0.2863283;3.140682;
HipLeft;-0.7561724;-0.255944;3.055665;
KneeRight;-0.6599703;-0.6507838;3.062125;
KneeLeft;-0.7216781;-0.6516874;3.076866;
AnkleRight;-0.4623873;-0.9796936;3.062065;
AnkleLeft;-0.966593;-0.8577067;3.197895;
FootRight;-0.3686052;-1.040225;3.058395;
FootLeft;-0.9544877;-0.937399;3.180104;
Head;-0.62095;0.3903088;3.229278;
ShoulderCenter;-0.7173573;0.2500391;3.139277;
ShoulderRight;-0.6581033;0.1287964;3.192788;
ShoulderLeft;-0.7674038;0.1281661;3.008309;
ElbowRight;-0.633415;-0.08291171;3.322285;
ElbowLeft;-0.842453;-0.1200361;2.929833;
WristRight;-0.5243863;-0.3033124;3.405688;
WristLeft;-0.8664656;-0.3818063;2.887929;
HandRight;-0.4530695;-0.3830843;3.408417;
HandLeft;-0.8775536;-0.4716979;2.893414;
Spine;-0.6877706;-0.140409;3.115491;
HipCenter;-0.6818533;-0.2184986;3.114086;
HipRight;-0.6539258;-0.2832093;3.149976;
HipLeft;-0.7022731;-0.2528649;3.069969;
KneeRight;-0.5686783;-0.7642479;3.083255;
KneeLeft;-0.8490301;-0.6250275;3.166944;
AnkleRight;-0.3695106;-1.092992;3.078807;
AnkleLeft;-0.9416087;-0.8869669;3.201715;
FootRight;-0.277561;-1.149849;3.079793;
FootLeft;-0.9682886;-0.9579117;3.176405;
Head;-0.5903968;0.3995129;3.206298;
ShoulderCenter;-0.674536;0.2427882;3.142633;
ShoulderRight;-0.5843645;0.04843962;3.209568;
ShoulderLeft;-0.73307;0.1216138;3.006174;
ElbowRight;-0.5729518;-0.1530327;3.352161;
ElbowLeft;-0.8031355;-0.1279263;2.931261;
WristRight;-0.4568391;-0.3422492;3.408204;
WristLeft;-0.8296459;-0.3871256;2.877644;
HandRight;-0.4155723;-0.394788;3.412956;
HandLeft;-0.8420562;-0.4909327;2.879651;
Spine;-0.6594605;-0.1492335;3.107335;
HipCenter;-0.655558;-0.2277024;3.103924;
HipRight;-0.6148657;-0.2933191;3.131689;
HipLeft;-0.6878835;-0.2608224;3.063786;
KneeRight;-0.5315624;-0.7671291;3.083457;
KneeLeft;-0.8171662;-0.6333802;3.17092;
AnkleRight;-0.3616275;-1.11101;3.086179;
AnkleLeft;-0.9218041;-0.8918284;3.199774;
FootRight;-0.26337;-1.15004;3.075498;
FootLeft;-0.9248983;-0.9677438;3.179868;
Head;-0.5446183;0.3817552;3.242938;
ShoulderCenter;-0.6296671;0.2418478;3.139302;
ShoulderRight;-0.5441437;0.04734264;3.201445;
ShoulderLeft;-0.6861712;0.1186036;3.006958;
ElbowRight;-0.5278504;-0.1598124;3.336467;
ElbowLeft;-0.7521902;-0.1317749;2.931096;
WristRight;-0.45049;-0.3392722;3.404258;
WristLeft;-0.7778902;-0.3909476;2.877296;
HandRight;-0.3853033;-0.395456;3.412866;
HandLeft;-0.7894587;-0.4949262;2.887999;
Spine;-0.6087825;-0.1537928;3.099262;
HipCenter;-0.6050901;-0.2329108;3.094655;
HipRight;-0.5717518;-0.2918293;3.126746;
HipLeft;-0.636731;-0.277854;3.050207;
KneeRight;-0.5051877;-0.7651935;3.089581;
KneeLeft;-0.7916479;-0.6932794;3.20239;
AnkleRight;-0.3707373;-1.12012;3.103379;
AnkleLeft;-0.903695;-0.9507964;3.202522;
FootRight;-0.2728119;-1.158576;3.110323;
FootLeft;-0.9640167;-0.9156952;3.167848;
Head;-0.5067433;0.4000344;3.196119;
ShoulderCenter;-0.5952156;0.2468005;3.136569;
ShoulderRight;-0.4886225;0.02263971;3.200437;
ShoulderLeft;-0.6437958;0.1244613;3.009135;
ElbowRight;-0.4616532;-0.2253138;3.274226;
ElbowLeft;-0.7070269;-0.1306538;2.924356;
WristRight;-0.3974607;-0.3512384;3.400299;
WristLeft;-0.7252433;-0.3965692;2.873665;
HandRight;-0.3392406;-0.4086035;3.413739;
HandLeft;-0.7328453;-0.4901073;2.872642;
Spine;-0.5693269;-0.1463873;3.094147;
HipCenter;-0.5637076;-0.2249027;3.088945;
HipRight;-0.5243363;-0.2950982;3.121725;
HipLeft;-0.5916394;-0.2663507;3.040846;
KneeRight;-0.4744948;-0.7661699;3.098954;
KneeLeft;-0.7342191;-0.6101957;3.200794;
AnkleRight;-0.3683692;-1.122643;3.102521;
AnkleLeft;-0.8655118;-0.9038061;3.193412;
FootRight;-0.268543;-1.158991;3.105078;
FootLeft;-0.795849;-0.9380448;3.143273;
Head;-0.4960462;0.4232932;3.170144;
ShoulderCenter;-0.544132;0.2496578;3.127763;
ShoulderRight;-0.4548286;0.04886556;3.198244;
ShoulderLeft;-0.6116254;0.1271745;3.000535;
ElbowRight;-0.4283385;-0.1327555;3.245126;
ElbowLeft;-0.6568528;-0.1305372;2.929392;
WristRight;-0.3917615;-0.3448101;3.390696;
WristLeft;-0.6602631;-0.3964114;2.883244;
HandRight;-0.3386897;-0.4084958;3.413073;
HandLeft;-0.6786988;-0.4889023;2.870637;
Spine;-0.5129219;-0.1451561;3.089467;
HipCenter;-0.5066798;-0.2241188;3.085208;
HipRight;-0.4699728;-0.2852992;3.11384;
HipLeft;-0.5353532;-0.2645654;3.044463;
KneeRight;-0.4483073;-0.7659184;3.103049;
KneeLeft;-0.6372553;-0.6191816;3.198004;
AnkleRight;-0.3686611;-1.119832;3.10226;
AnkleLeft;-0.8369807;-0.9492635;3.19862;
FootRight;-0.2699436;-1.160177;3.114748;
FootLeft;-0.7666323;-0.9837656;3.147844;
Head;-0.4178086;0.4065234;3.209711;
ShoulderCenter;-0.5141124;0.255841;3.130761;
ShoulderRight;-0.433191;0.1361778;3.190785;
ShoulderLeft;-0.555559;0.1296901;3.002624;
ElbowRight;-0.3975958;-0.1205346;3.243916;
ElbowLeft;-0.6059632;-0.132524;2.926691;
WristRight;-0.3697399;-0.3449386;3.380025;
WristLeft;-0.6042687;-0.3962985;2.874177;
HandRight;-0.3259815;-0.4299503;3.409857;
HandLeft;-0.6032283;-0.488563;2.884986;
Spine;-0.4618754;-0.1305604;3.095344;
HipCenter;-0.4530768;-0.2081803;3.091519;
HipRight;-0.421526;-0.2605185;3.122079;
HipLeft;-0.4743879;-0.2461737;3.050492;
KneeRight;-0.434641;-0.7636263;3.110705;
KneeLeft;-0.5840204;-0.7072909;3.230778;
AnkleRight;-0.373549;-1.117972;3.099904;
AnkleLeft;-0.8254214;-1.015127;3.219133;
FootRight;-0.2861283;-1.170145;3.142936;
FootLeft;-0.844582;-1.113547;3.265637;
Head;-0.4050436;0.4385396;3.187257;
ShoulderCenter;-0.4680248;0.2654469;3.134567;
ShoulderRight;-0.4017373;0.1427498;3.193294;
ShoulderLeft;-0.5229177;0.1315773;3.006926;
ElbowRight;-0.358546;-0.1155514;3.248012;
ElbowLeft;-0.5570743;-0.1356614;2.943483;
WristRight;-0.3375453;-0.3537286;3.368802;
WristLeft;-0.5270294;-0.4060349;2.893292;
HandRight;-0.3192692;-0.4181727;3.378781;
HandLeft;-0.531164;-0.4732257;2.885881;
Spine;-0.427932;-0.116914;3.106244;
HipCenter;-0.4183702;-0.1928725;3.104352;
HipRight;-0.382266;-0.2420175;3.139392;
HipLeft;-0.4435482;-0.2366673;3.060741;
KneeRight;-0.4290094;-0.7495365;3.124891;
KneeLeft;-0.563265;-0.7079464;3.227546;
AnkleRight;-0.3518354;-1.104571;3.10015;
AnkleLeft;-0.8226454;-0.9431359;3.192467;
FootRight;-0.3058851;-1.166542;3.072402;
FootLeft;-0.8161063;-1.046522;3.232117;
Head;-0.3322739;0.4201266;3.223615;
ShoulderCenter;-0.4305852;0.2698233;3.1353;
ShoulderRight;-0.3523011;0.1491166;3.19461;
ShoulderLeft;-0.4807478;0.1493418;3.009222;
ElbowRight;-0.3145362;-0.1119954;3.249469;
ElbowLeft;-0.4950514;-0.09675349;2.945844;
WristRight;-0.2948562;-0.352962;3.369387;
WristLeft;-0.4628237;-0.296281;2.902128;
HandRight;-0.2773382;-0.4175824;3.371006;
HandLeft;-0.4669123;-0.3627254;2.894799;
Spine;-0.3770548;-0.1285907;3.112668;
HipCenter;-0.3674846;-0.2084063;3.111556;
HipRight;-0.3376712;-0.2653414;3.142452;
HipLeft;-0.3859212;-0.2463532;3.073171;
KneeRight;-0.3833098;-0.7592924;3.179956;
KneeLeft;-0.532998;-0.7146455;3.233206;
AnkleRight;-0.3561561;-1.109431;3.103583;
AnkleLeft;-0.6916042;-0.9878899;3.191191;
FootRight;-0.2734531;-1.160245;3.089635;
FootLeft;-0.6175762;-1.023024;3.140252;
Head;-0.2961043;0.4384316;3.227243;
ShoulderCenter;-0.3843635;0.2815414;3.133184;
ShoulderRight;-0.3097332;0.1546533;3.197964;
ShoulderLeft;-0.4490948;0.1520862;3.008948;
ElbowRight;-0.2663585;-0.1076127;3.25367;
ElbowLeft;-0.4351276;-0.1060369;2.938939;
WristRight;-0.2453594;-0.3502509;3.374839;
WristLeft;-0.3551311;-0.3694358;2.925705;
HandRight;-0.2293814;-0.4147603;3.375873;
HandLeft;-0.3510914;-0.4399695;2.911189;
Spine;-0.3492311;-0.1106823;3.123869;
HipCenter;-0.3404879;-0.1883885;3.125666;
HipRight;-0.300418;-0.2415034;3.163265;
HipLeft;-0.3690478;-0.232242;3.084033;
KneeRight;-0.2193173;-0.6709005;3.283984;
KneeLeft;-0.3362175;-0.727525;3.081842;
AnkleRight;-0.3316935;-1.033093;3.131192;
AnkleLeft;-0.5890172;-1.000325;3.199924;
FootRight;-0.2794222;-1.128809;3.107855;
FootLeft;-0.5951531;-1.083835;3.273591;
Head;-0.2524128;0.4321442;3.22374;
ShoulderCenter;-0.3625396;0.2843489;3.137923;
ShoulderRight;-0.2848729;0.1577576;3.203247;
ShoulderLeft;-0.3937374;0.1502118;3.015331;
ElbowRight;-0.2447137;-0.1065627;3.258968;
ElbowLeft;-0.3782267;-0.09802194;2.937218;
WristRight;-0.2245213;-0.3504528;3.381019;
WristLeft;-0.2891189;-0.3633795;2.92964;
HandRight;-0.2077885;-0.4141821;3.382176;
HandLeft;-0.2556823;-0.4460132;2.926355;
Spine;-0.3218204;-0.1043868;3.119903;
HipCenter;-0.3140828;-0.1820908;3.119723;
HipRight;-0.2806759;-0.2324762;3.158644;
HipLeft;-0.3364642;-0.2279729;3.073705;
KneeRight;-0.1915531;-0.6794233;3.273885;
KneeLeft;-0.3361033;-0.7313977;3.083535;
AnkleRight;-0.3026661;-1.050126;3.121975;
AnkleLeft;-0.5697138;-1.022781;3.197743;
FootRight;-0.2403577;-1.141512;3.140824;
FootLeft;-0.4745054;-1.069776;3.161468;
Head;-0.2000342;0.4376174;3.238087;
ShoulderCenter;-0.3065243;0.2903167;3.136915;
ShoulderRight;-0.2296799;0.1635824;3.202008;
ShoulderLeft;-0.3584375;0.1531535;3.020669;
ElbowRight;-0.1885042;-0.1012286;3.258186;
ElbowLeft;-0.3289209;-0.08705865;2.928917;
WristRight;-0.1680893;-0.3460678;3.380959;
WristLeft;-0.2053023;-0.3395074;2.922672;
HandRight;-0.1516875;-0.4093482;3.38202;
HandLeft;-0.1502287;-0.421749;2.913584;
Spine;-0.2743172;-0.1164325;3.113449;
HipCenter;-0.2678097;-0.1977776;3.112178;
HipRight;-0.2335391;-0.2524519;3.145176;
HipLeft;-0.3017457;-0.2280073;3.07261;
KneeRight;-0.1483503;-0.7318852;3.265933;
KneeLeft;-0.3271528;-0.7469233;3.087253;
AnkleRight;-0.2834994;-1.085166;3.219409;
AnkleLeft;-0.3742147;-1.111543;3.107297;
FootRight;-0.2420439;-1.174962;3.276447;
FootLeft;-0.2836915;-1.166197;3.083076;
Head;-0.1531505;0.430086;3.230126;
ShoulderCenter;-0.2761298;0.2892775;3.14254;
ShoulderRight;-0.1992854;0.1625431;3.207633;
ShoulderLeft;-0.315678;0.1514779;3.015574;
ElbowRight;-0.1581097;-0.1022679;3.263824;
ElbowLeft;-0.2611381;-0.1002178;2.921273;
WristRight;-0.137573;-0.3485675;3.38742;
WristLeft;-0.1102063;-0.339212;2.918211;
HandRight;-0.1212996;-0.4113526;3.388473;
HandLeft;-0.07006931;-0.3998651;2.917662;
Spine;-0.2426404;-0.1033472;3.108472;
HipCenter;-0.2350089;-0.1812154;3.104727;
HipRight;-0.2009757;-0.2463232;3.145932;
HipLeft;-0.257834;-0.2168166;3.048871;
KneeRight;-0.1269282;-0.7663676;3.251132;
KneeLeft;-0.3146358;-0.7495822;3.090302;
AnkleRight;-0.2241381;-1.10886;3.221297;
AnkleLeft;-0.366008;-1.116645;3.117592;
FootRight;-0.1830698;-1.178362;3.242449;
FootLeft;-0.284736;-1.165412;3.082118;
Head;-0.2455295;0.4284127;3.17933;
ShoulderCenter;-0.2193393;0.2145257;3.137626;
ShoulderRight;-0.1424949;0.08779135;3.202719;
ShoulderLeft;-0.2828085;0.1543012;3.014704;
ElbowRight;-0.1013192;-0.1770197;3.258899;
ElbowLeft;-0.1994819;-0.1025965;2.922133;
WristRight;-0.08065136;-0.4248921;3.383367;
WristLeft;-0.02927902;-0.3255467;2.913239;
HandRight;-0.06443482;-0.4874579;3.384416;
HandLeft;0.0148787;-0.3915756;2.912398;
Spine;-0.2060419;-0.1275716;3.10999;
HipCenter;-0.2083613;-0.1941068;3.107263;
HipRight;-0.1799182;-0.2577701;3.142873;
HipLeft;-0.2304991;-0.2356978;3.06098;
KneeRight;-0.07324339;-0.7625585;3.243511;
KneeLeft;-0.2995573;-0.7494821;3.085247;
AnkleRight;-0.1214706;-1.103785;3.233322;
AnkleLeft;-0.3660386;-1.116843;3.117403;
FootRight;-0.02299514;-1.14414;3.27953;
FootLeft;-0.286303;-1.164849;3.082301;
Head;-0.2199582;0.4225035;3.183911;
ShoulderCenter;-0.1895677;0.2154088;3.143911;
ShoulderRight;-0.1127233;0.08867449;3.209004;
ShoulderLeft;-0.2321616;0.1522009;3.022359;
ElbowRight;-0.07154754;-0.1761365;3.265165;
ElbowLeft;-0.1467584;-0.08798757;2.921549;
WristRight;-0.05078396;-0.4251575;3.390265;
WristLeft;0.02783544;-0.314499;2.905077;
HandRight;-0.03462184;-0.4875134;3.39131;
HandLeft;0.08704104;-0.3752437;2.909533;
Spine;-0.1674431;-0.1617404;3.115887;
HipCenter;-0.1646962;-0.23722;3.113357;
HipRight;-0.1351871;-0.297064;3.14498;
HipLeft;-0.1906656;-0.2746436;3.071783;
KneeRight;-0.02181532;-0.7471653;3.234673;
KneeLeft;-0.260132;-0.7404526;3.088774;
AnkleRight;0.008928902;-1.086946;3.219774;
AnkleLeft;-0.3621697;-1.116871;3.114239;
FootRight;0.09177959;-1.121254;3.225614;
FootLeft;-0.287524;-1.164748;3.082915;
Head;-0.1613892;0.4097852;3.207239;
ShoulderCenter;-0.1354275;0.2231703;3.154772;
ShoulderRight;-0.0585831;0.0964359;3.219865;
ShoulderLeft;-0.1784211;0.1556853;3.028355;
ElbowRight;-0.01740734;-0.1683751;3.276002;
ElbowLeft;-0.09179041;-0.09959807;2.921553;
WristRight;0.003481971;-0.4189041;3.401933;
WristLeft;0.1020168;-0.3071084;2.90539;
HandRight;0.01959789;-0.4810816;3.402976;
HandLeft;0.1588052;-0.3610038;2.913459;
Spine;-0.1215747;-0.1630367;3.12431;
HipCenter;-0.1180995;-0.2402523;3.12178;
HipRight;-0.09066261;-0.2999012;3.155085;
HipLeft;-0.1411945;-0.2777125;3.07866;
KneeRight;0.02782002;-0.7575281;3.225353;
KneeLeft;-0.2155637;-0.7214021;3.089337;
AnkleRight;0.1342594;-1.091068;3.213388;
AnkleLeft;-0.3559016;-1.104806;3.111669;
FootRight;0.2171101;-1.125377;3.219227;
FootLeft;-0.2864954;-1.164874;3.083366;
Head;-0.1343374;0.4074877;3.208112;
ShoulderCenter;-0.1023415;0.2235495;3.161309;
ShoulderRight;-0.02549706;0.09681512;3.226402;
ShoulderLeft;-0.142854;0.1509438;3.030306;
ElbowRight;0.01567869;-0.1679959;3.282511;
ElbowLeft;-0.04121129;-0.09220212;2.925591;
WristRight;0.03666595;-0.4196995;3.409083;
WristLeft;0.1566258;-0.2897955;2.91567;
HandRight;0.05278257;-0.4818798;3.410126;
HandLeft;0.2167343;-0.351075;2.929325;
Spine;-0.08942757;-0.1649519;3.121876;
HipCenter;-0.08693279;-0.2426177;3.117527;
HipRight;-0.05857536;-0.3027136;3.151424;
HipLeft;-0.1117488;-0.2808735;3.071552;
KneeRight;0.07878066;-0.7964901;3.216238;
KneeLeft;-0.1442162;-0.744895;3.129081;
AnkleRight;0.2662679;-1.098162;3.228473;
AnkleLeft;-0.3510168;-1.102299;3.111585;
FootRight;0.3684902;-1.100252;3.281383;
FootLeft;-0.285623;-1.165004;3.08369;
Head;-0.1018501;0.4557492;3.20552;
ShoulderCenter;-0.06269626;0.2723433;3.175006;
ShoulderRight;0.01414813;0.145609;3.240098;
ShoulderLeft;-0.107659;0.1322633;3.037449;
ElbowRight;0.05532388;-0.119202;3.296084;
ElbowLeft;-0.01161664;-0.08967596;2.930499;
WristRight;0.07636321;-0.37153;3.422942;
WristLeft;0.2047454;-0.2821988;2.926673;
HandRight;0.09242891;-0.4335138;3.423981;
HandLeft;0.2686177;-0.3366008;2.932168;
Spine;-0.04157556;-0.1645887;3.123491;
HipCenter;-0.03608786;-0.2519655;3.11667;
HipRight;-0.006802538;-0.2992156;3.142511;
HipLeft;-0.06131775;-0.2846261;3.079788;
KneeRight;0.1138112;-0.7873877;3.207355;
KneeLeft;-0.105817;-0.7362127;3.125098;
AnkleRight;0.2659017;-1.088915;3.21426;
AnkleLeft;-0.3353914;-1.081496;3.110094;
FootRight;0.3741554;-1.090917;3.258235;
FootLeft;-0.2847186;-1.165056;3.084406;
Head;-0.04853139;0.4520561;3.201349;
ShoulderCenter;-0.01226236;0.2675625;3.177017;
ShoulderRight;0.06458203;0.1408282;3.24211;
ShoulderLeft;-0.05653087;0.1277183;3.040508;
ElbowRight;0.1057578;-0.1239828;3.297999;
ElbowLeft;0.06506836;-0.1187942;2.932997;
WristRight;0.1269007;-0.377553;3.425502;
WristLeft;0.219095;-0.2804754;2.924236;
HandRight;0.1429429;-0.4394462;3.42654;
HandLeft;0.2841668;-0.3319315;2.927871;
Spine;0.0036728;-0.1624401;3.125369;
HipCenter;0.00580082;-0.2486141;3.11846;
HipRight;0.03663221;-0.3024851;3.149982;
HipLeft;-0.02040528;-0.2862175;3.074317;
KneeRight;0.161533;-0.7592031;3.215018;
KneeLeft;-0.1516117;-0.7414451;3.083677;
AnkleRight;0.2704571;-1.078893;3.195478;
AnkleLeft;-0.3497426;-1.103136;3.110274;
FootRight;0.373273;-1.104501;3.244934;
FootLeft;-0.2807676;-1.164763;3.092524;
Head;0.001451807;0.3831309;3.228031;
ShoulderCenter;0.02936225;0.1969359;3.171601;
ShoulderRight;0.1062066;0.07020155;3.236694;
ShoulderLeft;-0.02552612;0.1260037;3.049092;
ElbowRight;0.1473824;-0.1946095;3.292557;
ElbowLeft;0.08082433;-0.1086722;2.933774;
WristRight;0.1686;-0.4490758;3.420547;
WristLeft;0.2875492;-0.2835896;2.926464;
HandRight;0.1845648;-0.5106703;3.42158;
HandLeft;0.3350447;-0.3258429;2.923522;
Spine;0.05120401;-0.1917797;3.139922;
HipCenter;0.05557236;-0.2695228;3.137049;
HipRight;0.08206186;-0.3155805;3.158229;
HipLeft;0.03267768;-0.3040145;3.107257;
KneeRight;0.1935323;-0.754149;3.219242;
KneeLeft;-0.1293652;-0.777324;3.086684;
AnkleRight;0.2785202;-1.066762;3.179979;
AnkleLeft;-0.3494803;-1.112601;3.111115;
FootRight;0.3837269;-1.112548;3.208482;
FootLeft;-0.2632589;-1.16661;3.104703;
Head;0.02309672;0.4473038;3.234135;
ShoulderCenter;0.06356597;0.2642128;3.173927;
ShoulderRight;0.1404104;0.1374784;3.23902;
ShoulderLeft;0.02672077;0.1274284;3.060748;
ElbowRight;0.1815861;-0.1273326;3.29478;
ElbowLeft;0.10812;-0.09930624;2.937856;
WristRight;0.2028536;-0.3823966;3.423052;
WristLeft;0.3021366;-0.2844981;2.924676;
HandRight;0.218878;-0.4442211;3.424089;
HandLeft;0.3726483;-0.3344294;2.922826;
Spine;0.09658729;-0.1721697;3.133822;
HipCenter;0.1027279;-0.2595265;3.129358;
HipRight;0.1306356;-0.3028792;3.149772;
HipLeft;0.08118766;-0.2855248;3.100934;
KneeRight;0.2422313;-0.739489;3.231328;
KneeLeft;-0.04623267;-0.7730181;3.100241;
AnkleRight;0.2823187;-1.064244;3.182021;
AnkleLeft;-0.3148342;-1.090221;3.100823;
FootRight;0.3807575;-1.122705;3.21242;
FootLeft;-0.2623337;-1.164471;3.10679;
Head;0.09735319;0.4494933;3.22415;
ShoulderCenter;0.1095569;0.261423;3.170758;
ShoulderRight;0.1952528;0.1156662;3.085972;
ShoulderLeft;0.05973115;0.1276582;3.063716;
ElbowRight;0.06546358;-0.06715413;3.082429;
ElbowLeft;0.1582186;-0.0982358;2.944798;
WristRight;0.08670175;-0.321867;3.21057;
WristLeft;0.3248058;-0.2864131;2.922767;
HandRight;0.102738;-0.383737;3.211608;
HandLeft;0.3886278;-0.3447698;2.921918;
Spine;0.1410898;-0.1824436;3.185999;
HipCenter;0.1557668;-0.2663047;3.141917;
HipRight;0.1857559;-0.3127457;3.158913;
HipLeft;0.1317159;-0.2905299;3.119178;
KneeRight;0.2608252;-0.7399626;3.229237;
KneeLeft;0.001332717;-0.7380343;3.076669;
AnkleRight;0.2890434;-1.063675;3.183508;
AnkleLeft;-0.2592105;-1.062151;3.083349;
FootRight;0.3820069;-1.124546;3.211102;
FootLeft;-0.2291064;-1.16406;3.087528;
Head;0.1244675;0.4563821;3.232988;
ShoulderCenter;0.1519066;0.2695675;3.176497;
ShoulderRight;0.2343018;0.1236009;3.091603;
ShoulderLeft;0.09192504;0.09565404;3.061454;
ElbowRight;0.1020566;-0.04608461;3.057391;
ElbowLeft;0.1850206;-0.1084542;2.954582;
WristRight;0.1400038;-0.2928492;3.193054;
WristLeft;0.3274799;-0.2860004;2.924463;
HandRight;0.1561208;-0.3550309;3.194097;
HandLeft;0.3937663;-0.3421761;2.926794;
Spine;0.1756932;-0.172866;3.182624;
HipCenter;0.190774;-0.2551225;3.135914;
HipRight;0.2285307;-0.3012953;3.153929;
HipLeft;0.1595718;-0.2887029;3.110225;
KneeRight;0.2828499;-0.7401769;3.206166;
KneeLeft;0.1264766;-0.6807894;3.063389;
AnkleRight;0.2987016;-1.064767;3.185702;
AnkleLeft;-0.1725269;-0.9719384;3.072032;
FootRight;0.3819742;-1.124812;3.211437;
FootLeft;-0.200718;-1.086759;3.079726;
Head;0.1548333;0.4665083;3.228328;
ShoulderCenter;0.1837316;0.2785587;3.183445;
ShoulderRight;0.2380281;0.1233197;3.088323;
ShoulderLeft;0.1441083;0.1410134;3.068031;
ElbowRight;0.1049539;-0.04511416;3.054454;
ElbowLeft;0.2274317;-0.1174501;2.960391;
WristRight;0.1417628;-0.2918662;3.189103;
WristLeft;0.3452944;-0.2954868;2.923239;
HandRight;0.1580012;-0.3545165;3.190154;
HandLeft;0.4041812;-0.3603028;2.922503;
Spine;0.1905551;-0.1701409;3.172178;
HipCenter;0.2063923;-0.2514555;3.121824;
HipRight;0.2341168;-0.2951822;3.141564;
HipLeft;0.1893274;-0.274552;3.08996;
KneeRight;0.2863498;-0.7523379;3.13965;
KneeLeft;0.1853855;-0.7046194;3.059525;
AnkleRight;0.3066596;-1.070321;3.184185;
AnkleLeft;-0.1224712;-0.9858785;3.077719;
FootRight;0.3959275;-1.128432;3.238669;
FootLeft;-0.1324073;-1.104497;3.089771;
Head;0.2110563;0.4764684;3.241664;
ShoulderCenter;0.2228284;0.2869613;3.183308;
ShoulderRight;0.2793537;0.129643;3.079967;
ShoulderLeft;0.201625;0.1513685;3.073222;
ElbowRight;0.1814649;-0.0603583;3.056152;
ElbowLeft;0.2377113;-0.1143087;2.96421;
WristRight;0.2291104;-0.2826448;3.192147;
WristLeft;0.388404;-0.3181035;2.925905;
HandRight;0.245295;-0.3450872;3.193194;
HandLeft;0.4266689;-0.3843046;2.92398;
Spine;0.1918583;-0.1702688;3.169157;
HipCenter;0.1935879;-0.2527751;3.112364;
HipRight;0.2051348;-0.2838919;3.117239;
HipLeft;0.1746772;-0.2722395;3.089008;
KneeRight;0.1854667;-0.7267322;3.11841;
KneeLeft;0.2500086;-0.7110886;3.057578;
AnkleRight;0.3111739;-1.070756;3.183838;
AnkleLeft;-0.0379428;-0.9950964;3.072017;
FootRight;0.4028245;-1.131401;3.231399;
FootLeft;-0.01243463;-1.079331;3.062646;
Head;0.2683254;0.412354;3.229339;
ShoulderCenter;0.2658746;0.2051646;3.173565;
ShoulderRight;0.2850996;0.193393;3.068284;
ShoulderLeft;0.2077894;0.1541274;3.072885;
ElbowRight;0.227994;-0.007973567;3.081222;
ElbowLeft;0.2677521;-0.1117574;2.969591;
WristRight;0.2598367;-0.2462648;3.211771;
WristLeft;0.3892324;-0.3180518;2.927883;
HandRight;0.2759846;-0.3085658;3.212816;
HandLeft;0.4275098;-0.388034;2.923548;
Spine;0.2341329;-0.179708;3.169268;
HipCenter;0.2197569;-0.2508101;3.11612;
HipRight;0.2350181;-0.2886423;3.127026;
HipLeft;0.2047955;-0.2641943;3.095962;
KneeRight;0.2687991;-0.704025;3.20814;
KneeLeft;0.3764711;-0.6525076;3.072196;
AnkleRight;0.3120112;-1.070832;3.183189;
AnkleLeft;0.08999062;-0.9584092;3.051376;
FootRight;0.4076631;-1.132033;3.219914;
FootLeft;0.1104609;-1.075024;3.066393;
Head;0.2717373;0.4804581;3.230626;
ShoulderCenter;0.3111713;0.2938065;3.186337;
ShoulderRight;0.307041;0.2061647;3.074751;
ShoulderLeft;0.2688424;0.1535559;3.072455;
ElbowRight;0.2710268;-0.01293175;3.074999;
ElbowLeft;0.2828327;-0.1193895;2.976538;
WristRight;0.2919768;-0.2641888;3.201177;
WristLeft;0.3936619;-0.3476258;2.93646;
HandRight;0.3080317;-0.326131;3.202216;
HandLeft;0.4312521;-0.3977417;2.923382;
Spine;0.3392533;-0.164555;3.189176;
HipCenter;0.3396886;-0.2500318;3.137451;
HipRight;0.3509631;-0.2779201;3.148236;
HipLeft;0.3303108;-0.2583156;3.122471;
KneeRight;0.2935717;-0.6999686;3.225743;
KneeLeft;0.4147772;-0.7007946;3.083615;
AnkleRight;0.2965931;-1.078102;3.150777;
AnkleLeft;0.1746164;-1.004998;3.066605;
FootRight;0.3913727;-1.124677;3.208106;
FootLeft;0.2243158;-1.089901;3.060554;
Head;0.3363524;0.4841735;3.248579;
ShoulderCenter;0.341091;0.2947737;3.184149;
ShoulderRight;0.3589112;0.2090418;3.081054;
ShoulderLeft;0.2917835;0.1534148;3.076673;
ElbowRight;0.2942025;-0.01598179;3.065858;
ElbowLeft;0.3163217;-0.1242753;2.976166;
WristRight;0.3151757;-0.2675167;3.192199;
WristLeft;0.4033934;-0.3603704;2.935757;
HandRight;0.3311041;-0.3289706;3.19323;
HandLeft;0.4370159;-0.4110184;2.917436;
Spine;0.3619066;-0.1622047;3.191176;
HipCenter;0.3648034;-0.2475131;3.139326;
HipRight;0.379899;-0.2744317;3.148287;
HipLeft;0.3517969;-0.2573751;3.126061;
KneeRight;0.3412855;-0.7184618;3.219875;
KneeLeft;0.4965348;-0.6955858;3.083025;
AnkleRight;0.2003066;-0.9858507;3.128883;
AnkleLeft;0.3039245;-1.04458;3.06845;
FootRight;0.3033611;-0.978867;3.189617;
FootLeft;0.3911152;-1.121664;3.085785;
Head;0.3613221;0.4845056;3.236878;
ShoulderCenter;0.39834;0.2964398;3.186756;
ShoulderRight;0.4061804;0.2103902;3.084198;
ShoulderLeft;0.3439572;0.1555125;3.076789;
ElbowRight;0.3522935;-0.01585245;3.065354;
ElbowLeft;0.3364587;-0.1244814;2.976923;
WristRight;0.3732902;-0.2676694;3.191861;
WristLeft;0.4103532;-0.3473686;2.935335;
HandRight;0.3892764;-0.3293464;3.192896;
HandLeft;0.428495;-0.4069401;2.921815;
Spine;0.4101371;-0.1517381;3.191063;
HipCenter;0.4133271;-0.2345919;3.138187;
HipRight;0.4277711;-0.2643558;3.14928;
HipLeft;0.39863;-0.2471115;3.122198;
KneeRight;0.3843471;-0.7181666;3.224112;
KneeLeft;0.5464231;-0.7080489;3.098219;
AnkleRight;0.3033257;-1.083142;3.168169;
AnkleLeft;0.3814321;-1.076376;3.105269;
FootRight;0.3977288;-1.12726;3.227708;
FootLeft;0.4920499;-1.116675;3.081966;
Head;0.4337291;0.484827;3.234452;
ShoulderCenter;0.4249393;0.2927563;3.178033;
ShoulderRight;0.4346072;0.2066195;3.075268;
ShoulderLeft;0.3630589;0.1521117;3.073162;
ElbowRight;0.3788928;-0.01953592;3.056626;
ElbowLeft;0.3688866;-0.1288943;2.975421;
WristRight;0.39992;-0.2717188;3.183335;
WristLeft;0.4144485;-0.348488;2.931896;
HandRight;0.4158269;-0.33309;3.184365;
HandLeft;0.4273213;-0.4093617;2.919682;
Spine;0.4271766;-0.1454647;3.181966;
HipCenter;0.4250345;-0.226173;3.128259;
HipRight;0.4361128;-0.26284;3.147129;
HipLeft;0.4135906;-0.2428171;3.098278;
KneeRight;0.3925493;-0.7113618;3.227995;
KneeLeft;0.6260588;-0.7131002;3.090513;
AnkleRight;0.303726;-1.081593;3.169025;
AnkleLeft;0.5218215;-1.085521;3.09364;
FootRight;0.3987064;-1.127143;3.226859;
FootLeft;0.6347007;-1.113662;3.06352;
Head;0.4462015;0.470178;3.223162;
ShoulderCenter;0.4794738;0.2796967;3.178908;
ShoulderRight;0.4885954;0.1936836;3.076437;
ShoulderLeft;0.4008085;0.1511249;3.06422;
ElbowRight;0.4334273;-0.0325956;3.057533;
ElbowLeft;0.3824001;-0.1311187;2.972638;
WristRight;0.4544774;-0.285053;3.184412;
WristLeft;0.4227736;-0.3445523;2.927016;
HandRight;0.4703273;-0.3462043;3.185438;
HandLeft;0.4287584;-0.4097371;2.915447;
Spine;0.4896049;-0.1192268;3.20027;
HipCenter;0.4970075;-0.1937753;3.151131;
HipRight;0.5149733;-0.2326262;3.174992;
HipLeft;0.4813833;-0.2181565;3.12167;
KneeRight;0.336684;-0.7300214;3.237398;
KneeLeft;0.6686359;-0.7081465;3.092846;
AnkleRight;0.3162934;-1.080484;3.172653;
AnkleLeft;0.6929107;-1.069049;3.062963;
FootRight;0.4019807;-1.131227;3.23987;
FootLeft;0.7866345;-1.106799;3.039908;
Head;0.5142616;0.4704052;3.212635;
ShoulderCenter;0.5088624;0.2767942;3.179014;
ShoulderRight;0.517984;0.1907811;3.076543;
ShoulderLeft;0.4245619;0.1015165;3.079669;
ElbowRight;0.4628159;-0.03549806;3.057672;
ElbowLeft;0.4182275;-0.1143785;2.970297;
WristRight;0.4838324;-0.2875517;3.184342;
WristLeft;0.4289838;-0.345881;2.924766;
HandRight;0.5516835;-0.3091009;3.231905;
HandLeft;0.4455042;-0.4264342;2.900919;
Spine;0.5362681;-0.1605057;3.17523;
HipCenter;0.5309124;-0.240288;3.121213;
HipRight;0.5597975;-0.2785482;3.130074;
HipLeft;0.5036853;-0.2668694;3.103308;
KneeRight;0.4231066;-0.6324568;3.233172;
KneeLeft;0.6849389;-0.699385;3.098796;
AnkleRight;0.3209779;-1.040192;3.18996;
AnkleLeft;0.8139616;-1.053715;3.050059;
FootRight;0.3086787;-1.081662;3.094173;
FootLeft;0.8914211;-1.092915;3.027448;
Head;0.5311391;0.4657719;3.213187;
ShoulderCenter;0.5601642;0.2739566;3.181515;
ShoulderRight;0.5692858;0.1879435;3.079044;
ShoulderLeft;0.4517664;0.09828313;3.104565;
ElbowRight;0.5141177;-0.03833565;3.060123;
ElbowLeft;0.4516627;-0.0962212;2.963649;
WristRight;0.5351007;-0.2899892;3.186545;
WristLeft;0.4478317;-0.3478588;2.915083;
HandRight;0.6029353;-0.3103364;3.234862;
HandLeft;0.4529425;-0.4318493;2.898665;
Spine;0.5965173;-0.1720861;3.167218;
HipCenter;0.5858921;-0.2535113;3.112759;
HipRight;0.6146076;-0.2932658;3.115678;
HipLeft;0.560405;-0.2799447;3.099436;
KneeRight;0.4953356;-0.7241066;3.221287;
KneeLeft;0.6948943;-0.7008621;3.103944;
AnkleRight;0.3213041;-1.078243;3.172803;
AnkleLeft;0.9083244;-1.052654;3.04544;
FootRight;0.2944329;-1.120425;3.079843;
FootLeft;0.9928309;-1.073479;3.022688;
Head;0.5653132;0.4636359;3.234068;
ShoulderCenter;0.5949119;0.2717859;3.176124;
ShoulderRight;0.6040335;0.1857728;3.073652;
ShoulderLeft;0.5063342;0.09457248;3.075755;
ElbowRight;0.5383419;-0.02273515;3.039612;
ElbowLeft;0.4911219;-0.09691441;2.955938;
WristRight;0.6939585;-0.1818298;3.208469;
WristLeft;0.4810102;-0.3272443;2.91151;
HandRight;0.7403794;-0.2330927;3.260743;
HandLeft;0.4761232;-0.4123282;2.895629;
Spine;0.6157163;-0.1740418;3.16703;
HipCenter;0.6109551;-0.254834;3.111023;
HipRight;0.6390268;-0.2925968;3.110462;
HipLeft;0.5853068;-0.2800965;3.102006;
KneeRight;0.5183756;-0.718585;3.221346;
KneeLeft;0.7191899;-0.699886;3.114563;
AnkleRight;0.3263597;-1.073495;3.171939;
AnkleLeft;0.9214561;-1.033707;3.046275;
FootRight;0.3142564;-1.114795;3.075594;
FootLeft;1.026085;-1.066821;3.034073;
Head;0.6384007;0.4580852;3.212551;
ShoulderCenter;0.6436433;0.2631335;3.177316;
ShoulderRight;0.6527649;0.1771204;3.074845;
ShoulderLeft;0.5893596;0.1260344;3.064334;
ElbowRight;0.5910881;-0.03139675;3.026727;
ElbowLeft;0.5370017;-0.09271321;2.955489;
WristRight;0.7435856;-0.182098;3.204192;
WristLeft;0.520677;-0.3014948;2.904875;
HandRight;0.7858273;-0.2281187;3.218757;
HandLeft;0.5100697;-0.3868839;2.893588;
Spine;0.6650909;-0.1858971;3.160807;
HipCenter;0.6710269;-0.265774;3.102533;
HipRight;0.6841291;-0.2904151;3.109887;
HipLeft;0.6577103;-0.2829542;3.088197;
KneeRight;0.5335895;-0.7273005;3.231487;
KneeLeft;0.7319408;-0.6901404;3.131807;
AnkleRight;0.3287463;-1.072918;3.173131;
AnkleLeft;0.9297765;-1.032562;3.051319;
FootRight;0.4169026;-1.13282;3.232567;
FootLeft;1.026936;-1.070983;3.038376;
Head;0.6626751;0.4614347;3.23833;
ShoulderCenter;0.6830242;0.268471;3.173666;
ShoulderRight;0.6884049;0.1571643;3.060295;
ShoulderLeft;0.6376081;0.1321786;3.067712;
ElbowRight;0.6059154;-0.038129;3.028517;
ElbowLeft;0.5871334;-0.08423603;2.953893;
WristRight;0.7692265;-0.1797208;3.202904;
WristLeft;0.5467392;-0.3630622;2.885636;
HandRight;0.8170371;-0.2177601;3.222167;
HandLeft;0.5463821;-0.4497229;2.886966;
Spine;0.7032753;-0.1848052;3.158049;
HipCenter;0.6948466;-0.2661393;3.10077;
HipRight;0.7090268;-0.285328;3.100986;
HipLeft;0.6852742;-0.2767376;3.095659;
KneeRight;0.6017109;-0.7159017;3.246941;
KneeLeft;0.782466;-0.687179;3.103914;
AnkleRight;0.3506823;-1.055419;3.180299;
AnkleLeft;0.9390317;-1.033534;3.05649;
FootRight;0.332508;-1.096917;3.084518;
FootLeft;1.036728;-1.079403;3.052615;
Head;0.7112845;0.4655618;3.224688;
ShoulderCenter;0.7304822;0.2711904;3.173921;
ShoulderRight;0.6617749;0.1320058;3.00572;
ShoulderLeft;0.6801825;0.1273799;3.065242;
ElbowRight;0.5862869;-0.06552219;2.976183;
ElbowLeft;0.6346642;-0.08491378;2.947125;
WristRight;0.7616693;-0.1849718;3.15383;
WristLeft;0.624047;-0.3081149;2.915062;
HandRight;0.8083661;-0.2096299;3.190056;
HandLeft;0.6247996;-0.3947406;2.91647;
Spine;0.7743322;-0.1844068;3.090757;
HipCenter;0.7267151;-0.2777429;3.095163;
HipRight;0.717581;-0.2887373;3.10035;
HipLeft;0.7376497;-0.2811876;3.086243;
KneeRight;0.6243761;-0.7372285;3.25862;
KneeLeft;0.8324824;-0.6759254;3.10162;
AnkleRight;0.3942609;-1.050364;3.20173;
AnkleLeft;0.9527994;-1.02755;3.057559;
FootRight;0.4439815;-1.14955;3.249763;
FootLeft;0.8643091;-1.079858;3.083991;
Head;0.7921676;0.4702237;3.226583;
ShoulderCenter;0.7740521;0.2755662;3.174004;
ShoulderRight;0.7072518;0.1330634;2.992237;
ShoulderLeft;0.7272132;0.1293905;3.060656;
ElbowRight;0.7149923;-0.05460829;3.060339;
ElbowLeft;0.6849754;-0.122072;2.946094;
WristRight;0.8789087;-0.1920113;3.235132;
WristLeft;0.6918739;-0.3328806;2.925833;
HandRight;0.8899442;-0.2540904;3.244902;
HandLeft;0.6926237;-0.4191898;2.927236;
Spine;0.8346007;-0.1771415;3.095292;
HipCenter;0.7888884;-0.2719639;3.099511;
HipRight;0.7866047;-0.2938208;3.112657;
HipLeft;0.7918987;-0.2837027;3.080922;
KneeRight;0.6697168;-0.6748932;3.264026;
KneeLeft;0.8663011;-0.6900054;3.104573;
AnkleRight;0.4330729;-1.026731;3.210168;
AnkleLeft;0.973766;-1.034128;3.059277;
FootRight;0.4781162;-1.12982;3.256781;
FootLeft;0.8852787;-1.087522;3.084095;
Head;0.8357132;0.4736415;3.23397;
ShoulderCenter;0.8078499;0.2802588;3.178749;
ShoulderRight;0.8578108;0.1692368;3.077365;
ShoulderLeft;0.7676388;0.1463652;3.064432;
ElbowRight;0.7491089;-0.01911249;3.048816;
ElbowLeft;0.7433323;-0.1262504;2.954521;
WristRight;0.9077337;-0.1636894;3.223114;
WristLeft;0.7546241;-0.3366167;2.92582;
HandRight;0.9641436;-0.1930929;3.22338;
HandLeft;0.7553717;-0.4226679;2.927219;
Spine;0.8330217;-0.1537305;3.182531;
HipCenter;0.8431286;-0.2327066;3.127398;
HipRight;0.8679638;-0.2484082;3.13004;
HipLeft;0.8205978;-0.2587541;3.119344;
KneeRight;0.6950423;-0.5775005;3.246416;
KneeLeft;0.979563;-0.6335447;3.088517;
AnkleRight;0.5180305;-0.9628151;3.211499;
AnkleLeft;0.9782227;-1.033114;3.060078;
FootRight;0.5540974;-1.073478;3.249345;
FootLeft;1.068361;-1.097944;3.076851;
Head;0.8658212;0.4884582;3.245132;
ShoulderCenter;0.8622239;0.2941011;3.178611;
ShoulderRight;0.8626252;0.1799469;3.072848;
ShoulderLeft;0.7813701;0.1066021;3.069461;
ElbowRight;0.7925743;-0.01846519;3.053617;
ElbowLeft;0.801229;-0.1140942;2.958605;
WristRight;0.9568888;-0.152976;3.229338;
WristLeft;0.8263125;-0.3420186;2.945514;
HandRight;1.004766;-0.194854;3.227895;
HandLeft;0.818495;-0.4165685;2.926667;
Spine;0.8711595;-0.1461684;3.179852;
HipCenter;0.8690478;-0.2261663;3.124014;
HipRight;0.8969009;-0.246728;3.113443;
HipLeft;0.8454387;-0.2578028;3.125735;
KneeRight;0.943397;-0.701777;3.170923;
KneeLeft;0.9952197;-0.6628044;3.090113;
AnkleRight;0.6107172;-0.9574062;3.211554;
AnkleLeft;0.9785489;-1.034354;3.060742;
FootRight;0.6366447;-1.06611;3.26185;
FootLeft;1.068533;-1.09991;3.07815;
Head;0.954124;0.4815712;3.249789;
ShoulderCenter;0.8912501;0.2965588;3.187418;
ShoulderRight;0.9217243;0.1876932;3.061141;
ShoulderLeft;0.8481963;0.1584762;3.077371;
ElbowRight;0.8597283;-0.0172505;3.029562;
ElbowLeft;0.853907;-0.1124204;2.961065;
WristRight;1.01797;-0.1614778;3.203431;
WristLeft;0.9183262;-0.3469129;2.951393;
HandRight;1.065944;-0.2034409;3.201985;
HandLeft;0.9105087;-0.4214627;2.932546;
Spine;0.9035829;-0.1406006;3.176847;
HipCenter;0.8900578;-0.2190056;3.120824;
HipRight;0.9107882;-0.2361992;3.11411;
HipLeft;0.8744692;-0.240726;3.119432;
KneeRight;0.985883;-0.6882523;3.168894;
KneeLeft;1.003581;-0.6632832;3.088071;
AnkleRight;0.6733297;-0.9663665;3.221027;
AnkleLeft;0.9803978;-1.036224;3.065908;
FootRight;0.688148;-1.076455;3.273586;
FootLeft;1.070169;-1.102303;3.084227;
Head;0.9424206;0.5037256;3.237788;
ShoulderCenter;0.9503605;0.3071819;3.194322;
ShoulderRight;0.9323508;0.1908964;3.062693;
ShoulderLeft;0.8858497;0.1730284;3.074155;
ElbowRight;0.8806934;-0.009975687;3.070802;
ElbowLeft;0.9115556;-0.09955819;2.967772;
WristRight;1.043988;-0.1464778;3.245841;
WristLeft;0.9834938;-0.3293064;2.954862;
HandRight;1.092005;-0.1884786;3.244394;
HandLeft;0.9756763;-0.4038563;2.936015;
Spine;0.9799868;-0.1374619;3.195633;
HipCenter;0.9689597;-0.2195611;3.141241;
HipRight;0.9843138;-0.2325133;3.139173;
HipLeft;0.9545137;-0.2323229;3.140024;
KneeRight;0.9449989;-0.7378297;3.264348;
KneeLeft;1.023554;-0.655947;3.088181;
AnkleRight;0.76677;-0.9967576;3.231202;
AnkleLeft;0.9820977;-1.037327;3.06695;
FootRight;0.7951332;-1.103009;3.286739;
FootLeft;1.071701;-1.103508;3.085366;
Head;1.002374;0.5044757;3.229844;
ShoulderCenter;0.9644103;0.3114768;3.193741;
ShoulderRight;1.010345;0.1973819;3.066465;
ShoulderLeft;0.9146588;0.1763175;3.081799;
ElbowRight;0.9418912;0.002007857;3.076562;
ElbowLeft;0.969751;-0.09052633;2.971034;
WristRight;1.106054;-0.1339808;3.251146;
WristLeft;1.064942;-0.3207814;2.933954;
HandRight;1.154004;-0.1759222;3.249701;
HandLeft;1.089852;-0.4026507;2.923502;
Spine;0.9519708;-0.1336919;3.142849;
HipCenter;0.9344936;-0.2082835;3.078359;
HipRight;0.9495854;-0.2374753;3.077806;
HipLeft;0.9161116;-0.2203169;3.068746;
KneeRight;0.9761435;-0.7268414;3.198449;
KneeLeft;1.038351;-0.6901329;3.088795;
AnkleRight;0.8850678;-1.025346;3.201119;
AnkleLeft;0.9509742;-1.037336;3.123806;
FootRight;0.9678283;-1.087189;3.137375;
FootLeft;1.051826;-1.09487;3.083251;
Head;1.016623;0.4429172;3.251614;
ShoulderCenter;1.026518;0.2480519;3.195115;
ShoulderRight;1.062916;0.2150534;3.070864;
ShoulderLeft;0.9158257;0.1734589;3.171758;
ElbowRight;1.043838;0.006666526;3.067298;
ElbowLeft;1.022696;-0.04814264;2.999856;
WristRight;1.210045;-0.1216636;3.245792;
WristLeft;1.145349;-0.2995947;2.931085;
HandRight;1.257801;-0.1634347;3.244353;
HandLeft;1.17103;-0.3780788;2.907573;
Spine;1.045581;-0.134584;3.152813;
HipCenter;1.013013;-0.1983157;3.100073;
HipRight;1.043437;-0.2389231;3.094652;
HipLeft;0.9805531;-0.2250324;3.089009;
KneeRight;1.260387;-0.6646264;3.273615;
KneeLeft;1.040907;-0.694225;3.088111;
AnkleRight;0.9724308;-0.9682838;3.170133;
AnkleLeft;0.9749064;-1.040013;3.105018;
FootRight;1.017939;-1.064947;3.1095;
FootLeft;1.072399;-1.09601;3.055516;
Head;1.009395;0.5169383;3.24791;
ShoulderCenter;1.067012;0.3302009;3.219466;
ShoulderRight;1.071879;0.2058038;3.063186;
ShoulderLeft;0.9459599;0.1701464;3.200042;
ElbowRight;1.092099;-0.0007325858;3.074468;
ElbowLeft;1.071116;-0.03067735;3.011851;
WristRight;1.251644;-0.1432799;3.249626;
WristLeft;1.209768;-0.2714259;2.930722;
HandRight;1.299446;-0.1850919;3.248185;
HandLeft;1.263358;-0.3931128;2.913809;
Spine;1.09014;-0.1048793;3.15561;
HipCenter;1.044213;-0.1822761;3.106355;
HipRight;1.080652;-0.2278421;3.050276;
HipLeft;1.015937;-0.2313482;3.139812;
KneeRight;1.226735;-0.7157244;3.210927;
KneeLeft;1.044328;-0.6924863;3.089654;
AnkleRight;1.109691;-1.065249;3.148754;
AnkleLeft;1.00765;-1.046482;3.090101;
FootRight;1.038074;-1.109501;3.083049;
FootLeft;1.1041;-1.104992;3.041554;
Head;1.151124;0.5120938;3.250625;
ShoulderCenter;1.086896;0.3271076;3.221796;
ShoulderRight;1.096119;0.2177298;3.069628;
ShoulderLeft;0.9700364;0.1664963;3.204561;
ElbowRight;1.133574;0.01068886;3.067078;
ElbowLeft;1.115101;-0.0219046;3.016232;
WristRight;1.29298;-0.1337849;3.24236;
WristLeft;1.270704;-0.2515641;2.929356;
HandRight;1.34085;-0.1756558;3.240917;
HandLeft;1.326085;-0.3169892;2.92162;
Spine;1.116653;-0.1026889;3.161358;
HipCenter;1.079676;-0.1784746;3.11433;
HipRight;1.103142;-0.222594;3.060981;
HipLeft;1.049433;-0.2313652;3.142314;
KneeRight;1.278109;-0.7040255;3.211916;
KneeLeft;1.058268;-0.6888925;3.090539;
AnkleRight;1.200873;-1.047132;3.173568;
AnkleLeft;1.007681;-1.046382;3.089716;
FootRight;1.129225;-1.091678;3.108176;
FootLeft;1.04555;-1.108362;3.035342;
Head;1.198284;0.5162553;3.258857;
ShoulderCenter;1.149136;0.3258054;3.2156;
ShoulderRight;1.142588;0.181244;3.053521;
ShoulderLeft;1.025136;0.1212806;3.191896;
ElbowRight;1.169207;-0.02214174;3.079501;
ElbowLeft;1.184065;-0.04694088;2.994018;
WristRight;1.323221;-0.2289565;2.939156;
WristLeft;1.361667;-0.2639385;2.918512;
HandRight;1.429045;-0.3366224;2.897672;
HandLeft;1.396482;-0.3149078;2.90388;
Spine;1.168622;-0.1134644;3.162118;
HipCenter;1.121031;-0.1899107;3.118213;
HipRight;1.147851;-0.2380322;3.060385;
HipLeft;1.093799;-0.2488284;3.153683;
KneeRight;1.313512;-0.6872282;3.205539;
KneeLeft;1.081487;-0.6848515;3.090336;
AnkleRight;1.304539;-1.03159;3.170305;
AnkleLeft;1.007935;-1.046392;3.089201;
FootRight;1.229238;-1.076311;3.109334;
FootLeft;1.045787;-1.108776;3.035322;
Head;1.189397;0.5186893;3.260126;
ShoulderCenter;1.189397;0.3221872;3.230613;
ShoulderRight;1.165514;0.1835088;3.064439;
ShoulderLeft;1.039529;0.1613016;3.280119;
ElbowRight;1.285302;-0.06851687;2.970834;
ElbowLeft;1.184405;0.008968905;3.057134;
WristRight;1.451214;-0.2966392;2.905677;
WristLeft;1.366433;-0.1890686;2.943814;
HandRight;1.503707;-0.3312803;2.896964;
HandLeft;1.40128;-0.2400848;2.929169;
Spine;1.19037;-0.1063764;3.16374;
HipCenter;1.13986;-0.1795215;3.125443;
HipRight;1.166134;-0.2238393;3.068021;
HipLeft;1.104285;-0.2429749;3.157673;
KneeRight;1.355288;-0.7103446;3.193439;
KneeLeft;1.141655;-0.6881884;3.106776;
AnkleRight;1.419582;-1.01665;3.161752;
AnkleLeft;1.010558;-1.042431;3.084058;
FootRight;1.337177;-1.061597;3.111863;
FootLeft;1.04801;-1.10668;3.032741;
Head;1.225078;0.5054556;3.234848;
ShoulderCenter;1.250356;0.3144331;3.234031;
ShoulderRight;1.235548;0.1741586;3.059892;
ShoulderLeft;1.131619;0.1744668;3.227003;
ElbowRight;1.352314;-0.07830298;2.964226;
ElbowLeft;1.256601;-0.005441189;3.014592;
WristRight;1.495838;-0.2563831;2.894054;
WristLeft;1.434951;-0.2138476;2.918489;
HandRight;1.542823;-0.2981569;2.901314;
HandLeft;1.469686;-0.2646985;2.903891;
Spine;1.250659;-0.1148209;3.173814;
HipCenter;1.199676;-0.1882656;3.133513;
HipRight;1.219909;-0.2362803;3.075738;
HipLeft;1.16943;-0.2395743;3.168589;
KneeRight;1.377063;-0.6689199;3.191586;
KneeLeft;1.147225;-0.6873867;3.102985;
AnkleRight;1.507403;-1.022175;3.154191;
AnkleLeft;1.012673;-1.041342;3.082078;
FootRight;1.427409;-1.066846;3.10047;
FootLeft;1.02494;-1.12924;3.065539;
Head;1.33084;0.4964119;3.271425;
ShoulderCenter;1.274398;0.3073259;3.23463;
ShoulderRight;1.246867;0.1694209;3.063047;
ShoulderLeft;1.122643;0.1165736;3.309413;
ElbowRight;1.366328;-0.07855219;2.95752;
ElbowLeft;1.267315;0.000418283;3.06366;
WristRight;1.553841;-0.254378;2.905678;
WristLeft;1.452486;-0.1745218;2.919495;
HandRight;1.574725;-0.3092152;2.881789;
HandLeft;1.487257;-0.2254269;2.904882;
Spine;1.272111;-0.1217993;3.172961;
HipCenter;1.217089;-0.1959221;3.138968;
HipRight;1.247173;-0.254123;3.075884;
HipLeft;1.181473;-0.2564296;3.177961;
KneeRight;1.395136;-0.6699747;3.178895;
KneeLeft;1.166471;-0.694468;3.09442;
AnkleRight;1.561633;-1.014079;3.131092;
AnkleLeft;1.018321;-1.039459;3.082094;
FootRight;1.475686;-1.059368;3.088342;
FootLeft;0.9323744;-1.084747;3.039344;
Head;1.317297;0.4958298;3.260519;
ShoulderCenter;1.326649;0.2996436;3.238061;
ShoulderRight;1.299754;0.1674344;3.075485;
ShoulderLeft;1.232746;0.1731696;3.172849;
ElbowRight;1.399274;-0.08551334;2.960732;
ElbowLeft;1.347084;-0.02486174;2.974116;
WristRight;1.575372;-0.2502536;2.90438;
WristLeft;1.499184;-0.1887022;2.893328;
HandRight;1.620494;-0.2890455;2.882624;
HandLeft;1.556577;-0.2153063;2.896843;
Spine;1.314999;-0.124303;3.182476;
HipCenter;1.263204;-0.1950822;3.140409;
HipRight;1.262897;-0.2549649;3.069438;
HipLeft;1.240787;-0.2565851;3.188364;
KneeRight;1.458007;-0.7259758;3.171715;
KneeLeft;1.189273;-0.6999789;3.086754;
AnkleRight;1.564637;-1.019672;3.12691;
AnkleLeft;1.019931;-1.03936;3.081977;
FootRight;1.488046;-1.063892;3.068536;
FootLeft;1.043225;-1.125369;3.068824;
Head;1.323989;0.4863355;3.256706;
ShoulderCenter;1.356683;0.2930268;3.238176;
ShoulderRight;1.327145;0.1591147;3.080939;
ShoulderLeft;1.224813;0.126357;3.341101;
ElbowRight;1.445801;-0.08515741;2.966992;
ElbowLeft;1.338175;0.01475651;3.076694;
WristRight;1.625536;-0.2411797;2.910262;
WristLeft;1.49785;-0.1615886;2.90578;
HandRight;1.685447;-0.2931871;2.89614;
HandLeft;1.549273;-0.1983463;2.906935;
Spine;1.353966;-0.1220056;3.175281;
HipCenter;1.297474;-0.1934657;3.145532;
HipRight;1.321633;-0.246289;3.07107;
HipLeft;1.260646;-0.2634508;3.192209;
KneeRight;1.475679;-0.7221873;3.16369;
KneeLeft;1.214041;-0.724911;3.076442;
AnkleRight;1.571465;-1.018128;3.10696;
AnkleLeft;1.023525;-1.039225;3.081136;
FootRight;1.482819;-1.063642;3.071304;
FootLeft;1.034352;-1.127512;3.067684;
Head;1.396781;0.4838759;3.250745;
ShoulderCenter;1.393417;0.2896124;3.243222;
ShoulderRight;1.377814;0.1618553;3.08694;
ShoulderLeft;1.296137;0.1608341;3.232162;
ElbowRight;1.451352;-0.04491938;2.925203;
ElbowLeft;1.396056;-0.00369218;2.99518;
WristRight;1.626377;-0.1580556;2.885498;
WristLeft;1.516464;-0.161932;2.889201;
HandRight;1.684718;-0.1957677;2.877035;
HandLeft;1.567851;-0.1984824;2.890735;
Spine;1.39055;-0.1162509;3.182119;
HipCenter;1.337595;-0.1841526;3.144036;
HipRight;1.341558;-0.2360098;3.074256;
HipLeft;1.31851;-0.2470817;3.184821;
KneeRight;1.505141;-0.724176;3.154655;
KneeLeft;1.233808;-0.7743945;3.070676;
AnkleRight;1.582957;-1.024874;3.102525;
AnkleLeft;1.032392;-1.038718;3.078475;
FootRight;1.501462;-1.069288;3.053054;
FootLeft;1.062098;-1.103561;3.024579;
Head;1.497007;0.4765697;3.279734;
ShoulderCenter;1.452214;0.2843631;3.231172;
ShoulderRight;1.414736;0.1476116;3.072372;
ShoulderLeft;1.33171;0.1596909;3.24379;
ElbowRight;1.519685;-0.08753195;2.925578;
ElbowLeft;1.430168;0.009892985;2.995993;
WristRight;1.694714;-0.238143;2.862693;
WristLeft;1.530401;-0.1435889;2.880106;
HandRight;1.753057;-0.2883467;2.846508;
HandLeft;1.569742;-0.1842267;2.891363;
Spine;1.445457;-0.1215757;3.176446;
HipCenter;1.390441;-0.1899097;3.142106;
HipRight;1.400701;-0.2380324;3.080554;
HipLeft;1.365069;-0.2455712;3.18117;
KneeRight;1.52278;-0.7179624;3.137506;
KneeLeft;1.293481;-0.7632496;3.064669;
AnkleRight;1.599042;-1.019426;3.103446;
AnkleLeft;1.046962;-1.040591;3.077449;
FootRight;1.632336;-1.091603;3.063935;
FootLeft;1.068702;-1.110356;3.027059;
Head;1.505466;0.4838178;3.248333;
ShoulderCenter;1.494945;0.289874;3.241223;
ShoulderRight;1.468581;0.1531254;3.065519;
ShoulderLeft;1.366397;0.161297;3.306224;
ElbowRight;1.532401;-0.1221728;3.023522;
ElbowLeft;1.457667;0.04289391;3.037854;
WristRight;1.69402;-0.2636666;2.985012;
WristLeft;1.542241;-0.1239066;2.895086;
HandRight;1.747893;-0.3108312;2.976956;
HandLeft;1.574786;-0.1774464;2.889562;
Spine;1.482629;-0.1044462;3.182985;
HipCenter;1.425737;-0.1694784;3.151184;
HipRight;1.4358;-0.2298713;3.070231;
HipLeft;1.390032;-0.2424571;3.199779;
KneeRight;1.543176;-0.7389835;3.107017;
KneeLeft;1.355479;-0.7552364;3.050763;
AnkleRight;1.608396;-1.041407;3.104864;
AnkleLeft;1.118885;-1.00733;3.062723;
FootRight;1.630273;-1.090022;3.034056;
FootLeft;1.134994;-1.083431;3.02024;
Head;1.571274;0.4801823;3.22871;
ShoulderCenter;1.52449;0.2952171;3.237425;
ShoulderRight;1.504966;0.1629389;3.054274;
ShoulderLeft;1.405553;0.1491116;3.338112;
ElbowRight;1.569905;-0.09959282;2.944309;
ElbowLeft;1.477316;0.03930614;3.059696;
WristRight;1.740932;-0.2163895;2.903103;
WristLeft;1.57706;-0.1396277;2.902538;
HandRight;1.79794;-0.2553218;2.89415;
HandLeft;1.60548;-0.1939246;2.888822;
Spine;1.526257;-0.09126796;3.182087;
HipCenter;1.469426;-0.1573573;3.155312;
HipRight;1.485307;-0.2258666;3.07528;
HipLeft;1.439375;-0.223066;3.207323;
KneeRight;1.471566;-0.7251133;3.029394;
KneeLeft;1.394407;-0.7160348;3.072826;
AnkleRight;1.607721;-1.006453;3.100311;
AnkleLeft;1.171554;-0.9772713;3.042221;
FootRight;1.626832;-1.083731;3.06276;
FootLeft;1.178142;-1.064084;3.055156;
Head;1.563371;0.5001501;3.235406;
ShoulderCenter;1.561976;0.3070649;3.235303;
ShoulderRight;1.518144;0.1668653;3.065464;
ShoulderLeft;1.439821;0.1497826;3.368367;
ElbowRight;1.585597;-0.07716884;2.950528;
ElbowLeft;1.516449;0.01579945;3.103903;
WristRight;1.759487;-0.1895724;2.910936;
WristLeft;1.621877;-0.1876366;2.925739;
HandRight;1.817451;-0.2270402;2.902528;
HandLeft;1.653519;-0.2400436;2.912139;
Spine;1.549982;-0.08747167;3.177788;
HipCenter;1.489645;-0.1538878;3.155358;
HipRight;1.499058;-0.2153046;3.077187;
HipLeft;1.464193;-0.2287185;3.205421;
KneeRight;1.553965;-0.6653928;3.064338;
KneeLeft;1.463545;-0.7500464;3.033909;
AnkleRight;1.614866;-1.011414;3.101923;
AnkleLeft;1.239564;-0.962453;3.029088;
FootRight;1.629851;-1.090789;3.068375;
FootLeft;1.262041;-1.044821;3.010095;
Head;1.582659;0.5002997;3.222176;
ShoulderCenter;1.597858;0.3105579;3.232376;
ShoulderRight;1.554215;0.1639527;3.059083;
ShoulderLeft;1.495723;0.1787391;3.28168;
ElbowRight;1.594383;-0.07168682;2.956942;
ElbowLeft;1.567867;-0.003306985;3.051431;
WristRight;1.767795;-0.1837811;2.917465;
WristLeft;1.656252;-0.1983809;2.93364;
HandRight;1.825599;-0.2211459;2.909081;
HandLeft;1.687849;-0.2507138;2.920059;
Spine;1.588997;-0.08985145;3.177687;
HipCenter;1.528942;-0.1582258;3.154229;
HipRight;1.530692;-0.2125327;3.083121;
HipLeft;1.50951;-0.2242548;3.200619;
KneeRight;1.582803;-0.675871;3.130367;
KneeLeft;1.485778;-0.7467409;3.049521;
AnkleRight;1.615446;-1.011221;3.098861;
AnkleLeft;1.306463;-0.9979718;3.018175;
FootRight;1.609166;-1.087349;3.057424;
FootLeft;1.218357;-1.042243;2.991159;
Head;1.672791;0.5097545;3.242575;
ShoulderCenter;1.640748;0.3164396;3.223369;
ShoulderRight;1.578129;0.1709058;3.062252;
ShoulderLeft;1.540328;0.2025304;3.244013;
ElbowRight;1.614474;-0.0218727;2.964818;
ElbowLeft;1.590634;0.008145407;3.018638;
WristRight;1.800375;-0.1139355;2.93422;
WristLeft;1.670723;-0.1727233;2.939756;
HandRight;1.862342;-0.144623;2.928781;
HandLeft;1.702276;-0.2249829;2.926194;
Spine;1.611851;-0.08131307;3.178625;
HipCenter;1.549427;-0.1470249;3.158123;
HipRight;1.545519;-0.2051315;3.081479;
HipLeft;1.527458;-0.2187481;3.211643;
KneeRight;1.610384;-0.656895;3.148744;
KneeLeft;1.509118;-0.7416182;3.070391;
AnkleRight;1.618563;-1.012192;3.09395;
AnkleLeft;1.451044;-1.043271;3.023742;
FootRight;1.59612;-1.076087;3.039968;
FootLeft;1.362664;-1.087479;2.998925;
Head;1.682355;0.5101682;3.226534;
ShoulderCenter;1.673186;0.3172473;3.22464;
ShoulderRight;1.594369;0.1799882;3.082261;
ShoulderLeft;1.558092;0.1965664;3.247595;
ElbowRight;1.644;-0.04347831;2.982861;
ElbowLeft;1.601308;-0.004222304;3.026565;
WristRight;1.817667;-0.1557373;2.943395;
WristLeft;1.628141;-0.2841341;2.993181;
HandRight;1.875556;-0.1931569;2.934999;
HandLeft;1.645736;-0.426484;2.994401;
Spine;1.643245;-0.05141165;3.206472;
HipCenter;1.577743;-0.110708;3.192098;
HipRight;1.557144;-0.1909639;3.09189;
HipLeft;1.552881;-0.2005864;3.268786;
KneeRight;1.639294;-0.6536263;3.160015;
KneeLeft;1.53927;-0.7324578;3.123217;
AnkleRight;1.643579;-1.013106;3.090666;
AnkleLeft;1.532959;-1.023081;2.996301;
FootRight;1.58703;-1.01866;2.988144;
FootLeft;1.444463;-1.067373;2.971895;
Head;1.708285;0.5055157;3.224977;
ShoulderCenter;1.681819;0.315151;3.228085;
ShoulderRight;1.60251;0.1791606;3.088997;
ShoulderLeft;1.596291;0.1661543;3.320887;
ElbowRight;1.649337;-0.09608789;3.024683;
ElbowLeft;1.63562;-0.01693986;3.082619;
WristRight;1.819463;-0.2131864;2.98487;
WristLeft;1.637978;-0.2932512;3.014326;
HandRight;1.876171;-0.2522193;2.976358;
HandLeft;1.648801;-0.4233906;3.008218;
Spine;1.653624;-0.07015819;3.207202;
HipCenter;1.587541;-0.137584;3.206927;
HipRight;1.58195;-0.1924477;3.252097;
HipLeft;1.577055;-0.1885551;3.161693;
KneeRight;1.646946;-0.6556175;3.162311;
KneeLeft;1.560722;-0.736506;3.132652;
AnkleRight;1.60494;-1.014082;3.045153;
AnkleLeft;1.554423;-1.026559;3.005924;
FootRight;1.513554;-1.059028;3.041868;
FootLeft;1.463037;-1.071504;3.00264;
Head;1.713868;0.4857776;3.226912;
ShoulderCenter;1.700673;0.2961158;3.237832;
ShoulderRight;1.619787;0.1618077;3.101094;
ShoulderLeft;1.63418;0.1837945;3.292438;
ElbowRight;1.660289;-0.1152121;3.049553;
ElbowLeft;1.638972;-0.06173073;3.127987;
WristRight;1.820655;-0.2736469;3.008184;
WristLeft;1.638567;-0.3383427;3.06453;
HandRight;1.874111;-0.3264585;2.999141;
HandLeft;1.648643;-0.5408744;3.046668;
Spine;1.686119;-0.1104102;3.227561;
HipCenter;1.621501;-0.1805855;3.231759;
HipRight;1.612449;-0.2419166;3.273667;
HipLeft;1.61242;-0.2193394;3.184849;
KneeRight;1.653594;-0.6657464;3.166997;
KneeLeft;1.595405;-0.765198;3.131394;
AnkleRight;1.691382;-1.054996;3.054154;
AnkleLeft;1.589118;-1.054673;3.004936;
FootRight;1.600296;-1.100217;3.05773;
FootLeft;1.498031;-1.099894;3.008512;
Head;1.744743;0.4792085;3.238605;
ShoulderCenter;1.726488;0.2902632;3.25022;
ShoulderRight;1.645894;0.1559272;3.114488;
ShoulderLeft;1.668471;0.1669774;3.283698;
ElbowRight;1.678796;-0.09042913;3.082283;
ElbowLeft;1.668554;-0.07360408;3.111933;
WristRight;1.851527;-0.2020835;3.043026;
WristLeft;1.674669;-0.3487556;3.062606;
HandRight;1.909105;-0.2393017;3.034674;
HandLeft;1.684945;-0.4147459;3.069038;
Spine;1.70766;-0.1593612;3.235796;
HipCenter;1.642088;-0.239635;3.243041;
HipRight;1.634084;-0.2639081;3.217972;
HipLeft;1.641863;-0.2624432;3.26586;
KneeRight;1.663125;-0.6726137;3.170558;
KneeLeft;1.612546;-0.7699677;3.135367;
AnkleRight;1.63743;-1.026294;3.084057;
AnkleLeft;1.606272;-1.058886;3.009174;
FootRight;1.58978;-1.07651;3.032415;
FootLeft;1.636112;-1.054395;3.090095;
Head;1.736554;0.2261697;3.314883;
ShoulderCenter;1.702518;0.03526095;3.236629;
ShoulderRight;1.699185;-0.03362272;3.175403;
ShoulderLeft;1.641063;-0.08842391;3.265141;
ElbowRight;1.695342;-0.25374;3.1103;
ElbowLeft;1.7152;-0.2010889;3.080436;
WristRight;1.867788;-0.36521;3.071092;
WristLeft;1.697507;-0.4183246;3.094475;
HandRight;1.925271;-0.4023667;3.062755;
HandLeft;1.707782;-0.484315;3.100908;
Spine;1.728388;-0.3280483;3.263173;
HipCenter;1.681195;-0.3973388;3.240094;
HipRight;1.700274;-0.4208373;3.231668;
HipLeft;1.66028;-0.4110833;3.247597;
KneeRight;1.658759;-0.8157557;3.147422;
KneeLeft;1.654441;-0.8111931;3.156154;
AnkleRight;1.639357;-1.016787;3.083068;
AnkleLeft;1.634513;-1.001392;3.082088;
FootRight;1.594321;-1.06997;3.032958;
FootLeft;1.558656;-1.046425;3.03294;
Head;1.754283;0.1180644;3.349163;
ShoulderCenter;1.720247;-0.07284433;3.270915;
ShoulderRight;1.732252;-0.1039292;3.210126;
ShoulderLeft;1.658793;-0.1965292;3.299427;
ElbowRight;1.720012;-0.3312097;3.144874;
ElbowLeft;1.77898;-0.2112524;3.10431;
WristRight;1.892151;-0.4424811;3.105713;
WristLeft;1.729486;-0.4578469;3.145376;
HandRight;1.94953;-0.4795716;3.09739;
HandLeft;1.739761;-0.5238372;3.151808;
Spine;1.75118;-0.380845;3.283628;
HipCenter;1.707763;-0.4376699;3.253788;
HipRight;1.725866;-0.4907309;3.185409;
HipLeft;1.685848;-0.4960048;3.312605;
KneeRight;1.72132;-0.7482934;3.199021;
KneeLeft;1.665099;-0.8268651;3.142963;
AnkleRight;1.645025;-1.012554;3.079777;
AnkleLeft;1.636136;-0.999492;3.080951;
FootRight;1.573415;-1.056492;3.024659;
FootLeft;1.564526;-1.043431;3.025834;
Head;1.80533;-0.2925544;3.319649;
ShoulderCenter;1.771294;-0.4834631;3.241593;
ShoulderRight;1.783299;-0.514548;3.180804;
ShoulderLeft;1.70984;-0.607148;3.270106;
ElbowRight;1.771059;-0.7418286;3.11568;
ElbowLeft;1.741673;-0.3603381;3.202068;
WristRight;1.942428;-0.8526027;3.076696;
WristLeft;1.74778;-0.6137439;3.165822;
HandRight;1.999552;-0.8895274;3.06841;
HandLeft;1.758056;-0.6797342;3.172255;
Spine;1.737792;-0.4920761;3.206015;
HipCenter;1.752002;-0.4631942;3.251288;
HipRight;1.789162;-0.3893785;3.319875;
HipLeft;1.656668;-0.4758887;3.169335;
KneeRight;1.705878;-0.7603778;3.176354;
KneeLeft;1.734837;-0.8618433;3.150102;
AnkleRight;1.642925;-1.040211;3.051251;
AnkleLeft;1.653096;-0.9965361;3.078374;
FootRight;1.682167;-1.090824;3.128133;
FootLeft;1.692338;-1.047149;3.155256;
