Floor;-0.05124496;0.9982762;0.02861073;1.056422;
Head;1.097709;0.4698685;3.282326;
ShoulderCenter;1.214095;0.2805952;3.220727;
ShoulderRight;1.255235;0.16587;3.077306;
ShoulderLeft;1.134591;0.08683051;3.240574;
ElbowRight;1.235711;-0.06573801;2.96131;
ElbowLeft;1.11978;-0.1865512;3.232092;
WristRight;1.105489;-0.2596267;2.916368;
WristLeft;1.058147;-0.4532937;3.237194;
HandRight;1.043446;-0.3264862;2.884558;
HandLeft;1.037603;-0.5422078;3.243535;
Spine;1.180964;-0.1009085;3.164683;
HipCenter;1.174338;-0.1772093;3.156878;
HipRight;1.197258;-0.208079;3.111193;
HipLeft;1.142968;-0.2436468;3.186032;
KneeRight;1.257816;-0.6784974;3.019953;
KneeLeft;1.059414;-0.7074918;3.222342;
AnkleRight;1.551895;-1.011162;2.95962;
AnkleLeft;1.017531;-1.031189;3.151281;
FootRight;1.536998;-1.062621;2.927047;
FootLeft;0.9618538;-1.095105;3.15448;
Head;1.066953;0.4733914;3.287159;
ShoulderCenter;1.189461;0.2853515;3.223115;
ShoulderRight;1.214048;0.1682155;3.084554;
ShoulderLeft;1.099681;0.1538819;3.261847;
ElbowRight;1.213772;-0.06428361;2.969419;
ElbowLeft;1.041114;-0.14512;3.176003;
WristRight;1.095182;-0.2577157;2.922321;
WristLeft;1.041107;-0.4452534;3.240416;
HandRight;1.034617;-0.3269775;2.889607;
HandLeft;1.003569;-0.5351565;3.247038;
Spine;1.152663;-0.10002;3.167774;
HipCenter;1.145193;-0.1771534;3.16015;
HipRight;1.161097;-0.2226402;3.107998;
HipLeft;1.11397;-0.233606;3.195428;
KneeRight;1.200474;-0.711285;3.008882;
KneeLeft;1.047517;-0.7055471;3.216798;
AnkleRight;1.490995;-0.9834134;2.968675;
AnkleLeft;1.017751;-1.031559;3.151408;
FootRight;1.481969;-1.071832;2.973285;
FootLeft;0.9596581;-1.06431;3.112142;
Head;1.029997;0.480752;3.290582;
ShoulderCenter;1.133095;0.287059;3.228633;
ShoulderRight;1.192931;0.1686932;3.088441;
ShoulderLeft;1.06686;0.1598972;3.268383;
ElbowRight;1.17586;-0.08924386;2.993678;
ElbowLeft;1.034119;-0.1312923;3.232166;
WristRight;1.05223;-0.2621474;2.926639;
WristLeft;0.9805968;-0.3871334;3.228905;
HandRight;1.003126;-0.3368549;2.893388;
HandLeft;0.9708692;-0.4815854;3.219833;
Spine;1.089945;-0.117563;3.178648;
HipCenter;1.081315;-0.1984874;3.172127;
HipRight;1.103772;-0.2434181;3.126678;
HipLeft;1.048902;-0.2469067;3.203978;
KneeRight;1.133587;-0.6866383;3.011894;
KneeLeft;1.016598;-0.6879767;3.184639;
AnkleRight;1.414448;-0.9952626;2.966211;
AnkleLeft;1.016853;-1.035746;3.150092;
FootRight;1.409825;-1.060883;2.956613;
FootLeft;0.961212;-1.104191;3.145836;
Head;0.9827625;0.4852831;3.278028;
ShoulderCenter;1.087797;0.2912155;3.230613;
ShoulderRight;1.135686;0.1771087;3.092294;
ShoulderLeft;1.012334;0.1655481;3.271701;
ElbowRight;1.161713;-0.08540609;3.005327;
ElbowLeft;0.9932376;-0.1219612;3.238816;
WristRight;1.04091;-0.2610512;2.92995;
WristLeft;0.9360037;-0.3992047;3.203639;
HandRight;0.9867651;-0.3443199;2.902809;
HandLeft;0.9455103;-0.4706092;3.231033;
Spine;1.04764;-0.08375125;3.173053;
HipCenter;1.040038;-0.158784;3.164951;
HipRight;1.06343;-0.1992463;3.123331;
HipLeft;1.007921;-0.2044485;3.191295;
KneeRight;1.058227;-0.6912028;3.02196;
KneeLeft;0.9749153;-0.710529;3.155158;
AnkleRight;1.328744;-0.9701079;2.990656;
AnkleLeft;1.016305;-1.040647;3.147722;
FootRight;1.304877;-1.044621;2.961326;
FootLeft;0.9531624;-1.108178;3.162233;
Head;0.9286697;0.4652064;3.272652;
ShoulderCenter;1.065609;0.2959184;3.235959;
ShoulderRight;1.115375;0.1767114;3.096277;
ShoulderLeft;0.9590562;0.121061;3.262942;
ElbowRight;1.125989;-0.08411502;3.007567;
ElbowLeft;0.9367799;-0.1593501;3.230559;
WristRight;0.9902661;-0.2920091;2.938167;
WristLeft;0.9203297;-0.4190972;3.208052;
HandRight;0.9492223;-0.3782559;2.904665;
HandLeft;0.9345832;-0.486277;3.237734;
Spine;0.9992764;-0.1438259;3.180575;
HipCenter;0.9881114;-0.2322202;3.172626;
HipRight;1.015721;-0.2592722;3.146605;
HipLeft;0.950518;-0.2842143;3.186792;
KneeRight;0.9689518;-0.679842;3.046823;
KneeLeft;0.8941734;-0.6738667;3.044817;
AnkleRight;1.229273;-0.9909911;2.996377;
AnkleLeft;1.016817;-1.045592;3.147364;
FootRight;1.17339;-1.069528;2.974896;
FootLeft;0.946254;-1.111788;3.167145;
Head;0.8793271;0.4782124;3.245643;
ShoulderCenter;1.009776;0.3014161;3.224529;
ShoulderRight;1.069192;0.1826656;3.100714;
ShoulderLeft;0.9162668;0.1241484;3.250344;
ElbowRight;1.084456;-0.0910996;3.008517;
ElbowLeft;0.8889749;-0.1565109;3.157529;
WristRight;0.9855577;-0.2924071;2.939934;
WristLeft;0.8928907;-0.3552166;3.314254;
HandRight;0.9419431;-0.381575;2.91731;
HandLeft;0.8875329;-0.4170386;3.35682;
Spine;0.9622052;-0.06947311;3.175238;
HipCenter;0.952691;-0.1436509;3.168857;
HipRight;0.9807449;-0.1817741;3.123839;
HipLeft;0.9114792;-0.2081137;3.197765;
KneeRight;0.8861347;-0.684804;3.060209;
KneeLeft;1.041499;-0.6743703;3.206817;
AnkleRight;1.110866;-1.000404;3.014348;
AnkleLeft;1.015144;-1.047431;3.131842;
FootRight;1.072034;-1.061153;2.971113;
FootLeft;0.9576706;-1.083947;3.075216;
Head;0.8474849;0.4791569;3.252562;
ShoulderCenter;0.9772018;0.30179;3.224383;
ShoulderRight;1.021849;0.178614;3.097339;
ShoulderLeft;0.8809785;0.1238055;3.267595;
ElbowRight;1.067283;-0.08714081;3.009904;
ElbowLeft;0.8700271;-0.149327;3.324485;
WristRight;0.9496142;-0.3063829;2.937977;
WristLeft;0.8458274;-0.3571391;3.341365;
HandRight;0.9278609;-0.3970689;2.919752;
HandLeft;0.8227372;-0.4243561;3.361894;
Spine;0.9317056;-0.06066193;3.1725;
HipCenter;0.9223151;-0.1330766;3.165558;
HipRight;0.9448742;-0.176507;3.109337;
HipLeft;0.8842626;-0.2023543;3.201308;
KneeRight;0.8246557;-0.6907788;3.077034;
KneeLeft;1.010279;-0.7090298;3.211457;
AnkleRight;1.000792;-1.024999;3.026684;
AnkleLeft;0.9372755;-1.043897;3.045642;
FootRight;0.942515;-1.095231;3.033107;
FootLeft;0.9066564;-1.106482;3.127458;
Head;0.797111;0.472441;3.231009;
ShoulderCenter;0.9273745;0.2947894;3.210155;
ShoulderRight;0.9962351;0.1725526;3.089598;
ShoulderLeft;0.8345018;0.130322;3.233021;
ElbowRight;1.028116;-0.08590653;3.009792;
ElbowLeft;0.8221745;-0.127404;3.327912;
WristRight;0.9388179;-0.2999853;2.94904;
WristLeft;0.7865196;-0.3380063;3.364508;
HandRight;0.9151932;-0.3979044;2.927982;
HandLeft;0.7536207;-0.4171397;3.362187;
Spine;0.9169035;-0.0773798;3.205223;
HipCenter;0.8725391;-0.1403006;3.163386;
HipRight;0.9041797;-0.1809622;3.118946;
HipLeft;0.8318759;-0.1993956;3.192926;
KneeRight;0.7437232;-0.6809601;3.067213;
KneeLeft;0.9568779;-0.7231165;3.216633;
AnkleRight;0.906024;-1.062101;3.049726;
AnkleLeft;1.016286;-1.040372;3.120705;
FootRight;0.8079449;-1.108971;3.043929;
FootLeft;0.9209397;-1.062261;3.072957;
Head;0.7753702;0.4686717;3.227167;
ShoulderCenter;0.9034317;0.2914051;3.207235;
ShoulderRight;0.9464273;0.1707905;3.075011;
ShoulderLeft;0.810559;0.1269377;3.230101;
ElbowRight;0.9929708;-0.1002328;3.005517;
ElbowLeft;0.7821851;-0.1229812;3.330747;
WristRight;0.9028267;-0.3427603;2.943063;
WristLeft;0.7171288;-0.3488143;3.360717;
HandRight;0.9076717;-0.4135452;2.923713;
HandLeft;0.6783106;-0.4108607;3.35352;
Spine;0.8871701;-0.07959979;3.190661;
HipCenter;0.8359984;-0.1402068;3.152606;
HipRight;0.8559686;-0.182041;3.102129;
HipLeft;0.7961367;-0.2019996;3.18465;
KneeRight;0.6963907;-0.691599;3.069281;
KneeLeft;0.8614745;-0.7497566;3.176482;
AnkleRight;0.7505347;-1.071331;3.041215;
AnkleLeft;1.016697;-1.049494;3.127869;
FootRight;0.6612554;-1.125778;3.074209;
FootLeft;0.9665837;-1.112347;3.138218;
Head;0.7395828;0.4754058;3.211084;
ShoulderCenter;0.8396853;0.2818835;3.195088;
ShoulderRight;0.8990749;0.1651436;3.07445;
ShoulderLeft;0.7478979;0.1327133;3.253271;
ElbowRight;0.9610883;-0.09916958;3.00395;
ElbowLeft;0.7255418;-0.1303766;3.34901;
WristRight;0.8987481;-0.3443585;2.942623;
WristLeft;0.6448652;-0.3293183;3.351085;
HandRight;0.8872896;-0.4238443;2.926791;
HandLeft;0.5913766;-0.3881362;3.34079;
Spine;0.8464752;-0.1064552;3.181446;
HipCenter;0.7999911;-0.1744068;3.143417;
HipRight;0.8351188;-0.1944145;3.097692;
HipLeft;0.7653237;-0.2462292;3.176831;
KneeRight;0.6485687;-0.665492;3.066922;
KneeLeft;0.7906198;-0.7386743;3.152018;
AnkleRight;0.6241713;-1.070507;3.051869;
AnkleLeft;1.016303;-1.05315;3.130548;
FootRight;0.5326214;-1.122546;3.087344;
FootLeft;0.9637143;-1.115808;3.137909;
Head;0.679988;0.4511599;3.205176;
ShoulderCenter;0.8121514;0.2778494;3.187961;
ShoulderRight;0.8690618;0.1604621;3.069644;
ShoulderLeft;0.7241595;0.1384242;3.268638;
ElbowRight;0.9293793;-0.1054855;3.000506;
ElbowLeft;0.6868482;-0.1264205;3.351689;
WristRight;0.871468;-0.3595952;2.940056;
WristLeft;0.5795462;-0.3192267;3.360826;
HandRight;0.8675071;-0.4389034;2.928793;
HandLeft;0.5189215;-0.3758316;3.344793;
Spine;0.8005047;-0.09907625;3.162074;
HipCenter;0.7500225;-0.1611021;3.125857;
HipRight;0.7743183;-0.1969458;3.073103;
HipLeft;0.7122779;-0.2355751;3.160045;
KneeRight;0.6250966;-0.681774;3.072356;
KneeLeft;0.7263725;-0.7362432;3.128591;
AnkleRight;0.4922248;-1.076213;3.043309;
AnkleLeft;1.013412;-1.052139;3.132915;
FootRight;0.3998891;-1.12038;3.012848;
FootLeft;0.9383166;-1.124474;3.175215;
Head;0.6441448;0.4518991;3.192423;
ShoulderCenter;0.7469908;0.2595963;3.172021;
ShoulderRight;0.8115321;0.1487206;3.057458;
ShoulderLeft;0.6602238;0.1232723;3.259855;
ElbowRight;0.8736992;-0.1246431;2.984044;
ElbowLeft;0.6363007;-0.1453573;3.354986;
WristRight;0.8482134;-0.3726183;2.935173;
WristLeft;0.5108837;-0.323389;3.362725;
HandRight;0.8489259;-0.461578;2.934885;
HandLeft;0.463875;-0.3687344;3.359702;
Spine;0.7554545;-0.1095036;3.154979;
HipCenter;0.7090403;-0.1729056;3.119155;
HipRight;0.7445175;-0.2060171;3.07248;
HipLeft;0.6675061;-0.2398868;3.14969;
KneeRight;0.5969521;-0.6870384;3.073886;
KneeLeft;0.8622972;-0.7393425;3.224672;
AnkleRight;0.4268717;-1.065738;3.045258;
AnkleLeft;1.008823;-1.050201;3.13365;
FootRight;0.3163041;-1.069773;3.025429;
FootLeft;0.9653559;-1.120139;3.122617;
Head;0.5977207;0.4323214;3.176237;
ShoulderCenter;0.7270033;0.2580739;3.166178;
ShoulderRight;0.7813116;0.1414237;3.048472;
ShoulderLeft;0.6332442;0.1270825;3.172395;
ElbowRight;0.8398214;-0.1203777;2.971108;
ElbowLeft;0.592879;-0.1082538;3.317457;
WristRight;0.8071417;-0.3636151;2.934154;
WristLeft;0.4585388;-0.3257355;3.367143;
HandRight;0.8198249;-0.4602555;2.933664;
HandLeft;0.4018606;-0.3701658;3.365201;
Spine;0.7093325;-0.1238301;3.15088;
HipCenter;0.6637255;-0.1880386;3.104434;
HipRight;0.6932335;-0.2139772;3.065366;
HipLeft;0.6251562;-0.2482116;3.129973;
KneeRight;0.5231306;-0.6701641;3.050329;
KneeLeft;0.8489748;-0.7439083;3.224625;
AnkleRight;0.4171439;-1.059402;3.046905;
AnkleLeft;0.9913139;-1.046011;3.13849;
FootRight;0.3076433;-1.078565;3.03306;
FootLeft;0.9729191;-1.124588;3.119964;
Head;0.5548863;0.4437628;3.161193;
ShoulderCenter;0.6732554;0.26191;3.15383;
ShoulderRight;0.7150221;0.1297712;3.036483;
ShoulderLeft;0.5782248;0.1160868;3.167925;
ElbowRight;0.7875574;-0.1294553;2.963872;
ElbowLeft;0.5404556;-0.1146462;3.317679;
WristRight;0.7597635;-0.3684399;2.929161;
WristLeft;0.4083967;-0.3143724;3.374428;
HandRight;0.7791429;-0.4594291;2.924106;
HandLeft;0.3423248;-0.3577122;3.369829;
Spine;0.670958;-0.1284523;3.132737;
HipCenter;0.6298745;-0.1944743;3.089566;
HipRight;0.6524059;-0.2214353;3.049853;
HipLeft;0.5966748;-0.2544456;3.114025;
KneeRight;0.4883114;-0.6838526;3.03574;
KneeLeft;0.8175994;-0.7571708;3.226109;
AnkleRight;0.4035556;-1.0626;3.051822;
AnkleLeft;0.9854415;-1.047651;3.139093;
FootRight;0.2973819;-1.09362;3.039378;
FootLeft;0.9763216;-1.127601;3.12196;
Head;0.4976022;0.4351338;3.136204;
ShoulderCenter;0.6161614;0.2546608;3.13689;
ShoulderRight;0.668721;0.1256593;3.026232;
ShoulderLeft;0.5032876;0.04428038;3.149803;
ElbowRight;0.7349155;-0.1277152;2.955592;
ElbowLeft;0.4885375;-0.1645288;3.335021;
WristRight;0.7229597;-0.3684542;2.916483;
WristLeft;0.3722704;-0.3411677;3.383188;
HandRight;0.7293512;-0.4658266;2.916081;
HandLeft;0.3118461;-0.3804083;3.379827;
Spine;0.6217607;-0.1367484;3.116808;
HipCenter;0.5829473;-0.2040076;3.06996;
HipRight;0.6149154;-0.2366915;3.025256;
HipLeft;0.5441658;-0.2779363;3.096458;
KneeRight;0.4326648;-0.682627;3.027556;
KneeLeft;0.7932814;-0.7412124;3.225858;
AnkleRight;0.3703101;-1.064167;3.052934;
AnkleLeft;0.9761962;-1.041703;3.141888;
FootRight;0.2713545;-1.113454;3.045302;
FootLeft;0.9807331;-1.121915;3.125949;
Head;0.4660169;0.4292346;3.130769;
ShoulderCenter;0.5858583;0.2485866;3.123983;
ShoulderRight;0.6350737;0.1190931;3.010378;
ShoulderLeft;0.4927247;0.1235369;3.154036;
ElbowRight;0.6865341;-0.1375;2.938734;
ElbowLeft;0.4559611;-0.117613;3.294737;
WristRight;0.6672584;-0.3874942;2.90037;
WristLeft;0.3379725;-0.3163528;3.376631;
HandRight;0.6767017;-0.471641;2.901376;
HandLeft;0.2795426;-0.363486;3.375658;
Spine;0.5778633;-0.1258206;3.116508;
HipCenter;0.5332925;-0.188869;3.075868;
HipRight;0.5622668;-0.2233875;3.037619;
HipLeft;0.4953746;-0.2395775;3.102584;
KneeRight;0.3988872;-0.6798789;3.020889;
KneeLeft;0.7763076;-0.728857;3.227722;
AnkleRight;0.3670024;-1.065111;3.052739;
AnkleLeft;0.9701617;-1.038779;3.144943;
FootRight;0.2697001;-1.115878;3.070134;
FootLeft;0.9101508;-1.078558;3.080499;
Head;0.4452104;0.4541585;3.119372;
ShoulderCenter;0.5289173;0.254539;3.116548;
ShoulderRight;0.5764213;0.1220727;3.003512;
ShoulderLeft;0.431617;0.116747;3.146556;
ElbowRight;0.6335396;-0.1519353;2.931936;
ElbowLeft;0.4138022;-0.1320836;3.276948;
WristRight;0.6117861;-0.3675452;2.894816;
WristLeft;0.32325;-0.3196869;3.371997;
HandRight;0.6142613;-0.4652231;2.887173;
HandLeft;0.2674155;-0.3657562;3.369211;
Spine;0.5211055;-0.12332;3.115983;
HipCenter;0.4763603;-0.1884536;3.075891;
HipRight;0.503732;-0.2258396;3.037403;
HipLeft;0.4382582;-0.2415122;3.103283;
KneeRight;0.3683398;-0.6827083;3.044528;
KneeLeft;0.7137209;-0.7406573;3.210597;
AnkleRight;0.3583203;-1.066217;3.052873;
AnkleLeft;0.9187918;-1.023924;3.161987;
FootRight;0.2636106;-1.121472;3.074213;
FootLeft;0.8882024;-1.099807;3.173088;
Head;0.3789909;0.4465252;3.12322;
ShoulderCenter;0.4949899;0.2613122;3.107569;
ShoulderRight;0.5256817;0.1327196;2.995609;
ShoulderLeft;0.3680907;0.04198291;3.158382;
ElbowRight;0.5708417;-0.1455002;2.92743;
ElbowLeft;0.3610272;-0.1751055;3.329393;
WristRight;0.5258164;-0.3595241;2.889437;
WristLeft;0.2906913;-0.3671598;3.388845;
HandRight;0.5494916;-0.4509034;2.860509;
HandLeft;0.2520664;-0.3718894;3.369276;
Spine;0.4882865;-0.1243424;3.101426;
HipCenter;0.4399589;-0.1908627;3.064132;
HipRight;0.464639;-0.2316733;3.021837;
HipLeft;0.4000946;-0.2516346;3.092587;
KneeRight;0.3603334;-0.6929427;3.043989;
KneeLeft;0.6605636;-0.7292253;3.191859;
AnkleRight;0.3534693;-1.06854;3.052184;
AnkleLeft;0.8444736;-0.9918284;3.168287;
FootRight;0.2681634;-1.128386;3.097704;
FootLeft;0.8327755;-1.085372;3.183639;
Head;0.3390176;0.4293835;3.12093;
ShoulderCenter;0.4701351;0.265668;3.105931;
ShoulderRight;0.5049881;0.1339372;2.994897;
ShoulderLeft;0.4383952;0.1883912;3.016885;
ElbowRight;0.5243983;-0.1249939;2.928575;
ElbowLeft;0.367413;-0.01248507;3.126681;
WristRight;0.4430511;-0.3804769;2.872741;
WristLeft;0.3000475;-0.2376019;3.284799;
HandRight;0.4562057;-0.4618503;2.867914;
HandLeft;0.2637171;-0.3180087;3.327401;
Spine;0.4128597;-0.1021337;3.13906;
HipCenter;0.3896016;-0.1698565;3.091949;
HipRight;0.3961783;-0.2011556;3.057792;
HipLeft;0.3710788;-0.2127315;3.121508;
KneeRight;0.3592347;-0.6887681;3.044474;
KneeLeft;0.5970412;-0.7330438;3.209656;
AnkleRight;0.3526104;-1.068989;3.052049;
AnkleLeft;0.7857854;-0.9880911;3.163787;
FootRight;0.2663848;-1.12912;3.068799;
FootLeft;0.7636394;-1.06766;3.198948;
Head;0.3016348;0.4568447;3.121227;
ShoulderCenter;0.4127492;0.2784847;3.090428;
ShoulderRight;0.45691;0.1469899;2.984255;
ShoulderLeft;0.3164558;0.1321826;3.165471;
ElbowRight;0.4478911;-0.1073023;2.921012;
ElbowLeft;0.2874764;-0.103872;3.301878;
WristRight;0.3778134;-0.3557138;2.881732;
WristLeft;0.2597573;-0.3469207;3.356456;
HandRight;0.3688203;-0.4300785;2.854491;
HandLeft;0.2148466;-0.4028803;3.356849;
Spine;0.4181792;-0.1059577;3.116777;
HipCenter;0.3707444;-0.1761731;3.088838;
HipRight;0.3917032;-0.2128787;3.053427;
HipLeft;0.3215535;-0.2284879;3.121341;
KneeRight;0.3428063;-0.6859956;3.046867;
KneeLeft;0.4822972;-0.7466614;3.208503;
AnkleRight;0.3515501;-1.0676;3.052163;
AnkleLeft;0.6895725;-0.9857398;3.182944;
FootRight;0.2719612;-1.127796;3.068115;
FootLeft;0.651994;-1.079989;3.238007;
Head;0.2992429;0.4792159;3.11091;
ShoulderCenter;0.3737121;0.284164;3.087355;
ShoulderRight;0.4112497;0.1497161;2.990307;
ShoulderLeft;0.3807138;0.1988237;2.973995;
ElbowRight;0.4029099;-0.1154049;2.920505;
ElbowLeft;0.3206921;-0.0006438792;3.083078;
WristRight;0.3133017;-0.3632317;2.893073;
WristLeft;0.2590775;-0.2269575;3.233135;
HandRight;0.2874746;-0.4257049;2.861081;
HandLeft;0.2314639;-0.3057467;3.281117;
Spine;0.3089604;-0.1178089;3.122383;
HipCenter;0.3219666;-0.1992169;3.083407;
HipRight;0.3288743;-0.2229582;3.054226;
HipLeft;0.3176783;-0.229403;3.117843;
KneeRight;0.3258727;-0.6901626;3.052867;
KneeLeft;0.1941796;-0.6623614;3.200264;
AnkleRight;0.3592555;-1.06075;3.060328;
AnkleLeft;0.5044385;-0.9543808;3.172481;
FootRight;0.2719718;-1.127438;3.067961;
FootLeft;0.4983275;-1.062475;3.211277;
Head;0.2084755;0.4641184;3.121491;
ShoulderCenter;0.3217032;0.2878048;3.088453;
ShoulderRight;0.386979;0.1532496;2.986464;
ShoulderLeft;0.232697;0.1332903;3.148207;
ElbowRight;0.3473692;-0.1102941;2.918228;
ElbowLeft;0.3644267;-0.05983458;3.172688;
WristRight;0.2478482;-0.3363339;2.89048;
WristLeft;0.3568307;-0.2618788;3.096426;
HandRight;0.2088888;-0.4129637;2.847416;
HandLeft;0.3198581;-0.3209864;3.110198;
Spine;0.331503;-0.1133906;3.113634;
HipCenter;0.2923177;-0.1898874;3.084177;
HipRight;0.3256422;-0.2231813;3.053015;
HipLeft;0.2453142;-0.2383415;3.115792;
KneeRight;0.3218679;-0.6995964;3.051702;
KneeLeft;0.1647184;-0.688306;3.194046;
AnkleRight;0.3798175;-1.049096;3.07933;
AnkleLeft;0.4591238;-0.9990408;3.166059;
FootRight;0.2884994;-1.120558;3.068252;
FootLeft;0.4194809;-1.098352;3.212256;
Head;0.2216028;0.4882144;3.106452;
ShoulderCenter;0.2953524;0.2933103;3.094048;
ShoulderRight;0.3414921;0.1642389;2.987967;
ShoulderLeft;0.2063462;0.1387958;3.153803;
ElbowRight;0.2842054;-0.0895909;2.914444;
ElbowLeft;0.3409565;-0.06722248;3.175009;
WristRight;0.1659344;-0.3208434;2.87502;
WristLeft;0.33335;-0.2695463;3.098654;
HandRight;0.1115433;-0.3892519;2.834705;
HandLeft;0.2963395;-0.3287147;3.11244;
Spine;0.2951765;-0.1002214;3.111453;
HipCenter;0.2521671;-0.1730298;3.083761;
HipRight;0.2796824;-0.2015185;3.05173;
HipLeft;0.2219325;-0.2303777;3.112426;
KneeRight;0.3056541;-0.7292914;3.060868;
KneeLeft;0.1244137;-0.7169106;3.185713;
AnkleRight;0.3525789;-1.069052;3.072674;
AnkleLeft;0.265046;-1.074368;3.152995;
FootRight;0.2829771;-1.125775;3.066499;
FootLeft;0.2243909;-1.134958;3.21253;
Head;0.1282625;0.4650711;3.146111;
ShoulderCenter;0.2445017;0.2910856;3.085316;
ShoulderRight;0.3015485;0.1612112;2.986033;
ShoulderLeft;0.1522181;0.1162767;3.129236;
ElbowRight;0.2511164;-0.08352181;2.914315;
ElbowLeft;0.289867;-0.06591361;3.174029;
WristRight;0.08660607;-0.2940789;2.849057;
WristLeft;0.2822639;-0.2681458;3.09771;
HandRight;0.04286916;-0.3718867;2.824604;
HandLeft;0.245337;-0.3271804;3.111465;
Spine;0.2488702;-0.1010306;3.095757;
HipCenter;0.2105974;-0.1735526;3.06238;
HipRight;0.2452267;-0.2022704;3.03133;
HipLeft;0.1707515;-0.229066;3.087582;
KneeRight;0.2926885;-0.7257704;3.056935;
KneeLeft;0.09493462;-0.741356;3.18592;
AnkleRight;0.3431302;-1.071614;3.073967;
AnkleLeft;0.1814679;-1.082777;3.167803;
FootRight;0.2732482;-1.128107;3.060762;
FootLeft;0.1140396;-1.141051;3.242931;
Head;0.1236863;0.3858961;3.135252;
ShoulderCenter;0.193465;0.1606037;3.090791;
ShoulderRight;0.256323;0.1548506;2.988694;
ShoulderLeft;0.1011814;-0.01420519;3.134711;
ElbowRight;0.1731663;-0.09967162;2.89373;
ElbowLeft;0.286787;-0.07812084;3.185684;
WristRight;-0.00422452;-0.3140871;2.848358;
WristLeft;0.2352442;-0.2660673;3.090695;
HandRight;-0.03963213;-0.3767648;2.851819;
HandLeft;0.1985531;-0.3247249;3.104362;
Spine;0.2108611;-0.140782;3.117152;
HipCenter;0.1742784;-0.1971332;3.087748;
HipRight;0.1960643;-0.2428656;3.069121;
HipLeft;0.1490148;-0.2603892;3.09968;
KneeRight;0.2624575;-0.7120238;3.047554;
KneeLeft;0.02723364;-0.7180995;3.191667;
AnkleRight;0.3418082;-1.070039;3.071362;
AnkleLeft;0.06985912;-1.07455;3.162903;
FootRight;0.2711276;-1.130126;3.061618;
FootLeft;-0.01236214;-1.121543;3.230421;
Head;0.1739196;0.4199494;3.127085;
ShoulderCenter;0.1577634;0.2135313;3.091871;
ShoulderRight;0.2137912;0.1639863;2.986814;
ShoulderLeft;0.06547976;0.03872237;3.13579;
ElbowRight;0.128596;-0.09065125;2.887738;
ElbowLeft;0.2274345;-0.07593252;3.179895;
WristRight;-0.05596437;-0.3034291;2.847716;
WristLeft;0.1991043;-0.271234;3.092276;
HandRight;-0.1004518;-0.3574496;2.844946;
HandLeft;0.1626676;-0.329485;3.105849;
Spine;0.1800974;-0.131458;3.115979;
HipCenter;0.1433018;-0.1952402;3.086576;
HipRight;0.1680272;-0.2338224;3.06758;
HipLeft;0.1099078;-0.2540883;3.10078;
KneeRight;0.2404982;-0.705467;3.04905;
KneeLeft;-0.01245893;-0.7325289;3.189716;
AnkleRight;0.3390489;-1.068632;3.068402;
AnkleLeft;-0.05860788;-1.077074;3.178822;
FootRight;0.2705605;-1.129069;3.065639;
FootLeft;-0.1557539;-1.120536;3.228726;
Head;0.1360682;0.424444;3.129397;
ShoulderCenter;0.1175965;0.2206558;3.087719;
ShoulderRight;0.1830405;0.1633077;2.987183;
ShoulderLeft;0.02531292;0.04584692;3.131639;
ElbowRight;0.07401486;-0.0892334;2.885648;
ElbowLeft;0.1853709;-0.07058909;3.176908;
WristRight;-0.1009625;-0.290546;2.850129;
WristLeft;0.1519968;-0.263808;3.086186;
HandRight;-0.1635081;-0.3454819;2.842542;
HandLeft;0.1156749;-0.3218755;3.099715;
Spine;0.1411423;-0.1320757;3.109181;
HipCenter;0.1094409;-0.199462;3.07928;
HipRight;0.1425735;-0.2317201;3.061087;
HipLeft;0.07697955;-0.2610177;3.093464;
KneeRight;0.2094895;-0.7007896;3.053355;
KneeLeft;-0.06573251;-0.7436645;3.196349;
AnkleRight;0.3363022;-1.067975;3.067871;
AnkleLeft;-0.2074129;-1.114658;3.196172;
FootRight;0.2648861;-1.133744;3.06547;
FootLeft;-0.3176904;-1.113773;3.23757;
Head;0.1029454;0.4851056;3.14694;
ShoulderCenter;0.079102;0.2818476;3.093483;
ShoulderRight;0.1259755;0.1517139;2.986947;
ShoulderLeft;-0.01318162;0.1070387;3.137402;
ElbowRight;0.03844247;-0.09748449;2.881762;
ElbowLeft;0.14727;-0.008428961;3.18195;
WristRight;-0.150406;-0.2758831;2.841603;
WristLeft;0.1171007;-0.2024892;3.0932;
HandRight;-0.2157117;-0.3434148;2.85138;
HandLeft;0.0807807;-0.2605536;3.106729;
Spine;0.08913557;-0.1356126;3.110183;
HipCenter;0.05214349;-0.215215;3.081968;
HipRight;0.07858849;-0.2436903;3.054063;
HipLeft;0.02115048;-0.270596;3.105611;
KneeRight;0.117637;-0.7186912;3.092907;
KneeLeft;-0.1138793;-0.7734294;3.195724;
AnkleRight;0.3358164;-1.067069;3.068405;
AnkleLeft;-0.2599428;-1.111344;3.180659;
FootRight;0.2647175;-1.133741;3.064878;
FootLeft;-0.3264943;-1.155686;3.117253;
Head;0.02975157;0.4299508;3.12418;
ShoulderCenter;0.03390826;0.2291519;3.104652;
ShoulderRight;0.09602851;0.1492928;2.996652;
ShoulderLeft;0.05647184;0.166563;2.951527;
ElbowRight;-0.00740579;-0.08432062;2.878721;
ElbowLeft;0.2165735;0.05134716;2.995901;
WristRight;-0.1958753;-0.2758773;2.840839;
WristLeft;0.1870954;-0.1425179;2.907648;
HandRight;-0.2524533;-0.3277924;2.846066;
HandLeft;0.1509223;-0.2003475;2.921122;
Spine;-0.008204382;-0.1406458;3.105436;
HipCenter;0.02254576;-0.2144025;3.075545;
HipRight;0.02063117;-0.2214326;3.05608;
HipLeft;0.01012569;-0.2502618;3.092579;
KneeRight;0.1535496;-0.6951151;3.036994;
KneeLeft;-0.1537585;-0.7719572;3.195842;
AnkleRight;0.3317741;-1.065999;3.065653;
AnkleLeft;-0.3297299;-1.119599;3.180984;
FootRight;0.2635504;-1.133904;3.066741;
FootLeft;-0.2581832;-1.160522;3.12051;
Head;0.02574338;0.4673007;3.1218;
ShoulderCenter;-0.01292491;0.2739209;3.124028;
ShoulderRight;0.04228007;0.1438104;3.005077;
ShoulderLeft;0.009638667;0.211332;2.970902;
ElbowRight;-0.05696836;-0.09895731;2.882162;
ElbowLeft;0.1694921;0.09629483;3.015069;
WristRight;-0.2398181;-0.2795088;2.837862;
WristLeft;0.1405022;-0.09742939;2.927124;
HandRight;-0.3088912;-0.3289323;2.843405;
HandLeft;0.1044212;-0.1551116;2.940563;
Spine;-0.0551309;-0.1513876;3.103409;
HipCenter;-0.02424906;-0.2334066;3.070134;
HipRight;-0.01429506;-0.2457698;3.046215;
HipLeft;-0.03099457;-0.2693948;3.088179;
KneeRight;0.1327371;-0.6963118;3.035454;
KneeLeft;-0.1858649;-0.7685179;3.195486;
AnkleRight;0.3293292;-1.066843;3.065017;
AnkleLeft;-0.2693835;-1.104092;3.15326;
FootRight;0.4032131;-1.106833;3.007141;
FootLeft;-0.1954996;-1.144082;3.095384;
Head;-0.1339628;0.4046506;3.16518;
ShoulderCenter;-0.05582031;0.221387;3.122275;
ShoulderRight;0.004253595;0.1413547;3.010858;
ShoulderLeft;-0.03325673;0.1587981;2.969149;
ElbowRight;-0.0824848;-0.1004958;2.884869;
ElbowLeft;0.1263156;0.04396323;3.01317;
WristRight;-0.2787418;-0.2853297;2.838956;
WristLeft;0.09787618;-0.1495992;2.925619;
HandRight;-0.3424563;-0.3319623;2.84127;
HandLeft;0.06190662;-0.2071033;2.939018;
Spine;-0.1004468;-0.1837096;3.108477;
HipCenter;-0.0697574;-0.2615213;3.074809;
HipRight;-0.06265574;-0.2600002;3.065996;
HipLeft;-0.07664108;-0.2833819;3.081136;
KneeRight;0.09705167;-0.7034485;3.033509;
KneeLeft;-0.2132158;-0.7672386;3.194195;
AnkleRight;0.3197339;-1.066685;3.065514;
AnkleLeft;-0.3270122;-1.094597;3.14548;
FootRight;0.3908985;-1.106793;3.004643;
FootLeft;-0.2558475;-1.134705;3.084609;
Head;-0.1277869;0.4071442;3.159914;
ShoulderCenter;-0.09971517;0.2121574;3.127672;
ShoulderRight;-0.04712459;0.1440539;3.01533;
ShoulderLeft;-0.07715158;0.1495685;2.974547;
ElbowRight;-0.1072108;-0.101802;2.892575;
ElbowLeft;0.08210826;0.03495855;3.018407;
WristRight;-0.284137;-0.2794715;2.841146;
WristLeft;0.05427815;-0.1584208;2.931293;
HandRight;-0.3538939;-0.3371308;2.8443;
HandLeft;0.018352;-0.2158555;2.944676;
Spine;-0.1659352;-0.1915127;3.120005;
HipCenter;-0.1364499;-0.2720918;3.090681;
HipRight;-0.1304141;-0.2712759;3.086722;
HipLeft;-0.1435978;-0.2885261;3.092989;
KneeRight;0.03919905;-0.7352958;3.039432;
KneeLeft;-0.253886;-0.7592311;3.190044;
AnkleRight;0.2715102;-1.058606;3.050161;
AnkleLeft;-0.32651;-1.093402;3.146478;
FootRight;0.2370938;-1.136623;3.066284;
FootLeft;-0.251581;-1.135948;3.091713;
Head;-0.1254696;0.4103618;3.160549;
ShoulderCenter;-0.1418578;0.2164915;3.133154;
ShoulderRight;-0.09722149;0.1431879;3.022299;
ShoulderLeft;-0.17376;0.2095988;3.076114;
ElbowRight;-0.1403017;-0.1049197;2.90447;
ElbowLeft;-0.0147993;0.09520411;3.119818;
WristRight;-0.3115143;-0.2862704;2.84804;
WristLeft;-0.04204899;-0.09799737;3.033122;
HandRight;-0.3694416;-0.3459856;2.843596;
HandLeft;-0.07789068;-0.155297;3.046473;
Spine;-0.1402166;-0.1768057;3.13468;
HipCenter;-0.1673776;-0.2480523;3.092543;
HipRight;-0.1471393;-0.2625076;3.087917;
HipLeft;-0.1835686;-0.2792009;3.091699;
KneeRight;-0.03409707;-0.7061304;3.025208;
KneeLeft;-0.2767063;-0.743293;3.189418;
AnkleRight;0.2441804;-1.031797;3.04695;
AnkleLeft;-0.3288947;-1.092222;3.147071;
FootRight;0.2184356;-1.12171;3.061332;
FootLeft;-0.4141011;-1.154182;3.17076;
Head;-0.1646377;0.4061433;3.174884;
ShoulderCenter;-0.1762058;0.2125386;3.134315;
ShoulderRight;-0.1197182;0.09889217;3.005197;
ShoulderLeft;-0.2026654;0.2056973;3.076846;
ElbowRight;-0.171898;-0.0984855;2.913759;
ElbowLeft;-0.04432362;0.09174798;3.120247;
WristRight;-0.3354713;-0.3038777;2.848746;
WristLeft;-0.07038093;-0.1010765;3.034421;
HandRight;-0.3873025;-0.3665636;2.847674;
HandLeft;-0.1061177;-0.1582084;3.047733;
Spine;-0.1883888;-0.1737787;3.136403;
HipCenter;-0.2182629;-0.242937;3.094946;
HipRight;-0.203468;-0.2672616;3.085122;
HipLeft;-0.2380365;-0.2830888;3.097192;
KneeRight;-0.118878;-0.7589105;3.018944;
KneeLeft;-0.3209718;-0.7677363;3.160058;
AnkleRight;0.1758134;-0.9943828;3.029826;
AnkleLeft;-0.32918;-1.093613;3.146754;
FootRight;0.1796061;-1.087896;3.022294;
FootLeft;-0.4228183;-1.145418;3.193694;
Head;-0.2427499;0.4154961;3.166579;
ShoulderCenter;-0.225358;0.2228035;3.131292;
ShoulderRight;-0.1455244;0.1027928;3.022014;
ShoulderLeft;-0.2802344;0.2114443;3.099708;
ElbowRight;-0.2097385;-0.1053564;2.910762;
ElbowLeft;-0.122392;0.09785438;3.142862;
WristRight;-0.3500522;-0.3202841;2.852982;
WristLeft;-0.1474958;-0.09465726;3.057734;
HandRight;-0.3978407;-0.3905693;2.854364;
HandLeft;-0.1831484;-0.1516547;3.071014;
Spine;-0.2114883;-0.1277639;3.116146;
HipCenter;-0.2296184;-0.1881294;3.06663;
HipRight;-0.2030951;-0.2177207;3.042387;
HipLeft;-0.2569954;-0.2408917;3.075136;
KneeRight;-0.1828247;-0.755654;3.016348;
KneeLeft;-0.3382004;-0.7540556;3.132076;
AnkleRight;0.0924525;-0.9761466;3.023186;
AnkleLeft;-0.3289854;-1.093266;3.146529;
FootRight;0.0853185;-1.085714;3.045339;
FootLeft;-0.4235652;-1.150241;3.184185;
Head;-0.3172737;0.4736581;3.13641;
ShoulderCenter;-0.2694871;0.2924044;3.138833;
ShoulderRight;-0.2044869;0.1611652;3.025923;
ShoulderLeft;-0.3243635;0.2810452;3.10725;
ElbowRight;-0.2327388;-0.1053818;2.920038;
ElbowLeft;-0.1666633;0.1675576;3.150346;
WristRight;-0.3599985;-0.3371439;2.861709;
WristLeft;-0.191497;-0.02486362;3.065422;
HandRight;-0.3987359;-0.3953879;2.856391;
HandLeft;-0.2269908;-0.08160706;3.078643;
Spine;-0.2716062;-0.1057589;3.142345;
HipCenter;-0.2978395;-0.1781416;3.097706;
HipRight;-0.2714422;-0.2239534;3.085176;
HipLeft;-0.3288997;-0.2097171;3.101192;
KneeRight;-0.2746307;-0.7175297;3.020488;
KneeLeft;-0.3866896;-0.7469296;3.042782;
AnkleRight;0.01570251;-0.9837613;3.027883;
AnkleLeft;-0.328454;-1.092906;3.146022;
FootRight;0.0007838756;-1.096693;3.051877;
FootLeft;-0.4209346;-1.153528;3.182412;
Head;-0.3029088;0.4140082;3.155164;
ShoulderCenter;-0.3143926;0.2244269;3.136359;
ShoulderRight;-0.2525778;0.1572842;3.026854;
ShoulderLeft;-0.3854437;0.1612982;3.132617;
ElbowRight;-0.2672324;-0.1128943;2.935182;
ElbowLeft;-0.2883647;-0.09030548;3.173777;
WristRight;-0.3579658;-0.3451526;2.872967;
WristLeft;-0.2841728;-0.2906674;3.11401;
HandRight;-0.3902862;-0.4042426;2.864017;
HandLeft;-0.319521;-0.3471781;3.127177;
Spine;-0.3189025;-0.1314944;3.145195;
HipCenter;-0.3537076;-0.1951386;3.107456;
HipRight;-0.3313745;-0.2205708;3.089517;
HipLeft;-0.382463;-0.2382448;3.118421;
KneeRight;-0.3647473;-0.7037159;3.026306;
KneeLeft;-0.3040289;-0.7051755;3.218054;
AnkleRight;-0.09719829;-1.014456;3.034972;
AnkleLeft;-0.3269988;-1.09799;3.145925;
FootRight;-0.1538347;-1.112043;3.037494;
FootLeft;-0.3944023;-1.168037;3.195961;
Head;-0.3282784;0.4947255;3.179656;
ShoulderCenter;-0.347533;0.3071436;3.141774;
ShoulderRight;-0.2728975;0.1604048;3.031984;
ShoulderLeft;-0.4243677;0.20196;3.115874;
ElbowRight;-0.2840666;-0.1084701;2.93969;
ElbowLeft;-0.3163459;-0.04023187;3.168444;
WristRight;-0.367751;-0.3520977;2.892245;
WristLeft;-0.292989;-0.2423907;3.132909;
HandRight;-0.3871817;-0.4119452;2.867302;
HandLeft;-0.3282034;-0.2986876;3.146026;
Spine;-0.3618686;-0.10408;3.153497;
HipCenter;-0.3865462;-0.1805284;3.110364;
HipRight;-0.3596849;-0.2077505;3.089168;
HipLeft;-0.4197703;-0.2254472;3.125218;
KneeRight;-0.4361153;-0.7082245;3.029435;
KneeLeft;-0.3303879;-0.7094845;3.206193;
AnkleRight;-0.2194974;-1.041599;3.039075;
AnkleLeft;-0.3446006;-1.104778;3.126142;
FootRight;-0.2631997;-1.115356;3.031304;
FootLeft;-0.4285419;-1.160799;3.184279;
Head;-0.3564285;0.4868461;3.178043;
ShoulderCenter;-0.3838789;0.3003155;3.140221;
ShoulderRight;-0.3072521;0.164364;3.028194;
ShoulderLeft;-0.4607137;0.1951319;3.114321;
ElbowRight;-0.3199744;-0.1048945;2.943064;
ElbowLeft;-0.3334956;-0.03203307;3.178227;
WristRight;-0.3853459;-0.3451457;2.905816;
WristLeft;-0.3083335;-0.2329437;3.141115;
HandRight;-0.3862574;-0.4165218;2.878971;
HandLeft;-0.3434657;-0.2891091;3.154201;
Spine;-0.3907947;-0.1052417;3.144247;
HipCenter;-0.4202007;-0.178956;3.09884;
HipRight;-0.3955619;-0.2086249;3.074226;
HipLeft;-0.4519142;-0.2283845;3.113976;
KneeRight;-0.5151324;-0.7069005;3.026681;
KneeLeft;-0.3785699;-0.7282045;3.188481;
AnkleRight;-0.3340698;-1.078362;3.045827;
AnkleLeft;-0.2789486;-1.02207;3.108116;
FootRight;-0.4231288;-1.149543;3.06815;
FootLeft;-0.3688124;-1.088111;3.14067;
Head;-0.4175665;0.4875139;3.162282;
ShoulderCenter;-0.421355;0.2993671;3.132633;
ShoulderRight;-0.3555598;0.158082;3.027248;
ShoulderLeft;-0.2931336;0.2365367;3.098624;
ElbowRight;-0.3500843;-0.112156;2.95153;
ElbowLeft;-0.3417212;-0.0086568;3.185458;
WristRight;-0.3873889;-0.343568;2.907106;
WristLeft;-0.3591879;-0.2103631;3.156876;
HandRight;-0.3859558;-0.4144382;2.881369;
HandLeft;-0.3942425;-0.2664046;3.169934;
Spine;-0.420058;-0.1011709;3.082317;
HipCenter;-0.4614249;-0.1803331;3.111625;
HipRight;-0.4793983;-0.2001769;3.085028;
HipLeft;-0.4531923;-0.2267213;3.123733;
KneeRight;-0.539937;-0.7084411;3.047554;
KneeLeft;-0.4305208;-0.7175203;3.177531;
AnkleRight;-0.4152763;-1.104693;3.064848;
AnkleLeft;-0.3086001;-1.124481;3.152925;
FootRight;-0.5204465;-1.15315;3.060364;
FootLeft;-0.4200574;-1.147859;3.131486;
Head;-0.4651275;0.4765015;3.139122;
ShoulderCenter;-0.4695765;0.2893842;3.123983;
ShoulderRight;-0.3752528;0.1559649;3.026744;
ShoulderLeft;-0.3313746;0.2277496;3.091878;
ElbowRight;-0.366422;-0.1140631;2.952665;
ElbowLeft;-0.3802546;-0.01700401;3.178566;
WristRight;-0.4064046;-0.3287395;2.917729;
WristLeft;-0.3978425;-0.2184191;3.150264;
HandRight;-0.3923281;-0.4141062;2.889047;
HandLeft;-0.4328931;-0.2744542;3.163321;
Spine;-0.447203;-0.1052117;3.084872;
HipCenter;-0.4899874;-0.1841798;3.110967;
HipRight;-0.5019749;-0.204459;3.080353;
HipLeft;-0.4824975;-0.2293963;3.136425;
KneeRight;-0.6544355;-0.7053745;3.026352;
KneeLeft;-0.4267995;-0.7267061;3.193525;
AnkleRight;-0.5459958;-1.113177;3.056143;
AnkleLeft;-0.3276025;-1.077553;3.139775;
FootRight;-0.6530288;-1.157462;3.056299;
FootLeft;-0.4211523;-1.145856;3.139148;
Head;-0.4814024;0.4809954;3.145343;
ShoulderCenter;-0.4952681;0.2922521;3.118589;
ShoulderRight;-0.4472214;0.1459631;3.021524;
ShoulderLeft;-0.3640704;0.2301107;3.085139;
ElbowRight;-0.3867173;-0.1182093;2.950584;
ElbowLeft;-0.4334449;-0.01886927;3.150763;
WristRight;-0.4118057;-0.3299541;2.911942;
WristLeft;-0.609474;-0.1992555;3.245895;
HandRight;-0.405774;-0.4210052;2.906913;
HandLeft;-0.7853526;-0.3870445;3.316057;
Spine;-0.5065996;-0.1138507;3.064979;
HipCenter;-0.5410673;-0.1948158;3.102016;
HipRight;-0.5594114;-0.2101443;3.081618;
HipLeft;-0.5256296;-0.2371199;3.119601;
KneeRight;-0.6780312;-0.7012922;3.032386;
KneeLeft;-0.4805969;-0.719409;3.172256;
AnkleRight;-0.7227002;-1.122961;3.054532;
AnkleLeft;-0.3339266;-1.084654;3.138397;
FootRight;-0.7847791;-1.168902;3.017498;
FootLeft;-0.4278936;-1.151959;3.146654;
Head;-0.5404448;0.4712883;3.138327;
ShoulderCenter;-0.5488279;0.2810809;3.106013;
ShoulderRight;-0.4645483;0.1452882;3.019107;
ShoulderLeft;-0.4152391;0.2183862;3.073096;
ElbowRight;-0.4063954;-0.1204433;2.952923;
ElbowLeft;-0.4582579;-0.03333025;3.147663;
WristRight;-0.421042;-0.3324843;2.918526;
WristLeft;-0.6508797;-0.2023454;3.233202;
HandRight;-0.4224874;-0.4240011;2.913889;
HandLeft;-0.8506463;-0.380151;3.310338;
Spine;-0.5323787;-0.1170306;3.045696;
HipCenter;-0.5702977;-0.1988043;3.075294;
HipRight;-0.5830734;-0.2153602;3.05992;
HipLeft;-0.5615281;-0.2327552;3.084394;
KneeRight;-0.6507736;-0.6491246;3.048136;
KneeLeft;-0.4879133;-0.7184334;3.173428;
AnkleRight;-0.775727;-1.056848;3.054644;
AnkleLeft;-0.3345221;-1.085282;3.137374;
FootRight;-0.8399487;-1.103655;3.017614;
FootLeft;-0.4212249;-1.147437;3.184168;
Head;-0.588217;0.4608018;3.102712;
ShoulderCenter;-0.5790066;0.2737195;3.099569;
ShoulderRight;-0.5201052;0.1295086;3.010966;
ShoulderLeft;-0.53895;0.1945391;2.998646;
ElbowRight;-0.445185;-0.1335659;2.959004;
ElbowLeft;-0.6563393;0.01860878;3.08253;
WristRight;-0.4610344;-0.3653029;2.922244;
WristLeft;-0.7796192;-0.1846114;3.206375;
HandRight;-0.4443475;-0.4478714;2.917481;
HandLeft;-0.8308753;-0.2511966;3.243124;
Spine;-0.6147992;-0.1397814;3.084393;
HipCenter;-0.5813864;-0.2185447;3.0461;
HipRight;-0.5821995;-0.2229307;3.038188;
HipLeft;-0.582058;-0.2487822;3.053442;
KneeRight;-0.6668153;-0.6405823;3.040185;
KneeLeft;-0.4984761;-0.7207074;3.176827;
AnkleRight;-0.811716;-0.948432;3.036199;
AnkleLeft;-0.3423897;-1.088852;3.135892;
FootRight;-0.8773715;-0.9857789;2.994839;
FootLeft;-0.2725815;-1.127805;3.073651;
Head;-0.6133869;0.4477288;3.106288;
ShoulderCenter;-0.6334487;0.2598528;3.09582;
ShoulderRight;-0.519022;0.08793259;3.049939;
ShoulderLeft;-0.6142138;0.1879712;3.009478;
ElbowRight;-0.4928438;-0.1565087;2.960964;
ElbowLeft;-0.5981504;-0.04326682;3.128988;
WristRight;-0.4812249;-0.3809497;2.926676;
WristLeft;-0.7833833;-0.2082057;3.232279;
HandRight;-0.4841255;-0.467935;2.925501;
HandLeft;-0.9703339;-0.369114;3.305564;
Spine;-0.6589134;-0.1412152;3.086112;
HipCenter;-0.6360856;-0.2144079;3.039218;
HipRight;-0.615582;-0.237252;3.021919;
HipLeft;-0.6529519;-0.2559732;3.048669;
KneeRight;-0.6937405;-0.6469716;3.02283;
KneeLeft;-0.5134246;-0.7275915;3.18459;
AnkleRight;-0.8657311;-0.9066308;3.047052;
AnkleLeft;-0.346351;-1.094979;3.138975;
FootRight;-0.921254;-0.9070123;2.981285;
FootLeft;-0.2981402;-1.13312;3.05851;
Head;-0.6623123;0.4502285;3.123369;
ShoulderCenter;-0.6704832;0.2588816;3.084389;
ShoulderRight;-0.554192;0.09352802;3.056043;
ShoulderLeft;-0.7151613;0.1890394;3.030087;
ElbowRight;-0.5460322;-0.1621773;2.95583;
ElbowLeft;-0.814899;0.001250133;3.109836;
WristRight;-0.5238019;-0.3971431;2.921566;
WristLeft;-0.916666;-0.2148283;3.229641;
HandRight;-0.5123974;-0.468412;2.919795;
HandLeft;-0.962972;-0.2862061;3.263398;
Spine;-0.7002562;-0.1613218;3.088033;
HipCenter;-0.6926795;-0.2391767;3.03742;
HipRight;-0.6583481;-0.2734978;3.036132;
HipLeft;-0.7298118;-0.2860284;3.02905;
KneeRight;-0.7482584;-0.6748489;3.006704;
KneeLeft;-0.5461393;-0.7467348;3.188808;
AnkleRight;-0.9023458;-0.9362321;3.064015;
AnkleLeft;-0.3494377;-1.092514;3.140347;
FootRight;-0.9329252;-0.8915117;2.997268;
FootLeft;-0.3266572;-1.131778;3.04997;
Head;-0.6983487;0.4433006;3.10843;
ShoulderCenter;-0.7211562;0.2536596;3.080999;
ShoulderRight;-0.6595173;0.115694;2.995936;
ShoulderLeft;-0.7028002;0.159786;2.986231;
ElbowRight;-0.5811117;-0.1450165;2.950962;
ElbowLeft;-0.81717;-0.01304783;3.074662;
WristRight;-0.5741376;-0.3949561;2.912353;
WristLeft;-0.9344468;-0.2111892;3.207258;
HandRight;-0.551465;-0.4627477;2.911798;
HandLeft;-0.987005;-0.2770673;3.242212;
Spine;-0.7327843;-0.196399;3.072952;
HipCenter;-0.7171829;-0.2810202;3.020643;
HipRight;-0.7114598;-0.2793232;3.013078;
HipLeft;-0.7260432;-0.2993229;3.026374;
KneeRight;-0.924108;-0.6302851;3.006789;
KneeLeft;-0.6116048;-0.7509955;3.172747;
AnkleRight;-0.8882402;-0.8777292;3.052024;
AnkleLeft;-0.3709234;-1.093266;3.145109;
FootRight;-0.9536472;-0.9149348;3.010821;
FootLeft;-0.3368386;-1.131454;3.058121;
Head;-0.7311077;0.4415252;3.100616;
ShoulderCenter;-0.761824;0.2531354;3.074071;
ShoulderRight;-0.7035112;0.1154523;2.984128;
ShoulderLeft;-0.7136099;0.1446504;2.931597;
ElbowRight;-0.6522052;-0.1509018;2.937233;
ElbowLeft;-0.8270111;-0.01881592;3.032539;
WristRight;-0.6277093;-0.3781189;2.896754;
WristLeft;-0.9544036;-0.2027178;3.173494;
HandRight;-0.602196;-0.4577543;2.884603;
HandLeft;-0.9997852;-0.2679588;3.217421;
Spine;-0.8145798;-0.1689047;3.032386;
HipCenter;-0.7680414;-0.2525417;3.017145;
HipRight;-0.7703609;-0.2532788;2.998267;
HipLeft;-0.7600509;-0.2869558;3.030666;
KneeRight;-0.9812689;-0.6035755;3.003674;
KneeLeft;-0.6477704;-0.7696347;3.182487;
AnkleRight;-0.9255503;-0.8314835;3.046962;
AnkleLeft;-0.3989072;-1.084188;3.146122;
FootRight;-0.8350983;-0.8732682;3.029428;
FootLeft;-0.3084552;-1.125973;3.128588;
Head;-0.7643963;0.4378929;3.089844;
ShoulderCenter;-0.8092972;0.2524163;3.061816;
ShoulderRight;-0.7060245;0.1224185;3.035436;
ShoulderLeft;-0.7631514;0.1581097;2.945617;
ElbowRight;-0.7145507;-0.1383742;2.935249;
ElbowLeft;-0.7264298;0.003401324;3.138286;
WristRight;-0.6737282;-0.4035368;2.882999;
WristLeft;-0.9085158;-0.1801431;3.205991;
HandRight;-0.6779755;-0.4694204;2.891998;
HandLeft;-0.9692978;-0.2417588;3.231203;
Spine;-0.8407201;-0.1961604;3.041996;
HipCenter;-0.8001986;-0.2828243;3.011574;
HipRight;-0.7877938;-0.2770708;3.005814;
HipLeft;-0.811168;-0.3157087;3.010903;
KneeRight;-0.9443471;-0.6546026;3.0125;
KneeLeft;-0.6483628;-0.8069621;3.193904;
AnkleRight;-0.7893231;-0.8185123;3.20403;
AnkleLeft;-0.430432;-1.059252;3.152164;
FootRight;-0.8630586;-0.8182542;3.138098;
FootLeft;-0.3506477;-1.098387;3.104333;
Head;-0.8530455;0.4470664;3.060535;
ShoulderCenter;-0.8414644;0.2595652;3.056829;
ShoulderRight;-0.7725508;0.08211183;2.967882;
ShoulderLeft;-0.7743973;0.1465659;2.931767;
ElbowRight;-0.7571585;-0.1730795;2.914294;
ElbowLeft;-0.7456999;-0.001816019;3.129406;
WristRight;-0.7202799;-0.4239423;2.863704;
WristLeft;-0.9305316;-0.1798519;3.201677;
HandRight;-0.7343263;-0.4874386;2.878113;
HandLeft;-0.955719;-0.2411717;3.208173;
Spine;-0.9082782;-0.1633165;3.022042;
HipCenter;-0.8633211;-0.2499675;3.012623;
HipRight;-0.8639994;-0.2526747;3.013479;
HipLeft;-0.8634406;-0.2751309;3.008673;
KneeRight;-0.9780779;-0.6454147;3.014064;
KneeLeft;-0.7349972;-0.7798669;3.182797;
AnkleRight;-0.8563331;-0.8502737;3.19003;
AnkleLeft;-0.4990352;-0.9851068;3.144327;
FootRight;-0.7660078;-0.8938463;3.179493;
FootLeft;-0.5320426;-1.080441;3.201505;
Head;-0.8502333;0.451794;3.056942;
ShoulderCenter;-0.8882204;0.2704752;3.055708;
ShoulderRight;-0.8447072;0.1354143;2.952733;
ShoulderLeft;-0.8858593;0.206225;2.978759;
ElbowRight;-0.8183619;-0.13011;2.892926;
ElbowLeft;-0.8336957;0.03456663;3.152315;
WristRight;-0.7786559;-0.3933802;2.841836;
WristLeft;-1.004606;-0.1611927;3.207707;
HandRight;-0.7926533;-0.4566552;2.856195;
HandLeft;-1.046276;-0.2120162;3.217005;
Spine;-0.9225519;-0.1273883;3.079829;
HipCenter;-0.9505171;-0.2007447;3.037282;
HipRight;-0.9416607;-0.2227504;3.039628;
HipLeft;-0.9642455;-0.2161836;3.032393;
KneeRight;-0.8585498;-0.5999604;3.15259;
KneeLeft;-0.8223344;-0.7266133;3.166229;
AnkleRight;-0.9249896;-0.9022906;3.159832;
AnkleLeft;-0.5714012;-0.9107341;3.129405;
FootRight;-0.9653947;-0.8362593;3.10946;
FootLeft;-0.6099939;-1.004742;3.184018;
Head;-0.9292802;0.4604017;3.058618;
ShoulderCenter;-0.926953;0.2733379;3.045547;
ShoulderRight;-0.8814581;0.1262766;2.950952;
ShoulderLeft;-0.8973312;0.1827387;2.934286;
ElbowRight;-0.8820225;-0.1386972;2.885759;
ElbowLeft;-0.8582214;0.02636653;3.121521;
WristRight;-0.9260148;-0.3313396;2.861022;
WristLeft;-1.032178;-0.1598345;3.190258;
HandRight;-0.939964;-0.3943964;2.875332;
HandLeft;-1.073704;-0.2104827;3.199523;
Spine;-0.9860148;-0.1183343;3.062213;
HipCenter;-0.96178;-0.1973931;3.031151;
HipRight;-0.959295;-0.217718;3.038637;
HipLeft;-0.9711676;-0.2145236;3.020895;
KneeRight;-0.9172232;-0.6078886;3.162854;
KneeLeft;-0.9325085;-0.6171582;2.991574;
AnkleRight;-0.9173576;-0.9175193;3.159246;
AnkleLeft;-0.7438967;-0.9672407;3.100345;
FootRight;-0.9777215;-0.8506427;3.113679;
FootLeft;-0.7421196;-1.054654;3.175064;
Head;-0.9368976;0.4597086;3.059953;
ShoulderCenter;-0.9761997;0.2759357;3.036721;
ShoulderRight;-0.9155777;0.135345;2.940655;
ShoulderLeft;-0.9902675;0.1633583;2.946116;
ElbowRight;-0.9376108;-0.1284615;2.882391;
ElbowLeft;-0.9237148;0.01065864;3.127843;
WristRight;-1.006583;-0.3638875;2.868281;
WristLeft;-1.094882;-0.1797677;3.188725;
HandRight;-1.020471;-0.4266693;2.882529;
HandLeft;-1.136227;-0.2301949;3.197951;
Spine;-1.007104;-0.1190611;3.074694;
HipCenter;-1.016253;-0.1963409;3.036173;
HipRight;-0.9983086;-0.2155684;3.045363;
HipLeft;-1.032841;-0.2175408;3.024924;
KneeRight;-0.9745737;-0.6612968;3.091318;
KneeLeft;-0.9564375;-0.6100649;2.955844;
AnkleRight;-0.9418289;-0.9529871;3.16219;
AnkleLeft;-1.037191;-0.8924509;3.026162;
FootRight;-1.011264;-0.906937;3.097303;
FootLeft;-1.020402;-0.8075228;3.04007;
Head;-1.011714;0.4752246;3.057873;
ShoulderCenter;-1.005688;0.2877148;3.0403;
ShoulderRight;-0.9586208;0.1439623;2.940729;
ShoulderLeft;-1.012805;0.1285577;2.897223;
ElbowRight;-0.9902372;-0.1180021;2.877487;
ElbowLeft;-0.9629759;-0.02123813;3.085293;
WristRight;-1.078349;-0.3291773;2.856812;
WristLeft;-1.125834;-0.2099629;3.165765;
HandRight;-1.117137;-0.4094742;2.85192;
HandLeft;-1.167275;-0.2605062;3.175011;
Spine;-1.009686;-0.1277834;3.042822;
HipCenter;-0.972915;-0.2063067;3.000919;
HipRight;-0.957438;-0.2238886;2.963689;
HipLeft;-0.9826612;-0.2596066;3.030482;
KneeRight;-1.058182;-0.6298482;3.041817;
KneeLeft;-1.083401;-0.6397212;2.931556;
AnkleRight;-0.8903989;-0.9276873;3.174026;
AnkleLeft;-1.117322;-0.9269782;3.013481;
FootRight;-0.8339076;-0.9648751;3.101408;
FootLeft;-1.050383;-0.8363361;3.03155;
Head;-1.061875;0.4790519;3.067452;
ShoulderCenter;-1.051121;0.290652;3.039628;
ShoulderRight;-0.9979114;0.1477482;2.933843;
ShoulderLeft;-1.08695;0.1425618;2.914573;
ElbowRight;-1.052195;-0.1101328;2.871043;
ElbowLeft;-1.017042;0.05544813;3.12955;
WristRight;-1.171313;-0.3475592;2.8431;
WristLeft;-1.204114;-0.1044475;3.217098;
HandRight;-1.210105;-0.427543;2.838622;
HandLeft;-1.245414;-0.1548201;3.226313;
Spine;-1.004157;-0.1156753;3.053607;
HipCenter;-0.9877632;-0.1881525;3.009545;
HipRight;-0.9587196;-0.2234838;2.962072;
HipLeft;-1.004468;-0.2549995;3.054798;
KneeRight;-1.06062;-0.6313756;3.037949;
KneeLeft;-1.066923;-0.6362279;2.93398;
AnkleRight;-1.004905;-0.898246;3.219513;
AnkleLeft;-1.112694;-0.7606356;3.061156;
FootRight;-0.9419832;-0.9333783;3.175814;
FootLeft;-1.0408;-0.8312413;3.11452;
Head;-1.078104;0.4798404;3.061856;
ShoulderCenter;-1.099953;0.2942585;3.050171;
ShoulderRight;-1.041331;0.1529043;2.929125;
ShoulderLeft;-1.065678;0.1924427;2.907762;
ElbowRight;-1.116018;-0.09864968;2.863871;
ElbowLeft;-1.019878;0.08363755;3.118944;
WristRight;-1.245157;-0.329639;2.832095;
WristLeft;-1.206663;-0.07930762;3.200002;
HandRight;-1.2951;-0.4031354;2.833249;
HandLeft;-1.247899;-0.129601;3.209203;
Spine;-1.064475;-0.1062453;3.041826;
HipCenter;-1.014553;-0.1769516;3.015071;
HipRight;-1.005406;-0.2079265;2.9693;
HipLeft;-1.016559;-0.2409454;3.054835;
KneeRight;-1.064371;-0.6319423;3.038113;
KneeLeft;-1.075486;-0.6283763;2.963423;
AnkleRight;-0.9612421;-0.8999894;3.123043;
AnkleLeft;-1.104074;-0.7818509;3.063576;
FootRight;-1.02756;-0.824537;3.06953;
FootLeft;-1.028297;-0.8107617;3.041227;
Head;-1.129034;0.4849128;3.087193;
ShoulderCenter;-1.124114;0.2957776;3.045859;
ShoulderRight;-1.06585;0.1529351;2.932443;
ShoulderLeft;-1.153596;0.1584118;2.898916;
ElbowRight;-1.172371;-0.08550751;2.860707;
ElbowLeft;-1.240984;-0.09101206;2.852376;
WristRight;-1.318086;-0.3064658;2.833194;
WristLeft;-1.330317;-0.3405452;2.84122;
HandRight;-1.355775;-0.3595674;2.8274;
HandLeft;-1.390265;-0.3527861;2.818195;
Spine;-1.105359;-0.08771618;3.05535;
HipCenter;-1.08109;-0.1580371;3.013663;
HipRight;-1.059343;-0.2113905;2.952001;
HipLeft;-1.089356;-0.2196457;3.064256;
KneeRight;-1.127297;-0.5960435;3.020451;
KneeLeft;-1.431489;-0.4103483;2.974195;
AnkleRight;-1.010746;-0.8595374;3.102823;
AnkleLeft;-1.320996;-0.8093243;2.995048;
FootRight;-1.057488;-0.7929302;3.046508;
FootLeft;-1.208928;-0.8085942;3.01469;
Head;-1.1618;0.4830412;3.090918;
ShoulderCenter;-1.183441;0.2949466;3.054725;
ShoulderRight;-1.116828;0.1529787;2.941529;
ShoulderLeft;-1.168106;0.169888;2.908272;
ElbowRight;-1.233628;-0.07642777;2.853241;
ElbowLeft;-1.273774;-0.07243776;2.867454;
WristRight;-1.383209;-0.294374;2.824965;
WristLeft;-1.403688;-0.3013256;2.825229;
HandRight;-1.458072;-0.3609429;2.80897;
HandLeft;-1.461995;-0.3239245;2.806218;
Spine;-1.185145;-0.08538155;3.048232;
HipCenter;-1.155759;-0.1539933;3.008182;
HipRight;-1.139587;-0.2058545;2.949173;
HipLeft;-1.165745;-0.2024621;3.053777;
KneeRight;-1.157377;-0.6242709;3.028743;
KneeLeft;-1.54334;-0.3189597;3.084603;
AnkleRight;-1.040759;-0.8879172;3.11118;
AnkleLeft;-1.413047;-0.7149186;3.06646;
FootRight;-1.073989;-0.796381;3.053154;
FootLeft;-1.302923;-0.7414614;3.062159;
Head;-1.230732;0.4832616;3.08485;
ShoulderCenter;-1.211177;0.2953332;3.056715;
ShoulderRight;-1.144753;0.1535326;2.941885;
ShoulderLeft;-1.209346;0.1604562;2.900514;
ElbowRight;-1.272326;-0.0693142;2.85361;
ElbowLeft;-1.341414;-0.06699695;2.849835;
WristRight;-1.42026;-0.234147;2.831445;
WristLeft;-1.459701;-0.2755214;2.805766;
HandRight;-1.469441;-0.3065092;2.819511;
HandLeft;-1.490661;-0.3321166;2.795848;
Spine;-1.269425;-0.09272786;3.080714;
HipCenter;-1.252444;-0.1706448;3.046849;
HipRight;-1.247851;-0.2063837;3.003423;
HipLeft;-1.263196;-0.2251276;3.085622;
KneeRight;-1.182213;-0.5959361;3.017346;
KneeLeft;-1.486482;-0.5074779;3.237203;
AnkleRight;-1.065739;-0.8592559;3.099726;
AnkleLeft;-1.220967;-0.80322;3.086589;
FootRight;-1.077901;-0.7888725;3.056229;
FootLeft;-1.11258;-0.7775286;3.066743;
Head;-1.279893;0.4791734;3.100008;
ShoulderCenter;-1.274992;0.2901512;3.064384;
ShoulderRight;-1.199291;0.1578778;2.94803;
ShoulderLeft;-1.243103;0.1618708;2.899851;
ElbowRight;-1.332048;-0.06134117;2.860983;
ElbowLeft;-1.37085;-0.06838721;2.867562;
WristRight;-1.447801;-0.2168503;2.829761;
WristLeft;-1.472626;-0.2224673;2.792522;
HandRight;-1.478464;-0.2401369;2.826294;
HandLeft;-1.495441;-0.2616891;2.812925;
Spine;-1.308528;-0.0947134;3.068971;
HipCenter;-1.278944;-0.1696138;3.040635;
HipRight;-1.272201;-0.2074625;2.995646;
HipLeft;-1.287605;-0.2218884;3.079189;
KneeRight;-1.198489;-0.5927721;3.0197;
KneeLeft;-1.522521;-0.4930506;3.228847;
AnkleRight;-1.134352;-0.8774393;3.088608;
AnkleLeft;-1.45345;-0.7727162;3.172677;
FootRight;-1.085132;-0.7957944;3.063238;
FootLeft;-1.343268;-0.7867017;3.15237;
Head;-1.300152;0.4714491;3.106657;
ShoulderCenter;-1.312905;0.2830302;3.067829;
ShoulderRight;-1.244897;0.1463234;2.949157;
ShoulderLeft;-1.318593;0.1427886;2.905924;
ElbowRight;-1.365237;-0.06331805;2.860966;
ElbowLeft;-1.434596;-0.09229992;2.86594;
WristRight;-1.493008;-0.2060378;2.816738;
WristLeft;-1.441511;-0.04476725;2.664609;
HandRight;-1.543918;-0.246433;2.812285;
HandLeft;-1.443816;-0.02892302;2.601945;
Spine;-1.337058;-0.09896594;3.076928;
HipCenter;-1.316681;-0.1716513;3.039296;
HipRight;-1.302282;-0.2166816;2.989441;
HipLeft;-1.334223;-0.2243375;3.080924;
KneeRight;-1.223438;-0.5980636;3.026224;
KneeLeft;-1.55313;-0.5010238;3.239938;
AnkleRight;-1.145354;-0.8852929;3.073198;
AnkleLeft;-1.497738;-0.7657836;3.171204;
FootRight;-1.11456;-0.7917812;3.059992;
FootLeft;-1.560277;-0.8164147;3.151152;
Head;-1.334436;0.4664455;3.110271;
ShoulderCenter;-1.365219;0.2806745;3.077767;
ShoulderRight;-1.276129;0.1375187;2.968021;
ShoulderLeft;-1.343243;0.1573268;2.933731;
ElbowRight;-1.377799;-0.009158522;2.867834;
ElbowLeft;-1.438213;-0.08311035;2.86857;
WristRight;-1.490916;-0.1576146;2.804454;
WristLeft;-1.422914;-0.04987283;2.665538;
HandRight;-1.528622;-0.2070999;2.787754;
HandLeft;-1.417814;-0.03879366;2.602287;
Spine;-1.362857;-0.09856441;3.078277;
HipCenter;-1.338958;-0.1682549;3.038377;
HipRight;-1.322314;-0.2176192;2.987275;
HipLeft;-1.354111;-0.2105361;3.079738;
KneeRight;-1.286132;-0.6046495;3.021077;
KneeLeft;-1.484052;-0.57942;3.085385;
AnkleRight;-1.181039;-0.880455;3.073083;
AnkleLeft;-1.576446;-0.8450254;3.178169;
FootRight;-1.122224;-0.7912159;3.06478;
FootLeft;-1.568712;-0.7809443;3.126408;
Head;-1.413579;0.4701538;3.11091;
ShoulderCenter;-1.414466;0.2822679;3.079962;
ShoulderRight;-1.302548;0.1406739;3.078733;
ShoulderLeft;-1.383918;0.182236;2.948092;
ElbowRight;-1.412969;-0.01433379;2.879088;
ElbowLeft;-1.465395;-0.05811332;2.863377;
WristRight;-1.509153;-0.1664618;2.797469;
WristLeft;-1.441828;-0.03687582;2.660242;
HandRight;-1.542983;-0.2215146;2.791215;
HandLeft;-1.433973;-0.02979665;2.596939;
Spine;-1.419968;-0.08788839;3.067411;
HipCenter;-1.377281;-0.1557045;3.043067;
HipRight;-1.345364;-0.2133396;2.979963;
HipLeft;-1.396739;-0.219396;3.095745;
KneeRight;-1.302522;-0.5955633;3.034039;
KneeLeft;-1.429149;-0.5970145;2.988635;
AnkleRight;-1.240154;-0.89039;3.049907;
AnkleLeft;-1.590668;-0.764547;3.161079;
FootRight;-1.23441;-0.7799698;3.03463;
FootLeft;-1.611685;-0.8189288;3.102705;
Head;-1.506679;0.4611765;3.083264;
ShoulderCenter;-1.457985;0.2857943;3.089869;
ShoulderRight;-1.373922;0.1491042;2.990633;
ShoulderLeft;-1.399054;0.1723234;2.948092;
ElbowRight;-1.450583;-0.01308631;2.876336;
ElbowLeft;-1.480709;-0.05440561;2.870351;
WristRight;-1.532431;-0.1800465;2.816199;
WristLeft;-1.416039;0.1062655;2.77482;
HandRight;-1.553996;-0.2398625;2.803458;
HandLeft;-1.394482;0.1598226;2.747367;
Spine;-1.451552;-0.1115014;3.064626;
HipCenter;-1.407571;-0.1845812;3.040612;
HipRight;-1.398808;-0.2138645;3.005448;
HipLeft;-1.409483;-0.22018;3.076463;
KneeRight;-1.360475;-0.5991659;3.032421;
KneeLeft;-1.44933;-0.6001593;2.988686;
AnkleRight;-1.327938;-0.8919057;3.078439;
AnkleLeft;-1.589874;-0.7617041;3.141492;
FootRight;-1.265851;-0.8044902;3.048677;
FootLeft;-1.509196;-0.7968858;3.101295;
Head;-1.570263;0.4445256;3.071429;
ShoulderCenter;-1.490276;0.2849865;3.089717;
ShoulderRight;-1.387206;0.1488006;3.065593;
ShoulderLeft;-1.487894;0.1684193;2.938633;
ElbowRight;-1.47973;-0.005860354;2.87994;
ElbowLeft;-1.50139;-0.0245138;2.8713;
WristRight;-1.556953;-0.1812283;2.873196;
WristLeft;-1.43674;0.136108;2.77584;
HandRight;-1.58197;-0.2397254;2.86101;
HandLeft;-1.41519;0.1896487;2.748395;
Spine;-1.486061;-0.08443379;3.080153;
HipCenter;-1.444788;-0.149884;3.051317;
HipRight;-1.405615;-0.2116332;2.99168;
HipLeft;-1.462636;-0.2187645;3.106597;
KneeRight;-1.396017;-0.5970325;3.027438;
KneeLeft;-1.49256;-0.5941479;2.997521;
AnkleRight;-1.435223;-0.8929463;3.050495;
AnkleLeft;-1.537405;-0.8798322;3.060407;
FootRight;-1.373202;-0.8010702;3.044311;
FootLeft;-1.465668;-0.9149659;3.006187;
Head;-1.557082;0.4615134;3.072047;
ShoulderCenter;-1.525438;0.2848881;3.085719;
ShoulderRight;-1.459785;0.1499023;3.001299;
ShoulderLeft;-1.514778;0.1916554;2.959206;
ElbowRight;-1.519286;-0.05492588;2.919348;
ElbowLeft;-1.50952;-0.01710742;2.874896;
WristRight;-1.58309;-0.234811;2.91092;
WristLeft;-1.44514;0.1428427;2.779836;
HandRight;-1.60808;-0.2932453;2.898747;
HandLeft;-1.42368;0.1961594;2.752506;
Spine;-1.520887;-0.1359049;3.094797;
HipCenter;-1.486018;-0.2147749;3.062561;
HipRight;-1.467429;-0.225784;3.052122;
HipLeft;-1.501427;-0.238244;3.070549;
KneeRight;-1.472836;-0.6086555;3.097782;
KneeLeft;-1.516854;-0.6209997;2.999782;
AnkleRight;-1.486191;-0.9034629;3.012664;
AnkleLeft;-1.543446;-0.9208625;2.97509;
FootRight;-1.474902;-0.8010412;3.05316;
FootLeft;-1.492405;-0.8252614;2.997735;
Head;-1.575347;0.4713804;3.095778;
ShoulderCenter;-1.56173;0.2935534;3.105534;
ShoulderRight;-1.482033;0.1433194;3.011126;
ShoulderLeft;-1.519;0.1948656;2.968965;
ElbowRight;-1.531688;-0.1008037;2.97124;
ElbowLeft;-1.531028;0.01547214;2.882318;
WristRight;-1.595153;-0.2797292;2.962856;
WristLeft;-1.475416;0.1892624;2.81671;
HandRight;-1.620116;-0.3381015;2.950696;
HandLeft;-1.456879;0.2471925;2.799174;
Spine;-1.545344;-0.1149574;3.113546;
HipCenter;-1.501937;-0.1889315;3.091918;
HipRight;-1.477848;-0.2211818;3.053288;
HipLeft;-1.508151;-0.2296398;3.12998;
KneeRight;-1.512221;-0.590403;3.146592;
KneeLeft;-1.554157;-0.5826322;2.968367;
AnkleRight;-1.57888;-0.7915183;2.82002;
AnkleLeft;-1.602538;-0.9538485;2.786563;
FootRight;-1.505072;-0.8269432;2.770162;
FootLeft;-1.530538;-1.003147;2.730864;
Head;-1.593476;0.4802483;3.111403;
ShoulderCenter;-1.577348;0.2991341;3.104675;
ShoulderRight;-1.522499;0.1017641;3.032002;
ShoulderLeft;-1.537456;0.2028988;2.974036;
ElbowRight;-1.543073;-0.1536167;2.986404;
ElbowLeft;-1.531605;0.01406445;2.928828;
WristRight;-1.575913;-0.4085098;2.97343;
WristLeft;-1.469604;0.1755427;2.837358;
HandRight;-1.600847;-0.4668136;2.961284;
HandLeft;-1.448936;0.2293688;2.811188;
Spine;-1.580513;-0.1153857;3.140708;
HipCenter;-1.529389;-0.1945894;3.146306;
HipRight;-1.518305;-0.2240797;3.120325;
HipLeft;-1.532365;-0.2330011;3.176264;
KneeRight;-1.541867;-0.6022645;3.172428;
KneeLeft;-1.581339;-0.5456584;2.944996;
AnkleRight;-1.637241;-0.8694212;3.24131;
AnkleLeft;-1.632859;-0.8745683;2.6899;
FootRight;-1.616606;-0.7838951;3.175175;
FootLeft;-1.547001;-0.923728;2.671626;
Head;-1.667071;0.4513451;3.175107;
ShoulderCenter;-1.591994;0.2863107;3.104626;
ShoulderRight;-1.529072;0.08823955;3.032192;
ShoulderLeft;-1.550836;0.1906666;2.976026;
ElbowRight;-1.560994;-0.1657482;3.00877;
ElbowLeft;-1.574977;-0.05190167;2.994636;
WristRight;-1.589911;-0.3527273;2.99785;
WristLeft;-1.511174;0.1066161;2.900474;
HandRight;-1.614814;-0.4109595;2.985719;
HandLeft;-1.489906;0.1594553;2.873389;
Spine;-1.613781;-0.08834291;3.175483;
HipCenter;-1.570368;-0.1615035;3.174938;
HipRight;-1.555823;-0.2233405;3.267387;
HipLeft;-1.572914;-0.2730751;3.10506;
KneeRight;-1.568897;-0.5956835;3.164916;
KneeLeft;-1.686837;-0.7059613;3.038686;
AnkleRight;-1.664043;-0.8622019;3.233678;
AnkleLeft;-1.775501;-1.042868;2.971739;
FootRight;-1.642918;-0.7716957;3.175271;
FootLeft;-1.69485;-1.082759;2.93988;
Head;-1.603226;0.1623851;3.232423;
ShoulderCenter;-1.585592;-0.01927469;3.216088;
ShoulderRight;-1.519255;-0.2207499;3.143898;
ShoulderLeft;-1.584007;-0.0320315;3.040999;
ElbowRight;-1.673013;-0.1582897;3.028706;
ElbowLeft;-1.60422;-0.2485009;3.046956;
WristRight;-1.618741;-0.3595536;3.055725;
WristLeft;-1.540575;-0.09037636;2.953014;
HandRight;-1.609521;-0.384457;2.997239;
HandLeft;-1.51936;-0.03766818;2.925996;
Spine;-1.639429;-0.1594251;3.277141;
HipCenter;-1.625453;-0.1984962;3.256682;
HipRight;-1.600056;-0.2976453;3.391626;
HipLeft;-1.696016;-0.3024216;3.153134;
KneeRight;-1.616893;-0.5851939;3.127748;
KneeLeft;-1.602108;-0.6710458;3.175771;
AnkleRight;-1.634617;-0.8878796;2.838246;
AnkleLeft;-1.744116;-0.7549681;3.281742;
FootRight;-1.588912;-0.9503942;2.762723;
FootLeft;-1.709324;-0.789338;3.217113;
