Floor;-0.05124496;0.9982762;0.02861073;1.056422;
Head;0.6756012;0.4605855;3.20581;
ShoulderCenter;0.8109393;0.2908314;3.197531;
ShoulderRight;0.8769465;0.1767528;3.075328;
ShoulderLeft;0.7157029;0.05389189;3.183326;
ElbowRight;0.9255001;-0.08170535;3.003644;
ElbowLeft;0.7066107;-0.2095437;3.356169;
WristRight;0.8331353;-0.3338;2.93826;
WristLeft;0.6270882;-0.4499373;3.356831;
HandRight;0.8342706;-0.4089503;2.93974;
HandLeft;0.6005808;-0.5300685;3.361269;
Spine;0.8050232;-0.05250832;3.194491;
HipCenter;0.7681272;-0.1115298;3.15463;
HipRight;0.7981028;-0.1431349;3.107249;
HipLeft;0.7255432;-0.1984223;3.18565;
KneeRight;0.6584015;-0.6844243;3.068462;
KneeLeft;0.8497119;-0.730955;3.215975;
AnkleRight;0.8119518;-1.064909;3.075311;
AnkleLeft;0.9364082;-1.064044;3.138139;
FootRight;0.701011;-1.105009;3.063571;
FootLeft;0.8292223;-1.083129;3.091228;
Head;0.6597078;0.4655405;3.208645;
ShoulderCenter;0.7885479;0.2924253;3.193683;
ShoulderRight;0.8577799;0.1768868;3.076806;
ShoulderLeft;0.7179554;0.218897;3.280353;
ElbowRight;0.9115976;-0.08532231;3.002807;
ElbowLeft;0.6791194;-0.07251206;3.342124;
WristRight;0.8330865;-0.3341895;2.937771;
WristLeft;0.5860066;-0.3423608;3.352097;
HandRight;0.8294246;-0.412336;2.935308;
HandLeft;0.5358109;-0.3975503;3.344941;
Spine;0.7786829;-0.09546021;3.165523;
HipCenter;0.7343443;-0.1624254;3.131005;
HipRight;0.7586879;-0.2182973;3.087358;
HipLeft;0.7068337;-0.1991919;3.166721;
KneeRight;0.5904034;-0.6835794;3.057691;
KneeLeft;0.8206159;-0.7387698;3.213173;
AnkleRight;0.600649;-1.076786;3.045316;
AnkleLeft;0.9360478;-1.063926;3.140293;
FootRight;0.515456;-1.137274;3.089019;
FootLeft;0.8410339;-1.125249;3.168332;
Head;0.6273882;0.4175883;3.205612;
ShoulderCenter;0.745985;0.2829942;3.183942;
ShoulderRight;0.8099265;0.1702269;3.064045;
ShoulderLeft;0.648179;0.1153061;3.197458;
ElbowRight;0.8739979;-0.09746423;3.000875;
ElbowLeft;0.6207195;-0.128353;3.331414;
WristRight;0.8204569;-0.3442618;2.935677;
WristLeft;0.5135065;-0.3324515;3.348793;
HandRight;0.8130864;-0.421899;2.934918;
HandLeft;0.4751397;-0.3911637;3.348923;
Spine;0.7314195;-0.07284819;3.173029;
HipCenter;0.6902657;-0.1318985;3.13349;
HipRight;0.7199042;-0.1720095;3.088282;
HipLeft;0.647158;-0.1967183;3.16274;
KneeRight;0.5724881;-0.6740636;3.058946;
KneeLeft;0.6839051;-0.7306534;3.13686;
AnkleRight;0.4952956;-1.070655;3.040467;
AnkleLeft;0.9333701;-1.064045;3.139747;
FootRight;0.3962879;-1.116461;2.999646;
FootLeft;0.8406519;-1.125327;3.168137;
Head;0.5858263;0.4246578;3.195296;
ShoulderCenter;0.7038007;0.279046;3.179768;
ShoulderRight;0.7746686;0.164607;3.063771;
ShoulderLeft;0.5991491;0.04506886;3.228503;
ElbowRight;0.8417081;-0.1011119;2.990294;
ElbowLeft;0.5878206;-0.180729;3.3714;
WristRight;0.8117546;-0.3515;2.935586;
WristLeft;0.4431373;-0.3505279;3.352778;
HandRight;0.8094361;-0.4282821;2.934243;
HandLeft;0.4129058;-0.3782388;3.3466;
Spine;0.7147843;-0.06886797;3.163218;
HipCenter;0.674518;-0.1295663;3.126228;
HipRight;0.7041948;-0.1664712;3.074335;
HipLeft;0.6280701;-0.2108562;3.156358;
KneeRight;0.5386311;-0.6842634;3.062081;
KneeLeft;0.808079;-0.7220864;3.226207;
AnkleRight;0.4202325;-1.073067;3.047147;
AnkleLeft;0.9276017;-1.062953;3.138899;
FootRight;0.3050021;-1.097839;3.009716;
FootLeft;0.8420784;-1.124849;3.168421;
Head;0.5610631;0.4431765;3.198475;
ShoulderCenter;0.6571791;0.2741826;3.16702;
ShoulderRight;0.7292339;0.1498832;3.055561;
ShoulderLeft;0.574358;0.1032004;3.184585;
ElbowRight;0.7990804;-0.1250375;2.976584;
ElbowLeft;0.5334761;-0.1323105;3.33541;
WristRight;0.7983063;-0.3454281;2.933592;
WristLeft;0.3971359;-0.3215247;3.357828;
HandRight;0.7902719;-0.4337693;2.925472;
HandLeft;0.3409911;-0.3705682;3.34958;
Spine;0.6673136;-0.08393286;3.150796;
HipCenter;0.6325403;-0.1461981;3.109442;
HipRight;0.6668487;-0.1841758;3.066303;
HipLeft;0.6010708;-0.2075308;3.140072;
KneeRight;0.4743775;-0.688961;3.065156;
KneeLeft;0.7992028;-0.7191058;3.225508;
AnkleRight;0.3343718;-1.066378;3.040457;
AnkleLeft;0.9103902;-1.055724;3.136358;
FootRight;0.2298199;-1.073757;3.001234;
FootLeft;0.8461421;-1.123403;3.168533;
Head;0.496628;0.418914;3.181355;
ShoulderCenter;0.6231464;0.2667082;3.157535;
ShoulderRight;0.6988657;0.1453468;3.050723;
ShoulderLeft;0.5180223;0.03824852;3.179031;
ElbowRight;0.7658895;-0.1096943;2.974629;
ElbowLeft;0.4883219;-0.1828038;3.362808;
WristRight;0.765592;-0.3648208;2.927584;
WristLeft;0.3298254;-0.3434173;3.363583;
HandRight;0.7749785;-0.4507177;2.927276;
HandLeft;0.2772743;-0.3822782;3.35936;
Spine;0.6394811;-0.08111046;3.148314;
HipCenter;0.6064192;-0.1425708;3.10614;
HipRight;0.6415871;-0.1795333;3.057573;
HipLeft;0.5550374;-0.2254224;3.136469;
KneeRight;0.4551921;-0.6864611;3.065973;
KneeLeft;0.7900586;-0.7166821;3.225751;
AnkleRight;0.3276283;-1.06704;3.041509;
AnkleLeft;0.908062;-1.054969;3.137297;
FootRight;0.223792;-1.084308;3.012608;
FootLeft;0.8478426;-1.121175;3.165048;
Head;0.4610237;0.4268818;3.161186;
ShoulderCenter;0.5799319;0.2677792;3.157373;
ShoulderRight;0.6471325;0.1416339;3.037377;
ShoulderLeft;0.4907359;0.04109208;3.180431;
ElbowRight;0.7228953;-0.1274285;2.958589;
ElbowLeft;0.4584138;-0.1892121;3.365858;
WristRight;0.736249;-0.3668141;2.9193;
WristLeft;0.2806837;-0.3384346;3.355783;
HandRight;0.7454447;-0.4551616;2.925371;
HandLeft;0.2307347;-0.3812694;3.356646;
Spine;0.5981374;-0.09179796;3.133798;
HipCenter;0.561146;-0.1550401;3.093769;
HipRight;0.5982212;-0.1870025;3.049653;
HipLeft;0.528389;-0.2307611;3.122129;
KneeRight;0.4206536;-0.6813585;3.059712;
KneeLeft;0.7456602;-0.7681534;3.218271;
AnkleRight;0.3089032;-1.074827;3.046109;
AnkleLeft;0.9017184;-1.054983;3.137498;
FootRight;0.2069335;-1.105955;3.02742;
FootLeft;0.845462;-1.122191;3.164987;
Head;0.4165671;0.416758;3.123363;
ShoulderCenter;0.5333772;0.2603725;3.147839;
ShoulderRight;0.6074905;0.1325227;3.030709;
ShoulderLeft;0.4582449;0.1245743;3.170428;
ElbowRight;0.6869196;-0.1444332;2.95314;
ElbowLeft;0.4082637;-0.128867;3.318374;
WristRight;0.7065439;-0.3821455;2.912204;
WristLeft;0.2795395;-0.3221315;3.364136;
HandRight;0.7037055;-0.4732332;2.913531;
HandLeft;0.2017861;-0.3559648;3.358117;
Spine;0.5486176;-0.1169404;3.130076;
HipCenter;0.5131825;-0.1840062;3.088938;
HipRight;0.5437579;-0.2308841;3.044452;
HipLeft;0.4783939;-0.2340479;3.11776;
KneeRight;0.3654379;-0.6801724;3.054414;
KneeLeft;0.6516861;-0.7228268;3.216743;
AnkleRight;0.3044794;-1.076089;3.05019;
AnkleLeft;0.8755924;-1.032018;3.14729;
FootRight;0.1909368;-1.129792;3.070472;
FootLeft;0.8241075;-1.127364;3.179582;
Head;0.3870904;0.4259174;3.130356;
ShoulderCenter;0.4975908;0.255757;3.135944;
ShoulderRight;0.5612736;0.1293126;3.012586;
ShoulderLeft;0.4070136;0.03967036;3.16775;
ElbowRight;0.6412272;-0.1623783;2.942245;
ElbowLeft;0.3732296;-0.1943072;3.355734;
WristRight;0.6513874;-0.3967054;2.907066;
WristLeft;0.2177752;-0.3685096;3.37399;
HandRight;0.66495;-0.4880067;2.91083;
HandLeft;0.194498;-0.3598585;3.360044;
Spine;0.5110276;-0.1210746;3.117965;
HipCenter;0.4712881;-0.1882011;3.080395;
HipRight;0.5036192;-0.2213849;3.038054;
HipLeft;0.43047;-0.2608315;3.106092;
KneeRight;0.3379004;-0.6791064;3.051869;
KneeLeft;0.478486;-0.7569932;3.129508;
AnkleRight;0.2964353;-1.074938;3.052659;
AnkleLeft;0.8404235;-1.018997;3.149594;
FootRight;0.1826377;-1.133172;3.070453;
FootLeft;0.8172314;-1.128552;3.185936;
Head;0.3536872;0.4240193;3.128921;
ShoulderCenter;0.4719774;0.2566637;3.12623;
ShoulderRight;0.5329619;0.1297275;3.008506;
ShoulderLeft;0.3741578;0.05994675;3.172169;
ElbowRight;0.5964335;-0.1246177;2.943481;
ElbowLeft;0.3258548;-0.18696;3.334167;
WristRight;0.5974957;-0.3979409;2.897511;
WristLeft;0.2063191;-0.3777897;3.376965;
HandRight;0.6032881;-0.4760639;2.899067;
HandLeft;0.1529228;-0.4191321;3.373416;
Spine;0.4878529;-0.09898316;3.102682;
HipCenter;0.4480942;-0.1591134;3.063385;
HipRight;0.4841513;-0.2055506;3.017173;
HipLeft;0.4074696;-0.2124595;3.092569;
KneeRight;0.3115557;-0.6809347;3.042508;
KneeLeft;0.3971875;-0.7370968;3.104628;
AnkleRight;0.2815633;-1.060253;3.049465;
AnkleLeft;0.7578199;-0.9891859;3.148901;
FootRight;0.1790555;-1.135445;3.07022;
FootLeft;0.8082199;-1.104065;3.178146;
Head;0.3026426;0.4299117;3.129318;
ShoulderCenter;0.4241602;0.2610732;3.113803;
ShoulderRight;0.4955759;0.1421284;3.005726;
ShoulderLeft;0.3378807;0.1225714;3.166389;
ElbowRight;0.5494031;-0.1467399;2.926661;
ElbowLeft;0.2914723;-0.09576384;3.195171;
WristRight;0.5444719;-0.3899208;2.879471;
WristLeft;0.2211172;-0.3352108;3.358401;
HandRight;0.5490339;-0.4749854;2.886907;
HandLeft;0.1607436;-0.3883171;3.352229;
Spine;0.4207902;-0.08756433;3.117105;
HipCenter;0.379536;-0.1486316;3.082174;
HipRight;0.4061329;-0.1930705;3.040009;
HipLeft;0.3422624;-0.2026052;3.1136;
KneeRight;0.2760324;-0.6542746;3.028965;
KneeLeft;0.3538482;-0.7390487;3.095165;
AnkleRight;0.2822698;-1.063064;3.052013;
AnkleLeft;0.7280084;-0.9752641;3.167616;
FootRight;0.1789055;-1.137757;3.071173;
FootLeft;0.7566234;-1.085576;3.171082;
Head;0.2744803;0.4415563;3.110383;
ShoulderCenter;0.3726556;0.2600275;3.109101;
ShoulderRight;0.4442395;0.1435017;3.001267;
ShoulderLeft;0.3051228;0.1249179;3.173226;
ElbowRight;0.4956254;-0.1104095;2.92319;
ElbowLeft;0.2593405;-0.09047108;3.20128;
WristRight;0.4826827;-0.3875614;2.87006;
WristLeft;0.1981842;-0.3417042;3.353077;
HandRight;0.4871301;-0.4738325;2.871801;
HandLeft;0.1533275;-0.3918583;3.345642;
Spine;0.3764133;-0.08377489;3.114573;
HipCenter;0.3331477;-0.1449598;3.083907;
HipRight;0.3608517;-0.1887444;3.041115;
HipLeft;0.2959094;-0.1997774;3.117324;
KneeRight;0.270253;-0.6834412;3.029146;
KneeLeft;0.3506289;-0.7255642;3.099659;
AnkleRight;0.2817507;-1.065842;3.05335;
AnkleLeft;0.6993847;-0.9722267;3.18213;
FootRight;0.1772578;-1.139977;3.07178;
FootLeft;0.7044994;-1.068044;3.205163;
Head;0.2297515;0.4419737;3.11297;
ShoulderCenter;0.3503314;0.2720203;3.10535;
ShoulderRight;0.4194554;0.151475;3.003512;
ShoulderLeft;0.2580725;0.1356299;3.14399;
ElbowRight;0.4479553;-0.1232114;2.92161;
ElbowLeft;0.2126742;-0.07795283;3.171633;
WristRight;0.4063596;-0.3768581;2.877696;
WristLeft;0.1905907;-0.3273796;3.331112;
HandRight;0.4043958;-0.4658968;2.865125;
HandLeft;0.1490279;-0.3797431;3.320922;
Spine;0.3408146;-0.07732097;3.12151;
HipCenter;0.3021948;-0.1399384;3.087435;
HipRight;0.3322426;-0.1854775;3.0485;
HipLeft;0.2589184;-0.187874;3.119308;
KneeRight;0.2695929;-0.6847258;3.032388;
KneeLeft;0.3053056;-0.6940897;3.122263;
AnkleRight;0.2807722;-1.068596;3.055441;
AnkleLeft;0.5896856;-0.9598748;3.184675;
FootRight;0.1737872;-1.14321;3.072056;
FootLeft;0.6065207;-1.081329;3.231589;
Head;0.1815918;0.4448033;3.119487;
ShoulderCenter;0.304252;0.2747138;3.108765;
ShoulderRight;0.3844628;0.1535605;2.999558;
ShoulderLeft;0.2359359;0.1325238;3.149116;
ElbowRight;0.3950755;-0.1163493;2.935282;
ElbowLeft;0.1909127;-0.07929456;3.176316;
WristRight;0.3449836;-0.3296508;2.881086;
WristLeft;0.1631659;-0.3653407;3.254711;
HandRight;0.29887;-0.4094245;2.883368;
HandLeft;0.1372451;-0.4153179;3.293072;
Spine;0.3045458;-0.0799125;3.121027;
HipCenter;0.2657438;-0.1440813;3.088797;
HipRight;0.294212;-0.1936615;3.05034;
HipLeft;0.229616;-0.1880405;3.119939;
KneeRight;0.2624574;-0.6894686;3.034342;
KneeLeft;0.1446702;-0.6668642;3.191167;
AnkleRight;0.2806304;-1.068659;3.055911;
AnkleLeft;0.4946765;-0.9639699;3.17827;
FootRight;0.1747474;-1.144074;3.069933;
FootLeft;0.4838584;-1.067;3.258341;
Head;0.1436761;0.4444255;3.110814;
ShoulderCenter;0.2705795;0.277737;3.105694;
ShoulderRight;0.3526607;0.1552577;3.004169;
ShoulderLeft;0.1714695;0.1073694;3.138129;
ElbowRight;0.3396593;-0.1204289;2.945807;
ElbowLeft;0.1267313;-0.1031079;3.16498;
WristRight;0.2671095;-0.335999;2.903163;
WristLeft;0.1092206;-0.3886538;3.241161;
HandRight;0.2496825;-0.4223834;2.875671;
HandLeft;0.08325979;-0.4387082;3.279582;
Spine;0.2596622;-0.09116573;3.130753;
HipCenter;0.2247571;-0.1605961;3.098711;
HipRight;0.2630922;-0.2034718;3.066134;
HipLeft;0.1787073;-0.214728;3.125362;
KneeRight;0.2451209;-0.7039999;3.046782;
KneeLeft;0.1049705;-0.6934111;3.18654;
AnkleRight;0.2803431;-1.069313;3.057652;
AnkleLeft;0.4219923;-1.015445;3.178274;
FootRight;0.2033797;-1.137603;3.059071;
FootLeft;0.3884106;-1.100945;3.201988;
Head;0.1328164;0.4678373;3.091071;
ShoulderCenter;0.2299094;0.2846793;3.100845;
ShoulderRight;0.2965648;0.1659918;3.001093;
ShoulderLeft;0.1508677;0.1130737;3.143583;
ElbowRight;0.2806365;-0.1159237;2.934153;
ElbowLeft;0.1063563;-0.0963361;3.17012;
WristRight;0.2145192;-0.33069;2.89806;
WristLeft;0.08877483;-0.3804438;3.24576;
HandRight;0.1750715;-0.4099291;2.871603;
HandLeft;0.06279409;-0.4305366;3.284211;
Spine;0.2369214;-0.08988369;3.125177;
HipCenter;0.2015229;-0.160994;3.097088;
HipRight;0.2297518;-0.2006539;3.063815;
HipLeft;0.1638733;-0.2162556;3.125551;
KneeRight;0.2424361;-0.7052541;3.047164;
KneeLeft;0.0728776;-0.6949472;3.188746;
AnkleRight;0.2800644;-1.0694;3.058742;
AnkleLeft;0.3698861;-1.001384;3.160316;
FootRight;0.1966932;-1.139632;3.061195;
FootLeft;0.2724629;-1.075887;3.197095;
Head;0.1009639;0.4824737;3.09269;
ShoulderCenter;0.1840407;0.2903956;3.096288;
ShoulderRight;0.2796484;0.1637574;3.000417;
ShoulderLeft;0.1067043;0.1649799;3.121137;
ElbowRight;0.2338202;-0.1032564;2.929125;
ElbowLeft;0.06243325;-0.04329936;3.147309;
WristRight;0.1606717;-0.3093594;2.901141;
WristLeft;0.04477978;-0.3258833;3.222363;
HandRight;0.115337;-0.3865021;2.873415;
HandLeft;0.01843623;-0.3766757;3.26135;
Spine;0.1980819;-0.0797319;3.115651;
HipCenter;0.1716518;-0.1503825;3.081969;
HipRight;0.2080933;-0.1879412;3.053917;
HipLeft;0.1314474;-0.2026075;3.103872;
KneeRight;0.2162931;-0.7399532;3.066342;
KneeLeft;0.0338731;-0.7292451;3.190532;
AnkleRight;0.2779284;-1.072851;3.064284;
AnkleLeft;0.1440442;-1.103117;3.177458;
FootRight;0.1946039;-1.139557;3.052312;
FootLeft;0.09897344;-1.168094;3.227503;
Head;0.05665353;0.4685382;3.096844;
ShoulderCenter;0.1573464;0.2923268;3.097778;
ShoulderRight;0.2247858;0.1679589;2.99747;
ShoulderLeft;0.08245052;0.1666721;3.122684;
ElbowRight;0.1833403;-0.08778033;2.923346;
ElbowLeft;0.03844928;-0.04033792;3.148515;
WristRight;0.08707026;-0.2824458;2.89078;
WristLeft;0.02071871;-0.3212111;3.222946;
HandRight;0.03302003;-0.357526;2.872127;
HandLeft;-0.00582145;-0.3723826;3.262224;
Spine;0.1620308;-0.07899235;3.107397;
HipCenter;0.1308095;-0.1484038;3.075642;
HipRight;0.1611961;-0.1800431;3.041109;
HipLeft;0.09442395;-0.2047482;3.101984;
KneeRight;0.2074254;-0.7365727;3.056816;
KneeLeft;-0.02235253;-0.7388893;3.194653;
AnkleRight;0.2775401;-1.075794;3.065497;
AnkleLeft;0.05129191;-1.0864;3.173796;
FootRight;0.1967745;-1.138646;3.050782;
FootLeft;-0.01134143;-1.132452;3.097832;
Head;0.07937238;0.4899541;3.116152;
ShoulderCenter;0.1065051;0.2850806;3.096397;
ShoulderRight;0.2004334;0.1670978;2.996555;
ShoulderLeft;0.03087987;0.1594516;3.121424;
ElbowRight;0.1350854;-0.09678909;2.913642;
ElbowLeft;-0.01294805;-0.04674298;3.147146;
WristRight;-0.0001486028;-0.3009176;2.877695;
WristLeft;-0.03072612;-0.3265168;3.221232;
HandRight;-0.05892668;-0.3749016;2.874115;
HandLeft;-0.05731822;-0.3777885;3.260588;
Spine;0.1452212;-0.07580005;3.103996;
HipCenter;0.1208379;-0.1463104;3.069984;
HipRight;0.1583733;-0.1773663;3.038276;
HipLeft;0.07916451;-0.2024037;3.092924;
KneeRight;0.1872919;-0.7186445;3.048517;
KneeLeft;-0.07902841;-0.7294846;3.192678;
AnkleRight;0.2777311;-1.075116;3.066445;
AnkleLeft;-0.063709;-1.091714;3.189221;
FootRight;0.1946264;-1.141108;3.055298;
FootLeft;0.04973587;-1.143387;3.183294;
Head;-0.06692857;0.4411497;3.140582;
ShoulderCenter;0.06884284;0.2843136;3.097846;
ShoulderRight;0.1402759;0.1642216;2.998467;
ShoulderLeft;-0.006782398;0.1586846;3.122873;
ElbowRight;0.08535339;-0.0826408;2.910336;
ElbowLeft;-0.05038899;-0.04646878;3.148434;
WristRight;-0.08125047;-0.3038655;2.868906;
WristLeft;-0.06822541;-0.3248385;3.222074;
HandRight;-0.1267589;-0.3744366;2.865387;
HandLeft;-0.09471024;-0.3759032;3.261271;
Spine;0.07733948;-0.09973751;3.114182;
HipCenter;0.04966634;-0.1731836;3.084677;
HipRight;0.07257699;-0.2063322;3.060155;
HipLeft;0.02411235;-0.2297877;3.103995;
KneeRight;0.1736429;-0.714853;3.045641;
KneeLeft;-0.1072451;-0.7414941;3.193453;
AnkleRight;0.2741917;-1.072784;3.066727;
AnkleLeft;-0.2012131;-1.118005;3.192346;
FootRight;0.1795501;-1.147998;3.077547;
FootLeft;-0.2878842;-1.147786;3.196689;
Head;-0.07209704;0.4011303;3.151738;
ShoulderCenter;0.02163762;0.193055;3.098578;
ShoulderRight;0.109184;0.1607966;3.002778;
ShoulderLeft;-0.06493954;0.1044393;3.172044;
ElbowRight;0.04141251;-0.07802701;2.900249;
ElbowLeft;-0.1083369;-0.09972982;3.197344;
WristRight;-0.1235797;-0.2953699;2.868811;
WristLeft;-0.1262262;-0.3767723;3.270504;
HandRight;-0.1874539;-0.3592661;2.86896;
HandLeft;-0.1526553;-0.4277296;3.309618;
Spine;0.05736244;-0.09946693;3.111519;
HipCenter;0.0280356;-0.1616446;3.084885;
HipRight;0.05752185;-0.1992981;3.056008;
HipLeft;-0.0001068744;-0.2247953;3.107513;
KneeRight;0.1496177;-0.7066562;3.040045;
KneeLeft;-0.1637293;-0.7774801;3.200991;
AnkleRight;0.2619256;-1.056141;3.061293;
AnkleLeft;-0.2768844;-1.122295;3.181791;
FootRight;0.1786269;-1.145899;3.079646;
FootLeft;-0.3979836;-1.112051;3.205498;
Head;-0.09895824;0.4010509;3.154138;
ShoulderCenter;-0.01158954;0.1978904;3.110599;
ShoulderRight;0.06324704;0.1487821;3.002068;
ShoulderLeft;-0.09816671;0.1092747;3.184065;
ElbowRight;-0.006633598;-0.0903126;2.899876;
ElbowLeft;-0.141373;-0.09399548;3.209116;
WristRight;-0.1882627;-0.299518;2.858232;
WristLeft;-0.1593086;-0.3698255;3.281835;
HandRight;-0.2553784;-0.3633001;2.86538;
HandLeft;-0.1857043;-0.4207185;3.320899;
Spine;0.008555062;-0.1409585;3.105467;
HipCenter;-0.02071488;-0.2047137;3.077495;
HipRight;0.01084647;-0.229985;3.0608;
HipLeft;-0.05287386;-0.2598581;3.08454;
KneeRight;0.1297859;-0.7136663;3.040148;
KneeLeft;-0.1891122;-0.7855107;3.197803;
AnkleRight;0.261685;-1.059993;3.06312;
AnkleLeft;-0.3758129;-1.110831;3.172588;
FootRight;0.1740169;-1.148136;3.078612;
FootLeft;-0.4949489;-1.112942;3.211278;
Head;-0.1516055;0.3949481;3.139598;
ShoulderCenter;-0.05533808;0.2056906;3.123199;
ShoulderRight;0.02210708;0.1427889;3.011545;
ShoulderLeft;-0.1419152;0.1170749;3.196665;
ElbowRight;-0.07238688;-0.1158922;2.898242;
ElbowLeft;-0.1850537;-0.08587591;3.221606;
WristRight;-0.2414428;-0.3086147;2.869801;
WristLeft;-0.2030052;-0.3612749;3.294158;
HandRight;-0.2842462;-0.3614479;2.858953;
HandLeft;-0.2292035;-0.4117872;3.332931;
Spine;-0.03682382;-0.1489375;3.116269;
HipCenter;-0.06877519;-0.2157259;3.088535;
HipRight;-0.03705033;-0.2398689;3.075212;
HipLeft;-0.1025881;-0.267115;3.093208;
KneeRight;0.02177638;-0.7194068;3.085251;
KneeLeft;-0.2397424;-0.7685835;3.189871;
AnkleRight;0.2558149;-1.059307;3.062657;
AnkleLeft;-0.3798537;-1.110823;3.170993;
FootRight;0.1754569;-1.144692;3.070018;
FootLeft;-0.5004724;-1.133152;3.201882;
Head;-0.1797321;0.3913694;3.142177;
ShoulderCenter;-0.1005501;0.1946269;3.12708;
ShoulderRight;-0.02432988;0.1409222;3.016994;
ShoulderLeft;-0.1871272;0.1060112;3.200546;
ElbowRight;-0.08977636;-0.1065706;2.90041;
ElbowLeft;-0.2301441;-0.09636743;3.225309;
WristRight;-0.2851522;-0.3050957;2.86035;
WristLeft;-0.2481237;-0.3709948;3.297569;
HandRight;-0.3420645;-0.3502479;2.861183;
HandLeft;-0.2742101;-0.4212914;3.336176;
Spine;-0.08802427;-0.1554549;3.124101;
HipCenter;-0.1196835;-0.2207164;3.097002;
HipRight;-0.09067322;-0.2488178;3.086615;
HipLeft;-0.1516376;-0.2685954;3.099416;
KneeRight;0.03519606;-0.6978348;3.045783;
KneeLeft;-0.2513528;-0.7563493;3.191702;
AnkleRight;0.2527542;-1.059838;3.061474;
AnkleLeft;-0.3779846;-1.110175;3.167927;
FootRight;0.1740066;-1.144892;3.072543;
FootLeft;-0.4978107;-1.148551;3.186776;
Head;-0.2311498;0.3964484;3.165189;
ShoulderCenter;-0.1470162;0.1922739;3.127376;
ShoulderRight;-0.05997727;0.1442591;3.023206;
ShoulderLeft;-0.2335934;0.1036582;3.200842;
ElbowRight;-0.1283809;-0.10439;2.90851;
ElbowLeft;-0.2764995;-0.09819965;3.225432;
WristRight;-0.2947767;-0.2971841;2.860211;
WristLeft;-0.294504;-0.3721243;3.297422;
HandRight;-0.3615235;-0.3516392;2.856115;
HandLeft;-0.320536;-0.422316;3.335948;
Spine;-0.1216915;-0.154113;3.125797;
HipCenter;-0.1501344;-0.2199243;3.097242;
HipRight;-0.1187584;-0.2487978;3.090287;
HipLeft;-0.1832966;-0.268732;3.095821;
KneeRight;0.004168863;-0.704209;3.04046;
KneeLeft;-0.3153401;-0.7764859;3.192393;
AnkleRight;0.2370019;-1.061055;3.057455;
AnkleLeft;-0.382373;-1.109832;3.163533;
FootRight;0.1704633;-1.145866;3.070671;
FootLeft;-0.4988353;-1.15703;3.186473;
Head;-0.2585264;0.3957347;3.158712;
ShoulderCenter;-0.1799274;0.1965305;3.131521;
ShoulderRight;-0.1080056;0.1512629;3.022511;
ShoulderLeft;-0.2665046;0.1079148;3.204987;
ElbowRight;-0.1684935;-0.1046492;2.912631;
ElbowLeft;-0.3093197;-0.09351476;3.229425;
WristRight;-0.3087979;-0.2806804;2.87148;
WristLeft;-0.3273441;-0.3668616;3.301189;
HandRight;-0.3772145;-0.3430332;2.864476;
HandLeft;-0.3534507;-0.4171969;3.339826;
Spine;-0.1692326;-0.1648953;3.118354;
HipCenter;-0.200544;-0.2319627;3.08972;
HipRight;-0.1680765;-0.255549;3.078675;
HipLeft;-0.2353919;-0.2853628;3.090745;
KneeRight;-0.06847171;-0.7615481;3.051219;
KneeLeft;-0.3347443;-0.7623763;3.194455;
AnkleRight;0.2129655;-1.062314;3.055528;
AnkleLeft;-0.3856085;-1.107915;3.163014;
FootRight;0.1577379;-1.146214;3.067545;
FootLeft;-0.5000774;-1.159275;3.18706;
Head;-0.3214187;0.3949296;3.165215;
ShoulderCenter;-0.2313487;0.1986982;3.126904;
ShoulderRight;-0.1593948;0.1474432;3.026099;
ShoulderLeft;-0.3179259;0.1100824;3.200369;
ElbowRight;-0.1879411;-0.09331782;2.918673;
ElbowLeft;-0.3605868;-0.09062169;3.224579;
WristRight;-0.3747758;-0.3058183;2.865392;
WristLeft;-0.3786443;-0.3629897;3.295974;
HandRight;-0.4098888;-0.3642111;2.864556;
HandLeft;-0.4045709;-0.4129782;3.334345;
Spine;-0.2056132;-0.1240269;3.115437;
HipCenter;-0.2346137;-0.1840477;3.08628;
HipRight;-0.2067576;-0.2133404;3.057178;
HipLeft;-0.2632345;-0.2444113;3.102772;
KneeRight;-0.129483;-0.7566029;3.033532;
KneeLeft;-0.3672245;-0.7685486;3.192531;
AnkleRight;0.1592083;-1.033515;3.043379;
AnkleLeft;-0.3851787;-1.105678;3.163149;
FootRight;0.1251267;-1.148093;3.063446;
FootLeft;-0.487905;-1.163815;3.211571;
Head;-0.3533002;0.3944506;3.172228;
ShoulderCenter;-0.2611467;0.1960131;3.13555;
ShoulderRight;-0.1826203;0.1562634;3.028848;
ShoulderLeft;-0.3477239;0.1073974;3.209016;
ElbowRight;-0.2187901;-0.08884975;2.927595;
ElbowLeft;-0.3902515;-0.0926795;3.233016;
WristRight;-0.3845577;-0.3133557;2.867721;
WristLeft;-0.4083365;-0.3642009;3.304086;
HandRight;-0.4196319;-0.3722631;2.862572;
HandLeft;-0.4341218;-0.4139169;3.342247;
Spine;-0.2569816;-0.1267227;3.13184;
HipCenter;-0.288781;-0.185159;3.104131;
HipRight;-0.2636359;-0.2144947;3.079952;
HipLeft;-0.3185754;-0.2458278;3.117205;
KneeRight;-0.2015205;-0.7053317;3.015854;
KneeLeft;-0.394372;-0.77789;3.176374;
AnkleRight;0.0850753;-1.007786;3.038964;
AnkleLeft;-0.3862539;-1.107302;3.160889;
FootRight;0.07014684;-1.125318;3.048575;
FootLeft;-0.489348;-1.165311;3.207445;
Head;-0.3874588;0.4056519;3.155547;
ShoulderCenter;-0.3047718;0.2029608;3.129473;
ShoulderRight;-0.2302557;0.1573753;3.033896;
ShoulderLeft;-0.391349;0.1143451;3.202939;
ElbowRight;-0.2463039;-0.0878095;2.937274;
ElbowLeft;-0.4337442;-0.08510923;3.22673;
WristRight;-0.3868356;-0.3091724;2.870751;
WristLeft;-0.4518557;-0.3557906;3.297477;
HandRight;-0.4351353;-0.3840794;2.863744;
HandLeft;-0.4776107;-0.4054483;3.335594;
Spine;-0.2671879;-0.1196132;3.107764;
HipCenter;-0.2951871;-0.1784656;3.07298;
HipRight;-0.2636475;-0.2069735;3.040214;
HipLeft;-0.3260127;-0.2353156;3.084008;
KneeRight;-0.2657577;-0.7339883;3.012455;
KneeLeft;-0.4260536;-0.7930825;3.1626;
AnkleRight;0.007656051;-0.9825686;3.048342;
AnkleLeft;-0.3782182;-1.116963;3.157618;
FootRight;0.01200473;-1.07416;3.029286;
FootLeft;-0.4851108;-1.164416;3.206371;
Head;-0.4569783;0.4607195;3.17085;
ShoulderCenter;-0.3445803;0.2982425;3.150102;
ShoulderRight;-0.2549188;0.1612716;3.036075;
ShoulderLeft;-0.4311575;0.2096268;3.223568;
ElbowRight;-0.2825468;-0.1028535;2.942303;
ElbowLeft;-0.4734819;0.01050568;3.247133;
WristRight;-0.3900732;-0.3090425;2.876745;
WristLeft;-0.4916072;-0.2597259;3.31765;
HandRight;-0.4357877;-0.385254;2.865438;
HandLeft;-0.5173326;-0.3093264;3.355723;
Spine;-0.2880932;-0.07256687;3.110692;
HipCenter;-0.3061397;-0.1516424;3.074133;
HipRight;-0.2673899;-0.1975157;3.042138;
HipLeft;-0.3391243;-0.1938625;3.086374;
KneeRight;-0.3729909;-0.6984884;3.011666;
KneeLeft;-0.4329272;-0.76017;3.089146;
AnkleRight;-0.07416713;-0.9849557;3.046805;
AnkleLeft;-0.3809733;-1.068771;3.159607;
FootRight;-0.1103708;-1.106183;3.047328;
FootLeft;-0.4777156;-1.139514;3.200144;
Head;-0.4931288;0.4616036;3.155929;
ShoulderCenter;-0.3761453;0.3049992;3.152691;
ShoulderRight;-0.2954735;0.1653686;3.036833;
ShoulderLeft;-0.4627225;0.2163835;3.226157;
ElbowRight;-0.3062973;-0.1051579;2.942563;
ElbowLeft;-0.5049955;0.01750405;3.249572;
WristRight;-0.4148917;-0.3341576;2.884335;
WristLeft;-0.5231307;-0.2524013;3.319929;
HandRight;-0.4415632;-0.3946893;2.872108;
HandLeft;-0.5487247;-0.3017485;3.357807;
Spine;-0.3746448;-0.07446744;3.140061;
HipCenter;-0.4059635;-0.1446177;3.109769;
HipRight;-0.3729207;-0.1940553;3.084331;
HipLeft;-0.4435039;-0.1868038;3.123659;
KneeRight;-0.4679372;-0.6695154;3.010689;
KneeLeft;-0.3674563;-0.6941813;3.205489;
AnkleRight;-0.1882046;-1.011444;3.038067;
AnkleLeft;-0.3913813;-1.098428;3.15622;
FootRight;-0.2247498;-1.116217;3.042287;
FootLeft;-0.4909208;-1.163598;3.201543;
Head;-0.5313557;0.4577331;3.148394;
ShoulderCenter;-0.4135932;0.3020225;3.148199;
ShoulderRight;-0.3203562;0.1677183;3.039442;
ShoulderLeft;-0.5001704;0.2134068;3.221665;
ElbowRight;-0.340801;-0.1046476;2.942881;
ElbowLeft;-0.5424028;0.0147187;3.244912;
WristRight;-0.4116037;-0.3257662;2.900123;
WristLeft;-0.5605456;-0.2549285;3.315117;
HandRight;-0.4410745;-0.3936871;2.872398;
HandLeft;-0.5860865;-0.304173;3.352917;
Spine;-0.402875;-0.08848694;3.142551;
HipCenter;-0.4346914;-0.1621231;3.11107;
HipRight;-0.3973506;-0.1970638;3.086078;
HipLeft;-0.4784977;-0.2246994;3.126206;
KneeRight;-0.5099524;-0.6983325;3.01753;
KneeLeft;-0.3871653;-0.7041047;3.198252;
AnkleRight;-0.3047653;-1.064422;3.053776;
AnkleLeft;-0.4055086;-1.086296;3.124813;
FootRight;-0.3903217;-1.154755;3.079569;
FootLeft;-0.4931429;-1.154299;3.18679;
Head;-0.5649132;0.4583149;3.147987;
ShoulderCenter;-0.4419925;0.3049488;3.141428;
ShoulderRight;-0.3568771;0.1711297;3.037126;
ShoulderLeft;-0.5285696;0.2163331;3.214894;
ElbowRight;-0.357739;-0.1043483;2.947354;
ElbowLeft;-0.5707656;0.01781613;3.238047;
WristRight;-0.4342182;-0.3314053;2.907892;
WristLeft;-0.5889153;-0.2515999;3.308145;
HandRight;-0.4427336;-0.3995898;2.872828;
HandLeft;-0.6143977;-0.3007319;3.345858;
Spine;-0.4389622;-0.08342058;3.148772;
HipCenter;-0.4714833;-0.1566007;3.120639;
HipRight;-0.4399347;-0.19615;3.088573;
HipLeft;-0.5111583;-0.2171298;3.145818;
KneeRight;-0.5655823;-0.7019153;3.017008;
KneeLeft;-0.4256572;-0.711199;3.19478;
AnkleRight;-0.3947298;-1.070743;3.052521;
AnkleLeft;-0.3776133;-1.019466;3.067641;
FootRight;-0.4891765;-1.150675;3.079853;
FootLeft;-0.4737661;-1.075772;3.127978;
Head;-0.6115382;0.4449222;3.131229;
ShoulderCenter;-0.4825424;0.2999972;3.13918;
ShoulderRight;-0.3878917;0.1695792;3.033567;
ShoulderLeft;-0.5691196;0.2113815;3.212646;
ElbowRight;-0.3819784;-0.101322;2.94819;
ElbowLeft;-0.6112652;0.01310161;3.235702;
WristRight;-0.4487777;-0.3321418;2.909653;
WristLeft;-0.6789534;-0.2531877;3.287143;
HandRight;-0.4464702;-0.400043;2.877355;
HandLeft;-0.7184501;-0.3068155;3.282362;
Spine;-0.4627764;-0.08824187;3.142798;
HipCenter;-0.4922673;-0.1623013;3.113292;
HipRight;-0.4536811;-0.1987907;3.085919;
HipLeft;-0.5332335;-0.2192618;3.132706;
KneeRight;-0.6399787;-0.6945838;3.015122;
KneeLeft;-0.4719046;-0.7290426;3.184205;
AnkleRight;-0.4823961;-1.101322;3.075072;
AnkleLeft;-0.4073737;-1.101488;3.118979;
FootRight;-0.5963314;-1.156229;3.070395;
FootLeft;-0.5198965;-1.128445;3.067697;
Head;-0.6309188;0.4518946;3.12383;
ShoulderCenter;-0.5061413;0.3050904;3.138593;
ShoulderRight;-0.4306156;0.1720372;3.035098;
ShoulderLeft;-0.5927185;0.2164747;3.212059;
ElbowRight;-0.4025632;-0.09912136;2.951997;
ElbowLeft;-0.6348208;0.01839867;3.234968;
WristRight;-0.4570233;-0.3299553;2.911994;
WristLeft;-0.7201919;-0.2431944;3.283273;
HandRight;-0.4601952;-0.4080481;2.883799;
HandLeft;-0.8002153;-0.3965156;3.299213;
Spine;-0.4806675;-0.09226967;3.121016;
HipCenter;-0.5107652;-0.1673837;3.086514;
HipRight;-0.4787919;-0.1953911;3.055825;
HipLeft;-0.5454916;-0.2294596;3.101145;
KneeRight;-0.677596;-0.6955398;3.016941;
KneeLeft;-0.5321193;-0.7511406;3.142723;
AnkleRight;-0.6103935;-1.064735;3.051907;
AnkleLeft;-0.4032327;-1.100275;3.135887;
FootRight;-0.710389;-1.142588;3.045925;
FootLeft;-0.4565698;-1.174233;3.157768;
Head;-0.6753853;0.4267151;3.071672;
ShoulderCenter;-0.5539562;0.2960379;3.123879;
ShoulderRight;-0.468997;0.1672822;3.028836;
ShoulderLeft;-0.6405334;0.2074222;3.197345;
ElbowRight;-0.4242477;-0.1069045;2.954725;
ElbowLeft;-0.6826058;0.009486541;3.220131;
WristRight;-0.4657481;-0.3251124;2.912757;
WristLeft;-0.776493;-0.2495761;3.265733;
HandRight;-0.4667315;-0.4095438;2.884289;
HandLeft;-0.8687857;-0.3920234;3.289971;
Spine;-0.5418002;-0.1054941;3.115396;
HipCenter;-0.5724888;-0.1804412;3.082029;
HipRight;-0.5390205;-0.2116315;3.065284;
HipLeft;-0.609067;-0.2292093;3.089471;
KneeRight;-0.7048479;-0.7013767;3.0219;
KneeLeft;-0.5009689;-0.7346738;3.194205;
AnkleRight;-0.7395754;-1.138773;3.070082;
AnkleLeft;-0.3990789;-1.102079;3.139539;
FootRight;-0.8001029;-1.200557;3.033676;
FootLeft;-0.4949291;-1.165118;3.193928;
Head;-0.6001199;0.4917793;3.146349;
ShoulderCenter;-0.5784259;0.2921713;3.12124;
ShoulderRight;-0.4996013;0.1568591;3.022013;
ShoulderLeft;-0.6310963;0.2163681;3.072935;
ElbowRight;-0.4396082;-0.1111692;2.956668;
ElbowLeft;-0.7321565;0.01048271;3.131921;
WristRight;-0.4759539;-0.3366444;2.910361;
WristLeft;-0.8347753;-0.2267446;3.229969;
HandRight;-0.4777358;-0.4155707;2.885553;
HandLeft;-0.8810261;-0.3014513;3.252086;
Spine;-0.6054601;-0.09917832;3.130845;
HipCenter;-0.624272;-0.1711324;3.090146;
HipRight;-0.5970433;-0.2082969;3.070765;
HipLeft;-0.6567754;-0.2022777;3.103079;
KneeRight;-0.7000167;-0.6733286;3.034852;
KneeLeft;-0.5188177;-0.7229369;3.188656;
AnkleRight;-0.7861336;-1.106628;3.072605;
AnkleLeft;-0.3996669;-1.096254;3.141294;
FootRight;-0.8402972;-1.190932;3.058221;
FootLeft;-0.4945167;-1.158153;3.199743;
Head;-0.7523818;0.4390334;3.105047;
ShoulderCenter;-0.6316578;0.2854664;3.114855;
ShoulderRight;-0.5397448;0.1555702;3.017502;
ShoulderLeft;-0.6686714;0.2119207;3.068319;
ElbowRight;-0.4871276;-0.1165766;2.958721;
ElbowLeft;-0.7792008;0.01110622;3.127074;
WristRight;-0.4942004;-0.3572674;2.90608;
WristLeft;-0.888379;-0.2226349;3.225665;
HandRight;-0.4983288;-0.4358859;2.886762;
HandLeft;-0.94116;-0.2933191;3.246646;
Spine;-0.6315007;-0.09993132;3.127795;
HipCenter;-0.6487815;-0.172492;3.087505;
HipRight;-0.619419;-0.214386;3.065302;
HipLeft;-0.6833722;-0.2023387;3.10317;
KneeRight;-0.6755958;-0.6852034;3.079518;
KneeLeft;-0.5296328;-0.7232816;3.188723;
AnkleRight;-0.8534275;-0.9613797;3.032578;
AnkleLeft;-0.3996951;-1.096585;3.142005;
FootRight;-0.9071475;-0.9213821;2.965774;
FootLeft;-0.4951389;-1.157655;3.201508;
Head;-0.7904104;0.4263729;3.10793;
ShoulderCenter;-0.6587209;0.2778626;3.102089;
ShoulderRight;-0.5879138;0.137138;3.010537;
ShoulderLeft;-0.7404839;0.1781608;3.095831;
ElbowRight;-0.5232009;-0.1343968;2.947588;
ElbowLeft;-0.7825043;-0.01953013;3.118557;
WristRight;-0.5202288;-0.3647216;2.896058;
WristLeft;-0.9107643;-0.2374616;3.228626;
HandRight;-0.5121742;-0.4378035;2.884747;
HandLeft;-1.013452;-0.3595507;3.267808;
Spine;-0.6612541;-0.1103491;3.104945;
HipCenter;-0.6841441;-0.1816599;3.065014;
HipRight;-0.650435;-0.2274489;3.039658;
HipLeft;-0.7238417;-0.2168499;3.080721;
KneeRight;-0.7033849;-0.6884478;3.066226;
KneeLeft;-0.5577601;-0.7398326;3.187832;
AnkleRight;-0.9210619;-0.9334208;3.048031;
AnkleLeft;-0.4039878;-1.097817;3.143482;
FootRight;-0.8841643;-0.8617667;2.999162;
FootLeft;-0.4950201;-1.155362;3.21177;
Head;-0.8344024;0.4244133;3.081376;
ShoulderCenter;-0.7171158;0.2707304;3.09947;
ShoulderRight;-0.6174087;0.1385119;3.006951;
ShoulderLeft;-0.7915053;0.1731003;3.096694;
ElbowRight;-0.5557887;-0.1343005;2.946867;
ElbowLeft;-0.833554;-0.02472365;3.119479;
WristRight;-0.5593543;-0.3654439;2.891904;
WristLeft;-0.9593045;-0.2426016;3.232626;
HandRight;-0.5514276;-0.4411567;2.882017;
HandLeft;-1.066188;-0.3606811;3.255711;
Spine;-0.7183642;-0.1066877;3.104625;
HipCenter;-0.7408584;-0.1759267;3.063414;
HipRight;-0.7045473;-0.2224703;3.035794;
HipLeft;-0.7816991;-0.2145963;3.081566;
KneeRight;-0.6975775;-0.6307043;3.13203;
KneeLeft;-0.5725093;-0.7334164;3.187489;
AnkleRight;-0.9020035;-0.870433;3.042165;
AnkleLeft;-0.4073223;-1.099555;3.146383;
FootRight;-0.8991382;-0.9613757;3.016633;
FootLeft;-0.4990888;-1.158146;3.213413;
Head;-0.8577275;0.4215785;3.070504;
ShoulderCenter;-0.7382036;0.2684981;3.087348;
ShoulderRight;-0.6672105;0.1334709;2.997216;
ShoulderLeft;-0.8125931;0.170868;3.084573;
ElbowRight;-0.6059164;-0.1398906;2.941007;
ElbowLeft;-0.8546448;-0.02696994;3.107284;
WristRight;-0.5822365;-0.3726522;2.885523;
WristLeft;-0.9848641;-0.2425606;3.219833;
HandRight;-0.5673872;-0.4407554;2.876835;
HandLeft;-1.057764;-0.2906172;3.195166;
Spine;-0.7314469;-0.126468;3.076345;
HipCenter;-0.7552009;-0.1993778;3.030727;
HipRight;-0.7275311;-0.2425635;2.99602;
HipLeft;-0.7864546;-0.2434707;3.050278;
KneeRight;-0.6960304;-0.6443542;3.105834;
KneeLeft;-0.6402175;-0.7430662;3.170189;
AnkleRight;-0.9097648;-0.8353482;2.998861;
AnkleLeft;-0.4114521;-1.100121;3.149101;
FootRight;-0.9561003;-0.8803053;2.908424;
FootLeft;-0.5031168;-1.159344;3.215578;
Head;-0.8866149;0.4316124;3.059093;
ShoulderCenter;-0.791867;0.260433;3.072489;
ShoulderRight;-0.6918669;0.1310855;2.990296;
ShoulderLeft;-0.8662565;0.1628029;3.069714;
ElbowRight;-0.6479551;-0.145235;2.930734;
ElbowLeft;-0.908309;-0.0350391;3.092374;
WristRight;-0.6400477;-0.3539276;2.876828;
WristLeft;-1.03069;-0.2534309;3.207902;
HandRight;-0.619904;-0.4425071;2.872785;
HandLeft;-1.080525;-0.2950241;3.190477;
Spine;-0.7758803;-0.1327582;3.067772;
HipCenter;-0.7919114;-0.2046672;3.022168;
HipRight;-0.7564601;-0.2448014;2.9959;
HipLeft;-0.8269143;-0.2472068;3.035602;
KneeRight;-0.7294816;-0.640438;3.121994;
KneeLeft;-0.6552064;-0.7573815;3.178417;
AnkleRight;-0.9331293;-0.8231629;3.044807;
AnkleLeft;-0.4324527;-1.100067;3.159465;
FootRight;-0.9703047;-0.8683431;2.949848;
FootLeft;-0.5208343;-1.166827;3.224152;
Head;-0.9436777;0.4084986;3.048541;
ShoulderCenter;-0.82337;0.2566798;3.069399;
ShoulderRight;-0.7394813;0.13351;2.972507;
ShoulderLeft;-0.8287367;0.173454;2.999989;
ElbowRight;-0.7065014;-0.1449263;2.918297;
ElbowLeft;-0.8707914;-0.02439806;3.022599;
WristRight;-0.6876557;-0.3751446;2.873169;
WristLeft;-1.006321;-0.2199326;3.159805;
HandRight;-0.6756551;-0.4570747;2.866854;
HandLeft;-1.160369;-0.4103518;3.274738;
Spine;-0.8168089;-0.1451743;3.057829;
HipCenter;-0.8289125;-0.2177233;3.006452;
HipRight;-0.815578;-0.2484839;2.97605;
HipLeft;-0.8378572;-0.2489444;3.029927;
KneeRight;-0.7230406;-0.6453307;3.182075;
KneeLeft;-0.7166531;-0.7719395;3.179887;
AnkleRight;-0.927317;-0.8967416;3.191921;
AnkleLeft;-0.46761;-1.070554;3.163153;
FootRight;-0.8277816;-0.8246385;3.228712;
FootLeft;-0.5308711;-1.166521;3.220144;
Head;-0.981245;0.4145843;3.034296;
ShoulderCenter;-0.8619595;0.2617143;3.056505;
ShoulderRight;-0.7765942;0.1306172;2.963488;
ShoulderLeft;-0.8097096;0.1530874;2.918369;
ElbowRight;-0.742768;-0.1472517;2.902968;
ElbowLeft;-0.9225878;-0.02650777;3.014404;
WristRight;-0.7399526;-0.3545552;2.868244;
WristLeft;-1.050289;-0.2337486;3.142946;
HandRight;-0.7242318;-0.4443977;2.86293;
HandLeft;-1.09371;-0.3002056;3.188169;
Spine;-0.9014797;-0.1606747;3.032376;
HipCenter;-0.8656114;-0.2415917;3.000445;
HipRight;-0.8631679;-0.256938;2.98692;
HipLeft;-0.8661888;-0.2540508;3.01337;
KneeRight;-0.7470938;-0.6559918;3.191095;
KneeLeft;-0.7409773;-0.7750992;3.190342;
AnkleRight;-0.9888326;-0.874541;3.154611;
AnkleLeft;-0.5153537;-1.010238;3.153592;
FootRight;-0.8833053;-0.8307402;3.21409;
FootLeft;-0.4302625;-1.053818;3.095227;
Head;-1.010021;0.4157098;3.022616;
ShoulderCenter;-0.8873827;0.2669418;3.049355;
ShoulderRight;-0.8262364;0.1391626;2.949042;
ShoulderLeft;-0.8295947;0.1573716;2.912941;
ElbowRight;-0.7980717;-0.1394918;2.889859;
ElbowLeft;-0.8716803;-0.04062593;2.935473;
WristRight;-0.813812;-0.3465246;2.85849;
WristLeft;-1.021713;-0.2141241;3.08567;
HandRight;-0.795751;-0.4361157;2.854727;
HandLeft;-1.200777;-0.4190591;3.257033;
Spine;-0.930941;-0.1557165;3.002607;
HipCenter;-0.886205;-0.2395554;2.992083;
HipRight;-0.8851094;-0.2510657;2.979595;
HipLeft;-0.8892089;-0.2502613;3.001223;
KneeRight;-0.8007698;-0.6509928;3.193388;
KneeLeft;-0.8335175;-0.731914;3.215297;
AnkleRight;-0.7698657;-0.9782737;3.107966;
AnkleLeft;-0.5585576;-1.030466;3.179166;
FootRight;-0.6950731;-1.06468;3.167188;
FootLeft;-0.5931869;-1.14925;3.214641;
Head;-1.057001;0.4251316;3.01899;
ShoulderCenter;-0.9404803;0.267546;3.035825;
ShoulderRight;-0.8705705;0.1324773;2.941169;
ShoulderLeft;-0.8829905;0.1608826;2.899694;
ElbowRight;-0.841983;-0.1386084;2.886718;
ElbowLeft;-0.9250411;-0.03695019;2.922109;
WristRight;-0.8700535;-0.343877;2.852308;
WristLeft;-1.074667;-0.2106059;3.072067;
HandRight;-0.8519989;-0.4334361;2.848546;
HandLeft;-1.250181;-0.4180318;3.244185;
Spine;-0.9675136;-0.1615656;2.996341;
HipCenter;-0.9205583;-0.2434049;2.979163;
HipRight;-0.9193292;-0.2527514;2.968227;
HipLeft;-0.9196367;-0.2540381;2.988025;
KneeRight;-0.8869003;-0.6052462;3.180033;
KneeLeft;-0.8892445;-0.7784018;3.190172;
AnkleRight;-1.109261;-0.8414116;3.135906;
AnkleLeft;-0.6368587;-1.044155;3.185719;
FootRight;-1.009241;-0.9171143;3.163436;
FootLeft;-0.67141;-1.162671;3.221114;
Head;-1.092168;0.4304281;3.015398;
ShoulderCenter;-0.9736302;0.2749029;3.035045;
ShoulderRight;-0.9134393;0.1335206;2.935172;
ShoulderLeft;-0.9161404;0.1682395;2.898915;
ElbowRight;-0.8994558;-0.1456977;2.873073;
ElbowLeft;-0.9582004;-0.02963792;2.921277;
WristRight;-0.979116;-0.3716036;2.8541;
WristLeft;-1.107866;-0.2033219;3.071246;
HandRight;-0.9610396;-0.4612708;2.850333;
HandLeft;-1.283331;-0.410675;3.24331;
Spine;-1.055636;-0.1445968;3.005159;
HipCenter;-1.017627;-0.2326012;2.995015;
HipRight;-1.016184;-0.2419811;2.990219;
HipLeft;-1.020335;-0.2406424;2.997976;
KneeRight;-0.9681057;-0.611047;3.173593;
KneeLeft;-0.953491;-0.7667455;3.187071;
AnkleRight;-1.186535;-0.8389181;3.076702;
AnkleLeft;-0.7095453;-0.9788233;3.164867;
FootRight;-1.113316;-0.9189097;3.145351;
FootLeft;-0.7452852;-1.094531;3.207372;
Head;-1.166434;0.424044;3.022829;
ShoulderCenter;-1.024785;0.2825978;3.022895;
ShoulderRight;-0.9549103;0.1387313;2.928903;
ShoulderLeft;-0.9910623;0.2134208;2.933115;
ElbowRight;-0.9618046;-0.140037;2.869399;
ElbowLeft;-0.9364787;0.0401036;3.12016;
WristRight;-1.013822;-0.3615453;2.846533;
WristLeft;-1.04828;-0.1436318;3.286867;
HandRight;-1.039435;-0.4234542;2.838282;
HandLeft;-1.087664;-0.2050124;3.341842;
Spine;-1.032723;-0.1028482;3.047282;
HipCenter;-1.03264;-0.1761885;3.003386;
HipRight;-1.020899;-0.2348142;2.971977;
HipLeft;-1.043275;-0.218974;3.038262;
KneeRight;-0.9955574;-0.6360988;3.077534;
KneeLeft;-0.9841172;-0.7572391;3.194088;
AnkleRight;-1.237829;-0.8324447;3.129302;
AnkleLeft;-0.8261074;-1.036582;3.188256;
FootRight;-1.154192;-0.9174464;3.175386;
FootLeft;-0.8728421;-1.147641;3.230984;
Head;-1.185061;0.4413644;3.030295;
ShoulderCenter;-1.0551;0.2862166;3.01641;
ShoulderRight;-0.9905172;0.1420936;2.91506;
ShoulderLeft;-1.021377;0.2170396;2.92663;
ElbowRight;-1.000398;-0.1368535;2.865069;
ElbowLeft;-0.9664423;0.04722345;3.11559;
WristRight;-1.09938;-0.3673539;2.856521;
WristLeft;-1.078778;-0.1353941;3.282102;
HandRight;-1.134857;-0.4469926;2.855638;
HandLeft;-1.118395;-0.1965845;3.337096;
Spine;-1.059797;-0.1087936;3.048724;
HipCenter;-1.073783;-0.1859056;3.011279;
HipRight;-1.065286;-0.236575;2.974705;
HipLeft;-1.085417;-0.2251184;3.045288;
KneeRight;-1.041915;-0.6542565;2.972217;
KneeLeft;-1.053598;-0.7573138;3.222176;
AnkleRight;-1.28589;-0.7154357;3.149255;
AnkleLeft;-0.8515016;-1.006422;3.188643;
FootRight;-1.176567;-0.7800119;3.160738;
FootLeft;-0.9065116;-1.111447;3.235517;
Head;-1.233834;0.4331623;3.020742;
ShoulderCenter;-1.090773;0.2956862;3.026117;
ShoulderRight;-1.024333;0.1513053;2.909583;
ShoulderLeft;-1.078404;0.2199025;2.914606;
ElbowRight;-1.058671;-0.1239896;2.853525;
ElbowLeft;-1.004942;0.06118047;3.105184;
WristRight;-1.169656;-0.3473736;2.8404;
WristLeft;-1.114649;-0.1201882;3.272921;
HandRight;-1.199776;-0.4165092;2.830552;
HandLeft;-1.153663;-0.1811844;3.328302;
Spine;-1.060396;-0.1080172;3.040123;
HipCenter;-1.045774;-0.1814018;2.990347;
HipRight;-1.023101;-0.2383685;2.933094;
HipLeft;-1.049819;-0.2289402;3.029385;
KneeRight;-1.096695;-0.6411723;3.000192;
KneeLeft;-1.340579;-0.5903684;3.159715;
AnkleRight;-1.105442;-0.9441252;3.074738;
AnkleLeft;-1.142401;-0.83869;3.098584;
FootRight;-1.084887;-0.8224059;3.044636;
FootLeft;-1.206458;-0.9266861;3.140269;
Head;-1.248551;0.3889102;3.040631;
ShoulderCenter;-1.138086;0.2196966;3.005386;
ShoulderRight;-1.073769;0.1553952;2.90335;
ShoulderLeft;-1.160735;0.2073014;2.922594;
ElbowRight;-1.124867;-0.1152266;2.839215;
ElbowLeft;-1.055817;0.05890276;3.106241;
WristRight;-1.246001;-0.316883;2.814903;
WristLeft;-1.164097;-0.1223871;3.273395;
HandRight;-1.282186;-0.3985977;2.831764;
HandLeft;-1.202886;-0.1834825;3.328475;
Spine;-1.122887;-0.1123958;3.0233;
HipCenter;-1.128007;-0.1743425;2.981269;
HipRight;-1.109906;-0.2297393;2.914128;
HipLeft;-1.142801;-0.2481658;3.03605;
KneeRight;-1.15184;-0.6306086;3.0059;
KneeLeft;-1.420596;-0.5917215;3.185141;
AnkleRight;-1.028097;-0.8995401;3.097021;
AnkleLeft;-1.297732;-0.8848148;3.136005;
FootRight;-1.070056;-0.7934986;3.042063;
FootLeft;-1.385672;-0.8839828;3.182332;
Head;-1.188817;0.4433105;3.052665;
ShoulderCenter;-1.176068;0.2434423;3.004593;
ShoulderRight;-1.102033;0.1535001;2.899892;
ShoulderLeft;-1.159279;0.2376685;2.92943;
ElbowRight;-1.177956;-0.1095772;2.832436;
ElbowLeft;-1.05595;0.0897969;3.112921;
WristRight;-1.298753;-0.3181225;2.819518;
WristLeft;-1.164179;-0.09066179;3.279327;
HandRight;-1.33754;-0.4001148;2.820688;
HandLeft;-1.202961;-0.1515598;3.334245;
Spine;-1.152266;-0.1108875;3.02284;
HipCenter;-1.167517;-0.1782978;2.984831;
HipRight;-1.163073;-0.2135759;2.945984;
HipLeft;-1.177247;-0.2294995;3.019512;
KneeRight;-1.210023;-0.625031;3.018294;
KneeLeft;-1.428261;-0.5391553;3.157631;
AnkleRight;-1.026176;-0.8668078;3.080106;
AnkleLeft;-1.340029;-0.8426265;3.14451;
FootRight;-1.093322;-0.7773234;3.034709;
FootLeft;-1.409114;-0.8919152;3.183143;
Head;-1.23768;0.4399573;3.050198;
ShoulderCenter;-1.213095;0.2427048;3.014383;
ShoulderRight;-1.151708;0.1597514;2.894952;
ShoulderLeft;-1.168911;0.2375467;2.915712;
ElbowRight;-1.235091;-0.09920213;2.822845;
ElbowLeft;-1.066223;0.08995071;3.098506;
WristRight;-1.376435;-0.3173856;2.799289;
WristLeft;-1.173938;-0.0898961;3.264355;
HandRight;-1.432297;-0.3885508;2.806421;
HandLeft;-1.212692;-0.1508274;3.319323;
Spine;-1.208089;-0.1053357;3.047747;
HipCenter;-1.236331;-0.1730269;3.025219;
HipRight;-1.237209;-0.2036672;2.996989;
HipLeft;-1.238603;-0.2150914;3.052742;
KneeRight;-1.209756;-0.627811;3.013373;
KneeLeft;-1.486117;-0.5846699;3.193185;
AnkleRight;-1.045514;-0.8766868;3.089708;
AnkleLeft;-1.381891;-0.8802568;3.131598;
FootRight;-1.106874;-0.7808737;3.036233;
FootLeft;-1.459442;-0.8857881;3.182487;
Head;-1.280956;0.4399769;3.080922;
ShoulderCenter;-1.269108;0.2451113;3.012903;
ShoulderRight;-1.184341;0.1563582;2.895438;
ShoulderLeft;-1.221361;0.2167148;2.877625;
ElbowRight;-1.275233;-0.09893557;2.822782;
ElbowLeft;-1.185291;0.03221679;3.051924;
WristRight;-1.422423;-0.3066424;2.79039;
WristLeft;-1.273424;-0.1539198;3.220648;
HandRight;-1.454237;-0.3794545;2.787756;
HandLeft;-1.305684;-0.216454;3.277819;
Spine;-1.283083;-0.1171181;3.039121;
HipCenter;-1.267307;-0.1880751;3.011008;
HipRight;-1.268947;-0.2336742;2.962536;
HipLeft;-1.274142;-0.2417484;3.051231;
KneeRight;-1.219106;-0.6400682;3.009083;
KneeLeft;-1.500501;-0.6061534;3.183502;
AnkleRight;-1.077484;-0.8990847;3.09128;
AnkleLeft;-1.451493;-0.9076154;3.082101;
FootRight;-1.148652;-0.8058962;3.047039;
FootLeft;-1.402747;-0.9521095;2.995381;
Head;-1.301427;0.4935196;3.046709;
ShoulderCenter;-1.301394;0.2966079;3.017366;
ShoulderRight;-1.222886;0.1518182;2.897929;
ShoulderLeft;-1.303056;0.214185;2.90923;
ElbowRight;-1.323912;-0.07775015;2.81312;
ElbowLeft;-1.239223;0.02066623;3.066653;
WristRight;-1.441462;-0.2414502;2.777448;
WristLeft;-1.320966;-0.1711309;3.231576;
HandRight;-1.456195;-0.2850396;2.771329;
HandLeft;-1.351531;-0.2354128;3.287557;
Spine;-1.292195;-0.09922161;3.03346;
HipCenter;-1.293531;-0.1750264;2.999876;
HipRight;-1.276953;-0.2282249;2.948937;
HipLeft;-1.313093;-0.2350401;3.047104;
KneeRight;-1.175871;-0.6239281;3.035333;
KneeLeft;-1.51737;-0.5973308;3.165563;
AnkleRight;-1.159131;-0.9341205;3.054373;
AnkleLeft;-1.451346;-0.9018065;3.100791;
FootRight;-1.17238;-0.8110666;3.036806;
FootLeft;-1.501775;-0.798238;3.107995;
Head;-1.417151;0.4751899;3.03382;
ShoulderCenter;-1.343606;0.2949532;3.024273;
ShoulderRight;-1.270151;0.1442063;2.904084;
ShoulderLeft;-1.301453;0.2136923;2.907671;
ElbowRight;-1.350792;-0.04031579;2.810804;
ElbowLeft;-1.269656;0.02544916;3.077461;
WristRight;-1.457357;-0.2099853;2.770244;
WristLeft;-1.359819;-0.1606994;3.243189;
HandRight;-1.493679;-0.2655642;2.764231;
HandLeft;-1.392639;-0.2231578;3.299377;
Spine;-1.345009;-0.1145462;3.026195;
HipCenter;-1.340576;-0.1922697;2.987068;
HipRight;-1.333318;-0.2433451;2.927871;
HipLeft;-1.338923;-0.247311;3.03747;
KneeRight;-1.222605;-0.6295384;3.016481;
KneeLeft;-1.564499;-0.5737046;3.136935;
AnkleRight;-1.148805;-0.9224567;3.073053;
AnkleLeft;-1.796229;-0.9090048;3.226649;
FootRight;-1.171931;-0.8044307;3.040416;
FootLeft;-1.791715;-0.965432;3.132785;
Head;-1.460106;0.4623171;3.011089;
ShoulderCenter;-1.403192;0.2835833;3.030303;
ShoulderRight;-1.315215;0.1398127;2.909854;
ShoulderLeft;-1.350713;0.1962813;2.898637;
ElbowRight;-1.381719;-0.02923349;2.796765;
ElbowLeft;-1.311841;0.009602979;3.067314;
WristRight;-1.476318;-0.2069847;2.777786;
WristLeft;-1.399726;-0.1762772;3.232932;
HandRight;-1.50596;-0.2655385;2.767669;
HandLeft;-1.431879;-0.2386387;3.289045;
Spine;-1.386127;-0.1616521;3.014795;
HipCenter;-1.360203;-0.2440814;2.977011;
HipRight;-1.35482;-0.2704387;3.0026;
HipLeft;-1.360425;-0.2810722;2.943431;
KneeRight;-1.230775;-0.661041;3.013005;
KneeLeft;-1.576649;-0.5713233;3.123864;
AnkleRight;-1.173846;-0.9605175;3.048259;
AnkleLeft;-1.589424;-0.8802498;3.130768;
FootRight;-1.17812;-0.837586;3.037371;
FootLeft;-1.562974;-0.796077;3.08059;
Head;-1.557019;0.4308973;3.020862;
ShoulderCenter;-1.436118;0.2818345;3.022783;
ShoulderRight;-1.361074;0.145377;2.91115;
ShoulderLeft;-1.450068;0.1858744;2.898058;
ElbowRight;-1.415848;-0.02506006;2.793995;
ElbowLeft;-1.388055;0.01191096;3.071546;
WristRight;-1.488396;-0.2508053;2.659981;
WristLeft;-1.468069;-0.1721556;3.241637;
HandRight;-1.509357;-0.3160281;2.625082;
HandLeft;-1.498033;-0.2341406;3.299139;
Spine;-1.394563;-0.1583315;3.022151;
HipCenter;-1.377854;-0.2407695;2.980075;
HipRight;-1.357042;-0.2686286;3.00417;
HipLeft;-1.405868;-0.2930962;2.947046;
KneeRight;-1.246706;-0.6618141;3.022732;
KneeLeft;-1.598361;-0.6175876;3.093293;
AnkleRight;-1.338503;-0.9552128;3.038641;
AnkleLeft;-1.795628;-0.9501257;3.23076;
FootRight;-1.281568;-0.846827;3.032337;
FootLeft;-1.781668;-1.004915;3.141678;
Head;-1.521986;0.4704304;3.021296;
ShoulderCenter;-1.485198;0.2823104;3.023095;
ShoulderRight;-1.411605;0.1391776;2.911923;
ShoulderLeft;-1.483229;0.167951;2.886096;
ElbowRight;-1.463386;-0.07489542;2.833599;
ElbowLeft;-1.432662;-0.005825728;3.06196;
WristRight;-1.498243;-0.05015807;2.624715;
WristLeft;-1.51406;-0.1883334;3.231858;
HandRight;-1.509862;-0.04191228;2.55948;
HandLeft;-1.544335;-0.2498565;3.289414;
Spine;-1.469787;-0.1655598;3.027399;
HipCenter;-1.448883;-0.2499889;2.98804;
HipRight;-1.430822;-0.2788978;3.019005;
HipLeft;-1.461715;-0.2967554;2.950217;
KneeRight;-1.370734;-0.6828524;3.003444;
KneeLeft;-1.630679;-0.6385694;3.08336;
AnkleRight;-1.267148;-0.9709208;3.023145;
AnkleLeft;-1.803917;-0.9890282;3.207513;
FootRight;-1.252433;-0.8499388;3.027746;
FootLeft;-1.7724;-1.044373;3.123838;
Head;-1.561205;0.4704752;3.053079;
ShoulderCenter;-1.500918;0.2844198;3.022505;
ShoulderRight;-1.425344;0.138764;2.920466;
ShoulderLeft;-1.452547;0.1896168;2.900598;
ElbowRight;-1.477616;-0.05651964;2.849738;
ElbowLeft;-1.442043;0.0044799;3.071486;
WristRight;-1.560216;0.01931793;2.67124;
WristLeft;-1.540062;-0.1766449;3.233431;
HandRight;-1.587749;0.04459712;2.61612;
HandLeft;-1.575194;-0.2376633;3.288475;
Spine;-1.499988;-0.1507927;3.016793;
HipCenter;-1.466485;-0.2313801;2.986261;
HipRight;-1.462556;-0.2698187;3.016694;
HipLeft;-1.47076;-0.2551703;2.948272;
KneeRight;-1.504419;-0.66449;2.912001;
KneeLeft;-1.475039;-0.6589323;2.988595;
AnkleRight;-1.547361;-1.069339;2.792297;
AnkleLeft;-1.431935;-0.9570153;3.031047;
FootRight;-1.477934;-1.126019;2.720901;
FootLeft;-1.416519;-0.8433944;2.990032;
Head;-1.573454;0.4708822;3.02774;
ShoulderCenter;-1.525022;0.2850159;3.024287;
ShoulderRight;-1.463876;0.149574;2.950173;
ShoulderLeft;-1.473676;0.1949725;2.922974;
ElbowRight;-1.51322;-0.05688797;2.890021;
ElbowLeft;-1.505009;-0.07236221;2.888187;
WristRight;-1.499168;-0.2397238;2.799483;
WristLeft;-1.636546;-0.262844;3.012753;
HandRight;-1.520752;-0.3018093;2.804719;
HandLeft;-1.681684;-0.3264498;3.05606;
Spine;-1.524397;-0.1267709;3.051144;
HipCenter;-1.476098;-0.2048241;3.050209;
HipRight;-1.464658;-0.2550953;3.105741;
HipLeft;-1.474908;-0.2582945;2.996743;
KneeRight;-1.533906;-0.6390075;2.980247;
KneeLeft;-1.522998;-0.6526738;2.900158;
AnkleRight;-1.604788;-1.031975;2.839502;
AnkleLeft;-1.572222;-1.056355;2.789004;
FootRight;-1.512851;-1.088773;2.814561;
FootLeft;-1.479376;-1.113603;2.765306;
Head;-1.600608;0.476027;3.03855;
ShoulderCenter;-1.551661;0.2897437;3.02967;
ShoulderRight;-1.477458;0.1528498;2.953514;
ShoulderLeft;-1.494698;0.2000888;2.931321;
ElbowRight;-1.508788;-0.1135992;2.919546;
ElbowLeft;-1.521163;-0.06695002;2.89967;
WristRight;-1.54582;-0.3066028;2.879337;
WristLeft;-1.652382;-0.2554676;3.025523;
HandRight;-1.567364;-0.3685752;2.884563;
HandLeft;-1.697495;-0.3186082;3.0692;
Spine;-1.535734;-0.1297231;3.064492;
HipCenter;-1.492113;-0.2090391;3.052413;
HipRight;-1.488142;-0.2700482;3.126186;
HipLeft;-1.49303;-0.2717794;2.985132;
KneeRight;-1.552508;-0.6440614;2.972728;
KneeLeft;-1.55966;-0.6688139;2.931211;
AnkleRight;-1.618424;-1.027081;2.803337;
AnkleLeft;-1.627895;-1.075409;2.863755;
FootRight;-1.53653;-1.082884;2.751122;
FootLeft;-1.546098;-1.132199;2.815809;
Head;-1.560264;0.227025;3.062712;
ShoulderCenter;-1.518157;-0.01655355;3.114969;
ShoulderRight;-1.446467;-0.1522561;3.03996;
ShoulderLeft;-1.522656;-0.03752696;2.944669;
ElbowRight;-1.530105;-0.3268919;2.972688;
ElbowLeft;-1.539238;-0.2354689;2.938694;
WristRight;-1.570455;-0.515166;2.913214;
WristLeft;-1.680116;-0.4033249;3.079923;
HandRight;-1.591961;-0.577027;2.918431;
HandLeft;-1.728129;-0.4611647;3.127362;
Spine;-1.563169;-0.211283;3.166764;
HipCenter;-1.542995;-0.2560397;3.149981;
HipRight;-1.51043;-0.3351049;3.274784;
HipLeft;-1.594557;-0.3601426;3.042;
KneeRight;-1.586783;-0.6566598;3.021817;
KneeLeft;-1.493297;-0.7163052;3.189867;
AnkleRight;-1.664087;-0.9822245;2.75332;
AnkleLeft;-1.508898;-1.015415;3.225161;
FootRight;-1.602988;-1.04192;2.680882;
FootLeft;-1.515775;-0.9092017;3.171644;
