Floor;-0.05124496;0.9982762;0.02861073;1.056422;
Head;1.182226;0.4480137;3.173276;
ShoulderCenter;1.30475;0.2709165;3.145068;
ShoulderRight;1.338546;0.1626476;3.003191;
ShoulderLeft;1.245933;0.1421632;3.224438;
ElbowRight;1.35414;-0.006072059;2.87815;
ElbowLeft;1.179545;-0.09839304;3.108112;
WristRight;1.212567;-0.2254843;2.818049;
WristLeft;1.172981;-0.3538757;3.165699;
HandRight;1.153302;-0.2936028;2.794267;
HandLeft;1.19635;-0.4122095;3.096641;
Spine;1.276339;-0.09379448;3.090646;
HipCenter;1.270656;-0.1667367;3.08305;
HipRight;1.287456;-0.2139577;3.025872;
HipLeft;1.245781;-0.2231757;3.122352;
KneeRight;1.313738;-0.6695767;3.032817;
KneeLeft;1.146148;-0.6463039;3.163839;
AnkleRight;1.524611;-1.008043;2.968052;
AnkleLeft;0.9706077;-1.063311;3.136696;
FootRight;1.502052;-1.074374;2.954641;
FootLeft;0.8923195;-1.0965;3.182346;
Head;1.186039;0.4292496;3.15916;
ShoulderCenter;1.270991;0.2661117;3.151427;
ShoulderRight;1.316083;0.1575672;3.004623;
ShoulderLeft;1.210855;0.1365168;3.224011;
ElbowRight;1.318227;-0.04368268;2.905257;
ElbowLeft;1.14396;-0.1214254;3.114334;
WristRight;1.156574;-0.2499105;2.822613;
WristLeft;1.138456;-0.3884044;3.182724;
HandRight;1.091511;-0.3150323;2.794888;
HandLeft;1.097618;-0.4711235;3.20979;
Spine;1.251274;-0.09452245;3.090952;
HipCenter;1.247041;-0.1667926;3.082325;
HipRight;1.266842;-0.2100741;3.030331;
HipLeft;1.220015;-0.2185994;3.115973;
KneeRight;1.308019;-0.6734518;3.021801;
KneeLeft;1.103314;-0.6849479;3.160914;
AnkleRight;1.525842;-1.010288;2.967922;
AnkleLeft;0.9718807;-1.052789;3.136793;
FootRight;1.505292;-1.077517;2.949905;
FootLeft;0.891582;-1.09479;3.174586;
Head;1.110662;0.399148;3.187762;
ShoulderCenter;1.218148;0.2552958;3.157904;
ShoulderRight;1.264765;0.1549959;3.016448;
ShoulderLeft;1.140236;0.05076791;3.225014;
ElbowRight;1.253076;-0.06543042;2.900729;
ElbowLeft;1.11794;-0.2541259;3.195058;
WristRight;1.109057;-0.254263;2.816466;
WristLeft;1.05275;-0.5075755;3.216102;
HandRight;1.04245;-0.3193614;2.792095;
HandLeft;1.044965;-0.565309;3.28813;
Spine;1.193961;-0.1016336;3.101164;
HipCenter;1.189123;-0.1730195;3.09307;
HipRight;1.213439;-0.2042142;3.041097;
HipLeft;1.157401;-0.2511168;3.125104;
KneeRight;1.288261;-0.6790513;3.005807;
KneeLeft;1.051796;-0.7079953;3.171594;
AnkleRight;1.525184;-1.011479;2.966843;
AnkleLeft;0.9682368;-1.04481;3.135856;
FootRight;1.500738;-1.078785;2.954034;
FootLeft;0.8877436;-1.098686;3.153305;
Head;1.092875;0.4048872;3.173802;
ShoulderCenter;1.192341;0.2592753;3.160112;
ShoulderRight;1.237511;0.1526105;3.024754;
ShoulderLeft;1.074945;0.04405802;3.185974;
ElbowRight;1.233674;-0.06134508;2.912679;
ElbowLeft;1.053866;-0.2292614;3.120176;
WristRight;1.077596;-0.255499;2.828027;
WristLeft;1.039966;-0.4195931;3.223002;
HandRight;1.015662;-0.3214798;2.796498;
HandLeft;1.009254;-0.4762714;3.252351;
Spine;1.149453;-0.09377299;3.102435;
HipCenter;1.140252;-0.164229;3.094051;
HipRight;1.17274;-0.1941913;3.048723;
HipLeft;1.100152;-0.2418639;3.118572;
KneeRight;1.248843;-0.6732699;2.98636;
KneeLeft;1.028288;-0.6994149;3.177139;
AnkleRight;1.520612;-1.013658;2.967633;
AnkleLeft;0.9592747;-1.039284;3.139461;
FootRight;1.497079;-1.088607;2.98701;
FootLeft;0.8842295;-1.10305;3.151305;
Head;1.019252;0.3987412;3.196709;
ShoulderCenter;1.144022;0.2645614;3.177537;
ShoulderRight;1.188676;0.1553725;3.036594;
ShoulderLeft;1.045699;0.0425331;3.212722;
ElbowRight;1.187379;-0.05304411;2.921163;
ElbowLeft;1.011389;-0.2622324;3.183075;
WristRight;1.052686;-0.2510606;2.830988;
WristLeft;1.018449;-0.473783;3.250872;
HandRight;0.9880557;-0.3162875;2.80458;
HandLeft;1.016459;-0.5439224;3.258858;
Spine;1.10479;-0.1050006;3.122146;
HipCenter;1.096998;-0.1788896;3.114311;
HipRight;1.123881;-0.2100597;3.064663;
HipLeft;1.057868;-0.2609246;3.144533;
KneeRight;1.197286;-0.6833205;2.973677;
KneeLeft;0.9790517;-0.7023163;3.199446;
AnkleRight;1.487985;-1.016725;2.967533;
AnkleLeft;0.9484944;-1.040821;3.146576;
FootRight;1.457333;-1.077884;2.944669;
FootLeft;0.88419;-1.104158;3.151394;
Head;0.9846113;0.4137722;3.19911;
ShoulderCenter;1.094168;0.25835;3.171546;
ShoulderRight;1.156064;0.156022;3.041631;
ShoulderLeft;1.033142;0.1505983;3.266512;
ElbowRight;1.152621;-0.05988708;2.931144;
ElbowLeft;1.006577;-0.1595525;3.202893;
WristRight;1.023603;-0.2550356;2.847111;
WristLeft;0.9365439;-0.4453673;3.215811;
HandRight;0.9632449;-0.3257465;2.812653;
HandLeft;0.9146111;-0.5204896;3.22744;
Spine;1.057803;-0.1238983;3.136665;
HipCenter;1.05053;-0.200348;3.132981;
HipRight;1.071461;-0.2519019;3.080358;
HipLeft;1.020924;-0.2546437;3.172602;
KneeRight;1.125263;-0.6750298;2.974614;
KneeLeft;0.9534495;-0.7189368;3.207735;
AnkleRight;1.419457;-0.9898573;2.950221;
AnkleLeft;0.9439213;-1.051235;3.143624;
FootRight;1.409781;-1.064982;2.951583;
FootLeft;0.8842043;-1.103847;3.147805;
Head;0.9325125;0.4141036;3.206003;
ShoulderCenter;1.058551;0.2670705;3.174948;
ShoulderRight;1.120229;0.1603612;3.042798;
ShoulderLeft;1.015774;0.212056;3.29754;
ElbowRight;1.094089;-0.07390023;2.931377;
ElbowLeft;0.9583471;-0.08205754;3.202169;
WristRight;0.9873955;-0.2701572;2.856686;
WristLeft;0.9083506;-0.3849104;3.205297;
HandRight;0.9243802;-0.3445618;2.826901;
HandLeft;0.8985696;-0.4560769;3.228059;
Spine;1.020461;-0.1441893;3.142512;
HipCenter;1.01081;-0.2284112;3.13969;
HipRight;1.028335;-0.2887751;3.092693;
HipLeft;0.992583;-0.2632941;3.176383;
KneeRight;1.050821;-0.667923;2.981577;
KneeLeft;0.9389469;-0.7118988;3.195278;
AnkleRight;1.351919;-0.9761311;2.956217;
AnkleLeft;0.9423999;-1.044726;3.140957;
FootRight;1.372947;-1.045161;2.935094;
FootLeft;0.8806155;-1.108312;3.153302;
Head;0.8847919;0.4094718;3.234615;
ShoulderCenter;1.022803;0.2696818;3.184079;
ShoulderRight;1.075346;0.1587621;3.051654;
ShoulderLeft;0.9893186;0.2132314;3.305056;
ElbowRight;1.081549;-0.07169004;2.939222;
ElbowLeft;0.9381915;-0.08057322;3.224396;
WristRight;0.9698149;-0.2763284;2.860223;
WristLeft;0.9003884;-0.3811541;3.219579;
HandRight;0.9117527;-0.35578;2.829886;
HandLeft;0.857058;-0.4436838;3.217192;
Spine;0.9839404;-0.08121825;3.136337;
HipCenter;0.977318;-0.1514823;3.129796;
HipRight;0.9941874;-0.20727;3.085752;
HipLeft;0.9522629;-0.1825448;3.159545;
KneeRight;0.9956886;-0.6959291;2.988705;
KneeLeft;0.9038371;-0.6621494;3.119252;
AnkleRight;1.276427;-0.9687055;2.950288;
AnkleLeft;0.940322;-1.046979;3.140513;
FootRight;1.254629;-1.056267;2.944371;
FootLeft;0.8807335;-1.108584;3.153281;
Head;0.8424948;0.4274944;3.205623;
ShoulderCenter;0.9705971;0.274921;3.187511;
ShoulderRight;1.043566;0.1689442;3.052015;
ShoulderLeft;0.9337459;0.2184555;3.309692;
ElbowRight;1.046245;-0.07694049;2.952051;
ElbowLeft;0.9041365;-0.04189593;3.267714;
WristRight;0.923761;-0.3113345;2.883878;
WristLeft;0.8720616;-0.3415454;3.270782;
HandRight;0.8956969;-0.3842627;2.874921;
HandLeft;0.8595185;-0.4411814;3.244414;
Spine;0.928538;-0.1488872;3.150995;
HipCenter;0.9201261;-0.2336488;3.147048;
HipRight;0.9390035;-0.2869054;3.107735;
HipLeft;0.8927876;-0.2656517;3.177274;
KneeRight;0.9350839;-0.6839672;3.009139;
KneeLeft;0.8511253;-0.683066;3.0803;
AnkleRight;1.180834;-0.9803114;2.957602;
AnkleLeft;0.9375824;-1.047879;3.142127;
FootRight;1.134559;-1.065398;2.940187;
FootLeft;0.8802586;-1.108649;3.153888;
Head;0.8175206;0.4224973;3.195171;
ShoulderCenter;0.9439571;0.2832024;3.191523;
ShoulderRight;1.003432;0.1801184;3.061816;
ShoulderLeft;0.8826005;0.2091253;3.300204;
ElbowRight;1.036852;-0.0662909;2.962948;
ElbowLeft;0.8369769;-0.07931983;3.219363;
WristRight;0.9208332;-0.307656;2.893934;
WristLeft;0.8243405;-0.3564267;3.311352;
HandRight;0.8855897;-0.4001792;2.895108;
HandLeft;0.8184255;-0.4265754;3.337818;
Spine;0.8918577;-0.08172625;3.161017;
HipCenter;0.8832181;-0.1552654;3.158088;
HipRight;0.8993298;-0.2101096;3.115557;
HipLeft;0.8553393;-0.2005794;3.189631;
KneeRight;0.8447556;-0.6736861;3.030642;
KneeLeft;0.8012393;-0.7061818;3.037745;
AnkleRight;1.073531;-0.9913145;2.962089;
AnkleLeft;0.936439;-1.049845;3.138272;
FootRight;1.021926;-1.061853;2.952766;
FootLeft;0.8799088;-1.112455;3.158409;
Head;0.7876589;0.4172725;3.179743;
ShoulderCenter;0.909032;0.2871765;3.188702;
ShoulderRight;0.976501;0.17936;3.061928;
ShoulderLeft;0.8610089;0.2104239;3.297198;
ElbowRight;0.9941862;-0.07767455;2.971344;
ElbowLeft;0.8199236;-0.07775611;3.287171;
WristRight;0.9029649;-0.3278564;2.907916;
WristLeft;0.7874985;-0.361641;3.331542;
HandRight;0.863429;-0.4071511;2.912983;
HandLeft;0.7633513;-0.4306254;3.345101;
Spine;0.8714547;-0.07653695;3.1466;
HipCenter;0.8625837;-0.1490765;3.140754;
HipRight;0.8826188;-0.2092802;3.099745;
HipLeft;0.8274882;-0.1692677;3.164706;
KneeRight;0.8690158;-0.7295374;3.034959;
KneeLeft;0.9381915;-0.6784367;3.194953;
AnkleRight;0.9928825;-1.032069;3.009667;
AnkleLeft;0.8932579;-1.048646;3.110368;
FootRight;0.9385953;-1.069621;2.982815;
FootLeft;0.8269908;-1.084516;3.073615;
Head;0.7360494;0.4129764;3.176507;
ShoulderCenter;0.8576614;0.2880973;3.17703;
ShoulderRight;0.9314791;0.1759656;3.060324;
ShoulderLeft;0.8052061;0.2112531;3.284611;
ElbowRight;0.9705317;-0.07369028;2.968136;
ElbowLeft;0.7795471;-0.07067969;3.305005;
WristRight;0.8782869;-0.3309576;2.918892;
WristLeft;0.744745;-0.3500454;3.331118;
HandRight;0.8625559;-0.4077975;2.914283;
HandLeft;0.7067825;-0.4357466;3.347281;
Spine;0.8278894;-0.09186689;3.143665;
HipCenter;0.8224458;-0.1674086;3.140235;
HipRight;0.8444332;-0.1996325;3.095839;
HipLeft;0.7924425;-0.2305265;3.174896;
KneeRight;0.7346179;-0.6977212;3.056593;
KneeLeft;0.9126118;-0.7255875;3.191572;
AnkleRight;0.8818281;-1.04836;3.029158;
AnkleLeft;0.9655668;-1.042738;3.173986;
FootRight;0.8028272;-1.096752;3.004486;
FootLeft;0.8956321;-1.070933;3.113274;
Head;0.7121103;0.4167916;3.161931;
ShoulderCenter;0.829249;0.2884941;3.171691;
ShoulderRight;0.901684;0.1780584;3.055285;
ShoulderLeft;0.7767937;0.21165;3.279272;
ElbowRight;0.9444125;-0.08296447;2.972643;
ElbowLeft;0.7390749;-0.06722769;3.295683;
WristRight;0.8583959;-0.3364065;2.92364;
WristLeft;0.6962192;-0.342237;3.342008;
HandRight;0.855171;-0.4093267;2.915606;
HandLeft;0.6594075;-0.426123;3.359392;
Spine;0.7985963;-0.09534974;3.137757;
HipCenter;0.7921031;-0.1721101;3.134197;
HipRight;0.8122558;-0.203447;3.088712;
HipLeft;0.7652369;-0.2337055;3.169662;
KneeRight;0.6863743;-0.7028072;3.059158;
KneeLeft;0.8651276;-0.7460733;3.189652;
AnkleRight;0.8221574;-1.069317;3.057621;
AnkleLeft;0.9359565;-1.063918;3.12912;
FootRight;0.7336046;-1.097101;3.027375;
FootLeft;0.8498741;-1.079971;3.085987;
Head;0.6713002;0.4160406;3.152702;
ShoulderCenter;0.7811232;0.2786348;3.161442;
ShoulderRight;0.8628359;0.1716696;3.050781;
ShoulderLeft;0.7102424;0.1451376;3.252169;
ElbowRight;0.9080877;-0.09089494;2.976061;
ElbowLeft;0.7044111;-0.1269359;3.303326;
WristRight;0.825685;-0.3564077;2.924465;
WristLeft;0.6386902;-0.3422508;3.311616;
HandRight;0.8463108;-0.4252456;2.913487;
HandLeft;0.5799001;-0.4082377;3.304712;
Spine;0.7538437;-0.09259786;3.11706;
HipCenter;0.7481325;-0.1668393;3.111402;
HipRight;0.7761492;-0.2001801;3.05673;
HipLeft;0.7124078;-0.242002;3.15101;
KneeRight;0.6259225;-0.6896591;3.041656;
KneeLeft;0.7739511;-0.7556653;3.150331;
AnkleRight;0.6230896;-1.070891;3.021282;
AnkleLeft;0.9349656;-1.059237;3.131273;
FootRight;0.5362806;-1.11115;2.998063;
FootLeft;0.8840587;-1.111224;3.13294;
Head;0.6179351;0.3880892;3.141323;
ShoulderCenter;0.7450273;0.2667445;3.156386;
ShoulderRight;0.8252966;0.1613203;3.042494;
ShoulderLeft;0.6741465;0.1332473;3.247113;
ElbowRight;0.8662356;-0.1105067;2.967159;
ElbowLeft;0.6471126;-0.1304945;3.315452;
WristRight;0.8163108;-0.3597136;2.921176;
WristLeft;0.5732892;-0.3436756;3.334302;
HandRight;0.8188992;-0.4314669;2.913233;
HandLeft;0.518782;-0.4141234;3.321226;
Spine;0.7017279;-0.09970203;3.111293;
HipCenter;0.6940985;-0.1726519;3.105712;
HipRight;0.7265002;-0.2065391;3.061523;
HipLeft;0.6513181;-0.238002;3.135498;
KneeRight;0.5739986;-0.7014406;3.029918;
KneeLeft;0.8142951;-0.7332475;3.192139;
AnkleRight;0.4973987;-1.077395;3.002848;
AnkleLeft;0.9347866;-1.058925;3.131013;
FootRight;0.4053903;-1.108965;2.983577;
FootLeft;0.8844847;-1.112017;3.135819;
Head;0.5922768;0.3950633;3.13011;
ShoulderCenter;0.7060263;0.2607857;3.15047;
ShoulderRight;0.7847587;0.1478298;3.026002;
ShoulderLeft;0.6351454;0.1272886;3.241197;
ElbowRight;0.8421472;-0.1059795;2.962349;
ElbowLeft;0.6152167;-0.1421913;3.312378;
WristRight;0.8002498;-0.3635396;2.919011;
WristLeft;0.5148078;-0.364928;3.321356;
HandRight;0.8037069;-0.4371758;2.911897;
HandLeft;0.4696371;-0.4192685;3.314651;
Spine;0.6752588;-0.1078566;3.102422;
HipCenter;0.6681986;-0.1816824;3.095971;
HipRight;0.6992067;-0.2120852;3.057073;
HipLeft;0.6291233;-0.2455233;3.120657;
KneeRight;0.5669249;-0.697222;3.022641;
KneeLeft;0.8139879;-0.7342396;3.194451;
AnkleRight;0.422784;-1.077583;3.005801;
AnkleLeft;0.9332216;-1.058627;3.131289;
FootRight;0.329199;-1.096776;2.972806;
FootLeft;0.8752862;-1.123192;3.183155;
Head;0.5612222;0.4065622;3.115164;
ShoulderCenter;0.6565884;0.2565222;3.134722;
ShoulderRight;0.7412102;0.1405441;3.01673;
ShoulderLeft;0.5682358;0.04486217;3.174551;
ElbowRight;0.7972463;-0.1153372;2.957313;
ElbowLeft;0.5506004;-0.1884348;3.319895;
WristRight;0.7725911;-0.3713344;2.91011;
WristLeft;0.4529057;-0.3784624;3.326498;
HandRight;0.7835771;-0.4403443;2.908265;
HandLeft;0.4137757;-0.4349633;3.339263;
Spine;0.6317226;-0.1255028;3.08102;
HipCenter;0.6267495;-0.2019078;3.073596;
HipRight;0.6604501;-0.2389909;3.028359;
HipLeft;0.5857934;-0.2762925;3.100672;
KneeRight;0.5201197;-0.7263553;3.017149;
KneeLeft;0.8084111;-0.7356488;3.198544;
AnkleRight;0.3430699;-1.064216;2.993907;
AnkleLeft;0.9282789;-1.057382;3.132519;
FootRight;0.2841825;-1.101528;2.969142;
FootLeft;0.8825517;-1.114765;3.15731;
Head;0.496673;0.3687514;3.109253;
ShoulderCenter;0.6234405;0.2462726;3.122303;
ShoulderRight;0.7073652;0.133231;3.01276;
ShoulderLeft;0.5460925;0.1301719;3.184011;
ElbowRight;0.7511519;-0.1306469;2.947238;
ElbowLeft;0.5177378;-0.126494;3.287228;
WristRight;0.7433582;-0.3706858;2.897985;
WristLeft;0.44004;-0.3565662;3.324645;
HandRight;0.7402911;-0.4663407;2.898587;
HandLeft;0.3684181;-0.4157534;3.318269;
Spine;0.5985757;-0.125146;3.075249;
HipCenter;0.593125;-0.1995085;3.069024;
HipRight;0.6186412;-0.2302031;3.02889;
HipLeft;0.5580984;-0.2680687;3.094591;
KneeRight;0.4443891;-0.6722897;3.020934;
KneeLeft;0.5959403;-0.7533703;3.104126;
AnkleRight;0.3434541;-1.066567;2.999023;
AnkleLeft;0.9126179;-1.04594;3.131202;
FootRight;0.2501039;-1.097119;2.976024;
FootLeft;0.8847607;-1.111725;3.152554;
Head;0.4623601;0.378399;3.093612;
ShoulderCenter;0.567982;0.2354738;3.106708;
ShoulderRight;0.6556752;0.1264287;2.998894;
ShoulderLeft;0.4833227;0.04207964;3.147493;
ElbowRight;0.7157748;-0.1231313;2.934564;
ElbowLeft;0.4657789;-0.1846828;3.303651;
WristRight;0.6994045;-0.3962545;2.889613;
WristLeft;0.3957975;-0.382491;3.340106;
HandRight;0.713277;-0.4751886;2.890495;
HandLeft;0.347314;-0.4162065;3.322746;
Spine;0.5828764;-0.1441086;3.097914;
HipCenter;0.5444196;-0.2116311;3.056189;
HipRight;0.5840605;-0.2436327;3.018281;
HipLeft;0.5039995;-0.283091;3.080467;
KneeRight;0.4121169;-0.6968236;3.012636;
KneeLeft;0.480497;-0.7537448;3.055834;
AnkleRight;0.3196929;-1.071801;3.005159;
AnkleLeft;0.8335453;-1.000347;3.115098;
FootRight;0.2301013;-1.108203;2.978586;
FootLeft;0.780728;-1.036715;3.055997;
Head;0.4150918;0.3607693;3.101451;
ShoulderCenter;0.5455245;0.2375768;3.097628;
ShoulderRight;0.6260268;0.124684;2.98909;
ShoulderLeft;0.4533256;0.1154364;3.152679;
ElbowRight;0.6616879;-0.1407396;2.919974;
ElbowLeft;0.4282377;-0.1378176;3.266401;
WristRight;0.6517609;-0.3886633;2.875154;
WristLeft;0.3547141;-0.3578743;3.333457;
HandRight;0.6559156;-0.4739972;2.873871;
HandLeft;0.2982242;-0.410659;3.321042;
Spine;0.5323412;-0.140229;3.08974;
HipCenter;0.4904262;-0.2048411;3.049399;
HipRight;0.5212738;-0.2406265;3.012388;
HipLeft;0.4496345;-0.2662131;3.073724;
KneeRight;0.3622225;-0.6638722;2.996996;
KneeLeft;0.6562659;-0.7575635;3.182606;
AnkleRight;0.3167529;-1.073885;3.005599;
AnkleLeft;0.8794727;-1.037289;3.140843;
FootRight;0.2271102;-1.117217;2.988796;
FootLeft;0.8563981;-1.11129;3.17133;
Head;0.3669116;0.3819112;3.099919;
ShoulderCenter;0.4883784;0.2451897;3.082328;
ShoulderRight;0.5670558;0.1231286;2.978631;
ShoulderLeft;0.404548;0.0353385;3.151545;
ElbowRight;0.6217965;-0.1263144;2.914341;
ElbowLeft;0.3795605;-0.2169031;3.264651;
WristRight;0.5997913;-0.3857409;2.86267;
WristLeft;0.3269655;-0.3877228;3.36868;
HandRight;0.6148204;-0.4787048;2.860855;
HandLeft;0.2894349;-0.4132094;3.332656;
Spine;0.5092635;-0.1361466;3.075199;
HipCenter;0.4668968;-0.2048756;3.03803;
HipRight;0.4969804;-0.2456084;2.992824;
HipLeft;0.4285332;-0.2684107;3.067795;
KneeRight;0.3336317;-0.6894683;2.98468;
KneeLeft;0.6262646;-0.6795222;3.172894;
AnkleRight;0.3132632;-1.073683;3.006056;
AnkleLeft;0.8554879;-1.027567;3.143108;
FootRight;0.2266676;-1.127375;3.020428;
FootLeft;0.8274984;-1.117081;3.18544;
Head;0.3307496;0.3727842;3.083484;
ShoulderCenter;0.4586277;0.2496774;3.079807;
ShoulderRight;0.524364;0.1293481;2.969055;
ShoulderLeft;0.36931;0.05549541;3.129847;
ElbowRight;0.5672492;-0.1372841;2.9007;
ElbowLeft;0.3444594;-0.1953635;3.242121;
WristRight;0.5401233;-0.3787019;2.849943;
WristLeft;0.3153463;-0.3670028;3.350853;
HandRight;0.5458704;-0.4701809;2.853177;
HandLeft;0.2732924;-0.423052;3.343393;
Spine;0.4560835;-0.144517;3.068111;
HipCenter;0.4120974;-0.2137469;3.030235;
HipRight;0.4422127;-0.2503892;2.989825;
HipLeft;0.3738035;-0.2771107;3.057195;
KneeRight;0.3217025;-0.6561474;2.980611;
KneeLeft;0.5800848;-0.7414261;3.192739;
AnkleRight;0.3129092;-1.073804;3.007632;
AnkleLeft;0.8229128;-1.018837;3.149299;
FootRight;0.2253305;-1.129971;3.02235;
FootLeft;0.7935462;-1.113746;3.183525;
Head;0.2631447;0.3667706;3.094104;
ShoulderCenter;0.4090937;0.2591753;3.074444;
ShoulderRight;0.492163;0.137573;2.966565;
ShoulderLeft;0.3203129;0.03194985;3.120804;
ElbowRight;0.518682;-0.1116988;2.893062;
ElbowLeft;0.2955332;-0.2181925;3.232617;
WristRight;0.4460149;-0.3885413;2.856593;
WristLeft;0.2827124;-0.3927126;3.338957;
HandRight;0.4652583;-0.4661375;2.844376;
HandLeft;0.2659643;-0.4552856;3.365041;
Spine;0.4228832;-0.14215;3.078799;
HipCenter;0.3812634;-0.215309;3.040304;
HipRight;0.4169409;-0.255912;2.997007;
HipLeft;0.3342716;-0.285806;3.073855;
KneeRight;0.3304281;-0.6758083;2.996868;
KneeLeft;0.5226115;-0.728977;3.227137;
AnkleRight;0.3126396;-1.073971;3.008081;
AnkleLeft;0.7351816;-0.9698745;3.150362;
FootRight;0.2369719;-1.134873;3.050792;
FootLeft;0.7512779;-1.047392;3.157097;
Head;0.2430918;0.3862969;3.063992;
ShoulderCenter;0.3661761;0.2583414;3.069801;
ShoulderRight;0.4493749;0.1530014;2.963766;
ShoulderLeft;0.2873655;0.04209629;3.12679;
ElbowRight;0.463939;-0.1038099;2.891914;
ElbowLeft;0.2626764;-0.207132;3.23818;
WristRight;0.3919684;-0.3622523;2.847991;
WristLeft;0.2456223;-0.4128871;3.270139;
HandRight;0.3846462;-0.4468133;2.84616;
HandLeft;0.2424335;-0.4143;3.324105;
Spine;0.3848704;-0.1160153;3.08074;
HipCenter;0.3437977;-0.1847466;3.045914;
HipRight;0.3963618;-0.2460298;2.996175;
HipLeft;0.2949692;-0.2436556;3.086325;
KneeRight;0.3220708;-0.6822162;2.996035;
KneeLeft;0.4392527;-0.7735569;3.145485;
AnkleRight;0.3107593;-1.072487;3.008288;
AnkleLeft;0.6916336;-0.9732336;3.15242;
FootRight;0.2322291;-1.137407;3.042711;
FootLeft;0.6524002;-1.067209;3.179475;
Head;0.2392898;0.3761504;3.066545;
ShoulderCenter;0.3207746;0.2158692;3.064322;
ShoulderRight;0.4014301;0.1536648;2.964132;
ShoulderLeft;0.2375581;0.00397252;3.109207;
ElbowRight;0.4049126;-0.1221859;2.884336;
ElbowLeft;0.2077696;-0.1576511;3.212844;
WristRight;0.3334287;-0.3353908;2.856219;
WristLeft;0.2490674;-0.1608189;2.993436;
HandRight;0.3183049;-0.4275104;2.841404;
HandLeft;0.2628333;-0.1618748;2.924861;
Spine;0.340791;-0.1613409;3.08598;
HipCenter;0.3048445;-0.2330147;3.052418;
HipRight;0.3410574;-0.275522;3.020667;
HipLeft;0.2646337;-0.3031625;3.077749;
KneeRight;0.3054808;-0.6875054;2.992918;
KneeLeft;0.4384474;-0.7921865;3.155862;
AnkleRight;0.3073574;-1.074158;3.008439;
AnkleLeft;0.6526147;-1.030663;3.150682;
FootRight;0.2238058;-1.140609;3.005681;
FootLeft;0.5731906;-1.0817;3.193238;
Head;0.1538843;0.402635;3.07948;
ShoulderCenter;0.2798111;0.2794083;3.070486;
ShoulderRight;0.37198;0.1594107;2.959629;
ShoulderLeft;0.1965946;0.06751163;3.115371;
ElbowRight;0.3705601;-0.09720547;2.883244;
ElbowLeft;0.1670631;-0.09271742;3.217857;
WristRight;0.2747365;-0.3409664;2.849814;
WristLeft;0.2079017;-0.09982004;3.000289;
HandRight;0.244969;-0.4146673;2.835259;
HandLeft;0.2215146;-0.1021876;2.932332;
Spine;0.3178165;-0.1437847;3.079698;
HipCenter;0.287942;-0.224093;3.044945;
HipRight;0.3283703;-0.262247;3.012213;
HipLeft;0.242385;-0.2865457;3.068435;
KneeRight;0.297004;-0.6911037;2.993226;
KneeLeft;0.4130943;-0.7969666;3.168688;
AnkleRight;0.3086667;-1.074988;3.012532;
AnkleLeft;0.4819412;-1.108306;3.139185;
FootRight;0.2256717;-1.138793;3.002673;
FootLeft;0.4390981;-1.14459;3.197818;
Head;0.1357514;0.4114692;3.082388;
ShoulderCenter;0.2546006;0.2786478;3.066922;
ShoulderRight;0.3394541;0.164819;2.956424;
ShoulderLeft;0.1713842;0.06675115;3.111808;
ElbowRight;0.2964431;-0.08330348;2.859237;
ElbowLeft;0.1420905;-0.09218714;3.213282;
WristRight;0.230574;-0.2844165;2.850808;
WristLeft;0.1824893;-0.102974;2.997516;
HandRight;0.1898564;-0.3685191;2.832662;
HandLeft;0.1959555;-0.1065696;2.930154;
Spine;0.2945664;-0.138422;3.077071;
HipCenter;0.2640396;-0.2189439;3.042938;
HipRight;0.3140482;-0.2544284;3.007673;
HipLeft;0.2154567;-0.2861745;3.07116;
KneeRight;0.290771;-0.6974003;2.99299;
KneeLeft;0.1153824;-0.6933669;3.167816;
AnkleRight;0.3101602;-1.073877;3.015184;
AnkleLeft;0.4187932;-0.9882224;3.122012;
FootRight;0.2282777;-1.136635;3.000338;
FootLeft;0.3968967;-1.087967;3.164823;
Head;0.1067091;0.3682796;3.082518;
ShoulderCenter;0.2051797;0.1436405;3.062587;
ShoulderRight;0.2915488;0.1669002;2.952091;
ShoulderLeft;0.1219632;-0.06825612;3.107471;
ElbowRight;0.2521788;-0.0807602;2.85815;
ElbowLeft;0.09289032;-0.2259969;3.207979;
WristRight;0.1330765;-0.3171582;2.832976;
WristLeft;0.1328676;-0.2402363;2.993932;
HandRight;0.08191864;-0.3900009;2.806521;
HandLeft;0.1461933;-0.2449827;2.927143;
Spine;0.2359605;-0.1709092;3.091859;
HipCenter;0.2066697;-0.2327501;3.063987;
HipRight;0.2409482;-0.2850896;3.045768;
HipLeft;0.1729349;-0.3177688;3.077726;
KneeRight;0.2694657;-0.728981;3.003306;
KneeLeft;0.09466409;-0.707107;3.166973;
AnkleRight;0.3099607;-1.074247;3.015837;
AnkleLeft;0.2120115;-1.065794;3.129481;
FootRight;0.2294487;-1.135951;3.000223;
FootLeft;0.1639099;-1.137228;3.201713;
Head;0.07381576;0.3730879;3.091423;
ShoulderCenter;0.1769953;0.1476451;3.06341;
ShoulderRight;0.2645909;0.1682982;2.953802;
ShoulderLeft;0.09377881;-0.06425157;3.108294;
ElbowRight;0.1852394;-0.0860083;2.856274;
ElbowLeft;0.06486183;-0.2211462;3.208112;
WristRight;0.06229685;-0.2970855;2.807701;
WristLeft;0.1045332;-0.2378437;2.995313;
HandRight;0.01729434;-0.3803915;2.796335;
HandLeft;0.117757;-0.2434096;2.928941;
Spine;0.2137331;-0.1712031;3.08947;
HipCenter;0.1884032;-0.2344277;3.062823;
HipRight;0.2241029;-0.2870181;3.040918;
HipLeft;0.1554263;-0.3210252;3.079648;
KneeRight;0.2588898;-0.7253045;3.00256;
KneeLeft;0.06148051;-0.7543737;3.163092;
AnkleRight;0.3017755;-1.073724;3.016542;
AnkleLeft;0.1327837;-1.06758;3.12801;
FootRight;0.2309978;-1.135363;2.999549;
FootLeft;0.09018967;-1.138003;3.132195;
Head;0.02234417;0.3724868;3.115321;
ShoulderCenter;0.1343726;0.1909707;3.060671;
ShoulderRight;0.2104965;0.1689405;2.94499;
ShoulderLeft;0.05115615;-0.02092592;3.105556;
ElbowRight;0.130882;-0.08491273;2.852021;
ElbowLeft;0.02239459;-0.1769773;3.204675;
WristRight;-0.00203246;-0.2913394;2.80001;
WristLeft;0.06175423;-0.1961394;2.99315;
HandRight;-0.04849526;-0.37473;2.801143;
HandLeft;0.0748741;-0.2025267;2.927205;
Spine;0.1716573;-0.1643221;3.081608;
HipCenter;0.1443252;-0.2342516;3.055789;
HipRight;0.1793474;-0.2760437;3.03681;
HipLeft;0.1081189;-0.310313;3.068898;
KneeRight;0.2183284;-0.7196744;3.003477;
KneeLeft;-0.00260627;-0.7600817;3.172455;
AnkleRight;0.3026426;-1.074719;3.01778;
AnkleLeft;0.02241759;-1.107558;3.144766;
FootRight;0.2321987;-1.135741;2.999814;
FootLeft;0.08444791;-1.140223;3.102026;
Head;0.003375005;0.3831902;3.106497;
ShoulderCenter;0.09606446;0.2230908;3.064405;
ShoulderRight;0.1876751;0.166969;2.95105;
ShoulderLeft;0.01284798;0.0111941;3.10929;
ElbowRight;0.08744179;-0.07452573;2.845821;
ElbowLeft;-0.01578961;-0.1441847;3.207843;
WristRight;-0.06305067;-0.2980664;2.788721;
WristLeft;0.02331633;-0.1653224;2.997352;
HandRight;-0.1046216;-0.3669191;2.78412;
HandLeft;0.03635164;-0.1723683;2.931756;
Spine;0.13821;-0.161117;3.081232;
HipCenter;0.1140982;-0.2359316;3.054285;
HipRight;0.1558718;-0.2730331;3.034303;
HipLeft;0.07568736;-0.3085154;3.068898;
KneeRight;0.2018988;-0.7149256;3.007063;
KneeLeft;-0.04238636;-0.7543123;3.17397;
AnkleRight;0.299943;-1.074236;3.017231;
AnkleLeft;-0.1125389;-1.106364;3.173121;
FootRight;0.2325326;-1.135789;2.999869;
FootLeft;-0.0530193;-1.141774;3.12554;
Head;-0.0405991;0.386775;3.107631;
ShoulderCenter;0.05546478;0.227328;3.065126;
ShoulderRight;0.1318711;0.1685552;2.952179;
ShoulderLeft;-0.02775169;0.01543135;3.11001;
ElbowRight;0.03733294;-0.07221338;2.841658;
ElbowLeft;-0.05627252;-0.139314;3.20803;
WristRight;-0.1148187;-0.2925719;2.781172;
WristLeft;-0.01740981;-0.16232;2.998533;
HandRight;-0.1649426;-0.3524902;2.778063;
HandLeft;-0.004455566;-0.1699887;2.933272;
Spine;0.09032132;-0.1496608;3.080081;
HipCenter;0.0653587;-0.2241149;3.054241;
HipRight;0.1043679;-0.2660382;3.015531;
HipLeft;0.03117426;-0.3040507;3.085926;
KneeRight;0.178014;-0.7053332;3.003958;
KneeLeft;-0.08109932;-0.760028;3.175344;
AnkleRight;0.2941897;-1.071873;3.014383;
AnkleLeft;-0.2158529;-1.112858;3.169588;
FootRight;0.2322468;-1.135816;2.999502;
FootLeft;-0.1563334;-1.148268;3.122006;
Head;-0.1250499;0.3985247;3.12798;
ShoulderCenter;0.01130996;0.2781981;3.084715;
ShoulderRight;0.1084049;0.1575961;2.960678;
ShoulderLeft;-0.07190651;0.06630142;3.1296;
ElbowRight;0.006164901;-0.07529859;2.841352;
ElbowLeft;-0.1002962;-0.0877324;3.226969;
WristRight;-0.1610558;-0.2832676;2.782837;
WristLeft;-0.06171157;-0.1128449;3.018587;
HandRight;-0.2265822;-0.3506058;2.782794;
HandLeft;-0.04885002;-0.1212158;2.953711;
Spine;0.06313269;-0.1452365;3.079536;
HipCenter;0.03906528;-0.2257624;3.048813;
HipRight;0.08109514;-0.2598867;3.016814;
HipLeft;-0.004943722;-0.29293;3.068046;
KneeRight;0.1691932;-0.7078996;3.001969;
KneeLeft;-0.1263952;-0.7902953;3.180087;
AnkleRight;0.2924716;-1.072962;3.014105;
AnkleLeft;-0.2687783;-1.120265;3.159359;
FootRight;0.2213389;-1.139516;3.007661;
FootLeft;-0.2092587;-1.155675;3.111778;
Head;-0.166637;0.3793332;3.133918;
ShoulderCenter;-0.01777503;0.2743383;3.09359;
ShoulderRight;0.06859327;0.1571995;2.969275;
ShoulderLeft;-0.1009915;0.0624416;3.138474;
ElbowRight;-0.04322463;-0.06977442;2.849121;
ElbowLeft;-0.1292787;-0.09103619;3.235348;
WristRight;-0.2044677;-0.279606;2.783758;
WristLeft;-0.09091515;-0.1178006;3.027862;
HandRight;-0.2422781;-0.338152;2.781758;
HandLeft;-0.07812729;-0.126722;2.963292;
Spine;0.02850389;-0.1441624;3.074443;
HipCenter;0.003898013;-0.2245718;3.041366;
HipRight;0.04777771;-0.2554029;3.005985;
HipLeft;-0.03208299;-0.2940849;3.063625;
KneeRight;0.1351922;-0.7098439;2.991757;
KneeLeft;-0.1568978;-0.7892354;3.179847;
AnkleRight;0.2870566;-1.071264;3.012258;
AnkleLeft;-0.2850164;-1.089054;3.151742;
FootRight;0.2203221;-1.139779;3.008176;
FootLeft;-0.3453355;-1.130861;3.090435;
Head;-0.1990085;0.3959743;3.124222;
ShoulderCenter;-0.07206403;0.2663485;3.101802;
ShoulderRight;0.01913965;0.1505382;2.975092;
ShoulderLeft;-0.1552805;0.05445184;3.146687;
ElbowRight;-0.07721214;-0.07962359;2.848621;
ElbowLeft;-0.1834593;-0.09843764;3.243035;
WristRight;-0.2347486;-0.285618;2.781698;
WristLeft;-0.1453333;-0.1269547;3.036512;
HandRight;-0.2731039;-0.3428946;2.772434;
HandLeft;-0.1326247;-0.1364603;2.972272;
Spine;-0.02164419;-0.1560522;3.084807;
HipCenter;-0.04536455;-0.2381422;3.05176;
HipRight;4.270859E-05;-0.2654002;3.029762;
HipLeft;-0.08592197;-0.3025226;3.062161;
KneeRight;0.1175592;-0.7198094;2.990936;
KneeLeft;-0.2066255;-0.7773985;3.179966;
AnkleRight;0.2869749;-1.071298;3.012429;
AnkleLeft;-0.3485184;-1.103603;3.159127;
FootRight;0.2187771;-1.140059;3.009883;
FootLeft;-0.4490225;-1.134913;3.188997;
Head;-0.2442821;0.3763403;3.146866;
ShoulderCenter;-0.09697993;0.2677025;3.104426;
ShoulderRight;-0.0122347;0.1386761;2.983451;
ShoulderLeft;-0.1801964;0.05580581;3.149311;
ElbowRight;-0.1134536;-0.08720735;2.854862;
ElbowLeft;-0.2082617;-0.09646823;3.245087;
WristRight;-0.2856242;-0.2843457;2.785812;
WristLeft;-0.1703885;-0.1268236;3.039581;
HandRight;-0.3486711;-0.3456902;2.782511;
HandLeft;-0.1577641;-0.136942;2.975693;
Spine;-0.06561282;-0.1622158;3.088915;
HipCenter;-0.09417151;-0.2448906;3.056636;
HipRight;-0.05368372;-0.2746639;3.030502;
HipLeft;-0.1310309;-0.3064831;3.071297;
KneeRight;0.08557613;-0.7264264;2.990565;
KneeLeft;-0.226068;-0.7770389;3.178472;
AnkleRight;0.2744555;-1.061227;3.008883;
AnkleLeft;-0.3458855;-1.09965;3.154514;
FootRight;0.2163486;-1.137694;3.008883;
FootLeft;-0.4293703;-1.146356;3.172898;
Head;-0.2747669;0.4018457;3.144744;
ShoulderCenter;-0.1479483;0.2692436;3.111524;
ShoulderRight;-0.05769976;0.1457075;2.999463;
ShoulderLeft;-0.2311647;0.05734695;3.156409;
ElbowRight;-0.1384374;-0.08516467;2.866628;
ElbowLeft;-0.2591147;-0.09430119;3.251591;
WristRight;-0.2988608;-0.2827004;2.795276;
WristLeft;-0.2215025;-0.126531;3.047135;
HandRight;-0.3579679;-0.3461937;2.785869;
HandLeft;-0.2089652;-0.1372743;2.983612;
Spine;-0.116854;-0.1607276;3.10512;
HipCenter;-0.1442127;-0.2433031;3.072046;
HipRight;-0.10562;-0.2729877;3.053192;
HipLeft;-0.1821469;-0.3039665;3.081494;
KneeRight;0.02503945;-0.75814;2.9976;
KneeLeft;-0.2752964;-0.7584617;3.181815;
AnkleRight;0.2661059;-1.062199;3.006995;
AnkleLeft;-0.3451111;-1.097362;3.153234;
FootRight;0.2008643;-1.128564;2.995571;
FootLeft;-0.4278596;-1.14879;3.177519;
Head;-0.2994243;0.3563916;3.151796;
ShoulderCenter;-0.1836509;0.2161338;3.118101;
ShoulderRight;-0.1023861;0.1534265;3.003486;
ShoulderLeft;-0.2668674;0.0042371;3.162986;
ElbowRight;-0.1584829;-0.08208302;2.875914;
ElbowLeft;-0.2946907;-0.1467238;3.257596;
WristRight;-0.3238147;-0.2850229;2.819521;
WristLeft;-0.2573704;-0.1810165;3.054357;
HandRight;-0.3760753;-0.3482673;2.793678;
HandLeft;-0.2449304;-0.1924474;2.991242;
Spine;-0.1395105;-0.1641564;3.103694;
HipCenter;-0.1679845;-0.2402026;3.071188;
HipRight;-0.1312045;-0.2712287;3.054052;
HipLeft;-0.2038883;-0.3058427;3.076351;
KneeRight;-0.06432624;-0.7636766;3.008729;
KneeLeft;-0.3024403;-0.7548718;3.184488;
AnkleRight;0.2175641;-1.048651;2.994477;
AnkleLeft;-0.3468075;-1.094884;3.150311;
FootRight;0.1669111;-1.136746;3.0076;
FootLeft;-0.426679;-1.150188;3.175428;
Head;-0.3428347;0.363293;3.152941;
ShoulderCenter;-0.2269806;0.2260201;3.126602;
ShoulderRight;-0.1335662;0.1569608;3.010971;
ShoulderLeft;-0.3101971;0.01412342;3.171487;
ElbowRight;-0.1951848;-0.08040307;2.885434;
ElbowLeft;-0.3379142;-0.136261;3.26561;
WristRight;-0.3492926;-0.2907193;2.829016;
WristLeft;-0.3008429;-0.1722873;3.063409;
HandRight;-0.3888564;-0.347063;2.822068;
HandLeft;-0.2884859;-0.1842961;3.000644;
Spine;-0.1857997;-0.1665022;3.102385;
HipCenter;-0.2108525;-0.2409345;3.06687;
HipRight;-0.1662313;-0.2730179;3.043608;
HipLeft;-0.2522271;-0.3116585;3.074844;
KneeRight;-0.1388872;-0.7468736;2.988428;
KneeLeft;-0.3474734;-0.7661173;3.174332;
AnkleRight;0.1570501;-1.005171;2.97992;
AnkleLeft;-0.3467806;-1.094903;3.150419;
FootRight;0.1292405;-1.108169;3.010457;
FootLeft;-0.4262822;-1.151761;3.17531;
Head;-0.3694887;0.3760003;3.143409;
ShoulderCenter;-0.2604251;0.2088932;3.129807;
ShoulderRight;-0.1848722;0.1615676;3.011897;
ShoulderLeft;-0.3436416;-0.003003444;3.174692;
ElbowRight;-0.2176782;-0.08363597;2.894855;
ElbowLeft;-0.3712514;-0.1528058;3.268317;
WristRight;-0.3607218;-0.2996585;2.834862;
WristLeft;-0.3344356;-0.1905852;3.067181;
HandRight;-0.4132835;-0.3799759;2.829818;
HandLeft;-0.3221636;-0.2031783;3.004776;
Spine;-0.2313643;-0.1734082;3.120471;
HipCenter;-0.2612163;-0.2455155;3.090016;
HipRight;-0.223617;-0.2846968;3.069697;
HipLeft;-0.2977937;-0.3142761;3.09739;
KneeRight;-0.1910722;-0.7465416;2.98876;
KneeLeft;-0.3752867;-0.7984332;3.171671;
AnkleRight;0.08250487;-1.002763;2.971973;
AnkleLeft;-0.3504519;-1.113382;3.149519;
FootRight;0.07198794;-1.107959;3.00549;
FootLeft;-0.4324789;-1.161146;3.173262;
Head;-0.4139977;0.4230407;3.132385;
ShoulderCenter;-0.2989837;0.294236;3.14326;
ShoulderRight;-0.1945081;0.1655038;3.01687;
ShoulderLeft;-0.3822002;0.08233933;3.188145;
ElbowRight;-0.2396349;-0.08053447;2.910334;
ElbowLeft;-0.4097265;-0.06701033;3.28132;
WristRight;-0.3673335;-0.3049315;2.849775;
WristLeft;-0.373112;-0.1061544;3.080993;
HandRight;-0.4195509;-0.3900118;2.844613;
HandLeft;-0.3609071;-0.1192024;3.018872;
Spine;-0.2326393;-0.1334292;3.088673;
HipCenter;-0.2541206;-0.2141661;3.045417;
HipRight;-0.2076833;-0.2472583;3.025733;
HipLeft;-0.292838;-0.2685585;3.045862;
KneeRight;-0.2785859;-0.7235318;2.996663;
KneeLeft;-0.4002948;-0.7361053;3.012973;
AnkleRight;0.0122191;-0.9732037;2.974326;
AnkleLeft;-0.3506718;-1.099248;3.152182;
FootRight;-0.009005184;-1.08021;2.994423;
FootLeft;-0.4402954;-1.149626;3.193828;
Head;-0.4345629;0.3988688;3.165642;
ShoulderCenter;-0.3313208;0.1811623;3.128689;
ShoulderRight;-0.2534629;0.1673982;3.022983;
ShoulderLeft;-0.4145373;-0.03073438;3.173574;
ElbowRight;-0.266104;-0.08408691;2.924215;
ElbowLeft;-0.4419958;-0.1797158;3.266428;
WristRight;-0.3740173;-0.3185495;2.866936;
WristLeft;-0.4055469;-0.2199707;3.066791;
HandRight;-0.4169753;-0.3959071;2.85373;
HandLeft;-0.3933973;-0.2333889;3.004905;
Spine;-0.2537079;-0.171009;3.09927;
HipCenter;-0.2694571;-0.2344627;3.057833;
HipRight;-0.2199121;-0.2631201;3.031659;
HipLeft;-0.306958;-0.3254186;3.066964;
KneeRight;-0.3807344;-0.6941693;2.997426;
KneeLeft;-0.4189171;-0.7801819;2.98402;
AnkleRight;-0.09251384;-1.004639;2.990675;
AnkleLeft;-0.3498267;-1.09939;3.152946;
FootRight;-0.1331427;-1.105392;3.012732;
FootLeft;-0.4394003;-1.14962;3.194682;
Head;-0.5151838;0.4054201;3.176992;
ShoulderCenter;-0.3700028;0.296701;3.144292;
ShoulderRight;-0.2790776;0.1672917;3.024148;
ShoulderLeft;-0.4532193;0.08480428;3.189177;
ElbowRight;-0.2892675;-0.08683172;2.937177;
ElbowLeft;-0.4806266;-0.06389935;3.281896;
WristRight;-0.3793863;-0.3273388;2.879596;
WristLeft;-0.4443038;-0.1049924;3.08284;
HandRight;-0.4106259;-0.3984228;2.863654;
HandLeft;-0.4321962;-0.1186901;3.021132;
Spine;-0.3398454;-0.1580567;3.126446;
HipCenter;-0.3692;-0.2446982;3.091096;
HipRight;-0.3315028;-0.2682673;3.081963;
HipLeft;-0.4067758;-0.3031096;3.090064;
KneeRight;-0.4712636;-0.6762908;3.007682;
KneeLeft;-0.3414845;-0.702217;3.1967;
AnkleRight;-0.2092435;-1.017067;3.000147;
AnkleLeft;-0.3517733;-1.095187;3.144792;
FootRight;-0.2584668;-1.115187;3.013831;
FootLeft;-0.4358554;-1.148524;3.193479;
Head;-0.5322542;0.418605;3.154327;
ShoulderCenter;-0.3984096;0.2996601;3.145163;
ShoulderRight;-0.308737;0.1703044;3.022491;
ShoulderLeft;-0.4816261;0.08776346;3.190048;
ElbowRight;-0.3290781;-0.08518371;2.946057;
ElbowLeft;-0.5090037;-0.0607792;3.282563;
WristRight;-0.3882256;-0.3219981;2.903437;
WristLeft;-0.4727547;-0.102358;3.083781;
HandRight;-0.4036959;-0.4017323;2.87016;
HandLeft;-0.4606717;-0.1162177;3.022177;
Spine;-0.3716842;-0.1523554;3.127638;
HipCenter;-0.4022042;-0.2381785;3.092838;
HipRight;-0.3603184;-0.265598;3.082938;
HipLeft;-0.4444899;-0.2955973;3.092315;
KneeRight;-0.5093597;-0.7017946;3.014076;
KneeLeft;-0.3721058;-0.7171311;3.189122;
AnkleRight;-0.3166093;-1.058606;3.028876;
AnkleLeft;-0.3115046;-1.013646;3.067781;
FootRight;-0.3895973;-1.141699;3.03594;
FootLeft;-0.3827265;-1.079294;3.121628;
Head;-0.5650277;0.4169841;3.144034;
ShoulderCenter;-0.4357039;0.2939701;3.140571;
ShoulderRight;-0.3468485;0.165813;3.028438;
ShoulderLeft;-0.5189204;0.08207341;3.185456;
ElbowRight;-0.3483316;-0.0891386;2.947119;
ElbowLeft;-0.546261;-0.06626873;3.277797;
WristRight;-0.3988533;-0.3190829;2.909746;
WristLeft;-0.5101033;-0.1084532;3.079401;
HandRight;-0.4019384;-0.4005556;2.876405;
HandLeft;-0.4980508;-0.1225147;3.017927;
Spine;-0.3981685;-0.1468853;3.134764;
HipCenter;-0.4269501;-0.2320236;3.099794;
HipRight;-0.3841652;-0.2608994;3.080701;
HipLeft;-0.4712367;-0.2910717;3.111898;
KneeRight;-0.5465038;-0.6922816;3.037617;
KneeLeft;-0.4121093;-0.7151601;3.18541;
AnkleRight;-0.4292219;-1.080517;3.0171;
AnkleLeft;-0.3119124;-1.117789;3.147122;
FootRight;-0.5115198;-1.142187;3.058605;
FootLeft;-0.3737485;-1.201698;3.184996;
Head;-0.5869864;0.4265355;3.125334;
ShoulderCenter;-0.4728781;0.2951949;3.140558;
ShoulderRight;-0.38323;0.1660517;3.028234;
ShoulderLeft;-0.5560945;0.08329827;3.185443;
ElbowRight;-0.3700592;-0.08901319;2.952545;
ElbowLeft;-0.5833637;-0.06465632;3.277385;
WristRight;-0.4077544;-0.2819242;2.912653;
WristLeft;-0.5473856;-0.1080106;3.079708;
HandRight;-0.4091889;-0.3739309;2.897006;
HandLeft;-0.5353929;-0.1224621;3.018489;
Spine;-0.4181638;-0.129952;3.118222;
HipCenter;-0.4450445;-0.2100982;3.078182;
HipRight;-0.4135962;-0.2286574;3.04114;
HipLeft;-0.4739723;-0.2865683;3.102566;
KneeRight;-0.637634;-0.7165064;3.028227;
KneeLeft;-0.4692896;-0.7138691;3.163418;
AnkleRight;-0.4859493;-1.108688;3.065046;
AnkleLeft;-0.375964;-1.105498;3.130198;
FootRight;-0.5870227;-1.150648;3.046588;
FootLeft;-0.4700947;-1.128288;3.076002;
Head;-0.599293;0.3573561;3.131457;
ShoulderCenter;-0.511485;0.2029983;3.129287;
ShoulderRight;-0.41422;0.1598043;3.03131;
ShoulderLeft;-0.5947015;-0.008898392;3.174171;
ElbowRight;-0.3906848;-0.09359145;2.954582;
ElbowLeft;-0.621896;-0.1564476;3.265761;
WristRight;-0.4163676;-0.3138299;2.904069;
WristLeft;-0.586107;-0.2010258;3.068879;
HandRight;-0.4126873;-0.3971824;2.897629;
HandLeft;-0.5741774;-0.2158852;3.007928;
Spine;-0.4557944;-0.1900789;3.108622;
HipCenter;-0.4799622;-0.2646638;3.068076;
HipRight;-0.4388;-0.2804539;3.049142;
HipLeft;-0.5139341;-0.3555465;3.069847;
KneeRight;-0.6646624;-0.7090654;3.037939;
KneeLeft;-0.4677035;-0.7331539;3.171987;
AnkleRight;-0.6626253;-1.137504;3.062409;
AnkleLeft;-0.3762406;-1.102776;3.133999;
FootRight;-0.7642853;-1.170359;3.092193;
FootLeft;-0.4555654;-1.160405;3.185842;
Head;-0.6540188;0.4151051;3.114149;
ShoulderCenter;-0.5462127;0.2800049;3.13092;
ShoulderRight;-0.4635795;0.1548613;3.02559;
ShoulderLeft;-0.6294292;0.06810825;3.175805;
ElbowRight;-0.4199743;-0.09726906;2.956856;
ElbowLeft;-0.4983956;0.04130272;3.011121;
WristRight;-0.5635315;-0.3126432;2.955964;
WristLeft;-0.531361;-0.1465653;2.979384;
HandRight;-0.6113839;-0.3844346;2.960345;
HandLeft;-0.5423495;-0.2091879;2.973483;
Spine;-0.5159473;-0.1268331;3.123251;
HipCenter;-0.5475542;-0.2033917;3.086346;
HipRight;-0.5119693;-0.2268989;3.067648;
HipLeft;-0.5833765;-0.2654262;3.094673;
KneeRight;-0.7016236;-0.7083657;3.048039;
KneeLeft;-0.4829236;-0.7132056;3.168576;
AnkleRight;-0.7839369;-1.126725;3.073335;
AnkleLeft;-0.3565251;-1.100222;3.147189;
FootRight;-0.8902095;-1.158579;3.070065;
FootLeft;-0.4342238;-1.147149;3.211063;
Head;-0.6205522;0.4507352;3.136228;
ShoulderCenter;-0.566385;0.2795557;3.129702;
ShoulderRight;-0.4788318;0.1567935;3.024412;
ShoulderLeft;-0.6496015;0.06765901;3.174587;
ElbowRight;-0.4591477;-0.09982927;2.966022;
ElbowLeft;-0.5185425;0.0408483;3.009868;
WristRight;-0.5899141;-0.3235787;2.957434;
WristLeft;-0.5515901;-0.1470499;2.978201;
HandRight;-0.633503;-0.3981618;2.95925;
HandLeft;-0.5626059;-0.2096827;2.972325;
Spine;-0.5287847;-0.1401621;3.117129;
HipCenter;-0.5597653;-0.2204639;3.077493;
HipRight;-0.5161292;-0.2405104;3.067141;
HipLeft;-0.6069624;-0.2885522;3.070485;
KneeRight;-0.7391725;-0.6919143;3.049434;
KneeLeft;-0.5135444;-0.7029436;3.170781;
AnkleRight;-0.8904172;-1.090968;3.089462;
AnkleLeft;-0.3580957;-1.099727;3.146748;
FootRight;-0.9824315;-1.152255;3.078767;
FootLeft;-0.4356753;-1.147515;3.210269;
Head;-0.7723032;0.3737326;3.131061;
ShoulderCenter;-0.6216158;0.2731398;3.118229;
ShoulderRight;-0.541392;0.1380751;3.016707;
ShoulderLeft;-0.7048323;0.0612431;3.163114;
ElbowRight;-0.5022278;-0.1171128;2.96282;
ElbowLeft;-0.573625;0.03440204;2.998194;
WristRight;-0.6206136;-0.3248923;2.957719;
WristLeft;-0.6071546;-0.1536718;2.966933;
HandRight;-0.5441641;-0.3721577;2.932592;
HandLeft;-0.6183311;-0.2163631;2.9612;
Spine;-0.5917344;-0.1594048;3.108504;
HipCenter;-0.6241656;-0.2408332;3.069786;
HipRight;-0.588231;-0.2615654;3.05478;
HipLeft;-0.660507;-0.3021071;3.074819;
KneeRight;-0.7527297;-0.6340186;3.04487;
KneeLeft;-0.5141488;-0.70952;3.180624;
AnkleRight;-0.9243637;-1.021843;3.098378;
AnkleLeft;-0.358956;-1.100011;3.146314;
FootRight;-1.021934;-1.075027;3.095384;
FootLeft;-0.4438446;-1.155028;3.192406;
Head;-0.783338;0.298841;3.125249;
ShoulderCenter;-0.6566043;0.169221;3.100711;
ShoulderRight;-0.5842879;0.1260139;3.014809;
ShoulderLeft;-0.7398208;-0.04267563;3.145596;
ElbowRight;-0.5440475;-0.1079549;2.957419;
ElbowLeft;-0.5183235;-0.08877516;3.24667;
WristRight;-0.6650662;-0.2819636;2.95367;
WristLeft;-0.4539068;-0.2690793;3.214339;
HandRight;-0.6110757;-0.3561892;2.937743;
HandLeft;-0.4324345;-0.3291806;3.208231;
Spine;-0.5828249;-0.1896873;3.108017;
HipCenter;-0.6082234;-0.2604922;3.069911;
HipRight;-0.5505137;-0.2959646;3.069416;
HipLeft;-0.6416198;-0.3394737;3.061349;
KneeRight;-0.8328031;-0.6898003;3.069185;
KneeLeft;-0.5289918;-0.7229297;3.187389;
AnkleRight;-0.956234;-1.093709;3.127298;
AnkleLeft;-0.3601784;-1.099769;3.146023;
FootRight;-1.062828;-1.120163;3.110877;
FootLeft;-0.4397674;-1.149678;3.205237;
Head;-0.8028637;0.3394655;3.116539;
ShoulderCenter;-0.6994503;0.156699;3.1042;
ShoulderRight;-0.6076815;0.1273329;3.013015;
ShoulderLeft;-0.7826668;-0.05519771;3.149085;
ElbowRight;-0.5829239;-0.1097828;2.952737;
ElbowLeft;-0.557521;-0.07041448;3.252489;
WristRight;-0.5758549;-0.3355605;2.909427;
WristLeft;-0.4999306;-0.2526402;3.212753;
HandRight;-0.5721001;-0.4283481;2.904278;
HandLeft;-0.4807337;-0.3133821;3.204181;
Spine;-0.6231413;-0.2018004;3.116956;
HipCenter;-0.6391152;-0.273063;3.078536;
HipRight;-0.5922738;-0.3108951;3.081909;
HipLeft;-0.676527;-0.3492019;3.06735;
KneeRight;-0.8899854;-0.6902907;3.056564;
KneeLeft;-0.5560218;-0.7286222;3.196312;
AnkleRight;-0.9669229;-1.101517;3.129052;
AnkleLeft;-0.3654543;-1.09986;3.146254;
FootRight;-1.07147;-1.138621;3.127153;
FootLeft;-0.4472082;-1.155124;3.196975;
Head;-0.8834148;0.3741632;3.103886;
ShoulderCenter;-0.7540175;0.2535358;3.107087;
ShoulderRight;-0.6651139;0.1294609;3.005103;
ShoulderLeft;-0.837234;0.04163913;3.151972;
ElbowRight;-0.6256555;-0.1266368;2.946474;
ElbowLeft;-0.6250239;-0.05416385;3.242249;
WristRight;-0.623237;-0.3677915;2.894377;
WristLeft;-0.5270091;-0.2197342;3.241855;
HandRight;-0.6093761;-0.4587374;2.880106;
HandLeft;-0.4943375;-0.2749243;3.24641;
Spine;-0.6791806;-0.1702239;3.090742;
HipCenter;-0.700886;-0.2528928;3.049178;
HipRight;-0.6501006;-0.2839113;3.041977;
HipLeft;-0.742649;-0.3078701;3.044157;
KneeRight;-0.9096067;-0.694949;3.06575;
KneeLeft;-0.6061007;-0.7221178;3.197528;
AnkleRight;-0.9885609;-1.107706;3.136055;
AnkleLeft;-0.3878213;-1.093837;3.150798;
FootRight;-1.091638;-1.148627;3.130752;
FootLeft;-0.4617863;-1.154058;3.207632;
Head;-0.92467;0.3635177;3.107605;
ShoulderCenter;-0.7843139;0.2515648;3.102098;
ShoulderRight;-0.7021061;0.1210926;3.004179;
ShoulderLeft;-0.8675305;0.03966816;3.146983;
ElbowRight;-0.6757448;-0.1045433;2.932553;
ElbowLeft;-0.6507259;-0.02484851;3.251086;
WristRight;-0.6702124;-0.3291438;2.886133;
WristLeft;-0.5610487;-0.1961848;3.242878;
HandRight;-0.6678826;-0.4222842;2.878416;
HandLeft;-0.5311564;-0.2532969;3.244833;
Spine;-0.7539355;-0.1833566;3.07802;
HipCenter;-0.7845004;-0.2638928;3.036165;
HipRight;-0.7403626;-0.3074138;3.037318;
HipLeft;-0.8273233;-0.3036378;3.022299;
KneeRight;-0.9246546;-0.6975019;3.066793;
KneeLeft;-0.6103859;-0.7384827;3.211367;
AnkleRight;-1.002971;-1.111516;3.13654;
AnkleLeft;-0.4139741;-1.095054;3.159043;
FootRight;-1.098495;-1.157721;3.169775;
FootLeft;-0.4824531;-1.157547;3.22044;
Head;-0.9638324;0.3786532;3.102225;
ShoulderCenter;-0.8314793;0.2527889;3.082076;
ShoulderRight;-0.7520053;0.1218778;2.983655;
ShoulderLeft;-0.9146957;0.0408922;3.126961;
ElbowRight;-0.7248036;-0.1387083;2.927093;
ElbowLeft;-0.704409;-0.05700499;3.224518;
WristRight;-0.7330429;-0.3316527;2.887258;
WristLeft;-0.6139549;-0.2292812;3.220303;
HandRight;-0.7282953;-0.424619;2.875606;
HandLeft;-0.5838035;-0.2867066;3.223593;
Spine;-0.7932807;-0.1298397;3.08759;
HipCenter;-0.8235909;-0.2029433;3.050986;
HipRight;-0.7885814;-0.2542197;2.986968;
HipLeft;-0.8562197;-0.289204;3.101371;
KneeRight;-0.9901114;-0.6976907;3.075977;
KneeLeft;-0.7498347;-0.8161094;3.111084;
AnkleRight;-1.012258;-1.120236;3.138899;
AnkleLeft;-0.4722585;-0.9524733;3.164966;
FootRight;-1.094835;-1.19034;3.167841;
FootLeft;-0.4987616;-1.054643;3.202781;
Head;-0.9917324;0.388746;3.096811;
ShoulderCenter;-0.8590443;0.2632457;3.081402;
ShoulderRight;-0.7706637;0.1357854;2.986448;
ShoulderLeft;-0.9422608;0.05134898;3.126287;
ElbowRight;-0.7695708;-0.1116881;2.915952;
ElbowLeft;-0.7363613;-0.05153784;3.22917;
WristRight;-0.7953469;-0.3033701;2.872712;
WristLeft;-0.6513954;-0.2275053;3.223557;
HandRight;-0.8067009;-0.3964946;2.87655;
HandLeft;-0.6230735;-0.2861611;3.226385;
Spine;-0.8193376;-0.128093;3.084576;
HipCenter;-0.8483862;-0.2025025;3.045922;
HipRight;-0.8132082;-0.2511848;2.994463;
HipLeft;-0.8892415;-0.2729372;3.079231;
KneeRight;-0.9881796;-0.6979184;3.081872;
KneeLeft;-0.7751087;-0.7986319;3.108471;
AnkleRight;-1.013963;-1.11949;3.148002;
AnkleLeft;-0.4960171;-0.9246376;3.172956;
FootRight;-1.089273;-1.197182;3.180649;
FootLeft;-0.5354068;-1.025846;3.204243;
Head;-1.047297;0.3834867;3.123567;
ShoulderCenter;-0.9047097;0.265615;3.081156;
ShoulderRight;-0.8190935;0.1348458;2.972654;
ShoulderLeft;-0.9879262;0.05371829;3.126041;
ElbowRight;-0.826493;-0.1288943;2.908632;
ElbowLeft;-0.7927941;-0.08465542;3.215417;
WristRight;-0.8751088;-0.3244408;2.877564;
WristLeft;-0.7099197;-0.2629923;3.210195;
HandRight;-0.8819473;-0.4183199;2.874528;
HandLeft;-0.6822949;-0.3224379;3.213159;
Spine;-0.8721694;-0.124106;3.091427;
HipCenter;-0.903272;-0.1988612;3.056776;
HipRight;-0.870959;-0.2459984;3.009164;
HipLeft;-0.9327735;-0.2716244;3.093828;
KneeRight;-0.9898669;-0.6883159;3.089388;
KneeLeft;-0.8165687;-0.7979243;3.126396;
AnkleRight;-1.012613;-1.111385;3.147644;
AnkleLeft;-0.563171;-0.9570741;3.210777;
FootRight;-1.086244;-1.192511;3.1757;
FootLeft;-0.6027156;-1.044421;3.27075;
Head;-1.046746;0.3684147;3.132829;
ShoulderCenter;-0.9288415;0.2277948;3.079714;
ShoulderRight;-0.8630736;0.1548892;2.977151;
ShoulderLeft;-1.012058;0.01589814;3.124599;
ElbowRight;-0.8674831;-0.1069431;2.903336;
ElbowLeft;-0.78947;-0.005419752;3.240738;
WristRight;-0.9394271;-0.3580751;2.889459;
WristLeft;-0.751519;-0.1945482;3.189006;
HandRight;-0.9623769;-0.4494838;2.889266;
HandLeft;-0.7388687;-0.2575909;3.176471;
Spine;-0.8625342;-0.1222715;3.086999;
HipCenter;-0.8849397;-0.1953334;3.050889;
HipRight;-0.8415921;-0.2413406;2.996239;
HipLeft;-0.9050201;-0.2753546;3.088773;
KneeRight;-1.003334;-0.7426499;3.110955;
KneeLeft;-0.8182741;-0.8069984;3.137115;
AnkleRight;-1.015565;-1.154937;3.157169;
AnkleLeft;-0.5906426;-0.9714121;3.259405;
FootRight;-1.093253;-1.199087;3.177153;
FootLeft;-0.6589045;-1.045788;3.310169;
Head;-1.079895;0.3541491;3.134832;
ShoulderCenter;-0.9669586;0.2103866;3.08323;
ShoulderRight;-0.8963135;0.1428301;2.975703;
ShoulderLeft;-1.050175;-0.001510091;3.128115;
ElbowRight;-0.9252913;-0.1181393;2.908619;
ElbowLeft;-0.8366623;-0.09859186;3.224774;
WristRight;-1.022092;-0.3653653;2.893831;
WristLeft;-0.7958727;-0.2875634;3.176923;
HandRight;-1.05012;-0.4267549;2.87728;
HandLeft;-0.7822762;-0.3505539;3.165686;
Spine;-0.8721792;-0.1259774;3.08749;
HipCenter;-0.8918191;-0.1984389;3.050933;
HipRight;-0.850843;-0.2458215;2.997521;
HipLeft;-0.9116342;-0.2784448;3.088629;
KneeRight;-1.007536;-0.7489632;3.111574;
KneeLeft;-0.9885748;-0.8053372;3.162763;
AnkleRight;-1.016445;-1.155003;3.156739;
AnkleLeft;-0.7428192;-0.9958254;3.201767;
FootRight;-1.123648;-1.190424;3.15511;
FootLeft;-0.8053697;-1.079221;3.245154;
Head;-1.122832;0.343083;3.147182;
ShoulderCenter;-1.019204;0.1664232;3.081293;
ShoulderRight;-0.9345583;0.1478305;2.976315;
ShoulderLeft;-1.10242;-0.0454735;3.126178;
ElbowRight;-0.9908001;-0.1082971;2.908391;
ElbowLeft;-0.8874131;-0.1402965;3.221516;
WristRight;-1.094772;-0.3519638;2.880357;
WristLeft;-0.8421457;-0.3285859;3.176617;
HandRight;-1.128393;-0.4407419;2.869463;
HandLeft;-0.8270566;-0.391349;3.166367;
Spine;-0.966139;-0.1514607;3.091774;
HipCenter;-0.9923853;-0.2137135;3.057751;
HipRight;-0.9572579;-0.2631688;3.011243;
HipLeft;-1.01757;-0.3051943;3.090285;
KneeRight;-1.009109;-0.7870604;3.129235;
KneeLeft;-1.160918;-0.8211606;3.164692;
AnkleRight;-1.013584;-1.150466;3.159975;
AnkleLeft;-0.7660921;-0.9827276;3.200538;
FootRight;-1.117512;-1.19392;3.152582;
FootLeft;-0.8183308;-1.074885;3.239549;
Head;-1.13488;0.4002059;3.106719;
ShoulderCenter;-1.063797;0.2341193;3.096855;
ShoulderRight;-0.969619;0.1571736;2.985674;
ShoulderLeft;-1.147013;0.02222262;3.14174;
ElbowRight;-1.03766;-0.09470819;2.903522;
ElbowLeft;-0.9310124;-0.07303858;3.237624;
WristRight;-1.162915;-0.3286279;2.876336;
WristLeft;-0.8877783;-0.2624388;3.190873;
HandRight;-1.193465;-0.4171383;2.867397;
HandLeft;-0.8733669;-0.3255723;3.18001;
Spine;-1.006711;-0.1186854;3.095455;
HipCenter;-1.031027;-0.1880593;3.058201;
HipRight;-0.9902672;-0.252476;2.997509;
HipLeft;-1.058381;-0.2737688;3.102236;
KneeRight;-1.024781;-0.7768821;3.120321;
KneeLeft;-1.265822;-0.7115014;3.247881;
AnkleRight;-1.015826;-1.15236;3.164289;
AnkleLeft;-0.8700753;-0.8734451;3.283852;
FootRight;-1.119173;-1.19636;3.151827;
FootLeft;-0.9383064;-0.9576482;3.251817;
Head;-1.130644;0.4788632;3.115654;
ShoulderCenter;-1.102597;0.3017004;3.11445;
ShoulderRight;-1.020816;0.1614253;2.979722;
ShoulderLeft;-1.185814;0.08980368;3.159335;
ElbowRight;-1.089579;-0.09234998;2.901366;
ElbowLeft;-0.9625978;0.06096701;3.276459;
WristRight;-1.228579;-0.3193017;2.857993;
WristLeft;-0.8929651;-0.1237548;3.24853;
HandRight;-1.275857;-0.4001534;2.867013;
HandLeft;-0.8697542;-0.1853287;3.243953;
Spine;-1.048386;-0.09803838;3.10858;
HipCenter;-1.078424;-0.1758678;3.074167;
HipRight;-1.038555;-0.2270526;3.010435;
HipLeft;-1.111226;-0.264313;3.121971;
KneeRight;-1.057795;-0.756831;3.119801;
KneeLeft;-1.283777;-0.7567179;3.262907;
AnkleRight;-1.017455;-1.149836;3.163228;
AnkleLeft;-1.199781;-1.105316;3.287133;
FootRight;-1.096409;-1.185896;3.133404;
FootLeft;-1.206331;-1.185242;3.26477;
Head;-1.261279;0.4198761;3.124339;
ShoulderCenter;-1.127446;0.2973298;3.114995;
ShoulderRight;-1.042672;0.15981;2.983813;
ShoulderLeft;-1.092225;0.2210642;2.988483;
ElbowRight;-1.139104;-0.0842379;2.897378;
ElbowLeft;-0.8680668;0.1921058;3.106192;
WristRight;-1.28636;-0.3077502;2.857797;
WristLeft;-1.028837;-0.003917545;3.002463;
HandRight;-1.33747;-0.381197;2.850345;
HandLeft;-1.079929;-0.04847356;2.988052;
Spine;-1.127892;-0.1076204;3.120711;
HipCenter;-1.125323;-0.1817431;3.069814;
HipRight;-1.107247;-0.2139073;3.023253;
HipLeft;-1.142009;-0.2364108;3.106498;
KneeRight;-1.066245;-0.7478358;3.117749;
KneeLeft;-1.308725;-0.7315566;3.252331;
AnkleRight;-1.021862;-1.151531;3.168832;
AnkleLeft;-1.285358;-1.108707;3.293813;
FootRight;-1.092162;-1.191918;3.142232;
FootLeft;-1.318923;-1.184436;3.29207;
Head;-1.256813;0.4593321;3.125629;
ShoulderCenter;-1.176597;0.2962459;3.117363;
ShoulderRight;-1.094019;0.1592728;2.984619;
ShoulderLeft;-1.12334;0.2216082;2.990238;
ElbowRight;-1.19244;-0.08361658;2.896104;
ElbowLeft;-1.07397;0.02133936;3.134943;
WristRight;-1.345386;-0.2942958;2.857785;
WristLeft;-1.223105;-0.1524928;2.979668;
HandRight;-1.413234;-0.3556066;2.852842;
HandLeft;-1.265652;-0.207076;2.977947;
Spine;-1.152366;-0.1028288;3.123842;
HipCenter;-1.143954;-0.1759738;3.072557;
HipRight;-1.125097;-0.2200475;3.01376;
HipLeft;-1.16098;-0.2444091;3.11872;
KneeRight;-1.081559;-0.7531098;3.117598;
KneeLeft;-1.360783;-0.7310061;3.257111;
AnkleRight;-1.021776;-1.150999;3.168934;
AnkleLeft;-1.396937;-1.104172;3.274039;
FootRight;-1.095376;-1.192334;3.146447;
FootLeft;-1.367834;-1.181395;3.282252;
Head;-1.291291;0.4622555;3.153852;
ShoulderCenter;-1.225069;0.2891117;3.114656;
ShoulderRight;-1.129453;0.1575941;2.993679;
ShoulderLeft;-1.160802;0.19914;2.95743;
ElbowRight;-1.227356;-0.08239231;2.893081;
ElbowLeft;-1.110753;0.01819542;3.122321;
WristRight;-1.38905;-0.2707529;2.85598;
WristLeft;-1.275445;-0.1499303;2.977445;
HandRight;-1.455709;-0.336336;2.850234;
HandLeft;-1.324436;-0.1988703;2.977421;
Spine;-1.253511;-0.1153816;3.11988;
HipCenter;-1.214367;-0.1924981;3.090043;
HipRight;-1.203557;-0.2282698;3.046929;
HipLeft;-1.223151;-0.2442143;3.126099;
KneeRight;-1.138254;-0.7632711;3.132726;
KneeLeft;-1.398291;-0.7432253;3.256117;
AnkleRight;-1.02393;-1.150111;3.168731;
AnkleLeft;-1.494559;-1.093383;3.259369;
FootRight;-1.100724;-1.192557;3.150357;
FootLeft;-1.422905;-1.13169;3.204795;
Head;-1.35273;0.442389;3.137178;
ShoulderCenter;-1.246783;0.2919106;3.121807;
ShoulderRight;-1.166234;0.1541297;2.996678;
ShoulderLeft;-1.192488;0.2238901;3.01621;
ElbowRight;-1.269138;-0.0820165;2.889512;
ElbowLeft;-1.14884;0.02793869;3.167945;
WristRight;-1.427028;-0.2633726;2.854466;
WristLeft;-1.305195;-0.1339225;3.005439;
HandRight;-1.476851;-0.3425438;2.85507;
HandLeft;-1.332589;-0.1973734;3.003387;
Spine;-1.210058;-0.1066124;3.135137;
HipCenter;-1.230117;-0.1826862;3.092352;
HipRight;-1.213697;-0.2249957;3.043202;
HipLeft;-1.240578;-0.2421685;3.133398;
KneeRight;-1.221758;-0.7584072;3.159513;
KneeLeft;-1.434824;-0.7417911;3.238669;
AnkleRight;-1.026101;-1.145931;3.167424;
AnkleLeft;-1.605584;-1.094787;3.241181;
FootRight;-1.096012;-1.192671;3.151137;
FootLeft;-1.712486;-1.112275;3.271978;
Head;-1.332823;0.4619398;3.137202;
ShoulderCenter;-1.305326;0.2805597;3.129039;
ShoulderRight;-1.215194;0.1463277;3.003328;
ShoulderLeft;-1.240732;0.2112118;3.020093;
ElbowRight;-1.297973;-0.07931499;2.89055;
ElbowLeft;-1.180376;0.02176917;3.17446;
WristRight;-1.433724;-0.2318678;2.856294;
WristLeft;-1.343569;-0.1225341;3.000947;
HandRight;-1.48873;-0.2863571;2.855629;
HandLeft;-1.369263;-0.1863674;2.993309;
Spine;-1.275421;-0.1058566;3.145319;
HipCenter;-1.292547;-0.1792297;3.10174;
HipRight;-1.280933;-0.2273468;3.056858;
HipLeft;-1.301509;-0.226564;3.137988;
KneeRight;-1.196874;-0.7607323;3.146373;
KneeLeft;-1.497739;-0.7179575;3.241975;
AnkleRight;-1.027922;-1.145538;3.167683;
AnkleLeft;-1.624321;-1.092915;3.225745;
FootRight;-1.096925;-1.191585;3.149336;
FootLeft;-1.660451;-1.173286;3.176558;
Head;-1.365807;0.4647712;3.164156;
ShoulderCenter;-1.342997;0.2794939;3.136925;
ShoulderRight;-1.260275;0.1420505;3.004209;
ShoulderLeft;-1.278402;0.210146;3.02798;
ElbowRight;-1.341334;-0.07053334;2.891819;
ElbowLeft;-1.231911;0.01599889;3.18211;
WristRight;-1.462829;-0.2283926;2.862267;
WristLeft;-1.381439;-0.1302913;2.996629;
HandRight;-1.522858;-0.2958834;2.887798;
HandLeft;-1.539128;-0.31512;2.88144;
Spine;-1.286541;-0.1013847;3.139661;
HipCenter;-1.318176;-0.1766536;3.108241;
HipRight;-1.302719;-0.2326438;3.051366;
HipLeft;-1.334125;-0.2459984;3.158937;
KneeRight;-1.198457;-0.763595;3.139581;
KneeLeft;-1.523285;-0.7549412;3.236751;
AnkleRight;-1.036766;-1.146349;3.169829;
AnkleLeft;-1.616711;-1.059816;3.215347;
FootRight;-1.098851;-1.19592;3.145472;
FootLeft;-1.682143;-1.104003;3.1577;
Head;-1.446231;0.4589384;3.204525;
ShoulderCenter;-1.388076;0.2813292;3.142103;
ShoulderRight;-1.294921;0.1374718;3.017036;
ShoulderLeft;-1.348103;0.1948591;3.009247;
ElbowRight;-1.366328;-0.06451239;2.898003;
ElbowLeft;-1.327324;-0.04013236;3.113945;
WristRight;-1.494153;-0.2146053;2.849379;
WristLeft;-1.477836;-0.1842759;2.926797;
HandRight;-1.541266;-0.2652518;2.856248;
HandLeft;-1.497313;-0.2759016;2.935157;
Spine;-1.370814;-0.1313798;3.151475;
HipCenter;-1.353637;-0.2082939;3.102894;
HipRight;-1.323913;-0.2479408;3.051762;
HipLeft;-1.365181;-0.2642681;3.144371;
KneeRight;-1.216228;-0.7813493;3.127702;
KneeLeft;-1.556083;-0.7694288;3.24246;
AnkleRight;-1.042257;-1.148928;3.168608;
AnkleLeft;-1.635186;-1.078141;3.212251;
FootRight;-1.10089;-1.199562;3.138679;
FootLeft;-1.608426;-1.115507;3.126029;
Head;-1.498974;0.4490297;3.152707;
ShoulderCenter;-1.422841;0.2793614;3.141551;
ShoulderRight;-1.346455;0.1357228;3.017457;
ShoulderLeft;-1.364944;0.1936003;3.007069;
ElbowRight;-1.39875;-0.05883313;2.906154;
ElbowLeft;-1.325753;0.006515473;3.171228;
WristRight;-1.50606;-0.2220539;2.846933;
WristLeft;-1.486124;-0.1419479;2.996351;
HandRight;-1.54857;-0.2771666;2.849929;
HandLeft;-1.48694;-0.2300816;3.029756;
Spine;-1.418315;-0.1347353;3.133677;
HipCenter;-1.372579;-0.2096514;3.1022;
HipRight;-1.360587;-0.2577609;3.047441;
HipLeft;-1.380846;-0.2685572;3.144459;
KneeRight;-1.292865;-0.7965801;3.129411;
KneeLeft;-1.600692;-0.7669407;3.222039;
AnkleRight;-1.066572;-1.137857;3.171551;
AnkleLeft;-1.646735;-1.081564;3.212186;
FootRight;-1.119071;-1.184239;3.126909;
FootLeft;-1.657536;-1.182287;3.163517;
Head;-1.497648;0.4644573;3.16536;
ShoulderCenter;-1.467442;0.2790033;3.143305;
ShoulderRight;-1.381178;0.135739;3.029937;
ShoulderLeft;-1.405147;0.1895895;3.001169;
ElbowRight;-1.42895;-0.05986817;2.917308;
ElbowLeft;-1.36067;0.009410948;3.170806;
WristRight;-1.530162;-0.2241761;2.84852;
WristLeft;-1.522456;-0.1193423;2.980832;
HandRight;-1.571181;-0.2805111;2.849835;
HandLeft;-1.523273;-0.2075156;3.014253;
Spine;-1.48341;-0.107086;3.143593;
HipCenter;-1.438311;-0.1787047;3.117815;
HipRight;-1.423346;-0.2536869;3.04751;
HipLeft;-1.442465;-0.2596208;3.174508;
KneeRight;-1.339349;-0.7964276;3.101855;
KneeLeft;-1.612496;-0.7768737;3.214038;
AnkleRight;-1.120773;-1.099073;3.154319;
AnkleLeft;-1.657357;-1.08989;3.217307;
FootRight;-1.139506;-1.173164;3.12157;
FootLeft;-1.580184;-1.127038;3.170058;
Head;-1.500093;0.472516;3.157476;
ShoulderCenter;-1.497257;0.2867038;3.150961;
ShoulderRight;-1.419014;0.139856;3.033274;
ShoulderLeft;-1.432366;0.2027363;3.025981;
ElbowRight;-1.470146;-0.06916387;2.931838;
ElbowLeft;-1.411973;0.02725476;3.203501;
WristRight;-1.533588;-0.2413275;2.83671;
WristLeft;-1.583549;-0.1278894;3.047526;
HandRight;-1.572176;-0.2992883;2.834173;
HandLeft;-1.584365;-0.2160359;3.080936;
Spine;-1.504032;-0.1093078;3.147169;
HipCenter;-1.458321;-0.1814436;3.12094;
HipRight;-1.461792;-0.2259505;3.067878;
HipLeft;-1.45824;-0.2539432;3.170125;
KneeRight;-1.415676;-0.7430815;3.093579;
KneeLeft;-1.627965;-0.7805234;3.175959;
AnkleRight;-1.165565;-1.071284;3.141937;
AnkleLeft;-1.654316;-1.087784;3.223398;
FootRight;-1.178831;-1.152756;3.126805;
FootLeft;-1.69612;-1.158192;3.20878;
Head;-1.557185;0.4853866;3.204138;
ShoulderCenter;-1.534553;0.2978384;3.148483;
ShoulderRight;-1.455506;0.1480373;3.037733;
ShoulderLeft;-1.489581;0.1998312;3.021349;
ElbowRight;-1.514697;-0.09639068;2.943237;
ElbowLeft;-1.468259;0.02219516;3.196432;
WristRight;-1.573637;-0.2822616;2.883751;
WristLeft;-1.638435;-0.1277619;3.034162;
HandRight;-1.600717;-0.3411978;2.858448;
HandLeft;-1.63925;-0.2158364;3.067545;
Spine;-1.516633;-0.105685;3.156393;
HipCenter;-1.479633;-0.1779912;3.117432;
HipRight;-1.467547;-0.2251048;3.062641;
HipLeft;-1.481651;-0.2513629;3.166291;
KneeRight;-1.436422;-0.7425264;3.083568;
KneeLeft;-1.621085;-0.7853864;3.10643;
AnkleRight;-1.246411;-1.007318;3.116319;
AnkleLeft;-1.700911;-1.091113;3.052199;
FootRight;-1.242912;-1.095989;3.090088;
FootLeft;-1.641157;-1.111366;2.982115;
Head;-1.590052;0.4825768;3.193314;
ShoulderCenter;-1.551386;0.2970736;3.149288;
ShoulderRight;-1.486628;0.1573069;3.050682;
ShoulderLeft;-1.598336;0.2005572;3.040543;
ElbowRight;-1.52113;-0.09468258;2.95172;
ElbowLeft;-1.544676;0.01409842;3.200816;
WristRight;-1.587368;-0.3525598;2.985121;
WristLeft;-1.698721;-0.135245;3.021715;
HandRight;-1.62629;-0.4096058;2.976714;
HandLeft;-1.699536;-0.2232545;3.055074;
Spine;-1.514401;-0.1009922;3.179332;
HipCenter;-1.50128;-0.1767213;3.136737;
HipRight;-1.475564;-0.2171039;3.090652;
HipLeft;-1.526769;-0.2357887;3.182397;
KneeRight;-1.546769;-0.748159;3.093818;
KneeLeft;-1.636187;-0.7768039;3.118191;
AnkleRight;-1.32513;-1.000631;3.11434;
AnkleLeft;-1.698692;-1.085858;3.061516;
FootRight;-1.321547;-1.085183;3.093136;
FootLeft;-1.682904;-1.109148;2.974769;
Head;-1.606998;0.4934045;3.191659;
ShoulderCenter;-1.593935;0.3051232;3.168578;
ShoulderRight;-1.505393;0.1632499;3.053213;
ShoulderLeft;-1.555367;0.2050084;3.025361;
ElbowRight;-1.550437;-0.1015179;2.993603;
ElbowLeft;-1.540161;0.02191818;3.195509;
WristRight;-1.588918;-0.3517536;2.993679;
WristLeft;-1.710099;-0.1141594;3.020749;
HandRight;-1.61437;-0.4105887;2.966723;
HandLeft;-1.710914;-0.2021338;3.054094;
Spine;-1.561569;-0.1051534;3.190405;
HipCenter;-1.526236;-0.1803607;3.155782;
HipRight;-1.512544;-0.2222732;3.110826;
HipLeft;-1.531747;-0.2369559;3.192996;
KneeRight;-1.606226;-0.7651907;3.134187;
KneeLeft;-1.654623;-0.6757886;3.232753;
AnkleRight;-1.400139;-1.009037;3.089332;
AnkleLeft;-1.668839;-1.082269;3.217928;
FootRight;-1.461685;-1.102599;3.089878;
FootLeft;-1.616873;-1.118847;3.144138;
Head;-1.632252;0.4900257;3.183396;
ShoulderCenter;-1.601482;0.3045313;3.168384;
ShoulderRight;-1.531478;0.1461039;3.109301;
ShoulderLeft;-1.550423;0.2016055;3.036942;
ElbowRight;-1.559919;-0.1015465;3.005643;
ElbowLeft;-1.569139;-0.001835991;2.969848;
WristRight;-1.599023;-0.3467347;3.019376;
WristLeft;-1.719954;-0.03873968;2.734092;
HandRight;-1.6208;-0.4329621;3.050103;
HandLeft;-1.770225;-0.05104091;2.660304;
Spine;-1.596938;-0.1159052;3.180816;
HipCenter;-1.546679;-0.1961921;3.181;
HipRight;-1.542316;-0.2518551;3.144524;
HipLeft;-1.543292;-0.234984;3.218333;
KneeRight;-1.655863;-0.7658688;3.221441;
KneeLeft;-1.678642;-0.7332617;3.272506;
AnkleRight;-1.528105;-1.041372;3.104841;
AnkleLeft;-1.632873;-1.101135;3.151721;
FootRight;-1.439572;-1.078249;3.08823;
FootLeft;-1.64743;-1.179902;3.172432;
Head;-1.679596;0.4694586;3.169568;
ShoulderCenter;-1.614645;0.2968415;3.174311;
ShoulderRight;-1.553546;0.0897519;3.245276;
ShoulderLeft;-1.553979;0.1928815;3.048977;
ElbowRight;-1.576588;-0.05188256;3.048336;
ElbowLeft;-1.593757;-0.0664226;3.012241;
WristRight;-1.615213;-0.3192804;3.045777;
WristLeft;-1.744596;-0.1033324;2.776452;
HandRight;-1.626475;-0.387392;3.054539;
HandLeft;-1.794876;-0.1156356;2.702652;
Spine;-1.626976;-0.103921;3.205647;
HipCenter;-1.577446;-0.1782437;3.218258;
HipRight;-1.557882;-0.2502721;3.149956;
HipLeft;-1.572202;-0.2403968;3.289661;
KneeRight;-1.665073;-0.7858586;3.236882;
KneeLeft;-1.679946;-0.7327169;3.272653;
AnkleRight;-1.547622;-1.034808;3.054034;
AnkleLeft;-1.604913;-1.026989;3.096652;
FootRight;-1.601533;-1.09103;3.134484;
FootLeft;-1.619476;-1.105787;3.117371;
Head;-1.639089;0.2660626;3.238045;
ShoulderCenter;-1.594347;0.01224796;3.203912;
ShoulderRight;-1.5234;-0.1890885;3.270432;
ShoulderLeft;-1.526706;-0.09300863;3.083869;
ElbowRight;-1.631099;-0.1726695;3.075097;
ElbowLeft;-1.633508;-0.2580532;3.089664;
WristRight;-1.638287;-0.3759794;3.07896;
WristLeft;-1.781259;-0.2892105;2.851567;
HandRight;-1.644822;-0.4452678;3.081013;
HandLeft;-1.83051;-0.2995963;2.776991;
Spine;-1.677658;-0.2317468;3.240261;
HipCenter;-1.643708;-0.2893212;3.245626;
HipRight;-1.649275;-0.3527287;3.342157;
HipLeft;-1.658011;-0.3473004;3.160103;
KneeRight;-1.701899;-0.7515529;3.246281;
KneeLeft;-1.687723;-0.7330913;3.28269;
AnkleRight;-1.756661;-1.166573;3.133261;
AnkleLeft;-1.671711;-1.074036;3.197138;
FootRight;-1.67488;-1.231297;3.120166;
FootLeft;-1.686279;-1.152864;3.217865;
Head;-1.644559;0.1702193;3.275527;
ShoulderCenter;-1.629914;-0.08742236;3.230482;
ShoulderRight;-1.558967;-0.2887588;3.297002;
ShoulderLeft;-1.562273;-0.1926789;3.11044;
ElbowRight;-1.69355;-0.3734293;3.14914;
ElbowLeft;-1.661287;-0.3482978;3.157076;
WristRight;-1.670058;-0.5681812;3.168468;
WristLeft;-1.808468;-0.3799985;2.91948;
HandRight;-1.676596;-0.6375051;3.170522;
HandLeft;-1.857528;-0.3905655;2.845061;
Spine;-1.753927;-0.2613569;3.352128;
HipCenter;-1.736752;-0.3225914;3.365597;
HipRight;-1.729014;-0.3535327;3.419695;
HipLeft;-1.77013;-0.348089;3.340486;
KneeRight;-1.693524;-0.7713152;3.263333;
KneeLeft;-1.778589;-0.8956423;3.381399;
AnkleRight;-1.626822;-1.069252;3.157688;
AnkleLeft;-1.655737;-1.123763;3.174117;
FootRight;-1.67948;-1.118658;3.243385;
FootLeft;-1.70088;-1.147393;3.239418;
Head;-1.685977;0.09634261;3.287666;
ShoulderCenter;-1.671346;-0.1610267;3.242627;
ShoulderRight;-1.600399;-0.3623632;3.309147;
ShoulderLeft;-1.673183;-0.1601136;3.196099;
ElbowRight;-1.737294;-0.2256788;3.235185;
ElbowLeft;-1.685197;-0.40872;3.219312;
WristRight;-1.704412;-0.4862122;3.22772;
WristLeft;-1.83522;-0.4454298;2.984772;
HandRight;-1.710935;-0.5553744;3.22977;
HandLeft;-1.885227;-0.4576665;2.911372;
Spine;-1.7307;-0.4371487;3.306551;
HipCenter;-1.706077;-0.4993013;3.28695;
HipRight;-1.672796;-0.6328976;3.335435;
HipLeft;-1.75017;-0.4709998;3.247797;
KneeRight;-1.702002;-0.8529925;3.259443;
KneeLeft;-1.68786;-0.8780373;3.260256;
AnkleRight;-1.640206;-1.019217;3.169679;
AnkleLeft;-1.675132;-1.189722;3.19574;
FootRight;-1.678789;-1.100642;3.236365;
FootLeft;-1.613738;-1.236403;3.136133;
