Floor;-0.01929818;0.9998135;0.0006181673;1.074502;
Head;-0.02175766;0.4828278;3.226369;
ShoulderCenter;0.05221914;0.335829;3.215299;
ShoulderRight;0.1133008;0.1918635;3.121683;
ShoulderLeft;-0.02543847;0.2191487;3.278833;
ElbowRight;0.2095068;-0.03629796;3.051659;
ElbowLeft;-0.09095131;0.02067934;3.391269;
WristRight;0.2599017;-0.2779133;2.990548;
WristLeft;-0.2113645;-0.1698705;3.488572;
HandRight;0.2880778;-0.3730713;2.972098;
HandLeft;-0.2967536;-0.2587658;3.505104;
Spine;0.02210228;-0.04798216;3.234391;
HipCenter;0.01607891;-0.1247444;3.241585;
HipRight;0.04343676;-0.1800564;3.205202;
HipLeft;-0.01899593;-0.167778;3.280633;
KneeRight;-0.158482;-0.6320626;3.205175;
KneeLeft;-0.1355857;-0.6482711;3.206583;
AnkleRight;-0.1551802;-1.028643;3.190508;
AnkleLeft;-0.1602773;-1.034483;3.201144;
FootRight;-0.2432502;-1.083767;3.228347;
FootLeft;-0.2242365;-1.076948;3.143254;
Head;-0.07845415;0.4805295;3.220473;
ShoulderCenter;0.006092348;0.3317682;3.237763;
ShoulderRight;0.07753326;0.1892402;3.123643;
ShoulderLeft;-0.05745258;0.2208676;3.281479;
ElbowRight;0.1726618;-0.0360952;3.053909;
ElbowLeft;-0.1351534;0.03022137;3.393346;
WristRight;0.2304582;-0.2296709;3.002092;
WristLeft;-0.2588873;-0.1535977;3.491666;
HandRight;0.260638;-0.3114423;2.98799;
HandLeft;-0.3105505;-0.1795824;3.461419;
Spine;0.008578851;-0.05128723;3.226445;
HipCenter;0.004646487;-0.1283787;3.229125;
HipRight;0.0357608;-0.1800187;3.198308;
HipLeft;-0.03146186;-0.1658905;3.253052;
KneeRight;0.1241578;-0.6925616;3.316454;
KneeLeft;-0.1694171;-0.7297802;3.217192;
AnkleRight;0.2076685;-0.9917546;3.242144;
AnkleLeft;-0.2739271;-1.045742;3.221219;
FootRight;0.1436408;-1.033909;3.186027;
FootLeft;-0.3379548;-1.087896;3.165101;
Head;-0.09277812;0.4789478;3.225482;
ShoulderCenter;-0.02918843;0.3242829;3.234815;
ShoulderRight;0.03503127;0.1798617;3.12235;
ShoulderLeft;-0.12286;0.1817929;3.243497;
ElbowRight;0.1315813;-0.04612336;3.056894;
ElbowLeft;-0.2013267;0.01284325;3.381421;
WristRight;0.1990311;-0.2394316;2.998697;
WristLeft;-0.3272795;-0.1675268;3.483801;
HandRight;0.236387;-0.3227445;2.987093;
HandLeft;-0.4220031;-0.2376929;3.493463;
Spine;-0.05666903;-0.06419051;3.242988;
HipCenter;-0.06760669;-0.1408987;3.239358;
HipRight;-0.03553629;-0.1813646;3.219006;
HipLeft;-0.1052179;-0.1801933;3.25822;
KneeRight;0.1109297;-0.6871374;3.315834;
KneeLeft;-0.2216437;-0.7364538;3.215446;
AnkleRight;0.2086134;-0.9918764;3.241958;
AnkleLeft;-0.3757119;-1.032663;3.230161;
FootRight;0.1570079;-1.033046;3.173402;
FootLeft;-0.4273174;-1.073832;3.161605;
Head;-0.1482721;0.4806019;3.222957;
ShoulderCenter;-0.07640379;0.315284;3.226191;
ShoulderRight;-0.01585978;0.1765103;3.128602;
ShoulderLeft;-0.1633403;0.2265877;3.284693;
ElbowRight;0.09390756;-0.04934011;3.060401;
ElbowLeft;-0.2269531;0.02829149;3.404261;
WristRight;0.1626104;-0.2883237;2.99253;
WristLeft;-0.3682523;-0.1571826;3.492663;
HandRight;0.204845;-0.3716754;2.982502;
HandLeft;-0.4675014;-0.2394533;3.504139;
Spine;-0.06871818;-0.06253677;3.229679;
HipCenter;-0.0781258;-0.1385029;3.225815;
HipRight;-0.04717295;-0.1866394;3.201275;
HipLeft;-0.1135889;-0.1724926;3.245387;
KneeRight;0.08474001;-0.7228886;3.310372;
KneeLeft;-0.1945644;-0.6318691;3.239267;
AnkleRight;0.2078932;-0.9941837;3.242538;
AnkleLeft;-0.3775235;-0.9907508;3.225737;
FootRight;0.1424146;-1.039691;3.179063;
FootLeft;-0.47943;-1.042026;3.252632;
Head;-0.1604432;0.4800782;3.220798;
ShoulderCenter;-0.1191361;0.3110933;3.218035;
ShoulderRight;-0.05017434;0.1703633;3.121141;
ShoulderLeft;-0.2100599;0.2162452;3.310571;
ElbowRight;0.05497363;-0.05265057;3.050919;
ElbowLeft;-0.2794653;0.01736854;3.419019;
WristRight;0.1168484;-0.2921847;2.998932;
WristLeft;-0.4141531;-0.1749737;3.492157;
HandRight;0.1634747;-0.4086471;2.981397;
HandLeft;-0.4748357;-0.2049883;3.493438;
Spine;-0.08155575;-0.07047465;3.227374;
HipCenter;-0.08560495;-0.1462777;3.225008;
HipRight;-0.05285478;-0.2022001;3.196187;
HipLeft;-0.1195686;-0.1818822;3.249493;
KneeRight;0.07596277;-0.7201697;3.31262;
KneeLeft;-0.2884431;-0.6469213;3.220673;
AnkleRight;0.204128;-0.9958315;3.248871;
AnkleLeft;-0.404764;-1.001315;3.231706;
FootRight;0.1872452;-1.073124;3.276188;
FootLeft;-0.5001347;-1.05526;3.260293;
Head;-0.2384292;0.45939;3.237127;
ShoulderCenter;-0.1601961;0.305251;3.230452;
ShoulderRight;-0.08681489;0.168803;3.123774;
ShoulderLeft;-0.2461987;0.2109886;3.322784;
ElbowRight;-0.007001586;-0.06437595;3.056192;
ElbowLeft;-0.306841;0.00763151;3.427811;
WristRight;0.03206698;-0.2733459;3.008301;
WristLeft;-0.446689;-0.1756092;3.510456;
HandRight;0.06400947;-0.360091;2.999231;
HandLeft;-0.5446501;-0.2604949;3.537272;
Spine;-0.1798633;-0.07698142;3.242666;
HipCenter;-0.1916998;-0.1527133;3.241308;
HipRight;-0.1586297;-0.2031244;3.222735;
HipLeft;-0.2298735;-0.1843527;3.259214;
KneeRight;0.03607075;-0.7663975;3.315793;
KneeLeft;-0.3427488;-0.637957;3.231472;
AnkleRight;0.1988597;-1.007779;3.254038;
AnkleLeft;-0.4115327;-0.9988101;3.236374;
FootRight;0.2072809;-1.081335;3.28279;
FootLeft;-0.4491877;-1.060654;3.269016;
Head;-0.2696023;0.4657297;3.228719;
ShoulderCenter;-0.1999911;0.3051675;3.227473;
ShoulderRight;-0.1449525;0.1700553;3.127357;
ShoulderLeft;-0.2961293;0.1810835;3.275589;
ElbowRight;-0.0654877;-0.06485316;3.064503;
ElbowLeft;-0.3628187;-0.00773555;3.399313;
WristRight;-0.0274162;-0.3052781;2.991337;
WristLeft;-0.4718187;-0.1959729;3.510005;
HandRight;-0.0154719;-0.4258645;2.968937;
HandLeft;-0.5651492;-0.2939143;3.538647;
Spine;-0.2006947;-0.09473903;3.2259;
HipCenter;-0.2115336;-0.1755635;3.21826;
HipRight;-0.1737902;-0.2125491;3.208882;
HipLeft;-0.2487562;-0.2116126;3.224574;
KneeRight;-0.01635071;-0.7624084;3.33585;
KneeLeft;-0.3624679;-0.6451206;3.247952;
AnkleRight;0.177884;-1.011858;3.275158;
AnkleLeft;-0.4292874;-0.994513;3.245471;
FootRight;0.1947246;-1.086577;3.297822;
FootLeft;-0.4878074;-1.035669;3.184542;
Head;-0.2873541;0.4609949;3.220709;
ShoulderCenter;-0.2442928;0.3050814;3.235284;
ShoulderRight;-0.1736938;0.1690998;3.130968;
ShoulderLeft;-0.3314794;0.1777159;3.237772;
ElbowRight;-0.1151797;-0.0839376;3.057429;
ElbowLeft;-0.4181339;0.003414616;3.332229;
WristRight;-0.08434848;-0.3404093;2.98992;
WristLeft;-0.5038979;-0.1946505;3.470241;
HandRight;-0.07881486;-0.4353696;2.992381;
HandLeft;-0.549625;-0.2675748;3.510802;
Spine;-0.2558642;-0.09917159;3.221798;
HipCenter;-0.2666751;-0.1784964;3.208988;
HipRight;-0.2346699;-0.2160096;3.193875;
HipLeft;-0.3016111;-0.2119973;3.218158;
KneeRight;-0.08953696;-0.7543777;3.346763;
KneeLeft;-0.4226664;-0.6428736;3.231331;
AnkleRight;0.122889;-0.9596531;3.274425;
AnkleLeft;-0.4391734;-0.9850178;3.239601;
FootRight;0.1057705;-1.059096;3.314562;
FootLeft;-0.4861416;-1.025096;3.168152;
Head;-0.3547429;0.4808338;3.216739;
ShoulderCenter;-0.2673412;0.3139546;3.228098;
ShoulderRight;-0.2190418;0.1747695;3.120483;
ShoulderLeft;-0.3515909;0.1860949;3.230726;
ElbowRight;-0.1725655;-0.07834519;3.048043;
ElbowLeft;-0.4335755;0.00652276;3.374795;
WristRight;-0.1673203;-0.336681;2.995302;
WristLeft;-0.5155382;-0.217586;3.467444;
HandRight;-0.1508215;-0.4299444;2.990971;
HandLeft;-0.5587359;-0.2687064;3.488217;
Spine;-0.3097688;-0.0939268;3.209308;
HipCenter;-0.3291368;-0.1730533;3.193942;
HipRight;-0.3017825;-0.2163332;3.165601;
HipLeft;-0.3650723;-0.20953;3.214962;
KneeRight;-0.1442608;-0.7526313;3.342755;
KneeLeft;-0.3651069;-0.6523635;3.293994;
AnkleRight;0.07883269;-0.9369162;3.277356;
AnkleLeft;-0.4541493;-0.9758645;3.233831;
FootRight;0.05466463;-1.036983;3.317993;
FootLeft;-0.454878;-1.053193;3.261222;
Head;-0.3731161;0.4902472;3.208785;
ShoulderCenter;-0.3258696;0.3281342;3.228965;
ShoulderRight;-0.2595147;0.1860626;3.130291;
ShoulderLeft;-0.4242632;0.218456;3.338548;
ElbowRight;-0.2232923;-0.08105636;3.056702;
ElbowLeft;-0.4910381;-0.0003172308;3.46145;
WristRight;-0.2515927;-0.3389146;3.009043;
WristLeft;-0.5507997;-0.2656198;3.477097;
HandRight;-0.2981067;-0.3914229;3.013613;
HandLeft;-0.5812237;-0.3289026;3.480446;
Spine;-0.3646108;-0.04110377;3.225808;
HipCenter;-0.3879078;-0.111977;3.21579;
HipRight;-0.3601778;-0.1654777;3.177941;
HipLeft;-0.4302196;-0.1619226;3.247295;
KneeRight;-0.4743033;-0.6452296;3.239308;
KneeLeft;-0.3890814;-0.6559652;3.292922;
AnkleRight;-0.1298176;-0.8421305;3.265565;
AnkleLeft;-0.461825;-0.9715581;3.231495;
FootRight;-0.1970644;-0.882247;3.209491;
FootLeft;-0.4565838;-1.052442;3.258231;
Head;-0.453368;0.4747555;3.235279;
ShoulderCenter;-0.362491;0.3262582;3.22492;
ShoulderRight;-0.3060268;0.1981438;3.133729;
ShoulderLeft;-0.4608845;0.2165801;3.334503;
ElbowRight;-0.3050034;-0.06775737;3.0612;
ElbowLeft;-0.35294;0.04586101;3.491923;
WristRight;-0.3799173;-0.330759;3.039493;
WristLeft;-0.3466205;-0.2192642;3.545297;
HandRight;-0.3778841;-0.4199435;3.020962;
HandLeft;-0.3761863;-0.283106;3.545295;
Spine;-0.4063718;-0.04767475;3.252313;
HipCenter;-0.4298646;-0.1202799;3.248825;
HipRight;-0.40032;-0.1608752;3.233152;
HipLeft;-0.4660565;-0.1599306;3.26435;
KneeRight;-0.4736269;-0.6410406;3.235803;
KneeLeft;-0.4535638;-0.6555705;3.316625;
AnkleRight;-0.1554621;-0.8824942;3.277673;
AnkleLeft;-0.4627801;-0.972275;3.230788;
FootRight;-0.1285854;-0.9791364;3.32543;
FootLeft;-0.457402;-1.052725;3.258305;
Head;-0.4734176;0.4934788;3.19993;
ShoulderCenter;-0.4033093;0.3333423;3.234967;
ShoulderRight;-0.3522653;0.1953124;3.13582;
ShoulderLeft;-0.5017028;0.2236642;3.34455;
ElbowRight;-0.3560623;-0.06963718;3.063661;
ElbowLeft;-0.3896816;0.05575822;3.498063;
WristRight;-0.4411399;-0.2803297;3.065253;
WristLeft;-0.379403;-0.2062461;3.552299;
HandRight;-0.482693;-0.3649233;3.058438;
HandLeft;-0.4087537;-0.2696233;3.552298;
Spine;-0.4596761;-0.04867441;3.274721;
HipCenter;-0.486545;-0.1228852;3.273923;
HipRight;-0.461332;-0.1614895;3.260211;
HipLeft;-0.5251298;-0.1608018;3.291703;
KneeRight;-0.4772459;-0.640387;3.236565;
KneeLeft;-0.3875603;-0.7276382;3.376845;
AnkleRight;-0.4756163;-0.9349175;3.220443;
AnkleLeft;-0.4642693;-0.9852755;3.2288;
FootRight;-0.5466413;-0.9763159;3.167459;
FootLeft;-0.4572197;-1.061135;3.262068;
Head;-0.5155753;0.5057523;3.20351;
ShoulderCenter;-0.4447815;0.3484624;3.236657;
ShoulderRight;-0.3716137;0.2022792;3.140546;
ShoulderLeft;-0.543175;0.2387842;3.34624;
ElbowRight;-0.4037402;-0.05493519;3.06697;
ElbowLeft;-0.4338347;0.06702839;3.493967;
WristRight;-0.530238;-0.2912651;3.067967;
WristLeft;-0.417611;-0.1906787;3.553558;
HandRight;-0.5866281;-0.3655653;3.061062;
HandLeft;-0.4466624;-0.2534097;3.553557;
Spine;-0.4780987;-0.04528445;3.271518;
HipCenter;-0.5018137;-0.1217368;3.269142;
HipRight;-0.4711527;-0.1623578;3.259051;
HipLeft;-0.5449106;-0.1569663;3.280953;
KneeRight;-0.4873196;-0.6548576;3.235181;
KneeLeft;-0.4051356;-0.7281559;3.371881;
AnkleRight;-0.4481782;-0.9394835;3.258125;
AnkleLeft;-0.4214529;-1.033736;3.305671;
FootRight;-0.4857975;-1.046824;3.260238;
FootLeft;-0.4696589;-1.06091;3.242362;
Head;-0.5361283;0.5165725;3.20074;
ShoulderCenter;-0.477423;0.3492743;3.243013;
ShoulderRight;-0.4221473;0.2068338;3.13884;
ShoulderLeft;-0.5758164;0.2395962;3.352596;
ElbowRight;-0.4494154;-0.04460166;3.067238;
ElbowLeft;-0.4473154;0.08758505;3.517362;
WristRight;-0.6061314;-0.2638343;3.060299;
WristLeft;-0.4540918;-0.1850568;3.549546;
HandRight;-0.6680855;-0.3328316;3.057295;
HandLeft;-0.4829096;-0.2472835;3.549545;
Spine;-0.5167075;-0.05082009;3.266907;
HipCenter;-0.5403417;-0.1287499;3.263005;
HipRight;-0.5040209;-0.1607502;3.254313;
HipLeft;-0.5854441;-0.1721661;3.272418;
KneeRight;-0.4985897;-0.6641658;3.232761;
KneeLeft;-0.6903217;-0.6300974;3.39358;
AnkleRight;-0.4383101;-1.000654;3.256156;
AnkleLeft;-0.4896279;-0.978726;3.365137;
FootRight;-0.4994502;-1.08217;3.259479;
FootLeft;-0.5453236;-1.074767;3.400997;
Head;-0.5981463;0.4975662;3.215511;
ShoulderCenter;-0.51784;0.3471408;3.236428;
ShoulderRight;-0.4616857;0.2077458;3.140209;
ShoulderLeft;-0.6149519;0.2307732;3.29131;
ElbowRight;-0.4978766;-0.02222084;3.05858;
ElbowLeft;-0.499861;0.08765192;3.479781;
WristRight;-0.6844866;-0.2352273;3.053285;
WristLeft;-0.502015;-0.1873553;3.533978;
HandRight;-0.7548112;-0.3128248;3.063783;
HandLeft;-0.5309378;-0.2498087;3.533976;
Spine;-0.4629032;-0.03506683;3.289716;
HipCenter;-0.4654233;-0.114302;3.28978;
HipRight;-0.4243131;-0.1352318;3.275498;
HipLeft;-0.4977943;-0.1645413;3.310256;
KneeRight;-0.5074651;-0.6694738;3.228922;
KneeLeft;-0.7030763;-0.6654098;3.387988;
AnkleRight;-0.4497548;-1.011576;3.255426;
AnkleLeft;-0.5736585;-1.04321;3.347031;
FootRight;-0.501254;-1.082362;3.258189;
FootLeft;-0.6023957;-1.115331;3.379033;
Head;-0.6125038;0.4998338;3.213081;
ShoulderCenter;-0.5550842;0.3447579;3.232351;
ShoulderRight;-0.4942269;0.2088355;3.144389;
ShoulderLeft;-0.6452273;0.2287993;3.288185;
ElbowRight;-0.5478375;-0.02728803;3.058542;
ElbowLeft;-0.4671078;0.02310301;3.353693;
WristRight;-0.7555373;-0.2242855;3.071263;
WristLeft;-0.4781888;-0.2641067;3.346475;
HandRight;-0.8368191;-0.2894665;3.097332;
HandLeft;-0.5071531;-0.3266497;3.346474;
Spine;-0.582368;-0.06047003;3.253448;
HipCenter;-0.5992021;-0.1403481;3.247901;
HipRight;-0.5661792;-0.1604352;3.24714;
HipLeft;-0.6376973;-0.1893533;3.248987;
KneeRight;-0.5207217;-0.6737247;3.225589;
KneeLeft;-0.7465262;-0.6647877;3.400501;
AnkleRight;-0.4520559;-1.013603;3.251512;
AnkleLeft;-0.6662501;-1.026785;3.374253;
FootRight;-0.4797825;-1.093086;3.248343;
FootLeft;-0.7268986;-1.069917;3.308805;
Head;-0.6864455;0.4864932;3.239103;
ShoulderCenter;-0.601359;0.3477362;3.241138;
ShoulderRight;-0.5314438;0.2121451;3.146772;
ShoulderLeft;-0.695627;0.2316799;3.296954;
ElbowRight;-0.574019;-0.01353849;3.05856;
ElbowLeft;-0.5231838;0.04133962;3.395324;
WristRight;-0.79599;-0.1911336;3.075861;
WristLeft;-0.5182089;-0.2435125;3.406325;
HandRight;-0.9080207;-0.259316;3.097831;
HandLeft;-0.5467654;-0.305175;3.406323;
Spine;-0.6131757;-0.03231998;3.26138;
HipCenter;-0.6286488;-0.1058443;3.257265;
HipRight;-0.5998911;-0.1542143;3.21574;
HipLeft;-0.6654078;-0.1694766;3.301195;
KneeRight;-0.5448018;-0.6778697;3.227433;
KneeLeft;-0.8038985;-0.6684311;3.415995;
AnkleRight;-0.45261;-1.014864;3.250795;
AnkleLeft;-0.7919823;-1.003838;3.384811;
FootRight;-0.4793481;-1.093309;3.25192;
FootLeft;-0.845232;-1.064574;3.423732;
Head;-0.71076;0.4905882;3.236667;
ShoulderCenter;-0.6331396;0.3499233;3.246705;
ShoulderRight;-0.5797335;0.2092347;3.15332;
ShoulderLeft;-0.7252334;0.2337221;3.302137;
ElbowRight;-0.6545782;-0.04216769;3.06527;
ElbowLeft;-0.5558085;0.0434186;3.402068;
WristRight;-0.8798399;-0.1906461;3.073415;
WristLeft;-0.5474609;-0.2399441;3.416225;
HandRight;-0.9636469;-0.2220355;3.089715;
HandLeft;-0.5757153;-0.3009541;3.416224;
Spine;-0.6462719;-0.03090348;3.266091;
HipCenter;-0.6593099;-0.1060925;3.261703;
HipRight;-0.6302481;-0.1571882;3.215125;
HipLeft;-0.6955485;-0.173163;3.309012;
KneeRight;-0.5595515;-0.6740468;3.226592;
KneeLeft;-0.8322509;-0.6730461;3.414317;
AnkleRight;-0.4540963;-1.015269;3.250912;
AnkleLeft;-0.8967276;-1.004521;3.427035;
FootRight;-0.4858142;-1.092173;3.251645;
FootLeft;-0.9722081;-1.070721;3.477912;
Head;-0.7644008;0.4668773;3.222519;
ShoulderCenter;-0.6801621;0.3302657;3.226162;
ShoulderRight;-0.6147328;0.199494;3.134787;
ShoulderLeft;-0.7730553;0.2141208;3.281724;
ElbowRight;-0.6802939;-0.03571757;3.05355;
ElbowLeft;-0.5979462;0.0404654;3.395484;
WristRight;-0.9232944;-0.1814094;3.062296;
WristLeft;-0.5849742;-0.2413273;3.416358;
HandRight;-0.9734971;-0.2191403;3.086697;
HandLeft;-0.6132873;-0.3024641;3.416356;
Spine;-0.6818182;-0.04734119;3.251623;
HipCenter;-0.6924559;-0.1228671;3.249082;
HipRight;-0.6602255;-0.1678657;3.207668;
HipLeft;-0.7253637;-0.1886096;3.293339;
KneeRight;-0.5725464;-0.6811277;3.216922;
KneeLeft;-0.8626326;-0.6705408;3.390758;
AnkleRight;-0.4574866;-1.027477;3.241926;
AnkleLeft;-0.984403;-0.996466;3.409389;
FootRight;-0.4889532;-1.103435;3.245159;
FootLeft;-1.042631;-1.040281;3.345668;
Head;-0.7759254;0.4775885;3.214739;
ShoulderCenter;-0.7202296;0.3303786;3.227695;
ShoulderRight;-0.6560993;0.1935264;3.135846;
ShoulderLeft;-0.8131228;0.2142337;3.283257;
ElbowRight;-0.744023;-0.05502324;3.050288;
ElbowLeft;-0.65873;0.02751413;3.403522;
WristRight;-0.943214;-0.182701;3.06896;
WristLeft;-0.6371307;-0.2512452;3.438484;
HandRight;-1.000794;-0.2125759;3.087779;
HandLeft;-0.6655147;-0.3125352;3.438483;
Spine;-0.7310153;-0.03284973;3.255787;
HipCenter;-0.7413576;-0.105353;3.25508;
HipRight;-0.7147222;-0.1733091;3.203715;
HipLeft;-0.7731603;-0.1742774;3.310574;
KneeRight;-0.5888528;-0.6834213;3.212646;
KneeLeft;-0.8958507;-0.6696052;3.3913;
AnkleRight;-0.4603288;-1.025134;3.239485;
AnkleLeft;-1.054788;-1.000578;3.43279;
FootRight;-0.4792948;-1.105976;3.240492;
FootLeft;-1.147299;-1.050434;3.472524;
Head;-0.8316807;0.473851;3.227336;
ShoulderCenter;-0.7622371;0.3254184;3.235672;
ShoulderRight;-0.6927685;0.1859913;3.143321;
ShoulderLeft;-0.8551304;0.2092736;3.291234;
ElbowRight;-0.7803821;-0.06278811;3.052344;
ElbowLeft;-0.6936172;0.03443567;3.416338;
WristRight;-1.008418;-0.1837678;3.073188;
WristLeft;-0.6701916;-0.2428984;3.452759;
HandRight;-1.091206;-0.2179196;3.087469;
HandLeft;-0.6983597;-0.3037221;3.452758;
Spine;-0.7807812;-0.0438032;3.268234;
HipCenter;-0.7919056;-0.1174179;3.269194;
HipRight;-0.7675754;-0.1866557;3.224425;
HipLeft;-0.823947;-0.1775287;3.319453;
KneeRight;-0.636419;-0.6709841;3.211207;
KneeLeft;-0.9522731;-0.6693343;3.399507;
AnkleRight;-0.4725952;-1.007476;3.231079;
AnkleLeft;-1.06343;-0.9990046;3.43909;
FootRight;-0.5308489;-1.051455;3.165976;
FootLeft;-1.161622;-1.044462;3.469796;
Head;-0.8662777;0.4658089;3.211443;
ShoulderCenter;-0.8030229;0.3146594;3.249992;
ShoulderRight;-0.7400484;0.1650668;3.14163;
ShoulderLeft;-0.8959161;0.1985146;3.305554;
ElbowRight;-0.8292426;-0.07958068;3.061672;
ElbowLeft;-0.7242299;0.02159329;3.41523;
WristRight;-1.040998;-0.1980238;3.07087;
WristLeft;-0.7067127;-0.257656;3.438406;
HandRight;-1.120961;-0.2338807;3.094793;
HandLeft;-0.7349289;-0.3185832;3.438405;
Spine;-0.8072007;-0.05352704;3.272335;
HipCenter;-0.8174855;-0.1271812;3.272419;
HipRight;-0.7896357;-0.1958137;3.227577;
HipLeft;-0.8492692;-0.1826886;3.320196;
KneeRight;-0.6902093;-0.6739568;3.225973;
KneeLeft;-0.9975805;-0.6755877;3.415916;
AnkleRight;-0.4779415;-1.017827;3.234994;
AnkleLeft;-1.068664;-0.9964063;3.442315;
FootRight;-0.4718131;-1.102011;3.239375;
FootLeft;-1.163429;-1.050544;3.476445;
Head;-0.9147336;0.4516746;3.207018;
ShoulderCenter;-0.8511847;0.3058305;3.229695;
ShoulderRight;-0.7933146;0.1648461;3.145428;
ShoulderLeft;-0.9440779;0.1896857;3.285257;
ElbowRight;-0.8420967;-0.08045144;3.062263;
ElbowLeft;-0.7914845;0.006770968;3.408412;
WristRight;-1.082373;-0.2244918;3.080615;
WristLeft;-0.7668402;-0.2690673;3.447569;
HandRight;-1.160019;-0.2625296;3.111703;
HandLeft;-0.7951226;-0.3301378;3.447567;
Spine;-0.8676491;-0.07902405;3.26668;
HipCenter;-0.8782918;-0.1560053;3.269619;
HipRight;-0.8493716;-0.2056338;3.231761;
HipLeft;-0.9134107;-0.2119872;3.313365;
KneeRight;-0.6972302;-0.6781528;3.223209;
KneeLeft;-1.028758;-0.6729947;3.415284;
AnkleRight;-0.4837652;-1.019626;3.234046;
AnkleLeft;-1.079698;-0.9943385;3.442337;
FootRight;-0.5116335;-1.097165;3.250484;
FootLeft;-1.152481;-1.066317;3.463474;
Head;-0.8766178;0.4754053;3.242196;
ShoulderCenter;-0.8794059;0.3125935;3.23856;
ShoulderRight;-0.8178899;0.1747789;3.157083;
ShoulderLeft;-0.9722992;0.1964487;3.294122;
ElbowRight;-0.8713064;-0.06326438;3.066735;
ElbowLeft;-0.8179622;0.01934786;3.42001;
WristRight;-1.092597;-0.2338351;3.08035;
WristLeft;-0.8008483;-0.2568132;3.453548;
HandRight;-1.160725;-0.2894907;3.102009;
HandLeft;-0.8289891;-0.3175779;3.453547;
Spine;-0.909881;-0.06296422;3.287338;
HipCenter;-0.921244;-0.1383498;3.293015;
HipRight;-0.8977491;-0.1966267;3.251871;
HipLeft;-0.9539591;-0.203619;3.344463;
KneeRight;-0.781397;-0.6485503;3.221598;
KneeLeft;-1.075958;-0.6811806;3.42659;
AnkleRight;-0.5347705;-0.9730828;3.238338;
AnkleLeft;-1.09983;-0.9939725;3.444984;
FootRight;-0.5923104;-1.017804;3.172585;
FootLeft;-1.152591;-1.065335;3.462794;
Head;-1.007799;0.4657844;3.243211;
ShoulderCenter;-0.93664;0.3224514;3.253844;
ShoulderRight;-0.8717763;0.1806477;3.161917;
ShoulderLeft;-1.029533;0.2063065;3.309406;
ElbowRight;-0.9059457;-0.07693313;3.083343;
ElbowLeft;-0.8856148;0.03324167;3.448447;
WristRight;-1.110694;-0.2673889;3.088052;
WristLeft;-0.8693266;-0.2409224;3.490088;
HandRight;-1.18354;-0.3361009;3.113333;
HandLeft;-0.8588158;-0.3986191;3.528235;
Spine;-0.9133018;-0.05709206;3.276506;
HipCenter;-0.919528;-0.1310638;3.276345;
HipRight;-0.879137;-0.1835085;3.204067;
HipLeft;-0.9531394;-0.2066729;3.337092;
KneeRight;-0.8667066;-0.6454275;3.237855;
KneeLeft;-1.094095;-0.6830623;3.425198;
AnkleRight;-0.5898093;-0.9487666;3.243493;
AnkleLeft;-1.119182;-0.9952241;3.454155;
FootRight;-0.6482176;-0.9942048;3.180711;
FootLeft;-1.17759;-1.040662;3.391373;
Head;-1.047721;0.4613616;3.259094;
ShoulderCenter;-0.9744772;0.2589636;3.25558;
ShoulderRight;-0.9050459;0.1817652;3.166466;
ShoulderLeft;-1.06737;0.1428187;3.311142;
ElbowRight;-0.9317212;-0.06260026;3.088959;
ElbowLeft;-0.8901676;-0.01925416;3.432594;
WristRight;-1.118339;-0.2747095;3.088009;
WristLeft;-0.9068968;-0.3011858;3.433452;
HandRight;-1.165289;-0.3522923;3.097944;
HandLeft;-0.9017054;-0.3947814;3.456621;
Spine;-0.9568018;-0.09319035;3.266662;
HipCenter;-0.9587824;-0.1637715;3.266131;
HipRight;-0.919869;-0.1992754;3.219792;
HipLeft;-0.9919437;-0.2411045;3.310883;
KneeRight;-0.9444412;-0.6472541;3.244337;
KneeLeft;-1.13536;-0.6989124;3.413432;
AnkleRight;-0.6351765;-0.9210335;3.226316;
AnkleLeft;-1.128213;-1.009356;3.453588;
FootRight;-0.6016198;-1.026878;3.246338;
FootLeft;-1.204686;-1.092164;3.458543;
Head;-1.071895;0.4795801;3.253355;
ShoulderCenter;-1.019809;0.3287649;3.271436;
ShoulderRight;-0.9473443;0.1859267;3.169445;
ShoulderLeft;-1.112702;0.21262;3.326998;
ElbowRight;-0.9755948;-0.08497631;3.103355;
ElbowLeft;-0.9548293;0.01126689;3.419262;
WristRight;-1.124048;-0.2949787;3.088688;
WristLeft;-0.9501002;-0.270261;3.430497;
HandRight;-1.163825;-0.3771467;3.098388;
HandLeft;-0.9432219;-0.4066038;3.458009;
Spine;-0.9885431;-0.04925444;3.270364;
HipCenter;-0.9885514;-0.1256689;3.26656;
HipRight;-0.9378067;-0.1915514;3.211443;
HipLeft;-1.021468;-0.199509;3.320423;
KneeRight;-1.035682;-0.6282126;3.255832;
KneeLeft;-1.161642;-0.7335544;3.38293;
AnkleRight;-0.7229853;-0.8988097;3.230228;
AnkleLeft;-1.129353;-1.019756;3.457253;
FootRight;-0.7829129;-0.9440854;3.166673;
FootLeft;-1.179202;-1.086652;3.451419;
Head;-1.12443;0.4728903;3.262925;
ShoulderCenter;-1.04;0.3304081;3.267458;
ShoulderRight;-0.9874185;0.1854126;3.177699;
ShoulderLeft;-1.132894;0.2142632;3.32302;
ElbowRight;-0.9939894;-0.08559349;3.106632;
ElbowLeft;-0.9946064;0.002842993;3.431912;
WristRight;-1.113778;-0.3078485;3.089313;
WristLeft;-0.9905552;-0.2823124;3.452791;
HandRight;-1.141673;-0.3956032;3.084977;
HandLeft;-0.9836755;-0.4288671;3.483375;
Spine;-1.090303;-0.05376099;3.323202;
HipCenter;-1.104324;-0.1305936;3.332038;
HipRight;-1.076815;-0.1869112;3.29579;
HipLeft;-1.14428;-0.1825633;3.380604;
KneeRight;-1.106398;-0.6434119;3.286348;
KneeLeft;-1.079185;-0.6106711;3.442212;
AnkleRight;-0.7999064;-0.9244533;3.254283;
AnkleLeft;-1.132945;-1.007578;3.455606;
FootRight;-0.8043143;-1.032645;3.284949;
FootLeft;-1.19416;-1.051353;3.39305;
Head;-1.171585;0.4812272;3.264825;
ShoulderCenter;-1.095641;0.3345308;3.27424;
ShoulderRight;-1.03592;0.1939415;3.180038;
ShoulderLeft;-1.188534;0.2183859;3.329802;
ElbowRight;-1.019367;-0.08780663;3.114831;
ElbowLeft;-1.032114;0.02340338;3.44219;
WristRight;-1.110728;-0.3363125;3.096996;
WristLeft;-1.032984;-0.2618814;3.456291;
HandRight;-1.136654;-0.405765;3.090004;
HandLeft;-1.027165;-0.3844715;3.482926;
Spine;-1.102051;-0.0475642;3.308401;
HipCenter;-1.113085;-0.1231352;3.311934;
HipRight;-1.084392;-0.1844401;3.255301;
HipLeft;-1.149857;-0.1803312;3.368726;
KneeRight;-1.179843;-0.6512998;3.310157;
KneeLeft;-1.109737;-0.6124438;3.438883;
AnkleRight;-0.8762383;-0.93822;3.261686;
AnkleLeft;-1.133618;-1.010089;3.456455;
FootRight;-0.9033513;-1.037892;3.2699;
FootLeft;-1.193684;-1.054506;3.394502;
Head;-1.226723;0.4877993;3.273159;
ShoulderCenter;-1.146245;0.3407322;3.27852;
ShoulderRight;-1.063423;0.2040844;3.187261;
ShoulderLeft;-1.239138;0.2245874;3.334082;
ElbowRight;-1.039888;-0.07831459;3.108456;
ElbowLeft;-1.02027;0.04760833;3.371495;
WristRight;-1.110093;-0.3386587;3.099261;
WristLeft;-1.046024;-0.2365937;3.351199;
HandRight;-1.115744;-0.4138898;3.087114;
HandLeft;-1.040078;-0.3174637;3.373687;
Spine;-1.165133;-0.04447123;3.322726;
HipCenter;-1.173495;-0.1216767;3.32959;
HipRight;-1.144244;-0.1802499;3.285244;
HipLeft;-1.209923;-0.1849028;3.383631;
KneeRight;-1.234524;-0.6701178;3.34687;
KneeLeft;-1.156956;-0.6643546;3.436605;
AnkleRight;-0.9884409;-0.9885021;3.306333;
AnkleLeft;-1.158712;-1.053753;3.425048;
FootRight;-1.031014;-1.065449;3.311399;
FootLeft;-1.213724;-1.098721;3.358471;
Head;-1.278911;0.4751664;3.296806;
ShoulderCenter;-1.169575;0.3412107;3.283336;
ShoulderRight;-1.11535;0.1984312;3.188482;
ShoulderLeft;-1.262468;0.2250659;3.338899;
ElbowRight;-1.068164;-0.07579088;3.113042;
ElbowLeft;-1.038041;0.1156857;3.414232;
WristRight;-1.109804;-0.3379717;3.100131;
WristLeft;-1.091068;-0.1464636;3.385747;
HandRight;-1.106912;-0.4078814;3.089152;
HandLeft;-1.085121;-0.2273336;3.408235;
Spine;-1.187357;-0.03893295;3.316605;
HipCenter;-1.19665;-0.1147195;3.321516;
HipRight;-1.172443;-0.1907573;3.266217;
HipLeft;-1.231815;-0.1801076;3.381063;
KneeRight;-1.31131;-0.7068567;3.35268;
KneeLeft;-1.175636;-0.679978;3.448051;
AnkleRight;-1.103233;-1.020508;3.32223;
AnkleLeft;-1.155289;-1.036685;3.309737;
FootRight;-1.181476;-1.092334;3.356317;
FootLeft;-1.187162;-1.111907;3.32085;
Head;-1.331147;0.4763308;3.289776;
ShoulderCenter;-1.225228;0.342934;3.293969;
ShoulderRight;-1.140865;0.2014254;3.19195;
ShoulderLeft;-1.318121;0.2267892;3.349531;
ElbowRight;-1.086767;-0.07204844;3.115116;
ElbowLeft;-1.099763;0.04223171;3.382112;
WristRight;-1.093345;-0.2866214;3.076675;
WristLeft;-1.117287;-0.2494809;3.363483;
HandRight;-1.098647;-0.3789399;3.083012;
HandLeft;-1.111366;-0.3307739;3.385964;
Spine;-1.241231;-0.03847927;3.318305;
HipCenter;-1.248691;-0.1146862;3.321866;
HipRight;-1.208244;-0.1825662;3.26829;
HipLeft;-1.290002;-0.1808686;3.379045;
KneeRight;-1.422815;-0.6458176;3.335482;
KneeLeft;-1.206339;-0.6993152;3.464926;
AnkleRight;-1.231569;-1.015485;3.373421;
AnkleLeft;-1.132652;-1.04627;3.453885;
FootRight;-1.306607;-1.09216;3.352644;
FootLeft;-1.164394;-1.121182;3.464953;
Head;-1.365475;0.4888127;3.291432;
ShoulderCenter;-1.270746;0.3462373;3.297483;
ShoulderRight;-1.199845;0.2027229;3.205982;
ShoulderLeft;-1.363639;0.2300924;3.353045;
ElbowRight;-1.121611;-0.05446347;3.116629;
ElbowLeft;-1.136994;0.05348149;3.388692;
WristRight;-1.094675;-0.2722723;3.078978;
WristLeft;-1.144708;-0.2407276;3.372935;
HandRight;-1.100945;-0.3649589;3.08687;
HandLeft;-1.138845;-0.3247828;3.395407;
Spine;-1.25481;-0.04211855;3.312739;
HipCenter;-1.258568;-0.1192413;3.315835;
HipRight;-1.21726;-0.1779744;3.266126;
HipLeft;-1.30095;-0.1856964;3.364629;
KneeRight;-1.473775;-0.6703512;3.351965;
KneeLeft;-1.303612;-0.6601213;3.430546;
AnkleRight;-1.367605;-1.040255;3.351247;
AnkleLeft;-1.147341;-1.031316;3.445278;
FootRight;-1.464524;-1.074635;3.322916;
FootLeft;-1.250324;-1.047585;3.405421;
Head;-1.420288;0.4591049;3.290211;
ShoulderCenter;-1.299686;0.33924;3.303596;
ShoulderRight;-1.232828;0.1943568;3.203368;
ShoulderLeft;-1.392579;0.2230951;3.359159;
ElbowRight;-1.150283;-0.07468424;3.128174;
ElbowLeft;-1.169158;0.04784702;3.414142;
WristRight;-1.105075;-0.2856146;3.077971;
WristLeft;-1.403394;-0.1105688;3.486842;
HandRight;-1.115213;-0.3778261;3.088187;
HandLeft;-1.46307;-0.1428055;3.499413;
Spine;-1.280609;-0.04985212;3.307604;
HipCenter;-1.281054;-0.1272042;3.308033;
HipRight;-1.245859;-0.1861713;3.25365;
HipLeft;-1.312499;-0.190762;3.35972;
KneeRight;-1.529781;-0.6574241;3.357296;
KneeLeft;-1.241499;-0.6646172;3.466587;
AnkleRight;-1.515624;-1.061709;3.355256;
AnkleLeft;-1.150118;-1.022455;3.44328;
FootRight;-1.607565;-1.116996;3.384413;
FootLeft;-1.179556;-1.090593;3.408025;
Head;-1.478352;0.4424769;3.304488;
ShoulderCenter;-1.341175;0.3333088;3.302819;
ShoulderRight;-1.284224;0.1858649;3.203624;
ShoulderLeft;-1.434069;0.2171639;3.358381;
ElbowRight;-1.203429;-0.06998702;3.143144;
ElbowLeft;-1.187848;0.09118446;3.427613;
WristRight;-1.136737;-0.3423439;3.08585;
WristLeft;-1.422769;-0.07401558;3.487098;
HandRight;-1.105798;-0.4032041;3.075088;
HandLeft;-1.484033;-0.1005729;3.469254;
Spine;-1.318543;-0.05515907;3.305863;
HipCenter;-1.318888;-0.1329375;3.305625;
HipRight;-1.278412;-0.1896981;3.252463;
HipLeft;-1.3529;-0.1968528;3.355748;
KneeRight;-1.539106;-0.6408157;3.356276;
KneeLeft;-1.280865;-0.6683132;3.466736;
AnkleRight;-1.588876;-1.026519;3.340673;
AnkleLeft;-1.170018;-1.020568;3.441714;
FootRight;-1.673818;-1.092764;3.366787;
FootLeft;-1.189914;-1.094624;3.412876;
Head;-1.521152;0.4567057;3.305191;
ShoulderCenter;-1.396053;0.3320209;3.302566;
ShoulderRight;-1.325908;0.1807588;3.20504;
ShoulderLeft;-1.488947;0.215876;3.358128;
ElbowRight;-1.252761;-0.07909127;3.14573;
ElbowLeft;-1.330258;-0.003112957;3.208668;
WristRight;-1.152838;-0.3449965;3.097119;
WristLeft;-1.527154;-0.1217796;3.381434;
HandRight;-1.119311;-0.4269022;3.09983;
HandLeft;-1.576123;-0.1496926;3.341807;
Spine;-1.337451;-0.05376251;3.310093;
HipCenter;-1.332212;-0.1317691;3.309658;
HipRight;-1.287572;-0.1882751;3.253538;
HipLeft;-1.364265;-0.2001359;3.363643;
KneeRight;-1.56334;-0.6426862;3.353993;
KneeLeft;-1.3142;-0.6779824;3.468245;
AnkleRight;-1.6593;-1.032902;3.335365;
AnkleLeft;-1.172122;-1.019735;3.440572;
FootRight;-1.73856;-1.095456;3.380523;
FootLeft;-1.191368;-1.094191;3.412827;
Head;-1.569146;0.4553245;3.305316;
ShoulderCenter;-1.448697;0.3266704;3.308937;
ShoulderRight;-1.368444;0.181615;3.212727;
ShoulderLeft;-1.54159;0.2105255;3.364499;
ElbowRight;-1.295743;-0.06892135;3.142844;
ElbowLeft;-1.382332;-0.005323619;3.210242;
WristRight;-1.213614;-0.3517542;3.106328;
WristLeft;-1.575573;-0.1268018;3.385026;
HandRight;-1.150037;-0.4098721;3.085122;
HandLeft;-1.63617;-0.1582965;3.376477;
Spine;-1.414447;-0.04265289;3.315809;
HipCenter;-1.412157;-0.1168036;3.315537;
HipRight;-1.368268;-0.1772127;3.256404;
HipLeft;-1.444918;-0.1914625;3.372317;
KneeRight;-1.62223;-0.6441807;3.347953;
KneeLeft;-1.372966;-0.6754326;3.46528;
AnkleRight;-1.678232;-1.040541;3.343004;
AnkleLeft;-1.193917;-1.014704;3.435544;
FootRight;-1.75735;-1.102982;3.388082;
FootLeft;-1.212047;-1.090045;3.409954;
Head;-1.5828;0.4608594;3.298722;
ShoulderCenter;-1.477348;0.3216915;3.310027;
ShoulderRight;-1.399759;0.1796905;3.208166;
ShoulderLeft;-1.570241;0.2055466;3.365589;
ElbowRight;-1.332771;-0.08724131;3.148594;
ElbowLeft;-1.424952;-0.02674973;3.226602;
WristRight;-1.260164;-0.3725949;3.126085;
WristLeft;-1.628061;-0.147701;3.38964;
HandRight;-1.20107;-0.4282283;3.102735;
HandLeft;-1.684957;-0.1745826;3.362909;
Spine;-1.45803;-0.06221557;3.316316;
HipCenter;-1.458397;-0.1392747;3.315721;
HipRight;-1.420616;-0.1968481;3.262717;
HipLeft;-1.485564;-0.2049472;3.366736;
KneeRight;-1.649265;-0.602816;3.320595;
KneeLeft;-1.413894;-0.6992587;3.494836;
AnkleRight;-1.699277;-1.021621;3.348791;
AnkleLeft;-1.202623;-1.017377;3.446304;
FootRight;-1.769082;-1.095894;3.389972;
FootLeft;-1.25988;-1.061253;3.383578;
Head;-1.627857;0.4559071;3.296435;
ShoulderCenter;-1.512298;0.3239549;3.308548;
ShoulderRight;-1.445096;0.1718435;3.204437;
ShoulderLeft;-1.605192;0.20781;3.36411;
ElbowRight;-1.375807;-0.0876219;3.137406;
ElbowLeft;-1.484722;-0.0503366;3.257423;
WristRight;-1.347061;-0.3487045;3.13072;
WristLeft;-1.68753;-0.1781473;3.415868;
HandRight;-1.338618;-0.4160778;3.13573;
HandLeft;-1.868954;-0.280519;3.543389;
Spine;-1.49921;-0.06008812;3.320325;
HipCenter;-1.502468;-0.1369684;3.321279;
HipRight;-1.461328;-0.1977042;3.270167;
HipLeft;-1.541254;-0.1956882;3.372066;
KneeRight;-1.69866;-0.6574604;3.324302;
KneeLeft;-1.589667;-0.6698769;3.423274;
AnkleRight;-1.856085;-0.9624227;3.341575;
AnkleLeft;-1.287604;-0.9662158;3.456865;
FootRight;-1.91578;-1.006289;3.281111;
FootLeft;-1.347299;-1.010082;3.3964;
Head;-1.66209;0.4548783;3.293114;
ShoulderCenter;-1.543281;0.3247422;3.305568;
ShoulderRight;-1.485592;0.1829918;3.206838;
ShoulderLeft;-1.636174;0.2085973;3.36113;
ElbowRight;-1.441074;-0.09609864;3.163032;
ElbowLeft;-1.590335;-0.03785586;3.290751;
WristRight;-1.426909;-0.3587299;3.153708;
WristLeft;-1.776697;-0.1756587;3.459429;
HandRight;-1.418448;-0.4262442;3.158727;
HandLeft;-1.888703;-0.2918551;3.564087;
Spine;-1.537564;-0.0565905;3.310872;
HipCenter;-1.541271;-0.1327493;3.310363;
HipRight;-1.511773;-0.187025;3.256495;
HipLeft;-1.569707;-0.1934744;3.362142;
KneeRight;-1.69978;-0.6556002;3.323288;
KneeLeft;-1.654908;-0.6705649;3.410107;
AnkleRight;-1.743338;-1.072737;3.377759;
AnkleLeft;-1.339761;-0.9544811;3.451873;
FootRight;-1.822164;-1.134947;3.42267;
FootLeft;-1.400363;-0.9975772;3.391707;
Head;-1.722449;0.4641865;3.295;
ShoulderCenter;-1.592045;0.3411934;3.299839;
ShoulderRight;-1.523321;0.1952332;3.212211;
ShoulderLeft;-1.684938;0.2250485;3.355401;
ElbowRight;-1.494146;-0.07245649;3.149945;
ElbowLeft;-1.540725;0.02904452;3.157631;
WristRight;-1.524633;-0.3642047;3.179758;
WristLeft;-1.512888;-0.2661583;3.151971;
HandRight;-1.532853;-0.4701262;3.171385;
HandLeft;-1.481617;-0.3239624;3.169483;
Spine;-1.583769;-0.04226179;3.310194;
HipCenter;-1.586725;-0.1189544;3.310544;
HipRight;-1.547119;-0.1691907;3.263741;
HipLeft;-1.623641;-0.1813439;3.35565;
KneeRight;-1.701522;-0.6557396;3.32313;
KneeLeft;-1.659444;-0.6732829;3.410081;
AnkleRight;-1.720763;-1.050531;3.347787;
AnkleLeft;-1.352673;-0.9671189;3.455415;
FootRight;-1.799618;-1.112764;3.392714;
FootLeft;-1.327923;-1.04385;3.466154;
Head;-1.705768;0.5015519;3.292598;
ShoulderCenter;-1.61641;0.3447329;3.296124;
ShoulderRight;-1.548336;0.2063199;3.212974;
ShoulderLeft;-1.709303;0.228588;3.351686;
ElbowRight;-1.537149;-0.07524048;3.146467;
ElbowLeft;-1.56438;0.03161931;3.153106;
WristRight;-1.599156;-0.3471376;3.136117;
WristLeft;-1.536803;-0.2650567;3.148057;
HandRight;-1.588021;-0.4216448;3.131515;
HandLeft;-1.505666;-0.3226123;3.165494;
Spine;-1.608748;-0.03443591;3.310587;
HipCenter;-1.611465;-0.1102552;3.312272;
HipRight;-1.572041;-0.1627263;3.264469;
HipLeft;-1.649682;-0.1720839;3.360504;
KneeRight;-1.70273;-0.6553946;3.325117;
KneeLeft;-1.701703;-0.6579439;3.402315;
AnkleRight;-1.717481;-1.054224;3.34929;
AnkleLeft;-1.425904;-0.9807842;3.455753;
FootRight;-1.796366;-1.11648;3.394234;
FootLeft;-1.481057;-1.024558;3.390904;
Head;-1.690079;0.5238808;3.28851;
ShoulderCenter;-1.649993;0.3498501;3.299509;
ShoulderRight;-1.582619;0.2094018;3.204315;
ShoulderLeft;-1.625782;0.2175623;3.160592;
ElbowRight;-1.582875;-0.06837729;3.13924;
ElbowLeft;-1.531945;0.02810396;3.075406;
WristRight;-1.66246;-0.3389894;3.150787;
WristLeft;-1.559576;-0.2598388;3.125262;
HandRight;-1.673366;-0.4054057;3.144303;
HandLeft;-1.528488;-0.317306;3.142672;
Spine;-1.647922;-0.04893091;3.323493;
HipCenter;-1.644253;-0.1296923;3.328081;
HipRight;-1.637109;-0.1682874;3.293342;
HipLeft;-1.651108;-0.1719367;3.362107;
KneeRight;-1.705933;-0.656955;3.330226;
KneeLeft;-1.727283;-0.6575925;3.407248;
AnkleRight;-1.717966;-1.06011;3.355617;
AnkleLeft;-1.489297;-0.9933237;3.458127;
FootRight;-1.656631;-1.102662;3.295636;
FootLeft;-1.427963;-1.035875;3.398145;
Head;-1.704594;0.5266454;3.289141;
ShoulderCenter;-1.660507;0.35374;3.301434;
ShoulderRight;-1.597547;0.2135105;3.210924;
ShoulderLeft;-1.613852;0.2274054;3.171968;
ElbowRight;-1.624533;-0.06057313;3.152486;
ElbowLeft;-1.642658;0.01283145;3.116004;
WristRight;-1.71172;-0.3323347;3.214146;
WristLeft;-1.619652;-0.2787877;3.142371;
HandRight;-1.722615;-0.3986802;3.207669;
HandLeft;-1.588597;-0.3361938;3.159763;
Spine;-1.626128;-0.05213989;3.35216;
HipCenter;-1.607215;-0.1342648;3.368299;
HipRight;-1.604803;-0.1690634;3.342531;
HipLeft;-1.602626;-0.1526479;3.399509;
KneeRight;-1.713349;-0.6622469;3.338821;
KneeLeft;-1.644179;-0.5707048;3.481101;
AnkleRight;-1.656133;-1.043711;3.423996;
AnkleLeft;-1.505136;-0.9824754;3.468878;
FootRight;-1.575055;-1.083529;3.392305;
FootLeft;-1.424058;-1.022293;3.437186;
Head;-1.762527;0.5068572;3.295398;
ShoulderCenter;-1.676884;0.3520804;3.314441;
ShoulderRight;-1.620876;0.1971971;3.202316;
ShoulderLeft;-1.617179;0.2269925;3.184783;
ElbowRight;-1.640883;-0.01988973;3.180872;
ElbowLeft;-1.650631;-0.03841411;3.138933;
WristRight;-1.72243;-0.226829;3.229022;
WristLeft;-1.637253;-0.3318098;3.153205;
HandRight;-1.733339;-0.2932597;3.222536;
HandLeft;-1.606157;-0.3892896;3.170619;
Spine;-1.651618;-0.05184633;3.347473;
HipCenter;-1.646995;-0.1320128;3.358743;
HipRight;-1.648894;-0.1818492;3.312951;
HipLeft;-1.645661;-0.1698438;3.406346;
KneeRight;-1.715438;-0.6628031;3.338639;
KneeLeft;-1.695084;-0.5944112;3.44903;
AnkleRight;-1.680012;-1.050416;3.39079;
AnkleLeft;-1.562221;-1.009222;3.443586;
FootRight;-1.759064;-1.112805;3.43583;
FootLeft;-1.479642;-1.048635;3.472392;
Head;-1.736105;0.3724611;3.229582;
ShoulderCenter;-1.693626;0.3292633;3.365178;
ShoulderRight;-1.629319;0.18964;3.428487;
ShoulderLeft;-1.662502;0.03904127;3.272021;
ElbowRight;-1.674912;-0.01653695;3.230223;
ElbowLeft;-1.737688;-0.1044404;3.099423;
WristRight;-1.756852;-0.2277435;3.278501;
WristLeft;-1.683129;-0.3720337;3.193348;
HandRight;-1.767781;-0.294297;3.272004;
HandLeft;-1.651976;-0.4296197;3.210795;
Spine;-1.680455;-0.1305779;3.408955;
HipCenter;-1.671735;-0.2224087;3.419777;
HipRight;-1.663654;-0.2613662;3.471882;
HipLeft;-1.675922;-0.2815948;3.374845;
KneeRight;-1.719963;-0.6621091;3.336842;
KneeLeft;-1.701032;-0.7072316;3.519089;
AnkleRight;-1.778287;-1.077195;3.183731;
AnkleLeft;-1.559234;-1.14994;3.515162;
FootRight;-1.695978;-1.135047;3.159113;
FootLeft;-1.634883;-1.118182;3.440967;
Head;-1.726458;0.3339796;3.371845;
ShoulderCenter;-1.66041;0.1280846;3.384392;
ShoulderRight;-1.596103;-0.01153867;3.447702;
ShoulderLeft;-1.661148;0.02602144;3.286547;
ElbowRight;-1.695227;-0.01475826;3.227739;
ElbowLeft;-1.757854;-0.1663029;3.277162;
WristRight;-1.72933;-0.3021271;3.25488;
WristLeft;-1.711756;-0.4536177;3.290887;
HandRight;-1.727642;-0.3695355;3.254039;
HandLeft;-1.680751;-0.5109297;3.30825;
Spine;-1.708322;-0.1680291;3.508025;
HipCenter;-1.712499;-0.2290209;3.533643;
HipRight;-1.693938;-0.2718617;3.637075;
HipLeft;-1.749872;-0.3151453;3.478961;
KneeRight;-1.738407;-0.6636086;3.345042;
KneeLeft;-1.732322;-0.7154388;3.606342;
AnkleRight;-1.774427;-0.9809245;3.092049;
AnkleLeft;-1.590523;-1.158147;3.602442;
FootRight;-1.703216;-1.035433;3.058146;
FootLeft;-1.649933;-1.131596;3.51344;
Head;-1.728139;0.2750424;3.39216;
ShoulderCenter;-1.702636;0.121468;3.493816;
ShoulderRight;-1.63833;-0.0181553;3.557126;
ShoulderLeft;-1.696824;-0.005976881;3.342362;
ElbowRight;-1.719903;-0.05356298;3.302187;
ElbowLeft;-1.743618;-0.2163934;3.314786;
WristRight;-1.741191;-0.2775411;3.313313;
WristLeft;-1.735439;-0.3694725;3.548628;
HandRight;-1.738394;-0.3570246;3.268635;
HandLeft;-1.704439;-0.4267764;3.565989;
Spine;-1.749733;-0.1436766;3.579623;
HipCenter;-1.753295;-0.1981083;3.598593;
HipRight;-1.743917;-0.2684001;3.727067;
HipLeft;-1.793449;-0.3219643;3.525113;
KneeRight;-1.74407;-0.6639771;3.350046;
KneeLeft;-1.790487;-0.7261463;3.717241;
AnkleRight;-1.744165;-0.9130426;3.093658;
AnkleLeft;-1.648689;-1.168854;3.713356;
FootRight;-1.666466;-0.9645879;3.071602;
FootLeft;-1.708491;-1.142398;3.624671;
Head;-1.749628;0.2464231;3.444093;
ShoulderCenter;-1.737098;0.0259682;3.39362;
ShoulderRight;-1.672791;-0.1136551;3.456929;
ShoulderLeft;-1.761544;-0.09826705;3.394901;
ElbowRight;-1.800706;-0.009891361;3.291332;
ElbowLeft;-1.78303;-0.3114369;3.353955;
WristRight;-1.772672;-0.2738785;3.355533;
WristLeft;-1.769957;-0.4040217;3.614643;
HandRight;-1.775348;-0.3610306;3.328379;
HandLeft;-1.738923;-0.4613891;3.632023;
Spine;-1.785341;-0.2558898;3.651748;
HipCenter;-1.792729;-0.3162713;3.702627;
HipRight;-1.768914;-0.3365515;3.714531;
HipLeft;-1.821544;-0.3267573;3.717221;
KneeRight;-1.764643;-0.6897295;3.368891;
KneeLeft;-1.831063;-0.757723;3.8076;
AnkleRight;-1.761206;-0.9738513;3.074329;
AnkleLeft;-1.689265;-1.200431;3.803731;
FootRight;-1.732358;-1.048014;3.021201;
FootLeft;-1.748983;-1.174012;3.715169;
Head;-1.779706;0.2291633;3.528692;
ShoulderCenter;-1.790277;0.02046837;3.566415;
ShoulderRight;-1.72597;-0.1191549;3.629725;
ShoulderLeft;-1.814722;-0.1037669;3.567696;
ElbowRight;-1.853384;-0.01579747;3.464697;
ElbowLeft;-1.790704;-0.2047057;3.352823;
WristRight;-1.825851;-0.2793783;3.528374;
WristLeft;-1.769457;-0.2737874;3.618678;
HandRight;-1.828529;-0.3666182;3.501193;
HandLeft;-1.738391;-0.3312127;3.636076;
Spine;-1.846795;-0.2770992;3.741556;
HipCenter;-1.855615;-0.3393607;3.775828;
HipRight;-1.83068;-0.3699652;3.778677;
HipLeft;-1.887363;-0.3462755;3.79333;
KneeRight;-1.768664;-0.7390808;3.357395;
KneeLeft;-1.905347;-0.7497866;3.895719;
AnkleRight;-1.732544;-0.9540671;3.092378;
AnkleLeft;-1.763549;-1.192495;3.89188;
FootRight;-1.696923;-1.019474;3.032489;
FootLeft;-1.823198;-1.166106;3.803421;
Head;-1.808782;0.04514564;3.551627;
ShoulderCenter;-1.819353;-0.1635493;3.589351;
ShoulderRight;-1.755046;-0.3031726;3.65266;
ShoulderLeft;-1.843798;-0.2877845;3.590632;
ElbowRight;-1.882446;-0.1998268;3.487648;
ElbowLeft;-1.834377;-0.09732646;3.466062;
WristRight;-1.808207;-0.3533759;3.683301;
WristLeft;-1.808905;-0.2464888;3.698317;
HandRight;-1.810888;-0.4407001;3.656094;
HandLeft;-1.777809;-0.3039694;3.715731;
Spine;-1.80877;-0.5576502;3.588116;
HipCenter;-1.802468;-0.6360947;3.585454;
HipRight;-1.779426;-0.6241983;3.588642;
HipLeft;-1.824064;-0.6884701;3.580712;
KneeRight;-1.760145;-0.8667361;3.144574;
KneeLeft;-1.859977;-1.586035;3.57372;
AnkleRight;-1.745352;-1.052814;2.786863;
AnkleLeft;-1.718179;-2.028743;3.569881;
FootRight;-1.694522;-1.093343;2.716461;
FootLeft;-1.667349;-2.069272;3.499479;
Head;-1.817925;0.1275671;3.596917;
ShoulderCenter;-1.828496;-0.0811278;3.634814;
ShoulderRight;-1.764189;-0.2207511;3.698123;
ShoulderLeft;-1.852941;-0.205363;3.636095;
ElbowRight;-1.891101;-0.1178007;3.533751;
ElbowLeft;-1.890247;-0.02350996;3.50392;
WristRight;-1.81735;-0.2709544;3.728939;
WristLeft;-1.852766;-0.1675569;3.736446;
HandRight;-1.820034;-0.3583615;3.701706;
HandLeft;-1.821641;-0.2250922;3.753877;
Spine;-1.902373;-0.2476131;3.71004;
HipCenter;-1.914219;-0.2839691;3.723599;
HipRight;-1.867934;-0.3248783;3.692087;
HipLeft;-1.981242;-0.2921325;3.773162;
KneeRight;-1.7861;-0.7558219;3.422415;
KneeLeft;-1.942057;-0.6431047;3.818431;
AnkleRight;-1.753212;-1.07563;3.413493;
AnkleLeft;-1.800259;-1.085813;3.814707;
FootRight;-1.846566;-1.107766;3.46216;
FootLeft;-1.859999;-1.059384;3.726113;
