Floor;-0.01929818;0.9998135;0.0006181673;1.074502;
Head;1.323565;0.4669417;3.198357;
ShoulderCenter;1.392638;0.3152787;3.183918;
ShoulderRight;1.423234;0.1910949;3.054643;
ShoulderLeft;1.331441;0.164563;3.286702;
ElbowRight;1.39534;-0.026173;2.941354;
ElbowLeft;1.321639;-0.06499862;3.205268;
WristRight;1.180937;-0.1731045;2.994718;
WristLeft;1.129353;-0.1883655;3.04476;
HandRight;1.108178;-0.2025483;3.013582;
HandLeft;1.093438;-0.2338785;3.030657;
Spine;1.361506;-0.1088511;3.162189;
HipCenter;1.35528;-0.193677;3.160588;
HipRight;1.372372;-0.2362293;3.113524;
HipLeft;1.331065;-0.2481687;3.201062;
KneeRight;1.4614;-0.5987923;3.03692;
KneeLeft;1.232611;-0.6201757;3.247059;
AnkleRight;1.597672;-1.048822;2.940173;
AnkleLeft;1.141423;-0.9618465;3.18102;
FootRight;1.541586;-1.063326;2.852347;
FootLeft;1.061342;-1.018675;3.218792;
Head;1.285761;0.4534462;3.243405;
ShoulderCenter;1.370975;0.310761;3.20378;
ShoulderRight;1.380524;0.1920091;3.074342;
ShoulderLeft;1.28787;0.1292659;3.31478;
ElbowRight;1.366563;-0.00245833;2.964332;
ElbowLeft;1.285515;-0.0644459;3.190323;
WristRight;1.179484;-0.1742491;2.998987;
WristLeft;1.111062;-0.1975741;3.036788;
HandRight;1.102159;-0.2159959;3.016525;
HandLeft;1.070667;-0.2437726;3.013882;
Spine;1.31787;-0.1111631;3.192811;
HipCenter;1.307775;-0.1952192;3.193688;
HipRight;1.322982;-0.2278035;3.151046;
HipLeft;1.282643;-0.2560669;3.231222;
KneeRight;1.447085;-0.6372428;3.039968;
KneeLeft;1.18903;-0.627292;3.265578;
AnkleRight;1.592407;-1.046481;2.937339;
AnkleLeft;1.134354;-0.9608173;3.185869;
FootRight;1.534862;-1.061123;2.845413;
FootLeft;1.052991;-1.00094;3.157131;
Head;1.261079;0.4581867;3.247123;
ShoulderCenter;1.321395;0.3134157;3.229234;
ShoulderRight;1.348288;0.1984822;3.097638;
ShoulderLeft;1.237711;0.1429458;3.30868;
ElbowRight;1.342759;0.008426891;2.97919;
ElbowLeft;1.195881;-0.1224502;3.240333;
WristRight;1.182481;-0.1768722;3.003536;
WristLeft;1.109868;-0.2141013;3.026539;
HandRight;1.107034;-0.2294436;3.007427;
HandLeft;1.021856;-0.2820826;2.994895;
Spine;1.272036;-0.1289218;3.215838;
HipCenter;1.262164;-0.2173893;3.216637;
HipRight;1.280881;-0.2504937;3.176894;
HipLeft;1.233223;-0.275907;3.25175;
KneeRight;1.377538;-0.6313967;3.059713;
KneeLeft;1.161193;-0.6407347;3.281115;
AnkleRight;1.6121;-0.9605318;3.000554;
AnkleLeft;1.128935;-0.9640833;3.187888;
FootRight;1.594822;-1.050662;3.011211;
FootLeft;1.056766;-1.04912;3.22826;
Head;1.207264;0.4851825;3.25228;
ShoulderCenter;1.299575;0.3264889;3.236075;
ShoulderRight;1.322927;0.2036527;3.108302;
ShoulderLeft;1.215606;0.1396068;3.316125;
ElbowRight;1.300321;-0.02492802;3.015469;
ElbowLeft;1.175691;-0.04510503;3.23923;
WristRight;1.149456;-0.2228491;3.013894;
WristLeft;1.106971;-0.09703747;3.031192;
HandRight;1.080539;-0.2849984;3.016711;
HandLeft;1.077699;-0.1841666;3.018094;
Spine;1.22554;-0.04613476;3.21712;
HipCenter;1.212359;-0.1216338;3.216208;
HipRight;1.228382;-0.1550625;3.172064;
HipLeft;1.179381;-0.1853256;3.252469;
KneeRight;1.302094;-0.6140816;3.073448;
KneeLeft;1.145006;-0.6476408;3.288092;
AnkleRight;1.599751;-0.9469681;3.006695;
AnkleLeft;1.124845;-0.9703655;3.188199;
FootRight;1.592635;-1.055369;3.001578;
FootLeft;1.055512;-1.052745;3.237882;
Head;1.17405;0.4680881;3.260612;
ShoulderCenter;1.24301;0.3214577;3.248365;
ShoulderRight;1.270177;0.2022664;3.122108;
ShoulderLeft;1.170241;0.1788523;3.322014;
ElbowRight;1.290342;-0.02649663;3.02208;
ElbowLeft;1.125143;-0.0775016;3.229418;
WristRight;1.150385;-0.2254969;3.013182;
WristLeft;1.040481;-0.2510531;3.164355;
HandRight;1.090049;-0.2953829;3.011386;
HandLeft;1.048753;-0.2995894;3.08623;
Spine;1.191518;-0.06579331;3.225064;
HipCenter;1.180571;-0.1432046;3.223952;
HipRight;1.194304;-0.1833097;3.182892;
HipLeft;1.15791;-0.1920086;3.257192;
KneeRight;1.210854;-0.6183349;3.097985;
KneeLeft;1.127133;-0.646456;3.280785;
AnkleRight;1.540533;-0.9099431;3.022666;
AnkleLeft;1.122073;-0.9698126;3.188357;
FootRight;1.519548;-1.005156;2.998508;
FootLeft;1.061507;-1.052543;3.234188;
Head;1.141164;0.4837417;3.262051;
ShoulderCenter;1.213964;0.332604;3.25037;
ShoulderRight;1.24985;0.203382;3.127903;
ShoulderLeft;1.128294;0.1881547;3.310461;
ElbowRight;1.253287;-0.05242791;3.041753;
ElbowLeft;1.078799;0.001231268;3.238794;
WristRight;1.14268;-0.2647648;3.007002;
WristLeft;1.049922;-0.194964;3.229051;
HandRight;1.099659;-0.3267563;2.996898;
HandLeft;1.058183;-0.2434362;3.151029;
Spine;1.146521;-0.04160786;3.228164;
HipCenter;1.134577;-0.117043;3.227015;
HipRight;1.154741;-0.1617654;3.18282;
HipLeft;1.101645;-0.1674765;3.263304;
KneeRight;1.153731;-0.6091702;3.112445;
KneeLeft;1.099527;-0.6191794;3.212243;
AnkleRight;1.458079;-0.9100445;3.029514;
AnkleLeft;1.119799;-0.9571751;3.190416;
FootRight;1.46492;-1.019938;3.063058;
FootLeft;1.07166;-1.042939;3.222482;
Head;1.082574;0.488778;3.260243;
ShoulderCenter;1.17692;0.3352056;3.252729;
ShoulderRight;1.226862;0.2124023;3.138193;
ShoulderLeft;1.085476;0.1899856;3.34494;
ElbowRight;1.245288;-0.05023422;3.043193;
ElbowLeft;1.173024;0.03748395;3.101277;
WristRight;1.144323;-0.2663386;3.008978;
WristLeft;1.116907;-0.1547669;3.281347;
HandRight;1.127158;-0.3545871;2.991891;
HandLeft;1.104745;-0.2200779;3.29406;
Spine;1.112503;-0.03045201;3.247586;
HipCenter;1.097782;-0.1027547;3.25151;
HipRight;1.119672;-0.1486233;3.206926;
HipLeft;1.057827;-0.1594436;3.292983;
KneeRight;1.088417;-0.6135851;3.124302;
KneeLeft;1.07036;-0.6510113;3.197183;
AnkleRight;1.364681;-0.9096281;3.036658;
AnkleLeft;1.119388;-0.968231;3.212046;
FootRight;1.3381;-1.021936;3.050766;
FootLeft;1.074984;-1.04719;3.222018;
Head;1.06464;0.4918787;3.278998;
ShoulderCenter;1.143702;0.3442407;3.254346;
ShoulderRight;1.173767;0.216253;3.14139;
ShoulderLeft;1.064792;0.1913658;3.347107;
ElbowRight;1.223243;-0.04424177;3.049865;
ElbowLeft;1.013533;-0.08613804;3.273997;
WristRight;1.150401;-0.2850974;3.011078;
WristLeft;1.01818;-0.2849132;3.437693;
HandRight;1.135715;-0.3671014;2.988545;
HandLeft;0.9975188;-0.3470188;3.452456;
Spine;1.089561;-0.02616937;3.246633;
HipCenter;1.078932;-0.09995927;3.249248;
HipRight;1.095889;-0.14789;3.200106;
HipLeft;1.044146;-0.1589176;3.293197;
KneeRight;1.019376;-0.617307;3.149335;
KneeLeft;1.132195;-0.5715045;3.265227;
AnkleRight;1.271861;-0.9544268;3.066616;
AnkleLeft;1.115788;-0.9811914;3.1932;
FootRight;1.211237;-1.02941;3.095916;
FootLeft;1.162999;-1.057307;3.192892;
Head;1.040125;0.4995672;3.284142;
ShoulderCenter;1.099226;0.3526424;3.273174;
ShoulderRight;1.153671;0.2186512;3.14864;
ShoulderLeft;1.013875;0.1871742;3.342486;
ElbowRight;1.21032;-0.05169907;3.055426;
ElbowLeft;1.005582;-0.07284312;3.429086;
WristRight;1.163562;-0.29221;2.999433;
WristLeft;0.9501818;-0.2745047;3.43312;
HandRight;1.171532;-0.3718508;2.972647;
HandLeft;0.9149979;-0.3214672;3.433241;
Spine;1.064541;-0.03229731;3.241046;
HipCenter;1.054566;-0.1090295;3.238908;
HipRight;1.080151;-0.1525862;3.192689;
HipLeft;1.017595;-0.1683037;3.275718;
KneeRight;0.975283;-0.6386312;3.162886;
KneeLeft;1.120407;-0.6178705;3.302015;
AnkleRight;1.163274;-0.9653372;3.098581;
AnkleLeft;1.108808;-0.9805648;3.122524;
FootRight;1.100731;-1.034116;3.078221;
FootLeft;1.036899;-1.043537;3.200232;
Head;0.9843132;0.4955698;3.288444;
ShoulderCenter;1.072639;0.3503453;3.277092;
ShoulderRight;1.099682;0.2180981;3.156667;
ShoulderLeft;0.9893376;0.200993;3.349196;
ElbowRight;1.190535;-0.0481403;3.058487;
ElbowLeft;0.9673873;-0.06315935;3.439764;
WristRight;1.172713;-0.298378;2.985538;
WristLeft;0.8800396;-0.256406;3.457504;
HandRight;1.179977;-0.3678351;2.968163;
HandLeft;0.8376161;-0.2937694;3.438328;
Spine;1.016661;-0.04921483;3.267646;
HipCenter;1.007391;-0.1289606;3.268885;
HipRight;1.027924;-0.176038;3.221409;
HipLeft;0.9748769;-0.1849376;3.311299;
KneeRight;0.9110795;-0.6261081;3.182376;
KneeLeft;1.097736;-0.6328611;3.307524;
AnkleRight;1.054473;-0.9860232;3.09275;
AnkleLeft;0.9905803;-1.012407;3.09257;
FootRight;0.9935798;-1.053243;3.104183;
FootLeft;0.9183821;-1.075632;3.170592;
Head;0.9479887;0.5005294;3.287558;
ShoulderCenter;1.033083;0.3565807;3.288953;
ShoulderRight;1.076895;0.2186025;3.15848;
ShoulderLeft;0.9493921;0.2059866;3.351547;
ElbowRight;1.168794;-0.0523766;3.060301;
ElbowLeft;0.9303454;-0.03794735;3.459736;
WristRight;1.174224;-0.2954326;2.983733;
WristLeft;0.8204744;-0.2259382;3.438364;
HandRight;1.193161;-0.3650237;2.96714;
HandLeft;0.7754207;-0.2778703;3.432885;
Spine;0.991331;-0.03766948;3.25395;
HipCenter;0.980285;-0.1152948;3.249135;
HipRight;0.9916138;-0.1518213;3.189042;
HipLeft;0.9546412;-0.1848041;3.294916;
KneeRight;0.8622172;-0.6263403;3.187953;
KneeLeft;1.04781;-0.6490001;3.317643;
AnkleRight;1.021625;-1.011162;3.142902;
AnkleLeft;1.121601;-1.035113;3.182348;
FootRight;0.9075987;-1.05519;3.160205;
FootLeft;1.000547;-1.053662;3.197893;
Head;0.9125769;0.4902847;3.279853;
ShoulderCenter;0.9859983;0.3449989;3.272832;
ShoulderRight;1.033373;0.2166174;3.15937;
ShoulderLeft;0.8979393;0.217704;3.336289;
ElbowRight;1.139585;-0.04583079;3.058408;
ElbowLeft;0.878089;-0.04228228;3.441539;
WristRight;1.171286;-0.2821096;2.976836;
WristLeft;0.7596268;-0.2204673;3.458707;
HandRight;1.194894;-0.3622973;2.966702;
HandLeft;0.7039983;-0.2508155;3.445219;
Spine;0.9555023;-0.03307967;3.247052;
HipCenter;0.9505466;-0.109418;3.24506;
HipRight;0.9735876;-0.1437515;3.190255;
HipLeft;0.9158109;-0.1858995;3.287442;
KneeRight;0.7777395;-0.6153041;3.176686;
KneeLeft;0.9755272;-0.6594777;3.283389;
AnkleRight;0.8204054;-1.016627;3.135175;
AnkleLeft;1.107037;-0.9792914;3.17102;
FootRight;0.7477048;-1.075528;3.200456;
FootLeft;1.0561;-1.053793;3.258736;
Head;0.8606983;0.4930456;3.273818;
ShoulderCenter;0.9562554;0.3427119;3.268566;
ShoulderRight;0.9914243;0.2088743;3.159374;
ShoulderLeft;0.8520232;0.1771337;3.32403;
ElbowRight;1.109219;-0.03936241;3.051725;
ElbowLeft;0.8528287;-0.01976889;3.452837;
WristRight;1.169842;-0.2811913;2.974827;
WristLeft;0.7167404;-0.1939307;3.473227;
HandRight;1.193787;-0.3559758;2.964898;
HandLeft;0.6422443;-0.2320812;3.436573;
Spine;0.9140564;-0.0513331;3.250104;
HipCenter;0.9048779;-0.1310917;3.250239;
HipRight;0.9269701;-0.1630187;3.198257;
HipLeft;0.8758171;-0.2031482;3.294841;
KneeRight;0.7516351;-0.6183257;3.184619;
KneeLeft;1.017254;-0.6273682;3.333557;
AnkleRight;0.7205222;-1.02794;3.171874;
AnkleLeft;1.094107;-0.9510942;3.188437;
FootRight;0.618926;-1.07193;3.190943;
FootLeft;1.054331;-1.048892;3.260821;
Head;0.8413322;0.4966367;3.280318;
ShoulderCenter;0.9053165;0.3385384;3.260189;
ShoulderRight;0.9477123;0.1992773;3.15188;
ShoulderLeft;0.8223664;0.1865728;3.33603;
ElbowRight;1.08605;-0.05230668;3.049372;
ElbowLeft;0.8018942;-0.02214083;3.463451;
WristRight;1.144262;-0.2756432;2.966277;
WristLeft;0.6647435;-0.1919376;3.471709;
HandRight;1.188679;-0.3533361;2.964625;
HandLeft;0.5860902;-0.2284109;3.43799;
Spine;0.8899527;-0.04728543;3.243994;
HipCenter;0.885587;-0.1255145;3.244346;
HipRight;0.9034144;-0.1598261;3.184899;
HipLeft;0.8596116;-0.2029773;3.294246;
KneeRight;0.7186014;-0.5811223;3.176866;
KneeLeft;1.015391;-0.634478;3.333417;
AnkleRight;0.6245856;-1.017599;3.199286;
AnkleLeft;1.09514;-0.9711888;3.182537;
FootRight;0.5027254;-1.059508;3.194062;
FootLeft;1.043336;-1.059646;3.246257;
Head;0.7687289;0.4792738;3.257519;
ShoulderCenter;0.8698584;0.3299399;3.26422;
ShoulderRight;0.9151907;0.1925876;3.147156;
ShoulderLeft;0.775116;0.178767;3.343376;
ElbowRight;1.0454;-0.05684843;3.042093;
ElbowLeft;0.7692183;-0.02785755;3.45576;
WristRight;1.110088;-0.2789498;2.966401;
WristLeft;0.619344;-0.1865454;3.471378;
HandRight;1.16765;-0.3512165;2.965872;
HandLeft;0.54574;-0.2214343;3.449587;
Spine;0.8436397;-0.04155529;3.238856;
HipCenter;0.8383505;-0.1154665;3.236915;
HipRight;0.8602665;-0.1508108;3.170431;
HipLeft;0.8098655;-0.2029192;3.292201;
KneeRight;0.7332344;-0.5666497;3.167653;
KneeLeft;1.008013;-0.6496958;3.334966;
AnkleRight;0.563833;-0.9778204;3.214643;
AnkleLeft;1.092536;-0.9748166;3.18161;
FootRight;0.4479778;-1.029179;3.19232;
FootLeft;1.048648;-1.047083;3.278615;
Head;0.7458148;0.4672943;3.266135;
ShoulderCenter;0.8266408;0.3145965;3.253664;
ShoulderRight;0.8680013;0.1813132;3.137514;
ShoulderLeft;0.7254367;0.1427048;3.30329;
ElbowRight;1.002431;-0.06797277;3.04253;
ElbowLeft;0.7296866;-0.04281423;3.473896;
WristRight;1.059349;-0.2937577;2.960039;
WristLeft;0.5701245;-0.1963698;3.46604;
HandRight;1.094986;-0.362668;2.960041;
HandLeft;0.5164834;-0.2242668;3.447289;
Spine;0.7999138;-0.06589086;3.230777;
HipCenter;0.7948394;-0.1418921;3.229629;
HipRight;0.8229679;-0.1676206;3.177467;
HipLeft;0.7634169;-0.2179593;3.272582;
KneeRight;0.6423824;-0.5626476;3.208071;
KneeLeft;0.9448541;-0.5957454;3.341039;
AnkleRight;0.4987497;-0.9914144;3.204642;
AnkleLeft;1.086558;-0.9537824;3.204405;
FootRight;0.4002112;-1.050946;3.21143;
FootLeft;1.045339;-1.043194;3.286406;
Head;0.7115765;0.4670773;3.266379;
ShoulderCenter;0.784241;0.3130752;3.240186;
ShoulderRight;0.8302348;0.1792743;3.130103;
ShoulderLeft;0.6911951;0.1764982;3.290536;
ElbowRight;0.9682891;-0.08408147;3.043605;
ElbowLeft;0.6786094;-0.05326684;3.4611;
WristRight;1.022874;-0.3084309;2.958792;
WristLeft;0.5366036;-0.2253063;3.469201;
HandRight;1.038584;-0.3743826;2.94537;
HandLeft;0.4540629;-0.2659291;3.452464;
Spine;0.7507516;-0.0610141;3.240606;
HipCenter;0.7445666;-0.1358136;3.244206;
HipRight;0.7668121;-0.1768031;3.191597;
HipLeft;0.712916;-0.2085645;3.294558;
KneeRight;0.5924524;-0.6197401;3.221532;
KneeLeft;0.890433;-0.6449288;3.322671;
AnkleRight;0.4936264;-1.010898;3.207123;
AnkleLeft;1.083443;-0.9684206;3.198915;
FootRight;0.4085352;-1.053862;3.208371;
FootLeft;1.037923;-1.057195;3.28066;
Head;0.6718563;0.4673074;3.262088;
ShoulderCenter;0.7422817;0.310519;3.240944;
ShoulderRight;0.7711831;0.1683231;3.124595;
ShoulderLeft;0.6349502;0.1441096;3.273208;
ElbowRight;0.9101551;-0.09735145;3.033877;
ElbowLeft;0.6189678;-0.08150984;3.453235;
WristRight;0.9532175;-0.3135545;2.967842;
WristLeft;0.4818254;-0.251169;3.500741;
HandRight;1.024998;-0.3716857;2.948483;
HandLeft;0.4459202;-0.2546782;3.467697;
Spine;0.7127327;-0.06547458;3.236215;
HipCenter;0.7063109;-0.1407205;3.238614;
HipRight;0.7403952;-0.1787167;3.194852;
HipLeft;0.6637308;-0.2007625;3.276038;
KneeRight;0.5521736;-0.6039019;3.224352;
KneeLeft;0.8692392;-0.6390873;3.328672;
AnkleRight;0.4926348;-1.003128;3.208893;
AnkleLeft;1.077561;-0.9698477;3.19796;
FootRight;0.4115982;-1.053635;3.215362;
FootLeft;1.033147;-1.05977;3.279862;
Head;0.6190757;0.4985836;3.255766;
ShoulderCenter;0.6940348;0.3231095;3.234439;
ShoulderRight;0.7394146;0.1756667;3.125518;
ShoulderLeft;0.6091075;0.208789;3.278489;
ElbowRight;0.8444527;-0.09175904;3.032455;
ElbowLeft;0.5929939;-0.01868187;3.460215;
WristRight;0.88406;-0.3219286;2.971108;
WristLeft;0.4978496;-0.2235262;3.480728;
HandRight;0.9183748;-0.3910705;2.965856;
HandLeft;0.4384341;-0.2610859;3.463062;
Spine;0.6594429;-0.04462001;3.227766;
HipCenter;0.6525245;-0.1181659;3.229779;
HipRight;0.6760104;-0.1589596;3.186216;
HipLeft;0.6196532;-0.1771442;3.269191;
KneeRight;0.4920763;-0.6062734;3.218519;
KneeLeft;0.8028576;-0.6424489;3.329265;
AnkleRight;0.4903744;-1.001431;3.211132;
AnkleLeft;1.05382;-0.9803363;3.212387;
FootRight;0.4119532;-1.054496;3.219621;
FootLeft;0.9994226;-1.058234;3.236097;
Head;0.5970134;0.5028102;3.252207;
ShoulderCenter;0.6538963;0.3218345;3.241301;
ShoulderRight;0.7058424;0.1846244;3.129165;
ShoulderLeft;0.5532053;0.1333377;3.280749;
ElbowRight;0.7818699;-0.1028133;3.026298;
ElbowLeft;0.5335766;-0.1299289;3.410295;
WristRight;0.7963349;-0.3252509;2.962736;
WristLeft;0.4456396;-0.2993954;3.519044;
HandRight;0.8277115;-0.402634;2.967472;
HandLeft;0.4163272;-0.3558843;3.559862;
Spine;0.644209;-0.07595458;3.199309;
HipCenter;0.6421548;-0.1575075;3.192273;
HipRight;0.6767333;-0.186958;3.160693;
HipLeft;0.6061149;-0.211518;3.216039;
KneeRight;0.4693601;-0.6129058;3.194206;
KneeLeft;0.7250335;-0.6386896;3.322143;
AnkleRight;0.4862638;-1.002173;3.212778;
AnkleLeft;1.005534;-0.965924;3.240651;
FootRight;0.4432424;-1.071805;3.261647;
FootLeft;1.001384;-1.069053;3.317993;
Head;0.5324647;0.4649192;3.242089;
ShoulderCenter;0.6203032;0.3192064;3.249678;
ShoulderRight;0.6561033;0.1881891;3.121134;
ShoulderLeft;0.5251893;0.1384851;3.270376;
ElbowRight;0.7217168;-0.09692665;3.031015;
ElbowLeft;0.5057054;-0.1228402;3.398716;
WristRight;0.7160209;-0.3265855;2.965182;
WristLeft;0.4370107;-0.3215697;3.465474;
HandRight;0.7164212;-0.4046132;2.956639;
HandLeft;0.4018265;-0.3764461;3.488617;
Spine;0.592199;-0.08871631;3.204803;
HipCenter;0.5879256;-0.1701954;3.198854;
HipRight;0.6177911;-0.2179807;3.167225;
HipLeft;0.5536632;-0.2062456;3.219129;
KneeRight;0.4496881;-0.6115569;3.184977;
KneeLeft;0.7228337;-0.629697;3.315191;
AnkleRight;0.4827972;-1.005584;3.21514;
AnkleLeft;0.9569966;-0.9363224;3.261458;
FootRight;0.4383867;-1.076095;3.261678;
FootLeft;0.9511107;-1.058351;3.303284;
Head;0.5052463;0.4701428;3.239473;
ShoulderCenter;0.5804212;0.3232104;3.240716;
ShoulderRight;0.6300875;0.1894137;3.121602;
ShoulderLeft;0.4818849;0.1446191;3.256474;
ElbowRight;0.6681494;-0.08451232;3.022606;
ElbowLeft;0.4625373;-0.1148772;3.383761;
WristRight;0.642269;-0.3211651;2.984873;
WristLeft;0.4412751;-0.3172237;3.462717;
HandRight;0.62344;-0.4099096;2.982731;
HandLeft;0.4149592;-0.3788044;3.478946;
Spine;0.5477865;-0.07848732;3.245198;
HipCenter;0.5152193;-0.1533481;3.221956;
HipRight;0.5443667;-0.2067355;3.188509;
HipLeft;0.4748962;-0.1872466;3.249628;
KneeRight;0.4467226;-0.6232837;3.186511;
KneeLeft;0.6847425;-0.5932939;3.300282;
AnkleRight;0.476189;-1.025193;3.224183;
AnkleLeft;0.8871375;-0.9020684;3.274643;
FootRight;0.4087648;-1.088401;3.245941;
FootLeft;0.8170142;-0.948536;3.201155;
Head;0.4691185;0.4846985;3.224857;
ShoulderCenter;0.5470635;0.3277934;3.242641;
ShoulderRight;0.5730897;0.1891277;3.125901;
ShoulderLeft;0.4520396;0.1488446;3.258535;
ElbowRight;0.6163579;-0.08060597;3.049131;
ElbowLeft;0.4328152;-0.1090003;3.384857;
WristRight;0.5193581;-0.3130577;3.036989;
WristLeft;0.4271607;-0.317133;3.448601;
HandRight;0.5087007;-0.3750252;3.003306;
HandLeft;0.4101144;-0.3799121;3.469386;
Spine;0.5065064;-0.07150084;3.25675;
HipCenter;0.4683367;-0.145376;3.238539;
HipRight;0.4932954;-0.1960895;3.210007;
HipLeft;0.4334003;-0.175897;3.263251;
KneeRight;0.446456;-0.62571;3.187078;
KneeLeft;0.6349171;-0.6018554;3.313162;
AnkleRight;0.4767847;-1.023936;3.223244;
AnkleLeft;0.808668;-0.9078985;3.292542;
FootRight;0.4076698;-1.086316;3.232109;
FootLeft;0.8127026;-0.9964657;3.322314;
Head;0.4186996;0.4819825;3.226247;
ShoulderCenter;0.4971304;0.3344678;3.232753;
ShoulderRight;0.5400504;0.1937226;3.129324;
ShoulderLeft;0.4008167;0.155732;3.248821;
ElbowRight;0.5541583;-0.05556544;3.055705;
ElbowLeft;0.3816918;-0.1007779;3.374354;
WristRight;0.4484397;-0.2878659;3.03418;
WristLeft;0.3775021;-0.3097035;3.432571;
HandRight;0.4176139;-0.3593086;3.017429;
HandLeft;0.3594167;-0.3738075;3.44467;
Spine;0.4939419;-0.06940401;3.259231;
HipCenter;0.4646674;-0.1467572;3.239679;
HipRight;0.4911907;-0.1969211;3.211928;
HipLeft;0.4293074;-0.177068;3.264222;
KneeRight;0.4419259;-0.6280267;3.184937;
KneeLeft;0.6221522;-0.5972094;3.310638;
AnkleRight;0.4769537;-1.014544;3.220714;
AnkleLeft;0.7264014;-0.9223331;3.309553;
FootRight;0.4121544;-1.082037;3.232236;
FootLeft;0.7066831;-1.018889;3.390518;
Head;0.3896381;0.4833844;3.224678;
ShoulderCenter;0.4724511;0.3391261;3.231138;
ShoulderRight;0.5065322;0.2059333;3.132537;
ShoulderLeft;0.3761375;0.1603903;3.247206;
ElbowRight;0.4980022;-0.03733074;3.04217;
ElbowLeft;0.3568912;-0.09774677;3.373691;
WristRight;0.3703893;-0.2637118;3.044697;
WristLeft;0.3527636;-0.3081278;3.431982;
HandRight;0.3083372;-0.3305631;3.045279;
HandLeft;0.3347523;-0.371969;3.444031;
Spine;0.4473409;-0.05874566;3.282634;
HipCenter;0.4228525;-0.1378551;3.272323;
HipRight;0.4519086;-0.1654564;3.254149;
HipLeft;0.3877263;-0.1838591;3.294824;
KneeRight;0.4328025;-0.6363654;3.180181;
KneeLeft;0.2987941;-0.6017131;3.391658;
AnkleRight;0.4694504;-0.9633816;3.214258;
AnkleLeft;0.6010008;-0.9370985;3.330051;
FootRight;0.4041384;-1.012597;3.139857;
FootLeft;0.5945839;-1.04027;3.404077;
Head;0.3324092;0.4853154;3.230712;
ShoulderCenter;0.4199062;0.3472662;3.23449;
ShoulderRight;0.4786355;0.2116071;3.131505;
ShoulderLeft;0.3405193;0.2358816;3.315405;
ElbowRight;0.4550886;-0.001768321;3.04391;
ElbowLeft;0.3212112;-0.02308588;3.442507;
WristRight;0.2836283;-0.2471567;3.069075;
WristLeft;0.3171163;-0.234211;3.500899;
HandRight;0.2352536;-0.2925699;3.057171;
HandLeft;0.2991072;-0.2980445;3.512946;
Spine;0.4240684;-0.04166437;3.273558;
HipCenter;0.3970589;-0.1183804;3.265349;
HipRight;0.4273352;-0.1531683;3.224494;
HipLeft;0.3573593;-0.1688019;3.307365;
KneeRight;0.4247275;-0.6403404;3.180301;
KneeLeft;0.2834879;-0.6110751;3.390161;
AnkleRight;0.4772973;-0.9990335;3.223078;
AnkleLeft;0.5584958;-0.9432424;3.313167;
FootRight;0.4334072;-1.081383;3.236389;
FootLeft;0.5387799;-1.039787;3.394122;
Head;0.3203264;0.4853098;3.233303;
ShoulderCenter;0.3993334;0.3507151;3.249792;
ShoulderRight;0.4370344;0.217121;3.132516;
ShoulderLeft;0.3053149;0.2224049;3.295122;
ElbowRight;0.4191266;0.001485273;3.048651;
ElbowLeft;0.2859475;-0.03735654;3.422779;
WristRight;0.2180813;-0.2179731;3.090713;
WristLeft;0.2818846;-0.2491938;3.481246;
HandRight;0.1497369;-0.2754228;3.074599;
HandLeft;0.2639697;-0.3126932;3.493231;
Spine;0.3959084;-0.04175054;3.280171;
HipCenter;0.3704979;-0.118836;3.269025;
HipRight;0.4044315;-0.1535865;3.231115;
HipLeft;0.3324245;-0.1668789;3.306975;
KneeRight;0.393728;-0.6372432;3.194135;
KneeLeft;0.2343824;-0.6501049;3.398432;
AnkleRight;0.475376;-1.000036;3.225543;
AnkleLeft;0.3645866;-1.028084;3.350265;
FootRight;0.4355859;-1.083433;3.237966;
FootLeft;0.3170212;-1.076903;3.422265;
Head;0.275591;0.4857506;3.260847;
ShoulderCenter;0.3506626;0.3430765;3.254735;
ShoulderRight;0.40942;0.2153165;3.14188;
ShoulderLeft;0.2658531;0.2132975;3.292672;
ElbowRight;0.3608782;0.002217936;3.05596;
ElbowLeft;0.2464281;-0.04723769;3.420932;
WristRight;0.1488964;-0.199661;3.088926;
WristLeft;0.2423969;-0.2597696;3.479502;
HandRight;0.0762184;-0.2465913;3.083931;
HandLeft;0.2245852;-0.3229031;3.491418;
Spine;0.3432472;-0.03418114;3.289798;
HipCenter;0.3184248;-0.1084291;3.277867;
HipRight;0.354949;-0.1391804;3.247786;
HipLeft;0.2764237;-0.154906;3.309586;
KneeRight;0.387894;-0.6377919;3.19098;
KneeLeft;0.1741488;-0.6518897;3.398383;
AnkleRight;0.4752191;-1.000262;3.225588;
AnkleLeft;0.2616035;-1.015853;3.368716;
FootRight;0.4452083;-1.072198;3.311615;
FootLeft;0.2086058;-1.091092;3.456157;
Head;0.2203554;0.4862886;3.2684;
ShoulderCenter;0.316033;0.3398676;3.262736;
ShoulderRight;0.3668605;0.2140103;3.153301;
ShoulderLeft;0.2240586;0.2088806;3.301195;
ElbowRight;0.3042906;-0.002922767;3.068283;
ElbowLeft;0.2045682;-0.0525315;3.429917;
WristRight;0.07644196;-0.1957545;3.093849;
WristLeft;0.2005738;-0.2658516;3.488487;
HandRight;0.001080438;-0.2322433;3.113451;
HandLeft;0.182861;-0.3286351;3.500336;
Spine;0.3170364;-0.04869197;3.281446;
HipCenter;0.2926117;-0.1253784;3.265799;
HipRight;0.3209146;-0.1566973;3.239743;
HipLeft;0.2572836;-0.1739969;3.289284;
KneeRight;0.36956;-0.6385639;3.191829;
KneeLeft;0.1351817;-0.6402334;3.407857;
AnkleRight;0.471339;-0.9992679;3.225816;
AnkleLeft;0.1376915;-0.9887571;3.369021;
FootRight;0.4488156;-1.081614;3.262001;
FootLeft;0.08147222;-1.058861;3.391877;
Head;0.1995378;0.4784393;3.271025;
ShoulderCenter;0.2700513;0.3348126;3.277958;
ShoulderRight;0.3263028;0.2070074;3.161511;
ShoulderLeft;0.1837901;0.2043652;3.31474;
ElbowRight;0.2336206;-0.04155261;3.082025;
ElbowLeft;0.1643718;-0.05608059;3.442854;
WristRight;0.008021743;-0.1827732;3.105907;
WristLeft;0.1603369;-0.2685322;3.501373;
HandRight;-0.06500284;-0.2135562;3.119452;
HandLeft;0.1427193;-0.3309781;3.513159;
Spine;0.2735052;-0.05345158;3.288897;
HipCenter;0.2516149;-0.1291943;3.272333;
HipRight;0.2817461;-0.1571413;3.250026;
HipLeft;0.2206336;-0.1761323;3.291381;
KneeRight;0.3494073;-0.6376717;3.196303;
KneeLeft;0.1025665;-0.6519793;3.400434;
AnkleRight;0.4693136;-0.9983472;3.226649;
AnkleLeft;0.02343813;-0.9964218;3.380448;
FootRight;0.4462253;-1.082112;3.259083;
FootLeft;-0.06822831;-1.056172;3.441863;
Head;0.1428344;0.4851502;3.272424;
ShoulderCenter;0.2368938;0.3362809;3.277915;
ShoulderRight;0.288144;0.1996221;3.177632;
ShoulderLeft;0.1461246;0.2056673;3.315468;
ElbowRight;0.1813814;-0.04817422;3.086105;
ElbowLeft;0.1268122;-0.05335619;3.44268;
WristRight;-0.0167619;-0.1685226;3.096083;
WristLeft;0.1227195;-0.2645314;3.501114;
HandRight;-0.09907088;-0.191598;3.120982;
HandLeft;0.1051385;-0.3268478;3.512875;
Spine;0.2379305;-0.05565927;3.294842;
HipCenter;0.2161011;-0.1326735;3.279907;
HipRight;0.2437529;-0.1648644;3.253598;
HipLeft;0.1811725;-0.1843676;3.3053;
KneeRight;0.3237366;-0.6360987;3.200272;
KneeLeft;0.05826684;-0.6620222;3.407892;
AnkleRight;0.4673969;-0.9975021;3.225896;
AnkleLeft;-0.08717553;-1.014238;3.410507;
FootRight;0.4435876;-1.078003;3.265198;
FootLeft;-0.1857968;-1.055145;3.476292;
Head;0.1090603;0.4669279;3.280821;
ShoulderCenter;0.1976667;0.3221587;3.280361;
ShoulderRight;0.2392491;0.1874009;3.184789;
ShoulderLeft;0.1099225;0.1919358;3.317942;
ElbowRight;0.1467154;-0.04113692;3.08194;
ElbowLeft;0.09051198;-0.06840429;3.445918;
WristRight;-0.0973509;-0.1686583;3.108937;
WristLeft;0.08647273;-0.2807611;3.504395;
HandRight;-0.1607236;-0.1931767;3.118042;
HandLeft;0.06886287;-0.3431794;3.516176;
Spine;0.1960358;-0.06751259;3.294937;
HipCenter;0.1746063;-0.1435222;3.279963;
HipRight;0.2030862;-0.1690153;3.263037;
HipLeft;0.1460008;-0.1855612;3.295647;
KneeRight;0.2581908;-0.6574767;3.24325;
KneeLeft;0.0515628;-0.6529473;3.408953;
AnkleRight;0.465712;-0.9980597;3.225194;
AnkleLeft;-0.1381056;-1.017284;3.42707;
FootRight;0.4510435;-1.085872;3.250728;
FootLeft;-0.2504493;-1.059535;3.463066;
Head;0.08219561;0.4755496;3.287843;
ShoulderCenter;0.1629302;0.3222676;3.28388;
ShoulderRight;0.2098143;0.1878728;3.187594;
ShoulderLeft;0.0731495;0.1915948;3.32165;
ElbowRight;0.08635721;-0.04970503;3.080006;
ElbowLeft;0.05381999;-0.06765965;3.448988;
WristRight;-0.1282464;-0.1740426;3.108602;
WristLeft;0.04973651;-0.279042;3.507425;
HandRight;-0.1965894;-0.2054173;3.123796;
HandLeft;0.03222324;-0.3411181;3.51914;
Spine;0.1816419;-0.06572831;3.29159;
HipCenter;0.1629633;-0.1422945;3.275559;
HipRight;0.193443;-0.1687944;3.257693;
HipLeft;0.1308981;-0.1830452;3.290581;
KneeRight;0.2257462;-0.6338003;3.250172;
KneeLeft;0.01470516;-0.6337565;3.415363;
AnkleRight;0.4582887;-0.9940611;3.223741;
AnkleLeft;-0.1531917;-1.007527;3.418477;
FootRight;0.4375389;-1.079164;3.25272;
FootLeft;-0.2568823;-1.060948;3.447961;
Head;0.02383076;0.4518485;3.29207;
ShoulderCenter;0.1038072;0.3020242;3.285081;
ShoulderRight;0.1537058;0.171286;3.192881;
ShoulderLeft;0.01486159;0.1712743;3.322764;
ElbowRight;0.04595356;-0.06609101;3.093925;
ElbowLeft;-0.004370391;-0.08667172;3.449332;
WristRight;-0.1493885;-0.1824888;3.116851;
WristLeft;-0.008505473;-0.2968818;3.507715;
HandRight;-0.2321335;-0.2131843;3.12319;
HandLeft;-0.02597744;-0.3588114;3.519403;
Spine;0.1113993;-0.08044162;3.29964;
HipCenter;0.09332945;-0.1558576;3.28494;
HipRight;0.1239186;-0.1840718;3.278504;
HipLeft;0.06129992;-0.1905881;3.289484;
KneeRight;0.2231083;-0.6446183;3.236081;
KneeLeft;-0.0668597;-0.6721464;3.432327;
AnkleRight;0.454399;-0.9986787;3.222584;
AnkleLeft;-0.1519256;-1.002234;3.417034;
FootRight;0.4390312;-1.089025;3.218778;
FootLeft;-0.2497668;-1.063184;3.443394;
Head;-0.0174358;0.4466219;3.31444;
ShoulderCenter;0.07532308;0.3107508;3.287329;
ShoulderRight;0.1240365;0.1786563;3.197347;
ShoulderLeft;-0.01362249;0.180001;3.325012;
ElbowRight;0.02238748;-0.06294069;3.101783;
ElbowLeft;-0.03278422;-0.07700285;3.450956;
WristRight;-0.2075655;-0.2071132;3.116627;
WristLeft;-0.03695541;-0.2863697;3.50926;
HandRight;-0.2768675;-0.2460263;3.125246;
HandLeft;-0.05434392;-0.3480036;3.520892;
Spine;0.05571041;-0.08598433;3.326733;
HipCenter;0.03591316;-0.1651039;3.318895;
HipRight;0.0615001;-0.1953461;3.301111;
HipLeft;0.00553238;-0.208755;3.339352;
KneeRight;0.1862294;-0.6465139;3.229573;
KneeLeft;-0.1024336;-0.6711035;3.442216;
AnkleRight;0.42624;-0.9847936;3.222289;
AnkleLeft;-0.1540382;-0.9994012;3.415116;
FootRight;0.3894385;-1.065114;3.199385;
FootLeft;-0.2478555;-1.064819;3.443018;
Head;-0.07030478;0.4161652;3.324578;
ShoulderCenter;0.01496299;0.2402266;3.30521;
ShoulderRight;0.06161489;0.177389;3.21038;
ShoulderLeft;-0.07398258;0.1094767;3.342893;
ElbowRight;-0.01648802;-0.07078873;3.114594;
ElbowLeft;-0.09305732;-0.1463604;3.468139;
WristRight;-0.2172473;-0.2200951;3.117645;
WristLeft;-0.09727202;-0.354685;3.526376;
HandRight;-0.2914432;-0.2658338;3.128338;
HandLeft;-0.1146121;-0.4161472;3.537976;
Spine;0.01660944;-0.09083349;3.336388;
HipCenter;0.001056621;-0.1587058;3.329289;
HipRight;0.01974203;-0.1855873;3.316422;
HipLeft;-0.02174312;-0.2097091;3.345261;
KneeRight;0.1471113;-0.6631969;3.2359;
KneeLeft;-0.1322642;-0.6725299;3.444241;
AnkleRight;0.4014632;-0.9821959;3.225171;
AnkleLeft;-0.1680924;-1.002267;3.417078;
FootRight;0.4065892;-1.069649;3.201466;
FootLeft;-0.2451614;-1.065472;3.443412;
Head;-0.1075284;0.4502327;3.331238;
ShoulderCenter;-0.02460381;0.3139918;3.316833;
ShoulderRight;0.03875665;0.177024;3.220125;
ShoulderLeft;-0.1135494;0.183242;3.354516;
ElbowRight;-0.04569039;-0.07421786;3.127352;
ElbowLeft;-0.1325368;-0.07142322;3.479029;
WristRight;-0.2166993;-0.227241;3.117236;
WristLeft;-0.1368048;-0.2792394;3.537364;
HandRight;-0.2851107;-0.2811642;3.127409;
HandLeft;-0.1541223;-0.3406216;3.548949;
Spine;-0.02159667;-0.07033572;3.322238;
HipCenter;-0.03608426;-0.145693;3.309556;
HipRight;-0.003929472;-0.1723762;3.293179;
HipLeft;-0.0709561;-0.1920804;3.324096;
KneeRight;0.1223176;-0.7009251;3.235021;
KneeLeft;-0.17729;-0.6843721;3.447099;
AnkleRight;0.3486061;-0.9402141;3.23204;
AnkleLeft;-0.1722745;-1.01453;3.418015;
FootRight;0.2862027;-0.986616;3.15994;
FootLeft;-0.2408367;-1.067006;3.445344;
Head;-0.1527378;0.4291367;3.344114;
ShoulderCenter;-0.06862713;0.2556031;3.324209;
ShoulderRight;-0.0131213;0.1864226;3.229288;
ShoulderLeft;-0.1575727;0.1248532;3.361892;
ElbowRight;-0.07731508;-0.07429563;3.137087;
ElbowLeft;-0.1764805;-0.1287449;3.485764;
WristRight;-0.2478184;-0.275105;3.107493;
WristLeft;-0.1808281;-0.3376282;3.544729;
HandRight;-0.2944452;-0.3428266;3.122218;
HandLeft;-0.1980688;-0.3987381;3.556263;
Spine;-0.08101295;-0.07411586;3.35327;
HipCenter;-0.0979064;-0.139348;3.34705;
HipRight;-0.07435246;-0.1751811;3.329584;
HipLeft;-0.1277289;-0.1880716;3.36648;
KneeRight;-0.08748527;-0.6525109;3.285982;
KneeLeft;-0.191676;-0.6916428;3.42901;
AnkleRight;0.2663572;-0.9239966;3.236706;
AnkleLeft;-0.1752052;-1.020732;3.421436;
FootRight;0.3040975;-1.034457;3.264903;
FootLeft;-0.2422419;-1.073206;3.450896;
Head;-0.1875282;0.4656883;3.348647;
ShoulderCenter;-0.1018675;0.3297075;3.331722;
ShoulderRight;-0.04760518;0.1884748;3.231328;
ShoulderLeft;-0.1908131;0.1989576;3.369405;
ElbowRight;-0.08840379;-0.07102665;3.140172;
ElbowLeft;-0.2096688;-0.05394088;3.492806;
WristRight;-0.2431324;-0.2785626;3.115495;
WristLeft;-0.2140686;-0.2635238;3.552159;
HandRight;-0.291207;-0.3508095;3.12259;
HandLeft;-0.2312616;-0.3244646;3.563661;
Spine;-0.07933054;-0.07293735;3.342977;
HipCenter;-0.0908315;-0.1478224;3.328432;
HipRight;-0.06545061;-0.1731974;3.325108;
HipLeft;-0.1178219;-0.1952787;3.314619;
KneeRight;-0.1139598;-0.6420753;3.276908;
KneeLeft;-0.2286942;-0.7162219;3.413646;
AnkleRight;0.2138053;-0.9287909;3.239499;
AnkleLeft;-0.166445;-1.037732;3.421093;
FootRight;0.2136245;-1.034475;3.259125;
FootLeft;-0.2464558;-1.073682;3.440184;
Head;-0.2244604;0.4576344;3.327209;
ShoulderCenter;-0.131997;0.3315039;3.327603;
ShoulderRight;-0.09639344;0.193262;3.238795;
ShoulderLeft;-0.2209425;0.200754;3.365286;
ElbowRight;-0.1174575;-0.07223396;3.146907;
ElbowLeft;-0.2397334;-0.05127546;3.48816;
WristRight;-0.235369;-0.2826989;3.123699;
WristLeft;-0.244198;-0.2617274;3.548024;
HandRight;-0.275563;-0.3595923;3.121564;
HandLeft;-0.261336;-0.3224734;3.559489;
Spine;-0.1699857;-0.05803614;3.363702;
HipCenter;-0.1907986;-0.1347486;3.359748;
HipRight;-0.1642121;-0.1642389;3.354038;
HipLeft;-0.2239855;-0.1664652;3.368029;
KneeRight;-0.1951602;-0.6301343;3.290498;
KneeLeft;-0.4000187;-0.663529;3.492355;
AnkleRight;0.1267432;-0.9141536;3.241472;
AnkleLeft;-0.1878803;-1.000782;3.419651;
FootRight;0.1127017;-1.029115;3.265523;
FootLeft;-0.2206341;-1.083284;3.430907;
Head;-0.2538397;0.4661998;3.33351;
ShoulderCenter;-0.1752636;0.2648125;3.334508;
ShoulderRight;-0.1324502;0.1942767;3.238368;
ShoulderLeft;-0.2642092;0.1340626;3.372191;
ElbowRight;-0.1349354;-0.0752791;3.156319;
ElbowLeft;-0.2829284;-0.1170064;3.494486;
WristRight;-0.2359367;-0.2944692;3.126326;
WristLeft;-0.2874646;-0.3284188;3.554916;
HandRight;-0.2622009;-0.376889;3.125028;
HandLeft;-0.3045477;-0.3889701;3.566344;
Spine;-0.152814;-0.07949319;3.350423;
HipCenter;-0.1613699;-0.1534662;3.340297;
HipRight;-0.1275543;-0.1785735;3.320452;
HipLeft;-0.1852419;-0.2042074;3.353778;
KneeRight;-0.2543376;-0.6374795;3.303144;
KneeLeft;-0.171747;-0.618986;3.425288;
AnkleRight;0.03700687;-0.9363424;3.259629;
AnkleLeft;-0.188824;-1.001931;3.419146;
FootRight;-0.003443035;-1.046555;3.287257;
FootLeft;-0.2247556;-1.092952;3.473672;
Head;-0.3107303;0.5148505;3.32469;
ShoulderCenter;-0.2207643;0.3354819;3.323781;
ShoulderRight;-0.1637647;0.1981161;3.235677;
ShoulderLeft;-0.3097099;0.2047321;3.361465;
ElbowRight;-0.1561941;-0.07457618;3.15789;
ElbowLeft;-0.3283708;-0.0455543;3.483375;
WristRight;-0.2329722;-0.3042311;3.132346;
WristLeft;-0.3329653;-0.2577494;3.544312;
HandRight;-0.2544935;-0.3842545;3.125355;
HandLeft;-0.3499897;-0.3180925;3.555701;
Spine;-0.2345075;-0.05210634;3.356999;
HipCenter;-0.249596;-0.1293274;3.35265;
HipRight;-0.2182953;-0.1528475;3.333686;
HipLeft;-0.2851346;-0.1741273;3.373848;
KneeRight;-0.317031;-0.6549508;3.322656;
KneeLeft;-0.2081014;-0.6441706;3.452757;
AnkleRight;-0.09397861;-0.9785369;3.302043;
AnkleLeft;-0.1912598;-1.005772;3.400821;
FootRight;-0.1461146;-1.05151;3.306119;
FootLeft;-0.26063;-1.098738;3.436853;
Head;-0.3492801;0.536971;3.329444;
ShoulderCenter;-0.2571897;0.3544229;3.328682;
ShoulderRight;-0.1975792;0.2107274;3.242507;
ShoulderLeft;-0.3461353;0.223673;3.366365;
ElbowRight;-0.1742871;-0.07032958;3.153162;
ElbowLeft;-0.3649134;-0.02818614;3.489183;
WristRight;-0.2241255;-0.2942623;3.127882;
WristLeft;-0.4462622;-0.2885002;3.584159;
HandRight;-0.2366942;-0.3781284;3.116245;
HandLeft;-0.4632306;-0.3486447;3.59551;
Spine;-0.2957272;-0.04029588;3.37468;
HipCenter;-0.3135846;-0.1191979;3.374038;
HipRight;-0.2903446;-0.1531445;3.355739;
HipLeft;-0.3453622;-0.1621976;3.397385;
KneeRight;-0.3731518;-0.6424726;3.344608;
KneeLeft;-0.2184444;-0.6572343;3.45878;
AnkleRight;-0.1621004;-1.012755;3.305864;
AnkleLeft;-0.2284288;-1.03273;3.292246;
FootRight;-0.2666966;-1.075387;3.308664;
FootLeft;-0.2959194;-1.122827;3.339136;
Head;-0.3807197;0.4671537;3.340267;
ShoulderCenter;-0.298115;0.2793357;3.325191;
ShoulderRight;-0.230439;0.2070613;3.235498;
ShoulderLeft;-0.3870606;0.1485859;3.362874;
ElbowRight;-0.1934922;-0.07324929;3.155415;
ElbowLeft;-0.4057783;-0.1024627;3.485201;
WristRight;-0.2219856;-0.2947233;3.129006;
WristLeft;-0.5075444;-0.2644428;3.572456;
HandRight;-0.2133282;-0.3770248;3.105779;
HandLeft;-0.5416716;-0.3135724;3.593852;
Spine;-0.2957834;-0.0939342;3.332842;
HipCenter;-0.3061935;-0.1679747;3.324625;
HipRight;-0.2797478;-0.1868087;3.307918;
HipLeft;-0.3340562;-0.2276019;3.338831;
KneeRight;-0.475192;-0.6430923;3.329769;
KneeLeft;-0.2428222;-0.664552;3.459967;
AnkleRight;-0.28509;-1.038069;3.334149;
AnkleLeft;-0.1958088;-1.033888;3.405062;
FootRight;-0.3982042;-1.078938;3.352882;
FootLeft;-0.2631741;-1.123817;3.451865;
Head;-0.4164316;0.5036808;3.346385;
ShoulderCenter;-0.338745;0.3415187;3.346887;
ShoulderRight;-0.2794546;0.207478;3.244503;
ShoulderLeft;-0.4276906;0.2107688;3.38457;
ElbowRight;-0.2071695;-0.07206826;3.161108;
ElbowLeft;-0.3775721;0.001556459;3.311377;
WristRight;-0.2143676;-0.2988705;3.117707;
WristLeft;-0.5170624;-0.1589564;3.500997;
HandRight;-0.2052328;-0.3812958;3.100484;
HandLeft;-0.599333;-0.2789586;3.584985;
Spine;-0.3621729;-0.05130694;3.350589;
HipCenter;-0.3788591;-0.128342;3.341942;
HipRight;-0.3513902;-0.1690276;3.312328;
HipLeft;-0.4138542;-0.1758116;3.368057;
KneeRight;-0.5336596;-0.6473496;3.327452;
KneeLeft;-0.2612281;-0.6594898;3.465834;
AnkleRight;-0.460581;-1.034637;3.330114;
AnkleLeft;-0.2036484;-1.012416;3.403937;
FootRight;-0.5338264;-1.094408;3.348256;
FootLeft;-0.2667775;-1.080692;3.483534;
Head;-0.4542375;0.4687805;3.338233;
ShoulderCenter;-0.3805896;0.3321022;3.351414;
ShoulderRight;-0.314641;0.2000126;3.247031;
ShoulderLeft;-0.4695352;0.2013524;3.389097;
ElbowRight;-0.2301087;-0.075517;3.16249;
ElbowLeft;-0.4048934;-0.02269933;3.305902;
WristRight;-0.2143256;-0.3030565;3.109109;
WristLeft;-0.5595155;-0.1594136;3.501429;
HandRight;-0.2035288;-0.3811706;3.098548;
HandLeft;-0.5983199;-0.2094061;3.496224;
Spine;-0.3685016;-0.05523874;3.349425;
HipCenter;-0.3827182;-0.1321745;3.339461;
HipRight;-0.3522677;-0.1695978;3.313202;
HipLeft;-0.4187574;-0.1778786;3.358133;
KneeRight;-0.5239415;-0.638269;3.336389;
KneeLeft;-0.2873891;-0.6482016;3.463875;
AnkleRight;-0.572903;-1.029665;3.321849;
AnkleLeft;-0.2058888;-1.008833;3.404864;
FootRight;-0.6371075;-1.090563;3.342622;
FootLeft;-0.2678431;-1.079477;3.484204;
Head;-0.4971529;0.4573031;3.333235;
ShoulderCenter;-0.4177551;0.3252647;3.360184;
ShoulderRight;-0.3678753;0.1864647;3.251012;
ShoulderLeft;-0.5067008;0.1945148;3.397867;
ElbowRight;-0.2549209;-0.0768692;3.163212;
ElbowLeft;-0.45541;-0.01739761;3.309852;
WristRight;-0.2209392;-0.305397;3.099917;
WristLeft;-0.6226706;-0.15965;3.49002;
HandRight;-0.2068257;-0.3799402;3.0927;
HandLeft;-0.6649971;-0.2065527;3.494555;
Spine;-0.4216608;-0.06270333;3.357321;
HipCenter;-0.4350969;-0.1388451;3.346883;
HipRight;-0.4056109;-0.1684674;3.327607;
HipLeft;-0.4645267;-0.1806378;3.361654;
KneeRight;-0.5148473;-0.5919134;3.348105;
KneeLeft;-0.3187544;-0.5920435;3.456249;
AnkleRight;-0.676234;-1.007688;3.325236;
AnkleLeft;-0.2083423;-1.006343;3.401586;
FootRight;-0.773322;-1.067736;3.370264;
FootLeft;-0.2662767;-1.061986;3.494359;
Head;-0.5396074;0.4539128;3.3284;
ShoulderCenter;-0.4590151;0.320456;3.351348;
ShoulderRight;-0.3951554;0.1813731;3.252079;
ShoulderLeft;-0.5479607;0.1897062;3.389031;
ElbowRight;-0.2792516;-0.07910818;3.161275;
ElbowLeft;-0.5019543;-0.01758695;3.322743;
WristRight;-0.2356957;-0.3193266;3.092936;
WristLeft;-0.6739149;-0.1525063;3.502862;
HandRight;-0.2115549;-0.3816214;3.090219;
HandLeft;-0.7858906;-0.2454968;3.584587;
Spine;-0.4443082;-0.1099374;3.35479;
HipCenter;-0.4536482;-0.1954898;3.344479;
HipRight;-0.4189679;-0.22671;3.334469;
HipLeft;-0.4871609;-0.2321649;3.351874;
KneeRight;-0.5274901;-0.664951;3.39519;
KneeLeft;-0.3227854;-0.5906026;3.460402;
AnkleRight;-0.7919971;-1.023078;3.371784;
AnkleLeft;-0.211182;-1.003477;3.401614;
FootRight;-0.9061633;-1.065469;3.385994;
FootLeft;-0.2295486;-1.083672;3.439615;
Head;-0.5826061;0.4590141;3.324799;
ShoulderCenter;-0.5019484;0.315144;3.349031;
ShoulderRight;-0.4551609;0.1689441;3.253022;
ShoulderLeft;-0.590894;0.1843942;3.386714;
ElbowRight;-0.3127404;-0.07719101;3.161367;
ElbowLeft;-0.5395718;-0.02165;3.322649;
WristRight;-0.2704738;-0.3352003;3.08823;
WristLeft;-0.7108146;-0.1520101;3.505695;
HandRight;-0.2365654;-0.3884794;3.088834;
HandLeft;-0.8157704;-0.251655;3.598912;
Spine;-0.4859984;-0.106171;3.357776;
HipCenter;-0.4971075;-0.1901002;3.349337;
HipRight;-0.4640494;-0.2195394;3.332827;
HipLeft;-0.5309963;-0.2292271;3.364212;
KneeRight;-0.5722136;-0.6428798;3.396631;
KneeLeft;-0.3321642;-0.5975309;3.466078;
AnkleRight;-0.837216;-0.9999496;3.373375;
AnkleLeft;-0.2154356;-1.001831;3.401818;
FootRight;-0.9467574;-1.05124;3.393926;
FootLeft;-0.2298089;-1.083178;3.439226;
Head;-0.6304764;0.4098469;3.317509;
ShoulderCenter;-0.544167;0.2432776;3.344845;
ShoulderRight;-0.5018492;0.1618652;3.256649;
ShoulderLeft;-0.6331126;0.1125278;3.382528;
ElbowRight;-0.3828526;-0.09873468;3.179647;
ElbowLeft;-0.5710888;-0.09083885;3.323931;
WristRight;-0.3103233;-0.3447136;3.094152;
WristLeft;-0.7578468;-0.1868917;3.511342;
HandRight;-0.2827795;-0.4182265;3.113118;
HandLeft;-0.804185;-0.2285625;3.521721;
Spine;-0.5124692;-0.1363331;3.352037;
HipCenter;-0.5161624;-0.2099242;3.344096;
HipRight;-0.4882198;-0.2405634;3.337249;
HipLeft;-0.5424877;-0.2431604;3.350725;
KneeRight;-0.597044;-0.6574997;3.40814;
KneeLeft;-0.4242299;-0.6550544;3.488785;
AnkleRight;-0.8528677;-1.021867;3.370177;
AnkleLeft;-0.2180997;-1.001483;3.404586;
FootRight;-0.9574184;-1.0778;3.402029;
FootLeft;-0.2308807;-1.083491;3.44128;
Head;-0.6773328;0.4672488;3.298889;
ShoulderCenter;-0.5894756;0.3046028;3.336882;
ShoulderRight;-0.5367533;0.1610581;3.246319;
ShoulderLeft;-0.6784212;0.173853;3.374565;
ElbowRight;-0.4198328;-0.1033272;3.176471;
ElbowLeft;-0.6266505;-0.03359561;3.316853;
WristRight;-0.3760591;-0.3355389;3.119779;
WristLeft;-0.7985326;-0.1627738;3.501032;
HandRight;-0.3697422;-0.3959556;3.100306;
HandLeft;-0.9138112;-0.2639871;3.597948;
Spine;-0.5858132;-0.1167474;3.348144;
HipCenter;-0.5973533;-0.2005439;3.340153;
HipRight;-0.5617754;-0.2366032;3.333816;
HipLeft;-0.6339108;-0.2273134;3.345187;
KneeRight;-0.6304908;-0.6738331;3.43173;
KneeLeft;-0.4488743;-0.6686538;3.489183;
AnkleRight;-0.862936;-1.010133;3.367903;
AnkleLeft;-0.2452289;-0.9958184;3.411031;
FootRight;-0.9491182;-1.082011;3.417728;
FootLeft;-0.2532108;-1.079004;3.446426;
Head;-0.7075097;0.4500343;3.301167;
ShoulderCenter;-0.6195381;0.3029517;3.325636;
ShoulderRight;-0.5807351;0.1584447;3.243557;
ShoulderLeft;-0.7084837;0.1722019;3.363319;
ElbowRight;-0.4638055;-0.05657511;3.189028;
ElbowLeft;-0.6637371;-0.03806888;3.312351;
WristRight;-0.4331064;-0.3402206;3.11008;
WristLeft;-0.8250423;-0.1739854;3.50145;
HandRight;-0.3966488;-0.4172758;3.108741;
HandLeft;-0.9274181;-0.2783317;3.594972;
Spine;-0.6019312;-0.1176328;3.343004;
HipCenter;-0.6104869;-0.2018817;3.337226;
HipRight;-0.5802696;-0.2388271;3.330223;
HipLeft;-0.641302;-0.2275908;3.34349;
KneeRight;-0.8185669;-0.6268588;3.342968;
KneeLeft;-0.5488483;-0.6426911;3.467259;
AnkleRight;-0.8665918;-1.011566;3.370161;
AnkleLeft;-0.2631989;-0.9846351;3.416702;
FootRight;-0.9484801;-1.086711;3.422022;
FootLeft;-0.2881292;-1.079354;3.490519;
Head;-0.7505975;0.4692549;3.311032;
ShoulderCenter;-0.6704434;0.3201128;3.332213;
ShoulderRight;-0.6248605;0.1791898;3.251147;
ShoulderLeft;-0.759389;0.189363;3.369896;
ElbowRight;-0.5567331;-0.09254408;3.181001;
ElbowLeft;-0.7008404;-0.01792358;3.315711;
WristRight;-0.4961124;-0.3508466;3.119269;
WristLeft;-0.8622902;-0.1790723;3.486984;
HandRight;-0.485852;-0.4166371;3.114364;
HandLeft;-0.9533566;-0.2989094;3.584503;
Spine;-0.6588891;-0.1024736;3.327469;
HipCenter;-0.6689054;-0.1861932;3.315853;
HipRight;-0.6360597;-0.2177174;3.308793;
HipLeft;-0.7015632;-0.216504;3.319232;
KneeRight;-0.8673805;-0.5797136;3.31698;
KneeLeft;-0.5672165;-0.6724318;3.485387;
AnkleRight;-0.8643379;-0.9971301;3.364726;
AnkleLeft;-0.2980611;-0.9813593;3.414356;
FootRight;-0.942391;-1.076049;3.418088;
FootLeft;-0.3166727;-1.076801;3.489937;
Head;-0.8023839;0.4569467;3.311193;
ShoulderCenter;-0.7224182;0.3112857;3.328625;
ShoulderRight;-0.6691682;0.1738919;3.248032;
ShoulderLeft;-0.8113638;0.1805358;3.366308;
ElbowRight;-0.6136332;-0.09275357;3.168915;
ElbowLeft;-0.7583243;-0.05218282;3.312989;
WristRight;-0.5707076;-0.3569826;3.114539;
WristLeft;-0.9133816;-0.221924;3.483652;
HandRight;-0.5631923;-0.4218153;3.102561;
HandLeft;-0.9876239;-0.3361062;3.572558;
Spine;-0.7192202;-0.1141853;3.326408;
HipCenter;-0.7314891;-0.1981736;3.313751;
HipRight;-0.6971591;-0.2283942;3.31004;
HipLeft;-0.7669408;-0.2309519;3.313919;
KneeRight;-0.924874;-0.5595392;3.323683;
KneeLeft;-0.5980053;-0.7174911;3.478343;
AnkleRight;-0.8763397;-0.9913265;3.364622;
AnkleLeft;-0.3513734;-0.934297;3.419116;
FootRight;-0.9518314;-1.072783;3.419034;
FootLeft;-0.3767267;-1.029079;3.494404;
Head;-0.845402;0.4682818;3.302726;
ShoulderCenter;-0.7532649;0.3140492;3.332639;
ShoulderRight;-0.6948934;0.1829478;3.249521;
ShoulderLeft;-0.8422105;0.1832994;3.370322;
ElbowRight;-0.6624914;-0.02599694;3.172687;
ElbowLeft;-0.6929504;-0.03135826;3.209057;
WristRight;-0.6403447;-0.3175312;3.129037;
WristLeft;-0.8559233;-0.1842753;3.386158;
HandRight;-0.6280437;-0.4205918;3.090529;
HandLeft;-0.8945687;-0.2217037;3.418984;
Spine;-0.7781194;-0.09870216;3.35275;
HipCenter;-0.7930485;-0.1804482;3.345781;
HipRight;-0.7573393;-0.2186739;3.347824;
HipLeft;-0.8329539;-0.2079845;3.343513;
KneeRight;-0.9258785;-0.6414517;3.336375;
KneeLeft;-0.6253129;-0.6917146;3.476026;
AnkleRight;-0.8817132;-0.9961923;3.365551;
AnkleLeft;-0.405;-0.9352322;3.427447;
FootRight;-0.9490627;-1.087263;3.414608;
FootLeft;-0.4344623;-1.026351;3.50533;
Head;-0.8817122;0.4876338;3.302531;
ShoulderCenter;-0.7962255;0.3325756;3.33816;
ShoulderRight;-0.7504598;0.180885;3.245723;
ShoulderLeft;-0.8851712;0.2018257;3.375843;
ElbowRight;-0.7204384;-0.06928812;3.181854;
ElbowLeft;-0.7235917;0.04975517;3.155213;
WristRight;-0.7884349;-0.337797;3.15397;
WristLeft;-0.8953905;-0.08537848;3.338724;
HandRight;-0.7772974;-0.4065361;3.125996;
HandLeft;-0.9339308;-0.122705;3.371461;
Spine;-0.7898679;-0.03521831;3.338029;
HipCenter;-0.8017479;-0.1079359;3.327301;
HipRight;-0.778038;-0.1667431;3.269094;
HipLeft;-0.8266123;-0.1698035;3.37872;
KneeRight;-0.916707;-0.6446752;3.346998;
KneeLeft;-0.6654017;-0.6866503;3.441636;
AnkleRight;-0.8877302;-1.003459;3.370733;
AnkleLeft;-0.4830852;-0.9551215;3.46373;
FootRight;-0.9502387;-1.095188;3.416994;
FootLeft;-0.5295839;-1.037466;3.542725;
Head;-0.9111911;0.4812927;3.310404;
ShoulderCenter;-0.844038;0.3301141;3.32847;
ShoulderRight;-0.7777553;0.1876458;3.247502;
ShoulderLeft;-0.9329836;0.1993643;3.366153;
ElbowRight;-0.7701422;-0.06924752;3.177577;
ElbowLeft;-0.7222291;0.01906742;3.440908;
WristRight;-0.855174;-0.3249809;3.158234;
WristLeft;-0.8766923;-0.1250627;3.633662;
HandRight;-0.864247;-0.3950104;3.14462;
HandLeft;-0.9153075;-0.1624618;3.666463;
Spine;-0.8557723;-0.01602492;3.370645;
HipCenter;-0.868641;-0.08549745;3.36858;
HipRight;-0.8462217;-0.1541642;3.317416;
HipLeft;-0.8978707;-0.1345884;3.427239;
KneeRight;-0.9200455;-0.6408588;3.341043;
KneeLeft;-0.7602055;-0.5992329;3.520068;
AnkleRight;-0.8884205;-1.004353;3.371027;
AnkleLeft;-0.5991216;-0.9405218;3.442575;
FootRight;-0.9495426;-1.096721;3.41663;
FootLeft;-0.6235633;-1.035462;3.517871;
Head;-0.9430266;0.4763244;3.311586;
ShoulderCenter;-0.8689774;0.3338476;3.325071;
ShoulderRight;-0.8279415;0.1960554;3.242868;
ShoulderLeft;-0.957923;0.2030978;3.362754;
ElbowRight;-0.8210165;-0.07481721;3.168872;
ElbowLeft;-0.7950264;-0.02570651;3.425145;
WristRight;-0.9288511;-0.3127029;3.142124;
WristLeft;-0.9241664;-0.1938373;3.616161;
HandRight;-0.969631;-0.3802608;3.133834;
HandLeft;-0.9626351;-0.2310944;3.648838;
Spine;-0.86909;-0.01676241;3.358692;
HipCenter;-0.8806902;-0.08694474;3.357097;
HipRight;-0.8574632;-0.1604928;3.298142;
HipLeft;-0.9113176;-0.1442466;3.417813;
KneeRight;-0.9264359;-0.6511765;3.345341;
KneeLeft;-0.8739185;-0.6849825;3.483565;
AnkleRight;-0.8660749;-0.9947757;3.384403;
AnkleLeft;-0.6797225;-0.9482955;3.448432;
FootRight;-0.9439245;-1.08576;3.414376;
FootLeft;-0.7112377;-1.040742;3.523914;
Head;-0.9726433;0.4782251;3.311263;
ShoulderCenter;-0.9001849;0.3355316;3.318684;
ShoulderRight;-0.8444552;0.1978742;3.23981;
ShoulderLeft;-0.9891305;0.2047818;3.356367;
ElbowRight;-0.8695006;-0.06487019;3.160824;
ElbowLeft;-0.7842221;0.05158362;3.477285;
WristRight;-0.995572;-0.2915637;3.150265;
WristLeft;-0.950767;-0.0829491;3.667252;
HandRight;-1.060678;-0.3459278;3.149697;
HandLeft;-0.9892102;-0.1201817;3.699907;
Spine;-0.9224925;-0.01884293;3.357671;
HipCenter;-0.9342697;-0.0897564;3.358117;
HipRight;-0.9114837;-0.1602678;3.311531;
HipLeft;-0.9641637;-0.1346665;3.412097;
KneeRight;-0.9400252;-0.6589328;3.341889;
KneeLeft;-0.8971807;-0.6767449;3.451629;
AnkleRight;-0.8408965;-0.9889822;3.432499;
AnkleLeft;-0.7060996;-0.9400239;3.454571;
FootRight;-0.9255196;-1.07521;3.457106;
FootLeft;-0.7273296;-1.043193;3.518658;
Head;-0.9719133;0.5011904;3.324382;
ShoulderCenter;-0.9516342;0.3427885;3.320956;
ShoulderRight;-0.8976191;0.2049847;3.233697;
ShoulderLeft;-1.04058;0.2120387;3.358639;
ElbowRight;-0.9198077;-0.06640258;3.154571;
ElbowLeft;-0.8425679;0.03190283;3.455374;
WristRight;-1.084857;-0.2718416;3.161408;
WristLeft;-0.9953879;-0.1119819;3.648775;
HandRight;-1.14566;-0.3285583;3.177057;
HandLeft;-1.033735;-0.1491217;3.681348;
Spine;-0.9295413;-0.02922963;3.337161;
HipCenter;-0.9371393;-0.1059352;3.329337;
HipRight;-0.9034311;-0.1620674;3.272481;
HipLeft;-0.9691694;-0.1852074;3.374326;
KneeRight;-0.9524242;-0.6776291;3.346115;
KneeLeft;-1.151281;-0.6470307;3.510077;
AnkleRight;-0.9008287;-1.021172;3.405166;
AnkleLeft;-0.9641654;-0.9117167;3.516707;
FootRight;-0.9620701;-1.102044;3.437746;
FootLeft;-1.008587;-1.024082;3.540501;
Head;-1.012125;0.5041478;3.340509;
ShoulderCenter;-0.9869816;0.3428902;3.32096;
ShoulderRight;-0.9249861;0.206595;3.229862;
ShoulderLeft;-1.075927;0.2121404;3.358643;
ElbowRight;-0.9511056;-0.04010652;3.151107;
ElbowLeft;-0.8891445;0.03830801;3.481738;
WristRight;-1.15697;-0.2485954;3.179902;
WristLeft;-1.034696;-0.1088487;3.679647;
HandRight;-1.235226;-0.3143087;3.197445;
HandLeft;-1.072922;-0.1458715;3.712118;
Spine;-0.9877247;-0.03734724;3.343499;
HipCenter;-0.9943642;-0.1134216;3.342208;
HipRight;-0.9594024;-0.1603497;3.290492;
HipLeft;-1.029513;-0.1903437;3.39595;
KneeRight;-0.9534929;-0.6778378;3.345463;
KneeLeft;-1.16384;-0.6615146;3.511938;
AnkleRight;-0.903628;-1.028551;3.404271;
AnkleLeft;-1.07453;-1.044383;3.507176;
FootRight;-0.9571774;-1.101304;3.409495;
FootLeft;-1.019956;-1.112981;3.48473;
Head;-1.03658;0.5030288;3.348669;
ShoulderCenter;-1.012528;0.3407489;3.326809;
ShoulderRight;-0.9631604;0.2017674;3.239882;
ShoulderLeft;-1.101474;0.2099991;3.364492;
ElbowRight;-1.023132;-0.05759023;3.157781;
ElbowLeft;-0.9498253;0.02985381;3.51636;
WristRight;-1.220586;-0.2367034;3.192925;
WristLeft;-1.08224;-0.1224928;3.718747;
HandRight;-1.293717;-0.2748976;3.209714;
HandLeft;-1.1204;-0.1594509;3.751161;
Spine;-1.029213;-0.03335346;3.356767;
HipCenter;-1.041381;-0.1075186;3.358836;
HipRight;-1.013849;-0.157787;3.313256;
HipLeft;-1.07262;-0.1762632;3.408271;
KneeRight;-0.9707392;-0.6754538;3.348602;
KneeLeft;-1.221646;-0.6787651;3.540677;
AnkleRight;-0.9044042;-1.023863;3.399711;
AnkleLeft;-1.220838;-1.041513;3.56198;
FootRight;-0.9551556;-1.097709;3.408149;
FootLeft;-1.273333;-1.11364;3.573817;
Head;-1.093689;0.5049227;3.361354;
ShoulderCenter;-1.068394;0.3431545;3.344779;
ShoulderRight;-1.000036;0.1962583;3.241686;
ShoulderLeft;-1.15734;0.2124047;3.382462;
ElbowRight;-1.086458;-0.07015029;3.164956;
ElbowLeft;-0.9980893;0.03082503;3.525018;
WristRight;-1.285325;-0.220226;3.19958;
WristLeft;-0.9520015;-0.2093869;3.584635;
HandRight;-1.359615;-0.2513919;3.223706;
HandLeft;-0.9901171;-0.2463022;3.617011;
Spine;-1.058611;-0.02709128;3.359235;
HipCenter;-1.06278;-0.1018814;3.359191;
HipRight;-1.029141;-0.1578703;3.306364;
HipLeft;-1.099169;-0.17725;3.415184;
KneeRight;-0.9873558;-0.6663882;3.34412;
KneeLeft;-1.266894;-0.6810021;3.545244;
AnkleRight;-0.9096302;-1.005637;3.39119;
AnkleLeft;-1.313661;-1.007661;3.568897;
FootRight;-0.9568045;-1.081305;3.402858;
FootLeft;-1.375618;-1.055781;3.49872;
Head;-1.11705;0.5018018;3.405982;
ShoulderCenter;-1.097907;0.3375229;3.351434;
ShoulderRight;-1.033402;0.1921391;3.250088;
ShoulderLeft;-1.186853;0.2067731;3.389117;
ElbowRight;-1.121406;-0.07057549;3.159261;
ElbowLeft;-1.021823;0.03106272;3.531378;
WristRight;-1.331978;-0.1996343;3.202215;
WristLeft;-0.971904;-0.2048879;3.588087;
HandRight;-1.401225;-0.2299407;3.239219;
HandLeft;-1.010048;-0.2418305;3.620487;
Spine;-1.081172;-0.02871429;3.355956;
HipCenter;-1.085561;-0.102303;3.353066;
HipRight;-1.049949;-0.1617427;3.291449;
HipLeft;-1.119921;-0.1831558;3.411327;
KneeRight;-1.054435;-0.6619651;3.380889;
KneeLeft;-1.303335;-0.6802465;3.548187;
AnkleRight;-0.9106006;-1.010142;3.391997;
AnkleLeft;-1.434482;-1.037012;3.583759;
FootRight;-0.9111956;-1.090631;3.430357;
FootLeft;-1.507262;-1.087718;3.592835;
Head;-1.171564;0.488968;3.41803;
ShoulderCenter;-1.160504;0.323051;3.368314;
ShoulderRight;-1.078377;0.1861859;3.259498;
ShoulderLeft;-1.249449;0.1923012;3.405997;
ElbowRight;-1.173656;-0.07401958;3.165632;
ElbowLeft;-1.06801;0.01874799;3.532617;
WristRight;-1.351095;-0.195765;3.210115;
WristLeft;-1.023021;-0.2163451;3.608734;
HandRight;-1.427321;-0.2177023;3.238889;
HandLeft;-1.061263;-0.2533832;3.641218;
Spine;-1.154511;-0.04128798;3.380044;
HipCenter;-1.159608;-0.1141058;3.378421;
HipRight;-1.124291;-0.1736364;3.32358;
HipLeft;-1.194648;-0.1901971;3.432102;
KneeRight;-1.033672;-0.671724;3.359126;
KneeLeft;-1.363724;-0.6960247;3.558243;
AnkleRight;-0.910713;-1.013448;3.391319;
AnkleLeft;-1.503752;-1.045989;3.592441;
FootRight;-0.9555072;-1.099693;3.406685;
FootLeft;-1.611003;-1.075032;3.639497;
Head;-1.188285;0.4797;3.420197;
ShoulderCenter;-1.186043;0.3127008;3.374016;
ShoulderRight;-1.112329;0.1709858;3.266415;
ShoulderLeft;-1.274988;0.181951;3.411699;
ElbowRight;-1.200501;-0.0738287;3.170749;
ElbowLeft;-1.120442;-0.01327382;3.541386;
WristRight;-1.449358;-0.2031398;3.243411;
WristLeft;-1.067409;-0.2763996;3.635378;
HandRight;-1.525103;-0.2365212;3.259047;
HandLeft;-1.105588;-0.3133766;3.667808;
Spine;-1.182673;-0.06090037;3.381342;
HipCenter;-1.188745;-0.1357825;3.378762;
HipRight;-1.14487;-0.1811556;3.327708;
HipLeft;-1.227254;-0.2077276;3.425996;
KneeRight;-1.068855;-0.6777918;3.368009;
KneeLeft;-1.406264;-0.7039216;3.569619;
AnkleRight;-0.9115618;-1.016981;3.393382;
AnkleLeft;-1.568675;-1.054843;3.602452;
FootRight;-0.9568688;-1.097944;3.405804;
FootLeft;-1.678943;-1.09374;3.633278;
Head;-1.218995;0.4832596;3.429248;
ShoulderCenter;-1.235011;0.3166258;3.38145;
ShoulderRight;-1.167603;0.1689862;3.267825;
ShoulderLeft;-1.323957;0.185876;3.419133;
ElbowRight;-1.252478;-0.07297911;3.176464;
ElbowLeft;-1.179157;-0.02749799;3.532929;
WristRight;-1.464469;-0.207096;3.245641;
WristLeft;-1.118591;-0.2946478;3.625566;
HandRight;-1.5411;-0.238678;3.260071;
HandLeft;-1.156721;-0.3315775;3.657955;
Spine;-1.238298;-0.06580681;3.399547;
HipCenter;-1.245057;-0.1422293;3.400207;
HipRight;-1.214774;-0.1920559;3.361528;
HipLeft;-1.277679;-0.2010665;3.440037;
KneeRight;-1.118872;-0.6776255;3.38411;
KneeLeft;-1.44008;-0.7024301;3.573873;
AnkleRight;-0.9158736;-1.0165;3.393105;
AnkleLeft;-1.567457;-1.053622;3.596951;
FootRight;-0.9607793;-1.093856;3.403392;
FootLeft;-1.6615;-1.104492;3.590438;
Head;-1.27082;0.4800016;3.430942;
ShoulderCenter;-1.27878;0.3121825;3.388305;
ShoulderRight;-1.200171;0.1674129;3.278303;
ShoulderLeft;-1.367726;0.1814327;3.425988;
ElbowRight;-1.274691;-0.08346131;3.190368;
ElbowLeft;-1.196544;0.006749034;3.561188;
WristRight;-1.513397;-0.2350771;3.241578;
WristLeft;-1.151094;-0.2317283;3.643349;
HandRight;-1.583333;-0.279222;3.256326;
HandLeft;-1.189169;-0.2686041;3.675691;
Spine;-1.271978;-0.05372701;3.404809;
HipCenter;-1.276904;-0.1270281;3.405709;
HipRight;-1.24023;-0.1937006;3.350697;
HipLeft;-1.315759;-0.2059706;3.466988;
KneeRight;-1.137849;-0.6771888;3.387423;
KneeLeft;-1.476348;-0.6967161;3.579441;
AnkleRight;-0.9253829;-1.016765;3.397588;
AnkleLeft;-1.566509;-1.053155;3.593326;
FootRight;-0.9646746;-1.096774;3.408056;
FootLeft;-1.669356;-1.111421;3.588283;
Head;-1.297837;0.4739026;3.442279;
ShoulderCenter;-1.323633;0.307853;3.38975;
ShoulderRight;-1.254694;0.1646498;3.289481;
ShoulderLeft;-1.412578;0.1771031;3.427433;
ElbowRight;-1.33613;-0.09189073;3.204137;
ElbowLeft;-1.239081;0.004009411;3.561133;
WristRight;-1.556124;-0.2592766;3.256205;
WristLeft;-1.191101;-0.2355783;3.644315;
HandRight;-1.623111;-0.3056704;3.2764;
HandLeft;-1.22915;-0.2724285;3.676634;
Spine;-1.326652;-0.0584541;3.414128;
HipCenter;-1.331486;-0.1317489;3.417006;
HipRight;-1.301041;-0.1859681;3.371043;
HipLeft;-1.361483;-0.2018612;3.466739;
KneeRight;-1.180316;-0.7240527;3.392008;
KneeLeft;-1.524012;-0.7108192;3.593808;
AnkleRight;-0.95034;-1.022735;3.407499;
AnkleLeft;-1.574256;-1.048137;3.591002;
FootRight;-0.9753842;-1.108209;3.40432;
FootLeft;-1.668142;-1.112701;3.593484;
Head;-1.397595;0.4793396;3.429289;
ShoulderCenter;-1.371506;0.3125621;3.391213;
ShoulderRight;-1.292134;0.171372;3.296412;
ShoulderLeft;-1.460451;0.1818123;3.428897;
ElbowRight;-1.368061;-0.09183049;3.222641;
ElbowLeft;-1.31635;-0.009949267;3.569596;
WristRight;-1.560451;-0.2640021;3.25323;
WristLeft;-1.259863;-0.2713947;3.674913;
HandRight;-1.624278;-0.3179721;3.24709;
HandLeft;-1.297849;-0.3081841;3.707179;
Spine;-1.339816;-0.06185824;3.415852;
HipCenter;-1.34054;-0.1361044;3.419007;
HipRight;-1.303716;-0.1852379;3.373808;
HipLeft;-1.375485;-0.2065734;3.466288;
KneeRight;-1.290525;-0.6883492;3.410274;
KneeLeft;-1.535544;-0.7122283;3.58736;
AnkleRight;-0.9831308;-1.001684;3.388153;
AnkleLeft;-1.583658;-1.053831;3.593588;
FootRight;-1.012586;-1.08418;3.37318;
FootLeft;-1.653836;-1.115306;3.585034;
Head;-1.433137;0.4746349;3.417508;
ShoulderCenter;-1.39233;0.311554;3.395485;
ShoulderRight;-1.343846;0.1757826;3.306659;
ShoulderLeft;-1.481276;0.1808041;3.433168;
ElbowRight;-1.413606;-0.09608659;3.240146;
ElbowLeft;-1.377314;-0.03616913;3.572053;
WristRight;-1.580095;-0.2865898;3.249027;
WristLeft;-1.331299;-0.2971371;3.68178;
HandRight;-1.631379;-0.341735;3.250377;
HandLeft;-1.37129;-0.3371173;3.706892;
Spine;-1.377442;-0.07347589;3.425922;
HipCenter;-1.37738;-0.1507403;3.430922;
HipRight;-1.34072;-0.1860827;3.396517;
HipLeft;-1.406131;-0.2146671;3.469558;
KneeRight;-1.365045;-0.6866612;3.414231;
KneeLeft;-1.607889;-0.7117387;3.5903;
AnkleRight;-1.051241;-0.992695;3.412145;
AnkleLeft;-1.593339;-1.055215;3.591822;
FootRight;-1.053803;-1.080736;3.420294;
FootLeft;-1.651784;-1.12156;3.594409;
Head;-1.440257;0.4253115;3.424741;
ShoulderCenter;-1.45081;0.2446069;3.415739;
ShoulderRight;-1.379259;0.1778659;3.313473;
ShoulderLeft;-1.539755;0.1138571;3.453422;
ElbowRight;-1.430658;-0.09296801;3.246961;
ElbowLeft;-1.396042;-0.07092388;3.600697;
WristRight;-1.588464;-0.2949844;3.254699;
WristLeft;-1.356249;-0.3185971;3.692454;
HandRight;-1.634593;-0.3649645;3.256976;
HandLeft;-1.396305;-0.3586419;3.717607;
Spine;-1.406535;-0.07708421;3.431022;
HipCenter;-1.401398;-0.1454698;3.434096;
HipRight;-1.364834;-0.1932834;3.388976;
HipLeft;-1.426815;-0.2215744;3.481692;
KneeRight;-1.392593;-0.6873184;3.41418;
KneeLeft;-1.577609;-0.7185495;3.501891;
AnkleRight;-1.12695;-0.9415192;3.400266;
AnkleLeft;-1.599239;-1.053425;3.589154;
FootRight;-1.132476;-1.029125;3.408402;
FootLeft;-1.658752;-1.120478;3.599038;
Head;-1.500507;0.4966004;3.424831;
ShoulderCenter;-1.500397;0.3317301;3.422217;
ShoulderRight;-1.419175;0.1891947;3.331422;
ShoulderLeft;-1.589343;0.2009802;3.4599;
ElbowRight;-1.4703;-0.09562296;3.268156;
ElbowLeft;-1.449136;-0.004807368;3.58426;
WristRight;-1.58984;-0.2963363;3.255706;
WristLeft;-1.400774;-0.2719043;3.676835;
HandRight;-1.633587;-0.3679136;3.259867;
HandLeft;-1.440899;-0.3120176;3.702031;
Spine;-1.455013;-0.03638517;3.448174;
HipCenter;-1.448768;-0.1104807;3.453063;
HipRight;-1.404055;-0.180128;3.402081;
HipLeft;-1.47455;-0.1791645;3.508339;
KneeRight;-1.441222;-0.7049887;3.428776;
KneeLeft;-1.587503;-0.7195444;3.467295;
AnkleRight;-1.212692;-0.9495314;3.418211;
AnkleLeft;-1.603384;-1.052629;3.59187;
FootRight;-1.232272;-1.058179;3.463252;
FootLeft;-1.657646;-1.103653;3.519747;
Head;-1.541196;0.4320833;3.439128;
ShoulderCenter;-1.535827;0.238304;3.431697;
ShoulderRight;-1.466065;0.206143;3.339838;
ShoulderLeft;-1.624772;0.1075542;3.46938;
ElbowRight;-1.483554;-0.08208747;3.275251;
ElbowLeft;-1.454651;-0.03815885;3.628016;
WristRight;-1.589879;-0.296286;3.255673;
WristLeft;-1.435183;-0.2442069;3.690673;
HandRight;-1.63026;-0.370026;3.257741;
HandLeft;-1.475359;-0.2843716;3.715901;
Spine;-1.502277;-0.08738285;3.454857;
HipCenter;-1.498089;-0.152883;3.459532;
HipRight;-1.459569;-0.2012936;3.422134;
HipLeft;-1.524975;-0.2250733;3.501213;
KneeRight;-1.597881;-0.6770132;3.48472;
KneeLeft;-1.662685;-0.7607098;3.478632;
AnkleRight;-1.306165;-0.9564883;3.434983;
AnkleLeft;-1.556564;-0.9977108;3.64384;
FootRight;-1.356101;-1.062183;3.457698;
FootLeft;-1.615293;-1.098361;3.619319;
Head;-1.638139;0.4267452;3.445638;
ShoulderCenter;-1.557414;0.2406102;3.437892;
ShoulderRight;-1.500296;0.1889244;3.331944;
ShoulderLeft;-1.681813;0.130036;3.41374;
ElbowRight;-1.516953;-0.08144192;3.27819;
ElbowLeft;-1.523467;-0.00257878;3.590677;
WristRight;-1.592478;-0.3033645;3.258451;
WristLeft;-1.479502;-0.2284556;3.692045;
HandRight;-1.607304;-0.3691441;3.256721;
HandLeft;-1.519642;-0.2685836;3.71725;
Spine;-1.522164;-0.09090494;3.464064;
HipCenter;-1.516825;-0.1575284;3.469314;
HipRight;-1.474317;-0.2080069;3.432648;
HipLeft;-1.548121;-0.2272501;3.511475;
KneeRight;-1.677556;-0.6736042;3.476729;
KneeLeft;-1.612023;-0.6603123;3.61977;
AnkleRight;-1.417067;-0.9887655;3.4689;
AnkleLeft;-1.590398;-1.036561;3.554343;
FootRight;-1.472268;-1.077351;3.454763;
FootLeft;-1.664644;-1.116963;3.601835;
Head;-1.678061;0.4462293;3.435258;
ShoulderCenter;-1.606519;0.268527;3.443759;
ShoulderRight;-1.540727;0.1967947;3.342487;
ShoulderLeft;-1.718096;0.1552419;3.41642;
ElbowRight;-1.533845;-0.08799878;3.279225;
ElbowLeft;-1.56115;0.0232252;3.593879;
WristRight;-1.592426;-0.3030957;3.258455;
WristLeft;-1.518188;-0.2020293;3.694835;
HandRight;-1.608603;-0.3759782;3.257681;
HandLeft;-1.558305;-0.2421346;3.720026;
Spine;-1.56717;-0.08330505;3.471237;
HipCenter;-1.559896;-0.1538215;3.476839;
HipRight;-1.508828;-0.2042316;3.437056;
HipLeft;-1.59771;-0.2226756;3.522317;
KneeRight;-1.688216;-0.6128316;3.479333;
KneeLeft;-1.617139;-0.6663882;3.624282;
AnkleRight;-1.493479;-1.003427;3.473562;
AnkleLeft;-1.525925;-1.015987;3.480978;
FootRight;-1.591071;-1.071748;3.47192;
FootLeft;-1.602951;-1.094537;3.526708;
Head;-1.707633;0.4380018;3.432712;
ShoulderCenter;-1.634734;0.2651737;3.440432;
ShoulderRight;-1.587724;0.2039537;3.339043;
ShoulderLeft;-1.749691;0.1529685;3.413042;
ElbowRight;-1.56173;-0.08266789;3.280757;
ElbowLeft;-1.592262;0.02112374;3.589663;
WristRight;-1.601147;-0.3346053;3.25458;
WristLeft;-1.548216;-0.2048208;3.691469;
HandRight;-1.59403;-0.417845;3.263035;
HandLeft;-1.588331;-0.2449245;3.716659;
Spine;-1.592885;-0.09141703;3.474048;
HipCenter;-1.586295;-0.1632497;3.481413;
HipRight;-1.549316;-0.2103968;3.454104;
HipLeft;-1.614253;-0.2246888;3.519711;
KneeRight;-1.753959;-0.6534647;3.478686;
KneeLeft;-1.672742;-0.7048629;3.598639;
AnkleRight;-1.65129;-1.053192;3.469651;
AnkleLeft;-1.624307;-1.037504;3.514884;
FootRight;-1.741398;-1.123644;3.475839;
FootLeft;-1.701535;-1.116259;3.560735;
Head;-1.755089;0.472938;3.385819;
ShoulderCenter;-1.692805;0.3350826;3.420853;
ShoulderRight;-1.611302;0.2030576;3.347176;
ShoulderLeft;-1.656589;0.2176436;3.297045;
ElbowRight;-1.585521;-0.08141592;3.278051;
ElbowLeft;-1.587294;0.02102964;3.315236;
WristRight;-1.607542;-0.3383297;3.256026;
WristLeft;-1.762825;-0.09889711;3.319643;
HandRight;-1.599392;-0.3994118;3.249065;
HandLeft;-1.802908;-0.1389689;3.344812;
Spine;-1.681866;-0.05573628;3.449979;
HipCenter;-1.677399;-0.1339237;3.457139;
HipRight;-1.669806;-0.1634975;3.435691;
HipLeft;-1.68331;-0.1555352;3.481028;
KneeRight;-1.655058;-0.6749262;3.621915;
KneeLeft;-1.726309;-0.6790509;3.565768;
AnkleRight;-1.655472;-1.064423;3.495286;
AnkleLeft;-1.610112;-1.054911;3.608809;
FootRight;-1.621249;-1.115487;3.58289;
FootLeft;-1.668458;-1.116694;3.558384;
Head;-1.742108;0.4774771;3.377904;
ShoulderCenter;-1.71714;0.3341175;3.42404;
ShoulderRight;-1.651551;0.1931804;3.327537;
ShoulderLeft;-1.656054;0.2176712;3.299549;
ElbowRight;-1.60932;-0.0917088;3.282209;
ElbowLeft;-1.640089;-0.04972221;3.265193;
WristRight;-1.632583;-0.3404005;3.264895;
WristLeft;-1.659838;-0.2577694;3.295398;
HandRight;-1.602695;-0.3967031;3.251879;
HandLeft;-1.699896;-0.2978155;3.320551;
Spine;-1.70951;-0.05194058;3.455876;
HipCenter;-1.705099;-0.1289946;3.465304;
HipRight;-1.705705;-0.1689376;3.443722;
HipLeft;-1.704705;-0.1483095;3.490316;
KneeRight;-1.650686;-0.6794675;3.627479;
KneeLeft;-1.755086;-0.6196992;3.564599;
AnkleRight;-1.647511;-0.9881623;3.504956;
AnkleLeft;-1.626055;-1.033162;3.59597;
FootRight;-1.616611;-1.069059;3.587091;
FootLeft;-1.673543;-1.1211;3.549742;
Head;-1.801465;0.4765849;3.400052;
ShoulderCenter;-1.73717;0.337829;3.433606;
ShoulderRight;-1.664203;0.1894592;3.339338;
ShoulderLeft;-1.667426;0.2056579;3.309509;
ElbowRight;-1.64701;-0.09308353;3.276779;
ElbowLeft;-1.677476;-0.01533755;3.25886;
WristRight;-1.63453;-0.3393923;3.250199;
WristLeft;-1.697227;-0.2234073;3.289068;
HandRight;-1.603606;-0.3957756;3.240519;
HandLeft;-1.671506;-0.3033757;3.286388;
Spine;-1.720346;-0.05050913;3.45949;
HipCenter;-1.714285;-0.1278764;3.468145;
HipRight;-1.714563;-0.1638758;3.444211;
HipLeft;-1.713421;-0.149955;3.495164;
KneeRight;-1.694116;-0.6811926;3.617618;
KneeLeft;-1.757693;-0.6250372;3.559315;
AnkleRight;-1.619256;-1.043719;3.595209;
AnkleLeft;-1.629772;-1.040843;3.578055;
FootRight;-1.654309;-1.117673;3.562782;
FootLeft;-1.676318;-1.129311;3.529933;
Head;-1.81766;0.4646515;3.400918;
ShoulderCenter;-1.751039;0.3317405;3.443205;
ShoulderRight;-1.678547;0.1799693;3.351994;
ShoulderLeft;-1.687845;0.09733364;3.324673;
ElbowRight;-1.683836;-0.02973925;3.284436;
ElbowLeft;-1.681994;-0.1900072;3.268009;
WristRight;-1.667435;-0.2725717;3.246846;
WristLeft;-1.653483;-0.4016467;3.258676;
HandRight;-1.635881;-0.3287845;3.237033;
HandLeft;-1.628316;-0.4132324;3.257454;
Spine;-1.7642;-0.1333641;3.485739;
HipCenter;-1.761978;-0.2256755;3.495668;
HipRight;-1.765447;-0.2454297;3.511839;
HipLeft;-1.75863;-0.2469585;3.481879;
KneeRight;-1.708119;-0.704668;3.625631;
KneeLeft;-1.7619;-0.641869;3.56498;
AnkleRight;-1.621377;-1.043353;3.591159;
AnkleLeft;-1.631555;-1.057429;3.58206;
FootRight;-1.653731;-1.118923;3.560263;
FootLeft;-1.679319;-1.101117;3.522714;
Head;-1.786883;0.3340394;3.473828;
ShoulderCenter;-1.715985;0.1261086;3.453746;
ShoulderRight;-1.641808;-0.02661696;3.36282;
ShoulderLeft;-1.728231;0.04770032;3.400153;
ElbowRight;-1.639354;-0.2346857;3.2877;
ElbowLeft;-1.721868;-0.2135024;3.290636;
WristRight;-1.623082;-0.4741213;3.250991;
WristLeft;-1.65056;-0.4111338;3.238751;
HandRight;-1.591529;-0.530334;3.241177;
HandLeft;-1.632375;-0.4703823;3.240571;
Spine;-1.750706;-0.136482;3.516396;
HipCenter;-1.755823;-0.1904457;3.539364;
HipRight;-1.709978;-0.2320852;3.549466;
HipLeft;-1.808707;-0.2047359;3.541932;
KneeRight;-1.733776;-0.7023285;3.62507;
KneeLeft;-1.695808;-0.5689852;3.66792;
AnkleRight;-1.623671;-1.044348;3.586247;
AnkleLeft;-1.565367;-0.9838672;3.684675;
FootRight;-1.651465;-1.123255;3.560143;
FootLeft;-1.623659;-1.031706;3.621692;
Head;-1.806854;0.1975772;3.658142;
ShoulderCenter;-1.772666;-0.01924591;3.621623;
ShoulderRight;-1.698489;-0.1719715;3.530698;
ShoulderLeft;-1.760379;-0.0337728;3.501997;
ElbowRight;-1.782745;-0.02189301;3.377723;
ElbowLeft;-1.733624;-0.2413009;3.276327;
WristRight;-1.732864;-0.3041934;3.394816;
WristLeft;-1.72332;-0.4540849;3.256231;
HandRight;-1.695456;-0.3935449;3.388641;
HandLeft;-1.719886;-0.525013;3.254164;
Spine;-1.794365;-0.314461;3.639312;
HipCenter;-1.797873;-0.3736186;3.6439;
HipRight;-1.775023;-0.4083211;3.630719;
HipLeft;-1.825605;-0.4075527;3.658703;
KneeRight;-1.775454;-0.8137525;3.623276;
KneeLeft;-1.744871;-0.7324666;3.759711;
AnkleRight;-1.626851;-1.044878;3.587906;
AnkleLeft;-1.606719;-1.171873;3.779092;
FootRight;-1.646829;-1.125528;3.560679;
FootLeft;-1.661011;-1.23297;3.728015;
Head;-1.871358;0.1739769;3.686522;
ShoulderCenter;-1.861206;-0.0331303;3.74743;
ShoulderRight;-1.787029;-0.1858559;3.656505;
ShoulderLeft;-1.820678;-0.1954339;3.540627;
ElbowRight;-1.806379;-0.3070229;3.455909;
ElbowLeft;-1.784612;-0.2792273;3.321588;
WristRight;-1.784979;-0.5206075;3.463198;
WristLeft;-1.789783;-0.4570388;3.423689;
HandRight;-1.753426;-0.5768202;3.453385;
HandLeft;-1.791507;-0.5163092;3.462353;
Spine;-1.85907;-0.3306881;3.675635;
HipCenter;-1.856264;-0.3899732;3.663963;
HipRight;-1.840905;-0.4413674;3.757203;
HipLeft;-1.869787;-0.4712857;3.534515;
KneeRight;-1.799928;-0.799201;3.558442;
KneeLeft;-1.791887;-0.6939857;3.784945;
AnkleRight;-1.62887;-1.043928;3.588198;
AnkleLeft;-1.653735;-1.133393;3.804338;
FootRight;-1.644697;-1.125741;3.562351;
FootLeft;-1.708028;-1.194489;3.753261;
Head;-1.883325;-0.02354811;3.630247;
ShoulderCenter;-1.873161;-0.230914;3.691388;
ShoulderRight;-1.798983;-0.3836396;3.600462;
ShoulderLeft;-1.866536;-0.1692867;3.584674;
ElbowRight;-1.818314;-0.5046811;3.400115;
ElbowLeft;-1.850832;-0.4426144;3.487036;
WristRight;-1.796934;-0.7183912;3.40726;
WristLeft;-1.835336;-0.65419;3.472639;
HandRight;-1.765381;-0.7746039;3.397446;
HandLeft;-1.830171;-0.7247152;3.472459;
Spine;-1.842842;-0.5497615;3.619485;
HipCenter;-1.834739;-0.6129858;3.607167;
HipRight;-1.826609;-0.7043645;3.637933;
HipLeft;-1.830329;-0.6463007;3.544392;
KneeRight;-2.030163;-0.6658185;3.196418;
KneeLeft;-1.854702;-0.9894902;3.742138;
AnkleRight;-2.192147;-0.6351445;2.828897;
AnkleLeft;-1.549177;-1.084676;3.745105;
FootRight;-2.112408;-0.6743382;2.77782;
FootLeft;-1.648215;-1.057535;3.687265;
Head;-1.78667;-0.6221474;3.608819;
ShoulderCenter;-1.776508;-0.8294497;3.670052;
ShoulderRight;-1.702331;-0.9821753;3.579126;
ShoulderLeft;-1.769883;-0.7678224;3.563338;
ElbowRight;-1.721599;-1.102824;3.379422;
ElbowLeft;-1.854642;-0.4951921;3.517943;
WristRight;-1.700282;-1.316927;3.386047;
WristLeft;-2.056558;-0.472586;3.445544;
HandRight;-1.668728;-1.37314;3.376234;
HandLeft;-2.123863;-0.4650507;3.426016;
Spine;-1.745355;-0.6983036;3.634724;
HipCenter;-1.738135;-0.6715978;3.633273;
HipRight;-1.698817;-0.6746688;3.651415;
HipLeft;-1.754151;-0.5726733;3.584409;
KneeRight;-2.120564;-0.8705609;3.546726;
KneeLeft;-1.920762;-0.7790109;3.873692;
AnkleRight;-2.456525;-1.026607;3.447218;
AnkleLeft;-1.615811;-0.8740179;3.876685;
FootRight;-2.417507;-1.066836;3.532866;
FootLeft;-1.576793;-0.9142467;3.962332;
