Floor;0.009645985;0.9993241;0.03547126;1.044259;
Head;1.337044;0.5129631;3.542456;
ShoulderCenter;1.45197;0.3038305;3.487407;
ShoulderRight;1.486097;0.1911881;3.336286;
ShoulderLeft;1.385515;0.1694296;3.633212;
ElbowRight;1.544169;-0.0995534;3.198324;
ElbowLeft;1.361935;-0.0551086;3.709247;
WristRight;1.511533;-0.3592072;3.148426;
WristLeft;1.219409;-0.2819295;3.696342;
HandRight;1.524912;-0.4323421;3.136552;
HandLeft;1.160705;-0.3483694;3.70546;
Spine;1.395006;-0.09378866;3.419508;
HipCenter;1.383613;-0.1733125;3.40963;
HipRight;1.396504;-0.2364058;3.330385;
HipLeft;1.351242;-0.2461971;3.462394;
KneeRight;1.556633;-0.9163664;3.43314;
KneeLeft;1.277354;-0.8565478;3.277884;
AnkleRight;1.504656;-1.180165;3.270616;
AnkleLeft;0.990225;-1.197127;3.078449;
FootRight;1.445453;-1.182078;3.155729;
FootLeft;1.090744;-1.191524;2.997379;
Head;1.319167;0.5016881;3.546704;
ShoulderCenter;1.432029;0.3069445;3.494737;
ShoulderRight;1.467486;0.1914168;3.338878;
ShoulderLeft;1.361865;0.1661442;3.633822;
ElbowRight;1.516189;-0.08539873;3.203375;
ElbowLeft;1.303083;-0.1083188;3.71032;
WristRight;1.464435;-0.3669784;3.1612;
WristLeft;1.15636;-0.2883143;3.679065;
HandRight;1.499091;-0.4378711;3.139439;
HandLeft;1.104664;-0.330268;3.678054;
Spine;1.372114;-0.098443;3.417618;
HipCenter;1.359329;-0.1798239;3.405661;
HipRight;1.37529;-0.2381174;3.33015;
HipLeft;1.325899;-0.2498497;3.453347;
KneeRight;1.541395;-0.8842405;3.426446;
KneeLeft;1.189741;-0.865334;3.254508;
AnkleRight;1.510113;-1.171651;3.320926;
AnkleLeft;1.025075;-1.180022;3.165434;
FootRight;1.456584;-1.175711;3.211524;
FootLeft;1.086728;-1.184496;3.060412;
Head;1.298804;0.5069687;3.536886;
ShoulderCenter;1.391925;0.3022565;3.497182;
ShoulderRight;1.414322;0.1779622;3.332647;
ShoulderLeft;1.304945;0.1372638;3.629528;
ElbowRight;1.478938;-0.1167992;3.203998;
ElbowLeft;1.26702;-0.1407337;3.6712;
WristRight;1.452352;-0.370766;3.16553;
WristLeft;1.095971;-0.3006855;3.670522;
HandRight;1.451259;-0.4358781;3.153511;
HandLeft;1.0539;-0.3230065;3.64974;
Spine;1.335463;-0.09708868;3.413437;
HipCenter;1.324462;-0.1771013;3.40053;
HipRight;1.336656;-0.2366836;3.317804;
HipLeft;1.289087;-0.2541548;3.450402;
KneeRight;1.531779;-0.9211208;3.435988;
KneeLeft;1.160516;-0.8502913;3.259745;
AnkleRight;1.489655;-1.197793;3.184474;
AnkleLeft;1.013499;-1.171343;3.187957;
FootRight;1.419292;-1.191273;3.085333;
FootLeft;1.037017;-1.183288;3.069101;
Head;1.245496;0.4866555;3.529901;
ShoulderCenter;1.34841;0.2904789;3.49594;
ShoulderRight;1.394265;0.1822181;3.334451;
ShoulderLeft;1.292523;0.173199;3.622588;
ElbowRight;1.436524;-0.106385;3.210877;
ElbowLeft;1.226249;-0.1036951;3.705428;
WristRight;1.402121;-0.3631421;3.147198;
WristLeft;1.076318;-0.2868718;3.659392;
HandRight;1.412864;-0.4461189;3.149675;
HandLeft;1.031775;-0.3314615;3.650424;
Spine;1.289396;-0.1161787;3.403073;
HipCenter;1.278054;-0.1973855;3.38826;
HipRight;1.29088;-0.2548566;3.315544;
HipLeft;1.253379;-0.2574896;3.433276;
KneeRight;1.528167;-0.9233705;3.434326;
KneeLeft;1.144016;-0.8434496;3.264175;
AnkleRight;1.525863;-1.197008;3.24033;
AnkleLeft;0.9446841;-1.157043;3.240218;
FootRight;1.51481;-1.188522;3.121093;
FootLeft;1.014741;-1.170642;3.143684;
Head;1.203548;0.4783292;3.521532;
ShoulderCenter;1.322298;0.2919752;3.492572;
ShoulderRight;1.340301;0.1746079;3.325217;
ShoulderLeft;1.215223;0.1123393;3.559527;
ElbowRight;1.381464;-0.1172324;3.203781;
ElbowLeft;1.174877;-0.1633419;3.683267;
WristRight;1.37974;-0.3724839;3.149058;
WristLeft;1.009592;-0.3292137;3.645193;
HandRight;1.358797;-0.4543836;3.143026;
HandLeft;0.9753398;-0.333866;3.628938;
Spine;1.258541;-0.1179153;3.399912;
HipCenter;1.245411;-0.1999654;3.385105;
HipRight;1.266964;-0.2467352;3.318755;
HipLeft;1.201064;-0.2714912;3.420456;
KneeRight;1.51381;-0.9249029;3.436838;
KneeLeft;1.089561;-0.8501707;3.277933;
AnkleRight;1.528352;-1.208444;3.249064;
AnkleLeft;0.950943;-1.159971;3.187326;
FootRight;1.503724;-1.196322;3.132327;
FootLeft;0.9997456;-1.175436;3.078882;
Head;1.141338;0.4625212;3.497185;
ShoulderCenter;1.281679;0.2938768;3.476374;
ShoulderRight;1.309866;0.1665536;3.319044;
ShoulderLeft;1.194152;0.1328013;3.583756;
ElbowRight;1.358395;-0.1158794;3.200669;
ElbowLeft;1.146006;-0.1561695;3.659226;
WristRight;1.313697;-0.3727361;3.129941;
WristLeft;0.9964747;-0.3310303;3.639987;
HandRight;1.319157;-0.4502741;3.120348;
HandLeft;0.9700783;-0.3420819;3.630339;
Spine;1.211204;-0.08483949;3.402513;
HipCenter;1.197691;-0.16061;3.391688;
HipRight;1.211188;-0.218513;3.315977;
HipLeft;1.161224;-0.2315055;3.439407;
KneeRight;1.421813;-0.7619966;3.405632;
KneeLeft;1.078965;-0.8020483;3.28833;
AnkleRight;1.592523;-1.003929;3.099948;
AnkleLeft;0.9506218;-1.160276;3.195615;
FootRight;1.500425;-1.066948;3.057313;
FootLeft;0.9974647;-1.174994;3.08671;
Head;1.097585;0.4642639;3.492921;
ShoulderCenter;1.229825;0.2882048;3.464211;
ShoulderRight;1.254694;0.158362;3.30919;
ShoulderLeft;1.141227;0.1010292;3.545027;
ElbowRight;1.304777;-0.1105217;3.194784;
ElbowLeft;1.108464;-0.1733657;3.647119;
WristRight;1.268458;-0.3795708;3.158148;
WristLeft;0.9696978;-0.3614265;3.629001;
HandRight;1.282642;-0.4552954;3.130754;
HandLeft;0.9653924;-0.361637;3.636509;
Spine;1.167699;-0.1315218;3.376979;
HipCenter;1.155274;-0.2154671;3.363281;
HipRight;1.171211;-0.2673789;3.287507;
HipLeft;1.120151;-0.2931787;3.409133;
KneeRight;1.399701;-0.7915998;3.399862;
KneeLeft;1.039725;-0.862169;3.279342;
AnkleRight;1.59864;-1.0349;3.11028;
AnkleLeft;0.9456054;-1.163355;3.195836;
FootRight;1.512398;-1.097958;3.056732;
FootLeft;0.9845887;-1.179155;3.083978;
Head;1.082633;0.4785832;3.497924;
ShoulderCenter;1.200198;0.2897401;3.454218;
ShoulderRight;1.241833;0.1600133;3.301717;
ShoulderLeft;1.114618;0.1344352;3.549834;
ElbowRight;1.26497;-0.1212806;3.204431;
ElbowLeft;1.066654;-0.1695541;3.614436;
WristRight;1.200782;-0.367743;3.147714;
WristLeft;0.9600777;-0.380279;3.62891;
HandRight;1.215798;-0.4556634;3.142129;
HandLeft;0.9284433;-0.4366304;3.642585;
Spine;1.140031;-0.1320008;3.36732;
HipCenter;1.127975;-0.216334;3.353702;
HipRight;1.146303;-0.2724046;3.279707;
HipLeft;1.091024;-0.2867936;3.398355;
KneeRight;1.366544;-0.8282564;3.404774;
KneeLeft;1.015161;-0.8654076;3.275039;
AnkleRight;1.604512;-1.059934;3.131684;
AnkleLeft;0.9331082;-1.167111;3.191296;
FootRight;1.507601;-1.106522;3.077545;
FootLeft;0.9752207;-1.180627;3.079326;
Head;1.03737;0.4824747;3.488855;
ShoulderCenter;1.151373;0.2929879;3.42872;
ShoulderRight;1.19334;0.1735857;3.282063;
ShoulderLeft;1.045478;0.1213093;3.516057;
ElbowRight;1.192109;-0.097669;3.19606;
ElbowLeft;1.000522;-0.1784541;3.578201;
WristRight;1.129305;-0.3653638;3.143374;
WristLeft;0.9812858;-0.4038745;3.623423;
HandRight;1.126031;-0.4358527;3.128609;
HandLeft;0.9581097;-0.4007984;3.635641;
Spine;1.096654;-0.1311457;3.357888;
HipCenter;1.086198;-0.2159441;3.347363;
HipRight;1.114605;-0.2617692;3.289484;
HipLeft;1.041767;-0.2831796;3.380954;
KneeRight;1.337044;-0.8107363;3.400486;
KneeLeft;0.9887661;-0.8734565;3.270437;
AnkleRight;1.531462;-1.048498;3.093378;
AnkleLeft;0.9328679;-1.167171;3.191761;
FootRight;1.443146;-1.112472;3.043473;
FootLeft;0.9722492;-1.180165;3.079231;
Head;1.014003;0.466656;3.469334;
ShoulderCenter;1.129956;0.2944327;3.427355;
ShoulderRight;1.139109;0.1726597;3.283186;
ShoulderLeft;1.014665;0.1325227;3.488386;
ElbowRight;1.136757;-0.08767828;3.173356;
ElbowLeft;0.9704421;-0.1623531;3.548984;
WristRight;1.080345;-0.3091714;3.128788;
WristLeft;0.9701504;-0.3783507;3.613741;
HandRight;1.081762;-0.3612365;3.116445;
HandLeft;0.9557569;-0.4350528;3.64247;
Spine;1.064754;-0.1210981;3.354944;
HipCenter;1.051012;-0.2036203;3.344112;
HipRight;1.066955;-0.2466877;3.280097;
HipLeft;1.016336;-0.2728304;3.383826;
KneeRight;1.269893;-0.7917075;3.398446;
KneeLeft;0.9853886;-0.861306;3.274175;
AnkleRight;1.490248;-1.014506;3.096196;
AnkleLeft;0.9311124;-1.158977;3.194001;
FootRight;1.415517;-1.09275;3.046437;
FootLeft;0.9680987;-1.176854;3.082219;
Head;0.999342;0.4783767;3.458638;
ShoulderCenter;1.07734;0.2968329;3.420023;
ShoulderRight;1.110775;0.1601089;3.281396;
ShoulderLeft;0.9756389;0.1347721;3.48047;
ElbowRight;1.10586;-0.08291434;3.165548;
ElbowLeft;0.9320016;-0.1561955;3.540305;
WristRight;1.009289;-0.3749608;3.1494;
WristLeft;0.9393895;-0.3906787;3.533594;
HandRight;0.9849832;-0.4639806;3.144483;
HandLeft;0.9333293;-0.4347251;3.581377;
Spine;1.014132;-0.1301005;3.353112;
HipCenter;1.001491;-0.2154872;3.343453;
HipRight;1.022377;-0.2570657;3.288587;
HipLeft;0.9663873;-0.2796737;3.378976;
KneeRight;1.284266;-0.9068832;3.433352;
KneeLeft;0.9776587;-0.8625582;3.273683;
AnkleRight;1.338624;-1.191827;3.155232;
AnkleLeft;0.9337853;-1.1628;3.210221;
FootRight;1.250759;-1.190486;3.07567;
FootLeft;0.9756727;-1.178759;3.10048;
Head;0.9451053;0.4626431;3.456973;
ShoulderCenter;1.055069;0.2967672;3.415006;
ShoulderRight;1.061458;0.1622747;3.264869;
ShoulderLeft;0.9464718;0.1349093;3.474209;
ElbowRight;1.040316;-0.08986846;3.160355;
ElbowLeft;0.9023117;-0.1595438;3.535455;
WristRight;0.9378138;-0.3527067;3.131216;
WristLeft;0.9171184;-0.3907444;3.529084;
HandRight;0.909711;-0.4114221;3.12413;
HandLeft;0.9110386;-0.4349324;3.577021;
Spine;0.9851583;-0.1269673;3.355217;
HipCenter;0.9707801;-0.2115844;3.347211;
HipRight;0.9804893;-0.2602958;3.282054;
HipLeft;0.93352;-0.2865627;3.392925;
KneeRight;1.2513;-0.9160129;3.426186;
KneeLeft;0.9743376;-0.8567535;3.274878;
AnkleRight;1.451137;-1.194538;3.19072;
AnkleLeft;0.9344997;-1.157097;3.211201;
FootRight;1.3484;-1.193037;3.131858;
FootLeft;0.9757616;-1.176127;3.101852;
Head;0.9117949;0.4757754;3.452743;
ShoulderCenter;1.009979;0.3022927;3.399626;
ShoulderRight;1.035053;0.1652548;3.262109;
ShoulderLeft;0.9053077;0.1402636;3.459838;
ElbowRight;0.9757485;-0.1183496;3.148354;
ElbowLeft;0.8616675;-0.1507233;3.520376;
WristRight;0.8764902;-0.3404667;3.130764;
WristLeft;0.8720284;-0.3852189;3.514248;
HandRight;0.84224;-0.3963149;3.111623;
HandLeft;0.8659456;-0.4294289;3.562209;
Spine;0.9625224;-0.1351635;3.345751;
HipCenter;0.9514016;-0.221842;3.338278;
HipRight;0.970898;-0.2671411;3.277938;
HipLeft;0.9190996;-0.2913961;3.38307;
KneeRight;1.182866;-0.9313732;3.404961;
KneeLeft;0.9737024;-0.8575981;3.274151;
AnkleRight;1.163425;-1.194222;3.194174;
AnkleLeft;0.9721581;-1.162197;3.228926;
FootRight;1.113056;-1.19245;3.08758;
FootLeft;0.9927443;-1.177593;3.113854;
Head;0.8454142;0.4720677;3.441259;
ShoulderCenter;0.9644972;0.3098127;3.394045;
ShoulderRight;1.003334;0.175726;3.255495;
ShoulderLeft;0.8647882;0.1009807;3.460935;
ElbowRight;0.9302153;-0.09161267;3.130961;
ElbowLeft;0.8204613;-0.1945854;3.523075;
WristRight;0.7963724;-0.3391488;3.11111;
WristLeft;0.8333377;-0.4250394;3.516242;
HandRight;0.7529138;-0.383882;3.089944;
HandLeft;0.8272225;-0.4694855;3.564458;
Spine;0.9236366;-0.121018;3.309759;
HipCenter;0.9158127;-0.2072418;3.296553;
HipRight;0.9356666;-0.2541715;3.227461;
HipLeft;0.8840429;-0.2916321;3.337196;
KneeRight;1.105125;-0.8120741;3.347657;
KneeLeft;0.9740427;-0.8560104;3.27397;
AnkleRight;1.13309;-1.056199;3.147139;
AnkleLeft;0.9562824;-1.154576;3.223797;
FootRight;1.051973;-1.095128;3.097322;
FootLeft;0.9866864;-1.173897;3.111144;
Head;0.8261952;0.4765432;3.437282;
ShoulderCenter;0.9430788;0.3110656;3.387347;
ShoulderRight;0.9513245;0.1832408;3.24275;
ShoulderLeft;0.8455867;0.101986;3.454685;
ElbowRight;0.8763219;-0.09475059;3.120553;
ElbowLeft;0.8015413;-0.1917023;3.51643;
WristRight;0.7304403;-0.3073514;3.086959;
WristLeft;0.8141197;-0.4237404;3.510259;
HandRight;0.6889101;-0.3724609;3.08824;
HandLeft;0.8079782;-0.4683773;3.558683;
Spine;0.9141684;-0.1230409;3.308417;
HipCenter;0.9077064;-0.2096365;3.295829;
HipRight;0.9250731;-0.2548662;3.229813;
HipLeft;0.8802719;-0.2922745;3.335835;
KneeRight;1.149482;-0.9637472;3.381852;
KneeLeft;0.9782325;-0.8782289;3.260131;
AnkleRight;1.130674;-1.190338;3.118731;
AnkleLeft;0.9137381;-1.15921;3.210823;
FootRight;1.176948;-1.189367;3.029391;
FootLeft;0.9603665;-1.174912;3.103016;
Head;0.7741953;0.4710718;3.419857;
ShoulderCenter;0.8948069;0.3067491;3.372895;
ShoulderRight;0.9314927;0.1796682;3.236364;
ShoulderLeft;0.796839;0.09762923;3.439981;
ElbowRight;0.8590535;-0.07692348;3.115054;
ElbowLeft;0.7523055;-0.1993137;3.502903;
WristRight;0.6628702;-0.2951868;3.077008;
WristLeft;0.7655286;-0.4308378;3.495907;
HandRight;0.6221226;-0.3628535;3.094335;
HandLeft;0.7593649;-0.4756362;3.544506;
Spine;0.8680602;-0.1473294;3.307113;
HipCenter;0.8627109;-0.2381452;3.297525;
HipRight;0.8855956;-0.2728933;3.245219;
HipLeft;0.8359249;-0.3103855;3.331429;
KneeRight;1.0827;-0.8413759;3.351795;
KneeLeft;0.9733309;-0.8848184;3.25915;
AnkleRight;1.092892;-1.081882;3.153088;
AnkleLeft;0.9109075;-1.16474;3.198029;
FootRight;1.012037;-1.122115;3.10318;
FootLeft;0.8751686;-1.186832;3.087054;
Head;0.7547786;0.4726235;3.413173;
ShoulderCenter;0.8690286;0.3024631;3.371731;
ShoulderRight;0.8811918;0.1767855;3.22712;
ShoulderLeft;0.7710607;0.09334324;3.438817;
ElbowRight;0.811419;-0.06429493;3.108873;
ElbowLeft;0.7261781;-0.2059278;3.502125;
WristRight;0.6089442;-0.2811071;3.078196;
WristLeft;0.7400012;-0.439259;3.494357;
HandRight;0.5593845;-0.34527;3.07672;
HandLeft;0.7338157;-0.4842145;3.543126;
Spine;0.8410199;-0.1673522;3.308728;
HipCenter;0.8348593;-0.2622804;3.29985;
HipRight;0.8550144;-0.2908041;3.268362;
HipLeft;0.8124437;-0.3190897;3.321213;
KneeRight;1.098505;-0.9428536;3.370386;
KneeLeft;0.9750524;-0.8657996;3.255183;
AnkleRight;1.220065;-1.196931;3.191692;
AnkleLeft;0.9817657;-1.158376;3.235193;
FootRight;1.195782;-1.192922;3.075436;
FootLeft;0.8861986;-1.193747;3.192677;
Head;0.7100181;0.4623133;3.380172;
ShoulderCenter;0.8269355;0.2941527;3.359952;
ShoulderRight;0.8566296;0.1643881;3.214967;
ShoulderLeft;0.7289675;0.0850328;3.427037;
ElbowRight;0.7497816;-0.08342495;3.098097;
ElbowLeft;0.6836866;-0.2168938;3.490908;
WristRight;0.5576636;-0.2793314;3.07527;
WristLeft;0.6982159;-0.4522821;3.482294;
HandRight;0.5123789;-0.3390731;3.072945;
HandLeft;0.6920051;-0.4974239;3.531265;
Spine;0.7895601;-0.164142;3.326661;
HipCenter;0.7825734;-0.2557045;3.323788;
HipRight;0.8012681;-0.3012362;3.278517;
HipLeft;0.7557359;-0.3168862;3.35928;
KneeRight;0.9106559;-0.8192491;3.245461;
KneeLeft;0.6499133;-0.7712991;3.451782;
AnkleRight;1.114134;-1.195246;3.170155;
AnkleLeft;0.6580496;-1.12161;3.424331;
FootRight;1.047258;-1.192415;3.071609;
FootLeft;0.5751587;-1.166416;3.497224;
Head;0.6742902;0.4654571;3.435875;
ShoulderCenter;0.7913701;0.2988997;3.351534;
ShoulderRight;0.8058916;0.1504275;3.207862;
ShoulderLeft;0.6934023;0.08977973;3.418619;
ElbowRight;0.7242559;-0.08153546;3.093643;
ElbowLeft;0.6478913;-0.2136813;3.48276;
WristRight;0.5161512;-0.2756978;3.074297;
WristLeft;0.6628394;-0.4502563;3.473614;
HandRight;0.4574793;-0.331835;3.074267;
HandLeft;0.6566015;-0.4955952;3.522799;
Spine;0.7600591;-0.1598821;3.31097;
HipCenter;0.7532665;-0.2515364;3.306277;
HipRight;0.7660433;-0.2992474;3.243147;
HipLeft;0.7295082;-0.3200243;3.351528;
KneeRight;0.9061023;-0.8189806;3.246651;
KneeLeft;0.60571;-0.7792976;3.44379;
AnkleRight;0.9258386;-1.150515;3.206134;
AnkleLeft;0.5255467;-1.11732;3.428382;
FootRight;0.9842257;-1.175438;3.102466;
FootLeft;0.4766088;-1.18812;3.402582;
Head;0.6204381;0.4658552;3.419481;
ShoulderCenter;0.7484588;0.3021354;3.356162;
ShoulderRight;0.7825688;0.1567121;3.209513;
ShoulderLeft;0.6504908;0.09301546;3.423247;
ElbowRight;0.6768798;-0.07366858;3.085463;
ElbowLeft;0.6047111;-0.2122372;3.487753;
WristRight;0.4677245;-0.277875;3.075051;
WristLeft;0.620159;-0.4501955;3.477998;
HandRight;0.4297608;-0.3337098;3.083375;
HandLeft;0.6138944;-0.4957263;3.527391;
Spine;0.7286318;-0.156074;3.308695;
HipCenter;0.7246004;-0.2477692;3.303124;
HipRight;0.7489861;-0.2951396;3.246008;
HipLeft;0.6936953;-0.3146712;3.343431;
KneeRight;0.8846152;-0.8195616;3.251237;
KneeLeft;0.5702202;-0.817512;3.430097;
AnkleRight;0.9298651;-1.153807;3.206229;
AnkleLeft;0.4127362;-1.092482;3.452571;
FootRight;0.984219;-1.178443;3.099046;
FootLeft;0.3468239;-1.142489;3.415469;
Head;0.6066325;0.4715504;3.425981;
ShoulderCenter;0.7098858;0.2914951;3.353147;
ShoulderRight;0.7419523;0.1550978;3.21739;
ShoulderLeft;0.611918;0.08237518;3.420232;
ElbowRight;0.6650887;-0.066254;3.086892;
ElbowLeft;0.5659778;-0.2239473;3.484946;
WristRight;0.453703;-0.2748488;3.076944;
WristLeft;0.5817294;-0.4627303;3.474814;
HandRight;0.4040597;-0.3343434;3.091537;
HandLeft;0.5754483;-0.5083815;3.524338;
Spine;0.685219;-0.1813287;3.292866;
HipCenter;0.68118;-0.2756467;3.284592;
HipRight;0.7140158;-0.3044472;3.24355;
HipLeft;0.650499;-0.3367245;3.312654;
KneeRight;0.8741636;-0.8265724;3.253693;
KneeLeft;0.5140209;-0.7726449;3.440955;
AnkleRight;0.9457796;-1.159152;3.213658;
AnkleLeft;0.3088048;-1.108714;3.441617;
FootRight;0.9895853;-1.180468;3.09864;
FootLeft;0.2251269;-1.087219;3.474173;
Head;0.5770694;0.4668286;3.430177;
ShoulderCenter;0.6794933;0.2852726;3.358196;
ShoulderRight;0.7140328;0.1513764;3.219496;
ShoulderLeft;0.5815253;0.07615271;3.425281;
ElbowRight;0.6109175;-0.08032483;3.093554;
ElbowLeft;0.535387;-0.2314913;3.490257;
WristRight;0.4206766;-0.2763594;3.086396;
WristLeft;0.5515196;-0.4712921;3.479656;
HandRight;0.3556651;-0.3384384;3.096893;
HandLeft;0.5453086;-0.5164341;3.528627;
Spine;0.6514328;-0.1699983;3.299932;
HipCenter;0.6443598;-0.2600549;3.292352;
HipRight;0.662558;-0.2981456;3.241663;
HipLeft;0.6175471;-0.3281708;3.326143;
KneeRight;0.8400795;-0.801643;3.246662;
KneeLeft;0.49915;-0.7824603;3.437463;
AnkleRight;0.9689659;-1.135195;3.264107;
AnkleLeft;0.3055072;-1.105894;3.437729;
FootRight;0.9277607;-1.180606;3.184239;
FootLeft;0.2074242;-1.09845;3.432666;
Head;0.5241503;0.467205;3.404406;
ShoulderCenter;0.6229656;0.2808154;3.359314;
ShoulderRight;0.6585681;0.1440185;3.212641;
ShoulderLeft;0.5249977;0.07169546;3.426399;
ElbowRight;0.5688444;-0.100277;3.095851;
ElbowLeft;0.4786688;-0.237219;3.491627;
WristRight;0.3814072;-0.2918581;3.093988;
WristLeft;0.4951736;-0.4779969;3.480564;
HandRight;0.3163582;-0.353736;3.097407;
HandLeft;0.4890078;-0.5228109;3.52918;
Spine;0.607289;-0.1703824;3.298329;
HipCenter;0.6062776;-0.2605761;3.290105;
HipRight;0.6289731;-0.2999177;3.236406;
HipLeft;0.581193;-0.3325264;3.326622;
KneeRight;0.8249785;-0.8371769;3.251475;
KneeLeft;0.4781428;-0.8209174;3.419315;
AnkleRight;0.9502747;-1.127665;3.245148;
AnkleLeft;0.3151187;-1.091873;3.4061;
FootRight;0.9326124;-1.190006;3.182091;
FootLeft;0.2386049;-1.139513;3.398987;
Head;0.4728259;0.4526546;3.39406;
ShoulderCenter;0.5961776;0.2815244;3.361002;
ShoulderRight;0.6295081;0.1423831;3.214785;
ShoulderLeft;0.4982096;0.07240452;3.428087;
ElbowRight;0.5413158;-0.1101967;3.099714;
ElbowLeft;0.4516784;-0.237859;3.493898;
WristRight;0.3776886;-0.2903651;3.0964;
WristLeft;0.468585;-0.479673;3.482499;
HandRight;0.3145609;-0.3533389;3.099744;
HandLeft;0.4624613;-0.5241807;3.530782;
Spine;0.5737088;-0.1738169;3.296782;
HipCenter;0.5674943;-0.2652233;3.2875;
HipRight;0.5843897;-0.3051399;3.227504;
HipLeft;0.5412489;-0.3436446;3.327761;
KneeRight;0.7089706;-0.7941784;3.284652;
KneeLeft;0.4693131;-0.8008267;3.421921;
AnkleRight;0.9374056;-1.121845;3.244778;
AnkleLeft;0.3137116;-1.084303;3.406699;
FootRight;0.8967122;-1.182257;3.1903;
FootLeft;0.230153;-1.125674;3.357628;
Head;0.4465439;0.4588948;3.418562;
ShoulderCenter;0.5601221;0.2806934;3.361085;
ShoulderRight;0.5730867;0.1471899;3.216864;
ShoulderLeft;0.4621542;0.0715735;3.42817;
ElbowRight;0.5179823;-0.1034948;3.099994;
ElbowLeft;0.4154627;-0.2397595;3.494459;
WristRight;0.3633717;-0.2975335;3.103312;
WristLeft;0.4326928;-0.4823937;3.482794;
HandRight;0.3051092;-0.3642594;3.10165;
HandLeft;0.4266125;-0.5265862;3.530735;
Spine;0.5292397;-0.1768887;3.295958;
HipCenter;0.5244963;-0.2683527;3.286622;
HipRight;0.5399503;-0.3074868;3.223783;
HipLeft;0.5032823;-0.3488363;3.32965;
KneeRight;0.7362282;-0.8173524;3.2434;
KneeLeft;0.4114203;-0.7671763;3.43971;
AnkleRight;0.9085901;-1.171863;3.205808;
AnkleLeft;0.3107572;-1.08145;3.40784;
FootRight;0.8883613;-1.189296;3.086092;
FootLeft;0.2288879;-1.14823;3.413423;
Head;0.4160824;0.4677093;3.428594;
ShoulderCenter;0.5221088;0.2844;3.368616;
ShoulderRight;0.5558971;0.1481506;3.225315;
ShoulderLeft;0.4241408;0.07528006;3.435701;
ElbowRight;0.4924372;-0.09825821;3.106777;
ElbowLeft;0.3773127;-0.2369633;3.502132;
WristRight;0.3423092;-0.3162708;3.108113;
WristLeft;0.3948217;-0.4802948;3.490101;
HandRight;0.2902268;-0.3835434;3.097793;
HandLeft;0.3887202;-0.5246401;3.538209;
Spine;0.4974695;-0.1793687;3.293583;
HipCenter;0.491191;-0.2721494;3.282293;
HipRight;0.5189912;-0.3056352;3.225692;
HipLeft;0.4541834;-0.3457915;3.316655;
KneeRight;0.6249371;-0.7752138;3.263807;
KneeLeft;0.3952821;-0.7606992;3.446715;
AnkleRight;0.8642027;-1.098396;3.247869;
AnkleLeft;0.3086574;-1.079893;3.408987;
FootRight;0.9003109;-1.192953;3.183709;
FootLeft;0.2281359;-1.148052;3.407321;
Head;0.3572563;0.4837224;3.431597;
ShoulderCenter;0.4645925;0.3012856;3.366186;
ShoulderRight;0.4980872;0.1612357;3.237299;
ShoulderLeft;0.3666246;0.09216569;3.433272;
ElbowRight;0.4659736;-0.09491227;3.113498;
ElbowLeft;0.3196556;-0.2210174;3.500126;
WristRight;0.34045;-0.3163063;3.111597;
WristLeft;0.3374557;-0.4650679;3.487854;
HandRight;0.2904343;-0.3882375;3.102269;
HandLeft;0.3314092;-0.509015;3.53553;
Spine;0.458652;-0.1653849;3.288576;
HipCenter;0.4594222;-0.2596418;3.277178;
HipRight;0.4841651;-0.2838045;3.223925;
HipLeft;0.4333044;-0.3384891;3.311633;
KneeRight;0.5590912;-0.7776888;3.244963;
KneeLeft;0.3500842;-0.7528678;3.434826;
AnkleRight;0.838201;-1.061121;3.251131;
AnkleLeft;0.3046816;-1.080806;3.409216;
FootRight;0.8045282;-1.168397;3.264194;
FootLeft;0.238477;-1.144076;3.400359;
Head;0.3288151;0.4729586;3.437811;
ShoulderCenter;0.4537659;0.3020219;3.369482;
ShoulderRight;0.468988;0.1539144;3.243787;
ShoulderLeft;0.3557979;0.09290202;3.436567;
ElbowRight;0.4460295;-0.09619936;3.124668;
ElbowLeft;0.3087349;-0.220908;3.503488;
WristRight;0.3136254;-0.3718528;3.123642;
WristLeft;0.3267312;-0.4654377;3.490943;
HandRight;0.2770512;-0.4159577;3.092326;
HandLeft;0.3206684;-0.5095027;3.538746;
Spine;0.445578;-0.1542631;3.292723;
HipCenter;0.4433176;-0.2440317;3.281605;
HipRight;0.4719263;-0.2797557;3.220512;
HipLeft;0.415987;-0.3226497;3.32278;
KneeRight;0.4991618;-0.7678031;3.231638;
KneeLeft;0.3066057;-0.7717145;3.453528;
AnkleRight;0.7974766;-1.027857;3.2537;
AnkleLeft;0.3013797;-1.082777;3.410282;
FootRight;0.7994611;-1.149263;3.267721;
FootLeft;0.2383905;-1.147267;3.404343;
Head;0.2766121;0.4722419;3.425835;
ShoulderCenter;0.3975081;0.2969229;3.373942;
ShoulderRight;0.4311384;0.154099;3.241622;
ShoulderLeft;0.2995402;0.08780299;3.441027;
ElbowRight;0.4160504;-0.1082943;3.142227;
ElbowLeft;0.2527299;-0.2243215;3.507578;
WristRight;0.3149194;-0.3594801;3.121133;
WristLeft;0.2702023;-0.467562;3.495666;
HandRight;0.2899928;-0.4162431;3.100328;
HandLeft;0.2641306;-0.5116921;3.54354;
Spine;0.3460686;-0.185443;3.353971;
HipCenter;0.3357807;-0.2819161;3.353677;
HipRight;0.3567715;-0.3152543;3.317301;
HipLeft;0.3048296;-0.3419779;3.38434;
KneeRight;0.4059584;-0.7418117;3.210946;
KneeLeft;0.2590755;-0.8192105;3.506049;
AnkleRight;0.6998092;-1.013124;3.22899;
AnkleLeft;0.3118627;-1.102757;3.402534;
FootRight;0.7235432;-1.116248;3.292447;
FootLeft;0.232746;-1.147829;3.407682;
Head;0.2541027;0.4773098;3.423863;
ShoulderCenter;0.3686175;0.2974432;3.370935;
ShoulderRight;0.4092334;0.1544658;3.245558;
ShoulderLeft;0.2706496;0.08832335;3.43802;
ElbowRight;0.3973804;-0.1188714;3.146188;
ElbowLeft;0.2236932;-0.2247751;3.504928;
WristRight;0.3142374;-0.358697;3.119312;
WristLeft;0.2414671;-0.4687608;3.492725;
HandRight;0.2990215;-0.419657;3.100628;
HandLeft;0.2353808;-0.5129967;3.540714;
Spine;0.322609;-0.1569137;3.349885;
HipCenter;0.3121574;-0.244631;3.349065;
HipRight;0.3454266;-0.2954131;3.30482;
HipLeft;0.2711537;-0.2987778;3.39068;
KneeRight;0.2850761;-0.7228746;3.219559;
KneeLeft;0.2348718;-0.7077368;3.52632;
AnkleRight;0.5693222;-1.010232;3.22765;
AnkleLeft;0.2976461;-1.104577;3.438607;
FootRight;0.4871619;-1.052698;3.17113;
FootLeft;0.2276023;-1.152896;3.403291;
Head;0.2112937;0.4918454;3.436285;
ShoulderCenter;0.3304762;0.3150128;3.375563;
ShoulderRight;0.358558;0.1640821;3.24766;
ShoulderLeft;0.2325082;0.1058929;3.442648;
ElbowRight;0.3713;-0.1137163;3.148977;
ElbowLeft;0.1853995;-0.2082216;3.509919;
WristRight;0.3114359;-0.3519717;3.11974;
WristLeft;0.1508878;-0.4302475;3.593613;
HandRight;0.3006219;-0.4297237;3.107601;
HandLeft;0.1393839;-0.5042561;3.626538;
Spine;0.2822861;-0.1334209;3.357397;
HipCenter;0.2746376;-0.2240907;3.357043;
HipRight;0.2962011;-0.2625794;3.286068;
HipLeft;0.236163;-0.3068556;3.420436;
KneeRight;0.2108028;-0.6883124;3.229553;
KneeLeft;0.4067925;-0.7072753;3.433785;
AnkleRight;0.4935284;-0.9836767;3.226399;
AnkleLeft;0.3051742;-1.063537;3.414111;
FootRight;0.4988794;-1.106171;3.25037;
FootLeft;0.2204209;-1.106281;3.361274;
Head;0.163239;0.4761701;3.448037;
ShoulderCenter;0.3057789;0.3178287;3.380936;
ShoulderRight;0.3398712;0.1620606;3.252268;
ShoulderLeft;0.207811;0.1087088;3.448022;
ElbowRight;0.3557183;-0.1149838;3.152231;
ElbowLeft;0.1605626;-0.2063371;3.515567;
WristRight;0.2951211;-0.3574452;3.122422;
WristLeft;0.09204108;-0.4068769;3.625737;
HandRight;0.2941197;-0.4328043;3.109998;
HandLeft;0.0485326;-0.4552285;3.614303;
Spine;0.2514996;-0.1432064;3.355548;
HipCenter;0.2388839;-0.2366554;3.353677;
HipRight;0.2668417;-0.2713154;3.291102;
HipLeft;0.2002516;-0.3154214;3.406528;
KneeRight;0.1705546;-0.6935835;3.237108;
KneeLeft;0.355697;-0.7196703;3.430366;
AnkleRight;0.4357341;-1.00752;3.237095;
AnkleLeft;0.3038398;-1.073394;3.392849;
FootRight;0.4108281;-1.118892;3.237928;
FootLeft;0.2238236;-1.15865;3.4319;
Head;0.1335278;0.4870485;3.439559;
ShoulderCenter;0.2547109;0.3111584;3.3836;
ShoulderRight;0.3139749;0.1678108;3.256747;
ShoulderLeft;0.1567429;0.1020385;3.450685;
ElbowRight;0.3143711;-0.1303267;3.153039;
ElbowLeft;0.1097694;-0.2111746;3.517824;
WristRight;0.2842453;-0.3728527;3.124967;
WristLeft;0.03880781;-0.4013406;3.639563;
HandRight;0.281348;-0.428624;3.109097;
HandLeft;0.01515395;-0.4647293;3.685144;
Spine;0.2121635;-0.1615192;3.328934;
HipCenter;0.2036541;-0.2560548;3.321668;
HipRight;0.2464281;-0.2760437;3.285373;
HipLeft;0.1633254;-0.3246781;3.348347;
KneeRight;0.09516078;-0.6788423;3.231004;
KneeLeft;0.3040953;-0.7221824;3.42743;
AnkleRight;0.329213;-1.019023;3.242534;
AnkleLeft;0.2443773;-1.132681;3.387609;
FootRight;0.2802482;-1.129125;3.278764;
FootLeft;0.1841421;-1.182002;3.454622;
Head;0.09938163;0.4945121;3.443234;
ShoulderCenter;0.2256169;0.3223002;3.386171;
ShoulderRight;0.2566322;0.175435;3.261645;
ShoulderLeft;0.127649;0.1131803;3.453256;
ElbowRight;0.3049211;-0.1202721;3.160565;
ElbowLeft;0.08089461;-0.1985714;3.520067;
WristRight;0.2717356;-0.360631;3.124038;
WristLeft;-0.02053447;-0.3602554;3.656486;
HandRight;0.2696043;-0.4223768;3.108298;
HandLeft;-0.04320399;-0.3805064;3.642948;
Spine;0.2059821;-0.1652808;3.322524;
HipCenter;0.1989987;-0.2623825;3.312926;
HipRight;0.2378916;-0.2795929;3.279745;
HipLeft;0.1597171;-0.3282282;3.333137;
KneeRight;0.04561197;-0.7097803;3.231403;
KneeLeft;0.2604263;-0.7306134;3.432989;
AnkleRight;0.2261588;-1.082319;3.246621;
AnkleLeft;0.3443948;-1.087679;3.384562;
FootRight;0.1539034;-1.164293;3.248502;
FootLeft;0.2319352;-1.140948;3.367503;
Head;0.05250737;0.4788769;3.414864;
ShoulderCenter;0.1950206;0.3197482;3.388362;
ShoulderRight;0.2322701;0.1727773;3.252495;
ShoulderLeft;0.09705263;0.1106283;3.455448;
ElbowRight;0.2779753;-0.1099453;3.152269;
ElbowLeft;0.05013855;-0.2021881;3.522532;
WristRight;0.2524764;-0.3525673;3.122135;
WristLeft;-0.06890447;-0.3394157;3.671096;
HandRight;0.2579198;-0.441058;3.109113;
HandLeft;-0.1085855;-0.3851582;3.725606;
Spine;0.1350245;-0.1739947;3.341796;
HipCenter;0.1247064;-0.2726031;3.336029;
HipRight;0.1543311;-0.2937916;3.30412;
HipLeft;0.08696707;-0.3289635;3.359042;
KneeRight;0.003741726;-0.708726;3.24044;
KneeLeft;0.2247781;-0.7348304;3.443757;
AnkleRight;0.1162761;-1.102529;3.233408;
AnkleLeft;0.2775562;-1.094572;3.367361;
FootRight;0.05506879;-1.152258;3.182921;
FootLeft;0.1832722;-1.118976;3.288074;
Head;0.03398646;0.4789756;3.412153;
ShoulderCenter;0.1754556;0.3184531;3.382355;
ShoulderRight;0.1947346;0.1647016;3.245844;
ShoulderLeft;0.07748769;0.1093332;3.44944;
ElbowRight;0.2547688;-0.1154372;3.152593;
ElbowLeft;0.03076338;-0.2022183;3.516041;
WristRight;0.2366535;-0.3575569;3.119877;
WristLeft;-0.1287507;-0.3132089;3.647651;
HandRight;0.2416703;-0.4463879;3.109865;
HandLeft;-0.1762271;-0.3588338;3.641032;
Spine;0.1097766;-0.1785798;3.3295;
HipCenter;0.09581567;-0.2782862;3.321826;
HipRight;0.1225484;-0.295817;3.29644;
HipLeft;0.06006701;-0.3301403;3.338175;
KneeRight;-0.04539924;-0.6944978;3.231719;
KneeLeft;0.1961174;-0.7409368;3.436733;
AnkleRight;0.01113462;-1.089497;3.206454;
AnkleLeft;0.2968763;-1.086742;3.377209;
FootRight;-0.09865494;-1.149674;3.225244;
FootLeft;0.2109427;-1.157999;3.403364;
Head;0.005811855;0.4886909;3.399441;
ShoulderCenter;0.118277;0.3060009;3.364289;
ShoulderRight;0.1672664;0.1572206;3.239384;
ShoulderLeft;0.02030907;0.09688099;3.431374;
ElbowRight;0.2244761;-0.131646;3.156476;
ElbowLeft;-0.02625736;-0.2136174;3.497619;
WristRight;0.2131412;-0.3731095;3.120698;
WristLeft;-0.177878;-0.3075932;3.647034;
HandRight;0.2237653;-0.4596202;3.099715;
HandLeft;-0.2284182;-0.3389185;3.70185;
Spine;0.05916205;-0.1716528;3.332289;
HipCenter;0.04733906;-0.2671835;3.329564;
HipRight;0.0753148;-0.2960292;3.288563;
HipLeft;0.00934132;-0.3275805;3.362989;
KneeRight;-0.06582068;-0.6980628;3.228543;
KneeLeft;0.1626804;-0.7391443;3.426302;
AnkleRight;-0.1089569;-1.084181;3.183377;
AnkleLeft;0.2882123;-1.085693;3.387802;
FootRight;-0.2234289;-1.137931;3.18646;
FootLeft;0.2050738;-1.162611;3.44414;
Head;-0.03451015;0.4685078;3.40358;
ShoulderCenter;0.1045283;0.3048106;3.359885;
ShoulderRight;0.1153005;0.1508255;3.236057;
ShoulderLeft;0.006560354;0.09569068;3.42697;
ElbowRight;0.1781494;-0.1389444;3.156666;
ElbowLeft;-0.03982371;-0.2135918;3.492775;
WristRight;0.1606913;-0.3795924;3.127923;
WristLeft;-0.22339;-0.2999861;3.60902;
HandRight;0.1868963;-0.4451902;3.103939;
HandLeft;-0.2474219;-0.3307316;3.591139;
Spine;0.0297753;-0.1899076;3.317129;
HipCenter;0.01374954;-0.2906336;3.311304;
HipRight;0.04032646;-0.3095665;3.284412;
HipLeft;-0.01837956;-0.3393835;3.332233;
KneeRight;-0.1070779;-0.7086315;3.225684;
KneeLeft;0.1558236;-0.7335462;3.425381;
AnkleRight;-0.2205109;-1.111952;3.17712;
AnkleLeft;0.2878153;-1.085615;3.386438;
FootRight;-0.3207463;-1.132399;3.191675;
FootLeft;0.2472896;-1.16466;3.414732;
Head;-0.04705508;0.4945977;3.371741;
ShoulderCenter;0.03866095;0.2985853;3.350402;
ShoulderRight;0.07907807;0.1468543;3.232612;
ShoulderLeft;-0.05930698;0.08946536;3.417487;
ElbowRight;0.1298769;-0.1465817;3.144616;
ElbowLeft;-0.1058632;-0.2209652;3.483627;
WristRight;0.1372054;-0.3872602;3.100251;
WristLeft;-0.2710069;-0.3094091;3.622639;
HandRight;0.1491097;-0.4746512;3.081851;
HandLeft;-0.3260548;-0.3388903;3.674001;
Spine;0.01087782;-0.1854721;3.312213;
HipCenter;0.002841034;-0.2848514;3.308045;
HipRight;0.03139738;-0.3051408;3.281446;
HipLeft;-0.03103849;-0.3351314;3.327959;
KneeRight;-0.1376657;-0.7166219;3.230982;
KneeLeft;0.1455389;-0.733157;3.427031;
AnkleRight;-0.2585162;-1.070215;3.188359;
AnkleLeft;0.2864453;-1.087372;3.386174;
FootRight;-0.3647494;-1.113316;3.20184;
FootLeft;0.2456949;-1.164762;3.417699;
Head;-0.120704;0.4548826;3.396908;
ShoulderCenter;0.02404182;0.2953919;3.348764;
ShoulderRight;0.04804837;0.1440799;3.225566;
ShoulderLeft;-0.0739261;0.08627195;3.41585;
ElbowRight;0.08094461;-0.1596104;3.134493;
ElbowLeft;-0.1203342;-0.2231708;3.481626;
WristRight;0.0894959;-0.3993046;3.088771;
WristLeft;-0.288144;-0.3199983;3.611186;
HandRight;0.1032579;-0.4882827;3.085871;
HandLeft;-0.3364418;-0.3648311;3.620706;
Spine;-0.04332156;-0.2008297;3.299238;
HipCenter;-0.05439231;-0.2995494;3.293319;
HipRight;-0.03014727;-0.3174295;3.267282;
HipLeft;-0.08639561;-0.350851;3.311286;
KneeRight;-0.1831557;-0.7156222;3.226766;
KneeLeft;0.102925;-0.7423753;3.422946;
AnkleRight;-0.2694272;-1.070698;3.189544;
AnkleLeft;0.284017;-1.088293;3.386446;
FootRight;-0.3829712;-1.118509;3.216844;
FootLeft;0.2446051;-1.172688;3.381631;
Head;-0.1382673;0.4750316;3.379784;
ShoulderCenter;-0.02714082;0.290085;3.339558;
ShoulderRight;0.004464229;0.1357547;3.217499;
ShoulderLeft;-0.1251087;0.08096506;3.406643;
ElbowRight;0.05177094;-0.1497745;3.117856;
ElbowLeft;-0.1716699;-0.2294984;3.472712;
WristRight;0.03427599;-0.3902327;3.075832;
WristLeft;-0.3157299;-0.3362843;3.620977;
HandRight;0.041994;-0.4788992;3.060202;
HandLeft;-0.3630284;-0.3832302;3.62544;
Spine;-0.05435897;-0.202857;3.289963;
HipCenter;-0.06297184;-0.3015894;3.283519;
HipRight;-0.03909594;-0.3158225;3.248508;
HipLeft;-0.09507886;-0.3582942;3.305737;
KneeRight;-0.2449722;-0.7093981;3.22905;
KneeLeft;0.09222671;-0.7522712;3.421307;
AnkleRight;-0.2971759;-1.078719;3.2015;
AnkleLeft;0.2757501;-1.08947;3.385592;
FootRight;-0.4070078;-1.134801;3.228226;
FootLeft;0.2055611;-1.161104;3.462173;
Head;-0.1821268;0.4622363;3.357694;
ShoulderCenter;-0.05254388;0.2913587;3.337434;
ShoulderRight;-0.0334099;0.1344618;3.205914;
ShoulderLeft;-0.1505118;0.08223884;3.40452;
ElbowRight;-0.0003243311;-0.1554707;3.111863;
ElbowLeft;-0.1969134;-0.2271602;3.470175;
WristRight;-0.03807294;-0.3935473;3.078212;
WristLeft;-0.3397139;-0.3555398;3.601896;
HandRight;-0.0186712;-0.4816287;3.075644;
HandLeft;-0.3788348;-0.4095453;3.601063;
Spine;-0.1253873;-0.2015767;3.27799;
HipCenter;-0.1379282;-0.3002654;3.269994;
HipRight;-0.1181744;-0.3146029;3.247816;
HipLeft;-0.165686;-0.3489146;3.283484;
KneeRight;-0.2505486;-0.7201743;3.227198;
KneeLeft;0.07548327;-0.7365645;3.424024;
AnkleRight;-0.3069138;-1.073791;3.197258;
AnkleLeft;0.2513222;-1.087295;3.383198;
FootRight;-0.4139374;-1.133792;3.226076;
FootLeft;0.1898185;-1.152153;3.472053;
Head;-0.09067309;0.4351673;3.361973;
ShoulderCenter;-0.1088081;0.222127;3.311571;
ShoulderRight;-0.0696822;0.1388959;3.199078;
ShoulderLeft;-0.2067761;0.01300706;3.378656;
ElbowRight;-0.06217869;-0.1559877;3.097643;
ElbowLeft;-0.2529448;-0.2948399;3.443976;
WristRight;-0.09919563;-0.3933399;3.070061;
WristLeft;-0.3897817;-0.4032784;3.594355;
HandRight;-0.09196873;-0.4830098;3.064178;
HandLeft;-0.4185724;-0.4398829;3.642014;
Spine;-0.1511938;-0.2200519;3.258527;
HipCenter;-0.1574151;-0.3088695;3.253788;
HipRight;-0.1341354;-0.3256995;3.240967;
HipLeft;-0.1947226;-0.3730543;3.246522;
KneeRight;-0.2583207;-0.73147;3.224663;
KneeLeft;-0.08828443;-0.7615914;3.364787;
AnkleRight;-0.3189774;-1.073545;3.190187;
AnkleLeft;0.1960045;-1.069916;3.379841;
FootRight;-0.4242568;-1.13506;3.22051;
FootLeft;0.147052;-1.14056;3.471494;
Head;-0.2561003;0.4780052;3.350866;
ShoulderCenter;-0.1386657;0.299421;3.313165;
ShoulderRight;-0.1249767;0.1515149;3.180341;
ShoulderLeft;-0.2366336;0.09030114;3.380251;
ElbowRight;-0.1114013;-0.1354932;3.087032;
ElbowLeft;-0.2826359;-0.2164357;3.44533;
WristRight;-0.1673926;-0.3685244;3.069297;
WristLeft;-0.4184983;-0.3256329;3.594803;
HandRight;-0.1582812;-0.4311211;3.056947;
HandLeft;-0.4564359;-0.3695255;3.626917;
Spine;-0.2049479;-0.1956053;3.259838;
HipCenter;-0.2182043;-0.2946106;3.252848;
HipRight;-0.1951589;-0.3149152;3.233933;
HipLeft;-0.2493783;-0.3350143;3.264061;
KneeRight;-0.3113028;-0.7221678;3.215575;
KneeLeft;-0.1351988;-0.7674634;3.363722;
AnkleRight;-0.320394;-1.072932;3.189583;
AnkleLeft;0.1742074;-1.050162;3.379849;
FootRight;-0.373837;-1.14579;3.210404;
FootLeft;0.11586;-1.115142;3.469912;
Head;-0.3018999;0.4791086;3.3502;
ShoulderCenter;-0.1745543;0.3072456;3.312253;
ShoulderRight;-0.1462413;0.1550645;3.176902;
ShoulderLeft;-0.2725222;0.09812573;3.379339;
ElbowRight;-0.1570232;-0.1217802;3.077678;
ElbowLeft;-0.3186489;-0.2094404;3.444587;
WristRight;-0.2410023;-0.391872;3.074182;
WristLeft;-0.4552388;-0.3180731;3.594732;
HandRight;-0.2376968;-0.4626363;3.072151;
HandLeft;-0.4932217;-0.3620182;3.626884;
Spine;-0.1564642;-0.1794329;3.248871;
HipCenter;-0.1516515;-0.277029;3.239918;
HipRight;-0.1261622;-0.2937427;3.237192;
HipLeft;-0.1741012;-0.3219582;3.233461;
KneeRight;-0.3465566;-0.6978405;3.212458;
KneeLeft;-0.176538;-0.7882;3.375576;
AnkleRight;-0.3230756;-1.0736;3.19097;
AnkleLeft;0.1270117;-1.025083;3.381511;
FootRight;-0.3792613;-1.144957;3.20955;
FootLeft;0.1194788;-1.138247;3.431305;
Head;-0.2907919;0.5098708;3.308857;
ShoulderCenter;-0.2137253;0.3178563;3.308512;
ShoulderRight;-0.1901379;0.1695395;3.176781;
ShoulderLeft;-0.3116933;0.1087365;3.375597;
ElbowRight;-0.2058451;-0.106613;3.078397;
ElbowLeft;-0.3576607;-0.1977676;3.440615;
WristRight;-0.2890097;-0.349723;3.065728;
WristLeft;-0.4933192;-0.3071207;3.589893;
HandRight;-0.3178452;-0.4348022;3.067481;
HandLeft;-0.531314;-0.3510794;3.622055;
Spine;-0.1738548;-0.1775396;3.246425;
HipCenter;-0.1671173;-0.2760586;3.237585;
HipRight;-0.1399148;-0.2923523;3.23661;
HipLeft;-0.1903208;-0.3235827;3.229027;
KneeRight;-0.3434097;-0.6842179;3.213532;
KneeLeft;-0.2131906;-0.7779098;3.359507;
AnkleRight;-0.3232861;-1.073532;3.191284;
AnkleLeft;0.04715386;-1.004825;3.386429;
FootRight;-0.3798646;-1.144687;3.209339;
FootLeft;0.0396209;-1.11799;3.436222;
Head;-0.3275551;0.503562;3.323109;
ShoulderCenter;-0.2364911;0.3139298;3.301035;
ShoulderRight;-0.2087181;0.1667508;3.161079;
ShoulderLeft;-0.2907074;0.1731504;3.129952;
ElbowRight;-0.2620012;-0.1255152;3.070871;
ElbowLeft;-0.3365163;-0.1322967;3.194741;
WristRight;-0.3761073;-0.3826171;3.061917;
WristLeft;-0.4712527;-0.2423454;3.343158;
HandRight;-0.3991737;-0.4441545;3.052249;
HandLeft;-0.5092559;-0.286314;3.375328;
Spine;-0.2375625;-0.1844159;3.278067;
HipCenter;-0.2129958;-0.2723077;3.216181;
HipRight;-0.1973678;-0.2794425;3.219862;
HipLeft;-0.2241253;-0.3053257;3.207489;
KneeRight;-0.3400846;-0.6814685;3.215018;
KneeLeft;-0.2352965;-0.7720863;3.364406;
AnkleRight;-0.3255886;-1.073578;3.19136;
AnkleLeft;-0.02136077;-0.9932057;3.387698;
FootRight;-0.383391;-1.144038;3.208125;
FootLeft;-0.03441092;-1.100668;3.436133;
Head;-0.3595344;0.4193812;3.324106;
ShoulderCenter;-0.2734818;0.2149657;3.279808;
ShoulderRight;-0.262804;0.1538559;3.155358;
ShoulderLeft;-0.3177459;0.07590279;3.111888;
ElbowRight;-0.3110702;-0.1150691;3.056439;
ElbowLeft;-0.3633378;-0.228097;3.176364;
WristRight;-0.433299;-0.3410167;3.051843;
WristLeft;-0.4968183;-0.3390636;3.323608;
HandRight;-0.4756024;-0.4201213;3.051703;
HandLeft;-0.5347521;-0.3829517;3.355719;
Spine;-0.2728191;-0.2275732;3.28321;
HipCenter;-0.238528;-0.3040739;3.228949;
HipRight;-0.2061551;-0.2955269;3.222079;
HipLeft;-0.266633;-0.350547;3.230895;
KneeRight;-0.3502716;-0.7085232;3.210515;
KneeLeft;-0.2541567;-0.7731583;3.373899;
AnkleRight;-0.3262055;-1.074101;3.191827;
AnkleLeft;-0.07512082;-1.022652;3.3949;
FootRight;-0.3838753;-1.144101;3.208019;
FootLeft;-0.1485016;-1.076333;3.380012;
Head;-0.3218718;0.5291657;3.29156;
ShoulderCenter;-0.3186678;0.3237889;3.293459;
ShoulderRight;-0.2787777;0.1612286;3.15546;
ShoulderLeft;-0.362932;0.184726;3.125539;
ElbowRight;-0.3743612;-0.1100178;3.045285;
ElbowLeft;-0.4083441;-0.118076;3.189757;
WristRight;-0.5145008;-0.3374359;3.038582;
WristLeft;-0.5407919;-0.2297727;3.33603;
HandRight;-0.5514925;-0.4022009;3.023256;
HandLeft;-0.578513;-0.2734148;3.367961;
Spine;-0.3541861;-0.115557;3.274603;
HipCenter;-0.3367426;-0.1931098;3.213526;
HipRight;-0.3192678;-0.240784;3.143616;
HipLeft;-0.3585625;-0.2696998;3.260648;
KneeRight;-0.3781976;-0.7388964;3.208095;
KneeLeft;-0.2626168;-0.7761767;3.374043;
AnkleRight;-0.3308737;-1.077446;3.189864;
AnkleLeft;-0.1868543;-1.076535;3.344854;
FootRight;-0.4036017;-1.158894;3.194474;
FootLeft;-0.2677205;-1.119365;3.333651;
Head;-0.433472;0.5140417;3.305839;
ShoulderCenter;-0.3488421;0.323188;3.285971;
ShoulderRight;-0.3311165;0.160556;3.15522;
ShoulderLeft;-0.38344;0.1934254;3.131056;
ElbowRight;-0.4217151;-0.09481838;3.043565;
ElbowLeft;-0.4286608;-0.1080998;3.194999;
WristRight;-0.5704787;-0.2999341;3.016956;
WristLeft;-0.5600138;-0.2205458;3.340242;
HandRight;-0.5998718;-0.3836902;3.023683;
HandLeft;-0.5976567;-0.2640976;3.372108;
Spine;-0.4174676;-0.1438821;3.29275;
HipCenter;-0.3997777;-0.2334002;3.238863;
HipRight;-0.3878118;-0.2565438;3.207099;
HipLeft;-0.4168125;-0.2761493;3.263525;
KneeRight;-0.3844619;-0.7167442;3.201638;
KneeLeft;-0.3144035;-0.7642567;3.382511;
AnkleRight;-0.3312695;-1.07671;3.189568;
AnkleLeft;-0.2456925;-1.06209;3.308882;
FootRight;-0.4022219;-1.155114;3.192944;
FootLeft;-0.3135289;-1.124476;3.306008;
Head;-0.4917306;0.5094528;3.306102;
ShoulderCenter;-0.3878098;0.3294085;3.29333;
ShoulderRight;-0.3544164;0.164363;3.151335;
ShoulderLeft;-0.4259605;0.177381;3.11948;
ElbowRight;-0.4711863;-0.07726073;3.040722;
ElbowLeft;-0.4710485;-0.1232591;3.183231;
WristRight;-0.6352417;-0.3056576;3.025489;
WristLeft;-0.6016465;-0.2362074;3.327761;
HandRight;-0.6704218;-0.370135;3.031984;
HandLeft;-0.6391047;-0.2795453;3.35947;
Spine;-0.4660494;-0.1527867;3.327638;
HipCenter;-0.4551531;-0.2495794;3.280252;
HipRight;-0.4466085;-0.2658191;3.302562;
HipLeft;-0.469349;-0.2854725;3.25536;
KneeRight;-0.3877644;-0.7209036;3.198344;
KneeLeft;-0.3364673;-0.7701666;3.385744;
AnkleRight;-0.3313954;-1.076661;3.189418;
AnkleLeft;-0.4934225;-1.128084;3.391959;
FootRight;-0.4011372;-1.151734;3.196506;
FootLeft;-0.4549585;-1.174786;3.302789;
Head;-0.489777;0.526126;3.305671;
ShoulderCenter;-0.4259132;0.3277801;3.287746;
ShoulderRight;-0.3962314;0.1777796;3.150164;
ShoulderLeft;-0.4652034;0.1966995;3.134513;
ElbowRight;-0.5247507;-0.08695373;3.038157;
ElbowLeft;-0.5101232;-0.1028192;3.198022;
WristRight;-0.6761161;-0.2897432;3.021826;
WristLeft;-0.6397693;-0.2163836;3.341652;
HandRight;-0.7328894;-0.3490478;3.015264;
HandLeft;-0.6770885;-0.259561;3.373243;
Spine;-0.4756705;-0.1028855;3.317927;
HipCenter;-0.4704039;-0.1862987;3.268556;
HipRight;-0.464645;-0.227303;3.228643;
HipLeft;-0.4834138;-0.2404051;3.302334;
KneeRight;-0.409672;-0.7211897;3.193915;
KneeLeft;-0.647351;-0.7109427;3.396418;
AnkleRight;-0.3321028;-1.076997;3.189309;
AnkleLeft;-0.5404121;-1.10268;3.373061;
FootRight;-0.4013398;-1.151049;3.198001;
FootLeft;-0.5769432;-1.17467;3.415146;
Head;-0.5154175;0.5204865;3.300653;
ShoulderCenter;-0.4513787;0.3237536;3.292286;
ShoulderRight;-0.4140216;0.1705945;3.148962;
ShoulderLeft;-0.4949836;0.1926907;3.132966;
ElbowRight;-0.5629741;-0.08919851;3.032924;
ElbowLeft;-0.5547234;-0.1170818;3.094721;
WristRight;-0.7368186;-0.2840998;3.014966;
WristLeft;-0.6898455;-0.23171;3.231804;
HandRight;-0.7879072;-0.3296951;3.019681;
HandLeft;-0.7269671;-0.2746586;3.263227;
Spine;-0.5058115;-0.1347923;3.302797;
HipCenter;-0.5033083;-0.2226673;3.247613;
HipRight;-0.4842384;-0.2435145;3.217637;
HipLeft;-0.5212926;-0.2696415;3.273062;
KneeRight;-0.4209278;-0.7197886;3.19454;
KneeLeft;-0.6673103;-0.7968452;3.393581;
AnkleRight;-0.332183;-1.077232;3.189156;
AnkleLeft;-0.618991;-1.101878;3.371474;
FootRight;-0.407081;-1.147097;3.188796;
FootLeft;-0.6878754;-1.154565;3.397824;
Head;-0.5985965;0.5067683;3.298313;
ShoulderCenter;-0.5018678;0.3250902;3.29681;
ShoulderRight;-0.4622442;0.1701027;3.1577;
ShoulderLeft;-0.5468283;0.158173;3.125042;
ElbowRight;-0.6070406;-0.08982832;3.029892;
ElbowLeft;-0.5988243;-0.1523652;3.087034;
WristRight;-0.772505;-0.2738415;3.017122;
WristLeft;-0.7335755;-0.2648564;3.225294;
HandRight;-0.8424271;-0.3246151;3.031276;
HandLeft;-0.7706034;-0.3076965;3.256638;
Spine;-0.5328525;-0.1316059;3.294467;
HipCenter;-0.5199742;-0.2169013;3.240462;
HipRight;-0.5128849;-0.2557623;3.17393;
HipLeft;-0.5436841;-0.2765925;3.279814;
KneeRight;-0.440909;-0.7205019;3.192051;
KneeLeft;-0.7072251;-0.7550248;3.405747;
AnkleRight;-0.3338406;-1.076812;3.191188;
AnkleLeft;-0.7394627;-1.105638;3.394457;
FootRight;-0.4079517;-1.133874;3.178184;
FootLeft;-0.7065211;-1.147695;3.302015;
Head;-0.5339402;0.5258765;3.318702;
ShoulderCenter;-0.518875;0.3169097;3.294374;
ShoulderRight;-0.48388;0.1668215;3.158161;
ShoulderLeft;-0.5637218;0.1638049;3.120004;
ElbowRight;-0.6369079;-0.09031686;3.034541;
ElbowLeft;-0.6159151;-0.1479117;3.081883;
WristRight;-0.8171613;-0.2575062;3.03049;
WristLeft;-0.7514615;-0.259496;3.221406;
HandRight;-0.8868453;-0.3107719;3.028448;
HandLeft;-0.818903;-0.2902629;3.174478;
Spine;-0.5866848;-0.1074141;3.30465;
HipCenter;-0.5715128;-0.1880051;3.254661;
HipRight;-0.5609986;-0.2379559;3.194706;
HipLeft;-0.5919705;-0.2561243;3.302141;
KneeRight;-0.4658035;-0.7266923;3.193075;
KneeLeft;-0.741049;-0.7879279;3.400935;
AnkleRight;-0.336282;-1.078377;3.193616;
AnkleLeft;-0.8327764;-1.081234;3.399159;
FootRight;-0.3964905;-1.146275;3.19361;
FootLeft;-0.7920811;-1.125358;3.310868;
Head;-0.6335482;0.5057908;3.279995;
ShoulderCenter;-0.5752696;0.3102238;3.288173;
ShoulderRight;-0.5311038;0.1573716;3.16146;
ShoulderLeft;-0.5848897;0.168393;3.122202;
ElbowRight;-0.6698326;-0.09603706;3.039288;
ElbowLeft;-0.636976;-0.1426849;3.084008;
WristRight;-0.8395176;-0.2558973;3.031322;
WristLeft;-0.7720916;-0.254764;3.222777;
HandRight;-0.9096869;-0.3087335;3.032737;
HandLeft;-0.8400408;-0.285184;3.176141;
Spine;-0.6416498;-0.1736544;3.29075;
HipCenter;-0.6178369;-0.2681087;3.244715;
HipRight;-0.6068708;-0.2894359;3.271076;
HipLeft;-0.6336531;-0.3126749;3.211719;
KneeRight;-0.520411;-0.7369939;3.227446;
KneeLeft;-0.7702432;-0.7497196;3.396257;
AnkleRight;-0.3441215;-1.075294;3.193125;
AnkleLeft;-0.9574769;-1.115696;3.444171;
FootRight;-0.4118381;-1.132538;3.174787;
FootLeft;-0.9011739;-1.160585;3.36567;
Head;-0.7145679;0.4870602;3.335701;
ShoulderCenter;-0.6081959;0.3049201;3.2886;
ShoulderRight;-0.5508398;0.1568226;3.16752;
ShoulderLeft;-0.5893981;0.164073;3.122942;
ElbowRight;-0.6943013;-0.08929592;3.042485;
ElbowLeft;-0.6231378;-0.09983123;3.120286;
WristRight;-0.8807322;-0.2388718;3.032235;
WristLeft;-0.7623839;-0.1880925;3.270673;
HandRight;-0.9412319;-0.3027454;3.029072;
HandLeft;-0.8255436;-0.2287356;3.224748;
Spine;-0.6869892;-0.1603521;3.287522;
HipCenter;-0.6564289;-0.2529612;3.25026;
HipRight;-0.6561742;-0.2792522;3.287262;
HipLeft;-0.6615254;-0.3076726;3.207782;
KneeRight;-0.5270578;-0.7356578;3.221321;
KneeLeft;-0.8219145;-0.7530475;3.406572;
AnkleRight;-0.3495732;-1.075678;3.194639;
AnkleLeft;-1.001656;-1.123542;3.443994;
FootRight;-0.4212944;-1.146529;3.202384;
FootLeft;-0.930635;-1.17018;3.380484;
Head;-0.6840708;0.5045366;3.349312;
ShoulderCenter;-0.6378402;0.2986333;3.294311;
ShoulderRight;-0.6087581;0.1551234;3.170549;
ShoulderLeft;-0.6574697;0.1447376;3.139256;
ElbowRight;-0.7320864;-0.09041261;3.043616;
ElbowLeft;-0.6651415;-0.1110913;3.136683;
WristRight;-0.9119743;-0.2672939;3.034181;
WristLeft;-0.8043869;-0.1993521;3.287048;
HandRight;-0.9568698;-0.3142675;3.028752;
HandLeft;-0.8627488;-0.2404017;3.235171;
Spine;-0.7001051;-0.1786848;3.292428;
HipCenter;-0.6800029;-0.2705887;3.242528;
HipRight;-0.6713882;-0.3016287;3.275268;
HipLeft;-0.6962775;-0.3142419;3.201252;
KneeRight;-0.5420129;-0.7273331;3.205299;
KneeLeft;-0.8246638;-0.7543045;3.40057;
AnkleRight;-0.3560941;-1.075078;3.194675;
AnkleLeft;-0.9971513;-1.118723;3.440231;
FootRight;-0.423163;-1.146587;3.202416;
FootLeft;-0.947132;-1.162315;3.357996;
Head;-0.6692442;0.5129471;3.30409;
ShoulderCenter;-0.6882631;0.306269;3.301398;
ShoulderRight;-0.6278652;0.1541344;3.173779;
ShoulderLeft;-0.7188666;0.1520426;3.114729;
ElbowRight;-0.7571493;-0.09779184;3.05068;
ElbowLeft;-0.7281123;-0.1042082;3.11272;
WristRight;-0.9244865;-0.2718481;3.034693;
WristLeft;-0.8673896;-0.1924892;3.263097;
HandRight;-0.9646025;-0.3229529;3.027912;
HandLeft;-0.9257353;-0.244537;3.221899;
Spine;-0.7344494;-0.1663935;3.288865;
HipCenter;-0.7099897;-0.2552565;3.237622;
HipRight;-0.7010705;-0.2816278;3.263688;
HipLeft;-0.7247534;-0.2939707;3.201888;
KneeRight;-0.5664895;-0.7373427;3.194053;
KneeLeft;-0.8445832;-0.7404787;3.391794;
AnkleRight;-0.3660919;-1.077751;3.199182;
AnkleLeft;-0.9619718;-1.070829;3.410798;
FootRight;-0.4304106;-1.14948;3.206356;
FootLeft;-0.9106013;-1.113272;3.328701;
Head;-0.7758275;0.506357;3.294401;
ShoulderCenter;-0.7333454;0.3076312;3.310929;
ShoulderRight;-0.6855574;0.1538586;3.179756;
ShoulderLeft;-0.7430782;0.1435378;3.117556;
ElbowRight;-0.7861169;-0.1031109;3.059125;
ElbowLeft;-0.7352542;-0.1009805;3.113784;
WristRight;-0.9382262;-0.2797965;3.034693;
WristLeft;-0.8744713;-0.1892233;3.26407;
HandRight;-1.005995;-0.336387;3.041904;
HandLeft;-0.9318537;-0.2427189;3.222929;
Spine;-0.7674065;-0.1716029;3.283458;
HipCenter;-0.729636;-0.2601571;3.238937;
HipRight;-0.7183836;-0.2938133;3.270083;
HipLeft;-0.7441186;-0.2971691;3.197496;
KneeRight;-0.5925573;-0.742834;3.196059;
KneeLeft;-0.8911144;-0.7525446;3.40049;
AnkleRight;-0.3865546;-1.073864;3.200613;
AnkleLeft;-0.9654917;-1.073066;3.412988;
FootRight;-0.3175468;-1.116393;3.132686;
FootLeft;-0.8964839;-1.115595;3.345062;
Head;-0.8286138;0.5067134;3.324961;
ShoulderCenter;-0.7663655;0.3057631;3.308877;
ShoulderRight;-0.7137222;0.1533576;3.178546;
ShoulderLeft;-0.7544274;0.1631091;3.137051;
ElbowRight;-0.8083597;-0.1086533;3.069757;
ElbowLeft;-0.7973954;-0.06572992;3.119038;
WristRight;-0.9720433;-0.3024836;3.042194;
WristLeft;-0.9372719;-0.1485032;3.271228;
HandRight;-1.037251;-0.3624528;3.04647;
HandLeft;-0.9758213;-0.2165236;3.229349;
Spine;-0.8087647;-0.1795522;3.283688;
HipCenter;-0.7712889;-0.2706602;3.239126;
HipRight;-0.77003;-0.28932;3.252629;
HipLeft;-0.7739358;-0.2902757;3.217063;
KneeRight;-0.6823594;-0.7219477;3.206523;
KneeLeft;-0.9172248;-0.7736074;3.409798;
AnkleRight;-0.434511;-1.059452;3.20887;
AnkleLeft;-0.9750662;-1.079021;3.41867;
FootRight;-0.4409244;-1.148774;3.204905;
FootLeft;-0.9063768;-1.121863;3.351084;
Head;-0.8424425;0.5174792;3.333607;
ShoulderCenter;-0.8134792;0.307898;3.306547;
ShoulderRight;-0.7585027;0.1573209;3.182615;
ShoulderLeft;-0.7577628;0.1774347;3.158912;
ElbowRight;-0.8414099;-0.1174079;3.08057;
ElbowLeft;-0.8074305;-0.05537738;3.134704;
WristRight;-0.9741357;-0.3075015;3.04251;
WristLeft;-0.9464462;-0.1434925;3.284746;
HandRight;-1.025217;-0.3800457;3.044323;
HandLeft;-0.9815044;-0.2118506;3.240324;
Spine;-0.8831143;-0.1570046;3.256658;
HipCenter;-0.833707;-0.2522787;3.250363;
HipRight;-0.836962;-0.2709173;3.229959;
HipLeft;-0.8317081;-0.2709638;3.266037;
KneeRight;-0.7323659;-0.7745295;3.200297;
KneeLeft;-0.9699354;-0.7672032;3.380444;
AnkleRight;-0.4775876;-1.03627;3.21758;
AnkleLeft;-0.9862994;-1.08085;3.437194;
FootRight;-0.4767765;-1.12213;3.244233;
FootLeft;-0.8931905;-1.129801;3.435625;
Head;-0.8831527;0.5112206;3.322728;
ShoulderCenter;-0.8458785;0.3045856;3.309319;
ShoulderRight;-0.8108413;0.1654731;3.176111;
ShoulderLeft;-0.7869301;0.2158653;3.180528;
ElbowRight;-0.8608025;-0.1132246;3.08707;
ElbowLeft;-0.8069355;-0.03274934;3.160882;
WristRight;-0.9756115;-0.3139537;3.044218;
WristLeft;-0.9459113;-0.1208392;3.310915;
HandRight;-1.023001;-0.3888117;3.049516;
HandLeft;-0.979046;-0.1897292;3.265817;
Spine;-0.8503782;-0.07913566;3.216071;
HipCenter;-0.8442181;-0.1638105;3.263247;
HipRight;-0.8467968;-0.2329241;3.190339;
HipLeft;-0.8387689;-0.2386734;3.317183;
KneeRight;-0.8269106;-0.7490534;3.199656;
KneeLeft;-0.9488568;-0.7635046;3.219121;
AnkleRight;-0.55669;-0.9936594;3.211123;
AnkleLeft;-0.9924392;-1.082336;3.444476;
FootRight;-0.5224103;-1.091336;3.219071;
FootLeft;-1.051336;-1.149332;3.431674;
Head;-0.8611051;0.5210893;3.342586;
ShoulderCenter;-0.8825366;0.3099295;3.308542;
ShoulderRight;-0.8236343;0.1648312;3.179133;
ShoulderLeft;-0.9176116;0.1372388;3.138836;
ElbowRight;-0.8946607;-0.1181114;3.093107;
ElbowLeft;-0.8914667;-0.09142798;3.144399;
WristRight;-0.9805993;-0.3317934;3.044552;
WristLeft;-1.033399;-0.1721304;3.295426;
HandRight;-0.9864388;-0.3826867;3.045166;
HandLeft;-1.066487;-0.2415565;3.25082;
Spine;-0.8979247;-0.1525159;3.304136;
HipCenter;-0.8771138;-0.2369015;3.248304;
HipRight;-0.8571871;-0.2825527;3.191219;
HipLeft;-0.8950119;-0.2891744;3.291987;
KneeRight;-0.8912283;-0.6806086;3.290143;
KneeLeft;-1.002324;-0.7571661;3.215059;
AnkleRight;-0.6602418;-0.9735354;3.207759;
AnkleLeft;-0.993911;-1.084233;3.445388;
FootRight;-0.626308;-1.014453;3.116921;
FootLeft;-1.053843;-1.149307;3.43209;
Head;-0.941492;0.5234655;3.343904;
ShoulderCenter;-0.915152;0.3130578;3.317071;
ShoulderRight;-0.8567179;0.1610713;3.185571;
ShoulderLeft;-0.9474787;0.1536465;3.144776;
ElbowRight;-0.9078282;-0.1228101;3.094187;
ElbowLeft;-0.9021457;-0.09179353;3.14582;
WristRight;-0.9849804;-0.3413795;3.058034;
WristLeft;-1.041017;-0.1798171;3.29566;
HandRight;-1.00233;-0.4279954;3.046769;
HandLeft;-1.074159;-0.2493557;3.250981;
Spine;-0.900367;-0.1578824;3.311103;
HipCenter;-0.8743945;-0.243219;3.257986;
HipRight;-0.8440098;-0.2839536;3.299294;
HipLeft;-0.8915696;-0.2982267;3.227282;
KneeRight;-1.024603;-0.6872414;3.227041;
KneeLeft;-0.8965997;-0.6846712;3.411522;
AnkleRight;-0.7223139;-0.9796957;3.228672;
AnkleLeft;-0.9964079;-1.086702;3.444744;
FootRight;-0.684598;-1.020248;3.138994;
FootLeft;-1.056202;-1.151991;3.43102;
Head;-1.023468;0.5091901;3.343773;
ShoulderCenter;-0.9438053;0.3125019;3.315037;
ShoulderRight;-0.8865229;0.1735802;3.190873;
ShoulderLeft;-0.9496222;0.168297;3.155326;
ElbowRight;-0.9275351;-0.1219289;3.095658;
ElbowLeft;-0.9567111;-0.06229465;3.155511;
WristRight;-0.9881225;-0.3455706;3.060774;
WristLeft;-1.102218;-0.1257761;3.310587;
HandRight;-1.000544;-0.4329059;3.048302;
HandLeft;-1.135374;-0.1953457;3.265888;
Spine;-0.9294046;-0.1631098;3.321513;
HipCenter;-0.8955345;-0.2496339;3.270841;
HipRight;-0.8732664;-0.2786047;3.300084;
HipLeft;-0.9126009;-0.2906405;3.240728;
KneeRight;-1.090532;-0.6693412;3.23428;
KneeLeft;-0.9272529;-0.6928737;3.426223;
AnkleRight;-0.8045685;-0.9786947;3.246543;
AnkleLeft;-1.004416;-1.107514;3.433259;
FootRight;-0.7938147;-1.098845;3.249074;
FootLeft;-1.072012;-1.165656;3.431366;
Head;-1.019699;0.5224446;3.34528;
ShoulderCenter;-0.9676843;0.3165415;3.316805;
ShoulderRight;-0.9076063;0.1688487;3.194007;
ShoulderLeft;-0.9696596;0.1629961;3.139492;
ElbowRight;-0.9491104;-0.1193375;3.096779;
ElbowLeft;-0.9662663;-0.09047382;3.146047;
WristRight;-0.9909958;-0.3472595;3.061686;
WristLeft;-1.105052;-0.1784434;3.295779;
HandRight;-0.9985818;-0.4194373;3.050966;
HandLeft;-1.13825;-0.2480984;3.251025;
Spine;-0.973305;-0.1611553;3.316141;
HipCenter;-0.933409;-0.2491409;3.271371;
HipRight;-0.9145314;-0.2767936;3.293093;
HipLeft;-0.9518073;-0.2790399;3.244027;
KneeRight;-1.144199;-0.6991816;3.25454;
KneeLeft;-0.9842587;-0.7130414;3.42816;
AnkleRight;-0.9375101;-0.9891846;3.269108;
AnkleLeft;-1.039378;-1.120864;3.407098;
FootRight;-0.8756601;-1.031;3.194995;
FootLeft;-0.9775279;-1.16268;3.332985;
Head;-1.029889;0.5325748;3.347028;
ShoulderCenter;-1.009299;0.3205673;3.305442;
ShoulderRight;-0.971481;0.1680231;3.18537;
ShoulderLeft;-1.060401;0.1602049;3.161332;
ElbowRight;-0.9653133;-0.1141937;3.097648;
ElbowLeft;-0.9788525;-0.08930335;3.143229;
WristRight;-1.007772;-0.3428823;3.073478;
WristLeft;-1.117652;-0.1772813;3.293004;
HandRight;-1.01645;-0.430711;3.061638;
HandLeft;-1.150872;-0.2469847;3.248219;
Spine;-0.9767488;-0.1332953;3.340873;
HipCenter;-0.9571719;-0.2171513;3.294719;
HipRight;-0.9282688;-0.2663277;3.265457;
HipLeft;-0.975154;-0.2617294;3.328305;
KneeRight;-1.224616;-0.6691787;3.24387;
KneeLeft;-1.001539;-0.7179837;3.434085;
AnkleRight;-1.014369;-1.027643;3.305346;
AnkleLeft;-1.08314;-1.134738;3.429039;
FootRight;-1.028418;-1.134887;3.360176;
FootLeft;-1.05942;-1.177445;3.335592;
Head;-1.184248;0.4831231;3.386532;
ShoulderCenter;-1.04326;0.3247347;3.320112;
ShoulderRight;-0.9937297;0.1680146;3.189844;
ShoulderLeft;-1.06492;0.1632893;3.15886;
ElbowRight;-0.9940914;-0.140106;3.100965;
ElbowLeft;-0.9933915;-0.08350879;3.137691;
WristRight;-1.030718;-0.36984;3.077722;
WristLeft;-1.13228;-0.171543;3.287591;
HandRight;-1.034345;-0.4229729;3.077522;
HandLeft;-1.165542;-0.2413348;3.24275;
Spine;-1.016969;-0.1221707;3.347739;
HipCenter;-0.9866702;-0.2063827;3.302839;
HipRight;-0.9665194;-0.2618378;3.253526;
HipLeft;-0.9969261;-0.2620886;3.344543;
KneeRight;-1.26888;-0.6980359;3.266398;
KneeLeft;-1.069338;-0.7328507;3.435836;
AnkleRight;-1.09461;-1.078385;3.319251;
AnkleLeft;-1.010795;-1.123142;3.424445;
FootRight;-1.118898;-1.183308;3.375626;
FootLeft;-0.9737178;-1.165268;3.334867;
Head;-1.163266;0.5217028;3.383843;
ShoulderCenter;-1.093931;0.3208874;3.322729;
ShoulderRight;-1.019546;0.2190489;3.23366;
ShoulderLeft;-1.127464;0.1668914;3.182214;
ElbowRight;-1.013214;-0.08323969;3.116096;
ElbowLeft;-1.032726;-0.04560257;3.162438;
WristRight;-1.050372;-0.3513893;3.091059;
WristLeft;-1.19773;-0.07414777;3.30939;
HandRight;-1.049973;-0.4231678;3.088443;
HandLeft;-1.230994;-0.1439417;3.264546;
Spine;-1.053166;-0.1290746;3.341903;
HipCenter;-1.02474;-0.2123959;3.296364;
HipRight;-0.9903651;-0.2625896;3.254422;
HipLeft;-1.046363;-0.2642411;3.328234;
KneeRight;-1.31493;-0.684382;3.270189;
KneeLeft;-1.090833;-0.7209692;3.426437;
AnkleRight;-1.205048;-1.089814;3.298244;
AnkleLeft;-1.020079;-1.119676;3.43076;
FootRight;-1.169024;-1.131199;3.207999;
FootLeft;-1.059689;-1.199326;3.418675;
Head;-1.146253;0.5300739;3.367135;
ShoulderCenter;-1.118502;0.3186439;3.322182;
ShoulderRight;-1.068498;0.1687152;3.198665;
ShoulderLeft;-1.146841;0.1651635;3.15981;
ElbowRight;-1.055;-0.09631327;3.103301;
ElbowLeft;-1.035482;-0.0353689;3.168406;
WristRight;-1.079938;-0.3549788;3.0966;
WristLeft;-1.197943;-0.08429596;3.312484;
HandRight;-1.07677;-0.426901;3.091696;
HandLeft;-1.231234;-0.1541482;3.267603;
Spine;-1.084279;-0.1258459;3.337657;
HipCenter;-1.051959;-0.207513;3.293527;
HipRight;-1.027899;-0.2643409;3.242481;
HipLeft;-1.063138;-0.2631998;3.331846;
KneeRight;-1.352676;-0.672533;3.272561;
KneeLeft;-1.175228;-0.7193507;3.395279;
AnkleRight;-1.31805;-1.097906;3.274607;
AnkleLeft;-1.028395;-1.116313;3.429214;
FootRight;-1.375613;-1.166475;3.268169;
FootLeft;-1.063174;-1.196384;3.408338;
Head;-1.156997;0.5171289;3.314233;
ShoulderCenter;-1.163765;0.3110858;3.326267;
ShoulderRight;-1.093794;0.1616241;3.199593;
ShoulderLeft;-1.150384;0.1256893;3.134716;
ElbowRight;-1.090492;-0.1397632;3.114373;
ElbowLeft;-1.037141;-0.07012647;3.158399;
WristRight;-1.111455;-0.3710782;3.0961;
WristLeft;-1.194356;-0.1313772;3.30321;
HandRight;-1.117951;-0.4369958;3.097455;
HandLeft;-1.227715;-0.2013701;3.258239;
Spine;-1.156087;-0.1388116;3.324982;
HipCenter;-1.113693;-0.2210241;3.288747;
HipRight;-1.095245;-0.2704778;3.237479;
HipLeft;-1.121927;-0.2761024;3.329688;
KneeRight;-1.369535;-0.6818467;3.280735;
KneeLeft;-1.066006;-0.7123259;3.442188;
AnkleRight;-1.421166;-1.100145;3.254793;
AnkleLeft;-1.030977;-1.117008;3.427987;
FootRight;-1.523125;-1.139724;3.237154;
FootLeft;-1.06531;-1.196015;3.403395;
Head;-1.137618;0.5156455;3.339845;
ShoulderCenter;-1.186758;0.3111176;3.3345;
ShoulderRight;-1.117076;0.158338;3.195288;
ShoulderLeft;-1.170037;0.1632469;3.155831;
ElbowRight;-1.111653;-0.1441737;3.11377;
ElbowLeft;-1.150893;-0.06511688;3.163984;
WristRight;-1.164146;-0.3703478;3.10022;
WristLeft;-1.294151;-0.1409968;3.315333;
HandRight;-1.159321;-0.4365107;3.099119;
HandLeft;-1.341903;-0.1662901;3.370743;
Spine;-1.159954;-0.1427326;3.337303;
HipCenter;-1.120851;-0.2245514;3.296251;
HipRight;-1.105762;-0.2762733;3.246679;
HipLeft;-1.125273;-0.2769776;3.335916;
KneeRight;-1.393662;-0.7276165;3.299484;
KneeLeft;-1.077118;-0.7437974;3.438191;
AnkleRight;-1.517943;-1.09392;3.24153;
AnkleLeft;-1.03029;-1.111625;3.429185;
FootRight;-1.460309;-1.134894;3.163306;
FootLeft;-1.062627;-1.191122;3.403331;
Head;-1.249482;0.4944132;3.298006;
ShoulderCenter;-1.230106;0.2997423;3.340694;
ShoulderRight;-1.17355;0.1607186;3.206878;
ShoulderLeft;-1.17898;0.1589216;3.156762;
ElbowRight;-1.171577;-0.1062181;3.112565;
ElbowLeft;-1.231764;-0.09178486;3.164259;
WristRight;-1.202458;-0.360506;3.109207;
WristLeft;-1.370254;-0.1795671;3.31364;
HandRight;-1.189627;-0.4405643;3.100251;
HandLeft;-1.416418;-0.2088278;3.368407;
Spine;-1.22374;-0.1617697;3.318104;
HipCenter;-1.165052;-0.2466436;3.310736;
HipRight;-1.154528;-0.2797123;3.273528;
HipLeft;-1.160603;-0.2867171;3.340973;
KneeRight;-1.430161;-0.7161406;3.279873;
KneeLeft;-1.084633;-0.7518425;3.442643;
AnkleRight;-1.58191;-1.08967;3.246318;
AnkleLeft;-1.031909;-1.110017;3.429296;
FootRight;-1.486702;-1.133296;3.233519;
FootLeft;-1.063026;-1.189857;3.402842;
Head;-1.366347;0.4864395;3.337346;
ShoulderCenter;-1.272343;0.2961061;3.319784;
ShoulderRight;-1.197573;0.1626458;3.207411;
ShoulderLeft;-1.282501;0.1624993;3.167389;
ElbowRight;-1.204413;-0.1459634;3.124285;
ElbowLeft;-1.231267;-0.1104097;3.16398;
WristRight;-1.223709;-0.3767416;3.10578;
WristLeft;-1.369454;-0.1979998;3.313036;
HandRight;-1.228247;-0.4334213;3.098773;
HandLeft;-1.415517;-0.2271965;3.367682;
Spine;-1.235582;-0.165671;3.349859;
HipCenter;-1.205908;-0.2530541;3.309629;
HipRight;-1.182066;-0.3105949;3.261606;
HipLeft;-1.22298;-0.3044502;3.353477;
KneeRight;-1.462606;-0.6499258;3.254802;
KneeLeft;-1.366312;-0.7421649;3.348835;
AnkleRight;-1.591174;-1.057812;3.247197;
AnkleLeft;-1.086811;-1.053399;3.411164;
FootRight;-1.701234;-1.10859;3.254021;
FootLeft;-1.054377;-1.161164;3.410863;
Head;-1.316318;0.5017261;3.326389;
ShoulderCenter;-1.305997;0.2926733;3.326488;
ShoulderRight;-1.240944;0.1499146;3.20488;
ShoulderLeft;-1.278225;0.158251;3.168942;
ElbowRight;-1.257363;-0.119639;3.1138;
ElbowLeft;-1.255899;-0.1165476;3.165977;
WristRight;-1.296616;-0.374938;3.123445;
WristLeft;-1.394116;-0.2041565;3.315097;
HandRight;-1.295989;-0.4416889;3.117806;
HandLeft;-1.440188;-0.2333594;3.369755;
Spine;-1.302494;-0.1583415;3.338286;
HipCenter;-1.261784;-0.2426021;3.305262;
HipRight;-1.248685;-0.2838811;3.267203;
HipLeft;-1.267067;-0.2831449;3.337584;
KneeRight;-1.517731;-0.6377105;3.267793;
KneeLeft;-1.291471;-0.7701744;3.426755;
AnkleRight;-1.611733;-1.056116;3.25138;
AnkleLeft;-1.042703;-1.108783;3.429156;
FootRight;-1.544656;-1.098646;3.181756;
FootLeft;-1.071716;-1.188889;3.40085;
Head;-1.355844;0.5036756;3.33703;
ShoulderCenter;-1.337256;0.2930524;3.325121;
ShoulderRight;-1.279182;0.1429861;3.212554;
ShoulderLeft;-1.295295;0.159848;3.17228;
ElbowRight;-1.307698;-0.1647913;3.135247;
ElbowLeft;-1.315814;-0.1235954;3.172894;
WristRight;-1.355707;-0.3909407;3.116429;
WristLeft;-1.453769;-0.2110387;3.321733;
HandRight;-1.349009;-0.4290935;3.111295;
HandLeft;-1.499755;-0.2401865;3.376288;
Spine;-1.324627;-0.1606732;3.323227;
HipCenter;-1.271681;-0.2439131;3.308473;
HipRight;-1.262406;-0.3027781;3.257956;
HipLeft;-1.280517;-0.3021432;3.358806;
KneeRight;-1.555314;-0.6981592;3.279;
KneeLeft;-1.298511;-0.7695953;3.433993;
AnkleRight;-1.632834;-1.085803;3.252302;
AnkleLeft;-1.0732;-1.104898;3.422208;
FootRight;-1.542122;-1.12876;3.219235;
FootLeft;-1.101955;-1.184777;3.392868;
Head;-1.415177;0.5125816;3.358911;
ShoulderCenter;-1.386211;0.3007574;3.3144;
ShoulderRight;-1.291252;0.1455165;3.29594;
ShoulderLeft;-1.365915;0.1427609;3.162846;
ElbowRight;-1.356865;-0.1319229;3.139531;
ElbowLeft;-1.327852;-0.09688883;3.181632;
WristRight;-1.411417;-0.3637018;3.109578;
WristLeft;-1.46555;-0.184169;3.330195;
HandRight;-1.41079;-0.4304526;3.10394;
HandLeft;-1.51145;-0.2132623;3.384648;
Spine;-1.371696;-0.1470599;3.332432;
HipCenter;-1.321219;-0.2299703;3.312829;
HipRight;-1.295272;-0.277464;3.261844;
HipLeft;-1.331518;-0.2871125;3.360275;
KneeRight;-1.379549;-0.6644934;3.411673;
KneeLeft;-1.318057;-0.7694815;3.457486;
AnkleRight;-1.598687;-1.017814;3.272034;
AnkleLeft;-1.106391;-1.086915;3.418514;
FootRight;-1.515442;-1.060606;3.222863;
FootLeft;-1.134884;-1.166863;3.388965;
Head;-1.492437;0.5021265;3.306261;
ShoulderCenter;-1.42762;0.3054101;3.315793;
ShoulderRight;-1.361188;0.1482049;3.211883;
ShoulderLeft;-1.410517;0.1488247;3.157042;
ElbowRight;-1.413486;-0.1543578;3.123946;
ElbowLeft;-1.407742;-0.09279109;3.156654;
WristRight;-1.531858;-0.3718514;3.134453;
WristLeft;-1.545619;-0.1801846;3.30545;
HandRight;-1.531231;-0.4386022;3.128815;
HandLeft;-1.591578;-0.2093158;3.359974;
Spine;-1.404869;-0.1665032;3.341387;
HipCenter;-1.361063;-0.2560596;3.313605;
HipRight;-1.348179;-0.2709467;3.293236;
HipLeft;-1.369431;-0.2830771;3.333811;
KneeRight;-1.425593;-0.6755918;3.431755;
KneeLeft;-1.373502;-0.7966574;3.475302;
AnkleRight;-1.624562;-1.032583;3.26595;
AnkleLeft;-1.12098;-1.088788;3.424166;
FootRight;-1.553708;-1.075231;3.199992;
FootLeft;-1.149567;-1.168742;3.394592;
Head;-1.484931;0.5142843;3.31205;
ShoulderCenter;-1.467226;0.3073494;3.319381;
ShoulderRight;-1.356948;0.1680728;3.301383;
ShoulderLeft;-1.438644;0.1522783;3.160146;
ElbowRight;-1.451449;-0.1050046;3.154395;
ElbowLeft;-1.464175;-0.07872164;3.172068;
WristRight;-1.571738;-0.3588676;3.11961;
WristLeft;-1.601828;-0.1659726;3.320622;
HandRight;-1.571111;-0.4256184;3.113971;
HandLeft;-1.647712;-0.1950563;3.375057;
Spine;-1.468524;-0.1727739;3.319926;
HipCenter;-1.420741;-0.2631291;3.295675;
HipRight;-1.396945;-0.3013131;3.327605;
HipLeft;-1.437003;-0.3088198;3.258027;
KneeRight;-1.491398;-0.7253562;3.456997;
KneeLeft;-1.513638;-0.7546346;3.411656;
AnkleRight;-1.662103;-1.076909;3.24412;
AnkleLeft;-1.204073;-1.051905;3.431255;
FootRight;-1.57996;-1.120145;3.193295;
FootLeft;-1.200549;-1.139718;3.412055;
Head;-1.544849;0.5091676;3.290574;
ShoulderCenter;-1.509554;0.305098;3.301112;
ShoulderRight;-1.412058;0.1675039;3.310611;
ShoulderLeft;-1.486582;0.1532599;3.141866;
ElbowRight;-1.508627;-0.08163173;3.120686;
ElbowLeft;-1.53888;-0.1541919;3.108179;
WristRight;-1.618995;-0.3490046;3.09624;
WristLeft;-1.670236;-0.2736759;3.240419;
HandRight;-1.627502;-0.4278157;3.085605;
HandLeft;-1.669034;-0.3533209;3.198331;
Spine;-1.503425;-0.1643783;3.315512;
HipCenter;-1.454151;-0.2524657;3.299011;
HipRight;-1.434763;-0.2986195;3.351539;
HipLeft;-1.467444;-0.3223716;3.245262;
KneeRight;-1.528688;-0.7158687;3.456676;
KneeLeft;-1.496201;-0.8049692;3.491214;
AnkleRight;-1.66482;-1.07921;3.244427;
AnkleLeft;-1.234368;-1.05563;3.449301;
FootRight;-1.57767;-1.12278;3.202976;
FootLeft;-1.262994;-1.135646;3.41966;
Head;-1.55377;0.5163985;3.299785;
ShoulderCenter;-1.526386;0.3087375;3.30065;
ShoulderRight;-1.420604;0.1767701;3.396302;
ShoulderLeft;-1.497403;0.148085;3.149594;
ElbowRight;-1.522571;-0.04732648;3.176442;
ElbowLeft;-1.575221;-0.09244038;3.07114;
WristRight;-1.630987;-0.3329899;3.101088;
WristLeft;-1.712584;-0.1795078;3.219301;
HandRight;-1.661044;-0.4685798;3.078418;
HandLeft;-1.758371;-0.2085303;3.273622;
Spine;-1.544977;-0.1658086;3.301992;
HipCenter;-1.496266;-0.2577113;3.288826;
HipRight;-1.477306;-0.2963434;3.319227;
HipLeft;-1.516158;-0.292354;3.25355;
KneeRight;-1.585575;-0.7078535;3.479444;
KneeLeft;-1.615627;-0.7129343;3.331447;
AnkleRight;-1.663105;-1.078991;3.248275;
AnkleLeft;-1.318534;-0.9980036;3.436852;
FootRight;-1.572319;-1.123981;3.217319;
FootLeft;-1.283828;-1.099833;3.441921;
Head;-1.599834;0.5313715;3.316739;
ShoulderCenter;-1.587164;0.318769;3.298244;
ShoulderRight;-1.450751;0.1831608;3.432757;
ShoulderLeft;-1.554806;0.1575734;3.136946;
ElbowRight;-1.550223;-0.007206887;3.178273;
ElbowLeft;-1.594711;-0.1202085;3.091071;
WristRight;-1.648855;-0.2992745;3.119827;
WristLeft;-1.732011;-0.2072359;3.239136;
HandRight;-1.6658;-0.4030679;3.105462;
HandLeft;-1.720985;-0.2936858;3.215526;
Spine;-1.578236;-0.1513494;3.299801;
HipCenter;-1.524895;-0.239625;3.285219;
HipRight;-1.492926;-0.2856994;3.320431;
HipLeft;-1.540694;-0.2864108;3.245934;
KneeRight;-1.608094;-0.6752055;3.474145;
KneeLeft;-1.631645;-0.7241889;3.369688;
AnkleRight;-1.660511;-1.066033;3.262395;
AnkleLeft;-1.338014;-1.012009;3.481297;
FootRight;-1.570103;-1.10945;3.227426;
FootLeft;-1.364308;-1.121469;3.47657;
Head;-1.702947;0.5051709;3.291337;
ShoulderCenter;-1.605617;0.3188089;3.291491;
ShoulderRight;-1.469909;0.1832999;3.426478;
ShoulderLeft;-1.56448;0.1942236;3.15112;
ElbowRight;-1.575123;0.01564667;3.15678;
ElbowLeft;-1.608494;-0.01568709;3.038171;
WristRight;-1.665464;-0.2612532;3.131981;
WristLeft;-1.740862;-0.06716146;3.204641;
HandRight;-1.673971;-0.3400643;3.121347;
HandLeft;-1.784985;-0.08431958;3.265069;
Spine;-1.589041;-0.142188;3.307473;
HipCenter;-1.535599;-0.2261514;3.298444;
HipRight;-1.509005;-0.2676637;3.346027;
HipLeft;-1.555257;-0.2606049;3.257229;
KneeRight;-1.625346;-0.6658196;3.478433;
KneeLeft;-1.643093;-0.7150017;3.370005;
AnkleRight;-1.662299;-1.059882;3.266321;
AnkleLeft;-1.347621;-1.00361;3.480767;
FootRight;-1.57106;-1.103281;3.233312;
FootLeft;-1.256383;-1.047009;3.447757;
Head;-1.712583;0.4992881;3.260694;
ShoulderCenter;-1.626971;0.3181985;3.295377;
ShoulderRight;-1.491349;0.1827247;3.430647;
ShoulderLeft;-1.570889;0.195485;3.179888;
ElbowRight;-1.597026;0.00821507;3.166207;
ElbowLeft;-1.628877;-0.1105274;3.146741;
WristRight;-1.680635;-0.2590394;3.157921;
WristLeft;-1.747451;-0.2685203;3.250186;
HandRight;-1.689143;-0.3378505;3.147287;
HandLeft;-1.735364;-0.354806;3.225331;
Spine;-1.615583;-0.144372;3.315374;
HipCenter;-1.560362;-0.2299964;3.306877;
HipRight;-1.538235;-0.2706322;3.345645;
HipLeft;-1.574947;-0.2570178;3.268843;
KneeRight;-1.650766;-0.6698967;3.493719;
KneeLeft;-1.66246;-0.738633;3.366991;
AnkleRight;-1.662793;-1.059813;3.266544;
AnkleLeft;-1.365232;-1.027806;3.477429;
FootRight;-1.570801;-1.103519;3.23582;
FootLeft;-1.273239;-1.071512;3.446705;
Head;-1.700408;0.5036141;3.263834;
ShoulderCenter;-1.632787;0.3146227;3.298383;
ShoulderRight;-1.497142;0.1791575;3.433703;
ShoulderLeft;-1.573006;0.1924302;3.185039;
ElbowRight;-1.612028;-0.01914306;3.193836;
ElbowLeft;-1.630575;-0.1135407;3.150336;
WristRight;-1.650596;-0.3242673;3.130291;
WristLeft;-1.75019;-0.269347;3.255492;
HandRight;-1.662732;-0.4317801;3.115072;
HandLeft;-1.738082;-0.3557808;3.230595;
Spine;-1.638749;-0.1374887;3.336611;
HipCenter;-1.58949;-0.2225661;3.334766;
HipRight;-1.568307;-0.2756673;3.398605;
HipLeft;-1.59822;-0.2612333;3.276899;
KneeRight;-1.689067;-0.6829836;3.527078;
KneeLeft;-1.672617;-0.7375404;3.293473;
AnkleRight;-1.667089;-1.057043;3.269319;
AnkleLeft;-1.374478;-1.027906;3.404102;
FootRight;-1.575375;-1.102273;3.239694;
FootLeft;-1.282763;-1.073136;3.374476;
Head;-1.67163;0.5445708;3.263314;
ShoulderCenter;-1.681848;0.3360843;3.273943;
ShoulderRight;-1.594652;0.1979723;3.440648;
ShoulderLeft;-1.61665;0.2140667;3.165106;
ElbowRight;-1.628265;-0.005186915;3.178266;
ElbowLeft;-1.640218;-0.09601544;3.147894;
WristRight;-1.652486;-0.3137971;3.131533;
WristLeft;-1.744677;-0.2632795;3.251499;
HandRight;-1.659151;-0.3805414;3.127986;
HandLeft;-1.732553;-0.3498252;3.22657;
Spine;-1.671751;-0.1237726;3.350727;
HipCenter;-1.616318;-0.2091829;3.365758;
HipRight;-1.604079;-0.2533791;3.451275;
HipLeft;-1.613265;-0.2705268;3.293996;
KneeRight;-1.715936;-0.6358515;3.575012;
KneeLeft;-1.665991;-0.7296621;3.275691;
AnkleRight;-1.674527;-1.001757;3.306929;
AnkleLeft;-1.36783;-1.020048;3.38633;
FootRight;-1.578212;-1.046324;3.297858;
FootLeft;-1.271516;-1.064616;3.377259;
Head;-1.699112;0.3689662;3.325669;
ShoulderCenter;-1.627354;0.1154306;3.360532;
ShoulderRight;-1.540157;-0.02268144;3.527237;
ShoulderLeft;-1.562156;-0.006587029;3.251695;
ElbowRight;-1.63983;-0.02386364;3.20342;
ElbowLeft;-1.664338;-0.2011663;3.154845;
WristRight;-1.663624;-0.3310864;3.145257;
WristLeft;-1.793781;-0.2659169;3.31881;
HandRight;-1.665607;-0.3974965;3.135059;
HandLeft;-1.836928;-0.2875004;3.378394;
Spine;-1.697275;-0.160896;3.39022;
HipCenter;-1.656668;-0.2211889;3.395122;
HipRight;-1.657778;-0.3000687;3.512442;
HipLeft;-1.671548;-0.3259322;3.288602;
KneeRight;-1.785111;-0.6629338;3.631902;
KneeLeft;-1.6723;-0.7331662;3.265589;
AnkleRight;-1.711339;-1.020156;3.358785;
AnkleLeft;-1.374225;-1.02347;3.376207;
FootRight;-1.785928;-1.093268;3.294804;
FootLeft;-1.281618;-1.075222;3.366746;
Head;-1.700709;0.350067;3.325011;
ShoulderCenter;-1.654203;0.1334699;3.416205;
ShoulderRight;-1.567006;-0.004642159;3.58291;
ShoulderLeft;-1.589005;0.01145226;3.307368;
ElbowRight;-1.638142;-0.03340056;3.252053;
ElbowLeft;-1.687305;-0.1942845;3.208917;
WristRight;-1.680458;-0.3406804;3.209362;
WristLeft;-1.824643;-0.2813366;3.357064;
HandRight;-1.682542;-0.4072313;3.199916;
HandLeft;-1.870423;-0.310354;3.411375;
Spine;-1.741585;-0.1432447;3.517818;
HipCenter;-1.705096;-0.2081361;3.536889;
HipRight;-1.703451;-0.2709343;3.663969;
HipLeft;-1.733969;-0.3280934;3.466463;
KneeRight;-1.826304;-0.6567483;3.689574;
KneeLeft;-1.694115;-0.6879928;3.266042;
AnkleRight;-1.728209;-0.9859141;3.387618;
AnkleLeft;-1.396165;-0.9781734;3.376609;
FootRight;-1.783334;-1.06857;3.316031;
FootLeft;-1.305871;-1.033796;3.367028;
Head;-1.722101;0.1766658;3.434395;
ShoulderCenter;-1.70015;-0.03773534;3.398842;
ShoulderRight;-1.612953;-0.1758474;3.565547;
ShoulderLeft;-1.634952;-0.1597529;3.290005;
ElbowRight;-1.691663;-0.2072838;3.280828;
ElbowLeft;-1.830138;-0.2256585;3.159572;
WristRight;-1.698788;-0.4295824;3.208951;
WristLeft;-1.768933;-0.2378381;3.365776;
HandRight;-1.700932;-0.4542862;3.146523;
HandLeft;-1.748531;-0.241898;3.439437;
Spine;-1.816885;-0.3007602;3.594119;
HipCenter;-1.788207;-0.370509;3.631632;
HipRight;-1.781256;-0.3814512;3.605156;
HipLeft;-1.802915;-0.3888834;3.677315;
KneeRight;-1.876391;-0.6892532;3.83867;
KneeLeft;-1.71339;-0.7271082;3.294488;
AnkleRight;-1.765766;-0.9991592;3.520486;
AnkleLeft;-1.415877;-1.016864;3.404865;
FootRight;-1.790326;-1.054015;3.414026;
FootLeft;-1.512403;-1.065519;3.347756;
Head;-1.731223;0.1743249;3.543565;
ShoulderCenter;-1.742219;-0.06173609;3.519316;
ShoulderRight;-1.655022;-0.1998481;3.686021;
ShoulderLeft;-1.677021;-0.1837537;3.41048;
ElbowRight;-1.697837;-0.08881145;3.370054;
ElbowLeft;-1.750166;-0.1809617;3.16384;
WristRight;-1.729237;-0.2470609;3.191882;
WristLeft;-1.807737;-0.2409852;3.363111;
HandRight;-1.724893;-0.2725298;3.129869;
HandLeft;-1.826927;-0.2609931;3.434458;
Spine;-1.856621;-0.3802188;3.67291;
HipCenter;-1.826385;-0.4573515;3.702214;
HipRight;-1.820107;-0.4682398;3.718442;
HipLeft;-1.837205;-0.4678138;3.695059;
KneeRight;-1.923024;-0.8260918;3.86694;
KneeLeft;-1.760768;-0.7523282;3.353432;
AnkleRight;-1.76706;-1.022257;3.479;
AnkleLeft;-1.687989;-1.023227;3.013226;
FootRight;-1.796664;-1.076318;3.373497;
FootLeft;-1.600237;-1.082351;3.003582;
Head;-1.764056;0.1966094;3.542264;
ShoulderCenter;-1.778483;-0.03041274;3.558156;
ShoulderRight;-1.691286;-0.1685247;3.724861;
ShoulderLeft;-1.713285;-0.1524303;3.449319;
ElbowRight;-1.7341;-0.0574899;3.408907;
ElbowLeft;-1.794591;-0.1497782;3.205606;
WristRight;-1.765501;-0.2157327;3.230738;
WristLeft;-1.846488;-0.2094889;3.406411;
HandRight;-1.761156;-0.2412036;3.16872;
HandLeft;-1.863786;-0.2293925;3.478267;
Spine;-1.861231;-0.3931734;3.689159;
HipCenter;-1.826293;-0.471796;3.718403;
HipRight;-1.819994;-0.4750186;3.721512;
HipLeft;-1.834583;-0.4810751;3.723862;
KneeRight;-1.932949;-0.828824;3.871776;
KneeLeft;-1.777962;-0.8095791;3.401366;
AnkleRight;-1.767406;-0.9948395;3.473423;
AnkleLeft;-1.72743;-1.102757;3.097745;
FootRight;-1.797734;-1.059209;3.374175;
FootLeft;-1.636268;-1.156384;3.088244;
Head;-1.821333;0.09784672;3.600478;
ShoulderCenter;-1.831747;-0.1318993;3.616596;
ShoulderRight;-1.74455;-0.2700113;3.783301;
ShoulderLeft;-1.766549;-0.2539169;3.50776;
ElbowRight;-1.80381;-0.2163213;3.454435;
ElbowLeft;-1.847788;-0.2512669;3.264273;
WristRight;-1.822441;-0.4349145;3.37254;
WristLeft;-1.899753;-0.310969;3.464883;
HandRight;-1.818096;-0.4603866;3.310519;
HandLeft;-1.917074;-0.3308697;3.536666;
Spine;-1.929432;-0.3810031;3.667117;
HipCenter;-1.895434;-0.4425111;3.675867;
HipRight;-1.896816;-0.4809368;3.703227;
HipLeft;-1.900971;-0.4378286;3.653345;
KneeRight;-1.962969;-0.8618658;3.878773;
KneeLeft;-1.807421;-0.6687504;3.23044;
AnkleRight;-1.780624;-1.00018;3.477326;
AnkleLeft;-1.733047;-0.8523373;2.877009;
FootRight;-1.806263;-1.061894;3.375196;
FootLeft;-1.644294;-0.9097372;2.867411;
Head;-1.854528;0.1013402;3.549301;
ShoulderCenter;-1.864941;-0.1284058;3.565489;
ShoulderRight;-1.777745;-0.2665178;3.732194;
ShoulderLeft;-1.799743;-0.2504234;3.456652;
ElbowRight;-1.836955;-0.2128723;3.403622;
ElbowLeft;-1.880915;-0.2477756;3.21339;
WristRight;-1.855634;-0.4311776;3.321477;
WristLeft;-1.932948;-0.3074691;3.413807;
HandRight;-1.851289;-0.4566509;3.259454;
HandLeft;-1.950292;-0.3273669;3.485518;
Spine;0;0;0;
HipCenter;0;0;0;
HipRight;0;0;0;
HipLeft;0;0;0;
KneeRight;-0.2586877;-0.06511398;0.5530484;
KneeLeft;-0.2533151;-0.1737077;0.5282891;
AnkleRight;-0.1142135;-0.4116417;0.3006849;
AnkleLeft;0.04341793;-0.4627037;0.6384246;
FootRight;-0.1745621;-0.4362082;0.4038077;
FootLeft;-0.02260167;-0.4864258;0.7382166;
Head;1.736766;0.619812;3.388707;
ShoulderCenter;1.749087;0.3429161;3.417209;
ShoulderRight;1.696559;0.220571;3.243407;
ShoulderLeft;1.645059;0.2045613;3.301874;
ElbowRight;1.701748;-0.07717247;3.100306;
ElbowLeft;1.603114;-0.1272213;3.539087;
WristRight;1.754123;-0.4665748;3.257691;
WristLeft;1.585748;-0.4365391;3.592473;
HandRight;1.771581;-0.5963756;3.315695;
HandLeft;1.561324;-0.5246309;3.60384;
Spine;1.651757;-0.09933532;3.308427;
HipCenter;1.632291;-0.1877856;3.290735;
HipRight;1.632688;-0.2350324;3.224569;
HipLeft;1.609513;-0.2422368;3.32948;
KneeRight;1.806238;-0.7374732;3.368236;
KneeLeft;1.475741;-0.8365582;3.21895;
AnkleRight;1.34829;-1.137661;3.233226;
AnkleLeft;1.313134;-1.174009;3.139649;
FootRight;1.40792;-1.1562;3.090499;
FootLeft;1.4329;-1.176399;3.040047;
Head;1.720947;0.6037825;3.41475;
ShoulderCenter;1.763327;0.3370882;3.419923;
ShoulderRight;1.707046;0.2200865;3.255843;
ShoulderLeft;1.666671;0.1998595;3.309788;
ElbowRight;1.723843;-0.04317039;3.164307;
ElbowLeft;1.670404;-0.06466201;3.309053;
WristRight;1.68732;-0.4019574;3.148244;
WristLeft;1.626448;-0.3242072;3.538527;
HandRight;1.64536;-0.3988433;3.036536;
HandLeft;1.601926;-0.4354719;3.574131;
Spine;1.666764;-0.1457333;3.317079;
HipCenter;1.645318;-0.2418258;3.300627;
HipRight;1.644567;-0.2786528;3.247591;
HipLeft;1.627037;-0.2884848;3.333594;
KneeRight;1.814499;-0.7802582;3.382935;
KneeLeft;1.499908;-0.8429254;3.221011;
AnkleRight;1.338894;-1.14196;3.218764;
AnkleLeft;1.387141;-1.171337;3.177264;
FootRight;1.402814;-1.158416;3.084945;
FootLeft;1.433107;-1.176185;3.035393;
Head;1.808384;0.5976658;3.415584;
ShoulderCenter;1.796648;0.3395205;3.426382;
ShoulderRight;1.738971;0.226222;3.269519;
ShoulderLeft;1.71261;0.2122073;3.33856;
ElbowRight;1.741813;-0.03839949;3.169257;
ElbowLeft;1.703291;-0.03955497;3.321353;
WristRight;1.724834;-0.3779783;3.121203;
WristLeft;1.686001;-0.2973547;3.52813;
HandRight;1.724834;-0.4639104;3.121202;
HandLeft;1.672234;-0.3994206;3.582071;
Spine;1.699154;-0.07248301;3.345792;
HipCenter;1.678316;-0.1549815;3.333329;
HipRight;1.677284;-0.1840346;3.359348;
HipLeft;1.662959;-0.1908145;3.292709;
KneeRight;1.815684;-0.7891169;3.367223;
KneeLeft;1.552875;-0.8364229;3.21759;
AnkleRight;1.362266;-1.103946;3.178775;
AnkleLeft;1.439037;-1.156297;3.186225;
FootRight;1.451651;-1.143257;3.073598;
FootLeft;1.481974;-1.163708;3.049481;
Head;1.90031;0.5779519;3.430907;
ShoulderCenter;1.806331;0.3360065;3.429228;
ShoulderRight;1.747731;0.2230961;3.272656;
ShoulderLeft;1.723709;0.1244411;3.3316;
ElbowRight;1.766365;-0.03227736;3.206115;
ElbowLeft;1.727885;-0.1055359;3.222574;
WristRight;1.739464;-0.3435306;3.146992;
WristLeft;1.771479;-0.3413076;3.169501;
HandRight;1.735911;-0.4597112;3.155842;
HandLeft;1.744923;-0.41905;3.143526;
Spine;1.71344;-0.08353066;3.375542;
HipCenter;1.695136;-0.1685325;3.373085;
HipRight;1.693362;-0.1872346;3.401395;
HipLeft;1.678401;-0.2300427;3.33446;
KneeRight;1.709336;-0.8420727;3.196724;
KneeLeft;1.589908;-0.8382837;3.215082;
AnkleRight;1.372603;-1.19672;3.215785;
AnkleLeft;1.452348;-1.161411;3.183589;
FootRight;1.452133;-1.185326;3.097835;
FootLeft;1.48355;-1.172755;3.044791;
Head;1.874852;0.5368137;3.436007;
ShoulderCenter;1.811081;0.2953877;3.468132;
ShoulderRight;1.752179;0.182652;3.312233;
ShoulderLeft;1.757346;0.1651688;3.362161;
ElbowRight;1.75947;-0.1430475;3.235008;
ElbowLeft;1.739631;-0.1246144;3.265302;
WristRight;1.723037;-0.3716117;3.134758;
WristLeft;1.751047;-0.3562888;3.166458;
HandRight;1.729971;-0.4880272;3.128769;
HandLeft;1.744026;-0.4418517;3.157541;
Spine;1.738172;-0.1323556;3.402892;
HipCenter;1.72359;-0.2179042;3.393786;
HipRight;1.719243;-0.2326565;3.409289;
HipLeft;1.721568;-0.240524;3.371695;
KneeRight;1.687272;-0.7497391;3.222824;
KneeLeft;1.631446;-0.8513853;3.208469;
AnkleRight;1.432429;-1.197073;3.213357;
AnkleLeft;1.468054;-1.194838;3.196079;
FootRight;1.409726;-1.188784;3.073545;
FootLeft;1.499686;-1.18093;3.058465;
Head;1.901223;0.409297;3.436244;
ShoulderCenter;1.788611;0.1936379;3.464699;
ShoulderRight;1.729709;0.08090231;3.308799;
ShoulderLeft;1.769704;0.01633078;3.337965;
ElbowRight;1.778228;-0.1498175;3.258792;
ElbowLeft;1.755365;-0.2158701;3.26403;
WristRight;1.762614;-0.3846544;3.266025;
WristLeft;1.782866;-0.4491078;3.220182;
HandRight;1.765948;-0.4356987;3.202251;
HandLeft;1.801909;-0.5260386;3.240249;
Spine;1.757075;-0.1947276;3.448808;
HipCenter;1.750768;-0.2724008;3.44954;
HipRight;1.740389;-0.2748685;3.448297;
HipLeft;1.758387;-0.3039257;3.448512;
KneeRight;1.660933;-0.8835253;3.204863;
KneeLeft;1.661998;-0.8989291;3.203607;
AnkleRight;1.387953;-1.262983;3.224759;
AnkleLeft;1.399467;-1.194656;3.153638;
FootRight;1.340566;-1.229426;3.099664;
FootLeft;1.334902;-1.249974;3.238216;
Head;1.620008;-0.9742075;3.351365;
ShoulderCenter;1.707242;-1.198047;3.558445;
ShoulderRight;1.64834;-1.310783;3.402546;
ShoulderLeft;1.688335;-1.375354;3.431711;
ElbowRight;1.692968;-0.9904755;3.342581;
ElbowLeft;1.717966;-1.052561;3.382176;
WristRight;1.740038;-0.6705914;3.297253;
WristLeft;1.769265;-0.7367766;3.310926;
HandRight;1.753684;-0.5641679;3.267255;
HandLeft;1.786364;-0.6315151;3.292524;
Spine;1.752258;-0.5157932;3.560752;
HipCenter;1.792852;-0.3883599;3.50185;
HipRight;1.788722;-0.327786;3.454489;
HipLeft;1.80672;-0.3568431;3.54095;
KneeRight;1.676786;-0.899465;3.211462;
KneeLeft;1.71075;-0.8375758;3.211533;
AnkleRight;1.467873;-1.1957;3.211989;
AnkleLeft;1.528741;-1.14646;3.147365;
FootRight;1.512735;-1.183554;3.079903;
FootLeft;1.535602;-1.154249;3.007726;
Head;1.748468;-0.9876509;3.386815;
ShoulderCenter;1.872959;-1.205064;3.590453;
ShoulderRight;1.814057;-1.3178;3.434554;
ShoulderLeft;1.854052;-1.382371;3.46372;
ElbowRight;1.812416;-0.9906083;3.36931;
ElbowLeft;1.845606;-1.05363;3.425462;
WristRight;1.79255;-0.6648662;3.312159;
WristLeft;1.838649;-0.7273178;3.368619;
HandRight;1.806282;-0.5577763;3.281974;
HandLeft;1.836329;-0.6185472;3.355045;
Spine;1.801628;-0.3392987;3.554305;
HipCenter;1.82363;-0.171329;3.489804;
HipRight;1.812819;-0.1188177;3.451275;
HipLeft;1.830817;-0.1478749;3.519753;
KneeRight;1.739221;-0.7778674;3.275013;
KneeLeft;1.74259;-0.7241536;3.184524;
AnkleRight;1.465114;-1.054143;3.252338;
AnkleLeft;1.690913;-1.061698;2.965971;
FootRight;1.497256;-1.094772;3.120161;
FootLeft;1.745911;-1.116568;2.872491;
Head;1.608101;-0.9884577;3.386522;
ShoulderCenter;1.731773;-1.204441;3.589158;
ShoulderRight;1.672871;-1.317177;3.433259;
ShoulderLeft;1.712866;-1.381749;3.462425;
ElbowRight;1.727309;-0.9963121;3.390486;
ElbowLeft;1.753823;-1.058724;3.425821;
WristRight;1.779645;-0.6754384;3.355811;
WristLeft;1.81969;-0.7405924;3.38744;
HandRight;1.793533;-0.5671324;3.325283;
HandLeft;1.85333;-0.6355378;3.413649;
Spine;1.589493;-1.200256;3.422038;
HipCenter;1.519048;-1.199378;3.450171;
HipRight;1.494312;-1.184474;3.44804;
HipLeft;1.51231;-1.213532;3.429385;
KneeRight;1.806328;-0.8492249;3.227091;
KneeLeft;1.281192;-1.736259;3.265699;
AnkleRight;1.535703;-1.129749;3.201833;
AnkleLeft;0.9289267;-2.258112;3.195365;
FootRight;1.470284;-1.186086;3.288933;
FootLeft;0.8635082;-2.31445;3.282465;
Head;1.459609;-1.094656;3.635947;
ShoulderCenter;1.780494;-1.199111;3.690979;
ShoulderRight;1.721592;-1.311847;3.53508;
ShoulderLeft;1.761587;-1.376418;3.564245;
ElbowRight;1.77592;-0.9916303;3.492479;
ElbowLeft;1.797202;-1.053457;3.526036;
WristRight;1.828152;-0.6714048;3.457926;
WristLeft;1.854527;-0.7354127;3.475792;
HandRight;1.842181;-0.5620001;3.427088;
HandLeft;1.935606;-0.4971036;3.523252;
Spine;1.51212;-1.182063;3.409553;
HipCenter;1.413766;-1.181234;3.412689;
HipRight;1.402218;-1.171324;3.409508;
HipLeft;1.396781;-1.189754;3.392987;
KneeRight;1.785906;-0.8833271;3.250836;
KneeLeft;1.196672;-1.737521;3.295246;
AnkleRight;1.514952;-1.164192;3.225734;
AnkleLeft;0.8442881;-2.270304;3.230141;
FootRight;1.445945;-1.222003;3.308979;
FootLeft;0.7752805;-2.328115;3.313386;
Head;1.317972;-1.106963;3.497738;
ShoulderCenter;1.636844;-1.210763;3.552689;
ShoulderRight;1.577941;-1.323499;3.39679;
ShoulderLeft;1.617936;-1.38807;3.425956;
ElbowRight;1.631814;-1.005968;3.354656;
ElbowLeft;1.653253;-1.067818;3.388176;
WristRight;1.683618;-0.6884278;3.320483;
WristLeft;1.710002;-0.7524104;3.338531;
HandRight;1.697775;-0.5780255;3.289365;
HandLeft;1.791956;-0.5087555;3.385521;
Spine;1.580026;-1.09436;3.433328;
HipCenter;1.514581;-1.084451;3.457835;
HipRight;1.496961;-1.063148;3.413134;
HipLeft;1.503385;-1.075983;3.476495;
KneeRight;1.916227;-0.8118837;3.49362;
KneeLeft;1.412796;-1.586051;3.186827;
AnkleRight;1.645005;-1.09306;3.469067;
AnkleLeft;1.049211;-2.246749;3.029583;
FootRight;1.606812;-1.112988;3.335733;
FootLeft;0.9686493;-2.311603;3.094;
Head;1.56777;-1.113231;3.644582;
ShoulderCenter;1.882732;-1.215759;3.699095;
ShoulderRight;1.82383;-1.328494;3.543195;
ShoulderLeft;1.863825;-1.393066;3.572361;
ElbowRight;1.876916;-1.015596;3.501761;
ElbowLeft;1.898626;-1.077486;3.535218;
WristRight;1.927982;-0.7026887;3.46819;
WristLeft;1.954386;-0.7666297;3.486544;
HandRight;1.941719;-0.595561;3.437994;
HandLeft;2.037844;-0.5137512;3.532731;
Spine;1.540223;-1.208883;3.585552;
HipCenter;1.460629;-1.18432;3.633145;
HipRight;1.444574;-1.172121;3.636377;
HipLeft;1.442309;-1.19396;3.623292;
KneeRight;1.826734;-0.8695736;3.538374;
KneeLeft;1.434847;-1.71661;3.35285;
AnkleRight;1.555258;-1.151013;3.514359;
AnkleLeft;1.103882;-2.257793;3.263778;
FootRight;1.536113;-1.204027;3.620694;
FootLeft;1.084737;-2.310807;3.370114;
Head;1.552557;-1.10528;3.655992;
ShoulderCenter;1.875831;-1.205022;3.693446;
ShoulderRight;1.816929;-1.317757;3.537547;
ShoulderLeft;1.856924;-1.382329;3.566713;
ElbowRight;1.870362;-1.002817;3.49607;
ElbowLeft;1.891953;-1.064689;3.529555;
WristRight;1.921754;-0.6878668;3.462369;
WristLeft;1.948147;-0.7518258;3.480589;
HandRight;1.935603;-0.5798595;3.431926;
HandLeft;2.030944;-0.503014;3.527129;
Spine;1.529995;-1.228825;3.496252;
HipCenter;1.434768;-1.22317;3.526306;
HipRight;1.425352;-1.22087;3.53596;
HipLeft;1.405639;-1.227929;3.500919;
KneeRight;1.802029;-0.9000678;3.525469;
KneeLeft;1.148056;-1.677117;3.219606;
AnkleRight;1.530326;-1.181743;3.50149;
AnkleLeft;0.7484719;-2.26994;3.092732;
FootRight;1.48622;-1.233113;3.601963;
FootLeft;0.7043662;-2.32131;3.193205;
Head;1.10874;-1.103681;3.283665;
ShoulderCenter;1.43256;-1.198284;3.319257;
ShoulderRight;1.373657;-1.31102;3.163357;
ShoulderLeft;1.413653;-1.375592;3.192523;
ElbowRight;1.42681;-0.9977297;3.122165;
ElbowLeft;1.448498;-1.059616;3.155627;
WristRight;1.477939;-0.6844297;3.088696;
WristLeft;1.504341;-0.7483741;3.107025;
HandRight;1.491894;-0.5756051;3.058022;
HandLeft;1.587672;-0.4962768;3.153279;
Spine;1.311849;-1.246708;3.452225;
HipCenter;1.335917;-1.213071;3.512341;
HipRight;1.284848;-1.226721;3.682416;
HipLeft;1.260281;-1.218809;3.575446;
KneeRight;1.472263;-0.8335108;3.436596;
KneeLeft;1.082701;-1.749855;3.409673;
AnkleRight;1.200355;-1.115398;3.412847;
AnkleLeft;0.7320746;-2.283053;3.337392;
FootRight;1.201006;-1.13724;3.275826;
FootLeft;0.8076812;-2.367075;3.379598;
Head;1.565856;-1.11613;3.700641;
ShoulderCenter;1.887962;-1.210232;3.735832;
ShoulderRight;1.82906;-1.322968;3.579933;
ShoulderLeft;1.869055;-1.387539;3.609099;
ElbowRight;1.881877;-1.011655;3.53883;
ElbowLeft;1.90368;-1.073559;3.572265;
WristRight;1.93269;-0.7003332;3.50551;
WristLeft;1.959103;-0.7642604;3.523968;
HandRight;1.946447;-0.5930502;3.47527;
HandLeft;2.043075;-0.5082247;3.569881;
Spine;1.598149;-1.202489;3.434903;
HipCenter;1.49536;-1.20367;3.433867;
HipRight;1.471325;-1.200856;3.43733;
HipLeft;1.484597;-1.205903;3.402288;
KneeRight;1.744833;-0.8520827;3.212567;
KneeLeft;1.321941;-1.744082;3.25831;
AnkleRight;1.47274;-1.134161;3.18884;
AnkleLeft;0.9790946;-2.258112;3.193365;
FootRight;1.405003;-1.190834;3.270103;
FootLeft;0.9113576;-2.314785;3.274628;
Head;1.551776;-1.109535;3.686221;
ShoulderCenter;1.870993;-1.202794;3.720721;
ShoulderRight;1.812091;-1.31553;3.564822;
ShoulderLeft;1.852086;-1.380101;3.593987;
ElbowRight;1.864373;-1.007371;3.523851;
ElbowLeft;1.88636;-1.069301;3.557243;
WristRight;1.914683;-0.6992025;3.490763;
WristLeft;1.941115;-0.7631032;3.509425;
HandRight;1.928177;-0.5939685;3.461101;
HandLeft;2.026106;-0.5007865;3.554799;
Spine;1.605892;-1.182102;3.43496;
HipCenter;1.509465;-1.176811;3.43656;
HipRight;1.494004;-1.169509;3.419557;
HipLeft;1.500004;-1.169493;3.430572;
KneeRight;1.783413;-0.7853188;3.327281;
KneeLeft;1.432881;-1.709272;3.234877;
AnkleRight;1.511152;-1.067571;3.303576;
AnkleLeft;1.094801;-2.245919;3.158336;
FootRight;1.443039;-1.124194;3.382955;
FootLeft;1.026688;-2.302542;3.237715;
Head;1.035763;-1.043097;3.5154;
ShoulderCenter;1.204111;-1.210612;3.550071;
ShoulderRight;1.145208;-1.323348;3.394172;
ShoulderLeft;1.185204;-1.387919;3.423338;
ElbowRight;1.19702;-1.017965;3.353347;
ElbowLeft;1.219169;-1.079919;3.386701;
WristRight;1.246886;-0.712572;3.320476;
WristLeft;1.273339;-0.7764505;3.339316;
HandRight;1.260173;-0.6089577;3.291271;
HandLeft;1.359223;-0.5086043;3.384218;
Spine;1.463225;-1.155199;3.417706;
HipCenter;1.481796;-1.186028;3.347757;
HipRight;1.501752;-1.17592;3.353189;
HipLeft;1.513741;-1.19154;3.301673;
KneeRight;1.817788;-0.8207782;3.23552;
KneeLeft;1.252603;-1.665188;3.099911;
AnkleRight;1.545375;-1.10319;3.211864;
AnkleLeft;0.8555121;-2.258357;2.997268;
FootRight;1.531942;-1.123295;3.078358;
FootLeft;0.8099667;-2.345434;2.931978;
Head;1.689272;-1.037468;3.609754;
ShoulderCenter;1.856043;-1.203413;3.643802;
ShoulderRight;1.797141;-1.316149;3.487903;
ShoulderLeft;1.837136;-1.38072;3.517069;
ElbowRight;1.848538;-1.013211;3.447247;
ElbowLeft;1.87083;-1.075186;3.480568;
WristRight;1.898013;-0.7102628;3.414589;
WristLeft;1.924487;-0.7741224;3.433583;
HandRight;1.911133;-0.6079529;3.385751;
HandLeft;2.011156;-0.5014054;3.478071;
Spine;1.569418;-1.197944;3.427639;
HipCenter;1.477991;-1.189848;3.450376;
HipRight;1.455608;-1.18108;3.468064;
HipLeft;1.453917;-1.196948;3.407056;
KneeRight;1.834741;-0.9104486;3.523496;
KneeLeft;1.244819;-1.6591;3.125453;
AnkleRight;1.585718;-1.168611;3.499393;
AnkleLeft;0.8570133;-2.258357;2.997145;
FootRight;1.533667;-1.219475;3.59117;
FootLeft;0.8049625;-2.309222;3.088922;
Head;1.524835;-1.039666;3.643081;
ShoulderCenter;1.690314;-1.204325;3.676558;
ShoulderRight;1.631411;-1.317061;3.520658;
ShoulderLeft;1.671406;-1.381632;3.549824;
ElbowRight;1.682398;-1.016537;3.480116;
ElbowLeft;1.704831;-1.078533;3.513404;
WristRight;1.731488;-0.7160025;3.447639;
WristLeft;1.757984;-0.7798437;3.466783;
HandRight;1.744453;-0.6148965;3.419141;
HandLeft;1.845426;-0.5023177;3.510867;
Spine;1.392348;-1.218309;3.578936;
HipCenter;1.321965;-1.197738;3.629644;
HipRight;1.299861;-1.194036;3.609686;
HipLeft;1.300984;-1.200669;3.642343;
KneeRight;1.460653;-0.7537382;3.473706;
KneeLeft;1.256972;-1.717381;3.391859;
AnkleRight;1.192037;-1.032212;3.450073;
AnkleLeft;0.9200507;-2.270423;3.300105;
FootRight;1.174006;-1.083532;3.552845;
FootLeft;0.9020199;-2.321743;3.402878;
Head;1.324292;-1.221127;3.721576;
ShoulderCenter;1.539744;-1.207543;3.426256;
ShoulderRight;1.480842;-1.320279;3.270357;
ShoulderLeft;1.520837;-1.38485;3.299522;
ElbowRight;1.531502;-1.021681;3.230267;
ElbowLeft;1.554048;-1.083693;3.263528;
WristRight;1.580284;-0.7230716;3.198119;
WristLeft;1.606799;-0.786899;3.217382;
HandRight;1.593135;-0.6228529;3.169871;
HandLeft;1.694857;-0.5055355;3.261144;
Spine;1.351377;-1.220633;3.46317;
HipCenter;1.341009;-1.182827;3.526256;
HipRight;1.321199;-1.170508;3.532666;
HipLeft;1.328553;-1.191133;3.533656;
KneeRight;1.611202;-1.194016;3.414;
KneeLeft;1.440293;-1.702626;3.302231;
AnkleRight;1.36218;-1.452178;3.390306;
AnkleLeft;1.130009;-2.264163;3.209895;
FootRight;1.403891;-1.527501;3.467441;
FootLeft;1.17172;-2.339485;3.28703;
Head;1.663313;-1.219371;4.000318;
ShoulderCenter;1.879984;-1.205711;3.703226;
ShoulderRight;1.821082;-1.318446;3.547327;
ShoulderLeft;1.861077;-1.383018;3.576493;
ElbowRight;1.872169;-1.017331;3.506913;
ElbowLeft;1.894568;-1.079321;3.540209;
WristRight;1.921354;-0.7162042;3.474472;
WristLeft;1.947844;-0.7800499;3.493579;
HandRight;1.934275;-0.6154368;3.446069;
HandLeft;2.035097;-0.5037032;3.537762;
Spine;1.548152;-1.220944;3.589492;
HipCenter;1.468825;-1.201939;3.63702;
HipRight;1.45153;-1.194472;3.632584;
HipLeft;1.452581;-1.209098;3.634826;
KneeRight;2.133598;-1.206338;3.583586;
KneeLeft;1.362081;-1.720471;3.389646;
AnkleRight;1.884575;-1.4645;3.559659;
AnkleLeft;1.018214;-2.270423;3.299879;
FootRight;1.86317;-1.515271;3.662347;
FootLeft;0.9968088;-2.321195;3.402566;
Head;1.690622;-1.167363;3.595823;
ShoulderCenter;1.880093;-1.205616;3.703292;
ShoulderRight;1.821191;-1.318352;3.547393;
ShoulderLeft;1.861186;-1.382923;3.576559;
ElbowRight;1.87222;-1.017583;3.50701;
ElbowLeft;1.894639;-1.079576;3.540301;
WristRight;1.921349;-0.7168031;3.474602;
WristLeft;1.947842;-0.7806464;3.493731;
HandRight;1.934338;-0.6155061;3.44605;
HandLeft;2.035206;-0.5036083;3.537856;
Spine;1.611635;-1.204673;3.402392;
HipCenter;1.511076;-1.209257;3.399432;
HipRight;1.484478;-1.206345;3.400527;
HipLeft;1.493829;-1.212775;3.360412;
KneeRight;2.161058;-1.194391;3.35254;
KneeLeft;1.253302;-1.692603;3.151267;
AnkleRight;1.912035;-1.452553;3.328631;
AnkleLeft;0.8762352;-2.257983;3.05885;
FootRight;1.844192;-1.508553;3.404897;
FootLeft;0.8083922;-2.313983;3.135116;
Head;1.703287;-1.16951;3.594254;
ShoulderCenter;1.895455;-1.203512;3.701577;
ShoulderRight;1.836552;-1.316247;3.545678;
ShoulderLeft;1.876548;-1.380819;3.574843;
ElbowRight;1.887841;-1.013945;3.505208;
ElbowLeft;1.910171;-1.075926;3.53852;
WristRight;1.937215;-0.7116327;3.472677;
WristLeft;1.963695;-0.7754875;3.49171;
HandRight;1.95027;-0.6098244;3.443981;
HandLeft;2.050567;-0.5015043;3.536092;
Spine;1.491491;-1.233589;3.538046;
HipCenter;1.389148;-1.221836;3.575606;
HipRight;1.371476;-1.223667;3.572439;
HipLeft;1.373575;-1.221286;3.569819;
KneeRight;1.729583;-1.194146;3.54862;
KneeLeft;1.133994;-1.690273;3.333564;
AnkleRight;1.48056;-1.452308;3.52468;
AnkleLeft;0.748543;-2.270305;3.227899;
FootRight;1.449776;-1.502051;3.626013;
FootLeft;0.7177594;-2.320048;3.329233;
Head;1.580007;-1.182136;3.615904;
ShoulderCenter;1.769605;-1.213527;3.724907;
ShoulderRight;1.710703;-1.326263;3.569008;
ShoulderLeft;1.750698;-1.390834;3.598173;
ElbowRight;1.761709;-1.025626;3.528618;
ElbowLeft;1.784136;-1.087621;3.561907;
WristRight;1.810817;-0.7249792;3.496212;
WristLeft;1.837312;-0.7888215;3.515349;
HandRight;1.823765;-0.6240024;3.46775;
HandLeft;1.924718;-0.5115195;3.559452;
Spine;1.607255;-1.201805;3.507112;
HipCenter;1.526909;-1.205377;3.519787;
HipRight;1.408273;-1.181325;3.585875;
HipLeft;1.464129;-1.223336;3.289118;
KneeRight;2.046854;-1.194391;3.35257;
KneeLeft;1.270167;-1.761188;3.248505;
AnkleRight;1.797831;-1.452553;3.32865;
AnkleLeft;0.9310023;-2.258112;3.192869;
FootRight;1.728328;-1.509427;3.402715;
FootLeft;0.8614995;-2.314986;3.266935;
Head;1.700744;-1.176997;3.604867;
ShoulderCenter;1.889417;-1.208235;3.713601;
ShoulderRight;1.830515;-1.320971;3.557702;
ShoulderLeft;1.87051;-1.385542;3.586867;
ElbowRight;1.881262;-1.02186;3.517684;
ElbowLeft;1.903778;-1.083868;3.550952;
WristRight;1.930126;-0.7227384;3.485546;
WristLeft;1.956635;-0.7865695;3.504777;
HandRight;1.942982;-0.6224819;3.457287;
HandLeft;2.044529;-0.5062277;3.548625;
Spine;1.75317;-1.213265;3.671099;
HipCenter;1.731723;-1.182049;3.729621;
HipRight;1.667417;-1.177877;3.793814;
HipLeft;1.651975;-1.1623;3.666456;
KneeRight;1.633429;-1.204007;3.428592;
KneeLeft;1.514494;-1.654894;3.397156;
AnkleRight;1.384406;-1.462169;3.404989;
AnkleLeft;1.140936;-2.282497;3.26239;
FootRight;1.392744;-1.521928;3.503896;
FootLeft;1.149275;-2.342256;3.361297;
Head;1.03544;-1.169598;3.436895;
ShoulderCenter;1.21183;-1.212982;3.555324;
ShoulderRight;1.152927;-1.325717;3.399425;
ShoulderLeft;1.192922;-1.390289;3.42859;
ElbowRight;1.203437;-1.028009;3.359493;
ElbowLeft;1.226034;-1.090029;3.392742;
WristRight;1.252076;-0.7302894;3.327471;
WristLeft;1.2786;-0.7941105;3.346788;
HandRight;1.264851;-0.6306627;3.299389;
HandLeft;1.366942;-0.510974;3.390402;
Spine;1.490917;-1.171237;3.451633;
HipCenter;1.517263;-1.2039;3.384148;
HipRight;1.530243;-1.195382;3.369657;
HipLeft;1.537506;-1.211429;3.378401;
KneeRight;1.181599;-1.215686;2.864502;
KneeLeft;1.462884;-1.770036;3.268296;
AnkleRight;0.9325763;-1.473848;2.840935;
AnkleLeft;1.129853;-2.264377;3.210319;
FootRight;0.9398748;-1.469584;2.708551;
FootLeft;1.090311;-2.348615;3.142156;
Head;1.708994;-1.167459;3.604012;
ShoulderCenter;1.885557;-1.210886;3.722565;
ShoulderRight;1.826655;-1.323621;3.566666;
ShoulderLeft;1.86665;-1.388193;3.595832;
ElbowRight;1.877197;-1.025717;3.526704;
ElbowLeft;1.899784;-1.087736;3.559955;
WristRight;1.925868;-0.7278029;3.494656;
WristLeft;1.95239;-0.7916254;3.513961;
HandRight;1.938699;-0.6277438;3.466452;
HandLeft;2.040669;-0.5088779;3.557607;
Spine;1.526515;-1.250324;3.495209;
HipCenter;1.42361;-1.248787;3.516885;
HipRight;1.435248;-1.248231;3.515132;
HipLeft;1.378624;-1.252079;3.502714;
KneeRight;1.363566;-1.216495;3.242562;
KneeLeft;1.019359;-1.607925;3.223134;
AnkleRight;1.114543;-1.474657;3.218971;
AnkleLeft;0.4971039;-2.269807;3.027371;
FootRight;1.067294;-1.524115;3.311955;
FootLeft;0.4498548;-2.319266;3.120356;
Head;1.588434;-1.151047;3.547431;
ShoulderCenter;1.764285;-1.194299;3.665743;
ShoulderRight;1.705383;-1.307034;3.509844;
ShoulderLeft;1.745378;-1.371606;3.53901;
ElbowRight;1.755713;-1.010383;3.470202;
ElbowLeft;1.778372;-1.072412;3.503436;
WristRight;1.804183;-0.713721;3.43838;
WristLeft;1.830719;-0.7775347;3.457762;
HandRight;1.81694;-0.6142353;3.410338;
HandLeft;1.919397;-0.492291;3.5012;
Spine;1.567457;-1.178068;3.556267;
HipCenter;1.511132;-1.155296;3.604461;
HipRight;1.480159;-1.13084;3.548313;
HipLeft;1.492687;-1.172139;3.645768;
KneeRight;1.349847;-1.206567;3.213373;
KneeLeft;1.47519;-1.682486;3.377779;
AnkleRight;1.100824;-1.464729;3.190057;
AnkleLeft;1.140936;-2.278864;3.261957;
FootRight;1.073744;-1.513926;3.290386;
FootLeft;1.113857;-2.328061;3.362286;
