Floor;-0.02017553;0.9997936;0.002383112;1.079039;
Head;1.496139;0.5726618;3.49425;
ShoulderCenter;1.607698;0.3686239;3.448814;
ShoulderRight;1.624017;0.2396396;3.286699;
ShoulderLeft;1.512343;0.221639;3.589533;
ElbowRight;1.636089;-0.01844662;3.176762;
ElbowLeft;1.449962;-0.04423533;3.444306;
WristRight;1.527315;-0.3259126;3.158997;
WristLeft;1.407212;-0.2786584;3.46579;
HandRight;1.513738;-0.3985695;3.167611;
HandLeft;1.41609;-0.3701799;3.424787;
Spine;1.528888;-0.02878414;3.419697;
HipCenter;1.513126;-0.1082658;3.417544;
HipRight;1.52513;-0.1703866;3.348318;
HipLeft;1.474877;-0.1784869;3.473925;
KneeRight;1.480545;-0.6271585;3.307428;
KneeLeft;1.481999;-0.6629469;3.409067;
AnkleRight;1.461264;-1.013824;3.265753;
AnkleLeft;1.813006;-0.9214507;3.421959;
FootRight;1.383463;-1.062301;3.249963;
FootLeft;1.708507;-0.979325;3.382355;
Head;1.475213;0.5851424;3.482515;
ShoulderCenter;1.574561;0.3723765;3.456172;
ShoulderRight;1.601577;0.2442719;3.29251;
ShoulderLeft;1.464205;0.211675;3.561942;
ElbowRight;1.597744;0.01835766;3.183214;
ElbowLeft;1.438439;-0.03837743;3.431537;
WristRight;1.502409;-0.2667425;3.155496;
WristLeft;1.418723;-0.3328646;3.513124;
HandRight;1.45782;-0.351783;3.122655;
HandLeft;1.386687;-0.4266085;3.488917;
Spine;1.507311;-0.03521389;3.417231;
HipCenter;1.492732;-0.1165649;3.413409;
HipRight;1.513101;-0.1723892;3.348442;
HipLeft;1.451763;-0.1870498;3.463005;
KneeRight;1.477085;-0.6270798;3.305887;
KneeLeft;1.403706;-0.6137164;3.491959;
AnkleRight;1.461159;-1.013422;3.266159;
AnkleLeft;1.729718;-0.9152138;3.409339;
FootRight;1.387786;-1.068145;3.288511;
FootLeft;1.635421;-0.9880607;3.364043;
Head;1.425446;0.5869542;3.492867;
ShoulderCenter;1.538884;0.3791428;3.451389;
ShoulderRight;1.554762;0.2511613;3.292779;
ShoulderLeft;1.452146;0.2152853;3.574772;
ElbowRight;1.548528;0.04118055;3.180652;
ElbowLeft;1.380425;-0.04828079;3.433123;
WristRight;1.468136;-0.19511;3.156888;
WristLeft;1.364179;-0.3360084;3.51919;
HandRight;1.415401;-0.2898665;3.158059;
HandLeft;1.388006;-0.4200394;3.522512;
Spine;1.471849;-0.01488746;3.407101;
HipCenter;1.458655;-0.09364126;3.401937;
HipRight;1.470126;-0.1462836;3.334327;
HipLeft;1.426191;-0.1657597;3.452603;
KneeRight;1.454966;-0.6320289;3.284313;
KneeLeft;1.380157;-0.6149148;3.507901;
AnkleRight;1.463571;-1.009844;3.265783;
AnkleLeft;1.689652;-0.9057457;3.420187;
FootRight;1.389338;-1.065507;3.284785;
FootLeft;1.610956;-0.994763;3.372206;
Head;1.376038;0.5709594;3.476886;
ShoulderCenter;1.511557;0.3798155;3.462072;
ShoulderRight;1.527524;0.2553795;3.29398;
ShoulderLeft;1.415245;0.239662;3.598636;
ElbowRight;1.529131;0.03975338;3.173151;
ElbowLeft;1.371756;-0.06424101;3.490517;
WristRight;1.397227;-0.2036778;3.170595;
WristLeft;1.301458;-0.308718;3.487212;
HandRight;1.339287;-0.2998917;3.162613;
HandLeft;1.33714;-0.3839041;3.487213;
Spine;1.452738;-0.006536981;3.407545;
HipCenter;1.44012;-0.08373848;3.400649;
HipRight;1.45474;-0.1393562;3.333263;
HipLeft;1.404483;-0.1479449;3.448056;
KneeRight;1.450677;-0.6330106;3.282913;
KneeLeft;1.343737;-0.6339238;3.51683;
AnkleRight;1.463104;-1.009698;3.266193;
AnkleLeft;1.658806;-0.894501;3.413006;
FootRight;1.391811;-1.065572;3.292967;
FootLeft;1.56788;-0.9713447;3.366555;
Head;1.372715;0.5864021;3.477053;
ShoulderCenter;1.46008;0.3683967;3.451936;
ShoulderRight;1.499194;0.2505892;3.289117;
ShoulderLeft;1.407728;0.2491375;3.618;
ElbowRight;1.448732;-0.004206148;3.187358;
ElbowLeft;1.3229;-0.03624392;3.467076;
WristRight;1.321783;-0.2175906;3.170751;
WristLeft;1.273625;-0.2744327;3.48425;
HandRight;1.260036;-0.308289;3.16219;
HandLeft;1.247606;-0.3810999;3.491823;
Spine;1.416123;0.00861771;3.409938;
HipCenter;1.406034;-0.06352546;3.404992;
HipRight;1.409817;-0.1474956;3.308648;
HipLeft;1.373985;-0.1457184;3.475571;
KneeRight;1.445288;-0.6357801;3.284629;
KneeLeft;1.326199;-0.6491194;3.522187;
AnkleRight;1.459149;-1.005813;3.275879;
AnkleLeft;1.411762;-0.9914934;3.429858;
FootRight;1.397011;-1.063602;3.288941;
FootLeft;1.387794;-1.073643;3.422898;
Head;1.313758;0.5737873;3.493371;
ShoulderCenter;1.435632;0.3732946;3.448181;
ShoulderRight;1.462926;0.2598241;3.291019;
ShoulderLeft;1.341791;0.2149248;3.571442;
ElbowRight;1.431258;0.04317714;3.179084;
ElbowLeft;1.298399;-0.05719009;3.457555;
WristRight;1.249164;-0.2108033;3.166032;
WristLeft;1.236954;-0.3621198;3.502808;
HandRight;1.171266;-0.2885733;3.15697;
HandLeft;1.21245;-0.4529153;3.502153;
Spine;1.378737;-0.003070876;3.407786;
HipCenter;1.367149;-0.07911731;3.403429;
HipRight;1.389674;-0.1495494;3.313388;
HipLeft;1.326608;-0.1715291;3.470026;
KneeRight;1.429071;-0.6351354;3.281089;
KneeLeft;1.265069;-0.6583583;3.525952;
AnkleRight;1.462039;-1.006453;3.279591;
AnkleLeft;1.337963;-0.9830889;3.453135;
FootRight;1.394777;-1.060542;3.288552;
FootLeft;1.295146;-1.058511;3.456004;
Head;1.284966;0.5796326;3.50939;
ShoulderCenter;1.393857;0.374207;3.44801;
ShoulderRight;1.412263;0.2527173;3.288923;
ShoulderLeft;1.329001;0.2177017;3.578912;
ElbowRight;1.346043;-0.001720992;3.170594;
ElbowLeft;1.279042;-0.05717044;3.465086;
WristRight;1.171703;-0.2128948;3.160818;
WristLeft;1.202546;-0.3648835;3.478585;
HandRight;1.106285;-0.267193;3.140121;
HandLeft;1.148305;-0.5290203;3.487082;
Spine;1.348204;0.009158866;3.401459;
HipCenter;1.338081;-0.06393736;3.395738;
HipRight;1.343364;-0.1229694;3.315536;
HipLeft;1.303212;-0.140324;3.452273;
KneeRight;1.41837;-0.6340687;3.278782;
KneeLeft;1.234582;-0.6656134;3.531932;
AnkleRight;1.462722;-1.009624;3.275833;
AnkleLeft;1.267896;-1.006168;3.470883;
FootRight;1.396944;-1.059443;3.288649;
FootLeft;1.206774;-1.057507;3.446358;
Head;1.251724;0.5779336;3.493098;
ShoulderCenter;1.367703;0.3765027;3.456;
ShoulderRight;1.394055;0.2543423;3.290798;
ShoulderLeft;1.271415;0.1992924;3.576792;
ElbowRight;1.324294;0.01539261;3.172065;
ElbowLeft;1.221168;-0.07780609;3.461165;
WristRight;1.098512;-0.2070007;3.142828;
WristLeft;1.149899;-0.383737;3.50081;
HandRight;1.039533;-0.2544857;3.12013;
HandLeft;1.102337;-0.5251858;3.512907;
Spine;1.321472;0.03978563;3.402308;
HipCenter;1.311239;-0.02474621;3.394733;
HipRight;1.32935;-0.09102318;3.310688;
HipLeft;1.281919;-0.1160052;3.450686;
KneeRight;1.400745;-0.6323265;3.277063;
KneeLeft;1.180624;-0.6664329;3.529457;
AnkleRight;1.462795;-1.009871;3.275214;
AnkleLeft;1.139519;-0.9986684;3.497462;
FootRight;1.398668;-1.059121;3.286936;
FootLeft;1.067508;-1.03419;3.537114;
Head;1.201373;0.5542808;3.490648;
ShoulderCenter;1.324414;0.3759049;3.455966;
ShoulderRight;1.355871;0.2510055;3.296023;
ShoulderLeft;1.258521;0.2396097;3.60266;
ElbowRight;1.290049;0.02770161;3.174771;
ElbowLeft;1.208274;-0.03748873;3.486832;
WristRight;1.065969;-0.1975178;3.141963;
WristLeft;1.136952;-0.3457051;3.506685;
HandRight;0.999729;-0.2381927;3.138924;
HandLeft;1.088065;-0.4933309;3.515141;
Spine;1.276238;-0.03624959;3.386726;
HipCenter;1.267248;-0.1186716;3.376446;
HipRight;1.280772;-0.1824207;3.299445;
HipLeft;1.239295;-0.1872221;3.428289;
KneeRight;1.383148;-0.6370655;3.272968;
KneeLeft;1.15054;-0.6690004;3.529909;
AnkleRight;1.461174;-1.01104;3.275908;
AnkleLeft;1.019526;-1.004593;3.508754;
FootRight;1.397493;-1.064897;3.282504;
FootLeft;0.9459931;-1.043026;3.585745;
Head;1.168095;0.5383536;3.49048;
ShoulderCenter;1.279261;0.3529266;3.477043;
ShoulderRight;1.302983;0.2439241;3.300577;
ShoulderLeft;1.216513;0.2169421;3.623945;
ElbowRight;1.25818;0.02404483;3.180041;
ElbowLeft;1.166266;-0.06015632;3.507887;
WristRight;1.054843;-0.1873531;3.143992;
WristLeft;1.122952;-0.3395519;3.499606;
HandRight;0.9669384;-0.245728;3.134672;
HandLeft;1.090864;-0.4145751;3.499955;
Spine;1.26506;-0.03941141;3.392828;
HipCenter;1.259892;-0.1198519;3.38072;
HipRight;1.267998;-0.1675475;3.314949;
HipLeft;1.236107;-0.1899572;3.427834;
KneeRight;1.318552;-0.6498229;3.32264;
KneeLeft;1.101928;-0.6757915;3.530518;
AnkleRight;1.457165;-1.009223;3.273172;
AnkleLeft;0.9410406;-1.008065;3.520695;
FootRight;1.388008;-1.054803;3.272878;
FootLeft;0.8602638;-1.063427;3.539606;
Head;1.129894;0.5207535;3.490194;
ShoulderCenter;1.251065;0.3510106;3.47293;
ShoulderRight;1.290416;0.2402071;3.303378;
ShoulderLeft;1.156098;0.1923855;3.569895;
ElbowRight;1.19016;-0.01638752;3.178618;
ElbowLeft;1.10585;-0.08471301;3.4537;
WristRight;1.030767;-0.1889763;3.141876;
WristLeft;1.133564;-0.3436133;3.309696;
HandRight;0.9404235;-0.2417396;3.128942;
HandLeft;1.142802;-0.4299134;3.266612;
Spine;1.211267;-0.04444993;3.400077;
HipCenter;1.205123;-0.1234187;3.3894;
HipRight;1.230839;-0.1740116;3.315065;
HipLeft;1.17457;-0.2062985;3.436298;
KneeRight;1.303363;-0.6424817;3.320149;
KneeLeft;1.049469;-0.6749889;3.534331;
AnkleRight;1.455848;-1.01043;3.273831;
AnkleLeft;0.9034949;-1.004006;3.51797;
FootRight;1.386203;-1.057598;3.26952;
FootLeft;0.796196;-1.030698;3.545526;
Head;1.105334;0.5403669;3.484966;
ShoulderCenter;1.20288;0.3541675;3.467907;
ShoulderRight;1.238294;0.2255018;3.305768;
ShoulderLeft;1.113118;0.1841019;3.54757;
ElbowRight;1.163187;-0.01862084;3.181892;
ElbowLeft;1.062871;-0.09299658;3.431346;
WristRight;1.004902;-0.1915563;3.136943;
WristLeft;1.11831;-0.3479853;3.29302;
HandRight;0.9209468;-0.2538558;3.12722;
HandLeft;0.8818117;-0.2765033;3.121533;
Spine;1.158504;-0.04240856;3.39896;
HipCenter;1.149771;-0.1217331;3.388795;
HipRight;1.170781;-0.1756857;3.310328;
HipLeft;1.113744;-0.2041931;3.440377;
KneeRight;1.291328;-0.6418467;3.304888;
KneeLeft;1.018152;-0.6855731;3.528013;
AnkleRight;1.454456;-1.012851;3.273182;
AnkleLeft;0.8774059;-1.009101;3.509621;
FootRight;1.382943;-1.060487;3.279091;
FootLeft;0.7754744;-1.052273;3.542669;
Head;1.053001;0.5379884;3.493902;
ShoulderCenter;1.167033;0.3580195;3.463822;
ShoulderRight;1.198107;0.2259738;3.314824;
ShoulderLeft;1.056995;0.1783462;3.542175;
ElbowRight;1.145115;-0.01768826;3.18648;
ElbowLeft;0.9904647;-0.1194613;3.409052;
WristRight;0.9285846;-0.2244347;3.141579;
WristLeft;0.8754125;-0.2565318;3.126079;
HandRight;0.8735243;-0.2828695;3.125483;
HandLeft;0.8624355;-0.3006505;3.121848;
Spine;1.115847;-0.0587434;3.393565;
HipCenter;1.104675;-0.1430656;3.382989;
HipRight;1.138917;-0.1802367;3.321478;
HipLeft;1.065207;-0.2119013;3.421913;
KneeRight;1.260818;-0.645213;3.294208;
KneeLeft;1.001256;-0.6851038;3.523037;
AnkleRight;1.445532;-1.008581;3.266793;
AnkleLeft;0.860503;-1.014582;3.495007;
FootRight;1.375843;-1.047512;3.239238;
FootLeft;0.7919362;-1.056265;3.463772;
Head;1.025141;0.5439837;3.489979;
ShoulderCenter;1.116727;0.3516233;3.471729;
ShoulderRight;1.146434;0.2273498;3.315492;
ShoulderLeft;1.017142;0.1762583;3.536301;
ElbowRight;1.097452;-0.007295742;3.197254;
ElbowLeft;0.9502417;-0.1232072;3.402566;
WristRight;0.9248844;-0.2278159;3.142981;
WristLeft;0.8548759;-0.2759312;3.120065;
HandRight;0.8653258;-0.2917615;3.128273;
HandLeft;0.8503809;-0.3058352;3.126133;
Spine;1.080073;-0.03987616;3.397663;
HipCenter;1.071075;-0.1179605;3.386666;
HipRight;1.091009;-0.1655864;3.310542;
HipLeft;1.039195;-0.2035589;3.431636;
KneeRight;1.227785;-0.649299;3.290756;
KneeLeft;0.9727526;-0.6807054;3.51929;
AnkleRight;1.436293;-1.00604;3.262432;
AnkleLeft;0.8575497;-1.015166;3.488826;
FootRight;1.37041;-1.05021;3.23726;
FootLeft;0.7908707;-1.061237;3.469944;
Head;0.9837564;0.5464271;3.47318;
ShoulderCenter;1.079656;0.3596054;3.478117;
ShoulderRight;1.131545;0.2307869;3.32352;
ShoulderLeft;0.9721591;0.1847833;3.542639;
ElbowRight;1.084934;-0.001674125;3.201608;
ElbowLeft;0.9190791;-0.1138663;3.395912;
WristRight;0.9202965;-0.2327285;3.143559;
WristLeft;0.8237936;-0.2625518;3.117725;
HandRight;0.8601395;-0.3000179;3.128957;
HandLeft;0.8622977;-0.324181;3.124678;
Spine;1.027038;-0.03892063;3.404414;
HipCenter;1.017558;-0.1188505;3.393121;
HipRight;1.043211;-0.1676332;3.324788;
HipLeft;0.9769596;-0.1966749;3.434852;
KneeRight;1.124006;-0.6712459;3.349924;
KneeLeft;0.9225193;-0.6824064;3.523977;
AnkleRight;1.41126;-0.9979247;3.265647;
AnkleLeft;0.8587624;-1.021883;3.48048;
FootRight;1.373356;-1.064189;3.231198;
FootLeft;0.7822329;-1.068045;3.481513;
Head;0.9232907;0.5420495;3.504762;
ShoulderCenter;1.043089;0.3623473;3.47056;
ShoulderRight;1.073674;0.2344087;3.322554;
ShoulderLeft;0.9401972;0.1828147;3.547865;
ElbowRight;1.037732;-0.01672528;3.211544;
ElbowLeft;0.880431;-0.1155884;3.399608;
WristRight;0.9173349;-0.2361688;3.146406;
WristLeft;0.7678567;-0.206125;3.16188;
HandRight;0.8689322;-0.3221802;3.149938;
HandLeft;0.810844;-0.2651084;3.160704;
Spine;0.9856936;-0.04962539;3.413405;
HipCenter;0.9721356;-0.1329214;3.406505;
HipRight;0.9950226;-0.1819502;3.342826;
HipLeft;0.9336091;-0.2070147;3.45061;
KneeRight;1.106961;-0.6692992;3.31673;
KneeLeft;0.8962039;-0.6720735;3.516671;
AnkleRight;1.364634;-0.9645581;3.258215;
AnkleLeft;0.8660506;-1.011671;3.473958;
FootRight;1.373638;-1.046262;3.24553;
FootLeft;0.7830616;-1.068176;3.477168;
Head;0.8988881;0.5648193;3.496581;
ShoulderCenter;0.9887138;0.3675365;3.452631;
ShoulderRight;1.034194;0.2326923;3.318325;
ShoulderLeft;0.8800262;0.1843633;3.533198;
ElbowRight;1.024068;-0.01446174;3.212575;
ElbowLeft;0.823175;-0.05830011;3.383852;
WristRight;0.9062131;-0.2525523;3.150932;
WristLeft;0.7178637;-0.2488613;3.184295;
HandRight;0.8670894;-0.3276102;3.15014;
HandLeft;0.7605601;-0.3074455;3.183127;
Spine;0.9367458;-0.02482171;3.413007;
HipCenter;0.9263521;-0.1032933;3.40872;
HipRight;0.9490335;-0.1708211;3.336403;
HipLeft;0.8854691;-0.1814414;3.46303;
KneeRight;1.044928;-0.6771739;3.296386;
KneeLeft;0.8752493;-0.6746575;3.511957;
AnkleRight;1.324917;-0.9634794;3.258182;
AnkleLeft;0.8610996;-1.011686;3.47578;
FootRight;1.304708;-1.064841;3.296653;
FootLeft;0.7796243;-1.069399;3.476448;
Head;0.8539386;0.5556684;3.502707;
ShoulderCenter;0.9592243;0.3661139;3.455988;
ShoulderRight;0.9931296;0.2373206;3.316961;
ShoulderLeft;0.8505366;0.1829408;3.536556;
ElbowRight;0.9862063;-0.01213211;3.218387;
ElbowLeft;0.8007823;-0.05681538;3.392116;
WristRight;0.9052521;-0.2524093;3.151557;
WristLeft;0.752053;-0.2906231;3.399101;
HandRight;0.8691891;-0.3299171;3.150044;
HandLeft;0.7945662;-0.3489559;3.397938;
Spine;0.9100329;-0.02200522;3.410966;
HipCenter;0.8999803;-0.09965184;3.405642;
HipRight;0.9197246;-0.1627842;3.326168;
HipLeft;0.8574364;-0.1870571;3.463142;
KneeRight;0.945985;-0.6427796;3.298456;
KneeLeft;0.8403871;-0.6783028;3.501309;
AnkleRight;1.25512;-0.9253336;3.25512;
AnkleLeft;0.8506929;-1.019538;3.490775;
FootRight;1.24595;-1.035376;3.283344;
FootLeft;0.7789806;-1.074791;3.490359;
Head;0.8243718;0.5722511;3.491601;
ShoulderCenter;0.9268344;0.3809721;3.45695;
ShoulderRight;0.9698842;0.239128;3.316559;
ShoulderLeft;0.8163642;0.2320512;3.556366;
ElbowRight;0.9778661;-0.01292797;3.21969;
ElbowLeft;0.7653842;-0.006619435;3.41458;
WristRight;0.9040348;-0.2501692;3.152839;
WristLeft;0.7398537;-0.2442599;3.40566;
HandRight;0.8732568;-0.3330727;3.152685;
HandLeft;0.7822317;-0.3024072;3.404501;
Spine;0.8642043;-0.001922101;3.411397;
HipCenter;0.8528726;-0.07904878;3.4059;
HipRight;0.8732695;-0.1454969;3.328189;
HipLeft;0.8111531;-0.1590548;3.462686;
KneeRight;0.8884431;-0.6345341;3.304297;
KneeLeft;0.798551;-0.6668959;3.466118;
AnkleRight;1.185439;-0.918461;3.261502;
AnkleLeft;0.8505706;-1.019745;3.491136;
FootRight;1.173132;-1.020222;3.270921;
FootLeft;0.7790964;-1.074698;3.490535;
Head;0.7768371;0.5704414;3.491944;
ShoulderCenter;0.8820724;0.3801429;3.459994;
ShoulderRight;0.9316339;0.2470029;3.318852;
ShoulderLeft;0.7820618;0.2290474;3.558895;
ElbowRight;0.9493564;-0.001424793;3.212688;
ElbowLeft;0.7310818;-0.009623177;3.417134;
WristRight;0.9024785;-0.2497496;3.157363;
WristLeft;0.7365134;-0.2755309;3.584624;
HandRight;0.8741589;-0.3344649;3.153306;
HandLeft;0.7354311;-0.3418667;3.609784;
Spine;0.8262333;-0.01501866;3.40919;
HipCenter;0.8138354;-0.09446225;3.40263;
HipRight;0.8436154;-0.155932;3.334695;
HipLeft;0.7692079;-0.157426;3.450245;
KneeRight;0.8232068;-0.6328639;3.296102;
KneeLeft;0.8629621;-0.6629152;3.481242;
AnkleRight;1.106634;-0.9144627;3.264438;
AnkleLeft;0.8539468;-1.009025;3.495516;
FootRight;1.063871;-1.020162;3.287386;
FootLeft;0.7787279;-1.075089;3.492615;
Head;0.7406154;0.5702729;3.494015;
ShoulderCenter;0.8545552;0.3842792;3.455775;
ShoulderRight;0.8914416;0.2582454;3.315753;
ShoulderLeft;0.7343638;0.2082231;3.519684;
ElbowRight;0.9298029;-0.02127571;3.2114;
ElbowLeft;0.6812029;-0.04325097;3.40116;
WristRight;0.8948933;-0.2558605;3.161936;
WristLeft;0.7064358;-0.2579135;3.625726;
HandRight;0.8751574;-0.3364139;3.156473;
HandLeft;0.6889617;-0.3152117;3.662211;
Spine;0.7885479;0.003509704;3.395179;
HipCenter;0.7754223;-0.07215253;3.386385;
HipRight;0.79713;-0.1435177;3.302096;
HipLeft;0.7345427;-0.1498827;3.443748;
KneeRight;0.7523555;-0.6305014;3.297213;
KneeLeft;0.9138623;-0.5946259;3.503578;
AnkleRight;1.014892;-0.9521466;3.267975;
AnkleLeft;0.8564138;-1.010126;3.497312;
FootRight;0.9638996;-1.049817;3.309987;
FootLeft;0.7841433;-1.076047;3.489297;
Head;0.7001004;0.5718061;3.457665;
ShoulderCenter;0.805292;0.3827121;3.443112;
ShoulderRight;0.8735653;0.2597517;3.31255;
ShoulderLeft;0.6885968;0.2122045;3.538249;
ElbowRight;0.9125783;-0.01979071;3.205656;
ElbowLeft;0.6725264;-0.1077925;3.494833;
WristRight;0.8715666;-0.2627008;3.166163;
WristLeft;0.6729352;-0.2593309;3.662223;
HandRight;0.8757149;-0.3384207;3.156979;
HandLeft;0.6560492;-0.3197031;3.691631;
Spine;0.7660899;0.008722112;3.386717;
HipCenter;0.7569761;-0.06652683;3.378896;
HipRight;0.7852421;-0.1400007;3.297062;
HipLeft;0.7073689;-0.1399674;3.432651;
KneeRight;0.6889468;-0.6335229;3.297291;
KneeLeft;0.8741658;-0.6411352;3.502895;
AnkleRight;0.9285501;-0.9505643;3.282657;
AnkleLeft;0.839345;-1.020969;3.469008;
FootRight;0.8688399;-1.050017;3.298345;
FootLeft;0.7777146;-1.080187;3.484972;
Head;0.680584;0.5769532;3.466543;
ShoulderCenter;0.7838641;0.3852129;3.438892;
ShoulderRight;0.8206838;0.2551582;3.308076;
ShoulderLeft;0.6780415;0.2126487;3.538173;
ElbowRight;0.8927557;0.00517313;3.20854;
ElbowLeft;0.6622263;-0.1054355;3.494809;
WristRight;0.8716236;-0.2629702;3.166215;
WristLeft;0.6100734;-0.2503141;3.669759;
HandRight;0.875158;-0.3536808;3.171782;
HandLeft;0.5763227;-0.3146565;3.682369;
Spine;0.7329162;-0.009112163;3.383623;
HipCenter;0.7222919;-0.08924079;3.376331;
HipRight;0.7410928;-0.1423978;3.290636;
HipLeft;0.6819202;-0.194104;3.437591;
KneeRight;0.6263642;-0.6408358;3.292359;
KneeLeft;0.8543961;-0.6472436;3.504143;
AnkleRight;0.8333794;-0.9829565;3.296019;
AnkleLeft;0.9300475;-0.9598116;3.451558;
FootRight;0.762147;-1.0688;3.309826;
FootLeft;0.8314906;-1.023741;3.458124;
Head;0.6425394;0.572954;3.470984;
ShoulderCenter;0.7505883;0.3832184;3.431524;
ShoulderRight;0.8041296;0.2507979;3.303758;
ShoulderLeft;0.6255359;0.2055433;3.500596;
ElbowRight;0.8609872;-0.03964422;3.198576;
ElbowLeft;0.6078577;-0.06491387;3.635738;
WristRight;0.8625762;-0.2749288;3.163418;
WristLeft;0.5609445;-0.2739713;3.715635;
HandRight;0.8687039;-0.3581984;3.171112;
HandLeft;0.5190663;-0.3281946;3.72253;
Spine;0.7093124;-0.02745176;3.376446;
HipCenter;0.7005785;-0.1099216;3.369004;
HipRight;0.7317742;-0.1506982;3.291254;
HipLeft;0.6622236;-0.2026051;3.426086;
KneeRight;0.5699143;-0.6329724;3.285619;
KneeLeft;0.8099822;-0.6778327;3.504158;
AnkleRight;0.708676;-1.012953;3.282912;
AnkleLeft;0.8689715;-1.017471;3.453537;
FootRight;0.6443684;-1.071496;3.281748;
FootLeft;0.788254;-1.10301;3.457234;
Head;0.6003752;0.5690198;3.448445;
ShoulderCenter;0.7040489;0.379027;3.43415;
ShoulderRight;0.7625384;0.2470087;3.29529;
ShoulderLeft;0.6020709;0.2195065;3.554787;
ElbowRight;0.8403498;-0.05188629;3.202213;
ElbowLeft;0.568942;-0.06709734;3.652993;
WristRight;0.8366617;-0.2963084;3.166727;
WristLeft;0.5103207;-0.2885011;3.681557;
HandRight;0.8432508;-0.364719;3.169549;
HandLeft;0.4668058;-0.3487289;3.737589;
Spine;0.6746028;-0.008679506;3.382902;
HipCenter;0.6671939;-0.08576646;3.376494;
HipRight;0.6916081;-0.1419775;3.290376;
HipLeft;0.6343004;-0.1910356;3.436296;
KneeRight;0.524188;-0.6446328;3.271882;
KneeLeft;0.7393739;-0.6865956;3.457746;
AnkleRight;0.5971292;-1.023343;3.25591;
AnkleLeft;0.8283619;-1.038014;3.462866;
FootRight;0.50085;-1.08731;3.271417;
FootLeft;0.7571702;-1.079999;3.438372;
Head;0.5758598;0.5676194;3.4289;
ShoulderCenter;0.6815519;0.3807049;3.428819;
ShoulderRight;0.7301468;0.2452056;3.292706;
ShoulderLeft;0.5601072;0.2103979;3.505131;
ElbowRight;0.8127416;-0.05195382;3.201186;
ElbowLeft;0.5552569;-0.0586278;3.639021;
WristRight;0.8189982;-0.2910971;3.169041;
WristLeft;0.4860998;-0.2715273;3.687213;
HandRight;0.8173622;-0.3682708;3.167585;
HandLeft;0.457477;-0.3340875;3.750862;
Spine;0.6387473;-0.04807903;3.367659;
HipCenter;0.6322931;-0.133993;3.359571;
HipRight;0.6689736;-0.1578816;3.302763;
HipLeft;0.5939943;-0.2129793;3.395864;
KneeRight;0.509973;-0.6408261;3.276755;
KneeLeft;0.6666608;-0.6906978;3.412875;
AnkleRight;0.4677973;-1.045954;3.231822;
AnkleLeft;0.8366781;-1.025014;3.476203;
FootRight;0.3646764;-1.095338;3.261598;
FootLeft;0.730507;-1.076511;3.482123;
Head;0.5416917;0.5528611;3.425928;
ShoulderCenter;0.6541318;0.3765467;3.429561;
ShoulderRight;0.6901952;0.2322393;3.279685;
ShoulderLeft;0.5165645;0.1767002;3.485212;
ElbowRight;0.7754443;-0.06178845;3.193379;
ElbowLeft;0.4959952;-0.06357001;3.655789;
WristRight;0.7901673;-0.2925305;3.167495;
WristLeft;0.4348265;-0.2686751;3.729046;
HandRight;0.8000215;-0.3732486;3.170308;
HandLeft;0.3852034;-0.2972788;3.721001;
Spine;0.6260991;-0.05098351;3.366229;
HipCenter;0.6198763;-0.1368104;3.357508;
HipRight;0.6511387;-0.1679436;3.299779;
HipLeft;0.5783035;-0.2162131;3.394403;
KneeRight;0.4648136;-0.560102;3.268068;
KneeLeft;0.5487486;-0.6485561;3.337968;
AnkleRight;0.3792924;-0.9874532;3.225679;
AnkleLeft;0.810657;-0.963623;3.457915;
FootRight;0.279673;-1.050973;3.226924;
FootLeft;0.7606037;-1.05205;3.518212;
Head;0.4967523;0.5340386;3.403873;
ShoulderCenter;0.5978332;0.3599603;3.422229;
ShoulderRight;0.6603343;0.2280314;3.27443;
ShoulderLeft;0.4997171;0.1980008;3.4965;
ElbowRight;0.7268706;-0.06997912;3.182245;
ElbowLeft;0.4761066;-0.06001848;3.640699;
WristRight;0.7447571;-0.2990159;3.149323;
WristLeft;0.4019306;-0.2529471;3.727698;
HandRight;0.75392;-0.392221;3.154977;
HandLeft;0.3676555;-0.3130597;3.732276;
Spine;0.5683857;-0.05869828;3.36423;
HipCenter;0.5624962;-0.14243;3.356267;
HipRight;0.5883479;-0.173809;3.298714;
HipLeft;0.5294514;-0.220049;3.396257;
KneeRight;0.4225042;-0.5886261;3.271351;
KneeLeft;0.55354;-0.6602975;3.350588;
AnkleRight;0.2698156;-0.9964429;3.235322;
AnkleLeft;0.8194937;-0.9741383;3.46437;
FootRight;0.1720163;-1.06298;3.241682;
FootLeft;0.7507687;-1.069933;3.475887;
Head;0.4753135;0.5431083;3.410245;
ShoulderCenter;0.5677384;0.3551629;3.393712;
ShoulderRight;0.6036422;0.2181115;3.258652;
ShoulderLeft;0.4538258;0.1895179;3.52558;
ElbowRight;0.6986209;-0.07267571;3.174829;
ElbowLeft;0.4108902;-0.06440582;3.41207;
WristRight;0.7149553;-0.3078341;3.149945;
WristLeft;0.3785866;-0.2219496;3.665325;
HandRight;0.7230601;-0.3818154;3.150642;
HandLeft;0.3124584;-0.312723;3.686363;
Spine;0.5317712;-0.05523751;3.35904;
HipCenter;0.5227295;-0.1371721;3.355388;
HipRight;0.5404164;-0.1707714;3.292988;
HipLeft;0.4888936;-0.2241117;3.404334;
KneeRight;0.3594085;-0.5640795;3.231984;
KneeLeft;0.5395647;-0.6693206;3.357578;
AnkleRight;0.2419511;-0.9852048;3.241732;
AnkleLeft;0.8135328;-0.9825705;3.467941;
FootRight;0.1248044;-1.009151;3.235806;
FootLeft;0.7518012;-1.077969;3.505626;
Head;0.4244135;0.5285869;3.405318;
ShoulderCenter;0.5308304;0.3508334;3.379274;
ShoulderRight;0.5935936;0.2175013;3.257571;
ShoulderLeft;0.4346192;0.1994027;3.513316;
ElbowRight;0.6493071;-0.07008243;3.17229;
ElbowLeft;0.3873548;-0.09105384;3.585643;
WristRight;0.6557549;-0.3045278;3.142889;
WristLeft;0.3394022;-0.270702;3.706307;
HandRight;0.6661996;-0.3952374;3.137847;
HandLeft;0.3037648;-0.32898;3.695336;
Spine;0.509728;-0.04806969;3.348655;
HipCenter;0.504915;-0.1286692;3.346198;
HipRight;0.5291082;-0.164639;3.279981;
HipLeft;0.4728041;-0.2194883;3.400424;
KneeRight;0.3432245;-0.5622935;3.22348;
KneeLeft;0.5029225;-0.6685861;3.361077;
AnkleRight;0.2289383;-0.9822668;3.24603;
AnkleLeft;0.790401;-0.9697222;3.469012;
FootRight;0.1141858;-1.01906;3.251281;
FootLeft;0.7517067;-1.078151;3.505005;
Head;0.383037;0.5354993;3.413259;
ShoulderCenter;0.4790505;0.3504169;3.366649;
ShoulderRight;0.5434922;0.2175651;3.245984;
ShoulderLeft;0.3692489;0.1780596;3.509834;
ElbowRight;0.6123885;-0.0772586;3.169457;
ElbowLeft;0.3352926;-0.09247033;3.40743;
WristRight;0.60773;-0.3067224;3.130402;
WristLeft;0.3072957;-0.2677865;3.649477;
HandRight;0.6138419;-0.3835897;3.134054;
HandLeft;0.2867667;-0.332595;3.708527;
Spine;0.4553482;-0.04523299;3.343715;
HipCenter;0.4506077;-0.124363;3.342748;
HipRight;0.4764443;-0.1661593;3.272027;
HipLeft;0.416208;-0.2255055;3.401815;
KneeRight;0.3043925;-0.5679017;3.204498;
KneeLeft;0.4674755;-0.667294;3.363681;
AnkleRight;0.2214418;-0.9919207;3.248027;
AnkleLeft;0.7641305;-0.9634452;3.462022;
FootRight;0.1096771;-1.038524;3.253713;
FootLeft;0.7363175;-1.077177;3.493439;
Head;0.3512721;0.5411126;3.395609;
ShoulderCenter;0.4503513;0.3570105;3.363635;
ShoulderRight;0.5144533;0.2257315;3.248717;
ShoulderLeft;0.34411;0.1900397;3.486984;
ElbowRight;0.5528246;-0.0710085;3.155557;
ElbowLeft;0.3018099;-0.1101805;3.374852;
WristRight;0.5372245;-0.3038994;3.127618;
WristLeft;0.2816339;-0.269819;3.630132;
HandRight;0.5566558;-0.3808284;3.11366;
HandLeft;0.2624832;-0.324932;3.666464;
Spine;0.423759;-0.04185256;3.339373;
HipCenter;0.4183691;-0.1216532;3.338116;
HipRight;0.4366547;-0.1561143;3.26371;
HipLeft;0.3891649;-0.2261013;3.399987;
KneeRight;0.2470687;-0.6743909;3.285308;
KneeLeft;0.5549572;-0.6938176;3.462419;
AnkleRight;0.2000483;-1.033504;3.263542;
AnkleLeft;0.8101494;-1.025605;3.483401;
FootRight;0.09045959;-1.075609;3.295313;
FootLeft;0.7204288;-1.073795;3.485288;
Head;0.2962701;0.547658;3.366598;
ShoulderCenter;0.3985453;0.368414;3.36411;
ShoulderRight;0.4556309;0.2315104;3.239056;
ShoulderLeft;0.2972054;0.2014194;3.484295;
ElbowRight;0.5009381;-0.06033282;3.149184;
ElbowLeft;0.2536318;-0.06230648;3.357731;
WristRight;0.4901133;-0.3091567;3.110601;
WristLeft;0.2415325;-0.2771563;3.541174;
HandRight;0.4850633;-0.3797961;3.103198;
HandLeft;0.2327119;-0.3211029;3.624226;
Spine;0.3538934;-0.04593284;3.338943;
HipCenter;0.344963;-0.1288022;3.337517;
HipRight;0.369742;-0.1539506;3.281954;
HipLeft;0.3082349;-0.2145355;3.383859;
KneeRight;0.2680709;-0.580383;3.277429;
KneeLeft;0.5396284;-0.6955908;3.469891;
AnkleRight;0.194448;-1.013705;3.271638;
AnkleLeft;0.7761501;-1.021585;3.48068;
FootRight;0.09293018;-1.080817;3.275259;
FootLeft;0.6877589;-1.068082;3.481112;
Head;0.2461644;0.5298113;3.374778;
ShoulderCenter;0.3757453;0.3664825;3.365055;
ShoulderRight;0.4261936;0.2303053;3.228709;
ShoulderLeft;0.2400395;0.1735406;3.486184;
ElbowRight;0.4621033;-0.0474965;3.145469;
ElbowLeft;0.21635;-0.1297954;3.371225;
WristRight;0.4207263;-0.3255437;3.11569;
WristLeft;0.2038539;-0.3497264;3.553231;
HandRight;0.4257755;-0.3936189;3.102764;
HandLeft;0.1955326;-0.3476855;3.632187;
Spine;0.3174005;-0.04230478;3.345302;
HipCenter;0.3051763;-0.1237252;3.345258;
HipRight;0.3305543;-0.1612618;3.280677;
HipLeft;0.2580325;-0.2218667;3.402012;
KneeRight;0.2193347;-0.6419577;3.278754;
KneeLeft;0.4847581;-0.7210072;3.481508;
AnkleRight;0.1821077;-1.042457;3.266894;
AnkleLeft;0.7251374;-0.9792325;3.465244;
FootRight;0.07882307;-1.093031;3.276171;
FootLeft;0.6364818;-1.025285;3.465308;
Head;0.2308364;0.5489026;3.370052;
ShoulderCenter;0.3190693;0.3571011;3.339898;
ShoulderRight;0.3788949;0.2251981;3.211252;
ShoulderLeft;0.2144717;0.1829002;3.46197;
ElbowRight;0.4023792;-0.03992384;3.146318;
ElbowLeft;0.1748781;-0.06127415;3.356954;
WristRight;0.3216436;-0.305799;3.138155;
WristLeft;0.1627788;-0.2761239;3.540411;
HandRight;0.3240718;-0.3724091;3.111281;
HandLeft;0.1544576;-0.274083;3.619366;
Spine;0.2827528;-0.03030728;3.330931;
HipCenter;0.275895;-0.1088495;3.332942;
HipRight;0.3109992;-0.1649558;3.270038;
HipLeft;0.2239817;-0.1873371;3.388866;
KneeRight;0.2089914;-0.6445985;3.278955;
KneeLeft;0.4455839;-0.7046847;3.485343;
AnkleRight;0.179149;-1.041698;3.264145;
AnkleLeft;0.6561558;-0.9517692;3.454656;
FootRight;0.1100361;-1.09682;3.279288;
FootLeft;0.5628487;-0.9980522;3.457258;
Head;0.1621245;0.5394037;3.360772;
ShoulderCenter;0.2899287;0.3713444;3.333976;
ShoulderRight;0.3479262;0.2339754;3.214297;
ShoulderLeft;0.1773776;0.2005344;3.451432;
ElbowRight;0.3374981;-0.06180745;3.147485;
ElbowLeft;0.1341612;-0.09129785;3.312791;
WristRight;0.2490196;-0.3202385;3.12065;
WristLeft;0.1191207;-0.3260098;3.488787;
HandRight;0.247114;-0.3798734;3.085684;
HandLeft;0.1107994;-0.3239689;3.567742;
Spine;0.2490134;-0.01907546;3.326843;
HipCenter;0.2401767;-0.09712701;3.328995;
HipRight;0.2664731;-0.1459735;3.273219;
HipLeft;0.1987074;-0.1756177;3.380918;
KneeRight;0.1968049;-0.6510552;3.267288;
KneeLeft;0.4301722;-0.6887264;3.485432;
AnkleRight;0.1773583;-1.040654;3.262164;
AnkleLeft;0.6001358;-0.9632187;3.442222;
FootRight;0.1063608;-1.096127;3.272293;
FootLeft;0.4879198;-0.9796463;3.452653;
Head;0.1377282;0.5546396;3.351519;
ShoulderCenter;0.2540303;0.3787524;3.331617;
ShoulderRight;0.3173391;0.2389502;3.209308;
ShoulderLeft;0.1342098;0.1893403;3.425198;
ElbowRight;0.2877441;-0.03319212;3.131076;
ElbowLeft;0.09461311;-0.1045067;3.287567;
WristRight;0.2030663;-0.2698112;3.118251;
WristLeft;0.07993864;-0.3384673;3.46396;
HandRight;0.1794262;-0.3380346;3.122009;
HandLeft;0.07161736;-0.3364264;3.542916;
Spine;0.2165747;-0.01305718;3.326892;
HipCenter;0.2094193;-0.0914884;3.329507;
HipRight;0.2437673;-0.150751;3.269661;
HipLeft;0.1599596;-0.1701104;3.385708;
KneeRight;0.1870632;-0.6476852;3.265598;
KneeLeft;0.3248553;-0.7112145;3.481088;
AnkleRight;0.1793789;-1.033007;3.261639;
AnkleLeft;0.5454082;-0.9457992;3.448588;
FootRight;0.1011758;-1.090805;3.26715;
FootLeft;0.4254542;-0.9585558;3.45147;
Head;0.1033622;0.5590901;3.344248;
ShoulderCenter;0.2168669;0.3828377;3.338323;
ShoulderRight;0.262206;0.2457759;3.208711;
ShoulderLeft;0.1065797;0.1919426;3.431298;
ElbowRight;0.2454699;-0.001142546;3.126083;
ElbowLeft;0.06592441;-0.1023197;3.293288;
WristRight;0.1397115;-0.2479495;3.11396;
WristLeft;0.05122159;-0.3360142;3.469759;
HandRight;0.100062;-0.331487;3.097844;
HandLeft;0.04290035;-0.3339732;3.548714;
Spine;0.1678548;-0.0339986;3.316322;
HipCenter;0.159148;-0.1174863;3.31533;
HipRight;0.1922441;-0.1603536;3.263694;
HipLeft;0.1140149;-0.1900407;3.358042;
KneeRight;0.178367;-0.6521353;3.262563;
KneeLeft;0.1128674;-0.6481999;3.45681;
AnkleRight;0.1794125;-1.032944;3.26143;
AnkleLeft;0.4075988;-0.948805;3.455551;
FootRight;0.100674;-1.090491;3.254724;
FootLeft;0.3189432;-0.9948578;3.455615;
Head;0.06386192;0.5536354;3.337288;
ShoulderCenter;0.1877644;0.382958;3.329225;
ShoulderRight;0.235921;0.244338;3.201615;
ShoulderLeft;0.07214529;0.1922817;3.422312;
ElbowRight;0.1946257;-0.01131779;3.127264;
ElbowLeft;0.03180189;-0.1027261;3.283923;
WristRight;0.08082175;-0.2273173;3.098789;
WristLeft;0.0172154;-0.3357641;3.46063;
HandRight;0.02595553;-0.2994144;3.071823;
HandLeft;0.00889411;-0.3337231;3.539586;
Spine;0.1446148;-0.04968045;3.302824;
HipCenter;0.1350318;-0.1372532;3.300354;
HipRight;0.1779797;-0.1668061;3.26009;
HipLeft;0.08772486;-0.2038765;3.332663;
KneeRight;0.1696099;-0.6582242;3.261697;
KneeLeft;0.004805251;-0.6403838;3.450192;
AnkleRight;0.1793076;-1.033115;3.261019;
AnkleLeft;0.3218716;-0.9415524;3.410589;
FootRight;0.09873097;-1.091138;3.257544;
FootLeft;0.2370148;-0.9912136;3.410526;
Head;0.01967557;0.5687774;3.339443;
ShoulderCenter;0.1321462;0.3885778;3.32309;
ShoulderRight;0.1900429;0.2506332;3.199704;
ShoulderLeft;0.01831107;0.1979306;3.417064;
ElbowRight;0.1295225;-0.03274992;3.107374;
ElbowLeft;-0.022315;-0.09821038;3.278201;
WristRight;-0.01633329;-0.24648;3.071871;
WristLeft;-0.03675595;-0.3301301;3.455329;
HandRight;-0.06827719;-0.3095326;3.05728;
HandLeft;-0.04507722;-0.3280891;3.534284;
Spine;0.1187544;-0.04625069;3.288682;
HipCenter;0.1153003;-0.1335717;3.286355;
HipRight;0.1550378;-0.1662902;3.236569;
HipLeft;0.06902042;-0.2032943;3.323167;
KneeRight;0.1675957;-0.6595007;3.258882;
KneeLeft;-0.01096527;-0.6441944;3.444901;
AnkleRight;0.1780567;-1.032504;3.260359;
AnkleLeft;0.06683582;-0.9559919;3.416895;
FootRight;0.09822911;-1.091731;3.258108;
FootLeft;0.05011447;-0.8387991;3.399644;
Head;-0.008832186;0.5174727;3.33531;
ShoulderCenter;0.09175118;0.3321224;3.31053;
ShoulderRight;0.1578419;0.2498027;3.198251;
ShoulderLeft;-0.02208393;0.1414752;3.404504;
ElbowRight;0.09499333;-0.01806972;3.091614;
ElbowLeft;-0.06286146;-0.1557699;3.265231;
WristRight;-0.08158376;-0.2273006;3.050494;
WristLeft;-0.07715095;-0.3865855;3.442769;
HandRight;-0.1331747;-0.2912939;3.036336;
HandLeft;-0.08547222;-0.3845446;3.521724;
Spine;0.09533603;-0.05699143;3.276098;
HipCenter;0.09601188;-0.1372401;3.273807;
HipRight;0.1347597;-0.1729795;3.22341;
HipLeft;0.05303007;-0.2167248;3.309109;
KneeRight;0.1562738;-0.6589849;3.258376;
KneeLeft;-0.04563239;-0.6727158;3.441961;
AnkleRight;0.1794605;-1.032207;3.261939;
AnkleLeft;0.02541479;-1.045188;3.424415;
FootRight;0.1085194;-1.083783;3.252712;
FootLeft;0.0255764;-0.9620377;3.395941;
Head;-0.04096865;0.5061992;3.337861;
ShoulderCenter;0.05637104;0.3209053;3.306705;
ShoulderRight;0.104995;0.244397;3.191269;
ShoulderLeft;-0.05746407;0.130258;3.400679;
ElbowRight;0.04766499;0.007639416;3.075673;
ElbowLeft;-0.09831548;-0.1675256;3.261202;
WristRight;-0.1495157;-0.2342362;3.044335;
WristLeft;-0.1125311;-0.3978027;3.438938;
HandRight;-0.1966352;-0.2877778;3.049225;
HandLeft;-0.1208524;-0.3957617;3.517894;
Spine;0.0437042;-0.08125933;3.288538;
HipCenter;0.04228591;-0.1613387;3.288629;
HipRight;0.07983171;-0.1980127;3.259143;
HipLeft;0.002888925;-0.2291859;3.311107;
KneeRight;0.1364093;-0.6713277;3.252999;
KneeLeft;-0.08949012;-0.6855295;3.444323;
AnkleRight;0.1786431;-1.033044;3.26262;
AnkleLeft;-0.05132945;-1.034946;3.423524;
FootRight;0.1025213;-1.091261;3.257812;
FootLeft;-0.1318474;-1.068307;3.418787;
Head;-0.0791072;0.5041738;3.340258;
ShoulderCenter;0.01921602;0.3175339;3.31519;
ShoulderRight;0.08012967;0.2451527;3.193662;
ShoulderLeft;-0.09461909;0.1268866;3.409164;
ElbowRight;-0.008306081;-0.01387723;3.074296;
ElbowLeft;-0.135314;-0.1697569;3.270106;
WristRight;-0.186769;-0.2267679;3.048158;
WristLeft;-0.149686;-0.4011741;3.447417;
HandRight;-0.2422571;-0.2735694;3.044297;
HandLeft;-0.1580073;-0.3991331;3.526372;
Spine;0.01305742;-0.08109102;3.297399;
HipCenter;0.01114866;-0.160799;3.297691;
HipRight;0.04515824;-0.1950986;3.275961;
HipLeft;-0.0264725;-0.2274963;3.314038;
KneeRight;0.1069938;-0.654012;3.244497;
KneeLeft;-0.1398538;-0.6665522;3.451284;
AnkleRight;0.1773114;-1.031106;3.261319;
AnkleLeft;-0.1750367;-1.025941;3.422151;
FootRight;0.1006287;-1.091103;3.259866;
FootLeft;-0.2788684;-1.068637;3.459913;
Head;-0.1128227;0.5002241;3.338453;
ShoulderCenter;-0.01495906;0.3156039;3.319105;
ShoulderRight;0.0278075;0.2463015;3.191557;
ShoulderLeft;-0.1287942;0.1249567;3.413078;
ElbowRight;-0.02851883;0.00703484;3.071934;
ElbowLeft;-0.1695678;-0.1722596;3.273802;
WristRight;-0.2410217;-0.2195039;3.045142;
WristLeft;-0.1838612;-0.403104;3.451322;
HandRight;-0.2906357;-0.2679123;3.040859;
HandLeft;-0.1921825;-0.401063;3.530277;
Spine;-0.02877526;-0.08381524;3.297521;
HipCenter;-0.03111765;-0.1636733;3.296743;
HipRight;0.005149892;-0.1971613;3.272784;
HipLeft;-0.06938045;-0.2303151;3.313048;
KneeRight;0.03512977;-0.6655643;3.280876;
KneeLeft;-0.1845246;-0.6748924;3.445088;
AnkleRight;0.1763823;-1.029722;3.261378;
AnkleLeft;-0.2840565;-1.032853;3.430135;
FootRight;0.1004572;-1.091203;3.261212;
FootLeft;-0.386454;-1.046918;3.438139;
Head;-0.1663028;0.4986814;3.365243;
ShoulderCenter;-0.0650716;0.2893452;3.319664;
ShoulderRight;-0.007016081;0.2366115;3.185736;
ShoulderLeft;-0.1789067;0.09869798;3.413638;
ElbowRight;-0.1045553;-0.03185457;3.063333;
ElbowLeft;-0.2198294;-0.1996048;3.273952;
WristRight;-0.2860955;-0.2193885;3.04206;
WristLeft;-0.2339737;-0.4293627;3.451871;
HandRight;-0.3616675;-0.2734466;3.057206;
HandLeft;-0.242295;-0.4273217;3.530826;
Spine;-0.07198995;-0.09841309;3.298592;
HipCenter;-0.0727519;-0.1758901;3.297955;
HipRight;-0.04306236;-0.2150417;3.282191;
HipLeft;-0.1051452;-0.2383296;3.30698;
KneeRight;-0.03962927;-0.692907;3.314503;
KneeLeft;-0.2431687;-0.6706509;3.443536;
AnkleRight;0.1733472;-1.029306;3.260288;
AnkleLeft;-0.3035451;-1.01637;3.433076;
FootRight;0.1023253;-1.091746;3.258133;
FootLeft;-0.4059426;-1.030435;3.44108;
Head;-0.2059979;0.5387704;3.361337;
ShoulderCenter;-0.09272052;0.3674238;3.320292;
ShoulderRight;-0.05257801;0.2226666;3.182225;
ShoulderLeft;-0.2065556;0.1767766;3.414266;
ElbowRight;-0.135216;-0.03300752;3.064163;
ElbowLeft;-0.2475833;-0.1222916;3.274264;
WristRight;-0.3260156;-0.2248047;3.04236;
WristLeft;-0.2616227;-0.3512841;3.452453;
HandRight;-0.3777715;-0.2746619;3.054935;
HandLeft;-0.269944;-0.3492431;3.531408;
Spine;-0.09512272;-0.07825173;3.272005;
HipCenter;-0.09623678;-0.1657801;3.265757;
HipRight;-0.06291016;-0.1963524;3.227796;
HipLeft;-0.1300441;-0.2236874;3.289036;
KneeRight;-0.06250093;-0.6879984;3.309356;
KneeLeft;-0.258576;-0.6666664;3.438899;
AnkleRight;0.1713685;-1.029248;3.260442;
AnkleLeft;-0.4932975;-1.025864;3.436898;
FootRight;0.1059243;-1.090497;3.2542;
FootLeft;-0.6095607;-1.003469;3.434594;
Head;-0.2565354;0.5341436;3.360469;
ShoulderCenter;-0.1475071;0.361599;3.313949;
ShoulderRight;-0.08418602;0.2234977;3.188267;
ShoulderLeft;-0.2613422;0.1709518;3.407923;
ElbowRight;-0.1634941;-0.02577193;3.061048;
ElbowLeft;-0.3024648;-0.1288088;3.267611;
WristRight;-0.3624445;-0.2326266;3.04643;
WristLeft;-0.3164092;-0.3571089;3.446028;
HandRight;-0.4278186;-0.2956394;3.071473;
HandLeft;-0.3247305;-0.3550679;3.524984;
Spine;-0.1532007;-0.0884027;3.290277;
HipCenter;-0.1543394;-0.178403;3.289159;
HipRight;-0.1180633;-0.211131;3.27154;
HipLeft;-0.1916881;-0.230447;3.300564;
KneeRight;-0.07277596;-0.6871904;3.294809;
KneeLeft;-0.3148707;-0.6722616;3.427927;
AnkleRight;0.1625689;-1.027222;3.259803;
AnkleLeft;-0.5061204;-1.035389;3.427754;
FootRight;0.09562977;-1.091998;3.256533;
FootLeft;-0.6225783;-1.012957;3.425446;
Head;-0.287922;0.4883994;3.363308;
ShoulderCenter;-0.1889466;0.2904772;3.32166;
ShoulderRight;-0.1342636;0.2243791;3.193034;
ShoulderLeft;-0.3027817;0.09982996;3.415634;
ElbowRight;-0.2069092;-0.03272377;3.067119;
ElbowLeft;-0.3437455;-0.1987728;3.275743;
WristRight;-0.408049;-0.252299;3.052256;
WristLeft;-0.3578487;-0.4282307;3.453727;
HandRight;-0.4474876;-0.3063557;3.070678;
HandLeft;-0.36617;-0.4261898;3.532683;
Spine;-0.197375;-0.1112367;3.30284;
HipCenter;-0.1977551;-0.1911948;3.302299;
HipRight;-0.1636083;-0.2281128;3.291552;
HipLeft;-0.2362379;-0.2507;3.307085;
KneeRight;-0.0830071;-0.6839442;3.275886;
KneeLeft;-0.3511999;-0.6712484;3.419997;
AnkleRight;0.1591402;-1.024857;3.257958;
AnkleLeft;-0.5248506;-1.062275;3.41879;
FootRight;0.08949701;-1.088488;3.238869;
FootLeft;-0.6370447;-1.07921;3.454271;
Head;-0.3417681;0.4862782;3.371545;
ShoulderCenter;-0.2292965;0.2932788;3.326399;
ShoulderRight;-0.1756016;0.2224277;3.195848;
ShoulderLeft;-0.3431316;0.1026316;3.420373;
ElbowRight;-0.23008;-0.03238689;3.074751;
ElbowLeft;-0.3839685;-0.1950466;3.280818;
WristRight;-0.4122971;-0.2521417;3.053506;
WristLeft;-0.3981986;-0.4254291;3.458456;
HandRight;-0.4654292;-0.3099318;3.074325;
HandLeft;-0.4065199;-0.4233882;3.537411;
Spine;-0.2315167;-0.1144263;3.283733;
HipCenter;-0.2341513;-0.1962161;3.27728;
HipRight;-0.1981739;-0.2248879;3.252851;
HipLeft;-0.272054;-0.2626971;3.287471;
KneeRight;-0.06542698;-0.6833941;3.232815;
KneeLeft;-0.3933864;-0.6920443;3.420371;
AnkleRight;0.1471473;-1.025512;3.257144;
AnkleLeft;-0.5444497;-1.068548;3.402294;
FootRight;0.08514735;-1.089222;3.24495;
FootLeft;-0.6510667;-1.087899;3.451357;
Head;-0.3571825;0.4824173;3.368917;
ShoulderCenter;-0.2685286;0.2878397;3.332697;
ShoulderRight;-0.2269433;0.2210355;3.195153;
ShoulderLeft;-0.3823637;0.09719254;3.426671;
ElbowRight;-0.2839188;-0.04840802;3.07926;
ElbowLeft;-0.4230711;-0.1995409;3.287456;
WristRight;-0.43549;-0.2656837;3.068606;
WristLeft;-0.4374308;-0.4308681;3.464736;
HandRight;-0.4763122;-0.3277388;3.077578;
HandLeft;-0.4457521;-0.4288272;3.543691;
Spine;-0.2864009;-0.1067477;3.298883;
HipCenter;-0.2890602;-0.1855384;3.295594;
HipRight;-0.2572067;-0.2146663;3.293807;
HipLeft;-0.3239773;-0.2471816;3.287273;
KneeRight;-0.1525183;-0.6753389;3.253731;
KneeLeft;-0.435626;-0.7177763;3.428176;
AnkleRight;0.1079837;-0.9961546;3.245077;
AnkleLeft;-0.5232181;-1.050458;3.388269;
FootRight;0.08732003;-1.081359;3.248034;
FootLeft;-0.5952772;-1.094837;3.410947;
Head;-0.4189277;0.5492362;3.369991;
ShoulderCenter;-0.3196762;0.3722729;3.3332;
ShoulderRight;-0.2604797;0.2271896;3.199899;
ShoulderLeft;-0.4335113;0.1816257;3.427174;
ElbowRight;-0.3055648;-0.045281;3.086517;
ElbowLeft;-0.4743268;-0.1158959;3.287606;
WristRight;-0.4392755;-0.267006;3.069135;
WristLeft;-0.4885783;-0.346435;3.465149;
HandRight;-0.4836826;-0.3398083;3.083989;
HandLeft;-0.4968996;-0.344394;3.544104;
Spine;-0.3104976;-0.07431446;3.269483;
HipCenter;-0.3071017;-0.1653755;3.263184;
HipRight;-0.2709461;-0.1911172;3.224032;
HipLeft;-0.335289;-0.2375065;3.28411;
KneeRight;-0.1808593;-0.6755066;3.237067;
KneeLeft;-0.4744897;-0.7372034;3.439675;
AnkleRight;0.09322699;-0.9990853;3.250473;
AnkleLeft;-0.522976;-1.056074;3.387945;
FootRight;0.07011249;-1.097087;3.259598;
FootLeft;-0.597873;-1.095159;3.410521;
Head;-0.489894;0.5286013;3.348513;
ShoulderCenter;-0.3637935;0.3734443;3.342021;
ShoulderRight;-0.3114159;0.234174;3.207687;
ShoulderLeft;-0.4776286;0.1827971;3.435994;
ElbowRight;-0.3422003;-0.04066899;3.089855;
ElbowLeft;-0.5221651;-0.1195508;3.308782;
WristRight;-0.442383;-0.2683649;3.073541;
WristLeft;-0.5383779;-0.3623266;3.48309;
HandRight;-0.4845896;-0.344725;3.086408;
HandLeft;-0.5466992;-0.3602856;3.562045;
Spine;-0.386405;-0.06999911;3.311178;
HipCenter;-0.3904507;-0.1587005;3.308541;
HipRight;-0.3495976;-0.1883215;3.297629;
HipLeft;-0.4349433;-0.2088728;3.312138;
KneeRight;-0.2668765;-0.6878581;3.232277;
KneeLeft;-0.4925262;-0.7067859;3.409247;
AnkleRight;0.008581206;-0.944017;3.232365;
AnkleLeft;-0.5226313;-1.050915;3.388309;
FootRight;0.03327449;-1.046655;3.28623;
FootLeft;-0.5963303;-1.096312;3.406251;
Head;-0.5095122;0.5411514;3.351745;
ShoulderCenter;-0.3893512;0.3799295;3.341684;
ShoulderRight;-0.3466453;0.2409664;3.210821;
ShoulderLeft;-0.5031863;0.1892823;3.435658;
ElbowRight;-0.3638465;-0.02306929;3.099628;
ElbowLeft;-0.5448386;-0.1141252;3.307956;
WristRight;-0.4438038;-0.2603267;3.082372;
WristLeft;-0.5606887;-0.3562972;3.482445;
HandRight;-0.4813713;-0.3462842;3.088138;
HandLeft;-0.56901;-0.3542562;3.5614;
Spine;-0.419358;-0.06945117;3.316059;
HipCenter;-0.4260779;-0.1595237;3.314805;
HipRight;-0.3922799;-0.1844516;3.305482;
HipLeft;-0.4661974;-0.2109486;3.318477;
KneeRight;-0.2849079;-0.6595909;3.246173;
KneeLeft;-0.5140589;-0.7106858;3.378919;
AnkleRight;-0.04696161;-0.9364063;3.24568;
AnkleLeft;-0.5240062;-1.05002;3.386333;
FootRight;-0.04418562;-1.043472;3.296707;
FootLeft;-0.5938253;-1.102009;3.396892;
Head;-0.5633294;0.5550261;3.34746;
ShoulderCenter;-0.4494997;0.3935162;3.355492;
ShoulderRight;-0.397974;0.2496082;3.215989;
ShoulderLeft;-0.5633348;0.202869;3.449466;
ElbowRight;-0.3940511;-0.00273884;3.105651;
ElbowLeft;-0.5955433;-0.08795716;3.284504;
WristRight;-0.4525238;-0.2608278;3.090645;
WristLeft;-0.6123052;-0.3449074;3.448193;
HandRight;-0.481351;-0.3499438;3.090554;
HandLeft;-0.6206264;-0.3428664;3.527148;
Spine;-0.4692182;-0.06377754;3.306992;
HipCenter;-0.4725067;-0.155296;3.301118;
HipRight;-0.4348545;-0.1787761;3.299057;
HipLeft;-0.5116779;-0.208821;3.29356;
KneeRight;-0.3250523;-0.6566471;3.248354;
KneeLeft;-0.5515216;-0.7362139;3.319878;
AnkleRight;-0.1329115;-0.9137216;3.241398;
AnkleLeft;-0.524439;-1.045552;3.385785;
FootRight;-0.1193049;-0.9989719;3.228102;
FootLeft;-0.5923606;-1.097913;3.402357;
Head;-0.5823796;0.5564275;3.33814;
ShoulderCenter;-0.4730751;0.3958725;3.35931;
ShoulderRight;-0.4193699;0.2461539;3.210455;
ShoulderLeft;-0.5869102;0.2052253;3.453284;
ElbowRight;-0.4160183;-0.001184932;3.115094;
ElbowLeft;-0.6191859;-0.08620733;3.288017;
WristRight;-0.46856;-0.243165;3.096484;
WristLeft;-0.6358805;-0.3425511;3.451979;
HandRight;-0.4811168;-0.3363969;3.092572;
HandLeft;-0.6442019;-0.3405101;3.530934;
Spine;-0.4878891;-0.06428155;3.309437;
HipCenter;-0.4910789;-0.1562786;3.30325;
HipRight;-0.4535344;-0.1796158;3.297954;
HipLeft;-0.5320641;-0.2098257;3.299093;
KneeRight;-0.5273778;-0.626437;3.230339;
KneeLeft;-0.4368452;-0.5952632;3.424786;
AnkleRight;-0.2190801;-0.9080753;3.24104;
AnkleLeft;-0.5175666;-1.024381;3.389787;
FootRight;-0.2330343;-1.008861;3.23945;
FootLeft;-0.5918644;-1.097679;3.402415;
Head;-0.6269109;0.5459554;3.312984;
ShoulderCenter;-0.5142106;0.3981159;3.356236;
ShoulderRight;-0.4604569;0.2484369;3.205574;
ShoulderLeft;-0.6280458;0.2074687;3.45021;
ElbowRight;-0.4610104;-0.03773583;3.122475;
ElbowLeft;-0.6604214;-0.08486633;3.284487;
WristRight;-0.4903057;-0.2754062;3.097833;
WristLeft;-0.6770161;-0.3403077;3.448853;
HandRight;-0.4987128;-0.369196;3.094102;
HandLeft;-0.6853374;-0.3382667;3.527808;
Spine;-0.5320501;-0.06016896;3.30228;
HipCenter;-0.5355002;-0.151821;3.29512;
HipRight;-0.5017709;-0.1742444;3.281189;
HipLeft;-0.5714391;-0.2065509;3.297739;
KneeRight;-0.5925923;-0.6238447;3.232614;
KneeLeft;-0.4830435;-0.6132511;3.432433;
AnkleRight;-0.3133214;-0.9091622;3.235256;
AnkleLeft;-0.5211794;-1.041978;3.388691;
FootRight;-0.3397209;-1.009719;3.218995;
FootLeft;-0.5914094;-1.097788;3.401015;
Head;-0.6519914;0.5556703;3.305127;
ShoulderCenter;-0.5457799;0.3973571;3.338435;
ShoulderRight;-0.4892615;0.2460243;3.210794;
ShoulderLeft;-0.659615;0.2067099;3.432409;
ElbowRight;-0.4780239;-0.039054;3.124279;
ElbowLeft;-0.6920874;-0.0864986;3.266254;
WristRight;-0.5263927;-0.274521;3.108992;
WristLeft;-0.7085854;-0.3410665;3.431014;
HandRight;-0.5131355;-0.3491445;3.109981;
HandLeft;-0.7169067;-0.3390256;3.509969;
Spine;-0.5460864;-0.06778762;3.300979;
HipCenter;-0.5478886;-0.1606341;3.29591;
HipRight;-0.507741;-0.1788878;3.280575;
HipLeft;-0.5919942;-0.2219474;3.303783;
KneeRight;-0.642465;-0.6465614;3.228333;
KneeLeft;-0.5268607;-0.6406427;3.409175;
AnkleRight;-0.3861624;-0.9293725;3.248313;
AnkleLeft;-0.539607;-1.052475;3.367763;
FootRight;-0.4464191;-1.029276;3.268744;
FootLeft;-0.6002378;-1.103925;3.404383;
Head;-0.7220286;0.5518961;3.355649;
ShoulderCenter;-0.5827522;0.4007804;3.329076;
ShoulderRight;-0.5394344;0.2528046;3.206405;
ShoulderLeft;-0.6965873;0.2101332;3.42305;
ElbowRight;-0.5084743;-0.03850695;3.124593;
ElbowLeft;-0.7291607;-0.08398692;3.256463;
WristRight;-0.5562088;-0.2748593;3.10789;
WristLeft;-0.7455575;-0.3376432;3.421647;
HandRight;-0.5428177;-0.3683178;3.104904;
HandLeft;-0.7538788;-0.3356022;3.500602;
Spine;-0.6082347;-0.05844802;3.308053;
HipCenter;-0.6122764;-0.1503914;3.307757;
HipRight;-0.5746665;-0.1761966;3.290464;
HipLeft;-0.6533129;-0.202538;3.320122;
KneeRight;-0.7143695;-0.6433382;3.230927;
KneeLeft;-0.5457215;-0.6526383;3.416178;
AnkleRight;-0.5337033;-1.014508;3.273432;
AnkleLeft;-0.4775963;-1.018705;3.352022;
FootRight;-0.6210554;-1.094098;3.28059;
FootLeft;-0.5389763;-1.067047;3.391428;
Head;-0.7576202;0.5557247;3.321754;
ShoulderCenter;-0.6346806;0.3987531;3.332646;
ShoulderRight;-0.5612746;0.2533591;3.202134;
ShoulderLeft;-0.7485157;0.2081059;3.42662;
ElbowRight;-0.5459893;0.0004037169;3.125429;
ElbowLeft;-0.7811501;-0.08656587;3.259764;
WristRight;-0.563911;-0.2404255;3.103997;
WristLeft;-0.797486;-0.3396705;3.425199;
HandRight;-0.5776049;-0.3340315;3.107273;
HandLeft;-0.8058073;-0.3376296;3.504154;
Spine;-0.6529199;-0.06028592;3.306942;
HipCenter;-0.6572232;-0.1521268;3.30549;
HipRight;-0.6164369;-0.1802216;3.299819;
HipLeft;-0.7032561;-0.2056966;3.30392;
KneeRight;-0.7459579;-0.633778;3.252417;
KneeLeft;-0.5872706;-0.6701503;3.423284;
AnkleRight;-0.6025853;-1.037468;3.294129;
AnkleLeft;-0.5358619;-1.073821;3.37155;
FootRight;-0.7004877;-1.098622;3.272872;
FootLeft;-0.5971961;-1.122127;3.410926;
Head;-0.7779063;0.5544193;3.340432;
ShoulderCenter;-0.656377;0.3892913;3.327538;
ShoulderRight;-0.6043395;0.2425462;3.200032;
ShoulderLeft;-0.7702121;0.1986441;3.421511;
ElbowRight;-0.5763994;-0.05381917;3.129295;
ElbowLeft;-0.5317304;-0.02325884;3.429879;
WristRight;-0.6259913;-0.2908207;3.125173;
WristLeft;-0.8017738;-0.1901567;3.497143;
HandRight;-0.5840102;-0.3431172;3.10255;
HandLeft;-0.8355044;-0.2167378;3.552254;
Spine;-0.6630217;-0.06279211;3.301981;
HipCenter;-0.6651778;-0.1536482;3.300735;
HipRight;-0.6260309;-0.1805304;3.292315;
HipLeft;-0.7074856;-0.207285;3.301947;
KneeRight;-0.8383303;-0.641499;3.228073;
KneeLeft;-0.5985546;-0.6772497;3.423644;
AnkleRight;-0.7835189;-1.069356;3.249321;
AnkleLeft;-0.5560439;-1.067562;3.377297;
FootRight;-0.8782908;-1.11947;3.286636;
FootLeft;-0.6090873;-1.129464;3.408374;
Head;-0.7980887;0.5675454;3.332525;
ShoulderCenter;-0.6964103;0.3910178;3.330076;
ShoulderRight;-0.6377454;0.2392028;3.196064;
ShoulderLeft;-0.8102453;0.2003706;3.42405;
ElbowRight;-0.5970309;-0.05558822;3.128489;
ElbowLeft;-0.5642202;-0.01490809;3.432607;
WristRight;-0.6876674;-0.280979;3.125906;
WristLeft;-0.8314251;-0.1768193;3.521091;
HandRight;-0.6563862;-0.3657987;3.098759;
HandLeft;-0.8799592;-0.2067583;3.561286;
Spine;-0.7065326;-0.02122866;3.304222;
HipCenter;-0.7076288;-0.103718;3.302637;
HipRight;-0.6758218;-0.152776;3.24468;
HipLeft;-0.741096;-0.1795934;3.349831;
KneeRight;-0.8712335;-0.6432974;3.228595;
KneeLeft;-0.6045769;-0.6780153;3.4261;
AnkleRight;-0.8934232;-1.075107;3.266822;
AnkleLeft;-0.5351853;-1.061774;3.387115;
FootRight;-1.001329;-1.116899;3.292553;
FootLeft;-0.6296327;-1.1156;3.43439;
Head;-0.86831;0.5302109;3.345894;
ShoulderCenter;-0.719907;0.3852882;3.322695;
ShoulderRight;-0.6785244;0.228549;3.195223;
ShoulderLeft;-0.833742;0.194641;3.416669;
ElbowRight;-0.6477626;-0.06816055;3.128011;
ElbowLeft;-0.7504625;-0.03464615;3.457497;
WristRight;-0.6745361;-0.3247811;3.102028;
WristLeft;-0.9786573;-0.2449592;3.553733;
HandRight;-0.6431837;-0.4097939;3.074819;
HandLeft;-1.01355;-0.3032676;3.570236;
Spine;-0.7522588;-0.06810504;3.297644;
HipCenter;-0.7568204;-0.1583183;3.296878;
HipRight;-0.7239174;-0.1713334;3.267753;
HipLeft;-0.7938946;-0.2277972;3.320253;
KneeRight;-0.9114971;-0.6373852;3.226057;
KneeLeft;-0.621103;-0.6742746;3.427446;
AnkleRight;-0.9959251;-1.065029;3.255969;
AnkleLeft;-0.5344651;-1.061643;3.387666;
FootRight;-1.107639;-1.098037;3.282073;
FootLeft;-0.6279068;-1.118149;3.433506;
Head;-0.8747075;0.5574236;3.339577;
ShoulderCenter;-0.7785338;0.372748;3.310391;
ShoulderRight;-0.7220457;0.229383;3.18927;
ShoulderLeft;-0.8923689;0.1821008;3.404365;
ElbowRight;-0.6922051;-0.07907361;3.124527;
ElbowLeft;-0.9751033;-0.06855212;3.485405;
WristRight;-0.7012137;-0.3211045;3.087998;
WristLeft;-1.039871;-0.281737;3.567891;
HandRight;-0.7006561;-0.3893735;3.072621;
HandLeft;-1.09656;-0.3214307;3.557488;
Spine;-0.7831995;-0.02667073;3.289776;
HipCenter;-0.7841327;-0.1065545;3.289296;
HipRight;-0.754162;-0.1655361;3.217122;
HipLeft;-0.8157946;-0.1923369;3.350597;
KneeRight;-0.9451463;-0.550246;3.220219;
KneeLeft;-0.6517845;-0.6806089;3.430858;
AnkleRight;-1.090247;-0.9634274;3.248942;
AnkleLeft;-0.5354368;-1.060361;3.387872;
FootRight;-1.184411;-1.03581;3.261499;
FootLeft;-0.6206881;-1.103114;3.459762;
Head;-0.9439438;0.5286573;3.296163;
ShoulderCenter;-0.8178592;0.3699215;3.303102;
ShoulderRight;-0.7626802;0.2240372;3.186324;
ShoulderLeft;-0.9316943;0.1792743;3.397076;
ElbowRight;-0.7320288;-0.0666305;3.108705;
ElbowLeft;-1.016231;-0.07794701;3.462025;
WristRight;-0.7528947;-0.3093482;3.088384;
WristLeft;-1.082755;-0.3009383;3.519418;
HandRight;-0.7534367;-0.4018404;3.068357;
HandLeft;-1.121647;-0.3279719;3.57089;
Spine;-0.828842;-0.0218709;3.289711;
HipCenter;-0.8314186;-0.1000621;3.290807;
HipRight;-0.8026986;-0.1577535;3.232439;
HipLeft;-0.8651164;-0.1717192;3.341981;
KneeRight;-0.997905;-0.5467136;3.22304;
KneeLeft;-0.6606196;-0.6784574;3.430315;
AnkleRight;-1.158751;-0.9531871;3.265298;
AnkleLeft;-0.5405019;-1.059111;3.387788;
FootRight;-1.258003;-1.019741;3.265517;
FootLeft;-0.6389065;-1.107951;3.434817;
Head;-0.9669252;0.5445434;3.288149;
ShoulderCenter;-0.8717071;0.3664585;3.299969;
ShoulderRight;-0.8105283;0.2227316;3.171047;
ShoulderLeft;-0.9855422;0.1758113;3.393943;
ElbowRight;-0.766386;-0.05806767;3.104295;
ElbowLeft;-0.7189268;-0.01773195;3.387295;
WristRight;-0.7860978;-0.3013526;3.08845;
WristLeft;-0.9804133;-0.187272;3.481645;
HandRight;-0.7913778;-0.3956858;3.081534;
HandLeft;-1.013842;-0.2319167;3.523979;
Spine;-0.8674347;-0.02440296;3.284338;
HipCenter;-0.8660024;-0.102504;3.285101;
HipRight;-0.8351276;-0.1589934;3.224275;
HipLeft;-0.8950382;-0.1774588;3.337949;
KneeRight;-1.031933;-0.5394561;3.214767;
KneeLeft;-0.7110347;-0.6515442;3.425927;
AnkleRight;-1.174373;-0.9508938;3.274081;
AnkleLeft;-0.5464239;-1.056365;3.390233;
FootRight;-1.265121;-1.028817;3.286427;
FootLeft;-0.6334288;-1.109852;3.453707;
Head;-1.020084;0.5213324;3.290506;
ShoulderCenter;-0.8940596;0.3594124;3.291275;
ShoulderRight;-0.8397251;0.2138427;3.164258;
ShoulderLeft;-1.007895;0.1687651;3.385248;
ElbowRight;-0.8248628;-0.07025021;3.100965;
ElbowLeft;-0.7408592;-0.02508318;3.378631;
WristRight;-0.8655447;-0.3272386;3.083196;
WristLeft;-1.002948;-0.1946352;3.473092;
HandRight;-0.8665798;-0.4218087;3.076345;
HandLeft;-1.036409;-0.2393224;3.515466;
Spine;-0.8941433;-0.0311528;3.265157;
HipCenter;-0.8946854;-0.1093488;3.262856;
HipRight;-0.8616906;-0.1677814;3.201864;
HipLeft;-0.9292234;-0.1847546;3.309793;
KneeRight;-1.097351;-0.5595762;3.247332;
KneeLeft;-0.7016193;-0.6860392;3.445694;
AnkleRight;-1.199163;-0.985724;3.29624;
AnkleLeft;-0.557171;-1.049273;3.389293;
FootRight;-1.291617;-1.063629;3.297591;
FootLeft;-0.6396443;-1.107911;3.455463;
Head;-1.045273;0.5223935;3.264068;
ShoulderCenter;-0.9280832;0.3592728;3.282819;
ShoulderRight;-0.8787224;0.210151;3.158282;
ShoulderLeft;-0.9522585;0.2252954;3.113627;
ElbowRight;-0.87511;-0.0778842;3.091118;
ElbowLeft;-1.057157;-0.05866443;3.216711;
WristRight;-0.9094382;-0.3208069;3.059458;
WristLeft;-1.305671;-0.2439367;3.3161;
HandRight;-0.9191945;-0.3910814;3.071106;
HandLeft;-1.339191;-0.2887034;3.358551;
Spine;-0.9635464;-0.03325957;3.292463;
HipCenter;-0.9511954;-0.1108373;3.268831;
HipRight;-0.9442388;-0.1665277;3.208746;
HipLeft;-0.9539068;-0.1755856;3.318999;
KneeRight;-1.144315;-0.6372585;3.252474;
KneeLeft;-0.8595439;-0.7276427;3.395987;
AnkleRight;-1.225476;-1.065626;3.315597;
AnkleLeft;-0.5850903;-1.036585;3.39092;
FootRight;-1.335509;-1.116237;3.323018;
FootLeft;-0.5346367;-1.08205;3.31017;
Head;-1.10066;0.5392624;3.28027;
ShoulderCenter;-0.9839985;0.3660346;3.263965;
ShoulderRight;-0.9361588;0.2200417;3.147243;
ShoulderLeft;-1.001566;0.2320843;3.096416;
ElbowRight;-0.928651;-0.07400128;3.084659;
ElbowLeft;-1.106268;-0.05134372;3.199265;
WristRight;-0.9746537;-0.3275156;3.061551;
WristLeft;-1.354204;-0.236398;3.298481;
HandRight;-0.9781148;-0.3975173;3.066449;
HandLeft;-1.387746;-0.2811942;3.34096;
Spine;-1.014429;-0.0253459;3.287511;
HipCenter;-1.000781;-0.1038692;3.270407;
HipRight;-0.9909833;-0.1520599;3.223342;
HipLeft;-1.014101;-0.1542882;3.315698;
KneeRight;-0.9963926;-0.596687;3.332058;
KneeLeft;-1.052572;-0.6995133;3.325522;
AnkleRight;-1.19166;-0.9969382;3.315547;
AnkleLeft;-0.6933779;-0.9530826;3.368232;
FootRight;-1.288362;-1.069173;3.328247;
FootLeft;-0.7016495;-1.058367;3.428042;
Head;-1.124501;0.5509809;3.274941;
ShoulderCenter;-1.025;0.3662176;3.253161;
ShoulderRight;-0.9656568;0.2185543;3.141464;
ShoulderLeft;-1.042567;0.2322673;3.085612;
ElbowRight;-0.9816524;-0.07644035;3.076296;
ElbowLeft;-1.182132;0.07899085;3.312281;
WristRight;-1.053566;-0.3084321;3.077309;
WristLeft;-1.41408;-0.0847563;3.464226;
HandRight;-1.057031;-0.3785257;3.082214;
HandLeft;-1.447667;-0.1296113;3.506761;
Spine;-1.057499;-0.001943222;3.276434;
HipCenter;-1.045795;-0.07600043;3.260712;
HipRight;-1.033536;-0.1357604;3.202071;
HipLeft;-1.063007;-0.1446663;3.317492;
KneeRight;-0.9576037;-0.5592744;3.413272;
KneeLeft;-1.175198;-0.6898862;3.271004;
AnkleRight;-1.169525;-0.9477986;3.332644;
AnkleLeft;-0.7995612;-0.9016758;3.353817;
FootRight;-1.113559;-0.9948161;3.256413;
FootLeft;-0.7742091;-1.001772;3.417764;
Head;-1.162255;0.5517551;3.277823;
ShoulderCenter;-1.055825;0.3704039;3.251059;
ShoulderRight;-1.002506;0.2266629;3.145335;
ShoulderLeft;-1.062567;0.2482769;3.115;
ElbowRight;-1.037524;-0.05761904;3.073756;
ElbowLeft;-0.9677806;0.01748639;3.299299;
WristRight;-1.113398;-0.2878707;3.070614;
WristLeft;-1.162163;-0.1929083;3.44499;
HandRight;-1.125549;-0.3676502;3.070924;
HandLeft;-1.195669;-0.2376561;3.487422;
Spine;-1.068985;-0.01499821;3.267537;
HipCenter;-1.060078;-0.09222052;3.247723;
HipRight;-1.043555;-0.1394032;3.195584;
HipLeft;-1.074556;-0.1590905;3.297509;
KneeRight;-0.9914979;-0.4996955;3.393609;
KneeLeft;-1.126154;-0.6826334;3.330654;
AnkleRight;-1.161339;-0.9103251;3.339375;
AnkleLeft;-0.7695301;-0.9316633;3.395752;
FootRight;-1.116832;-0.9557167;3.255143;
FootLeft;-0.7250234;-0.977055;3.311521;
Head;-1.214263;0.5485566;3.271442;
ShoulderCenter;-1.096136;0.3760995;3.256091;
ShoulderRight;-1.038707;0.2310017;3.141743;
ShoulderLeft;-1.089271;0.2337565;3.104123;
ElbowRight;-1.097644;-0.0721171;3.066921;
ElbowLeft;-1.14233;-0.08941686;3.068909;
WristRight;-1.202815;-0.334052;3.07548;
WristLeft;-1.403429;-0.2586207;3.156438;
HandRight;-1.227954;-0.3995372;3.076426;
HandLeft;-1.43692;-0.3033487;3.198852;
Spine;-1.073951;-0.01672113;3.259769;
HipCenter;-1.05698;-0.09205697;3.238323;
HipRight;-1.035113;-0.1533921;3.164483;
HipLeft;-1.067502;-0.1612706;3.290303;
KneeRight;-1.042901;-0.5052993;3.385058;
KneeLeft;-1.145118;-0.6981749;3.336205;
AnkleRight;-1.189095;-0.9242163;3.32604;
AnkleLeft;-0.7887985;-0.9469926;3.401199;
FootRight;-1.130571;-0.967003;3.249433;
FootLeft;-0.7302753;-0.9897792;3.324592;
Head;-1.18641;0.4999849;3.281062;
ShoulderCenter;-1.138133;0.2956055;3.24486;
ShoulderRight;-1.083873;0.2387933;3.145974;
ShoulderLeft;-1.13359;0.1491248;3.089704;
ElbowRight;-1.145995;-0.0527325;3.060091;
ElbowLeft;-1.210552;-0.07683207;3.09876;
WristRight;-1.253068;-0.2691889;3.056498;
WristLeft;-1.272703;-0.3349578;3.05218;
HandRight;-1.286301;-0.3582386;3.061566;
HandLeft;-1.302198;-0.3945443;3.029178;
Spine;-1.111144;-0.06989764;3.246361;
HipCenter;-1.086261;-0.1388459;3.226468;
HipRight;-1.064927;-0.1971606;3.160574;
HipLeft;-1.090518;-0.2235446;3.281404;
KneeRight;-1.055347;-0.6990665;3.416385;
KneeLeft;-1.183875;-0.7106318;3.340018;
AnkleRight;-1.240763;-1.072886;3.315683;
AnkleLeft;-0.8270438;-0.959807;3.405143;
FootRight;-1.178587;-1.115119;3.240865;
FootLeft;-0.7648681;-1.00204;3.330325;
Head;-1.325134;0.5522466;3.30783;
ShoulderCenter;-1.1837;0.3960488;3.26408;
ShoulderRight;-1.126422;0.2493968;3.139614;
ShoulderLeft;-1.172322;0.2657415;3.103549;
ElbowRight;-1.201402;-0.04579599;3.055614;
ElbowLeft;-1.246497;-0.05185565;3.050745;
WristRight;-1.307788;-0.2628098;3.039527;
WristLeft;-1.325092;-0.3222064;3.037193;
HandRight;-1.358989;-0.3434334;3.035249;
HandLeft;-1.358838;-0.3842829;3.038209;
Spine;-1.166981;-0.002930135;3.249686;
HipCenter;-1.141471;-0.07776423;3.224488;
HipRight;-1.12376;-0.1511046;3.149581;
HipLeft;-1.145988;-0.1524746;3.282367;
KneeRight;-1.080405;-0.6582503;3.395275;
KneeLeft;-1.189336;-0.7137258;3.349759;
AnkleRight;-1.239667;-1.068449;3.312698;
AnkleLeft;-0.832042;-0.9632241;3.414984;
FootRight;-1.175492;-1.110647;3.238729;
FootLeft;-0.7678669;-1.005422;3.341014;
Head;-1.338397;0.5762301;3.308545;
ShoulderCenter;-1.222854;0.3998935;3.265306;
ShoulderRight;-1.142635;0.2529372;3.143245;
ShoulderLeft;-1.236575;0.242277;3.117575;
ElbowRight;-1.253699;-0.03035302;3.046876;
ElbowLeft;-1.309378;-0.07313155;3.046999;
WristRight;-1.38809;-0.2500448;3.039942;
WristLeft;-1.39842;-0.2972598;3.03595;
HandRight;-1.42944;-0.3361346;3.04335;
HandLeft;-1.42629;-0.3621647;3.035742;
Spine;-1.223824;-0.04326958;3.260927;
HipCenter;-1.213622;-0.1282619;3.227713;
HipRight;-1.192647;-0.1717334;3.270784;
HipLeft;-1.232006;-0.1812138;3.175038;
KneeRight;-1.123772;-0.7157652;3.422542;
KneeLeft;-1.196506;-0.7199779;3.249181;
AnkleRight;-1.23789;-1.066924;3.312998;
AnkleLeft;-0.8388745;-0.9697115;3.314486;
FootRight;-1.340075;-1.123272;3.350579;
FootLeft;-0.813316;-1.013561;3.22074;
Head;-1.378152;0.5759785;3.319713;
ShoulderCenter;-1.262721;0.3997853;3.264516;
ShoulderRight;-1.18618;0.2594217;3.146139;
ShoulderLeft;-1.241872;0.2505088;3.105639;
ElbowRight;-1.290874;0.001618014;3.034009;
ElbowLeft;-1.344662;-0.05769253;3.053683;
WristRight;-1.452446;-0.2447715;3.037213;
WristLeft;-1.48258;-0.2754864;3.024766;
HandRight;-1.505996;-0.323476;3.029646;
HandLeft;-1.509372;-0.3407865;3.024875;
Spine;-1.280156;-0.05903691;3.26775;
HipCenter;-1.260522;-0.1485512;3.241041;
HipRight;-1.245466;-0.168239;3.264649;
HipLeft;-1.274825;-0.1880819;3.213299;
KneeRight;-1.244242;-0.6721554;3.267565;
KneeLeft;-1.47117;-0.6689377;3.443906;
AnkleRight;-1.237484;-1.066218;3.311656;
AnkleLeft;-1.18091;-1.007432;3.383269;
FootRight;-1.180319;-1.111118;3.233074;
FootLeft;-1.123745;-1.052331;3.304688;
Head;-1.363163;0.6178248;3.304514;
ShoulderCenter;-1.311159;0.413247;3.269023;
ShoulderRight;-1.215998;0.2595351;3.145039;
ShoulderLeft;-1.286143;0.2419657;3.094116;
ElbowRight;-1.327117;0.008728916;3.035279;
ElbowLeft;-1.401994;-0.06190917;3.055164;
WristRight;-1.506008;-0.2179629;3.025316;
WristLeft;-1.541692;-0.2643906;3.020627;
HandRight;-1.548295;-0.302356;3.038816;
HandLeft;-1.56974;-0.3289709;3.023811;
Spine;-1.311151;0.005745828;3.274067;
HipCenter;-1.288993;-0.07233307;3.247021;
HipRight;-1.262354;-0.1312476;3.16803;
HipLeft;-1.308917;-0.1604936;3.314831;
KneeRight;-1.246992;-0.6741396;3.265476;
KneeLeft;-1.51529;-0.6729038;3.46235;
AnkleRight;-1.23786;-1.065638;3.312879;
AnkleLeft;-1.419009;-1.054161;3.44634;
FootRight;-1.180983;-1.109854;3.232903;
FootLeft;-1.362132;-1.098378;3.366363;
Head;-1.424523;0.5791638;3.259848;
ShoulderCenter;-1.32822;0.4007323;3.275905;
ShoulderRight;-1.248788;0.2601109;3.158996;
ShoulderLeft;-1.300354;0.2194711;3.081091;
ElbowRight;-1.361478;0.01895405;3.039884;
ElbowLeft;-1.41856;-0.08315721;3.045611;
WristRight;-1.515114;-0.1792615;3.020977;
WristLeft;-1.605264;-0.233843;3.019583;
HandRight;-1.576247;-0.2525107;3.023715;
HandLeft;-1.625094;-0.3008238;3.029452;
Spine;-1.348944;0.004606965;3.27314;
HipCenter;-1.32251;-0.07206987;3.254234;
HipRight;-1.312749;-0.1312807;3.186639;
HipLeft;-1.334485;-0.1536869;3.313787;
KneeRight;-1.271784;-0.6878586;3.270787;
KneeLeft;-1.531627;-0.6727538;3.454989;
AnkleRight;-1.238867;-1.064891;3.31296;
AnkleLeft;-1.479058;-1.075238;3.445584;
FootRight;-1.158329;-1.109977;3.257467;
FootLeft;-1.398521;-1.120323;3.39009;
Head;-1.479324;0.5729271;3.268559;
ShoulderCenter;-1.375376;0.39355;3.265513;
ShoulderRight;-1.280064;0.2621288;3.170446;
ShoulderLeft;-1.347918;0.2817458;3.118905;
ElbowRight;-1.415614;0.01519946;3.03852;
ElbowLeft;-1.452682;-0.02295771;3.055799;
WristRight;-1.570881;-0.1671084;3.022491;
WristLeft;-1.597961;-0.2184696;3.02327;
HandRight;-1.58356;-0.1826969;3.024241;
HandLeft;-1.617757;-0.285336;3.033123;
Spine;-1.379634;-0.05981071;3.267263;
HipCenter;-1.355806;-0.1472608;3.240161;
HipRight;-1.332003;-0.1697616;3.26212;
HipLeft;-1.376986;-0.1951303;3.212981;
KneeRight;-1.292827;-0.7030696;3.275154;
KneeLeft;-1.578382;-0.6734735;3.447432;
AnkleRight;-1.239934;-1.065313;3.313279;
AnkleLeft;-1.615387;-1.082257;3.444571;
FootRight;-1.178644;-1.109671;3.236844;
FootLeft;-1.554097;-1.126615;3.368136;
Head;-1.520057;0.5678748;3.275167;
ShoulderCenter;-1.415427;0.3887224;3.271288;
ShoulderRight;-1.298031;0.2426684;3.270344;
ShoulderLeft;-1.414446;0.2454348;3.107019;
ElbowRight;-1.429614;0.03079478;3.042558;
ElbowLeft;-1.519397;-0.05843943;3.043954;
WristRight;-1.583129;-0.1520353;3.017915;
WristLeft;-1.676366;-0.257213;3.013152;
HandRight;-1.586284;-0.1628326;3.030124;
HandLeft;-1.696115;-0.3239201;3.022981;
Spine;-1.434895;-0.05193093;3.268297;
HipCenter;-1.40564;-0.137685;3.248206;
HipRight;-1.375019;-0.1825138;3.290491;
HipLeft;-1.433427;-0.1985675;3.198163;
KneeRight;-1.303971;-0.7031372;3.274446;
KneeLeft;-1.612058;-0.6785222;3.448881;
AnkleRight;-1.240761;-1.065739;3.313147;
AnkleLeft;-1.724263;-1.072021;3.433657;
FootRight;-1.160856;-1.110673;3.256891;
FootLeft;-1.644358;-1.116955;3.377401;
Head;-1.603764;0.5350246;3.301748;
ShoulderCenter;-1.458698;0.3823795;3.277082;
ShoulderRight;-1.376939;0.2457241;3.157902;
ShoulderLeft;-1.423019;0.234909;3.098835;
ElbowRight;-1.467236;0.02513539;3.052103;
ElbowLeft;-1.564207;-0.04801077;3.022217;
WristRight;-1.612812;-0.1610941;3.002082;
WristLeft;-1.669736;-0.2594762;2.971914;
HandRight;-1.661337;-0.2231706;2.990378;
HandLeft;-1.691794;-0.3036757;2.964516;
Spine;-1.467033;-0.0715922;3.27249;
HipCenter;-1.438847;-0.1598786;3.250589;
HipRight;-1.426816;-0.1914782;3.287719;
HipLeft;-1.446254;-0.2067108;3.203753;
KneeRight;-1.335277;-0.7014074;3.272767;
KneeLeft;-1.647932;-0.6828232;3.432331;
AnkleRight;-1.242233;-1.066484;3.313826;
AnkleLeft;-1.764512;-1.034951;3.431799;
FootRight;-1.165316;-1.11079;3.253155;
FootLeft;-1.687594;-1.079257;3.371129;
Head;-1.576554;0.5687442;3.283806;
ShoulderCenter;-1.505779;0.3741509;3.283383;
ShoulderRight;-1.405387;0.2400242;3.166026;
ShoulderLeft;-1.461208;0.2275259;3.11217;
ElbowRight;-1.50337;0.02221438;3.055176;
ElbowLeft;-1.564312;-0.04804463;3.02233;
WristRight;-1.711147;-0.1281935;2.954916;
WristLeft;-1.631271;-0.2673422;3.074584;
HandRight;-1.776693;-0.1700749;2.929555;
HandLeft;-1.650992;-0.3339536;3.084399;
Spine;-1.474025;-0.0726019;3.278184;
HipCenter;-1.443968;-0.1579007;3.251156;
HipRight;-1.429401;-0.1922138;3.293235;
HipLeft;-1.45469;-0.2053826;3.19923;
KneeRight;-1.35724;-0.7019625;3.272321;
KneeLeft;-1.667707;-0.6663907;3.413761;
AnkleRight;-1.24747;-1.068101;3.316529;
AnkleLeft;-1.769104;-0.9780996;3.4197;
FootRight;-1.180012;-1.110655;3.244392;
FootLeft;-1.701646;-1.020653;3.347564;
Head;-1.58507;0.5656058;3.274045;
ShoulderCenter;-1.525319;0.3706409;3.286285;
ShoulderRight;-1.455639;0.2347532;3.171216;
ShoulderLeft;-1.504727;0.2115768;3.109309;
ElbowRight;-1.532907;0.007439164;3.060323;
ElbowLeft;-1.573917;-0.04320126;3.029114;
WristRight;-1.660687;-0.1925739;3.019896;
WristLeft;-1.640817;-0.2623072;3.081304;
HandRight;-1.70328;-0.2592449;3.011389;
HandLeft;-1.660516;-0.3288462;3.091108;
Spine;-1.533483;-0.08338676;3.280248;
HipCenter;-1.501173;-0.1701523;3.255869;
HipRight;-1.485719;-0.2049059;3.29543;
HipLeft;-1.511247;-0.2171558;3.209178;
KneeRight;-1.409536;-0.7066293;3.270256;
KneeLeft;-1.729916;-0.6876248;3.413415;
AnkleRight;-1.251518;-1.068459;3.318643;
AnkleLeft;-1.788817;-1.008125;3.429978;
FootRight;-1.175845;-1.112415;3.256149;
FootLeft;-1.713143;-1.052081;3.367484;
Head;-1.653494;0.5397865;3.265751;
ShoulderCenter;-1.564295;0.3593057;3.28647;
ShoulderRight;-1.49149;0.2258568;3.170604;
ShoulderLeft;-1.549785;0.2322619;3.127917;
ElbowRight;-1.585992;-0.005906573;3.059421;
ElbowLeft;-1.598085;-0.001117571;3.049876;
WristRight;-1.705406;-0.2103058;3.015774;
WristLeft;-1.654043;-0.2715073;2.978434;
HandRight;-1.745211;-0.2784389;3.006189;
HandLeft;-1.670229;-0.3497174;2.962077;
Spine;-1.546576;-0.0676178;3.289808;
HipCenter;-1.52109;-0.1459353;3.261075;
HipRight;-1.501308;-0.196544;3.307276;
HipLeft;-1.531957;-0.1848027;3.204574;
KneeRight;-1.430736;-0.7088288;3.270575;
KneeLeft;-1.749905;-0.63278;3.408684;
AnkleRight;-1.263643;-1.067126;3.314169;
AnkleLeft;-1.768568;-0.9560841;3.434444;
FootRight;-1.204175;-1.110418;3.236011;
FootLeft;-1.850387;-0.9923939;3.41684;
Head;-1.707747;0.533417;3.264763;
ShoulderCenter;-1.606467;0.3584486;3.283247;
ShoulderRight;-1.501804;0.1879192;3.219007;
ShoulderLeft;-1.578328;0.2209953;3.111504;
ElbowRight;-1.596774;-0.004410554;3.076826;
ElbowLeft;-1.622736;-0.0425525;3.096378;
WristRight;-1.699828;-0.1795281;3.186419;
WristLeft;-1.689517;-0.2612672;3.148465;
HandRight;-1.734179;-0.2379007;3.227912;
HandLeft;-1.709202;-0.32776;3.158263;
Spine;-1.606377;-0.05165688;3.277412;
HipCenter;-1.570847;-0.1291314;3.256578;
HipRight;-1.545495;-0.1855897;3.305208;
HipLeft;-1.58575;-0.1767873;3.199274;
KneeRight;-1.48526;-0.7041799;3.266589;
KneeLeft;-1.735745;-0.5811783;3.35202;
AnkleRight;-1.272989;-1.069502;3.320822;
AnkleLeft;-1.789125;-0.9140266;3.421871;
FootRight;-1.191167;-1.112696;3.266459;
FootLeft;-1.707304;-0.9572212;3.367508;
Head;-1.709807;0.5465101;3.2641;
ShoulderCenter;-1.62215;0.364923;3.283876;
ShoulderRight;-1.564461;0.2365466;3.194417;
ShoulderLeft;-1.594698;0.2338262;3.121054;
ElbowRight;-1.621476;0.003224437;3.122114;
ElbowLeft;-1.628571;-0.0005009025;3.069322;
WristRight;-1.704097;-0.2114511;3.167667;
WristLeft;-1.711225;-0.1877664;3.175536;
HandRight;-1.731637;-0.2830096;3.187812;
HandLeft;-1.730904;-0.2542362;3.185331;
Spine;-1.6142;-0.05221654;3.277905;
HipCenter;-1.574806;-0.1305473;3.264956;
HipRight;-1.564616;-0.1634101;3.29725;
HipLeft;-1.585262;-0.1513521;3.254853;
KneeRight;-1.565736;-0.6227247;3.262914;
KneeLeft;-1.735593;-0.5787866;3.358722;
AnkleRight;-1.351814;-1.001736;3.325894;
AnkleLeft;-1.79198;-0.9117054;3.420264;
FootRight;-1.389973;-1.115446;3.353129;
FootLeft;-1.701381;-0.9544788;3.382831;
Head;-1.754844;0.558551;3.266692;
ShoulderCenter;-1.665629;0.3763696;3.282065;
ShoulderRight;-1.581572;0.2252223;3.199669;
ShoulderLeft;-1.632531;0.245919;3.123013;
ElbowRight;-1.63739;-0.005698457;3.161779;
ElbowLeft;-1.625969;-0.05122571;3.096049;
WristRight;-1.722185;-0.2267863;3.168002;
WristLeft;-1.692594;-0.269428;3.147986;
HandRight;-1.75045;-0.3004822;3.175035;
HandLeft;-1.712265;-0.335874;3.157777;
Spine;-1.637436;-0.05723681;3.334188;
HipCenter;-1.595925;-0.140564;3.325685;
HipRight;-1.577428;-0.175906;3.369506;
HipLeft;-1.602854;-0.1809279;3.284744;
KneeRight;-1.606244;-0.6296942;3.26649;
KneeLeft;-1.65044;-0.6054535;3.302691;
AnkleRight;-1.365287;-0.996475;3.310883;
AnkleLeft;-1.706009;-0.8624222;3.343408;
FootRight;-1.397689;-1.094841;3.30858;
FootLeft;-1.623577;-0.9061424;3.291365;
Head;-1.735252;0.5767631;3.296456;
ShoulderCenter;-1.677829;0.3800946;3.304223;
ShoulderRight;-1.613173;0.2131696;3.237641;
ShoulderLeft;-1.646921;0.2504353;3.14637;
ElbowRight;-1.649179;-0.01973188;3.178019;
ElbowLeft;-1.64422;-0.04977892;3.126637;
WristRight;-1.673125;-0.2559173;3.173553;
WristLeft;-1.710815;-0.2678845;3.178549;
HandRight;-1.681107;-0.3346458;3.177022;
HandLeft;-1.73048;-0.3343068;3.188336;
Spine;-1.664697;-0.04585426;3.334251;
HipCenter;-1.624142;-0.1260937;3.331005;
HipRight;-1.607851;-0.167343;3.382055;
HipLeft;-1.629882;-0.1725013;3.281697;
KneeRight;-1.652869;-0.5906498;3.31427;
KneeLeft;-1.709414;-0.5884563;3.329805;
AnkleRight;-1.439628;-0.9612274;3.293769;
AnkleLeft;-1.703807;-0.87831;3.317376;
FootRight;-1.458254;-1.075106;3.335417;
FootLeft;-1.611127;-0.9215606;3.287051;
Head;-1.738746;0.5695059;3.274079;
ShoulderCenter;-1.705021;0.3913614;3.338625;
ShoulderRight;-1.63103;0.2209673;3.258212;
ShoulderLeft;-1.673807;0.2616101;3.17952;
ElbowRight;-1.662525;-0.01287454;3.20497;
ElbowLeft;-1.680161;-0.05639493;3.192741;
WristRight;-1.695763;-0.2831446;3.206305;
WristLeft;-1.719513;-0.2845415;3.229373;
HandRight;-1.706842;-0.3732347;3.211708;
HandLeft;-1.739169;-0.3509338;3.239156;
Spine;-1.695533;-0.02123843;3.368452;
HipCenter;-1.655421;-0.1005229;3.358833;
HipRight;-1.635136;-0.1620806;3.448451;
HipLeft;-1.651875;-0.1759891;3.274251;
KneeRight;-1.680168;-0.5949788;3.347344;
KneeLeft;-1.766481;-0.5614976;3.41358;
AnkleRight;-1.494774;-0.9304236;3.285497;
AnkleLeft;-1.630361;-0.8883649;3.237419;
FootRight;-1.51337;-1.044122;3.32708;
FootLeft;-1.655168;-0.97286;3.258424;
Head;-1.702783;0.3330321;3.417069;
ShoulderCenter;-1.669137;0.0870847;3.436267;
ShoulderRight;-1.599627;-0.08132224;3.360859;
ShoulderLeft;-1.662774;0.04045858;3.297628;
ElbowRight;-1.756425;0.05245601;3.215684;
ElbowLeft;-1.6985;-0.1932442;3.261084;
WristRight;-1.721983;-0.2636912;3.236553;
WristLeft;-1.768921;-0.4053386;3.323737;
HandRight;-1.710503;-0.3690736;3.248456;
HandLeft;-1.788569;-0.4717065;3.333516;
Spine;-1.729891;-0.127765;3.471931;
HipCenter;-1.719967;-0.1751374;3.452168;
HipRight;-1.688827;-0.2505197;3.549319;
HipLeft;-1.777441;-0.2356012;3.355567;
KneeRight;-1.72224;-0.652957;3.392984;
KneeLeft;-1.80439;-0.6498605;3.444436;
AnkleRight;-1.553352;-0.9435207;3.267545;
AnkleLeft;-1.652309;-0.8992429;3.238827;
FootRight;-1.571925;-1.05708;3.309077;
FootLeft;-1.677086;-0.9836341;3.259807;
Head;-1.75552;0.3697471;3.432854;
ShoulderCenter;-1.725189;0.1231845;3.531084;
ShoulderRight;-1.655679;-0.04522239;3.455676;
ShoulderLeft;-1.718826;0.07655843;3.392445;
ElbowRight;-1.765707;-0.1067027;3.226939;
ElbowLeft;-1.715182;-0.1851402;3.274153;
WristRight;-1.743051;-0.3330807;3.27512;
WristLeft;-1.781343;-0.4018236;3.325668;
HandRight;-1.7355;-0.40854;3.296125;
HandLeft;-1.800985;-0.4681699;3.335444;
Spine;-1.76609;-0.2091163;3.517588;
HipCenter;-1.745775;-0.2737613;3.493554;
HipRight;-1.706488;-0.3260325;3.46544;
HipLeft;-1.788322;-0.2843884;3.51337;
KneeRight;-1.761437;-0.7501338;3.439243;
KneeLeft;-1.848712;-0.7078823;3.502558;
AnkleRight;-1.583347;-0.9758664;3.309957;
AnkleLeft;-1.705201;-1.078894;3.274137;
FootRight;-1.662322;-0.9772553;3.232852;
FootLeft;-1.689398;-0.9901491;3.27259;
Head;-1.775009;0.2797417;3.32341;
ShoulderCenter;-1.744723;0.03354462;3.421536;
ShoulderRight;-1.675213;-0.1348623;3.346129;
ShoulderLeft;-1.73836;-0.01308149;3.282898;
ElbowRight;-1.797804;0.03887625;3.418621;
ElbowLeft;-1.7591;-0.2434718;3.315727;
WristRight;-1.774249;-0.271789;3.338366;
WristLeft;-1.825138;-0.4597532;3.367155;
HandRight;-1.766398;-0.3753441;3.316547;
HandLeft;-1.844774;-0.526078;3.376928;
Spine;-1.747173;-0.004370226;3.566769;
HipCenter;-1.774498;-0.03387356;3.584016;
HipRight;-1.721965;-0.1473923;3.639591;
HipLeft;-1.838716;0.05318758;3.586395;
KneeRight;-1.784716;-0.5550247;3.454395;
KneeLeft;-1.875374;-0.5194689;3.496927;
AnkleRight;-1.847042;-0.9599047;3.256098;
AnkleLeft;-1.732087;-0.889901;3.268889;
FootRight;-1.908376;-1.038415;3.22047;
FootLeft;-1.661265;-0.9391876;3.294255;
