Floor;-0.02017553;0.9997936;0.002383112;1.079039;
Head;1.547288;0.5640601;3.453826;
ShoulderCenter;1.657396;0.3672321;3.42841;
ShoulderRight;1.665607;0.2404825;3.274917;
ShoulderLeft;1.564142;0.2209243;3.569822;
ElbowRight;1.673652;-0.02928615;3.165027;
ElbowLeft;1.506186;-0.05846275;3.455893;
WristRight;1.563032;-0.3250678;3.143418;
WristLeft;1.498139;-0.3048951;3.447227;
HandRight;1.562942;-0.3951488;3.125417;
HandLeft;1.501928;-0.3951651;3.409543;
Spine;1.582325;0.01256133;3.397609;
HipCenter;1.567311;-0.05837282;3.394881;
HipRight;1.573189;-0.1340596;3.306931;
HipLeft;1.52753;-0.1428608;3.46493;
KneeRight;1.525725;-0.6257748;3.283606;
KneeLeft;1.487899;-0.613407;3.419737;
AnkleRight;1.517304;-1.008295;3.254898;
AnkleLeft;1.812847;-0.9191443;3.412109;
FootRight;1.446332;-1.067272;3.281796;
FootLeft;1.823707;-1.006182;3.434173;
Head;1.536947;0.5748648;3.461275;
ShoulderCenter;1.630628;0.3708509;3.4318;
ShoulderRight;1.649986;0.2430534;3.274216;
ShoulderLeft;1.531019;0.2157598;3.564069;
ElbowRight;1.647795;0.01956613;3.154558;
ElbowLeft;1.489553;-0.05753544;3.450705;
WristRight;1.545278;-0.2500189;3.128598;
WristLeft;1.427209;-0.2844559;3.453241;
HandRight;1.498122;-0.3385248;3.114638;
HandLeft;1.406427;-0.360096;3.458948;
Spine;1.550976;-0.02060639;3.393447;
HipCenter;1.535458;-0.100763;3.388943;
HipRight;1.551537;-0.1628521;3.309118;
HipLeft;1.496455;-0.1816027;3.45089;
KneeRight;1.518983;-0.6229769;3.272757;
KneeLeft;1.440336;-0.60954;3.489718;
AnkleRight;1.518125;-1.007618;3.257432;
AnkleLeft;1.761678;-0.9453964;3.427202;
FootRight;1.450975;-1.064547;3.278525;
FootLeft;1.69816;-1.008962;3.431528;
Head;1.481204;0.584089;3.470562;
ShoulderCenter;1.592575;0.3864214;3.42274;
ShoulderRight;1.625368;0.2521043;3.275545;
ShoulderLeft;1.507748;0.2176132;3.554982;
ElbowRight;1.621947;0.0262863;3.159005;
ElbowLeft;1.447541;-0.04728913;3.440968;
WristRight;1.495583;-0.2272778;3.115245;
WristLeft;1.387645;-0.2711244;3.439666;
HandRight;1.454996;-0.3214861;3.097063;
HandLeft;1.385285;-0.3372265;3.479089;
Spine;1.526121;-0.0262772;3.394796;
HipCenter;1.511214;-0.108657;3.392259;
HipRight;1.524297;-0.167622;3.322879;
HipLeft;1.474449;-0.18437;3.449479;
KneeRight;1.510889;-0.6206392;3.272243;
KneeLeft;1.419214;-0.6205084;3.48838;
AnkleRight;1.513554;-0.9821396;3.245371;
AnkleLeft;1.703477;-0.9118793;3.382585;
FootRight;1.455084;-1.059234;3.277703;
FootLeft;1.708313;-0.99128;3.338875;
Head;1.467937;0.5827198;3.459727;
ShoulderCenter;1.574697;0.3830183;3.427682;
ShoulderRight;1.575114;0.2493431;3.261944;
ShoulderLeft;1.468274;0.2148942;3.554492;
ElbowRight;1.577657;0.01919406;3.164432;
ElbowLeft;1.418813;-0.05675317;3.431338;
WristRight;1.471125;-0.2081845;3.120631;
WristLeft;1.352237;-0.2708097;3.470848;
HandRight;1.419941;-0.301624;3.106115;
HandLeft;1.3498;-0.3390348;3.511537;
Spine;1.499737;-0.009668559;3.393631;
HipCenter;1.483827;-0.08670196;3.389911;
HipRight;1.496296;-0.1430361;3.321319;
HipLeft;1.445041;-0.1579108;3.442979;
KneeRight;1.503192;-0.6241529;3.274892;
KneeLeft;1.397291;-0.6313645;3.48431;
AnkleRight;1.513242;-0.9795859;3.243393;
AnkleLeft;1.5364;-0.9632223;3.405964;
FootRight;1.461414;-1.05951;3.270993;
FootLeft;1.488323;-1.029963;3.299954;
Head;1.418602;0.5835583;3.481817;
ShoulderCenter;1.523191;0.3800262;3.431034;
ShoulderRight;1.561915;0.2543758;3.268464;
ShoulderLeft;1.446511;0.2312522;3.563383;
ElbowRight;1.524024;0.03179051;3.153274;
ElbowLeft;1.36784;-0.04887597;3.414075;
WristRight;1.415828;-0.223497;3.126255;
WristLeft;1.351379;-0.2812459;3.488845;
HandRight;1.366508;-0.3128747;3.120734;
HandLeft;1.348963;-0.348899;3.529193;
Spine;1.468885;-0.002493948;3.385124;
HipCenter;1.457606;-0.07931302;3.380194;
HipRight;1.474564;-0.1354416;3.315069;
HipLeft;1.42096;-0.1453105;3.428029;
KneeRight;1.493632;-0.6302552;3.27283;
KneeLeft;1.364477;-0.6507919;3.485735;
AnkleRight;1.515229;-0.9877527;3.246069;
AnkleLeft;1.439726;-0.9806012;3.419129;
FootRight;1.46846;-1.061935;3.272045;
FootLeft;1.407634;-1.06155;3.391155;
Head;1.381649;0.5648062;3.444572;
ShoulderCenter;1.507669;0.3754486;3.436492;
ShoulderRight;1.525809;0.2549709;3.26634;
ShoulderLeft;1.399947;0.2156903;3.535536;
ElbowRight;1.506276;0.04043168;3.153174;
ElbowLeft;1.358632;-0.06169906;3.415068;
WristRight;1.391304;-0.214663;3.1313;
WristLeft;1.297226;-0.3581706;3.479647;
HandRight;1.322009;-0.2963284;3.11499;
HandLeft;1.234247;-0.3865383;3.439137;
Spine;1.444478;-0.01146163;3.384775;
HipCenter;1.431535;-0.08905868;3.377874;
HipRight;1.451277;-0.1385043;3.316453;
HipLeft;1.395346;-0.1545588;3.420592;
KneeRight;1.477256;-0.6390235;3.269919;
KneeLeft;1.330667;-0.6578653;3.488647;
AnkleRight;1.516391;-0.9990987;3.254171;
AnkleLeft;1.386357;-1.007496;3.41411;
FootRight;1.468738;-1.070459;3.275555;
FootLeft;1.321952;-1.08317;3.458122;
Head;1.3669;0.5780011;3.436244;
ShoulderCenter;1.458972;0.3714485;3.436802;
ShoulderRight;1.487417;0.2498713;3.26366;
ShoulderLeft;1.365539;0.2026856;3.56532;
ElbowRight;1.480011;0.03542297;3.145945;
ElbowLeft;1.318735;-0.09665698;3.453048;
WristRight;1.31913;-0.234468;3.123973;
WristLeft;1.238808;-0.3980092;3.478121;
HandRight;1.256244;-0.3208182;3.110212;
HandLeft;1.176849;-0.4259172;3.438268;
Spine;1.418339;-0.001454216;3.377439;
HipCenter;1.40845;-0.07658061;3.369338;
HipRight;1.423797;-0.128922;3.297101;
HipLeft;1.376696;-0.150519;3.416757;
KneeRight;1.466862;-0.6367623;3.266905;
KneeLeft;1.271812;-0.6609931;3.494207;
AnkleRight;1.511945;-0.9927405;3.24952;
AnkleLeft;1.261838;-1.012746;3.431588;
FootRight;1.468661;-1.064354;3.270174;
FootLeft;1.190309;-1.039646;3.497682;
Head;1.313215;0.5757051;3.463442;
ShoulderCenter;1.423787;0.3744163;3.423392;
ShoulderRight;1.458502;0.2505856;3.269712;
ShoulderLeft;1.344743;0.2042581;3.560769;
ElbowRight;1.437212;0.03578457;3.154839;
ElbowLeft;1.275641;-0.07793331;3.41176;
WristRight;1.28891;-0.2339296;3.122301;
WristLeft;1.303504;-0.3068044;3.42661;
HandRight;1.240909;-0.321497;3.122516;
HandLeft;1.241946;-0.3345318;3.387015;
Spine;1.377143;-0.001720992;3.381182;
HipCenter;1.368249;-0.077023;3.376406;
HipRight;1.386815;-0.1375401;3.29985;
HipLeft;1.329162;-0.1593643;3.435334;
KneeRight;1.452524;-0.6364983;3.259316;
KneeLeft;1.234273;-0.6596683;3.498275;
AnkleRight;1.513072;-0.9964013;3.252419;
AnkleLeft;1.17054;-1.009775;3.449728;
FootRight;1.456978;-1.071247;3.301188;
FootLeft;1.08705;-1.056641;3.508303;
Head;1.309675;0.5821921;3.468274;
ShoulderCenter;1.38641;0.3644646;3.42882;
ShoulderRight;1.41908;0.2395981;3.265793;
ShoulderLeft;1.301422;0.2030477;3.55584;
ElbowRight;1.387989;-0.01297247;3.164789;
ElbowLeft;1.256261;-0.06158045;3.417408;
WristRight;1.260842;-0.2255926;3.120684;
WristLeft;1.268293;-0.3146445;3.454046;
HandRight;1.191676;-0.3058886;3.118707;
HandLeft;1.206675;-0.3423991;3.414412;
Spine;1.350745;0.001271514;3.382034;
HipCenter;1.342639;-0.07178147;3.376452;
HipRight;1.361106;-0.1337759;3.299313;
HipLeft;1.309279;-0.1521506;3.43302;
KneeRight;1.432879;-0.6327268;3.265081;
KneeLeft;1.194715;-0.6706283;3.500013;
AnkleRight;1.512029;-0.9931045;3.250977;
AnkleLeft;1.072503;-1.015478;3.459126;
FootRight;1.453328;-1.065997;3.284124;
FootLeft;1.001149;-1.062159;3.452565;
Head;1.247007;0.5674627;3.450225;
ShoulderCenter;1.35611;0.3640393;3.418122;
ShoulderRight;1.400798;0.239374;3.268755;
ShoulderLeft;1.268609;0.2031345;3.549389;
ElbowRight;1.347583;-0.008991932;3.15567;
ElbowLeft;1.21757;-0.08977591;3.424401;
WristRight;1.229009;-0.2216463;3.122915;
WristLeft;1.216832;-0.3197691;3.387674;
HandRight;1.169793;-0.3102204;3.122246;
HandLeft;1.154893;-0.3476678;3.347834;
Spine;1.308734;-0.01738743;3.374074;
HipCenter;1.299202;-0.09432966;3.369028;
HipRight;1.329688;-0.1447768;3.303139;
HipLeft;1.262037;-0.1630687;3.417763;
KneeRight;1.372153;-0.657877;3.299649;
KneeLeft;1.161746;-0.6694725;3.501808;
AnkleRight;1.510508;-0.9912089;3.250274;
AnkleLeft;0.9826327;-1.021988;3.45731;
FootRight;1.449581;-1.067173;3.286517;
FootLeft;0.8934475;-1.056465;3.528277;
Head;1.221451;0.5757393;3.444483;
ShoulderCenter;1.307489;0.3612921;3.422836;
ShoulderRight;1.350923;0.2348514;3.279777;
ShoulderLeft;1.226577;0.1905307;3.547509;
ElbowRight;1.33171;-0.00395634;3.160467;
ElbowLeft;1.168054;-0.1053665;3.414296;
WristRight;1.178598;-0.2329069;3.124104;
WristLeft;1.124706;-0.3372517;3.39164;
HandRight;1.120138;-0.3213624;3.11572;
HandLeft;1.096982;-0.3721167;3.115293;
Spine;1.276337;-0.02088115;3.370732;
HipCenter;1.26958;-0.09741063;3.36425;
HipRight;1.286933;-0.1537059;3.301399;
HipLeft;1.235338;-0.1588352;3.408809;
KneeRight;1.282643;-0.6592517;3.356996;
KneeLeft;1.137799;-0.6668736;3.493539;
AnkleRight;1.502296;-0.9800485;3.236767;
AnkleLeft;0.9523666;-1.017071;3.440358;
FootRight;1.471218;-1.061308;3.252356;
FootLeft;0.8628035;-1.051694;3.511626;
Head;1.168853;0.5516393;3.451639;
ShoulderCenter;1.284217;0.3513748;3.431937;
ShoulderRight;1.321564;0.2306854;3.277268;
ShoulderLeft;1.200089;0.1793706;3.557043;
ElbowRight;1.29655;0.009577423;3.160733;
ElbowLeft;1.143529;-0.1209213;3.421443;
WristRight;1.168643;-0.2257061;3.124213;
WristLeft;1.085654;-0.3188294;3.203732;
HandRight;1.109164;-0.3159038;3.113095;
HandLeft;1.081146;-0.3732929;3.115273;
Spine;1.234646;-0.03986334;3.374022;
HipCenter;1.224292;-0.1183599;3.365469;
HipRight;1.253641;-0.1605644;3.301787;
HipLeft;1.18933;-0.1889447;3.408427;
KneeRight;1.337493;-0.6539246;3.274941;
KneeLeft;1.069981;-0.6874623;3.492924;
AnkleRight;1.500075;-0.9919252;3.239627;
AnkleLeft;0.9431328;-1.013214;3.441461;
FootRight;1.439415;-1.061093;3.274842;
FootLeft;0.8388418;-1.065839;3.473553;
Head;1.134823;0.5349507;3.455767;
ShoulderCenter;1.248433;0.3469695;3.438699;
ShoulderRight;1.281979;0.2172617;3.281568;
ShoulderLeft;1.136778;0.1802907;3.54871;
ElbowRight;1.283731;-0.004435033;3.159867;
ElbowLeft;1.090838;-0.1264899;3.42187;
WristRight;1.117795;-0.2398567;3.121929;
WristLeft;1.033528;-0.3569043;3.368769;
HandRight;1.065839;-0.3358991;3.106647;
HandLeft;1.014424;-0.4337091;3.35588;
Spine;1.204828;-0.03736076;3.379386;
HipCenter;1.196009;-0.1144494;3.370942;
HipRight;1.215501;-0.1679606;3.30418;
HipLeft;1.154837;-0.1879463;3.416138;
KneeRight;1.318939;-0.6505529;3.268255;
KneeLeft;1.049666;-0.6817898;3.491071;
AnkleRight;1.492209;-0.9952019;3.242802;
AnkleLeft;0.9217171;-1.01805;3.437174;
FootRight;1.441529;-1.064938;3.286781;
FootLeft;0.8172385;-1.06864;3.476645;
Head;1.119862;0.5469651;3.457175;
ShoulderCenter;1.199818;0.3412022;3.4322;
ShoulderRight;1.251359;0.2154337;3.284607;
ShoulderLeft;1.09963;0.1807646;3.527776;
ElbowRight;1.240379;-0.01173197;3.173712;
ElbowLeft;1.043863;-0.1314757;3.41852;
WristRight;1.111118;-0.241162;3.124211;
WristLeft;1.046617;-0.370897;3.369342;
HandRight;1.058027;-0.338237;3.109401;
HandLeft;1.047534;-0.4507041;3.357765;
Spine;1.148843;-0.03636721;3.383652;
HipCenter;1.138708;-0.1118741;3.377483;
HipRight;1.160922;-0.1741979;3.306209;
HipLeft;1.09783;-0.1885848;3.427543;
KneeRight;1.292397;-0.6490445;3.265263;
KneeLeft;1.020453;-0.6717578;3.479455;
AnkleRight;1.488554;-0.9970017;3.245436;
AnkleLeft;0.9127713;-1.016037;3.437982;
FootRight;1.430891;-1.062774;3.259198;
FootLeft;0.8412162;-1.059577;3.466698;
Head;1.066392;0.546375;3.463633;
ShoulderCenter;1.157452;0.3534627;3.426449;
ShoulderRight;1.20916;0.2231987;3.285789;
ShoulderLeft;1.040015;0.1811726;3.52917;
ElbowRight;1.183911;-0.04124614;3.18522;
ElbowLeft;0.993337;-0.115744;3.373125;
WristRight;1.076055;-0.2527928;3.119406;
WristLeft;0.9657587;-0.3460678;3.430769;
HandRight;1.04281;-0.3497785;3.113846;
HandLeft;0.9331322;-0.4508362;3.416529;
Spine;1.10724;-0.03924216;3.383603;
HipCenter;1.096447;-0.1177712;3.378552;
HipRight;1.123854;-0.1754705;3.318202;
HipLeft;1.051845;-0.1895814;3.420821;
KneeRight;1.241401;-0.6758528;3.265089;
KneeLeft;0.9935176;-0.6633633;3.479203;
AnkleRight;1.465433;-1.001943;3.250758;
AnkleLeft;0.9116244;-1.015533;3.437327;
FootRight;1.392147;-1.076197;3.308759;
FootLeft;0.8418536;-1.061075;3.466347;
Head;1.047382;0.5526648;3.460864;
ShoulderCenter;1.133961;0.3574923;3.429101;
ShoulderRight;1.158416;0.2221112;3.292335;
ShoulderLeft;1.022031;0.1884522;3.529541;
ElbowRight;1.163495;-0.04012841;3.186286;
ElbowLeft;0.9753538;-0.1084644;3.373384;
WristRight;1.066014;-0.2575985;3.120713;
WristLeft;0.8879258;-0.3330848;3.394857;
HandRight;1.025331;-0.3549404;3.11796;
HandLeft;0.855576;-0.4369645;3.380738;
Spine;1.064994;-0.04501492;3.383522;
HipCenter;1.050832;-0.1261295;3.377761;
HipRight;1.071893;-0.1778141;3.324834;
HipLeft;1.014863;-0.1876545;3.415931;
KneeRight;1.143788;-0.6649883;3.311858;
KneeLeft;0.9654848;-0.6699549;3.477513;
AnkleRight;1.440463;-0.9814062;3.255716;
AnkleLeft;0.9010612;-1.006851;3.441504;
FootRight;1.39209;-1.075942;3.308773;
FootLeft;0.8414529;-1.066507;3.465725;
Head;0.9924604;0.5575165;3.465854;
ShoulderCenter;1.078963;0.3619933;3.43227;
ShoulderRight;1.136039;0.2277682;3.296462;
ShoulderLeft;0.968275;0.1915713;3.516326;
ElbowRight;1.136887;-0.01811928;3.196641;
ElbowLeft;0.9215975;-0.1053453;3.360072;
WristRight;1.044625;-0.2378422;3.129857;
WristLeft;0.8553294;-0.3370171;3.383503;
HandRight;1.019616;-0.3433294;3.120615;
HandLeft;0.8665539;-0.4031638;3.46916;
Spine;1.020381;-0.03780325;3.383214;
HipCenter;1.009656;-0.1180527;3.377034;
HipRight;1.035549;-0.1699814;3.322328;
HipLeft;0.9639986;-0.183813;3.414784;
KneeRight;1.090392;-0.6527615;3.299955;
KneeLeft;0.9321496;-0.6606668;3.467043;
AnkleRight;1.385561;-0.9737025;3.268473;
AnkleLeft;0.9005195;-1.009853;3.436632;
FootRight;1.384366;-1.076944;3.311376;
FootLeft;0.8418577;-1.066479;3.466693;
Head;0.9505747;0.5423772;3.4538;
ShoulderCenter;1.060401;0.3687779;3.439095;
ShoulderRight;1.087508;0.2386033;3.301785;
ShoulderLeft;0.9420561;0.1970489;3.525862;
ElbowRight;1.10819;-0.01305002;3.195241;
ElbowLeft;0.8859904;-0.11217;3.406055;
WristRight;1.023035;-0.2644957;3.136795;
WristLeft;0.8434492;-0.3420416;3.453222;
HandRight;1.013146;-0.3517827;3.129703;
HandLeft;0.825544;-0.4002611;3.401507;
Spine;0.9787651;-0.03023835;3.390714;
HipCenter;0.9605047;-0.1100654;3.384594;
HipRight;0.9811784;-0.1677906;3.326635;
HipLeft;0.9185957;-0.1734074;3.4241;
KneeRight;1.033609;-0.6611916;3.271527;
KneeLeft;0.8987204;-0.6721478;3.459811;
AnkleRight;1.305646;-0.9240429;3.244749;
AnkleLeft;0.9002479;-1.009773;3.435978;
FootRight;1.32288;-1.01594;3.237443;
FootLeft;0.82804;-1.081829;3.491556;
Head;0.921324;0.5613618;3.458125;
ShoulderCenter;1.00633;0.3717277;3.426277;
ShoulderRight;1.055575;0.2362267;3.294744;
ShoulderLeft;0.8848877;0.1979798;3.514798;
ElbowRight;1.095475;-0.008204568;3.195671;
ElbowLeft;0.836583;-0.1133706;3.392005;
WristRight;1.015364;-0.2548904;3.143902;
WristLeft;0.8270534;-0.2714508;3.561589;
HandRight;0.9934888;-0.3527703;3.139101;
HandLeft;0.8238768;-0.3241442;3.623026;
Spine;0.9391584;-0.01607396;3.383819;
HipCenter;0.9271184;-0.09468176;3.379129;
HipRight;0.9467801;-0.1598105;3.307747;
HipLeft;0.8788368;-0.1712282;3.430529;
KneeRight;0.9710938;-0.6447734;3.273312;
KneeLeft;0.8556776;-0.6602185;3.442705;
AnkleRight;1.245387;-0.9166341;3.247049;
AnkleLeft;0.8989094;-1.008972;3.433454;
FootRight;1.255243;-1.011656;3.260051;
FootLeft;0.844088;-1.070966;3.457713;
Head;0.8881456;0.5596936;3.464749;
ShoulderCenter;0.9723206;0.3683618;3.421725;
ShoulderRight;1.019947;0.2376217;3.292814;
ShoulderLeft;0.8508779;0.1946139;3.510246;
ElbowRight;1.050681;-0.02635497;3.189436;
ElbowLeft;0.8152472;-0.1177808;3.392223;
WristRight;0.9943161;-0.2595826;3.14683;
WristLeft;0.8050388;-0.2811911;3.555117;
HandRight;0.9768634;-0.365541;3.144299;
HandLeft;0.801636;-0.3356613;3.614319;
Spine;0.8959004;-0.007811897;3.372955;
HipCenter;0.8794054;-0.08241219;3.366331;
HipRight;0.9074601;-0.1516131;3.29109;
HipLeft;0.8269192;-0.1566959;3.420813;
KneeRight;0.8987335;-0.6302109;3.277025;
KneeLeft;0.8105868;-0.6771769;3.386163;
AnkleRight;1.183377;-0.9420164;3.24928;
AnkleLeft;0.9032651;-1.005913;3.435994;
FootRight;1.152734;-1.052257;3.271812;
FootLeft;0.8469238;-1.067638;3.457098;
Head;0.8565273;0.570074;3.45232;
ShoulderCenter;0.9379147;0.3766701;3.415954;
ShoulderRight;0.9770659;0.2423031;3.284861;
ShoulderLeft;0.8267075;0.2416207;3.519866;
ElbowRight;1.012332;-0.04924504;3.185041;
ElbowLeft;0.7967506;-0.06987157;3.402691;
WristRight;0.9679041;-0.2842429;3.14667;
WristLeft;0.7915198;-0.2564052;3.545405;
HandRight;0.9654198;-0.3631039;3.142454;
HandLeft;0.7842044;-0.3520407;3.595726;
Spine;0.8774458;0.01032237;3.377662;
HipCenter;0.864158;-0.06269813;3.373248;
HipRight;0.8850978;-0.1374224;3.294482;
HipLeft;0.8180341;-0.1396063;3.431705;
KneeRight;0.8370829;-0.629341;3.275436;
KneeLeft;0.7547505;-0.6429487;3.279076;
AnkleRight;1.099031;-0.9298202;3.25028;
AnkleLeft;0.9051163;-1.006498;3.435082;
FootRight;1.03909;-1.028754;3.249143;
FootLeft;0.8484481;-1.067814;3.455728;
Head;0.8026261;0.5561012;3.443972;
ShoulderCenter;0.9104335;0.3820808;3.415797;
ShoulderRight;0.9559665;0.2454962;3.283686;
ShoulderLeft;0.807776;0.2451759;3.520387;
ElbowRight;0.9877753;-0.03068758;3.179034;
ElbowLeft;0.7780335;-0.0640865;3.403832;
WristRight;0.9371693;-0.2639568;3.14589;
WristLeft;0.7526121;-0.2825683;3.589286;
HandRight;0.9412155;-0.3615533;3.143237;
HandLeft;0.7388057;-0.3518532;3.624746;
Spine;0.8543847;-0.0005540838;3.359966;
HipCenter;0.8419427;-0.07795826;3.351053;
HipRight;0.8720245;-0.1408611;3.284881;
HipLeft;0.797381;-0.1450578;3.396162;
KneeRight;0.8315476;-0.7070795;3.278925;
KneeLeft;0.9322069;-0.6167828;3.454331;
AnkleRight;1.006833;-0.974003;3.289894;
AnkleLeft;0.9025764;-1.010807;3.430278;
FootRight;0.954146;-1.059025;3.277881;
FootLeft;0.8400269;-1.073927;3.463582;
Head;0.7895686;0.5695005;3.427332;
ShoulderCenter;0.8609475;0.3774433;3.409402;
ShoulderRight;0.925225;0.2486642;3.278008;
ShoulderLeft;0.7559614;0.2408916;3.514355;
ElbowRight;0.9539291;-0.03786151;3.172121;
ElbowLeft;0.72632;-0.06731966;3.398103;
WristRight;0.9112613;-0.2714072;3.143867;
WristLeft;0.7242696;-0.2718523;3.607454;
HandRight;0.9211088;-0.3773465;3.14085;
HandLeft;0.7045746;-0.3404897;3.640474;
Spine;0.8095798;-0.01251746;3.352871;
HipCenter;0.8005343;-0.09010366;3.345298;
HipRight;0.8282495;-0.1486024;3.282742;
HipLeft;0.7561469;-0.1541582;3.387211;
KneeRight;0.7156366;-0.6395547;3.271333;
KneeLeft;0.9092346;-0.6404584;3.452272;
AnkleRight;0.9072864;-0.9660228;3.263474;
AnkleLeft;0.8371474;-1.035077;3.425765;
FootRight;0.8480577;-1.058898;3.295367;
FootLeft;0.7634033;-1.076007;3.372562;
Head;0.7243479;0.5357632;3.403507;
ShoulderCenter;0.8407823;0.3760105;3.40439;
ShoulderRight;0.8806801;0.2420969;3.263041;
ShoulderLeft;0.7140781;0.2142911;3.463796;
ElbowRight;0.9212115;-0.03890424;3.169288;
ElbowLeft;0.7035096;-0.0809451;3.557054;
WristRight;0.8689827;-0.2858886;3.134712;
WristLeft;0.6826756;-0.2924857;3.645524;
HandRight;0.8778271;-0.3624917;3.125445;
HandLeft;0.6547717;-0.3644341;3.654295;
Spine;0.7854908;-0.02031135;3.343994;
HipCenter;0.7736746;-0.1000312;3.335062;
HipRight;0.8047231;-0.156357;3.274661;
HipLeft;0.7282727;-0.1617735;3.375275;
KneeRight;0.6869639;-0.637863;3.270922;
KneeLeft;0.87787;-0.6771065;3.461927;
AnkleRight;0.818108;-1.023219;3.298913;
AnkleLeft;0.9270949;-1.004675;3.410088;
FootRight;0.7178733;-1.072254;3.27499;
FootLeft;0.8863664;-1.078082;3.418305;
Head;0.7086164;0.5607861;3.401005;
ShoulderCenter;0.7911568;0.381719;3.388167;
ShoulderRight;0.8576989;0.2432156;3.258739;
ShoulderLeft;0.688301;0.2124967;3.457388;
ElbowRight;0.8994093;-0.02966026;3.15927;
ElbowLeft;0.6763546;-0.08492281;3.539646;
WristRight;0.8582684;-0.2873126;3.133151;
WristLeft;0.6278915;-0.2848395;3.638232;
HandRight;0.8641016;-0.3639942;3.129197;
HandLeft;0.6064398;-0.3266011;3.635913;
Spine;0.7442355;-0.02237411;3.332703;
HipCenter;0.7357282;-0.1030101;3.325358;
HipRight;0.7683662;-0.1579912;3.268638;
HipLeft;0.6894825;-0.1621305;3.363432;
KneeRight;0.60417;-0.6502377;3.25694;
KneeLeft;0.8482655;-0.6824186;3.460353;
AnkleRight;0.6671746;-1.02323;3.238247;
AnkleLeft;0.8695179;-1.026614;3.414535;
FootRight;0.5901737;-1.092997;3.239528;
FootLeft;0.8005762;-1.066992;3.35727;
Head;0.6547295;0.5478762;3.403001;
ShoulderCenter;0.7537888;0.3744766;3.37093;
ShoulderRight;0.8082517;0.241228;3.247622;
ShoulderLeft;0.6585751;0.2169042;3.475475;
ElbowRight;0.8638082;-0.03378484;3.155385;
ElbowLeft;0.6395462;-0.07119255;3.574985;
WristRight;0.8268687;-0.2948077;3.133364;
WristLeft;0.5822343;-0.2876804;3.626543;
HandRight;0.8205122;-0.3710447;3.132169;
HandLeft;0.5604684;-0.3253736;3.629966;
Spine;0.7045596;0.004196892;3.337654;
HipCenter;0.69445;-0.06907211;3.335037;
HipRight;0.7183349;-0.1455623;3.258622;
HipLeft;0.652196;-0.1383594;3.395334;
KneeRight;0.5852918;-0.6475613;3.25547;
KneeLeft;0.7160294;-0.6745495;3.36183;
AnkleRight;0.5647587;-1.029644;3.217087;
AnkleLeft;0.9062632;-1.002135;3.415155;
FootRight;0.4754683;-1.090255;3.247004;
FootLeft;0.8230286;-1.073439;3.446071;
Head;0.6415401;0.5519103;3.405885;
ShoulderCenter;0.7126986;0.3649735;3.349487;
ShoulderRight;0.7768173;0.2307989;3.239083;
ShoulderLeft;0.6300649;0.244463;3.52185;
ElbowRight;0.8183966;-0.05524321;3.148147;
ElbowLeft;0.6000849;-0.05412252;3.586348;
WristRight;0.7924648;-0.3021595;3.125431;
WristLeft;0.5372018;-0.2754919;3.603232;
HandRight;0.797972;-0.3774052;3.121594;
HandLeft;0.5058982;-0.3442368;3.60432;
Spine;0.6750884;-0.01292244;3.324721;
HipCenter;0.66673;-0.0884744;3.322989;
HipRight;0.6967883;-0.1469498;3.256147;
HipLeft;0.6224899;-0.1769997;3.373605;
KneeRight;0.5427827;-0.6505314;3.249008;
KneeLeft;0.843713;-0.6769875;3.465833;
AnkleRight;0.438849;-1.04182;3.195184;
AnkleLeft;0.9043964;-1.011244;3.426424;
FootRight;0.3283929;-1.069258;3.212392;
FootLeft;0.8225569;-1.076409;3.464025;
Head;0.5880556;0.5363866;3.371837;
ShoulderCenter;0.6936926;0.3714819;3.355561;
ShoulderRight;0.7455834;0.2315767;3.235133;
ShoulderLeft;0.6122336;0.2509855;3.528159;
ElbowRight;0.8009465;-0.057665;3.144341;
ElbowLeft;0.5606641;-0.05662304;3.522988;
WristRight;0.7435172;-0.2970523;3.110095;
WristLeft;0.5179085;-0.2619227;3.605648;
HandRight;0.7416953;-0.3718191;3.110599;
HandLeft;0.4909657;-0.3228807;3.613286;
Spine;0.6397343;0.0002347297;3.327559;
HipCenter;0.6287687;-0.07393335;3.325163;
HipRight;0.6454119;-0.1465545;3.252203;
HipLeft;0.5848339;-0.143516;3.382949;
KneeRight;0.481285;-0.6367102;3.232612;
KneeLeft;0.8304709;-0.5709951;3.4602;
AnkleRight;0.3444146;-1.051093;3.209458;
AnkleLeft;0.8993485;-1.002495;3.425056;
FootRight;0.245168;-1.057058;3.210189;
FootLeft;0.828826;-1.072744;3.458748;
Head;0.5487168;0.5284162;3.365726;
ShoulderCenter;0.6444857;0.3561423;3.346209;
ShoulderRight;0.7005913;0.2252422;3.222093;
ShoulderLeft;0.5629992;0.2358971;3.519171;
ElbowRight;0.7502995;-0.05764911;3.126311;
ElbowLeft;0.5017384;-0.04091924;3.353055;
WristRight;0.6990179;-0.2908609;3.102389;
WristLeft;0.4852923;-0.2429691;3.579501;
HandRight;0.6902886;-0.3776476;3.094542;
HandLeft;0.4494251;-0.3076129;3.587222;
Spine;0.601162;-0.02881165;3.313778;
HipCenter;0.5924972;-0.1058024;3.310879;
HipRight;0.6255944;-0.1566777;3.24803;
HipLeft;0.5539227;-0.1843375;3.361178;
KneeRight;0.4216104;-0.6419094;3.213048;
KneeLeft;0.7893706;-0.6982567;3.458783;
AnkleRight;0.3219541;-1.044482;3.214997;
AnkleLeft;0.8985327;-1.011658;3.426595;
FootRight;0.2124301;-1.057852;3.208576;
FootLeft;0.8300235;-1.073268;3.459807;
Head;0.5122164;0.5173879;3.352104;
ShoulderCenter;0.6183164;0.3524313;3.343827;
ShoulderRight;0.6627007;0.2205868;3.216647;
ShoulderLeft;0.5368299;0.2321861;3.516789;
ElbowRight;0.6983444;-0.06609408;3.120136;
ElbowLeft;0.4787343;-0.03867188;3.333896;
WristRight;0.65819;-0.2956277;3.081047;
WristLeft;0.4690582;-0.2323644;3.569959;
HandRight;0.6525938;-0.378038;3.074309;
HandLeft;0.417388;-0.3334501;3.635334;
Spine;0.5535257;-0.0484499;3.307803;
HipCenter;0.5425177;-0.1283496;3.304364;
HipRight;0.5653057;-0.1697236;3.250561;
HipLeft;0.50357;-0.2042669;3.345139;
KneeRight;0.4162402;-0.6416266;3.214706;
KneeLeft;0.6909874;-0.7425731;3.428195;
AnkleRight;0.2856541;-1.040968;3.20844;
AnkleLeft;0.8940128;-0.9918551;3.421404;
FootRight;0.1839439;-1.081302;3.245566;
FootLeft;0.8314798;-1.073577;3.460341;
Head;0.4634016;0.5084888;3.299182;
ShoulderCenter;0.5675371;0.3545638;3.330125;
ShoulderRight;0.62343;0.2168786;3.200969;
ShoulderLeft;0.4860506;0.2343186;3.503088;
ElbowRight;0.6589634;-0.04644779;3.105619;
ElbowLeft;0.4197491;-0.05422112;3.358275;
WristRight;0.6192429;-0.3006013;3.08278;
WristLeft;0.4148364;-0.262974;3.583429;
HandRight;0.6120999;-0.3733348;3.074373;
HandLeft;0.3736659;-0.3233136;3.592145;
Spine;0.5343223;-0.04412336;3.302078;
HipCenter;0.5259066;-0.1239225;3.299477;
HipRight;0.5506171;-0.172038;3.242988;
HipLeft;0.4864852;-0.1956148;3.343477;
KneeRight;0.3678064;-0.6542714;3.220213;
KneeLeft;0.7047859;-0.703967;3.438641;
AnkleRight;0.2864111;-1.044172;3.210135;
AnkleLeft;0.885376;-1.017685;3.425655;
FootRight;0.1823329;-1.084822;3.239336;
FootLeft;0.8327544;-1.081415;3.447006;
Head;0.4261491;0.508131;3.30426;
ShoulderCenter;0.5411263;0.353168;3.317433;
ShoulderRight;0.5854298;0.2150894;3.186762;
ShoulderLeft;0.4176934;0.1692047;3.436184;
ElbowRight;0.6091139;-0.07077799;3.104884;
ElbowLeft;0.4074802;-0.05740695;3.342203;
WristRight;0.5594245;-0.3285634;3.075498;
WristLeft;0.3845833;-0.2639505;3.567618;
HandRight;0.5514432;-0.4017373;3.074342;
HandLeft;0.3783606;-0.3294459;3.60065;
Spine;0.4849851;-0.02843272;3.295113;
HipCenter;0.4753723;-0.1046675;3.295007;
HipRight;0.5019621;-0.160558;3.228589;
HipLeft;0.4303606;-0.1948721;3.350817;
KneeRight;0.4255262;-0.5822862;3.221951;
KneeLeft;0.6719466;-0.7114194;3.441902;
AnkleRight;0.3009402;-1.001451;3.207075;
AnkleLeft;0.8776777;-1.022064;3.429722;
FootRight;0.2096877;-1.067116;3.232735;
FootLeft;0.8277258;-1.088484;3.448638;
Head;0.4047743;0.5333798;3.315825;
ShoulderCenter;0.4999062;0.3571582;3.300493;
ShoulderRight;0.5474617;0.2127391;3.17442;
ShoulderLeft;0.3903937;0.1727766;3.425379;
ElbowRight;0.5581989;-0.06896073;3.099403;
ElbowLeft;0.3567457;-0.06194914;3.326245;
WristRight;0.4815388;-0.325655;3.082901;
WristLeft;0.3528905;-0.278716;3.5431;
HandRight;0.4749558;-0.3906949;3.048756;
HandLeft;0.3506933;-0.3430264;3.579138;
Spine;0.4679014;-0.0367616;3.289614;
HipCenter;0.459317;-0.1152596;3.290168;
HipRight;0.4893225;-0.1732467;3.224378;
HipLeft;0.4162772;-0.1988898;3.347688;
KneeRight;0.3599804;-0.6268986;3.221247;
KneeLeft;0.6368107;-0.6918092;3.432563;
AnkleRight;0.2874154;-1.035965;3.205389;
AnkleLeft;0.8470638;-1.023592;3.432056;
FootRight;0.2028984;-1.089378;3.263543;
FootLeft;0.8036125;-1.095404;3.44829;
Head;0.3382164;0.53348;3.301486;
ShoulderCenter;0.4511716;0.3679664;3.290322;
ShoulderRight;0.5199076;0.2222957;3.17239;
ShoulderLeft;0.3358158;0.1844299;3.412945;
ElbowRight;0.5093296;-0.06035248;3.088301;
ElbowLeft;0.3148058;-0.06279173;3.328789;
WristRight;0.4469814;-0.2866948;3.075753;
WristLeft;0.3087634;-0.2801907;3.54477;
HandRight;0.4366516;-0.3607581;3.040411;
HandLeft;0.2917674;-0.3456298;3.572948;
Spine;0.4105395;-0.03959637;3.283032;
HipCenter;0.4024131;-0.1211089;3.285157;
HipRight;0.4354568;-0.1775957;3.228562;
HipLeft;0.3560254;-0.1984697;3.336328;
KneeRight;0.3258137;-0.6477048;3.219361;
KneeLeft;0.6184525;-0.6825243;3.426734;
AnkleRight;0.2875479;-1.033734;3.203258;
AnkleLeft;0.8003707;-0.9851847;3.426561;
FootRight;0.1943952;-1.090132;3.242465;
FootLeft;0.7539466;-1.055585;3.440934;
Head;0.3199877;0.5393909;3.298712;
ShoulderCenter;0.4319267;0.371703;3.282453;
ShoulderRight;0.4833605;0.2359574;3.165916;
ShoulderLeft;0.3198187;0.1921153;3.388565;
ElbowRight;0.4717427;-0.05914626;3.083323;
ElbowLeft;0.2980888;-0.06243166;3.324679;
WristRight;0.3890908;-0.314501;3.064844;
WristLeft;0.2931876;-0.2799018;3.540789;
HandRight;0.3837065;-0.3843508;3.043622;
HandLeft;0.2812183;-0.3460158;3.569842;
Spine;0.3949252;-0.03522786;3.276358;
HipCenter;0.3874682;-0.1166332;3.278704;
HipRight;0.4195164;-0.1716643;3.221581;
HipLeft;0.3427746;-0.1922668;3.33059;
KneeRight;0.331223;-0.6363016;3.222151;
KneeLeft;0.4908293;-0.7396806;3.395897;
AnkleRight;0.289709;-1.030843;3.202228;
AnkleLeft;0.7408022;-0.9479648;3.410199;
FootRight;0.2042057;-1.089987;3.253583;
FootLeft;0.6942899;-1.018499;3.4246;
Head;0.2597904;0.5421616;3.30507;
ShoulderCenter;0.3815078;0.3805458;3.286672;
ShoulderRight;0.4348851;0.247936;3.15837;
ShoulderLeft;0.2791025;0.20036;3.389873;
ElbowRight;0.4285123;-0.02399587;3.078418;
ElbowLeft;0.2462653;-0.05534834;3.330238;
WristRight;0.3509046;-0.2448834;3.070076;
WristLeft;0.2412575;-0.2727341;3.546074;
HandRight;0.3154553;-0.335757;3.053313;
HandLeft;0.2290604;-0.339036;3.574479;
Spine;0.3463069;-0.03545614;3.270244;
HipCenter;0.3391388;-0.1186401;3.270544;
HipRight;0.3729869;-0.1684362;3.220225;
HipLeft;0.2960966;-0.1844367;3.313619;
KneeRight;0.3097411;-0.6465885;3.205914;
KneeLeft;0.4605547;-0.7339806;3.405583;
AnkleRight;0.2908415;-1.026083;3.198662;
AnkleLeft;0.6834116;-0.9620378;3.420583;
FootRight;0.2112804;-1.089903;3.224515;
FootLeft;0.6011126;-0.9837865;3.425494;
Head;0.2510155;0.5499856;3.291608;
ShoulderCenter;0.3512692;0.3754186;3.282607;
ShoulderRight;0.4029508;0.245704;3.154258;
ShoulderLeft;0.2425998;0.1954339;3.385527;
ElbowRight;0.4045099;-0.004249754;3.073211;
ElbowLeft;0.2160268;-0.0604755;3.326157;
WristRight;0.2800688;-0.2477788;3.053564;
WristLeft;0.2110285;-0.2774444;3.541544;
HandRight;0.2419252;-0.337458;3.039442;
HandLeft;0.1988932;-0.3434107;3.569804;
Spine;0.3223704;-0.0274028;3.268085;
HipCenter;0.3158143;-0.1079839;3.268674;
HipRight;0.3448794;-0.1597826;3.215355;
HipLeft;0.2785571;-0.1796637;3.314153;
KneeRight;0.2971802;-0.6380026;3.208212;
KneeLeft;0.4340886;-0.7125277;3.409876;
AnkleRight;0.2955083;-1.021743;3.198672;
AnkleLeft;0.6307652;-0.9645143;3.404358;
FootRight;0.2114518;-1.088346;3.221346;
FootLeft;0.5461633;-0.966072;3.411167;
Head;0.2153003;0.5570824;3.299433;
ShoulderCenter;0.3217044;0.384093;3.281327;
ShoulderRight;0.3578652;0.244721;3.144342;
ShoulderLeft;0.2163101;0.2040989;3.384619;
ElbowRight;0.3457705;-0.001243608;3.069282;
ElbowLeft;0.186462;-0.05180113;3.324858;
WristRight;0.2220495;-0.2586477;3.049248;
WristLeft;0.1814734;-0.2683493;3.539789;
HandRight;0.1740686;-0.3340839;3.041581;
HandLeft;0.1694204;-0.3338683;3.567858;
Spine;0.2949252;-0.03593254;3.264434;
HipCenter;0.2887761;-0.1200794;3.264546;
HipRight;0.3191633;-0.1669391;3.21095;
HipLeft;0.2498952;-0.1976829;3.310284;
KneeRight;0.2952508;-0.6396139;3.207318;
KneeLeft;0.4447629;-0.7457151;3.353498;
AnkleRight;0.2951997;-1.021713;3.198267;
AnkleLeft;0.520595;-1.047892;3.391292;
FootRight;0.218415;-1.087281;3.217931;
FootLeft;0.4546141;-0.9754839;3.373602;
Head;0.1805615;0.5702948;3.295045;
ShoulderCenter;0.2803328;0.392794;3.276974;
ShoulderRight;0.3414266;0.2485261;3.143956;
ShoulderLeft;0.1730977;0.2135699;3.380199;
ElbowRight;0.2934664;0.002896544;3.052924;
ElbowLeft;0.1450903;-0.04310015;3.320496;
WristRight;0.1638663;-0.2396668;3.039091;
WristLeft;0.14011;-0.2592888;3.53504;
HandRight;0.1134416;-0.3214137;3.023214;
HandLeft;0.1281128;-0.3245044;3.562979;
Spine;0.2563221;-0.03671278;3.263747;
HipCenter;0.2518158;-0.1224989;3.264636;
HipRight;0.2894353;-0.1594151;3.222049;
HipLeft;0.204218;-0.1854856;3.299761;
KneeRight;0.2925282;-0.6412282;3.203483;
KneeLeft;0.1282019;-0.6259731;3.407579;
AnkleRight;0.2954391;-1.019985;3.198326;
AnkleLeft;0.4364077;-0.9278162;3.351889;
FootRight;0.2148232;-1.08701;3.21769;
FootLeft;0.4009092;-1.003013;3.364783;
Head;0.1483904;0.5694466;3.296673;
ShoulderCenter;0.2465174;0.3905593;3.279674;
ShoulderRight;0.2902979;0.2583345;3.144666;
ShoulderLeft;0.1407073;0.21125;3.382925;
ElbowRight;0.2654857;0.009675205;3.050203;
ElbowLeft;0.1112749;-0.04533481;3.323198;
WristRight;0.09498066;-0.242209;3.026973;
WristLeft;0.1063019;-0.2612096;3.537411;
HandRight;0.05685286;-0.3061171;3.019165;
HandLeft;0.09429751;-0.3264638;3.565366;
Spine;0.2216911;-0.02955441;3.262186;
HipCenter;0.2162057;-0.113369;3.262208;
HipRight;0.2504775;-0.1544565;3.214501;
HipLeft;0.17813;-0.1802043;3.302021;
KneeRight;0.288179;-0.645169;3.200012;
KneeLeft;0.1086894;-0.6322279;3.409957;
AnkleRight;0.2943879;-1.019439;3.197987;
AnkleLeft;0.2267419;-0.9887756;3.37068;
FootRight;0.2127276;-1.087882;3.225674;
FootLeft;0.1805503;-1.085448;3.391932;
Head;0.1173286;0.5038721;3.309293;
ShoulderCenter;0.2102476;0.2921798;3.274608;
ShoulderRight;0.2718748;0.2570395;3.142756;
ShoulderLeft;0.1039005;0.1127922;3.377935;
ElbowRight;0.2126857;0.0123943;3.051163;
ElbowLeft;0.07500516;-0.1437143;3.318133;
WristRight;0.04010235;-0.2404961;3.013955;
WristLeft;0.07003846;-0.3593139;3.532054;
HandRight;-0.001617175;-0.2990339;3.016679;
HandLeft;0.05804468;-0.4245108;3.559985;
Spine;0.1969048;-0.06720769;3.256624;
HipCenter;0.1988924;-0.1340118;3.257832;
HipRight;0.2289253;-0.1728543;3.224803;
HipLeft;0.1600247;-0.2104041;3.278584;
KneeRight;0.2715176;-0.645108;3.191831;
KneeLeft;0.07540296;-0.6743661;3.412503;
AnkleRight;0.293951;-1.019602;3.198498;
AnkleLeft;0.1669273;-1.01799;3.39249;
FootRight;0.2131619;-1.087549;3.225848;
FootLeft;0.1524359;-1.099036;3.410112;
Head;0.09249455;0.5025496;3.300043;
ShoulderCenter;0.1799505;0.28513;3.278991;
ShoulderRight;0.2247269;0.256598;3.139873;
ShoulderLeft;0.07360339;0.1057423;3.382318;
ElbowRight;0.1553933;-0.01565897;3.046953;
ElbowLeft;0.04470804;-0.1507642;3.32251;
WristRight;0.003097864;-0.2294997;3.013748;
WristLeft;0.03974098;-0.3663795;3.536446;
HandRight;-0.05268664;-0.2980413;3.002788;
HandLeft;0.02781861;-0.4311882;3.56421;
Spine;0.1561174;-0.08885325;3.274103;
HipCenter;0.1526237;-0.1634468;3.276619;
HipRight;0.1833899;-0.1996757;3.264707;
HipLeft;0.120193;-0.227674;3.284017;
KneeRight;0.2488106;-0.6650546;3.194833;
KneeLeft;0.04181071;-0.6704404;3.417353;
AnkleRight;0.2938158;-1.019513;3.198653;
AnkleLeft;0.09841666;-1.023532;3.385728;
FootRight;0.2125589;-1.085146;3.21411;
FootLeft;0.02159851;-1.066352;3.34111;
Head;0.04781845;0.513101;3.304627;
ShoulderCenter;0.1381371;0.3172398;3.270162;
ShoulderRight;0.1955895;0.2561688;3.140382;
ShoulderLeft;0.03178994;0.1378521;3.373488;
ElbowRight;0.1293647;-0.01490803;3.041872;
ElbowLeft;0.002894595;-0.1186544;3.313676;
WristRight;-0.03706249;-0.2199663;2.999221;
WristLeft;-0.002072702;-0.33428;3.52762;
HandRight;-0.0752678;-0.2882351;2.993902;
HandLeft;-0.01390952;-0.3986237;3.555185;
Spine;0.1422888;-0.08193462;3.261598;
HipCenter;0.1411324;-0.1595381;3.263507;
HipRight;0.1695143;-0.1921418;3.221491;
HipLeft;0.1092545;-0.2279998;3.283518;
KneeRight;0.2155325;-0.6558234;3.199455;
KneeLeft;-0.0190628;-0.6644556;3.418872;
AnkleRight;0.2925593;-1.019678;3.199873;
AnkleLeft;-0.01622733;-1.021409;3.397599;
FootRight;0.2128338;-1.084894;3.211787;
FootLeft;-0.1029374;-1.06699;3.448177;
Head;0.004516795;0.5571125;3.294827;
ShoulderCenter;0.1076736;0.384694;3.277567;
ShoulderRight;0.1604204;0.2440401;3.136152;
ShoulderLeft;0.001326524;0.2053063;3.380893;
ElbowRight;0.07880948;-0.02885892;3.035439;
ElbowLeft;-0.02756882;-0.05120018;3.321046;
WristRight;-0.07252453;-0.2228611;2.994017;
WristLeft;-0.03253778;-0.2668977;3.535048;
HandRight;-0.1338606;-0.2939214;2.99004;
HandLeft;-0.04432178;-0.3309543;3.56249;
Spine;0.1149319;-0.04562014;3.23041;
HipCenter;0.1163836;-0.131683;3.224571;
HipRight;0.1540608;-0.1714195;3.159274;
HipLeft;0.09124964;-0.2220053;3.277065;
KneeRight;0.1884245;-0.6529986;3.210402;
KneeLeft;-0.04977116;-0.6726941;3.421387;
AnkleRight;0.2921757;-1.019725;3.200546;
AnkleLeft;-0.1262851;-1.013975;3.40192;
FootRight;0.223286;-1.083556;3.210652;
FootLeft;-0.2141334;-1.065138;3.453808;
Head;-0.0254992;0.4853454;3.309631;
ShoulderCenter;0.06850427;0.278711;3.270003;
ShoulderRight;0.1172416;0.2335951;3.136594;
ShoulderLeft;-0.03784285;0.09932332;3.373329;
ElbowRight;0.05330504;-0.02452166;3.031708;
ElbowLeft;-0.0667382;-0.1571832;3.313475;
WristRight;-0.1152627;-0.2324977;2.994523;
WristLeft;-0.07170495;-0.3727852;3.527373;
HandRight;-0.1630628;-0.3008643;2.986531;
HandLeft;-0.08342485;-0.4364933;3.554666;
Spine;0.05619593;-0.1032084;3.265632;
HipCenter;0.05373426;-0.1795923;3.268352;
HipRight;0.08258541;-0.2241313;3.235886;
HipLeft;0.02121873;-0.2487565;3.296761;
KneeRight;0.1765626;-0.6632469;3.211712;
KneeLeft;-0.09782773;-0.6593772;3.414769;
AnkleRight;0.2914883;-1.019727;3.201153;
AnkleLeft;-0.2772452;-1.032173;3.432128;
FootRight;0.2123714;-1.087626;3.24757;
FootLeft;-0.3650828;-1.08333;3.484009;
Head;-0.04252366;0.4941747;3.312419;
ShoulderCenter;0.04288975;0.2896409;3.278873;
ShoulderRight;0.09377459;0.2339996;3.14067;
ShoulderLeft;-0.06345736;0.1102533;3.3822;
ElbowRight;0.02060619;-0.02295556;3.032051;
ElbowLeft;-0.09235271;-0.1462532;3.32234;
WristRight;-0.1474197;-0.2376506;2.99629;
WristLeft;-0.09731779;-0.3617823;3.536158;
HandRight;-0.2079381;-0.3105324;2.998601;
HandLeft;-0.1089957;-0.4252623;3.563354;
Spine;0.03762156;-0.1015317;3.258636;
HipCenter;0.03507663;-0.1793783;3.258164;
HipRight;0.06754833;-0.2195181;3.229882;
HipLeft;-0.002616758;-0.2435045;3.27587;
KneeRight;0.1616572;-0.6552056;3.202857;
KneeLeft;-0.112852;-0.6593598;3.41194;
AnkleRight;0.2900903;-1.019421;3.20083;
AnkleLeft;-0.2917011;-1.027551;3.425704;
FootRight;0.214782;-1.08448;3.214401;
FootLeft;-0.4045432;-1.030508;3.442423;
Head;-0.1035669;0.4914001;3.309059;
ShoulderCenter;-0.01334157;0.2809311;3.281907;
ShoulderRight;0.04168772;0.2356902;3.149149;
ShoulderLeft;-0.1196887;0.1015434;3.385234;
ElbowRight;-0.0117068;-0.02736694;3.036376;
ElbowLeft;-0.148584;-0.1549631;3.325364;
WristRight;-0.1729762;-0.2422414;2.992626;
WristLeft;-0.153548;-0.3704456;3.539127;
HandRight;-0.2207257;-0.3163081;2.999288;
HandLeft;-0.1651676;-0.4336085;3.566186;
Spine;-0.01886999;-0.1073981;3.265447;
HipCenter;-0.01997567;-0.185064;3.265751;
HipRight;0.01208564;-0.2251531;3.245066;
HipLeft;-0.05350262;-0.247925;3.279616;
KneeRight;0.1337481;-0.6623834;3.18892;
KneeLeft;-0.1880348;-0.6699456;3.414451;
AnkleRight;0.2865724;-1.021099;3.202796;
AnkleLeft;-0.3737962;-1.029673;3.40201;
FootRight;0.200222;-1.089151;3.218339;
FootLeft;-0.4806015;-1.033762;3.444158;
Head;-0.1326527;0.4848338;3.315667;
ShoulderCenter;-0.03972023;0.2853203;3.289954;
ShoulderRight;0.01322209;0.226577;3.151777;
ShoulderLeft;-0.1460674;0.1059326;3.393281;
ElbowRight;-0.06303538;-0.04909694;3.042733;
ElbowLeft;-0.1749627;-0.1505739;3.333401;
WristRight;-0.2111341;-0.2548697;2.998722;
WristLeft;-0.1799289;-0.3661513;3.547259;
HandRight;-0.2536167;-0.3287508;3.001432;
HandLeft;-0.1914918;-0.4290063;3.574186;
Spine;-0.04555134;-0.1118207;3.258229;
HipCenter;-0.04796218;-0.19154;3.254997;
HipRight;-0.01315811;-0.2262577;3.234789;
HipLeft;-0.08443023;-0.2528825;3.265023;
KneeRight;0.1168086;-0.6706075;3.190915;
KneeLeft;-0.232431;-0.7019978;3.420011;
AnkleRight;0.2853804;-1.024751;3.206417;
AnkleLeft;-0.380184;-1.038093;3.39218;
FootRight;0.2056804;-1.089619;3.219692;
FootLeft;-0.4614664;-1.074122;3.390339;
Head;-0.1745187;0.4992841;3.32079;
ShoulderCenter;-0.08547109;0.3078048;3.292121;
ShoulderRight;-0.03877774;0.2202842;3.154036;
ShoulderLeft;-0.1918182;0.1284171;3.395447;
ElbowRight;-0.08639644;-0.04874254;3.043417;
ElbowLeft;-0.2207136;-0.1280894;3.335553;
WristRight;-0.2245222;-0.2559697;3.004062;
WristLeft;-0.2256795;-0.3436554;3.549392;
HandRight;-0.2661014;-0.3359698;3.002787;
HandLeft;-0.2371964;-0.4062598;3.576212;
Spine;-0.08704206;-0.1124527;3.240685;
HipCenter;-0.08815674;-0.1963241;3.233849;
HipRight;-0.05394964;-0.2218489;3.206178;
HipLeft;-0.1236653;-0.2564996;3.24837;
KneeRight;0.09522156;-0.6774016;3.190012;
KneeLeft;-0.2720321;-0.6891091;3.411599;
AnkleRight;0.2800914;-1.027862;3.207963;
AnkleLeft;-0.4408142;-1.062906;3.370151;
FootRight;0.1871382;-1.092159;3.23158;
FootLeft;-0.5347137;-1.099239;3.426675;
Head;-0.223543;0.4874286;3.330327;
ShoulderCenter;-0.1243175;0.2892254;3.293281;
ShoulderRight;-0.07467263;0.2196649;3.159664;
ShoulderLeft;-0.2306646;0.1098378;3.396607;
ElbowRight;-0.1196242;-0.04425867;3.05192;
ElbowLeft;-0.25956;-0.1466687;3.336697;
WristRight;-0.2453706;-0.2643245;3.024979;
WristLeft;-0.2645244;-0.3621716;3.550461;
HandRight;-0.281853;-0.3424351;3.010366;
HandLeft;-0.275992;-0.4245081;3.577166;
Spine;-0.1382004;-0.1205845;3.252306;
HipCenter;-0.1403757;-0.202259;3.247694;
HipRight;-0.1070367;-0.231202;3.221255;
HipLeft;-0.1761579;-0.2650438;3.262827;
KneeRight;0.02427917;-0.6791312;3.198706;
KneeLeft;-0.2783611;-0.6968163;3.407392;
AnkleRight;0.269056;-1.029904;3.210496;
AnkleLeft;-0.4002931;-1.054034;3.375488;
FootRight;0.1836189;-1.097946;3.238201;
FootLeft;-0.4715586;-1.096342;3.395716;
Head;-0.2687585;0.5513558;3.326967;
ShoulderCenter;-0.1753942;0.3755211;3.309613;
ShoulderRight;-0.1280504;0.2305328;3.172653;
ShoulderLeft;-0.2817413;0.1961334;3.41294;
ElbowRight;-0.1515864;-0.03860026;3.057622;
ElbowLeft;-0.3193512;-0.08454551;3.244994;
WristRight;-0.2497688;-0.2621044;3.030223;
WristLeft;-0.3297477;-0.3315692;3.426199;
HandRight;-0.287953;-0.3454386;3.016122;
HandLeft;-0.3411771;-0.3936983;3.452816;
Spine;-0.1967312;-0.08801349;3.256937;
HipCenter;-0.2009986;-0.1807204;3.250004;
HipRight;-0.1600956;-0.2013636;3.219633;
HipLeft;-0.2454783;-0.2377776;3.269991;
KneeRight;-0.009748122;-0.6816193;3.199071;
KneeLeft;-0.3176832;-0.6828778;3.396154;
AnkleRight;0.244006;-1.025478;3.21566;
AnkleLeft;-0.3938137;-1.048709;3.374063;
FootRight;0.1879613;-1.094886;3.227502;
FootLeft;-0.4764946;-1.09534;3.399518;
Head;-0.3313719;0.5315993;3.342896;
ShoulderCenter;-0.2043156;0.3762643;3.31604;
ShoulderRight;-0.1530719;0.2326859;3.173261;
ShoulderLeft;-0.3106628;0.1968766;3.419367;
ElbowRight;-0.1782933;-0.03348763;3.064343;
ElbowLeft;-0.3484184;-0.08489034;3.250873;
WristRight;-0.2727447;-0.2762422;3.040175;
WristLeft;-0.3587544;-0.3323383;3.433509;
HandRight;-0.309023;-0.3564006;3.033443;
HandLeft;-0.370131;-0.3941805;3.460003;
Spine;-0.2213624;-0.08228289;3.259886;
HipCenter;-0.2249727;-0.1740433;3.252331;
HipRight;-0.185965;-0.1946907;3.229732;
HipLeft;-0.2696198;-0.2272518;3.264831;
KneeRight;-0.1302149;-0.6527044;3.223703;
KneeLeft;-0.3437049;-0.6849828;3.394627;
AnkleRight;0.1726653;-0.9644865;3.199826;
AnkleLeft;-0.3918171;-1.049566;3.37479;
FootRight;0.1733658;-1.053753;3.22216;
FootLeft;-0.4818444;-1.098115;3.400005;
Head;-0.3662084;0.5506722;3.351795;
ShoulderCenter;-0.2522478;0.3850459;3.325376;
ShoulderRight;-0.2020954;0.2419043;3.180057;
ShoulderLeft;-0.3585948;0.2056583;3.428702;
ElbowRight;-0.218237;-0.02815485;3.079726;
ElbowLeft;-0.3962877;-0.07563983;3.260406;
WristRight;-0.2832333;-0.2670885;3.046664;
WristLeft;-0.4066499;-0.3229058;3.442404;
HandRight;-0.3140385;-0.3533656;3.040019;
HandLeft;-0.4179855;-0.3845246;3.468802;
Spine;-0.2841065;-0.06910093;3.279839;
HipCenter;-0.2904396;-0.1599374;3.274332;
HipRight;-0.2575044;-0.1838785;3.267098;
HipLeft;-0.3283761;-0.2077316;3.272901;
KneeRight;-0.2050603;-0.6540882;3.222717;
KneeLeft;-0.3753807;-0.6804878;3.356747;
AnkleRight;0.1140734;-0.9499068;3.206862;
AnkleLeft;-0.3912845;-1.047922;3.370817;
FootRight;0.1108176;-1.062987;3.231469;
FootLeft;-0.4848272;-1.101147;3.413479;
Head;-0.4005384;0.5367622;3.341074;
ShoulderCenter;-0.270457;0.3846167;3.32572;
ShoulderRight;-0.2292257;0.2360206;3.180111;
ShoulderLeft;-0.3768042;0.2052291;3.429047;
ElbowRight;-0.2426603;-0.03675446;3.080504;
ElbowLeft;-0.4144363;-0.07561602;3.260929;
WristRight;-0.3020217;-0.261903;3.050929;
WristLeft;-0.4248236;-0.322705;3.442307;
HandRight;-0.3411596;-0.3447323;3.058388;
HandLeft;-0.4361507;-0.3842778;3.468686;
Spine;-0.3139535;-0.068709;3.275534;
HipCenter;-0.3230931;-0.159323;3.268838;
HipRight;-0.2947836;-0.1870767;3.253911;
HipLeft;-0.3601857;-0.2025642;3.273289;
KneeRight;-0.2519898;-0.6701999;3.208943;
KneeLeft;-0.3976811;-0.6945003;3.323094;
AnkleRight;0.01833202;-0.901953;3.197793;
AnkleLeft;-0.3884929;-1.042829;3.362041;
FootRight;-0.06078213;-0.9440165;3.151797;
FootLeft;-0.4781801;-1.100581;3.407167;
Head;-0.4432401;0.5575323;3.346272;
ShoulderCenter;-0.3245718;0.3948617;3.324504;
ShoulderRight;-0.2779932;0.2480875;3.183363;
ShoulderLeft;-0.430919;0.215474;3.427831;
ElbowRight;-0.2713161;-0.04561691;3.086721;
ElbowLeft;-0.4767006;-0.0456692;3.247583;
WristRight;-0.3359696;-0.2699979;3.060725;
WristLeft;-0.4816992;-0.2626551;3.462859;
HandRight;-0.3519892;-0.3476126;3.063459;
HandLeft;-0.4930012;-0.3240913;3.489179;
Spine;-0.3473086;-0.05793578;3.27804;
HipCenter;-0.3515857;-0.1489193;3.272046;
HipRight;-0.3130766;-0.1811632;3.254735;
HipLeft;-0.3941095;-0.1895757;3.280531;
KneeRight;-0.3402826;-0.6529151;3.205931;
KneeLeft;-0.4517784;-0.649606;3.211602;
AnkleRight;-0.04576636;-0.9073403;3.20132;
AnkleLeft;-0.387089;-1.039659;3.358757;
FootRight;-0.03759565;-1.006663;3.213497;
FootLeft;-0.4759842;-1.098143;3.405211;
Head;-0.4973858;0.5247415;3.332624;
ShoulderCenter;-0.3494991;0.3918685;3.329415;
ShoulderRight;-0.3014297;0.2460699;3.187748;
ShoulderLeft;-0.4558463;0.2124809;3.432742;
ElbowRight;-0.2977128;-0.03076023;3.086997;
ElbowLeft;-0.5016279;-0.04866237;3.25247;
WristRight;-0.3598924;-0.2680396;3.06782;
WristLeft;-0.5066329;-0.2659286;3.468031;
HandRight;-0.3636792;-0.3523626;3.067685;
HandLeft;-0.5178957;-0.3271519;3.494259;
Spine;-0.3833096;-0.07326818;3.288249;
HipCenter;-0.3906729;-0.1670719;3.28393;
HipRight;-0.3614443;-0.1906079;3.272386;
HipLeft;-0.4247437;-0.2130928;3.288123;
KneeRight;-0.413791;-0.6465403;3.217239;
KneeLeft;-0.4944724;-0.6792598;3.203585;
AnkleRight;-0.1309959;-0.9103078;3.212369;
AnkleLeft;-0.3886342;-1.04181;3.360285;
FootRight;-0.1319055;-0.9974096;3.193309;
FootLeft;-0.4752002;-1.100858;3.407824;
Head;-0.5202327;0.5548297;3.327637;
ShoulderCenter;-0.393904;0.4010662;3.325211;
ShoulderRight;-0.3471607;0.2523451;3.190308;
ShoulderLeft;-0.5002511;0.2216786;3.428537;
ElbowRight;-0.338152;-0.03946365;3.092143;
ElbowLeft;-0.5460328;-0.03946466;3.248237;
WristRight;-0.3697042;-0.271673;3.0697;
WristLeft;-0.5510461;-0.2570898;3.464164;
HandRight;-0.3776281;-0.3378981;3.058426;
HandLeft;-0.5623243;-0.3183972;3.490429;
Spine;-0.4107332;-0.06733885;3.287288;
HipCenter;-0.414503;-0.1612252;3.283268;
HipRight;-0.3836858;-0.1836576;3.274908;
HipLeft;-0.4488781;-0.2089551;3.284358;
KneeRight;-0.4594209;-0.6382559;3.206891;
KneeLeft;-0.5216527;-0.6844409;3.203109;
AnkleRight;-0.2275169;-0.9647927;3.248585;
AnkleLeft;-0.3885693;-1.041879;3.358958;
FootRight;-0.2760743;-1.067131;3.258209;
FootLeft;-0.4773725;-1.100179;3.406138;
Head;-0.5544161;0.5642163;3.323294;
ShoulderCenter;-0.4436687;0.4016578;3.3322;
ShoulderRight;-0.3773449;0.2535411;3.189426;
ShoulderLeft;-0.5500158;0.2222701;3.435527;
ElbowRight;-0.3583138;-0.03918352;3.091561;
ElbowLeft;-0.5957974;-0.03887308;3.255199;
WristRight;-0.4058887;-0.269069;3.084393;
WristLeft;-0.6008196;-0.2568827;3.471521;
HandRight;-0.4101332;-0.3598567;3.09354;
HandLeft;-0.6120768;-0.3180753;3.497736;
Spine;-0.449714;-0.0631294;3.286356;
HipCenter;-0.4509632;-0.1562528;3.281037;
HipRight;-0.4127562;-0.1799345;3.270726;
HipLeft;-0.4901166;-0.206939;3.283098;
KneeRight;-0.5327095;-0.6466866;3.237795;
KneeLeft;-0.4084913;-0.6476825;3.387894;
AnkleRight;-0.326165;-0.9911785;3.261882;
AnkleLeft;-0.4469129;-1.04561;3.373129;
FootRight;-0.3969649;-1.079833;3.290527;
FootLeft;-0.523351;-1.113837;3.426988;
Head;-0.5738098;0.5571612;3.314241;
ShoulderCenter;-0.4570563;0.4006457;3.329743;
ShoulderRight;-0.4071527;0.2511615;3.18925;
ShoulderLeft;-0.5634034;0.2212581;3.43307;
ElbowRight;-0.3989333;-0.04692402;3.101529;
ElbowLeft;-0.609185;-0.03988513;3.252717;
WristRight;-0.4318577;-0.2798797;3.083376;
WristLeft;-0.614216;-0.2582774;3.469431;
HandRight;-0.4415421;-0.3705919;3.08273;
HandLeft;-0.625459;-0.3193923;3.495613;
Spine;-0.4703197;-0.06616029;3.282905;
HipCenter;-0.473164;-0.1596575;3.277222;
HipRight;-0.4398773;-0.1824211;3.262284;
HipLeft;-0.5094601;-0.2106163;3.282696;
KneeRight;-0.6033276;-0.6445266;3.234933;
KneeLeft;-0.4454974;-0.6732352;3.406257;
AnkleRight;-0.436358;-1.032068;3.258712;
AnkleLeft;-0.3417774;-1.05162;3.389668;
FootRight;-0.5123227;-1.095854;3.248028;
FootLeft;-0.4182155;-1.119847;3.443527;
Head;-0.6205766;0.5484582;3.311578;
ShoulderCenter;-0.4977944;0.3953419;3.325274;
ShoulderRight;-0.4583103;0.2428054;3.1741;
ShoulderLeft;-0.6041415;0.2159542;3.4286;
ElbowRight;-0.4209606;-0.04922432;3.106742;
ElbowLeft;-0.6499231;-0.04518898;3.248225;
WristRight;-0.4917798;-0.2738606;3.098557;
WristLeft;-0.6549614;-0.2638929;3.465258;
HandRight;-0.4917806;-0.3649005;3.094674;
HandLeft;-0.6661909;-0.3249358;3.491409;
Spine;-0.5235454;-0.06913773;3.286365;
HipCenter;-0.5278818;-0.1619277;3.282305;
HipRight;-0.4969293;-0.1849625;3.267455;
HipLeft;-0.5620581;-0.2078773;3.290046;
KneeRight;-0.6682307;-0.6338997;3.212826;
KneeLeft;-0.4531534;-0.6769984;3.407119;
AnkleRight;-0.5086597;-1.030671;3.279998;
AnkleLeft;-0.402548;-1.053638;3.352909;
FootRight;-0.6096861;-1.091456;3.278883;
FootLeft;-0.4789862;-1.121865;3.406768;
Head;-0.6521595;0.5512836;3.318142;
ShoulderCenter;-0.5296761;0.392671;3.317239;
ShoulderRight;-0.480699;0.2424968;3.185235;
ShoulderLeft;-0.6360232;0.2132833;3.420566;
ElbowRight;-0.4712478;-0.06232445;3.115706;
ElbowLeft;-0.6818048;-0.04785988;3.240171;
WristRight;-0.5291564;-0.3317698;3.092314;
WristLeft;-0.6868516;-0.2669388;3.457592;
HandRight;-0.5587296;-0.3919339;3.084598;
HandLeft;-0.6981031;-0.3281002;3.483793;
Spine;-0.5380504;-0.07224897;3.283912;
HipCenter;-0.5405886;-0.1651459;3.280518;
HipRight;-0.5084611;-0.1874886;3.260389;
HipLeft;-0.5782825;-0.2169224;3.294128;
KneeRight;-0.7104923;-0.6427421;3.220912;
KneeLeft;-0.5227157;-0.6783062;3.369829;
AnkleRight;-0.6555814;-1.050546;3.246744;
AnkleLeft;-0.3921978;-1.055314;3.361923;
FootRight;-0.7572454;-1.109634;3.258713;
FootLeft;-0.4917694;-1.108702;3.396643;
Head;-0.6911523;0.556953;3.317753;
ShoulderCenter;-0.5726203;0.3940873;3.314252;
ShoulderRight;-0.5188099;0.2397618;3.185808;
ShoulderLeft;-0.6789675;0.2146997;3.417579;
ElbowRight;-0.498701;-0.06057131;3.115151;
ElbowLeft;-0.7247491;-0.04644357;3.237172;
WristRight;-0.5796654;-0.2843339;3.096175;
WristLeft;-0.7298039;-0.2658634;3.454949;
HandRight;-0.5552796;-0.3451774;3.07949;
HandLeft;-0.7410812;-0.3271667;3.481212;
Spine;-0.5866384;-0.06569594;3.293267;
HipCenter;-0.5888318;-0.1576671;3.292762;
HipRight;-0.553023;-0.1815845;3.277155;
HipLeft;-0.6244836;-0.2071643;3.303054;
KneeRight;-0.7609668;-0.6431322;3.221167;
KneeLeft;-0.538904;-0.6756555;3.371094;
AnkleRight;-0.7983713;-1.071042;3.248101;
AnkleLeft;-0.3890399;-1.054389;3.361106;
FootRight;-0.9098746;-1.107346;3.2668;
FootLeft;-0.4896815;-1.105027;3.398625;
Head;-0.7380245;0.5498429;3.306788;
ShoulderCenter;-0.6167488;0.3891625;3.305967;
ShoulderRight;-0.5591856;0.2436192;3.188597;
ShoulderLeft;-0.7230958;0.2097748;3.409294;
ElbowRight;-0.5356267;-0.05245931;3.10772;
ElbowLeft;-0.7688775;-0.05136841;3.228876;
WristRight;-0.5940773;-0.3353145;3.070258;
WristLeft;-0.7739397;-0.2711186;3.446997;
HandRight;-0.5787188;-0.3971027;3.047027;
HandLeft;-0.7852401;-0.3325449;3.473312;
Spine;-0.6149478;-0.07360734;3.286936;
HipCenter;-0.6153578;-0.1661173;3.286639;
HipRight;-0.5778447;-0.1886819;3.271308;
HipLeft;-0.6544434;-0.2190635;3.296806;
KneeRight;-0.784443;-0.6271188;3.212225;
KneeLeft;-0.5518974;-0.6825335;3.382438;
AnkleRight;-0.9035372;-1.044623;3.255231;
AnkleLeft;-0.3880374;-1.054257;3.361193;
FootRight;-1.009134;-1.099903;3.262106;
FootLeft;-0.4813796;-1.097342;3.421895;
Head;-0.7511046;0.5518805;3.307356;
ShoulderCenter;-0.6434807;0.3798726;3.301025;
ShoulderRight;-0.5915897;0.2294641;3.182229;
ShoulderLeft;-0.7498279;0.200485;3.404352;
ElbowRight;-0.5718231;-0.06088443;3.107317;
ElbowLeft;-0.7956095;-0.06065824;3.223936;
WristRight;-0.6249866;-0.2907228;3.069435;
WristLeft;-0.8006776;-0.2806581;3.442322;
HandRight;-0.6095932;-0.3526513;3.046151;
HandLeft;-0.8120033;-0.3422239;3.468698;
Spine;-0.670362;-0.06338742;3.285748;
HipCenter;-0.6740313;-0.1514462;3.286644;
HipRight;-0.6426435;-0.173625;3.281577;
HipLeft;-0.7084834;-0.2028051;3.287858;
KneeRight;-0.8433146;-0.6354935;3.218973;
KneeLeft;-0.736056;-0.7010742;3.28351;
AnkleRight;-0.9852589;-1.047271;3.263687;
AnkleLeft;-0.4332539;-1.008975;3.347477;
FootRight;-1.097808;-1.078721;3.288803;
FootLeft;-0.4946491;-1.084784;3.416548;
Head;-0.8026001;0.534705;3.282469;
ShoulderCenter;-0.6874286;0.3752274;3.301604;
ShoulderRight;-0.6367607;0.2241966;3.175879;
ShoulderLeft;-0.7937757;0.1958397;3.404931;
ElbowRight;-0.6213391;-0.06543488;3.099274;
ElbowLeft;-0.8395573;-0.0653035;3.224512;
WristRight;-0.6796491;-0.32585;3.061848;
WristLeft;-0.8446311;-0.2855509;3.443159;
HandRight;-0.6758059;-0.3811502;3.022476;
HandLeft;-0.8559676;-0.347175;3.469559;
Spine;-0.6983806;-0.07567176;3.279135;
HipCenter;-0.7024057;-0.1662928;3.278122;
HipRight;-0.6687772;-0.1859885;3.28141;
HipLeft;-0.741578;-0.2245588;3.266501;
KneeRight;-0.8597569;-0.5604188;3.219208;
KneeLeft;-0.8402777;-0.706917;3.245362;
AnkleRight;-1.017955;-0.9660624;3.263914;
AnkleLeft;-0.5049566;-0.9704369;3.330844;
FootRight;-1.11673;-1.02787;3.290712;
FootLeft;-0.505609;-1.078378;3.382254;
Head;-0.8516695;0.5203141;3.308245;
ShoulderCenter;-0.717719;0.364704;3.288907;
ShoulderRight;-0.6653535;0.2177168;3.173291;
ShoulderLeft;-0.824066;0.1853164;3.392234;
ElbowRight;-0.6687674;-0.06948195;3.096004;
ElbowLeft;-0.8698477;-0.07582687;3.211823;
WristRight;-0.7112206;-0.3018952;3.056734;
WristLeft;-0.8749261;-0.2962806;3.430693;
HandRight;-0.7189746;-0.3669491;3.038388;
HandLeft;-0.8862697;-0.3579427;3.457109;
Spine;-0.7322546;-0.08499695;3.275269;
HipCenter;-0.7342669;-0.1746883;3.276248;
HipRight;-0.7086631;-0.1947892;3.254998;
HipLeft;-0.7731128;-0.2330805;3.290828;
KneeRight;-0.8915737;-0.5750656;3.215295;
KneeLeft;-0.8580731;-0.7001777;3.24852;
AnkleRight;-1.03917;-0.9817249;3.273761;
AnkleLeft;-0.5197711;-0.9616412;3.329003;
FootRight;-1.138777;-1.042593;3.299631;
FootLeft;-0.5335417;-1.052372;3.405646;
Head;-0.883929;0.54037;3.302957;
ShoulderCenter;-0.774183;0.3669727;3.285966;
ShoulderRight;-0.7190321;0.2230298;3.166872;
ShoulderLeft;-0.8805302;0.187585;3.389293;
ElbowRight;-0.7138749;-0.05068149;3.080822;
ElbowLeft;-0.9263118;-0.07355818;3.208887;
WristRight;-0.7499792;-0.2866981;3.051179;
WristLeft;-0.9313936;-0.2941532;3.427909;
HandRight;-0.7687993;-0.3732894;3.04817;
HandLeft;-0.9427081;-0.3556581;3.454258;
Spine;-0.7842909;-0.08222308;3.276487;
HipCenter;-0.7863124;-0.1720622;3.278226;
HipRight;-0.753728;-0.1920713;3.279083;
HipLeft;-0.8206162;-0.228469;3.274163;
KneeRight;-0.9529229;-0.5602684;3.20926;
KneeLeft;-0.8908153;-0.6493043;3.252075;
AnkleRight;-1.050997;-0.9782345;3.28175;
AnkleLeft;-0.5599368;-0.9243107;3.320579;
FootRight;-1.136007;-1.060281;3.300485;
FootLeft;-0.6353574;-0.9702422;3.265606;
Head;-0.9284142;0.5234997;3.261406;
ShoulderCenter;-0.8079091;0.3653398;3.275698;
ShoulderRight;-0.7633054;0.2156593;3.143937;
ShoulderLeft;-0.9142562;0.1859521;3.379025;
ElbowRight;-0.7517335;-0.06689023;3.077422;
ElbowLeft;-0.9600378;-0.07519108;3.198621;
WristRight;-0.8190482;-0.3251706;3.064878;
WristLeft;-0.9651234;-0.2959523;3.417822;
HandRight;-0.8362073;-0.3907256;3.060165;
HandLeft;-0.976449;-0.3575172;3.444196;
Spine;-0.8081093;-0.08934732;3.267342;
HipCenter;-0.8085296;-0.1801389;3.269242;
HipRight;-0.7738336;-0.1972209;3.271427;
HipLeft;-0.8432442;-0.2384585;3.264153;
KneeRight;-0.9834083;-0.5607871;3.214928;
KneeLeft;-0.9132397;-0.6541202;3.261966;
AnkleRight;-1.064639;-0.9838502;3.280364;
AnkleLeft;-0.5784937;-0.921007;3.33885;
FootRight;-1.147327;-1.067557;3.302116;
FootLeft;-0.5712088;-1.026281;3.395255;
Head;-0.9387665;0.5462161;3.254002;
ShoulderCenter;-0.8546396;0.3640027;3.262886;
ShoulderRight;-0.7978483;0.2179484;3.137547;
ShoulderLeft;-0.9609867;0.184615;3.366213;
ElbowRight;-0.7974568;-0.0683001;3.073488;
ElbowLeft;-1.006768;-0.07652819;3.185816;
WristRight;-0.8810697;-0.3242572;3.059473;
WristLeft;-1.011858;-0.2974706;3.405212;
HandRight;-0.8807483;-0.3916085;3.049877;
HandLeft;-1.023201;-0.3591305;3.431628;
Spine;-0.8705201;-0.07321478;3.25603;
HipCenter;-0.8735497;-0.1606541;3.258333;
HipRight;-0.8460574;-0.1861927;3.2681;
HipLeft;-0.9039556;-0.2192078;3.245486;
KneeRight;-1.037919;-0.6412196;3.241133;
KneeLeft;-0.9497264;-0.677341;3.285447;
AnkleRight;-1.079971;-1.051125;3.291614;
AnkleLeft;-0.592759;-0.9239718;3.344275;
FootRight;-1.177213;-1.108553;3.331407;
FootLeft;-0.5923582;-1.030489;3.398967;
Head;-1.013113;0.5268532;3.271831;
ShoulderCenter;-0.8814555;0.3671885;3.247492;
ShoulderRight;-0.8331523;0.2202723;3.135126;
ShoulderLeft;-0.9878027;0.1878008;3.350819;
ElbowRight;-0.857832;-0.07117235;3.065699;
ElbowLeft;-0.7926028;-0.05855699;3.390038;
WristRight;-0.9304553;-0.297512;3.045786;
WristLeft;-0.747054;-0.3003069;3.582431;
HandRight;-0.939882;-0.3738987;3.0434;
HandLeft;-0.7583731;-0.3618352;3.60879;
Spine;-0.8847964;-0.06267957;3.244574;
HipCenter;-0.886225;-0.1486634;3.247212;
HipRight;-0.8523933;-0.1811622;3.268496;
HipLeft;-0.9223638;-0.2136855;3.214975;
KneeRight;-1.083763;-0.634515;3.241195;
KneeLeft;-0.960497;-0.6784585;3.288531;
AnkleRight;-1.082335;-1.055164;3.295614;
AnkleLeft;-0.6037916;-0.9254281;3.35414;
FootRight;-1.170252;-1.121098;3.3163;
FootLeft;-0.6293498;-1.028538;3.410475;
Head;-1.018482;0.5547643;3.248287;
ShoulderCenter;-0.9220263;0.3739669;3.240367;
ShoulderRight;-0.8734841;0.2324208;3.134637;
ShoulderLeft;-1.028373;0.1945793;3.343694;
ElbowRight;-0.9038114;-0.05401899;3.053879;
ElbowLeft;-0.7729284;0.01615389;3.396736;
WristRight;-0.980462;-0.3185342;3.045599;
WristLeft;-0.7677185;-0.2070468;3.614253;
HandRight;-0.9738131;-0.3848365;3.032323;
HandLeft;-0.7790471;-0.2686273;3.640634;
Spine;-0.9491867;-0.07245023;3.237859;
HipCenter;-0.9538535;-0.1618615;3.241129;
HipRight;-0.9198834;-0.1896931;3.25085;
HipLeft;-0.9917702;-0.209638;3.229514;
KneeRight;-1.08283;-0.6369157;3.242597;
KneeLeft;-1.164808;-0.662625;3.117103;
AnkleRight;-1.085977;-1.071294;3.303807;
AnkleLeft;-0.8089762;-0.847982;3.277883;
FootRight;-1.170904;-1.128767;3.318756;
FootLeft;-0.8849563;-0.8936763;3.221787;
Head;-1.089005;0.5344235;3.28062;
ShoulderCenter;-0.95638;0.3737141;3.233235;
ShoulderRight;-0.8862442;0.2381513;3.132012;
ShoulderLeft;-1.062727;0.1943265;3.336561;
ElbowRight;-0.9362903;-0.03742788;3.046935;
ElbowLeft;-0.8051974;0.01800661;3.389534;
WristRight;-1.020538;-0.2652053;3.046275;
WristLeft;-0.7967389;-0.2060667;3.606783;
HandRight;-1.059688;-0.3481044;3.040594;
HandLeft;-0.8080589;-0.2675996;3.633145;
Spine;-0.9142871;-0.04056003;3.209033;
HipCenter;-0.9045376;-0.1234051;3.208106;
HipRight;-0.8596182;-0.1568705;3.222558;
HipLeft;-0.938919;-0.1794849;3.186695;
KneeRight;-1.07351;-0.638954;3.247362;
KneeLeft;-1.148482;-0.627323;3.126923;
AnkleRight;-1.085744;-1.061422;3.302081;
AnkleLeft;-0.8238269;-0.8513898;3.301285;
FootRight;-1.171641;-1.119252;3.307329;
FootLeft;-0.8040332;-0.9473035;3.372536;
Head;-1.080675;0.5098765;3.270873;
ShoulderCenter;-0.9955798;0.3204556;3.228216;
ShoulderRight;-0.9478688;0.2494016;3.126615;
ShoulderLeft;-1.101927;0.141068;3.331543;
ElbowRight;-0.9775549;0.006865364;3.042155;
ElbowLeft;-0.84497;-0.0364901;3.384536;
WristRight;-1.089224;-0.2600062;3.024956;
WristLeft;-0.9803116;-0.2755721;3.199852;
HandRight;-1.11976;-0.3465059;3.028763;
HandLeft;-0.991626;-0.3370757;3.226201;
Spine;-0.9435458;-0.05652773;3.207747;
HipCenter;-0.9327565;-0.1333207;3.207208;
HipRight;-0.8948777;-0.1680512;3.22021;
HipLeft;-0.9612601;-0.1917076;3.186639;
KneeRight;-1.075419;-0.6660553;3.250958;
KneeLeft;-1.19426;-0.6387871;3.120551;
AnkleRight;-1.085665;-1.061749;3.301464;
AnkleLeft;-0.8460134;-0.8057476;3.309625;
FootRight;-1.17219;-1.119132;3.306495;
FootLeft;-0.8477074;-0.8942453;3.392244;
Head;-1.111822;0.5820922;3.264518;
ShoulderCenter;-1.040576;0.3867681;3.231839;
ShoulderRight;-0.9770303;0.2411133;3.119716;
ShoulderLeft;-1.146924;0.2073804;3.335166;
ElbowRight;-1.038991;-0.03547765;3.036917;
ElbowLeft;-0.8466908;0.1552651;3.412836;
WristRight;-1.150757;-0.2458433;3.006922;
WristLeft;-0.9965887;-0.06194071;3.211823;
HandRight;-1.183586;-0.3285199;3.030601;
HandLeft;-1.031636;-0.1183751;3.226528;
Spine;-1.027722;-0.04981166;3.194611;
HipCenter;-1.025151;-0.1371276;3.190807;
HipRight;-0.9875161;-0.1609827;3.192037;
HipLeft;-1.060545;-0.1893978;3.181451;
KneeRight;-1.075594;-0.6656063;3.250863;
KneeLeft;-1.283439;-0.706719;3.111237;
AnkleRight;-1.078265;-1.044594;3.295705;
AnkleLeft;-0.9114825;-0.8242459;3.293935;
FootRight;-1.173345;-1.118171;3.311592;
FootLeft;-0.9003661;-0.9077421;3.381175;
Head;-1.13045;0.5889044;3.250762;
ShoulderCenter;-1.071492;0.3912525;3.237692;
ShoulderRight;-1.017279;0.2489943;3.122412;
ShoulderLeft;-1.177839;0.2118649;3.341018;
ElbowRight;-1.093138;-0.03277351;3.027429;
ElbowLeft;-0.8853545;0.1801096;3.444225;
WristRight;-1.216635;-0.2641632;3.044532;
WristLeft;-1.039943;-0.03701536;3.247495;
HandRight;-1.25408;-0.3451984;3.033331;
HandLeft;-1.062862;-0.100507;3.240093;
Spine;-1.053275;-0.001173444;3.206766;
HipCenter;-1.048059;-0.07988679;3.203928;
HipRight;-1.010777;-0.1390567;3.146322;
HipLeft;-1.07658;-0.1529274;3.247495;
KneeRight;-1.078421;-0.6665197;3.251642;
KneeLeft;-1.307829;-0.6318579;3.120109;
AnkleRight;-1.078651;-1.045779;3.296214;
AnkleLeft;-1.064088;-0.9147176;3.334247;
FootRight;-1.176391;-1.112748;3.322486;
FootLeft;-1.121253;-1.017365;3.303852;
Head;-1.122767;0.6042414;3.26186;
ShoulderCenter;-1.11239;0.3971675;3.243271;
ShoulderRight;-1.035186;0.2575976;3.127289;
ShoulderLeft;-1.218737;0.2177798;3.346598;
ElbowRight;-1.132173;-0.02711967;3.028281;
ElbowLeft;-0.9205041;0.1643213;3.427296;
WristRight;-1.272092;-0.2714514;3.033457;
WristLeft;-1.087253;-0.04635301;3.234313;
HandRight;-1.314991;-0.3475945;3.040118;
HandLeft;-1.112507;-0.1071824;3.250721;
Spine;-1.102573;0.01262627;3.225075;
HipCenter;-1.099832;-0.06439454;3.224977;
HipRight;-1.066495;-0.116259;3.184917;
HipLeft;-1.129051;-0.1282225;3.256591;
KneeRight;-1.085276;-0.658686;3.248739;
KneeLeft;-1.306065;-0.6352419;3.435687;
AnkleRight;-1.077332;-1.042477;3.295362;
AnkleLeft;-1.011569;-0.9652034;3.403125;
FootRight;-1.145984;-1.099726;3.287263;
FootLeft;-1.103436;-1.005265;3.334553;
Head;-1.285041;0.5595968;3.290622;
ShoulderCenter;-1.146844;0.4026504;3.242061;
ShoulderRight;-1.091232;0.2571336;3.134065;
ShoulderLeft;-1.253191;0.2232628;3.345387;
ElbowRight;-1.16397;0.01117015;3.023198;
ElbowLeft;-0.9603466;0.1765392;3.441413;
WristRight;-1.32294;-0.2489116;3.030577;
WristLeft;-1.131658;-0.03662902;3.256619;
HandRight;-1.376843;-0.3215604;3.046371;
HandLeft;-1.170663;-0.09214251;3.254646;
Spine;-1.140649;-0.03107632;3.217889;
HipCenter;-1.138054;-0.1180375;3.216751;
HipRight;-1.086807;-0.132627;3.193361;
HipLeft;-1.179865;-0.1752945;3.231242;
KneeRight;-1.100951;-0.6511645;3.242835;
KneeLeft;-1.351291;-0.6679412;3.45119;
AnkleRight;-1.077203;-1.039249;3.294284;
AnkleLeft;-1.270884;-1.0356;3.442092;
FootRight;-1.182331;-1.098701;3.303995;
FootLeft;-1.34562;-1.082403;3.38443;
Head;-1.325886;0.5602371;3.297314;
ShoulderCenter;-1.190574;0.4003773;3.256616;
ShoulderRight;-1.116904;0.2570074;3.134593;
ShoulderLeft;-1.296921;0.2209897;3.359943;
ElbowRight;-1.193037;0.0201272;3.026664;
ElbowLeft;-1.076206;0.0180131;3.44943;
WristRight;-1.363125;-0.232615;3.031579;
WristLeft;-1.248182;-0.1408011;3.21262;
HandRight;-1.400263;-0.3162767;3.040556;
HandLeft;-1.265436;-0.2065352;3.214237;
Spine;-1.178955;-0.03091868;3.225319;
HipCenter;-1.177778;-0.1172274;3.223042;
HipRight;-1.143973;-0.1681961;3.254087;
HipLeft;-1.218604;-0.1752346;3.183223;
KneeRight;-1.113901;-0.6543765;3.242148;
KneeLeft;-1.391739;-0.6441618;3.447918;
AnkleRight;-1.07713;-1.041409;3.294811;
AnkleLeft;-1.32949;-1.042723;3.438725;
FootRight;-1.179891;-1.104779;3.305891;
FootLeft;-1.418196;-1.083082;3.510841;
Head;-1.333697;0.5787165;3.301905;
ShoulderCenter;-1.242661;0.3897249;3.258571;
ShoulderRight;-1.152407;0.2560727;3.140585;
ShoulderLeft;-1.349008;0.2103373;3.361898;
ElbowRight;-1.246732;0.01470451;3.034139;
ElbowLeft;-1.130892;0.01363128;3.467687;
WristRight;-1.427712;-0.2366169;3.043881;
WristLeft;-1.307895;-0.1345789;3.226416;
HandRight;-1.474885;-0.3148585;3.033801;
HandLeft;-1.328602;-0.1989639;3.219979;
Spine;-1.214678;-0.007497206;3.234004;
HipCenter;-1.210943;-0.08605791;3.233121;
HipRight;-1.170067;-0.1530046;3.170696;
HipLeft;-1.244621;-0.1656598;3.283717;
KneeRight;-1.130563;-0.6565834;3.242411;
KneeLeft;-1.421212;-0.6751016;3.463299;
AnkleRight;-1.077975;-1.040028;3.293836;
AnkleLeft;-1.471418;-1.058752;3.475861;
FootRight;-1.178656;-1.106641;3.305791;
FootLeft;-1.568907;-1.100904;3.534478;
Head;-1.367539;0.5671906;3.307511;
ShoulderCenter;-1.262703;0.3851226;3.261358;
ShoulderRight;-1.189835;0.2437012;3.137682;
ShoulderLeft;-1.36905;0.2057349;3.364685;
ElbowRight;-1.305812;-0.02291229;3.028041;
ElbowLeft;-1.144394;0.002071068;3.449637;
WristRight;-1.437789;-0.2210632;3.039282;
WristLeft;-1.33824;-0.1450991;3.220757;
HandRight;-1.476084;-0.3041567;3.031682;
HandLeft;-1.36726;-0.2063204;3.224574;
Spine;-1.247484;0.01103713;3.236589;
HipCenter;-1.244831;-0.06225757;3.235238;
HipRight;-1.19964;-0.1319594;3.16734;
HipLeft;-1.277269;-0.1491887;3.288491;
KneeRight;-1.22417;-0.688592;3.291724;
KneeLeft;-1.46552;-0.6612272;3.453082;
AnkleRight;-1.082815;-1.045629;3.296041;
AnkleLeft;-1.592809;-1.074092;3.468035;
FootRight;-1.095495;-1.134346;3.300517;
FootLeft;-1.671008;-1.112061;3.445795;
Head;-1.383819;0.5683329;3.291184;
ShoulderCenter;-1.297814;0.3771021;3.267117;
ShoulderRight;-1.224097;0.242924;3.141194;
ShoulderLeft;-1.404161;0.1977145;3.370444;
ElbowRight;-1.336463;-0.02894754;3.034851;
ElbowLeft;-1.186758;0.003572866;3.484679;
WristRight;-1.477947;-0.221271;3.045711;
WristLeft;-1.362551;-0.1426726;3.238928;
HandRight;-1.536726;-0.2925155;3.043934;
HandLeft;-1.404746;-0.1955898;3.247959;
Spine;-1.272995;0.004341008;3.243103;
HipCenter;-1.268397;-0.06980706;3.2419;
HipRight;-1.232478;-0.1448115;3.174461;
HipLeft;-1.297876;-0.1545594;3.296044;
KneeRight;-1.239804;-0.6989118;3.296017;
KneeLeft;-1.48579;-0.6608641;3.429585;
AnkleRight;-1.085623;-1.045219;3.296998;
AnkleLeft;-1.696618;-1.05037;3.458116;
FootRight;-1.176927;-1.116996;3.303521;
FootLeft;-1.770035;-1.098158;3.399642;
Head;-1.396889;0.5699364;3.274982;
ShoulderCenter;-1.338196;0.3719641;3.274361;
ShoulderRight;-1.273225;0.2303174;3.159323;
ShoulderLeft;-1.444543;0.1925765;3.377687;
ElbowRight;-1.374517;-0.03016267;3.044729;
ElbowLeft;-1.210688;-0.007848158;3.453679;
WristRight;-1.52458;-0.2182163;3.028997;
WristLeft;-1.405799;-0.1390069;3.213606;
HandRight;-1.570531;-0.2986524;3.031225;
HandLeft;-1.454532;-0.2131715;3.240273;
Spine;-1.319629;-0.00271665;3.254973;
HipCenter;-1.315735;-0.07764272;3.254761;
HipRight;-1.278088;-0.1441669;3.195517;
HipLeft;-1.343253;-0.1549472;3.302529;
KneeRight;-1.244895;-0.70001;3.291955;
KneeLeft;-1.565305;-0.6607733;3.447795;
AnkleRight;-1.092692;-1.044734;3.297636;
AnkleLeft;-1.755485;-1.074346;3.449656;
FootRight;-1.177469;-1.11657;3.305102;
FootLeft;-1.833311;-1.112134;3.427521;
Head;-1.47841;0.5469177;3.253923;
ShoulderCenter;-1.389403;0.3689674;3.28068;
ShoulderRight;-1.313221;0.2304755;3.161772;
ShoulderLeft;-1.49575;0.1895797;3.384007;
ElbowRight;-1.401337;-0.03363734;3.051589;
ElbowLeft;-1.255773;-0.01093124;3.447035;
WristRight;-1.544304;-0.2275617;3.030227;
WristLeft;-1.441203;-0.142791;3.198517;
HandRight;-1.600388;-0.300963;3.037749;
HandLeft;-1.478501;-0.198501;3.212585;
Spine;-1.347367;-0.00984453;3.260302;
HipCenter;-1.339819;-0.08526467;3.259861;
HipRight;-1.29648;-0.1491996;3.199654;
HipLeft;-1.370188;-0.1639786;3.309049;
KneeRight;-1.261596;-0.7027401;3.275745;
KneeLeft;-1.588482;-0.6773307;3.437591;
AnkleRight;-1.102997;-1.042963;3.300329;
AnkleLeft;-1.755613;-1.071905;3.442081;
FootRight;-1.19558;-1.106853;3.344635;
FootLeft;-1.83349;-1.109718;3.419932;
Head;-1.50442;0.5502368;3.277518;
ShoulderCenter;-1.420644;0.3625593;3.283049;
ShoulderRight;-1.348829;0.2251867;3.167531;
ShoulderLeft;-1.416792;0.2137397;3.120165;
ElbowRight;-1.429998;-0.009700244;3.062011;
ElbowLeft;-1.297171;0.1551843;3.388008;
WristRight;-1.561062;-0.2111537;3.033542;
WristLeft;-1.452842;-0.04774228;3.171435;
HandRight;-1.601488;-0.2482449;3.047268;
HandLeft;-1.499427;-0.09424407;3.190258;
Spine;-1.423743;-0.02364068;3.292326;
HipCenter;-1.406263;-0.09876432;3.27356;
HipRight;-1.388138;-0.1654828;3.211545;
HipLeft;-1.417789;-0.1686648;3.328136;
KneeRight;-1.282136;-0.7064072;3.26854;
KneeLeft;-1.606401;-0.6977354;3.443681;
AnkleRight;-1.112717;-1.051613;3.30636;
AnkleLeft;-1.745071;-1.064167;3.42661;
FootRight;-1.189942;-1.123733;3.307376;
FootLeft;-1.822746;-1.101882;3.404517;
Head;-1.507893;0.5634085;3.288651;
ShoulderCenter;-1.472157;0.359378;3.288208;
ShoulderRight;-1.389147;0.2239222;3.175958;
ShoulderLeft;-1.43393;0.2132379;3.119853;
ElbowRight;-1.464881;-0.01764637;3.069422;
ElbowLeft;-1.343162;0.02895156;3.342766;
WristRight;-1.594243;-0.2196245;3.037316;
WristLeft;-1.521008;-0.1289551;3.105818;
HandRight;-1.605947;-0.2384757;3.053069;
HandLeft;-1.568286;-0.1744276;3.125078;
Spine;-1.448659;-0.0268475;3.286333;
HipCenter;-1.423431;-0.1004279;3.271528;
HipRight;-1.410609;-0.1723894;3.209474;
HipLeft;-1.428986;-0.1624945;3.325218;
KneeRight;-1.322652;-0.7082096;3.269266;
KneeLeft;-1.635911;-0.6874099;3.431406;
AnkleRight;-1.125218;-1.049307;3.307915;
AnkleLeft;-1.748379;-1.066113;3.424695;
FootRight;-1.05103;-1.091004;3.247165;
FootLeft;-1.825835;-1.103722;3.402665;
Head;-1.55595;0.5583764;3.296463;
ShoulderCenter;-1.492996;0.3609211;3.296839;
ShoulderRight;-1.424998;0.2240337;3.177849;
ShoulderLeft;-1.463619;0.2327439;3.142891;
ElbowRight;-1.503097;-0.01729392;3.069667;
ElbowLeft;-1.385291;0.04768364;3.369011;
WristRight;-1.621529;-0.2260304;3.043472;
WristLeft;-1.533959;-0.1166545;3.116246;
HandRight;-1.655728;-0.2846094;3.051009;
HandLeft;-1.580973;-0.162323;3.135273;
Spine;-1.500458;-0.07582894;3.289552;
HipCenter;-1.478415;-0.1607779;3.267792;
HipRight;-1.468281;-0.2039945;3.311702;
HipLeft;-1.484204;-0.2093257;3.215415;
KneeRight;-1.399518;-0.662362;3.278135;
KneeLeft;-1.656929;-0.7053001;3.413792;
AnkleRight;-1.170299;-1.034419;3.310784;
AnkleLeft;-1.749822;-1.06323;3.422565;
FootRight;-1.208815;-1.117777;3.303732;
FootLeft;-1.770794;-1.144142;3.392166;
Head;-1.638315;0.5630481;3.293826;
ShoulderCenter;-1.546147;0.3782006;3.298163;
ShoulderRight;-1.445982;0.2500812;3.261929;
ShoulderLeft;-1.528636;0.2297634;3.121686;
ElbowRight;-1.526245;-0.01823292;3.072323;
ElbowLeft;-1.448478;0.06631146;3.361131;
WristRight;-1.644681;-0.2269393;3.059043;
WristLeft;-1.60334;-0.1098353;3.121654;
HandRight;-1.674142;-0.2882242;3.063578;
HandLeft;-1.650275;-0.1554288;3.140699;
Spine;-1.533207;-0.06676725;3.288691;
HipCenter;-1.504785;-0.1519842;3.273791;
HipRight;-1.482478;-0.19387;3.311551;
HipLeft;-1.529298;-0.1943685;3.234166;
KneeRight;-1.481517;-0.6600516;3.283019;
KneeLeft;-1.684037;-0.6910139;3.363082;
AnkleRight;-1.212739;-1.004497;3.314514;
AnkleLeft;-1.750738;-1.063985;3.42186;
FootRight;-1.227309;-1.101256;3.309862;
FootLeft;-1.768597;-1.146509;3.39379;
Head;-1.649165;0.568795;3.301297;
ShoulderCenter;-1.567952;0.374635;3.286319;
ShoulderRight;-1.471519;0.2376034;3.281378;
ShoulderLeft;-1.545031;0.2273883;3.122764;
ElbowRight;-1.569606;-0.02369238;3.088169;
ElbowLeft;-1.467504;0.07032299;3.366453;
WristRight;-1.66237;-0.2447678;3.068933;
WristLeft;-1.624357;-0.09920335;3.123659;
HandRight;-1.693311;-0.3051539;3.074385;
HandLeft;-1.671237;-0.1447436;3.142681;
Spine;-1.557026;-0.05144266;3.292739;
HipCenter;-1.528209;-0.1322539;3.285226;
HipRight;-1.508487;-0.1620634;3.33033;
HipLeft;-1.539918;-0.1883249;3.23871;
KneeRight;-1.578036;-0.632495;3.259669;
KneeLeft;-1.704684;-0.7304133;3.308673;
AnkleRight;-1.297691;-0.9475048;3.293636;
AnkleLeft;-1.754315;-1.061056;3.419154;
FootRight;-1.281929;-1.059502;3.334327;
FootLeft;-1.763933;-1.146591;3.397149;
Head;-1.646425;0.5896925;3.298158;
ShoulderCenter;-1.620248;0.3818499;3.29074;
ShoulderRight;-1.541152;0.2422908;3.19124;
ShoulderLeft;-1.556429;0.2345448;3.127393;
ElbowRight;-1.586623;-0.01552389;3.09525;
ElbowLeft;-1.502814;0.09617727;3.386132;
WristRight;-1.678841;-0.2357651;3.099472;
WristLeft;-1.666005;-0.04437967;3.129011;
HandRight;-1.709427;-0.296281;3.104538;
HandLeft;-1.712834;-0.08986999;3.148013;
Spine;-1.578703;-0.05450333;3.293284;
HipCenter;-1.541716;-0.1352008;3.289406;
HipRight;-1.533693;-0.1604402;3.323519;
HipLeft;-1.551487;-0.1753423;3.256378;
KneeRight;-1.609641;-0.6451742;3.268081;
KneeLeft;-1.708506;-0.722737;3.309647;
AnkleRight;-1.35192;-0.9414953;3.31245;
AnkleLeft;-1.756189;-1.058982;3.415233;
FootRight;-1.355424;-1.043478;3.341713;
FootLeft;-1.761472;-1.146227;3.400805;
Head;-1.680596;0.5850137;3.284806;
ShoulderCenter;-1.629223;0.3850749;3.292559;
ShoulderRight;-1.539635;0.2425754;3.27654;
ShoulderLeft;-1.570967;0.2524861;3.158984;
ElbowRight;-1.601608;-0.009901668;3.104873;
ElbowLeft;-1.619836;-0.01383025;3.105623;
WristRight;-1.687146;-0.232846;3.109018;
WristLeft;-1.77284;-0.1077449;2.820828;
HandRight;-1.717877;-0.2931867;3.1143;
HandLeft;-1.819618;-0.1531859;2.839808;
Spine;-1.604144;-0.05268347;3.300724;
HipCenter;-1.569123;-0.1365931;3.298291;
HipRight;-1.568234;-0.1532943;3.288771;
HipLeft;-1.583894;-0.1483337;3.313169;
KneeRight;-1.639694;-0.6487232;3.309467;
KneeLeft;-1.73201;-0.6745076;3.321465;
AnkleRight;-1.42985;-0.9311017;3.294198;
AnkleLeft;-1.756009;-1.06121;3.411803;
FootRight;-1.433354;-1.033085;3.323461;
FootLeft;-1.663631;-1.102711;3.388261;
Head;-1.708192;0.5885394;3.293733;
ShoulderCenter;-1.648712;0.3930311;3.308705;
ShoulderRight;-1.585136;0.2583656;3.217513;
ShoulderLeft;-1.605267;0.26342;3.156113;
ElbowRight;-1.626059;-0.01212047;3.149748;
ElbowLeft;-1.636876;0.04138871;3.043829;
WristRight;-1.682203;-0.3270032;3.183259;
WristLeft;-1.797233;-0.0091356;2.752491;
HandRight;-1.676606;-0.3944119;3.188233;
HandLeft;-1.843943;-0.05451088;2.771445;
Spine;-1.625292;-0.01772085;3.335249;
HipCenter;-1.58915;-0.09700843;3.333457;
HipRight;-1.580119;-0.1407;3.371101;
HipLeft;-1.585369;-0.1420548;3.305746;
KneeRight;-1.646358;-0.7131791;3.314306;
KneeLeft;-1.699346;-0.6552753;3.397022;
AnkleRight;-1.454036;-0.97857;3.322809;
AnkleLeft;-1.758292;-1.064626;3.411217;
FootRight;-1.363254;-1.020234;3.294115;
FootLeft;-1.711916;-1.139275;3.42018;
Head;-1.729728;0.5842184;3.27577;
ShoulderCenter;-1.669013;0.3937162;3.304827;
ShoulderRight;-1.599078;0.178342;3.216713;
ShoulderLeft;-1.625216;0.2634401;3.147862;
ElbowRight;-1.650324;-0.05324866;3.162807;
ElbowLeft;-1.635761;0.03226262;3.060981;
WristRight;-1.697331;-0.3657279;3.212901;
WristLeft;-1.798348;-0.005803347;2.769978;
HandRight;-1.725505;-0.4425536;3.25474;
HandLeft;-1.845132;-0.05124964;2.788961;
Spine;-1.645264;-0.01800799;3.351384;
HipCenter;-1.612128;-0.09774894;3.359542;
HipRight;-1.600863;-0.1628648;3.431449;
HipLeft;-1.608818;-0.1617542;3.309774;
KneeRight;-1.677287;-0.7310005;3.335842;
KneeLeft;-1.731499;-0.6922641;3.433694;
AnkleRight;-1.510033;-1.01435;3.299575;
AnkleLeft;-1.762001;-1.076317;3.399637;
FootRight;-1.417853;-1.056661;3.275494;
FootLeft;-1.705931;-1.143045;3.415608;
Head;-1.749382;0.560203;3.292152;
ShoulderCenter;-1.668077;0.3746063;3.31327;
ShoulderRight;-1.58995;0.156855;3.22763;
ShoulderLeft;-1.623746;0.2443372;3.154822;
ElbowRight;-1.678684;-0.0639789;3.191392;
ElbowLeft;-1.680595;-0.01328464;3.178752;
WristRight;-1.704126;-0.3491018;3.230613;
WristLeft;-1.832667;-0.1066271;2.895602;
HandRight;-1.732644;-0.4103315;3.253782;
HandLeft;-1.879417;-0.1520416;2.914572;
Spine;-1.669127;-0.03069102;3.409162;
HipCenter;-1.641226;-0.1107214;3.416706;
HipRight;-1.628138;-0.1662911;3.470996;
HipLeft;-1.647458;-0.1694177;3.381861;
KneeRight;-1.70902;-0.733971;3.380709;
KneeLeft;-1.744972;-0.6931054;3.450352;
AnkleRight;-1.666023;-1.047834;3.2654;
AnkleLeft;-1.736738;-1.04529;3.345803;
FootRight;-1.582978;-1.094735;3.223455;
FootLeft;-1.6753;-1.107796;3.358518;
Head;-1.694898;0.3392907;3.359453;
ShoulderCenter;-1.663794;0.1273178;3.424718;
ShoulderRight;-1.582593;-0.08843648;3.338754;
ShoulderLeft;-1.619142;-0.003327936;3.265599;
ElbowRight;-1.741754;0.0438056;3.192951;
ElbowLeft;-1.708993;-0.2228601;3.247099;
WristRight;-1.721289;-0.2700374;3.243533;
WristLeft;-1.854946;-0.2929527;2.954675;
HandRight;-1.756363;-0.3262013;3.258121;
HandLeft;-1.901643;-0.3383148;2.973623;
Spine;-1.732428;-0.1145565;3.456268;
HipCenter;-1.721159;-0.1682797;3.447521;
HipRight;-1.699596;-0.2521286;3.552357;
HipLeft;-1.767441;-0.2118109;3.346071;
KneeRight;-1.760474;-0.6825985;3.457937;
KneeLeft;-1.753093;-0.7066959;3.457629;
AnkleRight;-1.717582;-0.9956962;3.342862;
AnkleLeft;-1.759387;-1.059858;3.394893;
FootRight;-1.645792;-1.048828;3.289607;
FootLeft;-1.69807;-1.122241;3.407582;
Head;-1.758367;0.3468592;3.465794;
ShoulderCenter;-1.721255;0.1408118;3.525117;
ShoulderRight;-1.640054;-0.07494257;3.439153;
ShoulderLeft;-1.686412;0.03669685;3.330422;
ElbowRight;-1.749989;0.05339889;3.243781;
ElbowLeft;-1.717564;-0.1956527;3.266824;
WristRight;-1.738083;-0.2654669;3.259335;
WristLeft;-1.869939;-0.2775484;2.982034;
HandRight;-1.768062;-0.3254786;3.268705;
HandLeft;-1.916588;-0.3228642;3.000962;
Spine;-1.749363;-0.2096703;3.514877;
HipCenter;-1.725601;-0.2790749;3.504663;
HipRight;-1.699296;-0.340334;3.54528;
HipLeft;-1.75272;-0.296527;3.457412;
KneeRight;-1.79327;-0.7506257;3.467555;
KneeLeft;-1.761897;-0.7211707;3.469056;
AnkleRight;-1.75048;-1.06298;3.352703;
AnkleLeft;-1.759589;-1.060485;3.396735;
FootRight;-1.663383;-1.107489;3.31794;
FootLeft;-1.724979;-1.139113;3.416861;
Head;-1.751457;0.3197137;3.411793;
ShoulderCenter;-1.726338;0.1117754;3.460786;
ShoulderRight;-1.645137;-0.1039789;3.374822;
ShoulderLeft;-1.691496;0.007660493;3.266091;
ElbowRight;-1.876677;-0.09244645;3.392265;
ElbowLeft;-1.740217;-0.2645485;3.336077;
WristRight;-1.793065;-0.3984944;3.335848;
WristLeft;-1.891267;-0.3572643;3.054751;
HandRight;-1.823721;-0.4582629;3.344029;
HandLeft;-1.937871;-0.4025357;3.073661;
Spine;-1.769078;-0.2155824;3.506203;
HipCenter;-1.750242;-0.285422;3.500539;
HipRight;-1.739904;-0.3342675;3.53995;
HipLeft;-1.783773;-0.335652;3.463847;
KneeRight;-1.787721;-0.7526769;3.46573;
KneeLeft;-1.828424;-0.8899192;3.523219;
AnkleRight;-1.761158;-1.064551;3.346113;
AnkleLeft;-1.762292;-1.060569;3.398706;
FootRight;-1.679882;-1.11335;3.304055;
FootLeft;-1.737281;-1.142826;3.418183;
Head;-1.816216;0.3064132;3.462399;
ShoulderCenter;-1.791097;0.09847492;3.511473;
ShoulderRight;-1.709895;-0.1172794;3.425509;
ShoulderLeft;-1.756254;-0.005639985;3.316778;
ElbowRight;-1.940986;-0.1057693;3.442915;
ElbowLeft;-1.76393;-0.2342099;3.388152;
WristRight;-1.85791;-0.4113339;3.386671;
WristLeft;-1.914688;-0.3267458;3.107371;
HandRight;-1.888536;-0.4710443;3.394843;
HandLeft;-1.961246;-0.3719732;3.126262;
Spine;-1.812793;-0.3464941;3.530457;
HipCenter;-1.787922;-0.4352972;3.52564;
HipRight;-1.763049;-0.4859805;3.581769;
HipLeft;-1.81212;-0.4982471;3.469355;
KneeRight;-1.787077;-0.6998798;3.470075;
KneeLeft;-1.861884;-1.063467;3.547298;
AnkleRight;-1.773685;-0.9802251;3.371273;
AnkleLeft;-1.654244;-1.053617;3.268218;
FootRight;-1.687536;-1.025259;3.335397;
FootLeft;-1.568095;-1.098651;3.232342;
Head;-1.786517;-0.692247;3.434241;
ShoulderCenter;-1.761398;-0.9001853;3.483323;
ShoulderRight;-1.680197;-1.11594;3.39736;
ShoulderLeft;-1.726556;-1.0043;3.288628;
ElbowRight;-1.910768;-1.104455;3.414665;
ElbowLeft;-1.766109;-0.7013893;3.349939;
WristRight;-1.828311;-1.40946;3.358592;
WristLeft;-1.956956;-0.5484916;3.130777;
HandRight;-1.858908;-1.469112;3.366757;
HandLeft;-2.020572;-0.4975257;3.062691;
Spine;-1.772943;-0.739651;3.478244;
HipCenter;-1.805611;-0.7144052;3.486771;
HipRight;-1.787678;-0.6997752;3.480366;
HipLeft;-1.836115;-0.6762111;3.489919;
KneeRight;-2.274462;-0.5881051;3.467124;
KneeLeft;-1.89507;-1.246802;3.50371;
AnkleRight;-2.646802;-0.502689;3.43914;
AnkleLeft;-1.749141;-0.9687893;3.391684;
FootRight;-2.731789;-0.5594385;3.455712;
FootLeft;-1.757948;-1.086362;3.408227;
