Floor;-0.02017553;0.9997936;0.002383112;1.079039;
Head;1.466026;0.5740541;3.518537;
ShoulderCenter;1.550967;0.3595699;3.497361;
ShoulderRight;1.58543;0.2303408;3.344431;
ShoulderLeft;1.470923;0.2020141;3.63774;
ElbowRight;1.562355;-0.0105664;3.206745;
ElbowLeft;1.400378;-0.1244079;3.476965;
WristRight;1.427965;-0.2392301;3.180571;
WristLeft;1.36622;-0.4283353;3.568689;
HandRight;1.372727;-0.3224702;3.171358;
HandLeft;1.354834;-0.5296445;3.604109;
Spine;1.50174;-0.03255323;3.442145;
HipCenter;1.491894;-0.1109779;3.434654;
HipRight;1.510546;-0.1612607;3.373948;
HipLeft;1.459017;-0.1740077;3.47676;
KneeRight;1.617807;-0.6249328;3.317286;
KneeLeft;1.380309;-0.6774876;3.526;
AnkleRight;1.75826;-0.9087235;3.2746;
AnkleLeft;1.253171;-1.020316;3.469835;
FootRight;1.761289;-1.002112;3.289891;
FootLeft;1.264891;-1.081252;3.437481;
Head;1.418298;0.5608326;3.535206;
ShoulderCenter;1.525727;0.357675;3.498309;
ShoulderRight;1.552443;0.226845;3.351972;
ShoulderLeft;1.416061;0.1873139;3.628926;
ElbowRight;1.535611;0.007173583;3.212809;
ElbowLeft;1.358729;-0.07939396;3.453525;
WristRight;1.425043;-0.2351051;3.183899;
WristLeft;1.345683;-0.3874781;3.564747;
HandRight;1.367522;-0.3242979;3.173739;
HandLeft;1.331627;-0.4391581;3.622554;
Spine;1.463017;-0.05169287;3.45047;
HipCenter;1.449552;-0.1348605;3.445081;
HipRight;1.472272;-0.1841081;3.384814;
HipLeft;1.41227;-0.2026701;3.488792;
KneeRight;1.589385;-0.6535732;3.315464;
KneeLeft;1.368643;-0.6785102;3.530096;
AnkleRight;1.752464;-0.9304653;3.270704;
AnkleLeft;1.252975;-1.020782;3.470472;
FootRight;1.686711;-0.963378;3.23982;
FootLeft;1.224055;-1.06815;3.431543;
Head;1.386172;0.5720074;3.525049;
ShoulderCenter;1.475377;0.3604018;3.502392;
ShoulderRight;1.512318;0.2351459;3.359792;
ShoulderLeft;1.401326;0.2191754;3.659541;
ElbowRight;1.522195;0.009841159;3.24012;
ElbowLeft;1.321364;-0.06646027;3.495602;
WristRight;1.373537;-0.2669339;3.189121;
WristLeft;1.314605;-0.3563606;3.578464;
HandRight;1.349491;-0.3456174;3.176404;
HandLeft;1.293033;-0.4570629;3.596898;
Spine;1.419195;-0.0344503;3.4495;
HipCenter;1.407605;-0.1134272;3.442594;
HipRight;1.421141;-0.1741461;3.370615;
HipLeft;1.376346;-0.183168;3.493458;
KneeRight;1.493777;-0.6595785;3.356436;
KneeLeft;1.326005;-0.6778098;3.534603;
AnkleRight;1.749769;-0.9352866;3.271189;
AnkleLeft;1.252787;-1.019606;3.46931;
FootRight;1.756955;-1.014496;3.265566;
FootLeft;1.21995;-1.074008;3.429554;
Head;1.364558;0.5764392;3.549041;
ShoulderCenter;1.45123;0.3630836;3.500628;
ShoulderRight;1.47066;0.2360592;3.359365;
ShoulderLeft;1.352955;0.210597;3.664423;
ElbowRight;1.483229;0.00822131;3.250137;
ElbowLeft;1.304809;-0.05141834;3.490256;
WristRight;1.371557;-0.2625867;3.1924;
WristLeft;1.236738;-0.2815234;3.480046;
HandRight;1.343351;-0.3471653;3.178818;
HandLeft;1.22914;-0.3852817;3.515728;
Spine;1.379731;-0.02730115;3.466306;
HipCenter;1.364498;-0.105069;3.464488;
HipRight;1.380777;-0.1775919;3.379718;
HipLeft;1.325485;-0.1894534;3.53211;
KneeRight;1.442618;-0.6503912;3.332;
KneeLeft;1.308473;-0.6705453;3.534842;
AnkleRight;1.718016;-0.9251897;3.279092;
AnkleLeft;1.2528;-1.020357;3.468933;
FootRight;1.729455;-1.002699;3.271703;
FootLeft;1.214774;-1.078173;3.431457;
Head;1.333791;0.5881779;3.56158;
ShoulderCenter;1.413122;0.3737338;3.51451;
ShoulderRight;1.441118;0.2421125;3.365852;
ShoulderLeft;1.309387;0.2168639;3.639157;
ElbowRight;1.455235;0.004821351;3.259244;
ElbowLeft;1.254585;-0.05204671;3.491188;
WristRight;1.357534;-0.2634644;3.198034;
WristLeft;1.214415;-0.287168;3.477339;
HandRight;1.333847;-0.3377424;3.181214;
HandLeft;1.206673;-0.3841135;3.522436;
Spine;1.343968;-0.03246033;3.478721;
HipCenter;1.330284;-0.1134102;3.475372;
HipRight;1.342276;-0.1884585;3.38977;
HipLeft;1.285864;-0.2007889;3.544683;
KneeRight;1.382366;-0.6530403;3.322995;
KneeLeft;1.268378;-0.6716133;3.525034;
AnkleRight;1.652295;-0.9199879;3.292387;
AnkleLeft;1.253251;-1.012737;3.473773;
FootRight;1.667488;-1.020645;3.281965;
FootLeft;1.22249;-1.076213;3.444188;
Head;1.286915;0.5889199;3.577447;
ShoulderCenter;1.373294;0.3788673;3.512778;
ShoulderRight;1.416257;0.2488853;3.376145;
ShoulderLeft;1.278529;0.2209581;3.657665;
ElbowRight;1.424904;-0.01329903;3.267939;
ElbowLeft;1.200976;-0.06396114;3.498655;
WristRight;1.341201;-0.2614489;3.201832;
WristLeft;1.171368;-0.3055933;3.452658;
HandRight;1.315277;-0.343052;3.187428;
HandLeft;1.156179;-0.3750955;3.487658;
Spine;1.291716;-0.02620375;3.478905;
HipCenter;1.276318;-0.1073363;3.475867;
HipRight;1.294454;-0.1647281;3.411317;
HipLeft;1.233876;-0.1780179;3.526786;
KneeRight;1.301346;-0.6297939;3.330912;
KneeLeft;1.242379;-0.6787513;3.51308;
AnkleRight;1.586057;-0.9050977;3.291306;
AnkleLeft;1.253236;-1.012655;3.473915;
FootRight;1.58695;-1.004634;3.311083;
FootLeft;1.223856;-1.075473;3.445326;
Head;1.262125;0.5739025;3.552872;
ShoulderCenter;1.345276;0.3833173;3.523843;
ShoulderRight;1.376955;0.2533404;3.377003;
ShoulderLeft;1.24;0.2203335;3.633271;
ElbowRight;1.386543;-0.01699273;3.266531;
ElbowLeft;1.190079;-0.05841486;3.479536;
WristRight;1.324533;-0.2597169;3.206645;
WristLeft;1.184502;-0.2971002;3.653236;
HandRight;1.304034;-0.3541839;3.192391;
HandLeft;1.192622;-0.3397979;3.717055;
Spine;1.26947;0.01650767;3.470656;
HipCenter;1.255517;-0.05644555;3.462919;
HipRight;1.272768;-0.1183066;3.385854;
HipLeft;1.212448;-0.1334224;3.515069;
KneeRight;1.265753;-0.6375716;3.328809;
KneeLeft;1.192542;-0.6615549;3.428642;
AnkleRight;1.508542;-0.8994084;3.300906;
AnkleLeft;1.252948;-1.011585;3.474082;
FootRight;1.499256;-0.9591002;3.253115;
FootLeft;1.223429;-1.07701;3.446127;
Head;1.198321;0.5666744;3.544954;
ShoulderCenter;1.305781;0.3861838;3.529366;
ShoulderRight;1.331513;0.2573297;3.379618;
ShoulderLeft;1.191962;0.2227442;3.655228;
ElbowRight;1.360216;-0.01786625;3.268021;
ElbowLeft;1.124896;-0.06222708;3.501938;
WristRight;1.307739;-0.267752;3.207337;
WristLeft;1.159532;-0.2850427;3.718627;
HandRight;1.293024;-0.3630911;3.199585;
HandLeft;1.149165;-0.3554991;3.74371;
Spine;1.230162;-0.002650624;3.473288;
HipCenter;1.212804;-0.08202339;3.465818;
HipRight;1.23388;-0.1373142;3.396297;
HipLeft;1.171842;-0.15306;3.513119;
KneeRight;1.187006;-0.6348869;3.344961;
KneeLeft;1.100573;-0.6744108;3.397842;
AnkleRight;1.431973;-0.9408575;3.308871;
AnkleLeft;1.257035;-1.01436;3.479263;
FootRight;1.38783;-1.035754;3.314837;
FootLeft;1.273121;-1.073933;3.432401;
Head;1.185563;0.5720938;3.545981;
ShoulderCenter;1.281024;0.3835429;3.539154;
ShoulderRight;1.317067;0.2565406;3.380695;
ShoulderLeft;1.161466;0.2237237;3.640107;
ElbowRight;1.322654;0.01165833;3.25807;
ElbowLeft;1.110658;-0.0680705;3.50689;
WristRight;1.290636;-0.2590267;3.210198;
WristLeft;1.112966;-0.2603284;3.709421;
HandRight;1.277812;-0.3610013;3.199744;
HandLeft;1.089431;-0.3306842;3.736715;
Spine;1.196596;-0.002882049;3.482558;
HipCenter;1.18084;-0.0803991;3.474421;
HipRight;1.198793;-0.1422296;3.3992;
HipLeft;1.125355;-0.1574718;3.528166;
KneeRight;1.128702;-0.6464233;3.358426;
KneeLeft;1.315787;-0.6329269;3.538491;
AnkleRight;1.333177;-0.945959;3.311637;
AnkleLeft;1.244669;-1.0147;3.464587;
FootRight;1.272443;-1.028657;3.296581;
FootLeft;1.22227;-1.075259;3.423282;
Head;1.141365;0.5611175;3.568026;
ShoulderCenter;1.244617;0.3853341;3.531669;
ShoulderRight;1.272502;0.2622879;3.384928;
ShoulderLeft;1.126018;0.2166784;3.636973;
ElbowRight;1.316247;0.01143907;3.261826;
ElbowLeft;1.094778;-0.1074447;3.622519;
WristRight;1.268976;-0.2633384;3.216338;
WristLeft;1.052639;-0.2999357;3.746157;
HandRight;1.254898;-0.3636378;3.210769;
HandLeft;1.020971;-0.3668571;3.734335;
Spine;1.166152;-0.009491927;3.470911;
HipCenter;1.149701;-0.08863165;3.462025;
HipRight;1.167613;-0.1535747;3.383602;
HipLeft;1.105315;-0.1632815;3.51751;
KneeRight;1.059841;-0.6467805;3.357039;
KneeLeft;1.278688;-0.6715162;3.528085;
AnkleRight;1.218519;-0.9947889;3.326355;
AnkleLeft;1.204072;-0.9921146;3.351153;
FootRight;1.151883;-1.056757;3.283691;
FootLeft;1.157776;-1.054047;3.425897;
Head;1.113946;0.5729805;3.556546;
ShoulderCenter;1.190516;0.3822902;3.524347;
ShoulderRight;1.24971;0.2595738;3.380498;
ShoulderLeft;1.073359;0.2247147;3.62569;
ElbowRight;1.27589;0.01491858;3.273108;
ElbowLeft;1.037023;-0.08346806;3.548646;
WristRight;1.232211;-0.2734606;3.22135;
WristLeft;1.027066;-0.2576957;3.710622;
HandRight;1.23885;-0.3648669;3.213231;
HandLeft;0.9719384;-0.3146024;3.702253;
Spine;1.125958;-0.006516587;3.462797;
HipCenter;1.114066;-0.08459058;3.454397;
HipRight;1.14542;-0.1507344;3.378432;
HipLeft;1.056917;-0.1561625;3.504765;
KneeRight;1.029501;-0.6450741;3.352928;
KneeLeft;1.248506;-0.676419;3.52503;
AnkleRight;1.109933;-1.018631;3.304697;
AnkleLeft;1.26562;-1.0132;3.441336;
FootRight;1.017826;-1.070942;3.290272;
FootLeft;1.235248;-1.080025;3.41209;
Head;1.071535;0.5640205;3.559656;
ShoulderCenter;1.160991;0.3876787;3.522493;
ShoulderRight;1.196797;0.2529386;3.382023;
ShoulderLeft;1.062557;0.2329752;3.625111;
ElbowRight;1.245779;-0.02310567;3.278104;
ElbowLeft;1.021713;-0.07820104;3.667339;
WristRight;1.204097;-0.2896941;3.229517;
WristLeft;0.9559485;-0.2944606;3.726662;
HandRight;1.201876;-0.3664877;3.223251;
HandLeft;0.9120504;-0.3526264;3.720548;
Spine;1.100135;0.0005349473;3.460452;
HipCenter;1.087415;-0.07677233;3.45169;
HipRight;1.104787;-0.1391433;3.374558;
HipLeft;1.045138;-0.1511236;3.503331;
KneeRight;0.9433061;-0.6448632;3.341872;
KneeLeft;1.222897;-0.6802962;3.517313;
AnkleRight;0.9988107;-1.026847;3.302591;
AnkleLeft;1.247717;-1.038117;3.475882;
FootRight;0.9023436;-1.073126;3.29486;
FootLeft;1.203688;-1.073119;3.419999;
Head;1.049776;0.5651717;3.559374;
ShoulderCenter;1.122133;0.3798633;3.526437;
ShoulderRight;1.170903;0.252079;3.376716;
ShoulderLeft;1.017279;0.2437105;3.613159;
ElbowRight;1.215065;-0.03698502;3.267141;
ElbowLeft;0.9775547;-0.06987902;3.64703;
WristRight;1.181839;-0.2825796;3.225728;
WristLeft;0.9180965;-0.279712;3.732455;
HandRight;1.174405;-0.3710684;3.222314;
HandLeft;0.8783743;-0.3025921;3.695364;
Spine;1.061022;0.0002574154;3.45169;
HipCenter;1.048572;-0.07563941;3.440326;
HipRight;1.072501;-0.1321596;3.36596;
HipLeft;1.001463;-0.1570862;3.483348;
KneeRight;0.924011;-0.6338914;3.346843;
KneeLeft;1.055425;-0.6762841;3.444855;
AnkleRight;0.8786378;-1.012425;3.276691;
AnkleLeft;1.251321;-1.035676;3.473595;
FootRight;0.7882168;-1.066178;3.304827;
FootLeft;1.178816;-1.073674;3.459258;
Head;0.9898931;0.5370368;3.532861;
ShoulderCenter;1.09754;0.3804476;3.530242;
ShoulderRight;1.133041;0.2529206;3.379615;
ShoulderLeft;0.9495415;0.1969977;3.561105;
ElbowRight;1.181707;-0.04661553;3.261716;
ElbowLeft;0.9590379;-0.07021769;3.648532;
WristRight;1.138904;-0.2947802;3.210759;
WristLeft;0.8790986;-0.2821521;3.717264;
HandRight;1.140614;-0.3737859;3.214176;
HandLeft;0.8426347;-0.343211;3.706242;
Spine;1.033933;-0.009803001;3.442178;
HipCenter;1.020325;-0.08848028;3.427501;
HipRight;1.051627;-0.1414851;3.353424;
HipLeft;0.9664066;-0.1735841;3.466661;
KneeRight;0.8618292;-0.6435206;3.352525;
KneeLeft;1.209494;-0.6922858;3.541481;
AnkleRight;0.7754908;-1.022675;3.284023;
AnkleLeft;1.251746;-1.035686;3.474495;
FootRight;0.6678284;-1.049774;3.296167;
FootLeft;1.155329;-1.090094;3.489213;
Head;0.9513982;0.5460829;3.530984;
ShoulderCenter;1.039718;0.3710622;3.498183;
ShoulderRight;1.082304;0.2383761;3.358859;
ShoulderLeft;0.937291;0.2155118;3.616133;
ElbowRight;1.13285;-0.03786878;3.246047;
ElbowLeft;0.9098222;-0.09519032;3.675675;
WristRight;1.102117;-0.2874374;3.208194;
WristLeft;0.8114718;-0.3116323;3.691494;
HandRight;1.117748;-0.372073;3.195187;
HandLeft;0.7845575;-0.3098195;3.670523;
Spine;0.9811153;-0.0280876;3.434798;
HipCenter;0.9693947;-0.1079176;3.425774;
HipRight;0.9937488;-0.1579726;3.354279;
HipLeft;0.9287725;-0.1909619;3.472176;
KneeRight;0.8511112;-0.6548917;3.3507;
KneeLeft;1.209397;-0.6928375;3.538582;
AnkleRight;0.6781005;-1.02466;3.288399;
AnkleLeft;1.25421;-1.0343;3.473126;
FootRight;0.5797869;-1.056222;3.293715;
FootLeft;1.155909;-1.087294;3.489053;
Head;0.9296311;0.5549884;3.528233;
ShoulderCenter;0.9900506;0.3663155;3.474126;
ShoulderRight;1.046442;0.2253032;3.343306;
ShoulderLeft;0.893023;0.1995106;3.596934;
ElbowRight;1.103369;-0.05464643;3.241967;
ElbowLeft;0.8801457;-0.1088483;3.679841;
WristRight;1.072537;-0.2939349;3.200365;
WristLeft;0.7885729;-0.3324561;3.688004;
HandRight;1.073254;-0.3839856;3.198267;
HandLeft;0.7713408;-0.3271353;3.673203;
Spine;0.9335766;-0.0383749;3.420424;
HipCenter;0.9222819;-0.119313;3.413338;
HipRight;0.9489085;-0.1664502;3.34742;
HipLeft;0.8794017;-0.2014357;3.459324;
KneeRight;0.7981302;-0.6380996;3.313614;
KneeLeft;1.201427;-0.6884469;3.538836;
AnkleRight;0.6581815;-1.034425;3.296192;
AnkleLeft;1.252653;-1.032536;3.466618;
FootRight;0.5473034;-1.029037;3.274186;
FootLeft;1.190977;-1.076524;3.431152;
Head;0.8678421;0.5345153;3.501509;
ShoulderCenter;0.9499112;0.3584193;3.460241;
ShoulderRight;0.9969806;0.2176456;3.327689;
ShoulderLeft;0.8462198;0.1856117;3.548452;
ElbowRight;1.063736;-0.06112314;3.233313;
ElbowLeft;0.8214492;-0.128617;3.601862;
WristRight;1.029417;-0.2986924;3.198399;
WristLeft;0.7570882;-0.3327349;3.697429;
HandRight;1.0209;-0.3903184;3.183885;
HandLeft;0.7356346;-0.4007742;3.734262;
Spine;0.8960139;-0.03777543;3.403743;
HipCenter;0.885012;-0.1170519;3.396014;
HipRight;0.9076738;-0.1626203;3.323044;
HipLeft;0.8407786;-0.2050781;3.444767;
KneeRight;0.7611319;-0.5919243;3.298466;
KneeLeft;0.9223998;-0.6781811;3.423223;
AnkleRight;0.6557019;-1.00858;3.295831;
AnkleLeft;1.212399;-0.9900422;3.457729;
FootRight;0.5468962;-1.038826;3.293782;
FootLeft;1.227989;-1.069993;3.439438;
Head;0.8171642;0.5200533;3.491368;
ShoulderCenter;0.9168479;0.351664;3.453306;
ShoulderRight;0.96947;0.2221437;3.32057;
ShoulderLeft;0.8257481;0.2386012;3.596551;
ElbowRight;1.009747;-0.07491421;3.228785;
ElbowLeft;0.7926909;-0.08226678;3.595826;
WristRight;0.9743864;-0.3094672;3.181922;
WristLeft;0.7494203;-0.2955644;3.680527;
HandRight;0.9719976;-0.3875967;3.18466;
HandLeft;0.7203129;-0.3500532;3.676042;
Spine;0.8676368;-0.03226534;3.390491;
HipCenter;0.8572211;-0.1090371;3.381362;
HipRight;0.8821664;-0.1572773;3.30914;
HipLeft;0.8156568;-0.1946803;3.428854;
KneeRight;0.7014369;-0.6567224;3.292725;
KneeLeft;0.9063247;-0.6788305;3.423915;
AnkleRight;0.639607;-1.028608;3.295389;
AnkleLeft;1.203074;-0.9900666;3.4555;
FootRight;0.5289717;-1.05311;3.297308;
FootLeft;1.184167;-1.080535;3.473422;
Head;0.7782708;0.5365591;3.478942;
ShoulderCenter;0.8533937;0.3540899;3.436924;
ShoulderRight;0.9145896;0.2195436;3.307453;
ShoulderLeft;0.7437842;0.1649216;3.497712;
ElbowRight;0.9525751;-0.07724715;3.20229;
ElbowLeft;0.7407643;-0.04916499;3.624475;
WristRight;0.912115;-0.3126734;3.169147;
WristLeft;0.728217;-0.2939001;3.655106;
HandRight;0.9080048;-0.3801938;3.160674;
HandLeft;0.7073007;-0.361084;3.669632;
Spine;0.8107351;-0.04978162;3.371668;
HipCenter;0.8022034;-0.1305559;3.362255;
HipRight;0.8357803;-0.180382;3.294159;
HipLeft;0.7548037;-0.2115983;3.406169;
KneeRight;0.6721325;-0.6487467;3.333896;
KneeLeft;0.8578608;-0.6639031;3.418013;
AnkleRight;0.6369386;-1.031084;3.29931;
AnkleLeft;1.17025;-0.9644343;3.456556;
FootRight;0.532623;-1.072442;3.315784;
FootLeft;1.195024;-1.074501;3.468186;
Head;0.7177489;0.5123277;3.452646;
ShoulderCenter;0.8343039;0.3523352;3.429703;
ShoulderRight;0.8795885;0.226084;3.289914;
ShoulderLeft;0.6977268;0.173107;3.463927;
ElbowRight;0.8989389;-0.06598397;3.178046;
ElbowLeft;0.7152928;-0.0503215;3.627447;
WristRight;0.8585083;-0.3106166;3.152589;
WristLeft;0.6826526;-0.3015202;3.617611;
HandRight;0.8513419;-0.3815454;3.152769;
HandLeft;0.6776499;-0.3632438;3.65293;
Spine;0.7721975;-0.04920781;3.364752;
HipCenter;0.7588251;-0.1293125;3.355574;
HipRight;0.7944701;-0.1780808;3.294616;
HipLeft;0.7044504;-0.2012708;3.394143;
KneeRight;0.6691656;-0.6471648;3.327512;
KneeLeft;0.9236032;-0.7049512;3.490682;
AnkleRight;0.6335506;-1.030211;3.301469;
AnkleLeft;1.19399;-0.9967143;3.469068;
FootRight;0.5311033;-1.07786;3.2928;
FootLeft;1.168923;-1.076605;3.466993;
Head;0.6906596;0.5408413;3.417138;
ShoulderCenter;0.7751715;0.3624942;3.407619;
ShoulderRight;0.8293643;0.2289032;3.278063;
ShoulderLeft;0.6493595;0.1842556;3.445847;
ElbowRight;0.8482354;-0.06646688;3.179494;
ElbowLeft;0.6350383;-0.05086277;3.367865;
WristRight;0.7949477;-0.3001073;3.153269;
WristLeft;0.6124693;-0.3016042;3.356838;
HandRight;0.8001626;-0.3643144;3.148034;
HandLeft;0.6293368;-0.3211806;3.449903;
Spine;0.7239872;-0.02313858;3.362279;
HipCenter;0.7137503;-0.1002651;3.35684;
HipRight;0.7450398;-0.1694213;3.280826;
HipLeft;0.6629835;-0.1825097;3.41118;
KneeRight;0.6572572;-0.6407096;3.315774;
KneeLeft;0.9016993;-0.7071213;3.502637;
AnkleRight;0.63288;-1.030413;3.302194;
AnkleLeft;1.148088;-0.9764649;3.479047;
FootRight;0.5410503;-1.079967;3.300974;
FootLeft;1.114459;-1.052851;3.476416;
Head;0.6617758;0.5438745;3.411105;
ShoulderCenter;0.7528797;0.3659014;3.397062;
ShoulderRight;0.7877092;0.2257105;3.265354;
ShoulderLeft;0.6380644;0.1784231;3.472327;
ElbowRight;0.7945524;-0.05947093;3.173843;
ElbowLeft;0.6052259;-0.07877872;3.364614;
WristRight;0.7013849;-0.3033064;3.164289;
WristLeft;0.5826569;-0.3295202;3.353584;
HandRight;0.7219484;-0.360409;3.126198;
HandLeft;0.5951183;-0.3516455;3.447145;
Spine;0.7020226;-0.03826049;3.353439;
HipCenter;0.6907446;-0.1203429;3.347939;
HipRight;0.7219713;-0.1786525;3.278306;
HipLeft;0.6492584;-0.194842;3.402346;
KneeRight;0.6323393;-0.6364754;3.306697;
KneeLeft;0.8599653;-0.731432;3.529576;
AnkleRight;0.6310079;-1.03091;3.301625;
AnkleLeft;1.086227;-0.9623245;3.486927;
FootRight;0.543008;-1.080094;3.304754;
FootLeft;1.052791;-1.039394;3.486533;
Head;0.6108676;0.5482266;3.417164;
ShoulderCenter;0.7009444;0.3654138;3.374996;
ShoulderRight;0.7523603;0.2291171;3.252127;
ShoulderLeft;0.6128494;0.2035701;3.470853;
ElbowRight;0.7427402;-0.05723774;3.152662;
ElbowLeft;0.5576996;-0.05651268;3.351278;
WristRight;0.6648729;-0.3085632;3.128018;
WristLeft;0.5351306;-0.3072541;3.340268;
HandRight;0.6539568;-0.372616;3.097254;
HandLeft;0.5486079;-0.328529;3.434215;
Spine;0.6673054;-0.0203944;3.349017;
HipCenter;0.6596757;-0.09799992;3.346913;
HipRight;0.6822786;-0.1582221;3.27562;
HipLeft;0.6234394;-0.1776245;3.404382;
KneeRight;0.6260794;-0.6447168;3.305835;
KneeLeft;0.8235287;-0.7196489;3.528436;
AnkleRight;0.6306736;-1.030744;3.301855;
AnkleLeft;1.040964;-0.9559984;3.479666;
FootRight;0.5468086;-1.080919;3.311791;
FootLeft;1.039483;-1.014245;3.421137;
Head;0.572448;0.5531693;3.394781;
ShoulderCenter;0.6717357;0.3747972;3.374016;
ShoulderRight;0.7218269;0.2349657;3.248412;
ShoulderLeft;0.5679894;0.1922725;3.471096;
ElbowRight;0.6961315;-0.004417834;3.138108;
ElbowLeft;0.5220262;-0.1214042;3.368183;
WristRight;0.6242165;-0.2597575;3.120685;
WristLeft;0.4974678;-0.3857228;3.353974;
HandRight;0.5952247;-0.3466369;3.104106;
HandLeft;0.5109929;-0.4070731;3.448255;
Spine;0.6293829;-0.03556018;3.342997;
HipCenter;0.6198722;-0.1189683;3.340076;
HipRight;0.6548849;-0.1693009;3.280951;
HipLeft;0.5783267;-0.1855379;3.385487;
KneeRight;0.6172869;-0.6508946;3.302748;
KneeLeft;0.7845941;-0.7207316;3.524694;
AnkleRight;0.6302395;-1.030743;3.301826;
AnkleLeft;0.9924083;-0.9598907;3.453056;
FootRight;0.5488932;-1.081252;3.313232;
FootLeft;0.9537996;-0.9058657;3.40294;
Head;0.518912;0.545117;3.395409;
ShoulderCenter;0.6251618;0.3699271;3.37759;
ShoulderRight;0.678313;0.2476694;3.240839;
ShoulderLeft;0.5323078;0.1853818;3.474496;
ElbowRight;0.6634382;0.0006982479;3.129536;
ElbowLeft;0.4889693;-0.1293193;3.371027;
WristRight;0.5757126;-0.2237916;3.107055;
WristLeft;0.4647626;-0.3919533;3.357192;
HandRight;0.5444134;-0.3163306;3.103059;
HandLeft;0.4783101;-0.4133389;3.451628;
Spine;0.6008681;-0.04890735;3.3393;
HipCenter;0.5957159;-0.1322518;3.335621;
HipRight;0.6283106;-0.1764327;3.283546;
HipLeft;0.5558757;-0.1982411;3.374913;
KneeRight;0.6076486;-0.6510756;3.302825;
KneeLeft;0.4876917;-0.6185599;3.469222;
AnkleRight;0.6306145;-1.027534;3.301582;
AnkleLeft;0.8170987;-0.9035881;3.457003;
FootRight;0.5488836;-1.081255;3.313254;
FootLeft;0.7408168;-0.9454114;3.411151;
Head;0.4976828;0.5490265;3.3877;
ShoulderCenter;0.6032413;0.3733249;3.379445;
ShoulderRight;0.6527537;0.2474706;3.24097;
ShoulderLeft;0.5039843;0.1884619;3.476941;
ElbowRight;0.6219727;0.01558544;3.120773;
ElbowLeft;0.4588619;-0.1265345;3.373585;
WristRight;0.5062752;-0.2507749;3.105484;
WristLeft;0.4346216;-0.388943;3.359806;
HandRight;0.4645792;-0.3346912;3.081563;
HandLeft;0.4482152;-0.4104013;3.454563;
Spine;0.571269;-0.04852919;3.330968;
HipCenter;0.5643677;-0.1329555;3.324481;
HipRight;0.5934854;-0.1746163;3.264185;
HipLeft;0.5245716;-0.205253;3.367248;
KneeRight;0.5996858;-0.6534511;3.300698;
KneeLeft;0.4626333;-0.6255901;3.480839;
AnkleRight;0.6303349;-1.026379;3.302613;
AnkleLeft;0.7783906;-0.9279339;3.430052;
FootRight;0.5526515;-1.08181;3.316251;
FootLeft;0.7790647;-1.012077;3.430404;
Head;0.450938;0.5512695;3.378037;
ShoulderCenter;0.5619689;0.3768628;3.361612;
ShoulderRight;0.5953375;0.245546;3.227933;
ShoulderLeft;0.4657922;0.1912338;3.459605;
ElbowRight;0.5720975;0.02327786;3.110267;
ElbowLeft;0.4296213;-0.1175561;3.33506;
WristRight;0.4423809;-0.2464879;3.106945;
WristLeft;0.3980477;-0.4402341;3.294896;
HandRight;0.4022064;-0.3300964;3.097646;
HandLeft;0.4116382;-0.4616874;3.389632;
Spine;0.5290016;-0.02597399;3.329575;
HipCenter;0.5217606;-0.1060004;3.326951;
HipRight;0.5478496;-0.1571897;3.254341;
HipLeft;0.4885262;-0.1944539;3.383945;
KneeRight;0.5942912;-0.6549692;3.296068;
KneeLeft;0.4316083;-0.6226129;3.481436;
AnkleRight;0.6290829;-1.024919;3.300588;
AnkleLeft;0.5284883;-0.9279876;3.442855;
FootRight;0.5502446;-1.080986;3.316243;
FootLeft;0.5866202;-1.009572;3.388276;
Head;0.4094577;0.550696;3.405181;
ShoulderCenter;0.5216056;0.3738376;3.354187;
ShoulderRight;0.5850277;0.2470708;3.229043;
ShoulderLeft;0.4296548;0.1854293;3.454765;
ElbowRight;0.5190715;0.008423953;3.111521;
ElbowLeft;0.3827263;-0.1269386;3.374482;
WristRight;0.3905667;-0.2348839;3.10297;
WristLeft;0.3601573;-0.3776801;3.363464;
HandRight;0.3390506;-0.3181191;3.094714;
HandLeft;0.3737692;-0.3991674;3.458349;
Spine;0.5060375;-0.0321513;3.337938;
HipCenter;0.5014261;-0.1131688;3.337804;
HipRight;0.5350095;-0.16482;3.26412;
HipLeft;0.4551315;-0.20386;3.404674;
KneeRight;0.5780656;-0.6551186;3.296819;
KneeLeft;0.3946205;-0.6666523;3.482373;
AnkleRight;0.6280193;-1.025367;3.300651;
AnkleLeft;0.4976048;-1.039822;3.448124;
FootRight;0.549795;-1.079413;3.313345;
FootLeft;0.4232621;-1.083063;3.397875;
Head;0.3722398;0.5645502;3.405306;
ShoulderCenter;0.4832608;0.3858746;3.349301;
ShoulderRight;0.5295471;0.246775;3.22968;
ShoulderLeft;0.3883518;0.1972763;3.44969;
ElbowRight;0.4785186;0.008395078;3.105672;
ElbowLeft;0.3510937;-0.1156866;3.370656;
WristRight;0.3078296;-0.2635292;3.097714;
WristLeft;0.3285247;-0.3664281;3.359651;
HandRight;0.2709773;-0.326273;3.095736;
HandLeft;0.3421711;-0.3879698;3.454776;
Spine;0.4565096;-0.0468481;3.334099;
HipCenter;0.4520137;-0.1336609;3.33479;
HipRight;0.4878902;-0.1719576;3.281894;
HipLeft;0.4106179;-0.2019383;3.381794;
KneeRight;0.5639167;-0.6606445;3.286433;
KneeLeft;0.3757581;-0.6778451;3.481612;
AnkleRight;0.6275414;-1.02582;3.299959;
AnkleLeft;0.4138715;-1.046141;3.458725;
FootRight;0.5533886;-1.079231;3.312864;
FootLeft;0.4760098;-1.088651;3.421147;
Head;0.3557006;0.4841148;3.409051;
ShoulderCenter;0.4433569;0.2824771;3.360061;
ShoulderRight;0.5104102;0.2466927;3.23145;
ShoulderLeft;0.3496187;0.09342729;3.460612;
ElbowRight;0.4434946;0.0118801;3.109733;
ElbowLeft;0.3298013;-0.1321166;3.354959;
WristRight;0.265388;-0.2512121;3.103383;
WristLeft;0.3083697;-0.3686874;3.366571;
HandRight;0.2225113;-0.3096871;3.09844;
HandLeft;0.3219947;-0.3901953;3.461548;
Spine;0.4376001;-0.06955975;3.344336;
HipCenter;0.4396351;-0.1414169;3.342407;
HipRight;0.462785;-0.1957266;3.291873;
HipLeft;0.4005751;-0.2319478;3.391266;
KneeRight;0.5358436;-0.6557988;3.279072;
KneeLeft;0.3066713;-0.6783853;3.491087;
AnkleRight;0.6259782;-1.025879;3.298853;
AnkleLeft;0.3183286;-1.021767;3.448484;
FootRight;0.5546108;-1.078459;3.312318;
FootLeft;0.2310521;-1.072209;3.481097;
Head;0.3233035;0.4901916;3.407897;
ShoulderCenter;0.411456;0.2994494;3.367648;
ShoulderRight;0.4560933;0.244019;3.233334;
ShoulderLeft;0.3177179;0.1103996;3.468199;
ElbowRight;0.40296;0.006533543;3.119888;
ElbowLeft;0.2918669;-0.112557;3.36228;
WristRight;0.210935;-0.2506199;3.101095;
WristLeft;0.2724904;-0.3473417;3.375394;
HandRight;0.1800281;-0.3156379;3.109782;
HandLeft;0.2860842;-0.3688005;3.470154;
Spine;0.4090035;-0.08664122;3.342507;
HipCenter;0.4042612;-0.1672589;3.340492;
HipRight;0.4445938;-0.2034274;3.292915;
HipLeft;0.3757066;-0.2452455;3.379536;
KneeRight;0.5116923;-0.6526798;3.275014;
KneeLeft;0.2675977;-0.6854758;3.491525;
AnkleRight;0.6205705;-1.02566;3.297166;
AnkleLeft;0.1596516;-1.032934;3.490605;
FootRight;0.5531164;-1.076399;3.309881;
FootLeft;0.08976078;-1.068386;3.462598;
Head;0.285232;0.4912929;3.416483;
ShoulderCenter;0.3868271;0.3067873;3.372173;
ShoulderRight;0.415189;0.2323743;3.230938;
ShoulderLeft;0.2930889;0.1177375;3.472723;
ElbowRight;0.3718034;0.006744752;3.126425;
ElbowLeft;0.2722277;-0.1038415;3.366884;
WristRight;0.1921942;-0.2482468;3.109764;
WristLeft;0.2515154;-0.336858;3.378438;
HandRight;0.1287025;-0.3186509;3.107156;
HandLeft;0.2650925;-0.3582903;3.473081;
Spine;0.3795075;-0.08463703;3.337134;
HipCenter;0.3793522;-0.1640394;3.334041;
HipRight;0.3964298;-0.20237;3.280933;
HipLeft;0.3502272;-0.2402099;3.371179;
KneeRight;0.4945422;-0.6579716;3.271858;
KneeLeft;0.2129463;-0.6910215;3.499141;
AnkleRight;0.6145157;-1.023578;3.29618;
AnkleLeft;0.05705547;-1.04829;3.48228;
FootRight;0.5518479;-1.077099;3.310227;
FootLeft;-0.05362242;-1.053338;3.505039;
Head;0.2284757;0.542283;3.423517;
ShoulderCenter;0.3350056;0.3647785;3.376328;
ShoulderRight;0.3818223;0.2239272;3.233291;
ShoulderLeft;0.2412674;0.1757287;3.476879;
ElbowRight;0.2871552;-0.05647648;3.126703;
ElbowLeft;0.2203535;-0.06124169;3.408773;
WristRight;0.1482239;-0.2463589;3.11623;
WristLeft;0.269856;-0.3501928;3.269734;
HandRight;0.08670624;-0.3206679;3.098673;
HandLeft;0.2863568;-0.4465099;3.22834;
Spine;0.3397205;-0.06344894;3.326634;
HipCenter;0.3421423;-0.1494166;3.321015;
HipRight;0.3737966;-0.1979728;3.258457;
HipLeft;0.3174465;-0.2327551;3.368919;
KneeRight;0.4781046;-0.66241;3.269531;
KneeLeft;0.1567957;-0.7130927;3.505434;
AnkleRight;0.6099113;-1.026248;3.30177;
AnkleLeft;-0.01029151;-1.039392;3.472956;
FootRight;0.5444974;-1.077863;3.312941;
FootLeft;-0.1215473;-1.026529;3.492807;
Head;0.2074348;0.5431991;3.428317;
ShoulderCenter;0.3076691;0.3611183;3.380877;
ShoulderRight;0.3517027;0.2193581;3.243553;
ShoulderLeft;0.2139309;0.1720685;3.481427;
ElbowRight;0.2689631;-0.05444827;3.134132;
ElbowLeft;0.166983;-0.06867322;3.381665;
WristRight;0.09315908;-0.2510524;3.108104;
WristLeft;0.2455112;-0.3579927;3.259665;
HandRight;0.04336535;-0.3296843;3.095259;
HandLeft;0.2716873;-0.4544325;3.223957;
Spine;0.3150634;-0.06941994;3.325259;
HipCenter;0.3157598;-0.1558879;3.317895;
HipRight;0.3519546;-0.1950317;3.260979;
HipLeft;0.2769339;-0.2300372;3.355783;
KneeRight;0.4283979;-0.6510093;3.270217;
KneeLeft;0.1066109;-0.7020856;3.49439;
AnkleRight;0.6040413;-1.027272;3.300723;
AnkleLeft;-0.04307314;-1.03757;3.459435;
FootRight;0.5382958;-1.079239;3.309401;
FootLeft;-0.1538328;-1.033996;3.48613;
Head;0.1460396;0.5379528;3.431511;
ShoulderCenter;0.2578816;0.3616513;3.392937;
ShoulderRight;0.3027942;0.2229403;3.261826;
ShoulderLeft;0.1641435;0.1726015;3.493488;
ElbowRight;0.2359161;-0.03923422;3.143167;
ElbowLeft;0.1557744;-0.08454992;3.379678;
WristRight;0.08811578;-0.2500768;3.107443;
WristLeft;0.2251656;-0.3756298;3.256037;
HandRight;0.04154821;-0.3169249;3.087649;
HandLeft;0.248296;-0.4726565;3.219784;
Spine;0.2575722;-0.0754858;3.338879;
HipCenter;0.2575104;-0.1629132;3.331706;
HipRight;0.2916445;-0.1955002;3.280567;
HipLeft;0.2233041;-0.2322624;3.368055;
KneeRight;0.3768674;-0.6720576;3.284325;
KneeLeft;0.09928019;-0.6778243;3.480111;
AnkleRight;0.603002;-1.02838;3.30125;
AnkleLeft;-0.05435858;-1.035169;3.451803;
FootRight;0.5339558;-1.077022;3.308683;
FootLeft;-0.1556383;-1.071369;3.491684;
Head;0.1213864;0.4694801;3.435104;
ShoulderCenter;0.2087477;0.2816837;3.396139;
ShoulderRight;0.2748579;0.2203925;3.268169;
ShoulderLeft;0.1150095;0.09263395;3.496689;
ElbowRight;0.208829;-0.03310533;3.151717;
ElbowLeft;0.09527768;-0.1164218;3.362424;
WristRight;0.02539491;-0.2617817;3.105119;
WristLeft;0.1660482;-0.4062434;3.238441;
HandRight;-0.01414762;-0.3276719;3.105111;
HandLeft;0.1896384;-0.5028505;3.202076;
Spine;0.1906553;-0.1098168;3.36589;
HipCenter;0.1870368;-0.1881168;3.363479;
HipRight;0.214629;-0.2291675;3.327711;
HipLeft;0.1544381;-0.2554041;3.388282;
KneeRight;0.3515375;-0.6637981;3.276953;
KneeLeft;0.06582332;-0.6812731;3.481395;
AnkleRight;0.5857055;-1.023921;3.301013;
AnkleLeft;-0.06210521;-1.035004;3.451272;
FootRight;0.5264473;-1.087739;3.33022;
FootLeft;-0.1379491;-1.077845;3.402133;
Head;0.066925;0.5305172;3.432926;
ShoulderCenter;0.1871958;0.3635465;3.418903;
ShoulderRight;0.2216504;0.2221516;3.274612;
ShoulderLeft;0.09345759;0.1744967;3.519454;
ElbowRight;0.1627407;-0.05136085;3.163778;
ElbowLeft;0.03475964;-0.06595183;3.353837;
WristRight;0.0100854;-0.2702802;3.117447;
WristLeft;0.1043022;-0.356206;3.229153;
HandRight;-0.02525122;-0.3332627;3.107286;
HandLeft;0.1274831;-0.4529574;3.192568;
Spine;0.1727306;-0.09963012;3.351944;
HipCenter;0.1668397;-0.1874139;3.341622;
HipRight;0.1924436;-0.2106695;3.305582;
HipLeft;0.1327484;-0.2443868;3.359227;
KneeRight;0.2603067;-0.6833515;3.30824;
KneeLeft;0.02252413;-0.6838947;3.479138;
AnkleRight;0.5529611;-1.006598;3.296746;
AnkleLeft;-0.05930535;-1.030225;3.452031;
FootRight;0.5207305;-1.081936;3.323392;
FootLeft;-0.1159254;-1.093998;3.450865;
Head;0.02562376;0.5372533;3.40458;
ShoulderCenter;0.1411906;0.372207;3.415142;
ShoulderRight;0.1846905;0.2251896;3.278743;
ShoulderLeft;0.04745241;0.1831572;3.515693;
ElbowRight;0.1299732;-0.04516969;3.163533;
ElbowLeft;-0.01244961;-0.1139125;3.385809;
WristRight;0.003336769;-0.2707787;3.12517;
WristLeft;0.04776255;-0.4075244;3.260775;
HandRight;-0.0447715;-0.3392597;3.110708;
HandLeft;0.06783327;-0.5053951;3.224069;
Spine;0.1059298;-0.07548953;3.375842;
HipCenter;0.09917088;-0.165084;3.371652;
HipRight;0.1326608;-0.1967153;3.315805;
HipLeft;0.05805276;-0.2345698;3.416535;
KneeRight;0.1919536;-0.6544372;3.299729;
KneeLeft;-0.01811894;-0.6812418;3.47977;
AnkleRight;0.4913372;-0.9715755;3.298449;
AnkleLeft;-0.05837158;-1.027256;3.452125;
FootRight;0.4908701;-1.057843;3.298779;
FootLeft;-0.1195707;-1.086445;3.460738;
Head;-0.006403223;0.540585;3.402465;
ShoulderCenter;0.1120257;0.3750355;3.407422;
ShoulderRight;0.1548906;0.2316736;3.278953;
ShoulderLeft;0.01828751;0.1859857;3.507973;
ElbowRight;0.1082858;-0.03146901;3.168001;
ElbowLeft;-0.05775535;-0.1069126;3.373178;
WristRight;-0.003486223;-0.2662113;3.131605;
WristLeft;-0.0001423657;-0.4019409;3.247165;
HandRight;-0.05499498;-0.3444749;3.119605;
HandLeft;0.01906196;-0.5002837;3.210135;
Spine;0.08041319;-0.07506079;3.378119;
HipCenter;0.07352835;-0.1650499;3.375816;
HipRight;0.09960796;-0.1995888;3.333102;
HipLeft;0.03575078;-0.2263729;3.413201;
KneeRight;0.1482018;-0.6631033;3.281325;
KneeLeft;-0.04522477;-0.689931;3.478109;
AnkleRight;0.4595407;-0.9665344;3.295537;
AnkleLeft;-0.0590916;-1.027177;3.451703;
FootRight;0.4418653;-1.053131;3.31373;
FootLeft;-0.1172986;-1.090049;3.45585;
Head;-0.04001255;0.5507042;3.413822;
ShoulderCenter;0.07536832;0.3786482;3.403308;
ShoulderRight;0.1034352;0.2350988;3.279822;
ShoulderLeft;-0.01836981;0.1895984;3.503859;
ElbowRight;0.08232834;-0.007301672;3.17388;
ElbowLeft;-0.08319196;-0.1071401;3.370243;
WristRight;-0.03942955;-0.2763761;3.145286;
WristLeft;-0.02345275;-0.4024993;3.24427;
HandRight;-0.0650607;-0.3547432;3.129953;
HandLeft;-0.003539676;-0.5009523;3.207256;
Spine;0.02399777;-0.07757625;3.375881;
HipCenter;0.01490723;-0.1689378;3.374178;
HipRight;0.04521328;-0.2014837;3.357755;
HipLeft;-0.02169979;-0.1997178;3.385589;
KneeRight;0.07273388;-0.6519052;3.275575;
KneeLeft;-0.08062102;-0.6811436;3.429264;
AnkleRight;0.3474979;-0.9147615;3.278967;
AnkleLeft;-0.05996649;-1.026298;3.452056;
FootRight;0.3804972;-1.018784;3.319082;
FootLeft;-0.1190613;-1.088526;3.456631;
Head;-0.0856892;0.5567604;3.418827;
ShoulderCenter;0.02563845;0.3802311;3.404721;
ShoulderRight;0.0816904;0.2383537;3.281577;
ShoulderLeft;-0.06809976;0.1911813;3.505272;
ElbowRight;0.04840482;-0.02635893;3.173449;
ElbowLeft;-0.1333017;-0.08393069;3.368235;
WristRight;-0.04311667;-0.2750625;3.147408;
WristLeft;-0.06300589;-0.3773286;3.242364;
HandRight;-0.06901635;-0.3507088;3.136175;
HandLeft;-0.03957395;-0.4751279;3.205383;
Spine;-0.00950616;-0.07277215;3.372648;
HipCenter;-0.01776029;-0.1633881;3.369992;
HipRight;0.01838043;-0.1986847;3.360614;
HipLeft;-0.06203505;-0.1928148;3.371404;
KneeRight;-0.004521881;-0.6363407;3.278038;
KneeLeft;-0.1102453;-0.6494985;3.284839;
AnkleRight;0.2967458;-0.9305718;3.285441;
AnkleLeft;-0.05919078;-1.021994;3.453336;
FootRight;0.2890598;-1.038432;3.327654;
FootLeft;-0.1164277;-1.085897;3.454673;
Head;-0.1343554;0.5503848;3.458003;
ShoulderCenter;-0.001387377;0.3857535;3.414501;
ShoulderRight;0.04513814;0.2503136;3.285919;
ShoulderLeft;-0.09512553;0.1967037;3.515052;
ElbowRight;0.03087273;-0.02988628;3.176562;
ElbowLeft;-0.1601674;-0.07842631;3.378;
WristRight;-0.05243497;-0.2715168;3.148801;
WristLeft;-0.08976279;-0.3722785;3.251964;
HandRight;-0.07159363;-0.348146;3.139922;
HandLeft;-0.06629458;-0.4702291;3.214926;
Spine;-0.0346095;-0.05926174;3.36892;
HipCenter;-0.04178006;-0.1481438;3.363447;
HipRight;-0.007714969;-0.1835342;3.343678;
HipLeft;-0.08070521;-0.182788;3.372506;
KneeRight;0.001535717;-0.7392955;3.283736;
KneeLeft;-0.1328629;-0.6124484;3.269175;
AnkleRight;0.2427803;-0.9530448;3.281051;
AnkleLeft;-0.06259301;-0.9952966;3.43975;
FootRight;0.1866028;-1.016033;3.26931;
FootLeft;-0.1060164;-1.072567;3.452538;
Head;-0.151128;0.5649082;3.431084;
ShoulderCenter;-0.03683994;0.3894228;3.422497;
ShoulderRight;0.01141864;0.2497467;3.283259;
ShoulderLeft;-0.1305781;0.200373;3.523047;
ElbowRight;-0.001540502;-0.03793733;3.179595;
ElbowLeft;-0.1957054;-0.07474007;3.386012;
WristRight;-0.06494544;-0.2673869;3.152397;
WristLeft;-0.125182;-0.3690878;3.259781;
HandRight;-0.07962701;-0.3411687;3.146518;
HandLeft;-0.1016742;-0.4672037;3.22268;
Spine;-0.06672969;-0.06341551;3.363414;
HipCenter;-0.07325557;-0.153938;3.355306;
HipRight;-0.03759145;-0.1856087;3.34022;
HipLeft;-0.1136277;-0.1899208;3.359474;
KneeRight;0.04645938;-0.7462414;3.308613;
KneeLeft;-0.1577031;-0.6576246;3.252055;
AnkleRight;0.1569207;-1.04904;3.282871;
AnkleLeft;-0.0555174;-1.018091;3.445925;
FootRight;0.07076757;-1.045017;3.291616;
FootLeft;-0.1145799;-1.078325;3.456322;
Head;-0.1867063;0.5738248;3.423543;
ShoulderCenter;-0.07414861;0.3980136;3.420549;
ShoulderRight;-0.02351053;0.2531684;3.280246;
ShoulderLeft;-0.1678867;0.2089638;3.5211;
ElbowRight;-0.02517039;-0.032509;3.189501;
ElbowLeft;-0.2329498;-0.06615868;3.384042;
WristRight;-0.090891;-0.2612542;3.156337;
WristLeft;-0.1623285;-0.3609151;3.257646;
HandRight;-0.1033139;-0.3362037;3.152569;
HandLeft;-0.1387881;-0.4591672;3.220494;
Spine;-0.1106767;-0.06725874;3.368955;
HipCenter;-0.1181808;-0.1605517;3.362439;
HipRight;-0.09014913;-0.180779;3.344681;
HipLeft;-0.1527666;-0.2079831;3.371311;
KneeRight;-0.2147276;-0.6367734;3.287458;
KneeLeft;-0.05549609;-0.6413968;3.464979;
AnkleRight;-0.001216395;-0.962177;3.297087;
AnkleLeft;0.0463569;-0.9454451;3.445025;
FootRight;-0.05801004;-1.050946;3.343593;
FootLeft;-0.04399846;-1.016829;3.447949;
Head;-0.221372;0.5692463;3.401679;
ShoulderCenter;-0.1072204;0.398011;3.413159;
ShoulderRight;-0.04689358;0.2521338;3.277371;
ShoulderLeft;-0.2009586;0.2089612;3.51371;
ElbowRight;-0.06317238;-0.04451169;3.182407;
ElbowLeft;-0.266065;-0.06615563;3.376621;
WristRight;-0.1119477;-0.2784701;3.159095;
WristLeft;-0.1953138;-0.3614541;3.250009;
HandRight;-0.1196599;-0.3509995;3.148877;
HandLeft;-0.1717301;-0.4598869;3.212788;
Spine;-0.1268557;-0.06420278;3.364174;
HipCenter;-0.1316473;-0.1570381;3.358039;
HipRight;-0.100909;-0.1780556;3.339964;
HipLeft;-0.1660105;-0.2060048;3.367552;
KneeRight;-0.2749819;-0.6379493;3.281384;
KneeLeft;-0.08518034;-0.6516421;3.476768;
AnkleRight;-0.1179008;-1.001444;3.284428;
AnkleLeft;-0.01264431;-0.9943038;3.424919;
FootRight;-0.17901;-1.075485;3.28294;
FootLeft;-0.07733646;-1.089872;3.426124;
Head;-0.2298194;0.5783743;3.399988;
ShoulderCenter;-0.1401572;0.3898005;3.402114;
ShoulderRight;-0.09248912;0.2403127;3.26561;
ShoulderLeft;-0.2338953;0.2007508;3.502665;
ElbowRight;-0.07665753;-0.04298557;3.180073;
ElbowLeft;-0.2989744;-0.07436173;3.365553;
WristRight;-0.1370535;-0.2744383;3.155404;
WristLeft;-0.2281449;-0.3699871;3.2388;
HandRight;-0.1605255;-0.3713964;3.152254;
HandLeft;-0.2045351;-0.4685289;3.201539;
Spine;-0.170606;-0.07799973;3.354696;
HipCenter;-0.1761132;-0.1714462;3.349125;
HipRight;-0.143328;-0.1936829;3.337415;
HipLeft;-0.2127306;-0.2172634;3.352475;
KneeRight;-0.3307837;-0.6499223;3.283002;
KneeLeft;-0.1187512;-0.6624574;3.47756;
AnkleRight;-0.1846127;-1.05485;3.314386;
AnkleLeft;-0.07659541;-1.037451;3.43355;
FootRight;-0.2899446;-1.100615;3.299729;
FootLeft;-0.1666526;-1.062364;3.36519;
Head;-0.2886307;0.5761415;3.407764;
ShoulderCenter;-0.1835175;0.3946011;3.407968;
ShoulderRight;-0.1222319;0.2459019;3.268529;
ShoulderLeft;-0.2772557;0.2055513;3.508518;
ElbowRight;-0.1213214;-0.0489824;3.176953;
ElbowLeft;-0.3423537;-0.06956314;3.371386;
WristRight;-0.1591516;-0.285629;3.1546;
WristLeft;-0.2714161;-0.3656396;3.244454;
HandRight;-0.1647276;-0.3489323;3.145921;
HandLeft;-0.2477702;-0.4643317;3.207135;
Spine;-0.1988676;-0.07112172;3.357384;
HipCenter;-0.2026066;-0.1642783;3.351144;
HipRight;-0.1679979;-0.1883737;3.337672;
HipLeft;-0.2399383;-0.209568;3.355863;
KneeRight;-0.3727109;-0.6530139;3.281131;
KneeLeft;-0.1680136;-0.6762116;3.452792;
AnkleRight;-0.3274639;-1.049381;3.259464;
AnkleLeft;-0.06387204;-1.022612;3.445109;
FootRight;-0.4257656;-1.10457;3.288058;
FootLeft;-0.136431;-1.08559;3.43852;
Head;-0.3447855;0.5506927;3.423863;
ShoulderCenter;-0.2086858;0.385762;3.400993;
ShoulderRight;-0.1552939;0.2389553;3.266329;
ShoulderLeft;-0.3024239;0.1967122;3.501543;
ElbowRight;-0.13602;-0.05662555;3.175325;
ElbowLeft;-0.3675112;-0.07840148;3.364399;
WristRight;-0.1973671;-0.2887351;3.15578;
WristLeft;-0.2964998;-0.3747864;3.237344;
HandRight;-0.1788416;-0.3597383;3.147003;
HandLeft;-0.2728293;-0.4735814;3.199987;
Spine;-0.2277992;-0.06800755;3.354298;
HipCenter;-0.2320115;-0.1586374;3.348682;
HipRight;-0.2001863;-0.1800805;3.332383;
HipLeft;-0.2673353;-0.2072843;3.356047;
KneeRight;-0.3963253;-0.6440763;3.280803;
KneeLeft;-0.1765074;-0.6715006;3.453147;
AnkleRight;-0.4503061;-1.044464;3.244699;
AnkleLeft;-0.06202538;-1.021351;3.447827;
FootRight;-0.5564034;-1.092642;3.248835;
FootLeft;-0.1328947;-1.08099;3.451735;
Head;-0.3669949;0.5639587;3.418798;
ShoulderCenter;-0.2584115;0.379199;3.397399;
ShoulderRight;-0.1903482;0.2385408;3.259668;
ShoulderLeft;-0.3521497;0.1901492;3.497949;
ElbowRight;-0.1735757;-0.06537605;3.173804;
ElbowLeft;-0.4172395;-0.08496641;3.360819;
WristRight;-0.2098506;-0.3031139;3.154435;
WristLeft;-0.346228;-0.3813513;3.233771;
HandRight;-0.2037212;-0.3763769;3.145917;
HandLeft;-0.3225575;-0.4801463;3.196414;
Spine;-0.2360975;-0.06647334;3.35385;
HipCenter;-0.2361817;-0.156936;3.348476;
HipRight;-0.204992;-0.1759124;3.325003;
HipLeft;-0.2720859;-0.2109711;3.362107;
KneeRight;-0.4436761;-0.6402824;3.277453;
KneeLeft;-0.1853015;-0.6690305;3.453492;
AnkleRight;-0.5657662;-1.058332;3.252595;
AnkleLeft;-0.05931584;-1.02572;3.44655;
FootRight;-0.6775552;-1.08971;3.258954;
FootLeft;-0.1274133;-1.078474;3.447079;
Head;-0.4010415;0.5519069;3.407406;
ShoulderCenter;-0.2835996;0.3711193;3.37934;
ShoulderRight;-0.2406225;0.2277923;3.256806;
ShoulderLeft;-0.3773378;0.1820695;3.479891;
ElbowRight;-0.2013932;-0.0638174;3.172171;
ElbowLeft;-0.4424275;-0.09304609;3.34277;
WristRight;-0.2601399;-0.3028911;3.158603;
WristLeft;-0.3714161;-0.389431;3.215728;
HandRight;-0.2535343;-0.3765893;3.151212;
HandLeft;-0.3477456;-0.488226;3.17837;
Spine;-0.3228445;-0.08119852;3.350432;
HipCenter;-0.3294355;-0.1712586;3.349211;
HipRight;-0.2996602;-0.1896255;3.337695;
HipLeft;-0.3642014;-0.221083;3.355604;
KneeRight;-0.4637574;-0.6254431;3.280692;
KneeLeft;-0.1950715;-0.6681798;3.457103;
AnkleRight;-0.6453289;-1.022256;3.254057;
AnkleLeft;-0.06259233;-1.029302;3.448794;
FootRight;-0.7583004;-1.048301;3.265721;
FootLeft;-0.1284228;-1.084824;3.449773;
Head;-0.4426361;0.5370631;3.411693;
ShoulderCenter;-0.3088774;0.3667016;3.377527;
ShoulderRight;-0.2681968;0.2192029;3.250403;
ShoulderLeft;-0.4026156;0.1776518;3.478077;
ElbowRight;-0.2499846;-0.07323972;3.162292;
ElbowLeft;-0.4718902;-0.07368756;3.345148;
WristRight;-0.2971735;-0.3337334;3.135916;
WristLeft;-0.4008787;-0.3700725;3.21811;
HandRight;-0.2905678;-0.4074316;3.128525;
HandLeft;-0.3772082;-0.4688675;3.180753;
Spine;-0.339444;-0.07900593;3.348256;
HipCenter;-0.3461835;-0.1681099;3.346337;
HipRight;-0.3318931;-0.1873757;3.309066;
HipLeft;-0.3785341;-0.2248577;3.367127;
KneeRight;-0.4520434;-0.5982914;3.272138;
KneeLeft;-0.2166322;-0.6722548;3.467709;
AnkleRight;-0.6519836;-0.9875882;3.258621;
AnkleLeft;-0.06416036;-1.029601;3.449629;
FootRight;-0.7617369;-1.024392;3.271448;
FootLeft;-0.1256563;-1.089838;3.449047;
Head;-0.4737321;0.546895;3.404095;
ShoulderCenter;-0.360495;0.3615983;3.370352;
ShoulderRight;-0.3188501;0.2158893;3.248024;
ShoulderLeft;-0.4542332;0.1725485;3.470903;
ElbowRight;-0.2709225;-0.07319911;3.160647;
ElbowLeft;-0.5168784;-0.07339452;3.339425;
WristRight;-0.3140516;-0.3217353;3.126399;
WristLeft;-0.4458669;-0.3697794;3.212391;
HandRight;-0.3182724;-0.3957053;3.120069;
HandLeft;-0.4221964;-0.4685744;3.175033;
Spine;-0.3970711;-0.08754238;3.345208;
HipCenter;-0.4043863;-0.1773705;3.343837;
HipRight;-0.3817225;-0.1949918;3.325456;
HipLeft;-0.4324504;-0.2260636;3.357115;
KneeRight;-0.5503798;-0.6527819;3.283572;
KneeLeft;-0.2382217;-0.6927844;3.48253;
AnkleRight;-0.7080765;-1.061334;3.274761;
AnkleLeft;-0.07012735;-1.030077;3.449331;
FootRight;-0.8232015;-1.06776;3.290773;
FootLeft;-0.1274348;-1.094254;3.448581;
Head;-0.5348148;0.543951;3.399146;
ShoulderCenter;-0.4073934;0.3675073;3.365829;
ShoulderRight;-0.3441467;0.2189015;3.246695;
ShoulderLeft;-0.5011317;0.1784575;3.46638;
ElbowRight;-0.3266248;-0.05720908;3.134153;
ElbowLeft;-0.5672518;-0.06731652;3.33449;
WristRight;-0.3730528;-0.2935525;3.113048;
WristLeft;-0.4962403;-0.3637014;3.207453;
HandRight;-0.3720325;-0.3679656;3.11116;
HandLeft;-0.4725698;-0.4624964;3.170095;
Spine;-0.4148524;-0.08699016;3.340261;
HipCenter;-0.4181385;-0.1774366;3.339068;
HipRight;-0.396852;-0.1972732;3.307404;
HipLeft;-0.4488673;-0.2341696;3.361234;
KneeRight;-0.4504573;-0.6175544;3.359421;
KneeLeft;-0.2622059;-0.6810111;3.480528;
AnkleRight;-0.6735736;-0.9941766;3.28998;
AnkleLeft;-0.08295146;-1.025778;3.44689;
FootRight;-0.7755627;-1.049282;3.299184;
FootLeft;-0.1252834;-1.100408;3.452003;
Head;-0.5520245;0.5489749;3.368115;
ShoulderCenter;-0.4402363;0.3653013;3.363251;
ShoulderRight;-0.3979627;0.2196189;3.237099;
ShoulderLeft;-0.5339745;0.1762514;3.463802;
ElbowRight;-0.3691878;-0.07071225;3.136376;
ElbowLeft;-0.5981455;-0.06957819;3.332078;
WristRight;-0.4063014;-0.3434035;3.119041;
WristLeft;-0.5271341;-0.3659631;3.205038;
HandRight;-0.4094378;-0.4176903;3.11312;
HandLeft;-0.5034636;-0.4647581;3.167681;
Spine;-0.4669479;-0.09146763;3.32016;
HipCenter;-0.4707757;-0.1827197;3.31532;
HipRight;-0.4435281;-0.2017509;3.280204;
HipLeft;-0.5013116;-0.2420816;3.341516;
KneeRight;-0.6351728;-0.5849444;3.278638;
KneeLeft;-0.3220386;-0.6731036;3.469316;
AnkleRight;-0.7164398;-1.017308;3.278869;
AnkleLeft;-0.09546575;-1.021199;3.446101;
FootRight;-0.8122708;-1.080501;3.29623;
FootLeft;-0.1215321;-1.102804;3.451065;
Head;-0.5867701;0.5509896;3.340764;
ShoulderCenter;-0.4816922;0.3682535;3.356833;
ShoulderRight;-0.4281614;0.2176479;3.224239;
ShoulderLeft;-0.5754305;0.1792037;3.457384;
ElbowRight;-0.4135619;-0.06292666;3.136458;
ElbowLeft;-0.6409227;-0.06667183;3.325506;
WristRight;-0.4637085;-0.3395646;3.124868;
WristLeft;-0.5699111;-0.3630567;3.198464;
HandRight;-0.4578839;-0.4127054;3.110698;
HandLeft;-0.5462406;-0.4618517;3.161107;
Spine;-0.5186736;-0.08202557;3.312119;
HipCenter;-0.5253206;-0.1721347;3.306952;
HipRight;-0.5010173;-0.1942856;3.298299;
HipLeft;-0.554544;-0.2166831;3.307676;
KneeRight;-0.6662318;-0.5897293;3.270188;
KneeLeft;-0.3063957;-0.7003998;3.494875;
AnkleRight;-0.722136;-1.026019;3.281137;
AnkleLeft;-0.1207744;-1.009599;3.442805;
FootRight;-0.8179119;-1.088836;3.298804;
FootLeft;-0.133394;-1.094297;3.444917;
Head;-0.6316767;0.549585;3.323081;
ShoulderCenter;-0.5208649;0.3689308;3.337133;
ShoulderRight;-0.4761973;0.2210546;3.208105;
ShoulderLeft;-0.6146032;0.179881;3.437684;
ElbowRight;-0.4698053;-0.06556483;3.127864;
ElbowLeft;-0.6748625;-0.1187996;3.289817;
WristRight;-0.5270756;-0.3002429;3.118953;
WristLeft;-0.6177573;-0.4196841;3.160447;
HandRight;-0.5212429;-0.373485;3.104763;
HandLeft;-0.5987223;-0.5199789;3.122312;
Spine;-0.5632506;-0.08154903;3.31162;
HipCenter;-0.5735276;-0.1716291;3.31035;
HipRight;-0.551221;-0.1867636;3.305115;
HipLeft;-0.6033228;-0.2225679;3.310741;
KneeRight;-0.7016332;-0.6607588;3.281193;
KneeLeft;-0.3336969;-0.6984247;3.492724;
AnkleRight;-0.7248776;-1.071964;3.291584;
AnkleLeft;-0.1680397;-0.9780649;3.43612;
FootRight;-0.8285227;-1.112432;3.323512;
FootLeft;-0.185596;-1.060682;3.449772;
Head;-0.6444501;0.5115863;3.344908;
ShoulderCenter;-0.5578373;0.310853;3.300187;
ShoulderRight;-0.5170577;0.2249038;3.202698;
ShoulderLeft;-0.6515756;0.1218032;3.400738;
ElbowRight;-0.51469;-0.05934808;3.118151;
ElbowLeft;-0.7385585;-0.1739842;3.261174;
WristRight;-0.5792985;-0.292006;3.087095;
WristLeft;-0.6676558;-0.4707392;3.133996;
HandRight;-0.5875119;-0.3928233;3.080715;
HandLeft;-0.6440216;-0.5696576;3.096593;
Spine;-0.5341063;-0.1095898;3.281948;
HipCenter;-0.5293601;-0.1936783;3.281959;
HipRight;-0.5021809;-0.1984997;3.267746;
HipLeft;-0.5523239;-0.2635407;3.291258;
KneeRight;-0.7024912;-0.6622622;3.280657;
KneeLeft;-0.3457375;-0.7647046;3.487228;
AnkleRight;-0.7258108;-1.072098;3.291557;
AnkleLeft;-0.1554446;-1.027898;3.435139;
FootRight;-0.83075;-1.112792;3.318147;
FootLeft;-0.240072;-1.02695;3.447158;
Head;-0.6970579;0.5690142;3.323272;
ShoulderCenter;-0.5991525;0.3739684;3.299407;
ShoulderRight;-0.5572823;0.2314077;3.187664;
ShoulderLeft;-0.6928908;0.1849186;3.399958;
ElbowRight;-0.5676084;-0.06555471;3.113329;
ElbowLeft;-0.4605874;-0.04183096;3.419613;
WristRight;-0.6452263;-0.3244703;3.113504;
WristLeft;-0.3717217;-0.3415114;3.30425;
HandRight;-0.6398616;-0.3865055;3.071654;
HandLeft;-0.3420998;-0.4414049;3.270785;
Spine;-0.6200873;-0.0841717;3.292866;
HipCenter;-0.6242743;-0.1757997;3.295217;
HipRight;-0.5924258;-0.1919945;3.283865;
HipLeft;-0.6590756;-0.2242284;3.304316;
KneeRight;-0.7137977;-0.664398;3.275049;
KneeLeft;-0.6339723;-0.6918767;3.368342;
AnkleRight;-0.7261482;-1.072158;3.291558;
AnkleLeft;-0.2860394;-0.9436373;3.44148;
FootRight;-0.8310613;-1.11445;3.319073;
FootLeft;-0.2813839;-1.041692;3.504059;
Head;-0.7572567;0.546199;3.313552;
ShoulderCenter;-0.6195763;0.3783767;3.302461;
ShoulderRight;-0.5750611;0.2333605;3.187181;
ShoulderLeft;-0.7133147;0.1893269;3.403012;
ElbowRight;-0.6075723;-0.02201977;3.09449;
ElbowLeft;-0.4635743;0.0002735888;3.428534;
WristRight;-0.7107763;-0.306268;3.076481;
WristLeft;-0.3925628;-0.2961113;3.301499;
HandRight;-0.7324415;-0.3781315;3.074579;
HandLeft;-0.3688923;-0.3949063;3.264141;
Spine;-0.6589966;-0.06081192;3.286638;
HipCenter;-0.6667714;-0.1478691;3.286467;
HipRight;-0.6374491;-0.1742432;3.298955;
HipLeft;-0.701097;-0.1945716;3.269472;
KneeRight;-0.716445;-0.6659838;3.272235;
KneeLeft;-0.6504401;-0.6971632;3.367759;
AnkleRight;-0.722838;-1.075228;3.298854;
AnkleLeft;-0.3677422;-0.9328805;3.452346;
FootRight;-0.8057803;-1.11143;3.297539;
FootLeft;-0.3739358;-1.030416;3.516467;
Head;-0.7679197;0.5824384;3.307541;
ShoulderCenter;-0.6681778;0.3891804;3.296;
ShoulderRight;-0.6326166;0.2367982;3.173132;
ShoulderLeft;-0.761916;0.2001306;3.39655;
ElbowRight;-0.661642;-0.03222514;3.080825;
ElbowLeft;-0.5115197;-0.005217716;3.424594;
WristRight;-0.7521663;-0.2777304;3.05251;
WristLeft;-0.4294054;-0.3053071;3.303015;
HandRight;-0.776804;-0.3545702;3.048152;
HandLeft;-0.4020339;-0.4053369;3.267477;
Spine;-0.6825309;-0.004913531;3.288389;
HipCenter;-0.6854015;-0.08373232;3.290525;
HipRight;-0.6638361;-0.1369991;3.235686;
HipLeft;-0.7116937;-0.1602503;3.339755;
KneeRight;-0.7211326;-0.6712477;3.267629;
KneeLeft;-0.6873686;-0.6902115;3.348429;
AnkleRight;-0.7304603;-1.071977;3.293246;
AnkleLeft;-0.4268121;-0.9246541;3.446851;
FootRight;-0.8219754;-1.113511;3.298011;
FootLeft;-0.462697;-1.021536;3.502061;
Head;-0.8106589;0.5656394;3.266799;
ShoulderCenter;-0.6954409;0.3912436;3.29197;
ShoulderRight;-0.6476878;0.2397698;3.170637;
ShoulderLeft;-0.7891792;0.2021938;3.39252;
ElbowRight;-0.7111143;-0.03157462;3.068013;
ElbowLeft;-0.5392697;-0.008459404;3.404752;
WristRight;-0.8138064;-0.2683526;3.059851;
WristLeft;-0.7157453;-0.1900216;3.178966;
HandRight;-0.8468955;-0.3573529;3.040809;
HandLeft;-0.7310839;-0.253175;3.141417;
Spine;-0.7111008;0.002197998;3.287461;
HipCenter;-0.714372;-0.075535;3.290238;
HipRight;-0.6896123;-0.1285559;3.242121;
HipLeft;-0.750391;-0.1338751;3.332501;
KneeRight;-0.7315555;-0.6760603;3.26067;
KneeLeft;-0.7285646;-0.6254847;3.366614;
AnkleRight;-0.7318848;-1.068177;3.288299;
AnkleLeft;-0.5195214;-0.9467216;3.443588;
FootRight;-0.8305597;-1.114141;3.295102;
FootLeft;-0.5606078;-1.019671;3.475728;
Head;-0.8316644;0.5328137;3.323766;
ShoulderCenter;-0.7438767;0.3302015;3.276098;
ShoulderRight;-0.6908535;0.2464647;3.168779;
ShoulderLeft;-0.837615;0.1411517;3.376649;
ElbowRight;-0.7563995;-0.01575704;3.054171;
ElbowLeft;-0.566776;-0.02814929;3.401733;
WristRight;-0.8619918;-0.2348616;3.022958;
WristLeft;-0.7543936;-0.1824982;3.163747;
HandRight;-0.897953;-0.3296213;3.013815;
HandLeft;-0.884763;-0.3580307;3.022321;
Spine;-0.7305031;-0.01322409;3.258288;
HipCenter;-0.7282987;-0.08301779;3.259652;
HipRight;-0.7037053;-0.1449026;3.18977;
HipLeft;-0.7539827;-0.1746293;3.303333;
KneeRight;-0.7333918;-0.6803885;3.261156;
KneeLeft;-0.9328818;-0.6341398;3.442022;
AnkleRight;-0.7314289;-1.068266;3.288177;
AnkleLeft;-0.6499521;-0.9751456;3.405969;
FootRight;-0.8070225;-1.107776;3.274825;
FootLeft;-0.6707393;-1.072561;3.437629;
Head;-0.8740603;0.5881752;3.345839;
ShoulderCenter;-0.7751786;0.391882;3.279117;
ShoulderRight;-0.7209732;0.2472964;3.160404;
ShoulderLeft;-0.7785291;0.2569644;3.123819;
ElbowRight;-0.7970428;-0.0142622;3.057893;
ElbowLeft;-0.7242847;-0.01461346;3.254253;
WristRight;-0.9176526;-0.2335411;3.013071;
WristLeft;-0.8885099;-0.2293768;3.051555;
HandRight;-0.952839;-0.3288794;3.00893;
HandLeft;-0.9129993;-0.2998861;3.042605;
Spine;-0.7847386;-0.01278769;3.288384;
HipCenter;-0.7683798;-0.08994429;3.261472;
HipRight;-0.7598381;-0.1368015;3.207726;
HipLeft;-0.7759606;-0.1629872;3.30664;
KneeRight;-0.7360868;-0.6768816;3.258619;
KneeLeft;-0.9487131;-0.6702572;3.441597;
AnkleRight;-0.7307851;-1.066281;3.287862;
AnkleLeft;-0.6651549;-1.01202;3.405485;
FootRight;-0.8005763;-1.117431;3.280317;
FootLeft;-0.740561;-1.067164;3.334196;
Head;-0.9225665;0.5827545;3.287151;
ShoulderCenter;-0.8134208;0.3955198;3.285605;
ShoulderRight;-0.7557065;0.2545745;3.160506;
ShoulderLeft;-0.7896645;0.2471331;3.113558;
ElbowRight;-0.8470508;-0.02128334;3.048317;
ElbowLeft;-0.8860872;-0.06288947;3.034781;
WristRight;-0.9877529;-0.2491471;2.999095;
WristLeft;-0.9873706;-0.2838169;2.986727;
HandRight;-1.035925;-0.3221001;3.009533;
HandLeft;-1.032832;-0.337633;3.012686;
Spine;-0.8350844;0.01461113;3.285184;
HipCenter;-0.8063842;-0.0598055;3.265402;
HipRight;-0.7876362;-0.1338232;3.191398;
HipLeft;-0.8132044;-0.1516184;3.329187;
KneeRight;-0.7494835;-0.6687711;3.253541;
KneeLeft;-0.9712201;-0.6768033;3.442424;
AnkleRight;-0.7307212;-1.066146;3.287845;
AnkleLeft;-0.9076732;-1.05082;3.443712;
FootRight;-0.6556745;-1.108767;3.233301;
FootLeft;-0.8326265;-1.09344;3.389169;
Head;-0.9514488;0.5742372;3.256893;
ShoulderCenter;-0.8501432;0.3929811;3.288434;
ShoulderRight;-0.7908502;0.2538922;3.151338;
ShoulderLeft;-0.86487;0.2343997;3.09757;
ElbowRight;-0.8904549;-0.02939724;3.039971;
ElbowLeft;-0.9517786;-0.07974041;3.032322;
WristRight;-1.042832;-0.2360407;2.997803;
WristLeft;-1.073423;-0.2872937;2.987942;
HandRight;-1.094854;-0.3136936;3.01612;
HandLeft;-1.101638;-0.3562901;2.995528;
Spine;-0.8494655;0.004552706;3.290716;
HipCenter;-0.8275801;-0.06935971;3.262014;
HipRight;-0.8038362;-0.1335473;3.192267;
HipLeft;-0.8467724;-0.1509833;3.317434;
KneeRight;-0.7623038;-0.6765493;3.248997;
KneeLeft;-1.028892;-0.6718515;3.443023;
AnkleRight;-0.7316142;-1.066572;3.289199;
AnkleLeft;-0.9635141;-1.054538;3.456751;
FootRight;-0.7909495;-1.129476;3.29572;
FootLeft;-0.9097587;-1.096086;3.380642;
Head;-0.9971701;0.5635602;3.278839;
ShoulderCenter;-0.8719341;0.387304;3.281347;
ShoulderRight;-0.8160107;0.246338;3.150779;
ShoulderLeft;-0.8797476;0.229857;3.091338;
ElbowRight;-0.9258436;-0.02416033;3.034599;
ElbowLeft;-0.98203;-0.08112159;3.061898;
WristRight;-1.091485;-0.2371233;3.003251;
WristLeft;-1.138108;-0.2688601;3.01428;
HandRight;-1.156796;-0.2951791;3.020228;
HandLeft;-1.188435;-0.3157669;3.043761;
Spine;-0.8892456;0.01410345;3.286453;
HipCenter;-0.8663304;-0.05709358;3.261718;
HipRight;-0.850961;-0.1433861;3.175899;
HipLeft;-0.8795226;-0.150336;3.331852;
KneeRight;-0.7843165;-0.6772379;3.247372;
KneeLeft;-1.058048;-0.6890676;3.447454;
AnkleRight;-0.7321992;-1.067024;3.290292;
AnkleLeft;-1.072195;-1.066757;3.467804;
FootRight;-0.7935107;-1.128228;3.284974;
FootLeft;-1.00925;-1.109267;3.399557;
Head;-1.025696;0.5692062;3.290069;
ShoulderCenter;-0.9065318;0.3853514;3.278524;
ShoulderRight;-0.8453763;0.2398985;3.151786;
ShoulderLeft;-0.9225565;0.2284575;3.10101;
ElbowRight;-0.9728428;-0.03033249;3.032289;
ElbowLeft;-1.028574;-0.0772109;3.016189;
WristRight;-1.147923;-0.2368441;3.014942;
WristLeft;-1.175286;-0.2703451;3.006981;
HandRight;-1.225327;-0.2929029;3.049388;
HandLeft;-1.255494;-0.3235364;3.039505;
Spine;-0.9229544;0.00376213;3.284411;
HipCenter;-0.9040737;-0.06952812;3.254965;
HipRight;-0.880551;-0.1447039;3.178191;
HipLeft;-0.9244752;-0.1483471;3.317041;
KneeRight;-0.8510227;-0.7030982;3.281154;
KneeLeft;-1.107317;-0.6671832;3.441883;
AnkleRight;-0.7327207;-1.066755;3.290832;
AnkleLeft;-1.233458;-1.048858;3.48195;
FootRight;-0.681659;-1.109224;3.21307;
FootLeft;-1.182396;-1.091327;3.404188;
Head;-1.018315;0.5863801;3.284635;
ShoulderCenter;-0.9530029;0.3770006;3.271005;
ShoulderRight;-0.8878629;0.2403662;3.160834;
ShoulderLeft;-0.9260339;0.2266628;3.100534;
ElbowRight;-0.9905455;-0.02107725;3.035409;
ElbowLeft;-1.080939;-0.05579787;3.012285;
WristRight;-1.167997;-0.2149443;3.020126;
WristLeft;-1.226588;-0.2512006;3.026741;
HandRight;-1.2277;-0.2871668;3.023572;
HandLeft;-1.277283;-0.3060663;3.031827;
Spine;-0.9689651;-0.003633081;3.277255;
HipCenter;-0.9383488;-0.077417;3.259657;
HipRight;-0.932752;-0.1497158;3.19405;
HipLeft;-0.9418305;-0.1488296;3.318303;
KneeRight;-0.8797225;-0.6492339;3.272272;
KneeLeft;-1.111976;-0.6537312;3.435107;
AnkleRight;-0.7382309;-1.069164;3.291007;
AnkleLeft;-1.307824;-1.042769;3.500401;
FootRight;-0.6600311;-1.111806;3.240777;
FootLeft;-1.229624;-1.085411;3.450171;
Head;-1.115584;0.5423404;3.323209;
ShoulderCenter;-0.9815333;0.3663959;3.268601;
ShoulderRight;-0.9260064;0.2311587;3.159071;
ShoulderLeft;-0.9755539;0.2102349;3.093571;
ElbowRight;-1.055128;-0.04539817;3.038713;
ElbowLeft;-1.160082;-0.05851519;3.085986;
WristRight;-1.220805;-0.2210466;3.028257;
WristLeft;-1.275035;-0.2662351;3.026704;
HandRight;-1.259166;-0.2886453;3.026049;
HandLeft;-1.33927;-0.3038247;3.032802;
Spine;-1.020265;-0.01569747;3.290697;
HipCenter;-0.9937153;-0.09189238;3.274303;
HipRight;-0.9852331;-0.1593996;3.215378;
HipLeft;-1.00347;-0.1622548;3.330616;
KneeRight;-0.8917562;-0.6989525;3.270684;
KneeLeft;-1.208342;-0.6752396;3.460079;
AnkleRight;-0.7401301;-1.070395;3.289955;
AnkleLeft;-1.387017;-1.050471;3.501648;
FootRight;-0.6665517;-1.115521;3.23513;
FootLeft;-1.313438;-1.095597;3.446822;
Head;-1.125706;0.5721249;3.301787;
ShoulderCenter;-1.034263;0.3713974;3.279159;
ShoulderRight;-0.9646335;0.2326065;3.163557;
ShoulderLeft;-1.055283;0.2090003;3.126646;
ElbowRight;-1.093033;-0.050894;3.04383;
ElbowLeft;-1.180913;-0.09168944;3.079624;
WristRight;-1.26877;-0.2209678;3.02645;
WristLeft;-1.31903;-0.28431;3.019822;
HandRight;-1.321096;-0.2975048;3.024723;
HandLeft;-1.358113;-0.3042916;3.066507;
Spine;-1.035534;-0.001539691;3.301892;
HipCenter;-1.022763;-0.07395793;3.273992;
HipRight;-0.9994099;-0.1566604;3.20666;
HipLeft;-1.043327;-0.1468806;3.339519;
KneeRight;-0.8958496;-0.6985295;3.265383;
KneeLeft;-1.217578;-0.6765071;3.458947;
AnkleRight;-0.7421808;-1.06927;3.289324;
AnkleLeft;-1.388306;-1.049877;3.499397;
FootRight;-0.8287854;-1.115659;3.287247;
FootLeft;-1.503499;-1.07452;3.499246;
Head;-1.157029;0.5691348;3.316037;
ShoulderCenter;-1.059608;0.3707901;3.288522;
ShoulderRight;-1.002021;0.2292337;3.172095;
ShoulderLeft;-1.067482;0.2092912;3.124211;
ElbowRight;-1.114691;-0.04627012;3.050158;
ElbowLeft;-1.192274;-0.09096935;3.076247;
WristRight;-1.295656;-0.2193443;3.037078;
WristLeft;-1.358229;-0.2647246;3.046518;
HandRight;-1.347983;-0.2958813;3.035351;
HandLeft;-1.402504;-0.3206072;3.068456;
Spine;-1.07332;0.02175612;3.297943;
HipCenter;-1.05449;-0.0434324;3.270993;
HipRight;-1.036007;-0.15186;3.167277;
HipLeft;-1.060589;-0.1474132;3.349513;
KneeRight;-0.9213713;-0.7000482;3.249969;
KneeLeft;-1.256158;-0.6851872;3.456832;
AnkleRight;-0.7533025;-1.064577;3.289114;
AnkleLeft;-1.417567;-1.06087;3.480512;
FootRight;-0.8290725;-1.115888;3.287425;
FootLeft;-1.525542;-1.107688;3.472141;
Head;-1.226498;0.5510948;3.323307;
ShoulderCenter;-1.11479;0.3605357;3.297047;
ShoulderRight;-1.039733;0.2237187;3.178543;
ShoulderLeft;-1.080152;0.210168;3.123316;
ElbowRight;-1.16228;-0.05649203;3.067785;
ElbowLeft;-1.204092;-0.08976346;3.074967;
WristRight;-1.325199;-0.2329634;3.045862;
WristLeft;-1.415244;-0.2927687;3.077334;
HandRight;-1.39919;-0.2994458;3.061868;
HandLeft;-1.398252;-0.3589813;3.047795;
Spine;-1.117079;-0.02840596;3.289025;
HipCenter;-1.08655;-0.1020131;3.267384;
HipRight;-1.072179;-0.1647033;3.20739;
HipLeft;-1.093267;-0.1646765;3.315273;
KneeRight;-0.9493346;-0.704935;3.250794;
KneeLeft;-1.291499;-0.6890541;3.463453;
AnkleRight;-0.7602598;-1.061983;3.292625;
AnkleLeft;-1.423677;-1.057299;3.481128;
FootRight;-0.6855258;-1.103258;3.236124;
FootLeft;-1.491631;-1.109909;3.467453;
Head;-1.225917;0.5643981;3.312553;
ShoulderCenter;-1.139116;0.3625823;3.298926;
ShoulderRight;-1.085576;0.2253299;3.188671;
ShoulderLeft;-1.13775;0.2340951;3.141546;
ElbowRight;-1.183914;-0.05562636;3.076288;
ElbowLeft;-1.127866;-0.003899963;3.266795;
WristRight;-1.349986;-0.242;3.068311;
WristLeft;-1.280845;-0.1886998;3.25899;
HandRight;-1.416221;-0.3174891;3.076778;
HandLeft;-1.336487;-0.2401669;3.192563;
Spine;-1.133698;-0.02435284;3.295765;
HipCenter;-1.105219;-0.09688861;3.269252;
HipRight;-1.08968;-0.1587951;3.207543;
HipLeft;-1.111315;-0.1614549;3.318656;
KneeRight;-1.017105;-0.7008576;3.260223;
KneeLeft;-1.328829;-0.6824307;3.460735;
AnkleRight;-0.7934748;-1.041549;3.291398;
AnkleLeft;-1.414154;-1.049075;3.480535;
FootRight;-0.8295141;-1.12053;3.292138;
FootLeft;-1.349887;-1.090012;3.412518;
Head;-1.26117;0.5848945;3.332727;
ShoulderCenter;-1.195752;0.3757592;3.324691;
ShoulderRight;-1.091274;0.2123603;3.226582;
ShoulderLeft;-1.188545;0.2101546;3.151421;
ElbowRight;-1.214294;-0.04460695;3.092422;
ElbowLeft;-1.284483;-0.09892178;3.087954;
WristRight;-1.365086;-0.242308;3.077996;
WristLeft;-1.436376;-0.2852315;3.081001;
HandRight;-1.426372;-0.3222737;3.08287;
HandLeft;-1.452446;-0.333178;3.081491;
Spine;-1.164674;-0.0167906;3.310935;
HipCenter;-1.131415;-0.08782673;3.277943;
HipRight;-1.095663;-0.157214;3.205266;
HipLeft;-1.153754;-0.165734;3.340299;
KneeRight;-1.108798;-0.6581476;3.268898;
KneeLeft;-1.372233;-0.6922831;3.463548;
AnkleRight;-0.8387852;-1.009613;3.299154;
AnkleLeft;-1.413711;-1.047926;3.480618;
FootRight;-0.7806726;-1.049378;3.224789;
FootLeft;-1.494325;-1.106566;3.480837;
Head;-1.357815;0.5609049;3.383084;
ShoulderCenter;-1.233248;0.3779455;3.317979;
ShoulderRight;-1.128175;0.2372339;3.299073;
ShoulderLeft;-1.264449;0.2087204;3.160727;
ElbowRight;-1.247111;-0.0292953;3.126616;
ElbowLeft;-1.384519;-0.08662063;3.127298;
WristRight;-1.375586;-0.2424873;3.087064;
WristLeft;-1.422656;-0.3220577;3.083652;
HandRight;-1.431679;-0.3262917;3.090356;
HandLeft;-1.459012;-0.3871724;3.083897;
Spine;-1.233765;-0.01485963;3.318143;
HipCenter;-1.202126;-0.08861966;3.29084;
HipRight;-1.168604;-0.15179;3.228032;
HipLeft;-1.225091;-0.160312;3.341752;
KneeRight;-1.199427;-0.6343911;3.277039;
KneeLeft;-1.405233;-0.7058797;3.444995;
AnkleRight;-0.909353;-0.9537654;3.287755;
AnkleLeft;-1.414571;-1.048056;3.480876;
FootRight;-0.8433378;-0.9949669;3.221505;
FootLeft;-1.482096;-1.105046;3.474033;
Head;-1.360131;0.5893599;3.366425;
ShoulderCenter;-1.282597;0.3812452;3.332364;
ShoulderRight;-1.20106;0.2502509;3.209689;
ShoulderLeft;-1.263983;0.2200299;3.159449;
ElbowRight;-1.273106;-0.0583691;3.110604;
ElbowLeft;-1.351185;-0.09185117;3.109795;
WristRight;-1.40251;-0.260217;3.100883;
WristLeft;-1.426784;-0.3189878;3.109261;
HandRight;-1.447928;-0.3498463;3.093197;
HandLeft;-1.463249;-0.3732227;3.073528;
Spine;-1.266282;-0.06854128;3.315293;
HipCenter;-1.236622;-0.1513685;3.278202;
HipRight;-1.217578;-0.1727373;3.301326;
HipLeft;-1.2505;-0.1898663;3.247302;
KneeRight;-1.251885;-0.6713184;3.287057;
KneeLeft;-1.394301;-0.7441498;3.354985;
AnkleRight;-0.9498458;-0.954011;3.294878;
AnkleLeft;-1.415079;-1.048162;3.481557;
FootRight;-0.9651182;-1.062287;3.338464;
FootLeft;-1.481595;-1.105289;3.472017;
Head;-1.347032;0.550465;3.363461;
ShoulderCenter;-1.314039;0.3318985;3.343429;
ShoulderRight;-1.228876;0.2503015;3.21215;
ShoulderLeft;-1.300694;0.2227345;3.161594;
ElbowRight;-1.301867;-0.05639335;3.118137;
ElbowLeft;-1.333975;-0.03595868;3.111622;
WristRight;-1.424057;-0.2626239;3.113485;
WristLeft;-1.41568;-0.258098;3.135933;
HandRight;-1.458689;-0.3570348;3.107378;
HandLeft;-1.44934;-0.3523503;3.124373;
Spine;-1.284041;-0.08696676;3.323927;
HipCenter;-1.252841;-0.1628207;3.28328;
HipRight;-1.228094;-0.1761872;3.300587;
HipLeft;-1.272099;-0.2031532;3.261096;
KneeRight;-1.306861;-0.6761421;3.296956;
KneeLeft;-1.402951;-0.7188993;3.282124;
AnkleRight;-1.064761;-0.9207537;3.290535;
AnkleLeft;-1.416404;-1.048836;3.481166;
FootRight;-1.014473;-0.9605818;3.210706;
FootLeft;-1.366115;-1.088664;3.401337;
Head;-1.416095;0.5136622;3.361043;
ShoulderCenter;-1.3332;0.3090912;3.334113;
ShoulderRight;-1.256789;0.2520543;3.213133;
ShoulderLeft;-1.315053;0.21893;3.151425;
ElbowRight;-1.314652;-0.05310799;3.120235;
ElbowLeft;-1.343206;-0.03946001;3.10269;
WristRight;-1.426039;-0.2655147;3.11389;
WristLeft;-1.424933;-0.2616576;3.127008;
HandRight;-1.458265;-0.3607869;3.10971;
HandLeft;-1.45746;-0.3565989;3.119205;
Spine;-1.320831;-0.04289851;3.335098;
HipCenter;-1.284373;-0.1043562;3.304189;
HipRight;-1.260907;-0.1623019;3.244853;
HipLeft;-1.290619;-0.1765193;3.349961;
KneeRight;-1.338495;-0.6792888;3.302368;
KneeLeft;-1.43006;-0.7152717;3.281853;
AnkleRight;-1.124882;-0.9280574;3.309259;
AnkleLeft;-1.417275;-1.0484;3.482493;
FootRight;-1.147815;-1.001469;3.268534;
FootLeft;-1.352446;-1.08857;3.414183;
Head;-1.451882;0.5082582;3.34937;
ShoulderCenter;-1.360733;0.308813;3.328634;
ShoulderRight;-1.302546;0.250166;3.218912;
ShoulderLeft;-1.363002;0.2231731;3.161483;
ElbowRight;-1.33262;-0.05248983;3.12393;
ElbowLeft;-1.373222;-0.002226606;3.052182;
WristRight;-1.452103;-0.3113637;3.128985;
WristLeft;-1.504831;-0.06571789;3.22669;
HandRight;-1.451906;-0.3796802;3.099694;
HandLeft;-1.538419;-0.160382;3.221793;
Spine;-1.35318;-0.1056143;3.332788;
HipCenter;-1.31768;-0.1824802;3.300998;
HipRight;-1.298338;-0.1876107;3.306709;
HipLeft;-1.333566;-0.2098343;3.292586;
KneeRight;-1.391652;-0.6714122;3.300879;
KneeLeft;-1.443887;-0.7219112;3.383925;
AnkleRight;-1.221442;-0.960989;3.329701;
AnkleLeft;-1.415923;-1.05191;3.471091;
FootRight;-1.252799;-1.044685;3.323744;
FootLeft;-1.470593;-1.116948;3.453297;
Head;-1.486691;0.5439554;3.349917;
ShoulderCenter;-1.406227;0.3418184;3.332901;
ShoulderRight;-1.345402;0.2564771;3.209407;
ShoulderLeft;-1.426356;0.2681342;3.182905;
ElbowRight;-1.367043;-0.05117894;3.129008;
ElbowLeft;-1.435706;0.04333362;3.073662;
WristRight;-1.470829;-0.3137819;3.141915;
WristLeft;-1.567812;-0.02155208;3.246561;
HandRight;-1.480133;-0.3952409;3.150843;
HandLeft;-1.601347;-0.1160668;3.241672;
Spine;-1.370136;-0.07990469;3.340317;
HipCenter;-1.346832;-0.1574468;3.298711;
HipRight;-1.31904;-0.1791402;3.312502;
HipLeft;-1.362509;-0.1904333;3.278264;
KneeRight;-1.425092;-0.6654889;3.29513;
KneeLeft;-1.423044;-0.6659042;3.478474;
AnkleRight;-1.337251;-0.9991064;3.345053;
AnkleLeft;-1.365918;-0.9747434;3.544236;
FootRight;-1.305671;-1.040203;3.257152;
FootLeft;-1.448474;-1.049408;3.50708;
Head;-1.564087;0.585694;3.320477;
ShoulderCenter;-1.454362;0.4034307;3.328874;
ShoulderRight;-1.367586;0.2578464;3.214162;
ShoulderLeft;-1.428379;0.268176;3.180691;
ElbowRight;-1.397425;-0.05607193;3.137405;
ElbowLeft;-1.437706;0.04393862;3.071696;
WristRight;-1.471183;-0.3133994;3.141665;
WristLeft;-1.569529;-0.02236391;3.243562;
HandRight;-1.478907;-0.3941963;3.149024;
HandLeft;-1.603031;-0.1167862;3.238678;
Spine;-1.455687;-0.07077192;3.335116;
HipCenter;-1.430914;-0.1608404;3.29603;
HipRight;-1.414302;-0.1800723;3.314495;
HipLeft;-1.445467;-0.1911715;3.273363;
KneeRight;-1.487563;-0.6823008;3.291528;
KneeLeft;-1.470166;-0.6866979;3.473167;
AnkleRight;-1.450126;-1.041905;3.321472;
AnkleLeft;-1.398791;-1.055754;3.480752;
FootRight;-1.403395;-1.08374;3.241013;
FootLeft;-1.455532;-1.157207;3.464889;
Head;-1.613679;0.5651303;3.345469;
ShoulderCenter;-1.471984;0.3995354;3.32576;
ShoulderRight;-1.401376;0.2537501;3.209786;
ShoulderLeft;-1.480854;0.2585428;3.1776;
ElbowRight;-1.423535;-0.06510779;3.140838;
ElbowLeft;-1.580105;0.04375274;3.174132;
WristRight;-1.487871;-0.2938555;3.139889;
WristLeft;-1.659148;-0.1771135;3.19952;
HandRight;-1.484472;-0.3584006;3.142324;
HandLeft;-1.692651;-0.2715375;3.194636;
Spine;-1.4688;-0.05737811;3.341928;
HipCenter;-1.450513;-0.1431117;3.303164;
HipRight;-1.430141;-0.1726946;3.330915;
HipLeft;-1.462113;-0.187305;3.270308;
KneeRight;-1.515884;-0.6701267;3.286837;
KneeLeft;-1.48764;-0.679765;3.476949;
AnkleRight;-1.54243;-1.05291;3.282519;
AnkleLeft;-1.429078;-1.066199;3.47096;
FootRight;-1.506382;-1.095348;3.196953;
FootLeft;-1.485858;-1.167723;3.455086;
Head;-1.596234;0.5939379;3.328164;
ShoulderCenter;-1.523437;0.3908272;3.323723;
ShoulderRight;-1.438352;0.2511574;3.20653;
ShoulderLeft;-1.51318;0.2535529;3.177639;
ElbowRight;-1.446643;-0.06870785;3.144306;
ElbowLeft;-1.396709;0.06988099;3.385103;
WristRight;-1.572015;-0.3418476;3.145169;
WristLeft;-1.408136;-0.1403403;3.480502;
HandRight;-1.613806;-0.4328942;3.150466;
HandLeft;-1.441636;-0.2347539;3.475618;
Spine;-1.509004;-0.05381105;3.343376;
HipCenter;-1.487233;-0.1388666;3.30512;
HipRight;-1.470779;-0.1680459;3.331691;
HipLeft;-1.504526;-0.1772788;3.274538;
KneeRight;-1.515045;-0.6533467;3.305547;
KneeLeft;-1.559391;-0.672164;3.408577;
AnkleRight;-1.636335;-1.074185;3.278431;
AnkleLeft;-1.425508;-1.063704;3.474081;
FootRight;-1.697434;-1.132331;3.258463;
FootLeft;-1.527579;-1.119841;3.460602;
Head;-1.640744;0.5719569;3.303849;
ShoulderCenter;-1.536307;0.3896099;3.323477;
ShoulderRight;-1.476856;0.234937;3.195301;
ShoulderLeft;-1.527445;0.2466627;3.166964;
ElbowRight;-1.493803;-0.07844227;3.135268;
ElbowLeft;-1.434389;0.07738891;3.394367;
WristRight;-1.569029;-0.3369776;3.136317;
WristLeft;-1.448799;-0.1306187;3.506899;
HandRight;-1.594105;-0.4231561;3.141677;
HandLeft;-1.482318;-0.2250874;3.502012;
Spine;-1.570507;-0.07726397;3.348163;
HipCenter;-1.551678;-0.1693813;3.315861;
HipRight;-1.53672;-0.1882518;3.332049;
HipLeft;-1.566849;-0.1911906;3.298039;
KneeRight;-1.488916;-0.6940491;3.492925;
KneeLeft;-1.591683;-0.6462541;3.39239;
AnkleRight;-1.610551;-1.121779;3.458135;
AnkleLeft;-1.429371;-1.046077;3.473102;
FootRight;-1.494721;-1.103691;3.461982;
FootLeft;-1.494808;-1.106511;3.450438;
Head;-1.638882;0.5781664;3.299618;
ShoulderCenter;-1.568962;0.3782277;3.31451;
ShoulderRight;-1.508231;0.2313484;3.191516;
ShoulderLeft;-1.533573;0.2412278;3.164557;
ElbowRight;-1.513084;-0.03670563;3.128755;
ElbowLeft;-1.451159;0.06760417;3.392463;
WristRight;-1.5741;-0.3325741;3.123786;
WristLeft;-1.47465;-0.1376891;3.494393;
HandRight;-1.508904;-0.3496637;3.09269;
HandLeft;-1.50819;-0.23222;3.489503;
Spine;-1.603452;-0.06552265;3.339829;
HipCenter;-1.578816;-0.152809;3.316138;
HipRight;-1.58137;-0.1684395;3.344233;
HipLeft;-1.580045;-0.1894356;3.291996;
KneeRight;-1.497201;-0.6954643;3.490033;
KneeLeft;-1.574072;-0.6390371;3.419406;
AnkleRight;-1.618835;-1.123195;3.455249;
AnkleLeft;-1.433699;-1.052868;3.479916;
FootRight;-1.502451;-1.107116;3.461789;
FootLeft;-1.366211;-1.097595;3.417348;
Head;-1.716634;0.5612807;3.300368;
ShoulderCenter;-1.614069;0.3704202;3.2948;
ShoulderRight;-1.558151;0.2288611;3.184683;
ShoulderLeft;-1.610608;0.2386252;3.153242;
ElbowRight;-1.540754;-0.02683019;3.112943;
ElbowLeft;-1.547278;-0.008344069;3.055527;
WristRight;-1.575074;-0.2902267;3.092558;
WristLeft;-1.628082;-0.2280338;3.079409;
HandRight;-1.510117;-0.3084277;3.061566;
HandLeft;-1.661627;-0.3225787;3.074518;
Spine;-1.614691;-0.06008837;3.339772;
HipCenter;-1.594223;-0.1468136;3.314974;
HipRight;-1.585103;-0.1744188;3.348625;
HipLeft;-1.615008;-0.1802247;3.275887;
KneeRight;-1.512623;-0.6957179;3.489223;
KneeLeft;-1.603635;-0.6009603;3.359387;
AnkleRight;-1.634258;-1.123448;3.454451;
AnkleLeft;-1.456321;-1.002498;3.460892;
FootRight;-1.517142;-1.109152;3.460252;
FootLeft;-1.520314;-1.097481;3.489825;
Head;-1.725184;0.5581658;3.292245;
ShoulderCenter;-1.623034;0.3686968;3.293975;
ShoulderRight;-1.562901;0.2286131;3.18246;
ShoulderLeft;-1.607448;0.239807;3.148567;
ElbowRight;-1.584446;-0.05400337;3.106259;
ElbowLeft;-1.579211;-0.04611658;3.087455;
WristRight;-1.627764;-0.3542617;3.105369;
WristLeft;-1.660039;-0.2658713;3.111349;
HandRight;-1.625852;-0.4282842;3.11018;
HandLeft;-1.693569;-0.3603728;3.106461;
Spine;-1.605064;-0.05646787;3.336528;
HipCenter;-1.571559;-0.1373571;3.319397;
HipRight;-1.557735;-0.1730251;3.363797;
HipLeft;-1.560427;-0.1856278;3.277123;
KneeRight;-1.535098;-0.6985592;3.486965;
KneeLeft;-1.692952;-0.5942405;3.306524;
AnkleRight;-1.656732;-1.12629;3.452197;
AnkleLeft;-1.526949;-0.9819878;3.425366;
FootRight;-1.539207;-1.114993;3.456495;
FootLeft;-1.541079;-1.087283;3.477053;
Head;-1.723828;0.5567546;3.261345;
ShoulderCenter;-1.653429;0.364228;3.297501;
ShoulderRight;-1.581621;0.2190504;3.19282;
ShoulderLeft;-1.611896;0.2239674;3.139974;
ElbowRight;-1.601997;-0.06563163;3.115407;
ElbowLeft;-1.629827;-0.009654462;3.073744;
WristRight;-1.648406;-0.2976229;3.117043;
WristLeft;-1.719519;-0.2233051;3.109321;
HandRight;-1.652505;-0.3976038;3.108863;
HandLeft;-1.753052;-0.3178122;3.104432;
Spine;-1.625035;-0.06866968;3.347835;
HipCenter;-1.587121;-0.154038;3.347075;
HipRight;-1.577598;-0.1944802;3.402284;
HipLeft;-1.58858;-0.2080694;3.306818;
KneeRight;-1.577451;-0.7021897;3.482064;
KneeLeft;-1.625303;-0.6396245;3.40168;
AnkleRight;-1.699086;-1.12992;3.447296;
AnkleLeft;-1.455774;-1.043666;3.464659;
FootRight;-1.581385;-1.12013;3.452457;
FootLeft;-1.373951;-1.085862;3.418917;
Head;-1.792133;0.5346901;3.275055;
ShoulderCenter;-1.666821;0.3709625;3.308432;
ShoulderRight;-1.603591;0.1709139;3.243264;
ShoulderLeft;-1.618621;0.2248233;3.144628;
ElbowRight;-1.64008;-0.1012864;3.166836;
ElbowLeft;-1.650559;-0.05819728;3.128392;
WristRight;-1.692278;-0.3689974;3.193826;
WristLeft;-1.731329;-0.2777939;3.152259;
HandRight;-1.704012;-0.468244;3.184265;
HandLeft;-1.76486;-0.3722967;3.147371;
Spine;-1.664007;-0.04903909;3.364189;
HipCenter;-1.6243;-0.1309218;3.373665;
HipRight;-1.610314;-0.1931047;3.453586;
HipLeft;-1.613473;-0.2135884;3.306442;
KneeRight;-1.632669;-0.6862006;3.462035;
KneeLeft;-1.670242;-0.6180264;3.430373;
AnkleRight;-1.754304;-1.113931;3.427269;
AnkleLeft;-1.509909;-1.029153;3.476493;
FootRight;-1.636512;-1.113561;3.438009;
FootLeft;-1.559451;-1.130759;3.493963;
Head;-1.683366;0.349631;3.427211;
ShoulderCenter;-1.636474;0.1351386;3.365603;
ShoulderRight;-1.564652;-0.06923038;3.293419;
ShoulderLeft;-1.645576;0.03417732;3.227442;
ElbowRight;-1.71453;0.03570298;3.114146;
ElbowLeft;-1.687211;-0.1985528;3.193615;
WristRight;-1.697906;-0.2685312;3.196685;
WristLeft;-1.802701;-0.3883525;3.259559;
HandRight;-1.718063;-0.3396574;3.201911;
HandLeft;-1.83619;-0.4827372;3.254677;
Spine;-1.656671;-0.2043938;3.478184;
HipCenter;-1.645412;-0.2793981;3.47448;
HipRight;-1.616061;-0.3093555;3.511703;
HipLeft;-1.676715;-0.3399929;3.457762;
KneeRight;-1.696524;-0.7283243;3.435965;
KneeLeft;-1.67137;-0.757171;3.550596;
AnkleRight;-1.706091;-1.071048;3.342144;
AnkleLeft;-1.467887;-1.060146;3.469486;
FootRight;-1.638908;-1.108736;3.431801;
FootLeft;-1.427679;-1.114807;3.39228;
Head;-1.616452;-0.5508379;3.527101;
ShoulderCenter;-1.58714;-0.8419159;3.542027;
ShoulderRight;-1.515318;-1.046285;3.469843;
ShoulderLeft;-1.596241;-0.9428772;3.403865;
ElbowRight;-1.567943;-0.7391587;3.367701;
ElbowLeft;-1.634707;-0.6300979;3.31902;
WristRight;-1.690362;-0.4534486;3.276792;
WristLeft;-1.664162;-0.3133106;3.270018;
HandRight;-1.731169;-0.3582119;3.251493;
HandLeft;-1.67398;-0.2077148;3.258689;
Spine;-1.632848;-0.5272064;3.450531;
HipCenter;-1.661013;-0.461042;3.464285;
HipRight;-1.640005;-0.4180523;3.451444;
HipLeft;-1.692967;-0.4475941;3.463381;
KneeRight;-1.708682;-0.667639;3.450391;
KneeLeft;-1.747278;-0.8536974;3.580808;
AnkleRight;-1.684789;-1.133;3.334632;
AnkleLeft;-1.520303;-1.055095;3.442497;
FootRight;-1.617015;-1.135436;3.431716;
FootLeft;-1.580967;-1.132155;3.508876;
Head;-1.730069;0.3545165;3.421245;
ShoulderCenter;-1.712631;0.1458205;3.446279;
ShoulderRight;-1.64081;-0.05854851;3.374095;
ShoulderLeft;-1.708156;-0.01632654;3.37808;
ElbowRight;-1.81041;-0.03059075;3.182667;
ElbowLeft;-1.73846;-0.2361535;3.267781;
WristRight;-1.768009;-0.3196591;3.297014;
WristLeft;-1.676497;-0.4390758;3.356486;
HandRight;-1.788186;-0.3908543;3.302246;
HandLeft;-1.710019;-0.5335522;3.351599;
Spine;-1.685129;-0.3593079;3.500066;
HipCenter;-1.673009;-0.4611342;3.475395;
HipRight;-1.659109;-0.4668427;3.496579;
HipLeft;-1.70216;-0.5094844;3.472831;
KneeRight;-1.893856;-0.9131871;3.434897;
KneeLeft;-1.698997;-1.08195;3.565073;
AnkleRight;-1.696236;-1.128642;3.330402;
AnkleLeft;-1.498882;-0.8684922;3.380456;
FootRight;-1.702357;-1.175721;3.239004;
FootLeft;-1.612944;-0.9002721;3.383323;
Head;-1.762355;0.08706653;3.467985;
ShoulderCenter;-1.749676;-0.2108311;3.44117;
ShoulderRight;-1.677855;-0.4152001;3.368985;
ShoulderLeft;-1.745201;-0.3729782;3.37297;
ElbowRight;-1.758885;-0.198073;3.383058;
ElbowLeft;-1.769556;-0.1385936;3.352278;
WristRight;-1.795346;-0.5089829;3.429608;
WristLeft;-1.728532;-0.3646796;3.390259;
HandRight;-1.815514;-0.5801475;3.434838;
HandLeft;-1.714857;-0.4400416;3.407924;
Spine;-1.763354;-0.5737954;3.491891;
HipCenter;-1.768528;-0.6476672;3.478044;
HipRight;-1.761597;-0.7026988;3.532418;
HipLeft;-1.779864;-0.6947001;3.428776;
KneeRight;-2.200232;-0.812215;3.290215;
KneeLeft;-1.868704;-1.090965;3.555351;
AnkleRight;-2.537792;-0.8964953;3.085904;
AnkleLeft;-1.675073;-0.8723013;3.370193;
FootRight;-2.544918;-0.9442829;2.99499;
FootLeft;-1.78713;-0.8355101;3.359799;
Head;-1.770194;-0.5032517;3.540267;
ShoulderCenter;-1.757508;-0.801308;3.513545;
ShoulderRight;-1.685686;-1.005677;3.44136;
ShoulderLeft;-1.753032;-0.963455;3.445345;
ElbowRight;-1.766595;-0.7888743;3.455424;
ElbowLeft;-1.777351;-0.7294208;3.424695;
WristRight;-1.803148;-1.09928;3.502025;
WristLeft;-1.736364;-0.9551415;3.462723;
HandRight;-1.823307;-1.170414;3.507252;
HandLeft;-1.722701;-1.030382;3.480394;
Spine;-1.811545;-0.8457894;3.518268;
HipCenter;-1.816717;-0.8432598;3.497051;
HipRight;-1.851277;-0.8925971;3.298481;
HipLeft;-1.893368;-0.8727183;3.636491;
KneeRight;-1.773917;-0.658412;3.634852;
KneeLeft;-1.823236;-1.315147;3.558958;
AnkleRight;-1.686696;-1.079865;3.482879;
AnkleLeft;-1.629733;-1.096628;3.373959;
FootRight;-1.665204;-1.122752;3.391873;
FootLeft;-1.741815;-1.060189;3.363658;
