Floor;-0.02017553;0.9997936;0.002383112;1.079039;
Head;1.523021;0.5893463;3.537422;
ShoulderCenter;1.633646;0.3869734;3.510647;
ShoulderRight;1.663537;0.2594559;3.349337;
ShoulderLeft;1.530601;0.2066312;3.625899;
ElbowRight;1.717381;0.006944439;3.231239;
ElbowLeft;1.556037;-0.06456059;3.7311;
WristRight;1.681207;-0.2524224;3.162058;
WristLeft;1.50152;-0.3025714;3.737975;
HandRight;1.681999;-0.3475732;3.165781;
HandLeft;1.470597;-0.3598303;3.764794;
Spine;1.581383;-0.003240518;3.459013;
HipCenter;1.570931;-0.0812833;3.452364;
HipRight;1.590465;-0.1468704;3.367976;
HipLeft;1.530644;-0.1706415;3.512488;
KneeRight;1.465151;-0.6365746;3.317945;
KneeLeft;1.700349;-0.6606434;3.494807;
AnkleRight;1.574198;-0.9809754;3.285379;
AnkleLeft;1.730142;-0.9943138;3.415615;
FootRight;1.519444;-1.0531;3.266367;
FootLeft;1.613362;-1.039305;3.412499;
Head;1.503423;0.5820183;3.534372;
ShoulderCenter;1.604774;0.3765193;3.506954;
ShoulderRight;1.649215;0.2559304;3.349496;
ShoulderLeft;1.511672;0.2074854;3.64237;
ElbowRight;1.702495;-0.007979665;3.229444;
ElbowLeft;1.528554;-0.05083615;3.751097;
WristRight;1.667175;-0.2711359;3.169105;
WristLeft;1.452962;-0.2807851;3.776142;
HandRight;1.672426;-0.3565706;3.162283;
HandLeft;1.418303;-0.3234148;3.78652;
Spine;1.561563;0.001004526;3.454191;
HipCenter;1.55184;-0.07448211;3.44715;
HipRight;1.569655;-0.129837;3.374712;
HipLeft;1.507705;-0.1489206;3.494925;
KneeRight;1.446623;-0.6405631;3.320219;
KneeLeft;1.649855;-0.6717458;3.469969;
AnkleRight;1.493034;-1.029394;3.290937;
AnkleLeft;1.671898;-1.006682;3.411767;
FootRight;1.403468;-1.073502;3.294177;
FootLeft;1.566718;-1.02042;3.346975;
Head;1.484934;0.5444699;3.535501;
ShoulderCenter;1.572901;0.3727629;3.51036;
ShoulderRight;1.610362;0.2476473;3.347418;
ShoulderLeft;1.473045;0.2051468;3.634439;
ElbowRight;1.682081;-0.01633096;3.234279;
ElbowLeft;1.498658;-0.04678739;3.783715;
WristRight;1.65566;-0.28681;3.166712;
WristLeft;1.388215;-0.2683163;3.783815;
HandRight;1.662748;-0.3658853;3.168941;
HandLeft;1.344321;-0.3034272;3.774983;
Spine;1.53376;0.004332779;3.449117;
HipCenter;1.52587;-0.06961495;3.440558;
HipRight;1.551664;-0.125527;3.37033;
HipLeft;1.489001;-0.1442528;3.487112;
KneeRight;1.360183;-0.6503071;3.314315;
KneeLeft;1.60462;-0.685223;3.471579;
AnkleRight;1.355286;-1.022679;3.244278;
AnkleLeft;1.658121;-1.022477;3.424161;
FootRight;1.248847;-1.07159;3.265533;
FootLeft;1.59312;-1.073816;3.453864;
Head;1.462026;0.5337504;3.532428;
ShoulderCenter;1.531833;0.3681479;3.499948;
ShoulderRight;1.584966;0.246709;3.348289;
ShoulderLeft;1.446118;0.200664;3.633258;
ElbowRight;1.627133;-0.04660832;3.224034;
ElbowLeft;1.447288;-0.03858159;3.762625;
WristRight;1.611669;-0.2925133;3.170089;
WristLeft;1.33841;-0.2607131;3.781241;
HandRight;1.609645;-0.3704962;3.172316;
HandLeft;1.296432;-0.2963993;3.750404;
Spine;1.483678;-0.005327567;3.444835;
HipCenter;1.474741;-0.07994472;3.437477;
HipRight;1.498491;-0.1305427;3.373882;
HipLeft;1.436322;-0.1518057;3.480304;
KneeRight;1.363244;-0.5768604;3.332959;
KneeLeft;1.6064;-0.680433;3.475919;
AnkleRight;1.259855;-0.9787237;3.243332;
AnkleLeft;1.666712;-1.021228;3.43024;
FootRight;1.157013;-1.037184;3.227482;
FootLeft;1.588096;-1.060468;3.438116;
Head;1.414719;0.5330654;3.541138;
ShoulderCenter;1.491622;0.3618074;3.495648;
ShoulderRight;1.534693;0.2427579;3.350628;
ShoulderLeft;1.407626;0.1981236;3.649896;
ElbowRight;1.604878;-0.04400621;3.21836;
ElbowLeft;1.430862;-0.03594733;3.760892;
WristRight;1.601735;-0.2939591;3.171536;
WristLeft;1.287944;-0.2392991;3.768236;
HandRight;1.596541;-0.3744322;3.164497;
HandLeft;1.215346;-0.3012652;3.749501;
Spine;1.460827;0.005338302;3.443444;
HipCenter;1.452828;-0.06600377;3.436351;
HipRight;1.46942;-0.1319389;3.348157;
HipLeft;1.415305;-0.1521702;3.493525;
KneeRight;1.364264;-0.5670415;3.325005;
KneeLeft;1.606185;-0.6820611;3.477974;
AnkleRight;1.185949;-0.9544439;3.243877;
AnkleLeft;1.651058;-1.023381;3.416915;
FootRight;1.080469;-1.012335;3.26124;
FootLeft;1.574012;-1.06734;3.431253;
Head;1.376233;0.523063;3.540276;
ShoulderCenter;1.452488;0.3452753;3.492442;
ShoulderRight;1.507712;0.2344376;3.350864;
ShoulderLeft;1.379715;0.2010776;3.656508;
ElbowRight;1.554695;-0.04550728;3.221741;
ElbowLeft;1.37784;-0.04131209;3.767098;
WristRight;1.557937;-0.3137847;3.173281;
WristLeft;1.234328;-0.244815;3.751174;
HandRight;1.559972;-0.3833145;3.155425;
HandLeft;1.194724;-0.3022242;3.754323;
Spine;1.412556;-0.01194446;3.44331;
HipCenter;1.405224;-0.08311182;3.43699;
HipRight;1.429037;-0.1476209;3.357404;
HipLeft;1.371514;-0.161412;3.492573;
KneeRight;1.456765;-0.5890333;3.391603;
KneeLeft;1.587646;-0.6928882;3.481562;
AnkleRight;1.162275;-0.9118406;3.28228;
AnkleLeft;1.648247;-1.024009;3.416326;
FootRight;1.075365;-0.9548681;3.246935;
FootLeft;1.59844;-1.08484;3.455267;
Head;1.329501;0.5253251;3.533836;
ShoulderCenter;1.418091;0.3475725;3.488986;
ShoulderRight;1.457453;0.2281954;3.345099;
ShoulderLeft;1.332275;0.1902033;3.644759;
ElbowRight;1.525863;-0.0451371;3.217851;
ElbowLeft;1.334989;-0.03815024;3.77042;
WristRight;1.518812;-0.3055409;3.158692;
WristLeft;1.194728;-0.2428965;3.749213;
HandRight;1.511152;-0.3924138;3.148298;
HandLeft;1.142962;-0.2866093;3.747973;
Spine;1.387182;-0.01084786;3.440397;
HipCenter;1.380583;-0.08239884;3.434091;
HipRight;1.398785;-0.1508053;3.348738;
HipLeft;1.343773;-0.1669136;3.493688;
KneeRight;1.46276;-0.5891666;3.425548;
KneeLeft;1.570688;-0.6896233;3.485114;
AnkleRight;1.143535;-0.9014388;3.29562;
AnkleLeft;1.645519;-1.024241;3.415941;
FootRight;1.055627;-0.9453689;3.259985;
FootLeft;1.557611;-1.068172;3.380306;
Head;1.29045;0.5277342;3.534242;
ShoulderCenter;1.38356;0.348729;3.486945;
ShoulderRight;1.422268;0.2319109;3.343396;
ShoulderLeft;1.292598;0.2108454;3.62653;
ElbowRight;1.483621;-0.05455259;3.215417;
ElbowLeft;1.280958;-0.02888621;3.710155;
WristRight;1.478503;-0.3226871;3.158771;
WristLeft;1.167948;-0.2382683;3.764971;
HandRight;1.473607;-0.3968095;3.155114;
HandLeft;1.115148;-0.2874794;3.743531;
Spine;1.335897;-0.03784272;3.425276;
HipCenter;1.327756;-0.1152037;3.416509;
HipRight;1.348219;-0.1804013;3.338086;
HipLeft;1.292555;-0.190046;3.469544;
KneeRight;1.450084;-0.5964402;3.430336;
KneeLeft;1.499099;-0.7062739;3.485253;
AnkleRight;1.134598;-0.9263502;3.297432;
AnkleLeft;1.644069;-1.020338;3.418248;
FootRight;1.050395;-0.9683707;3.259458;
FootLeft;1.631207;-1.104439;3.404047;
Head;1.25137;0.5225746;3.489783;
ShoulderCenter;1.337164;0.3542295;3.490388;
ShoulderRight;1.385108;0.2297977;3.332603;
ShoulderLeft;1.23066;0.1843966;3.590521;
ElbowRight;1.437785;-0.07877757;3.223226;
ElbowLeft;1.22579;-0.06633024;3.628846;
WristRight;1.424026;-0.3216495;3.162083;
WristLeft;1.119974;-0.2473796;3.746471;
HandRight;1.418853;-0.3947426;3.162806;
HandLeft;1.075752;-0.2908408;3.72396;
Spine;1.291855;-0.03793459;3.417764;
HipCenter;1.281149;-0.1163836;3.406404;
HipRight;1.311812;-0.1718119;3.337024;
HipLeft;1.238889;-0.1907775;3.448645;
KneeRight;1.387203;-0.5912218;3.429855;
KneeLeft;1.484713;-0.7009202;3.490918;
AnkleRight;1.099391;-0.9539088;3.293643;
AnkleLeft;1.642999;-1.013961;3.421037;
FootRight;1.020529;-0.9948451;3.248872;
FootLeft;1.636878;-1.096436;3.403355;
Head;1.210256;0.5193685;3.503937;
ShoulderCenter;1.295746;0.3547951;3.484105;
ShoulderRight;1.331289;0.2402893;3.33574;
ShoulderLeft;1.204724;0.2058665;3.597245;
ElbowRight;1.387246;-0.07239871;3.216083;
ElbowLeft;1.194977;-0.06964294;3.748322;
WristRight;1.376398;-0.3274815;3.179072;
WristLeft;1.066526;-0.2754248;3.704725;
HandRight;1.384035;-0.4057156;3.169991;
HandLeft;1.059217;-0.2960484;3.704609;
Spine;1.23939;-0.03183408;3.414013;
HipCenter;1.22888;-0.1091703;3.403618;
HipRight;1.249677;-0.1535791;3.340659;
HipLeft;1.194108;-0.1818724;3.443122;
KneeRight;1.379603;-0.5532447;3.447588;
KneeLeft;1.433417;-0.6984557;3.485828;
AnkleRight;1.117695;-0.9285995;3.309705;
AnkleLeft;1.63257;-1.001201;3.423172;
FootRight;1.036098;-0.9691963;3.272062;
FootLeft;1.596333;-1.076631;3.41845;
Head;1.154972;0.5126181;3.480356;
ShoulderCenter;1.262622;0.3605888;3.475631;
ShoulderRight;1.314023;0.2370292;3.332488;
ShoulderLeft;1.131987;0.1840787;3.558612;
ElbowRight;1.334047;-0.05333685;3.212679;
ElbowLeft;1.127555;-0.0770741;3.627262;
WristRight;1.319377;-0.3092182;3.171668;
WristLeft;1.056371;-0.2880912;3.714176;
HandRight;1.316447;-0.3928496;3.154562;
HandLeft;1.021232;-0.3022909;3.663844;
Spine;1.199053;-0.02890266;3.409282;
HipCenter;1.185484;-0.1068183;3.399531;
HipRight;1.221017;-0.1547662;3.339316;
HipLeft;1.13427;-0.1775861;3.436928;
KneeRight;1.357111;-0.5714791;3.476001;
KneeLeft;1.188339;-0.6759272;3.38112;
AnkleRight;1.085706;-0.9357704;3.300477;
AnkleLeft;1.380425;-0.9702141;3.319758;
FootRight;1.013121;-0.9763802;3.246173;
FootLeft;1.30784;-1.010824;3.265455;
Head;1.139043;0.5326777;3.476463;
ShoulderCenter;1.214779;0.3642174;3.455735;
ShoulderRight;1.253126;0.2336991;3.313183;
ShoulderLeft;1.102004;0.1913442;3.533233;
ElbowRight;1.295048;-0.04364687;3.210412;
ElbowLeft;1.091969;-0.07069145;3.621153;
WristRight;1.267278;-0.3050699;3.15041;
WristLeft;1.035963;-0.2958193;3.684566;
HandRight;1.26564;-0.3877444;3.147789;
HandLeft;1.005868;-0.3583922;3.680794;
Spine;1.152315;-0.02712398;3.391903;
HipCenter;1.140905;-0.105426;3.383062;
HipRight;1.164626;-0.1531361;3.322661;
HipLeft;1.102855;-0.1750596;3.423673;
KneeRight;1.315972;-0.5752792;3.454773;
KneeLeft;1.134401;-0.682215;3.368763;
AnkleRight;1.058379;-0.9563526;3.289675;
AnkleLeft;1.102263;-1.022261;3.24485;
FootRight;0.9819074;-0.9972489;3.240257;
FootLeft;1.025791;-1.063157;3.195432;
Head;1.080019;0.5350872;3.462538;
ShoulderCenter;1.160414;0.3649085;3.443777;
ShoulderRight;1.220776;0.2367672;3.303368;
ShoulderLeft;1.057083;0.2111683;3.572682;
ElbowRight;1.241966;-0.03624834;3.2146;
ElbowLeft;1.044594;-0.05064797;3.662594;
WristRight;1.190076;-0.299505;3.175942;
WristLeft;1.007572;-0.2890326;3.608805;
HandRight;1.207977;-0.3788116;3.157403;
HandLeft;0.9846593;-0.3254979;3.633196;
Spine;1.098842;-0.01062606;3.395991;
HipCenter;1.086527;-0.08573296;3.389948;
HipRight;1.112427;-0.1363372;3.324749;
HipLeft;1.039601;-0.163371;3.435738;
KneeRight;1.221766;-0.5369338;3.425152;
KneeLeft;1.115764;-0.6740834;3.371439;
AnkleRight;1.038188;-0.967483;3.282995;
AnkleLeft;1.103003;-1.016673;3.247073;
FootRight;0.9776833;-1.063158;3.304529;
FootLeft;1.02448;-1.057813;3.200361;
Head;1.062133;0.5499691;3.462489;
ShoulderCenter;1.126988;0.3774963;3.436441;
ShoulderRight;1.161261;0.2397855;3.299162;
ShoulderLeft;1.015494;0.2019466;3.514809;
ElbowRight;1.202244;-0.03461468;3.206717;
ElbowLeft;1.003005;-0.05986967;3.60474;
WristRight;1.12341;-0.2638172;3.16131;
WristLeft;0.9886113;-0.3018336;3.621335;
HandRight;1.104675;-0.3542783;3.144521;
HandLeft;0.9710001;-0.3687178;3.627053;
Spine;1.069994;-0.01726847;3.384882;
HipCenter;1.057351;-0.0963324;3.377653;
HipRight;1.084428;-0.1461753;3.313167;
HipLeft;1.015598;-0.1670117;3.424911;
KneeRight;1.198492;-0.5733042;3.444069;
KneeLeft;1.004621;-0.6568611;3.313559;
AnkleRight;1.019235;-0.9974575;3.272545;
AnkleLeft;1.095867;-1.000049;3.254388;
FootRight;0.9357492;-1.066379;3.283128;
FootLeft;1.018965;-1.041276;3.204793;
Head;1.015879;0.5510434;3.46569;
ShoulderCenter;1.092899;0.381496;3.436666;
ShoulderRight;1.134367;0.2456609;3.296314;
ShoulderLeft;0.962288;0.1990398;3.491528;
ElbowRight;1.137931;0.01062393;3.205687;
ElbowLeft;0.9497991;-0.06277647;3.58135;
WristRight;1.06507;-0.2504729;3.139885;
WristLeft;0.9244227;-0.3025815;3.598374;
HandRight;1.041744;-0.341487;3.13622;
HandLeft;0.9347914;-0.3683689;3.578511;
Spine;1.030587;-0.0265888;3.381768;
HipCenter;1.018525;-0.108311;3.374265;
HipRight;1.047618;-0.1582561;3.323056;
HipLeft;0.9702256;-0.1678447;3.406714;
KneeRight;1.182283;-0.5880254;3.439624;
KneeLeft;0.9540734;-0.6028911;3.481037;
AnkleRight;1.012685;-1.009856;3.26825;
AnkleLeft;1.320372;-0.9121883;3.449269;
FootRight;0.9488402;-1.065097;3.282401;
FootLeft;1.249684;-0.9533579;3.390525;
Head;0.9554309;0.5486699;3.431422;
ShoulderCenter;1.04227;0.3891962;3.435342;
ShoulderRight;1.084221;0.2594766;3.298024;
ShoulderLeft;0.9238194;0.205107;3.490401;
ElbowRight;1.085252;0.02842236;3.178989;
ElbowLeft;0.9113305;-0.05670923;3.580111;
WristRight;1.000858;-0.2459394;3.14191;
WristLeft;0.8970053;-0.2932304;3.51492;
HandRight;0.9677903;-0.3340178;3.140946;
HandLeft;0.9073805;-0.359059;3.495045;
Spine;0.9899246;-0.02166454;3.383649;
HipCenter;0.9791932;-0.1037768;3.376778;
HipRight;1.007004;-0.1570695;3.316999;
HipLeft;0.9336796;-0.1738735;3.417755;
KneeRight;1.003403;-0.6516364;3.304053;
KneeLeft;0.9218775;-0.6206646;3.49629;
AnkleRight;1.013222;-1.010296;3.269731;
AnkleLeft;1.245348;-0.9572218;3.453609;
FootRight;0.9432763;-1.069929;3.277897;
FootLeft;1.232542;-1.037283;3.541834;
Head;0.9138404;0.5505696;3.436789;
ShoulderCenter;0.9946922;0.3824486;3.412594;
ShoulderRight;1.038968;0.2542838;3.28567;
ShoulderLeft;0.9067304;0.2049287;3.492608;
ElbowRight;1.032021;0.0235981;3.17165;
ElbowLeft;0.8798904;-0.08266526;3.551197;
WristRight;0.9322171;-0.2437092;3.139747;
WristLeft;0.8730037;-0.3193921;3.487759;
HandRight;0.8944799;-0.3285086;3.122359;
HandLeft;0.8834171;-0.3854625;3.46781;
Spine;0.9587613;-0.02437439;3.3742;
HipCenter;0.951648;-0.1058399;3.369693;
HipRight;0.9759475;-0.1583895;3.308147;
HipLeft;0.9155071;-0.1767815;3.415257;
KneeRight;1.001995;-0.6492674;3.301987;
KneeLeft;0.8683288;-0.6284012;3.502985;
AnkleRight;1.012037;-1.009036;3.269862;
AnkleLeft;1.1808;-0.926151;3.401446;
FootRight;0.9445151;-1.069545;3.273113;
FootLeft;1.099746;-0.9700747;3.351895;
Head;0.8732791;0.5594158;3.435453;
ShoulderCenter;0.9619883;0.3830505;3.405771;
ShoulderRight;1.011751;0.2556742;3.274895;
ShoulderLeft;0.8495184;0.1996489;3.456663;
ElbowRight;0.9696293;0.01136031;3.162136;
ElbowLeft;0.8347163;-0.08781947;3.513746;
WristRight;0.8697105;-0.2235003;3.118833;
WristLeft;0.8262896;-0.324063;3.448958;
HandRight;0.8237508;-0.3047804;3.10267;
HandLeft;0.8367394;-0.390365;3.428939;
Spine;0.9221068;-0.03172688;3.369595;
HipCenter;0.913891;-0.1148587;3.365883;
HipRight;0.9488084;-0.1628627;3.310268;
HipLeft;0.8686218;-0.1841702;3.407452;
KneeRight;0.9977086;-0.6485943;3.303581;
KneeLeft;0.838955;-0.6404084;3.498631;
AnkleRight;1.013624;-1.007188;3.270395;
AnkleLeft;0.9639723;-0.9864602;3.430284;
FootRight;0.9494038;-1.06716;3.275305;
FootLeft;0.892621;-1.029384;3.369645;
Head;0.8276718;0.5526289;3.427404;
ShoulderCenter;0.9191278;0.3912656;3.401963;
ShoulderRight;0.9509439;0.2559952;3.262981;
ShoulderLeft;0.8202577;0.1965862;3.46163;
ElbowRight;0.9359174;0.01369965;3.150358;
ElbowLeft;0.8054555;-0.09088218;3.518687;
WristRight;0.7914217;-0.2380147;3.105762;
WristLeft;0.7970373;-0.3268889;3.453936;
HandRight;0.743172;-0.3125017;3.087756;
HandLeft;0.8074713;-0.3930911;3.433947;
Spine;0.8816851;-0.0397753;3.358954;
HipCenter;0.8735951;-0.1261029;3.353758;
HipRight;0.9026492;-0.1663519;3.296866;
HipLeft;0.8365782;-0.1935435;3.397888;
KneeRight;0.977094;-0.6553519;3.308986;
KneeLeft;0.7968359;-0.666755;3.498858;
AnkleRight;1.011897;-1.006592;3.271988;
AnkleLeft;0.9046142;-1.040406;3.448265;
FootRight;0.9507707;-1.066867;3.27679;
FootLeft;0.8593231;-1.095723;3.496029;
Head;0.7780509;0.5411748;3.424831;
ShoulderCenter;0.8753127;0.3873289;3.405133;
ShoulderRight;0.9202729;0.2549692;3.261985;
ShoulderLeft;0.7679043;0.1909305;3.466707;
ElbowRight;0.8828225;0.01617846;3.138315;
ElbowLeft;0.7531021;-0.0965378;3.523718;
WristRight;0.7237218;-0.2366961;3.09778;
WristLeft;0.7446895;-0.3323877;3.458976;
HandRight;0.6642035;-0.3025507;3.069772;
HandLeft;0.7551137;-0.3985268;3.439007;
Spine;0.846036;-0.02982569;3.359781;
HipCenter;0.8398076;-0.1135052;3.3543;
HipRight;0.8704827;-0.1600255;3.29132;
HipLeft;0.8010981;-0.1902442;3.401536;
KneeRight;0.9634765;-0.6505618;3.299841;
KneeLeft;0.7464535;-0.6618244;3.493224;
AnkleRight;1.010039;-1.006068;3.274001;
AnkleLeft;0.8116343;-1.029206;3.454807;
FootRight;0.9526466;-1.067915;3.275012;
FootLeft;0.7467766;-1.080885;3.439231;
Head;0.7350355;0.5245745;3.41675;
ShoulderCenter;0.8303093;0.373182;3.397046;
ShoulderRight;0.8901019;0.2511615;3.253556;
ShoulderLeft;0.7280151;0.1778021;3.458877;
ElbowRight;0.851482;0.01845718;3.13121;
ElbowLeft;0.713213;-0.1096663;3.515939;
WristRight;0.6529767;-0.234186;3.076882;
WristLeft;0.7048091;-0.3452716;3.451276;
HandRight;0.606758;-0.2924081;3.066694;
HandLeft;0.7151936;-0.4111596;3.431383;
Spine;0.8064251;-0.04687093;3.34353;
HipCenter;0.8017148;-0.1308303;3.336473;
HipRight;0.8505131;-0.1626098;3.289945;
HipLeft;0.7549061;-0.1974941;3.367203;
KneeRight;0.9430881;-0.6469535;3.294523;
KneeLeft;0.6926988;-0.6654838;3.494486;
AnkleRight;1.009058;-1.009677;3.27724;
AnkleLeft;0.6585413;-1.040735;3.459826;
FootRight;0.9560537;-1.074316;3.282577;
FootLeft;0.5722052;-1.081926;3.499096;
Head;0.6983641;0.5244321;3.405805;
ShoulderCenter;0.7945519;0.3709209;3.379163;
ShoulderRight;0.8434182;0.2418441;3.250125;
ShoulderLeft;0.6882902;0.1747082;3.439664;
ElbowRight;0.7885396;-0.008644986;3.12991;
ElbowLeft;0.673488;-0.1127601;3.496831;
WristRight;0.6076391;-0.2458244;3.097476;
WristLeft;0.6650805;-0.3484641;3.4322;
HandRight;0.5513688;-0.2903545;3.075117;
HandLeft;0.6754264;-0.4141066;3.41238;
Spine;0.7723798;-0.02148518;3.331734;
HipCenter;0.7663084;-0.09809458;3.325365;
HipRight;0.8050492;-0.1436092;3.251162;
HipLeft;0.7275044;-0.186763;3.377923;
KneeRight;0.9138756;-0.6513296;3.293872;
KneeLeft;0.6325259;-0.6861852;3.497335;
AnkleRight;1.008957;-1.011471;3.28266;
AnkleLeft;0.5108787;-1.041282;3.467852;
FootRight;0.9560613;-1.075234;3.279314;
FootLeft;0.4448998;-1.054384;3.51663;
Head;0.6487328;0.5115349;3.412609;
ShoulderCenter;0.748777;0.3581879;3.380319;
ShoulderRight;0.7940247;0.2286127;3.24498;
ShoulderLeft;0.6512171;0.161806;3.485005;
ElbowRight;0.7373593;-0.008503184;3.113249;
ElbowLeft;0.6364149;-0.1256624;3.542135;
WristRight;0.5521809;-0.2358913;3.085378;
WristLeft;0.6280089;-0.3613269;3.477494;
HandRight;0.4957553;-0.3108321;3.087556;
HandLeft;0.6383563;-0.4269788;3.457672;
Spine;0.7422428;-0.0225605;3.329432;
HipCenter;0.7410212;-0.09874959;3.322978;
HipRight;0.7618886;-0.1536193;3.248257;
HipLeft;0.7087525;-0.1877798;3.374803;
KneeRight;0.8955877;-0.6516907;3.293621;
KneeLeft;0.6006747;-0.6746373;3.483829;
AnkleRight;1.007598;-1.011493;3.284127;
AnkleLeft;0.4292577;-1.029743;3.496277;
FootRight;0.9466282;-1.067992;3.284856;
FootLeft;0.317719;-1.025657;3.510091;
Head;0.6194218;0.5123263;3.401572;
ShoulderCenter;0.7032598;0.3480746;3.368876;
ShoulderRight;0.7628666;0.2242804;3.24328;
ShoulderLeft;0.6079184;0.1522487;3.473813;
ElbowRight;0.6748065;-0.04233027;3.101352;
ElbowLeft;0.5931162;-0.1352197;3.5309;
WristRight;0.4969811;-0.2418838;3.076914;
WristLeft;0.5846885;-0.37149;3.466109;
HandRight;0.4474129;-0.2965893;3.06851;
HandLeft;0.595004;-0.4369389;3.446348;
Spine;0.7064315;-0.04326477;3.319789;
HipCenter;0.7065136;-0.121668;3.313398;
HipRight;0.7420455;-0.1709399;3.246065;
HipLeft;0.6777728;-0.2041864;3.361527;
KneeRight;0.7623689;-0.6626677;3.358002;
KneeLeft;0.5503184;-0.6762064;3.480319;
AnkleRight;1.001696;-1.00835;3.282623;
AnkleLeft;0.3176498;-1.042886;3.509336;
FootRight;0.9448212;-1.068929;3.285101;
FootLeft;0.2278391;-1.045948;3.576971;
Head;0.5651135;0.5115018;3.408586;
ShoulderCenter;0.6602352;0.3517224;3.368173;
ShoulderRight;0.7099987;0.2207097;3.248262;
ShoulderLeft;0.5629556;0.1557598;3.47283;
ElbowRight;0.6569262;-0.03583434;3.108165;
ElbowLeft;0.5481535;-0.1317085;3.529913;
WristRight;0.4894446;-0.2370896;3.079284;
WristLeft;0.5397164;-0.3682416;3.465063;
HandRight;0.4192102;-0.2988341;3.077327;
HandLeft;0.550031;-0.4336856;3.445303;
Spine;0.6466368;-0.06250652;3.327106;
HipCenter;0.6445712;-0.1454078;3.322459;
HipRight;0.6792194;-0.1849504;3.276157;
HipLeft;0.6073619;-0.2086593;3.356319;
KneeRight;0.8175819;-0.6521463;3.289331;
KneeLeft;0.5156001;-0.6689242;3.474779;
AnkleRight;0.9885461;-1.002552;3.278338;
AnkleLeft;0.3111176;-1.04384;3.50071;
FootRight;0.9432717;-1.07198;3.285813;
FootLeft;0.209288;-1.058831;3.546354;
Head;0.530536;0.4664489;3.410671;
ShoulderCenter;0.6173083;0.2624955;3.383976;
ShoulderRight;0.6791552;0.2145087;3.247874;
ShoulderLeft;0.5209253;0.06644097;3.488635;
ElbowRight;0.6045298;-0.05040999;3.121678;
ElbowLeft;0.5061232;-0.2210274;3.545716;
WristRight;0.4286791;-0.2523718;3.092135;
WristLeft;0.4976733;-0.4579217;3.480789;
HandRight;0.4000488;-0.3135053;3.079535;
HandLeft;0.5079187;-0.5229263;3.461162;
Spine;0.603424;-0.09365123;3.34864;
HipCenter;0.6006472;-0.1648806;3.345129;
HipRight;0.6272673;-0.2139146;3.297081;
HipLeft;0.5690742;-0.24289;3.377305;
KneeRight;0.7745624;-0.6564643;3.293505;
KneeLeft;0.4909163;-0.6656442;3.476958;
AnkleRight;0.9815274;-1.000013;3.278101;
AnkleLeft;0.3067018;-1.039372;3.489021;
FootRight;0.9335129;-1.068598;3.280958;
FootLeft;0.2064418;-1.080712;3.521945;
Head;0.4839349;0.4728034;3.41534;
ShoulderCenter;0.5814024;0.2614853;3.379899;
ShoulderRight;0.6192944;0.2152276;3.251852;
ShoulderLeft;0.4850194;0.06543085;3.484557;
ElbowRight;0.585039;-0.04686385;3.131742;
ElbowLeft;0.4702172;-0.2220375;3.541632;
WristRight;0.4216571;-0.2562649;3.100953;
WristLeft;0.4617621;-0.459079;3.47667;
HandRight;0.3800211;-0.3172911;3.09417;
HandLeft;0.4719855;-0.5239446;3.457085;
Spine;0.5740442;-0.1111278;3.331609;
HipCenter;0.5715244;-0.186575;3.324652;
HipRight;0.6075794;-0.220715;3.291479;
HipLeft;0.5387459;-0.2578855;3.340311;
KneeRight;0.736985;-0.6591066;3.293326;
KneeLeft;0.4230428;-0.6827086;3.486935;
AnkleRight;0.9649432;-1.001284;3.277004;
AnkleLeft;0.3071853;-1.038746;3.488215;
FootRight;0.9235771;-1.072464;3.266047;
FootLeft;0.2346716;-1.081328;3.504564;
Head;0.4423602;0.4811405;3.410585;
ShoulderCenter;0.5316864;0.2889985;3.370678;
ShoulderRight;0.5863478;0.2223555;3.261717;
ShoulderLeft;0.4353034;0.09294397;3.475336;
ElbowRight;0.524898;-0.04987932;3.13401;
ElbowLeft;0.4205012;-0.1945244;3.532401;
WristRight;0.4097599;-0.2634451;3.10883;
WristLeft;0.4120333;-0.4319251;3.467357;
HandRight;0.3492024;-0.3336834;3.104844;
HandLeft;0.4222695;-0.4968715;3.447748;
Spine;0.5253896;-0.0751276;3.319112;
HipCenter;0.5241302;-0.1479528;3.312357;
HipRight;0.554104;-0.1925528;3.239208;
HipLeft;0.4916193;-0.2500567;3.361039;
KneeRight;0.6741051;-0.6670047;3.285408;
KneeLeft;0.4008142;-0.6796139;3.492919;
AnkleRight;0.9480141;-1.003895;3.286773;
AnkleLeft;0.307069;-1.040326;3.48685;
FootRight;0.9166096;-1.078712;3.273245;
FootLeft;0.2367531;-1.08234;3.504061;
Head;0.3958682;0.5240637;3.42088;
ShoulderCenter;0.4898461;0.3619659;3.39093;
ShoulderRight;0.5381997;0.2279579;3.264183;
ShoulderLeft;0.3934631;0.1659114;3.495589;
ElbowRight;0.5068484;-0.03576771;3.140288;
ElbowLeft;0.378661;-0.1215569;3.55262;
WristRight;0.4005741;-0.2542087;3.119102;
WristLeft;0.3701877;-0.3591074;3.487528;
HandRight;0.3496518;-0.3316089;3.109762;
HandLeft;0.3804563;-0.4242593;3.467857;
Spine;0.4598887;-0.05749451;3.384246;
HipCenter;0.4538972;-0.1413866;3.386471;
HipRight;0.482759;-0.1855079;3.33757;
HipLeft;0.416874;-0.2115411;3.431052;
KneeRight;0.5915879;-0.6175135;3.271286;
KneeLeft;0.3550685;-0.694639;3.498546;
AnkleRight;0.881439;-0.9649959;3.280259;
AnkleLeft;0.3072217;-1.039838;3.486968;
FootRight;0.8633205;-1.050738;3.298815;
FootLeft;0.2400486;-1.082826;3.50535;
Head;0.357957;0.5405347;3.425805;
ShoulderCenter;0.447154;0.377395;3.395899;
ShoulderRight;0.4935652;0.2443417;3.27716;
ShoulderLeft;0.350771;0.1813405;3.500558;
ElbowRight;0.4776146;0.003269477;3.153101;
ElbowLeft;0.3359688;-0.1061278;3.557558;
WristRight;0.4016814;-0.2287559;3.125074;
WristLeft;0.3275014;-0.3435153;3.492484;
HandRight;0.3549605;-0.3095948;3.118186;
HandLeft;0.3378255;-0.4090197;3.472707;
Spine;0.4428771;-0.0603579;3.384659;
HipCenter;0.4397669;-0.1463558;3.386368;
HipRight;0.4747299;-0.1862594;3.338825;
HipLeft;0.4018084;-0.2150053;3.42885;
KneeRight;0.501975;-0.6537416;3.268851;
KneeLeft;0.3412562;-0.6955278;3.4919;
AnkleRight;0.8267334;-0.9581623;3.296218;
AnkleLeft;0.3067004;-1.039933;3.486871;
FootRight;0.8357775;-1.043204;3.307554;
FootLeft;0.2346725;-1.088023;3.511883;
Head;0.307973;0.5380163;3.441261;
ShoulderCenter;0.3993189;0.3769164;3.403806;
ShoulderRight;0.4631881;0.2486268;3.280618;
ShoulderLeft;0.302936;0.1808619;3.508465;
ElbowRight;0.4663561;0.007624606;3.164757;
ElbowLeft;0.2881338;-0.1066064;3.565416;
WristRight;0.364381;-0.2489593;3.138186;
WristLeft;0.2796727;-0.3438179;3.500355;
HandRight;0.3333372;-0.3353023;3.119367;
HandLeft;0.2900013;-0.4093513;3.480569;
Spine;0.3837852;-0.05155365;3.381229;
HipCenter;0.3808286;-0.1372462;3.380261;
HipRight;0.4131396;-0.178386;3.349133;
HipLeft;0.3453194;-0.1888009;3.404487;
KneeRight;0.4265741;-0.6406622;3.274726;
KneeLeft;0.2969117;-0.6929174;3.467548;
AnkleRight;0.7529779;-0.9381802;3.296896;
AnkleLeft;0.3066687;-1.039973;3.486886;
FootRight;0.7520306;-1.04138;3.308596;
FootLeft;0.234236;-1.088375;3.512563;
Head;0.2942002;0.5390754;3.441374;
ShoulderCenter;0.3856145;0.379515;3.406203;
ShoulderRight;0.4219424;0.2499435;3.276955;
ShoulderLeft;0.2892316;0.1834605;3.510861;
ElbowRight;0.429087;0.004769344;3.18761;
ElbowLeft;0.2744294;-0.1040078;3.567804;
WristRight;0.3402258;-0.2714576;3.160181;
WristLeft;0.2659759;-0.3410022;3.502784;
HandRight;0.3270336;-0.341172;3.121881;
HandLeft;0.2762883;-0.4064321;3.483029;
Spine;0.3567112;-0.04385426;3.383543;
HipCenter;0.3502739;-0.128202;3.382514;
HipRight;0.3793401;-0.1695022;3.350269;
HipLeft;0.3132762;-0.1747109;3.408079;
KneeRight;0.360151;-0.6334592;3.278193;
KneeLeft;0.2581806;-0.7400895;3.420561;
AnkleRight;0.659375;-0.9483985;3.288875;
AnkleLeft;0.3102305;-1.061808;3.493681;
FootRight;0.6602991;-1.051838;3.321405;
FootLeft;0.2324643;-1.086314;3.495359;
Head;0.2404785;0.5508204;3.443624;
ShoulderCenter;0.3360198;0.3878129;3.41448;
ShoulderRight;0.3879169;0.2515023;3.278093;
ShoulderLeft;0.2396368;0.1917584;3.519139;
ElbowRight;0.3990761;0.0001056778;3.201579;
ElbowLeft;0.2248347;-0.09570992;3.576056;
WristRight;0.3330663;-0.2647134;3.160675;
WristLeft;0.2163872;-0.3325374;3.51106;
HandRight;0.318979;-0.3425371;3.134605;
HandLeft;0.2266867;-0.397886;3.491329;
Spine;0.3111987;-0.01975831;3.39249;
HipCenter;0.3062345;-0.1012726;3.391668;
HipRight;0.3370574;-0.1562352;3.335628;
HipLeft;0.2694162;-0.1693678;3.438834;
KneeRight;0.2808287;-0.6336733;3.282953;
KneeLeft;0.4010656;-0.5893908;3.478614;
AnkleRight;0.5511158;-0.9374936;3.274107;
AnkleLeft;0.3070304;-1.039898;3.486526;
FootRight;0.5116836;-1.039157;3.294429;
FootLeft;0.2392274;-1.084633;3.497618;
Head;0.2023884;0.5601828;3.445755;
ShoulderCenter;0.2977392;0.3959974;3.417683;
ShoulderRight;0.3457708;0.2579474;3.284268;
ShoulderLeft;0.2013562;0.1999429;3.522342;
ElbowRight;0.3712991;-0.002972013;3.205294;
ElbowLeft;0.1865541;-0.08752543;3.579222;
WristRight;0.3176902;-0.2623345;3.164225;
WristLeft;0.1781077;-0.3243214;3.514214;
HandRight;0.2976603;-0.3532054;3.156086;
HandLeft;0.1884081;-0.3896752;3.494482;
Spine;0.2864099;-0.02652849;3.396213;
HipCenter;0.2829923;-0.1106146;3.39557;
HipRight;0.3078292;-0.153784;3.342911;
HipLeft;0.2521698;-0.1829634;3.440502;
KneeRight;0.1917091;-0.6238402;3.290527;
KneeLeft;0.3512182;-0.6243264;3.476773;
AnkleRight;0.461673;-0.9635456;3.282006;
AnkleLeft;0.3092482;-1.041031;3.475427;
FootRight;0.4201973;-1.034789;3.260674;
FootLeft;0.244128;-1.085238;3.496622;
Head;0.1381956;0.524515;3.468379;
ShoulderCenter;0.2655103;0.392787;3.42003;
ShoulderRight;0.3231856;0.2551509;3.281806;
ShoulderLeft;0.1691273;0.1967325;3.524688;
ElbowRight;0.334269;-0.03951346;3.213567;
ElbowLeft;0.1543251;-0.09073582;3.581546;
WristRight;0.2880638;-0.2764365;3.17512;
WristLeft;0.1016513;-0.2933562;3.689376;
HandRight;0.2903472;-0.3543555;3.158679;
HandLeft;0.07934535;-0.3522147;3.716868;
Spine;0.2435516;-0.02810514;3.401046;
HipCenter;0.2399534;-0.1121596;3.400781;
HipRight;0.2681499;-0.1543401;3.349631;
HipLeft;0.2078999;-0.1845576;3.44398;
KneeRight;0.1394767;-0.6421944;3.295368;
KneeLeft;0.3251633;-0.6510793;3.481603;
AnkleRight;0.3522706;-0.9705105;3.292071;
AnkleLeft;0.2450797;-1.058785;3.443559;
FootRight;0.2877108;-1.060507;3.310595;
FootLeft;0.1979196;-1.105355;3.534211;
Head;0.1130358;0.5349126;3.463998;
ShoulderCenter;0.2318493;0.3943617;3.42118;
ShoulderRight;0.278337;0.2573563;3.294103;
ShoulderLeft;0.1354664;0.1983072;3.525839;
ElbowRight;0.3155974;-0.04295892;3.217339;
ElbowLeft;0.1206642;-0.08916114;3.582669;
WristRight;0.2751099;-0.2818412;3.184688;
WristLeft;0.05021081;-0.2965874;3.673057;
HandRight;0.2697729;-0.3549939;3.159731;
HandLeft;0.01985597;-0.343005;3.712898;
Spine;0.213149;-0.03668095;3.399463;
HipCenter;0.2085398;-0.123141;3.398645;
HipRight;0.2358478;-0.1556732;3.358773;
HipLeft;0.1769995;-0.1875306;3.431531;
KneeRight;0.0803768;-0.6403189;3.298044;
KneeLeft;0.2843376;-0.6753728;3.501408;
AnkleRight;0.2272516;-1.022587;3.289548;
AnkleLeft;0.3426657;-1.023306;3.4576;
FootRight;0.1615213;-1.114216;3.308409;
FootLeft;0.2946505;-1.07072;3.549896;
Head;0.06470802;0.5294853;3.455311;
ShoulderCenter;0.1852595;0.3896905;3.42036;
ShoulderRight;0.2443157;0.2594924;3.291293;
ShoulderLeft;0.08887655;0.193636;3.525018;
ElbowRight;0.2858737;-0.03295567;3.216754;
ElbowLeft;0.07407438;-0.09383237;3.581813;
WristRight;0.2434514;-0.2707576;3.173377;
WristLeft;-0.002724019;-0.2897966;3.692525;
HandRight;0.2493466;-0.360474;3.154686;
HandLeft;-0.05954064;-0.2848946;3.729335;
Spine;0.1619485;-0.04053466;3.390417;
HipCenter;0.1575963;-0.1265486;3.388026;
HipRight;0.1851237;-0.1597572;3.347604;
HipLeft;0.1251009;-0.1915244;3.419507;
KneeRight;0.03110651;-0.6444853;3.307906;
KneeLeft;0.2336143;-0.6945837;3.482549;
AnkleRight;0.09697738;-1.040658;3.266563;
AnkleLeft;0.2964677;-1.042203;3.466324;
FootRight;-0.004820101;-1.094818;3.254174;
FootLeft;0.2477641;-1.090297;3.559943;
Head;0.03444578;0.5275105;3.457419;
ShoulderCenter;0.1483193;0.3811186;3.417605;
ShoulderRight;0.2103407;0.2535089;3.289882;
ShoulderLeft;0.05193631;0.1850641;3.522263;
ElbowRight;0.2558393;-0.04262548;3.218426;
ElbowLeft;0.03713416;-0.1024042;3.579055;
WristRight;0.2355693;-0.2840405;3.17853;
WristLeft;-0.05141781;-0.2739964;3.712826;
HandRight;0.2285402;-0.3740279;3.161695;
HandLeft;-0.0899214;-0.3294535;3.719733;
Spine;0.1367515;-0.0513902;3.390174;
HipCenter;0.1339457;-0.1378834;3.388195;
HipRight;0.1695692;-0.1656294;3.354105;
HipLeft;0.09509005;-0.2010162;3.41238;
KneeRight;-0.008549144;-0.6444999;3.303058;
KneeLeft;0.199495;-0.6925852;3.466215;
AnkleRight;-0.03753733;-1.038544;3.247598;
AnkleLeft;0.2990084;-1.042668;3.466279;
FootRight;-0.1349526;-1.097186;3.27419;
FootLeft;0.2127131;-1.097167;3.523013;
Head;-0.009980075;0.519071;3.449556;
ShoulderCenter;0.1123045;0.3787487;3.405014;
ShoulderRight;0.168394;0.2446144;3.291367;
ShoulderLeft;0.01592148;0.1826942;3.509672;
ElbowRight;0.2236678;-0.05740775;3.218753;
ElbowLeft;0.00111925;-0.1047742;3.566444;
WristRight;0.1968117;-0.2994733;3.189935;
WristLeft;-0.0933226;-0.2662216;3.708366;
HandRight;0.182551;-0.3880152;3.170638;
HandLeft;-0.1315463;-0.3215969;3.7;
Spine;0.1040784;-0.05798721;3.378167;
HipCenter;0.1026315;-0.1452231;3.376488;
HipRight;0.1293658;-0.1773449;3.322901;
HipLeft;0.06475726;-0.224483;3.415432;
KneeRight;-0.06806797;-0.6490057;3.297527;
KneeLeft;0.07995335;-0.6679978;3.392142;
AnkleRight;-0.1461404;-1.043995;3.250618;
AnkleLeft;0.3012998;-1.04216;3.469263;
FootRight;-0.2571953;-1.082217;3.241856;
FootLeft;0.2200209;-1.098296;3.533398;
Head;-0.03624856;0.5186549;3.444931;
ShoulderCenter;0.08001696;0.3724904;3.404171;
ShoulderRight;0.1319657;0.2368995;3.281275;
ShoulderLeft;-0.01636601;0.1764359;3.508829;
ElbowRight;0.1723805;-0.05137727;3.211575;
ElbowLeft;-0.03116813;-0.1110324;3.565598;
WristRight;0.1557883;-0.2930449;3.166277;
WristLeft;-0.1488032;-0.274812;3.688561;
HandRight;0.1640414;-0.3594588;3.158622;
HandLeft;-0.1923777;-0.3256682;3.698723;
Spine;0.0542771;-0.07618482;3.382935;
HipCenter;0.05063239;-0.1656285;3.382322;
HipRight;0.08228567;-0.1852488;3.346675;
HipLeft;0.01529139;-0.2365076;3.411837;
KneeRight;-0.07465878;-0.646449;3.296293;
KneeLeft;0.1764914;-0.6851785;3.487073;
AnkleRight;-0.2501544;-1.062228;3.259217;
AnkleLeft;0.303415;-1.042474;3.473076;
FootRight;-0.3677153;-1.055667;3.254303;
FootLeft;0.2247733;-1.093843;3.544241;
Head;-0.08785816;0.5110018;3.44508;
ShoulderCenter;0.03066981;0.3657519;3.404035;
ShoulderRight;0.09044078;0.2286797;3.274112;
ShoulderLeft;-0.06571316;0.1696974;3.508694;
ElbowRight;0.1414335;-0.06432796;3.202276;
ElbowLeft;-0.08051537;-0.117771;3.565464;
WristRight;0.1209493;-0.305959;3.157085;
WristLeft;-0.1809537;-0.2858657;3.697016;
HandRight;0.1092366;-0.3694276;3.155716;
HandLeft;-0.2046353;-0.3481568;3.707544;
Spine;0.006785125;-0.04733095;3.368152;
HipCenter;0.002027461;-0.1299449;3.36457;
HipRight;0.02728492;-0.1483005;3.329835;
HipLeft;-0.02840031;-0.2013686;3.389493;
KneeRight;-0.1583069;-0.6336954;3.295617;
KneeLeft;0.1635444;-0.6849827;3.493384;
AnkleRight;-0.3295664;-1.062967;3.262975;
AnkleLeft;0.3025505;-1.040783;3.473941;
FootRight;-0.4438132;-1.034412;3.256202;
FootLeft;0.224413;-1.097724;3.541512;
Head;-0.129532;0.4982017;3.433819;
ShoulderCenter;0.0004153647;0.3622382;3.395956;
ShoulderRight;0.05015701;0.22292;3.265732;
ShoulderLeft;-0.09596761;0.1661837;3.500615;
ElbowRight;0.08570042;-0.06555935;3.182893;
ElbowLeft;-0.1107697;-0.1212846;3.557388;
WristRight;0.08566998;-0.3099617;3.15837;
WristLeft;-0.2285937;-0.2943308;3.669182;
HandRight;0.07804868;-0.3805196;3.153718;
HandLeft;-0.2797067;-0.3352548;3.684602;
Spine;-0.02478188;-0.08462978;3.35944;
HipCenter;-0.02838971;-0.173986;3.356111;
HipRight;-0.0006871737;-0.1855171;3.337706;
HipLeft;-0.05813885;-0.2347027;3.36711;
KneeRight;-0.04054331;-0.6310264;3.343781;
KneeLeft;0.1499494;-0.6856972;3.498566;
AnkleRight;-0.2999102;-1.013243;3.269516;
AnkleLeft;0.2980826;-1.037983;3.474496;
FootRight;-0.4172016;-1.032816;3.266906;
FootLeft;0.2216972;-1.100853;3.540525;
Head;-0.1776324;0.5016144;3.417422;
ShoulderCenter;-0.05741042;0.3560326;3.377741;
ShoulderRight;0.009213626;0.2180183;3.260381;
ShoulderLeft;-0.1537934;0.1599782;3.4824;
ElbowRight;0.05462193;-0.0694189;3.170219;
ElbowLeft;-0.1685956;-0.1274902;3.539181;
WristRight;0.03266566;-0.3283563;3.146367;
WristLeft;-0.2559935;-0.3085235;3.664193;
HandRight;0.03446199;-0.394253;3.132384;
HandLeft;-0.2856129;-0.3507682;3.707543;
Spine;-0.07124832;-0.08870025;3.350768;
HipCenter;-0.07346461;-0.177613;3.34901;
HipRight;-0.04649944;-0.1922812;3.332252;
HipLeft;-0.1037977;-0.2393089;3.359339;
KneeRight;-0.1005028;-0.6122324;3.312768;
KneeLeft;0.125384;-0.6898199;3.498615;
AnkleRight;-0.3219217;-1.021287;3.271599;
AnkleLeft;0.2968388;-1.036159;3.474344;
FootRight;-0.4310633;-1.065635;3.287484;
FootLeft;0.2382447;-1.093073;3.506709;
Head;-0.210453;0.4940275;3.402787;
ShoulderCenter;-0.08760288;0.3499264;3.36444;
ShoulderRight;-0.03570354;0.2098853;3.243719;
ShoulderLeft;-0.1839859;0.1538719;3.469098;
ElbowRight;-0.0003213338;-0.07970544;3.174782;
ElbowLeft;-0.198788;-0.1335965;3.525894;
WristRight;-0.02014938;-0.3238608;3.163443;
WristLeft;-0.300961;-0.3101986;3.651826;
HandRight;-0.01933867;-0.4144783;3.153629;
HandLeft;-0.3514604;-0.3500473;3.671849;
Spine;-0.1116251;-0.09366662;3.342263;
HipCenter;-0.1172708;-0.1824166;3.341453;
HipRight;-0.09363995;-0.2007238;3.307575;
HipLeft;-0.1480792;-0.2477638;3.368547;
KneeRight;-0.1224829;-0.6226443;3.317366;
KneeLeft;0.1136995;-0.6922302;3.500599;
AnkleRight;-0.332352;-1.038864;3.279385;
AnkleLeft;0.2866243;-1.032985;3.47601;
FootRight;-0.438888;-1.082876;3.308663;
FootLeft;0.2053185;-1.102964;3.527357;
Head;-0.265362;0.5030767;3.392649;
ShoulderCenter;-0.1417559;0.3586004;3.351876;
ShoulderRight;-0.07730781;0.2110468;3.236499;
ShoulderLeft;-0.2381388;0.1625459;3.456535;
ElbowRight;-0.05961997;-0.07109528;3.157346;
ElbowLeft;-0.252941;-0.1249224;3.513333;
WristRight;-0.06404276;-0.3159158;3.152923;
WristLeft;-0.3385757;-0.3378667;3.58457;
HandRight;-0.06669047;-0.4065765;3.14207;
HandLeft;-0.3671206;-0.4088482;3.613212;
Spine;-0.1608267;-0.08582799;3.33122;
HipCenter;-0.1638688;-0.1748392;3.330855;
HipRight;-0.1316617;-0.1973264;3.314096;
HipLeft;-0.1956512;-0.227414;3.341337;
KneeRight;-0.3201848;-0.5770021;3.294148;
KneeLeft;0.08914749;-0.690904;3.508414;
AnkleRight;-0.3612843;-1.041634;3.282518;
AnkleLeft;0.2654746;-1.026632;3.482033;
FootRight;-0.4649198;-1.092229;3.315454;
FootLeft;0.1956117;-1.101026;3.531075;
Head;-0.2905268;0.5180695;3.392557;
ShoulderCenter;-0.1791647;0.363233;3.352512;
ShoulderRight;-0.1311729;0.2190423;3.22485;
ShoulderLeft;-0.2755476;0.1671785;3.457171;
ElbowRight;-0.09854579;-0.05256978;3.144659;
ElbowLeft;-0.2903498;-0.1202898;3.513981;
WristRight;-0.1484313;-0.340066;3.137376;
WristLeft;-0.3759905;-0.3332489;3.58523;
HandRight;-0.151083;-0.430863;3.126507;
HandLeft;-0.4045373;-0.4042352;3.613875;
Spine;-0.196121;-0.08079587;3.323008;
HipCenter;-0.2003281;-0.1694862;3.320493;
HipRight;-0.174191;-0.1846607;3.289715;
HipLeft;-0.2351345;-0.2313974;3.341164;
KneeRight;-0.3353324;-0.6518555;3.289099;
KneeLeft;0.03289428;-0.7095601;3.500903;
AnkleRight;-0.368509;-1.062707;3.279198;
AnkleLeft;0.2133866;-1.002435;3.459873;
FootRight;-0.4734721;-1.114502;3.307195;
FootLeft;0.1390488;-1.071935;3.524119;
Head;-0.349536;0.5115997;3.380259;
ShoulderCenter;-0.2289906;0.362986;3.344143;
ShoulderRight;-0.1612292;0.2234273;3.222687;
ShoulderLeft;-0.3253736;0.1669315;3.448802;
ElbowRight;-0.15094;-0.03296282;3.120353;
ElbowLeft;-0.3401758;-0.1205369;3.505616;
WristRight;-0.1982399;-0.3314771;3.119508;
WristLeft;-0.4257879;-0.333425;3.576839;
HandRight;-0.1979388;-0.3991146;3.115199;
HandLeft;-0.4543253;-0.4043877;3.605474;
Spine;-0.2361149;-0.07126523;3.304288;
HipCenter;-0.2375231;-0.1582781;3.300114;
HipRight;-0.1905494;-0.1881282;3.297226;
HipLeft;-0.2804979;-0.2009598;3.286536;
KneeRight;-0.3799139;-0.6737082;3.28174;
KneeLeft;-0.1383759;-0.6462014;3.312688;
AnkleRight;-0.3729888;-1.056777;3.269268;
AnkleLeft;0.1509718;-0.9625639;3.46254;
FootRight;-0.4730951;-1.113072;3.307042;
FootLeft;0.0799537;-1.03702;3.512851;
Head;-0.3851453;0.5191988;3.381594;
ShoulderCenter;-0.2628541;0.3710524;3.339843;
ShoulderRight;-0.2067132;0.2347859;3.213883;
ShoulderLeft;-0.3592371;0.1749979;3.444502;
ElbowRight;-0.2003289;-0.03926713;3.112785;
ElbowLeft;-0.3740393;-0.1124704;3.501309;
WristRight;-0.2779818;-0.3293537;3.099585;
WristLeft;-0.4596739;-0.3254142;3.57255;
HandRight;-0.2744503;-0.3963301;3.089084;
HandLeft;-0.4882187;-0.3963955;3.601192;
Spine;-0.2920955;-0.06532826;3.32004;
HipCenter;-0.2966306;-0.1529172;3.319837;
HipRight;-0.2597563;-0.1874034;3.321893;
HipLeft;-0.3374493;-0.1946141;3.312873;
KneeRight;-0.3690536;-0.6612975;3.281104;
KneeLeft;-0.1722111;-0.6457104;3.313568;
AnkleRight;-0.3732758;-1.056299;3.269047;
AnkleLeft;0.07310845;-0.9393623;3.457196;
FootRight;-0.4739075;-1.113766;3.305069;
FootLeft;0.002090335;-1.013819;3.507506;
Head;-0.4076315;0.5190094;3.377725;
ShoulderCenter;-0.2783839;0.3761225;3.337572;
ShoulderRight;-0.2428293;0.2340277;3.204059;
ShoulderLeft;-0.3747669;0.180068;3.442231;
ElbowRight;-0.2559103;-0.04173727;3.107507;
ElbowLeft;-0.389569;-0.1074004;3.499017;
WristRight;-0.3295839;-0.2884087;3.094429;
WristLeft;-0.4752276;-0.3204041;3.570271;
HandRight;-0.335964;-0.3578533;3.090803;
HandLeft;-0.5037804;-0.3914053;3.598922;
Spine;-0.3028449;-0.06501843;3.309913;
HipCenter;-0.3081361;-0.1533686;3.307097;
HipRight;-0.2847558;-0.188671;3.264029;
HipLeft;-0.3432127;-0.1979856;3.317291;
KneeRight;-0.3720503;-0.6648526;3.278888;
KneeLeft;-0.3215355;-0.6812013;3.353097;
AnkleRight;-0.3749726;-1.054724;3.268507;
AnkleLeft;-0.008114932;-0.9188886;3.441666;
FootRight;-0.4743114;-1.114395;3.305927;
FootLeft;-0.07913305;-0.9933448;3.491976;
Head;-0.4627249;0.5319289;3.375754;
ShoulderCenter;-0.3393441;0.383145;3.335132;
ShoulderRight;-0.2653697;0.2413848;3.20633;
ShoulderLeft;-0.4357271;0.1870905;3.439791;
ElbowRight;-0.3036792;-0.03209855;3.092166;
ElbowLeft;-0.4505293;-0.1003778;3.496561;
WristRight;-0.3937203;-0.2959025;3.098219;
WristLeft;-0.536224;-0.3134714;3.567844;
HandRight;-0.4254204;-0.3687163;3.096483;
HandLeft;-0.5647889;-0.3845026;3.596507;
Spine;-0.3492183;-0.05401381;3.299625;
HipCenter;-0.3490488;-0.1420653;3.296689;
HipRight;-0.303344;-0.181503;3.26475;
HipLeft;-0.3904022;-0.1945393;3.31761;
KneeRight;-0.3771237;-0.6665385;3.274887;
KneeLeft;-0.3495539;-0.6755023;3.351229;
AnkleRight;-0.3752424;-1.052468;3.267818;
AnkleLeft;-0.06984684;-0.9185525;3.436113;
FootRight;-0.4739372;-1.113037;3.307306;
FootLeft;-0.140865;-0.9930087;3.486423;
Head;-0.5107384;0.5211116;3.357674;
ShoulderCenter;-0.3711489;0.3874845;3.329209;
ShoulderRight;-0.3248393;0.2487457;3.195451;
ShoulderLeft;-0.4675319;0.19143;3.433867;
ElbowRight;-0.338589;0.01289361;3.08619;
ElbowLeft;-0.4823341;-0.09603836;3.490626;
WristRight;-0.4710966;-0.2867729;3.086492;
WristLeft;-0.5679531;-0.3089436;3.561827;
HandRight;-0.5020522;-0.3528441;3.089169;
HandLeft;-0.5964928;-0.3799121;3.590464;
Spine;-0.3784772;-0.05438393;3.297885;
HipCenter;-0.3812976;-0.1428966;3.295216;
HipRight;-0.3524425;-0.1786807;3.28671;
HipLeft;-0.4236932;-0.1811111;3.298597;
KneeRight;-0.3816959;-0.6675534;3.272075;
KneeLeft;-0.4052546;-0.6433932;3.355842;
AnkleRight;-0.3744529;-1.048965;3.266056;
AnkleLeft;-0.200957;-0.9577553;3.414411;
FootRight;-0.472986;-1.111996;3.303574;
FootLeft;-0.2719751;-1.032212;3.464721;
Head;-0.5139382;0.5028057;3.33253;
ShoulderCenter;-0.4187177;0.2901596;3.31266;
ShoulderRight;-0.355148;0.253764;3.193569;
ShoulderLeft;-0.5151007;0.09410509;3.417319;
ElbowRight;-0.3920882;-0.0180457;3.092875;
ElbowLeft;-0.5299028;-0.1933632;3.474072;
WristRight;-0.524736;-0.2496571;3.064726;
WristLeft;-0.615543;-0.4063212;3.545292;
HandRight;-0.5667458;-0.3318479;3.058661;
HandLeft;-0.6440898;-0.4773072;3.573937;
Spine;-0.3866523;-0.05298475;3.282478;
HipCenter;-0.385443;-0.1266038;3.274933;
HipRight;-0.3537281;-0.1608737;3.216998;
HipLeft;-0.4160077;-0.1961805;3.298815;
KneeRight;-0.3832852;-0.6671323;3.271425;
KneeLeft;-0.5658561;-0.6588651;3.450375;
AnkleRight;-0.3759456;-1.045893;3.266678;
AnkleLeft;-0.2683442;-0.9767394;3.409813;
FootRight;-0.4740277;-1.112497;3.300185;
FootLeft;-0.3393623;-1.051196;3.460123;
Head;-0.5432944;0.5164474;3.328889;
ShoulderCenter;-0.4554165;0.3263067;3.314116;
ShoulderRight;-0.3962051;0.255156;3.185519;
ShoulderLeft;-0.5517995;0.1302522;3.418775;
ElbowRight;-0.4462854;-0.02402204;3.082101;
ElbowLeft;-0.5666016;-0.1572162;3.475522;
WristRight;-0.5863838;-0.2460876;3.04451;
WristLeft;-0.6522921;-0.3702992;3.546789;
HandRight;-0.6355958;-0.3245314;3.042023;
HandLeft;-0.6808556;-0.4413268;3.57545;
Spine;-0.4385263;-0.03984994;3.277407;
HipCenter;-0.4351483;-0.1130813;3.273662;
HipRight;-0.4031972;-0.1603201;3.214291;
HipLeft;-0.4589612;-0.2001306;3.315501;
KneeRight;-0.3888399;-0.6665344;3.269992;
KneeLeft;-0.5774142;-0.6654978;3.442387;
AnkleRight;-0.3760233;-1.044072;3.266932;
AnkleLeft;-0.4896593;-1.034338;3.416314;
FootRight;-0.4415175;-1.106845;3.275594;
FootLeft;-0.5435404;-1.118368;3.488685;
Head;-0.6011191;0.5394976;3.297355;
ShoulderCenter;-0.491277;0.3932441;3.318929;
ShoulderRight;-0.4427572;0.2426348;3.169654;
ShoulderLeft;-0.58766;0.1971896;3.423588;
ElbowRight;-0.5022349;-0.04201075;3.066181;
ElbowLeft;-0.6024622;-0.09027877;3.480293;
WristRight;-0.6329131;-0.2497471;3.049126;
WristLeft;-0.6882212;-0.3035321;3.551608;
HandRight;-0.6933534;-0.3188404;3.035509;
HandLeft;-0.7168075;-0.3746166;3.580292;
Spine;-0.4685431;-0.02475849;3.276299;
HipCenter;-0.4629863;-0.1064937;3.271716;
HipRight;-0.4315174;-0.1492715;3.218883;
HipLeft;-0.5002071;-0.1723671;3.30817;
KneeRight;-0.4016466;-0.6801081;3.266354;
KneeLeft;-0.6136653;-0.6989731;3.434377;
AnkleRight;-0.3761008;-1.04394;3.267016;
AnkleLeft;-0.5563309;-1.0402;3.417194;
FootRight;-0.4578596;-1.108402;3.285252;
FootLeft;-0.6387451;-1.088407;3.369686;
Head;-0.6365137;0.5331987;3.288447;
ShoulderCenter;-0.5271186;0.3889022;3.316582;
ShoulderRight;-0.4598762;0.2435643;3.174903;
ShoulderLeft;-0.6235015;0.1928477;3.42124;
ElbowRight;-0.5282651;-0.02741539;3.068763;
ElbowLeft;-0.6383037;-0.09462066;3.477904;
WristRight;-0.6894011;-0.2266141;3.039249;
WristLeft;-0.7240971;-0.3079598;3.549232;
HandRight;-0.7457657;-0.2970162;3.03652;
HandLeft;-0.752695;-0.3790728;3.577927;
Spine;-0.4927014;-0.01838593;3.271095;
HipCenter;-0.4866188;-0.0994671;3.265639;
HipRight;-0.4476559;-0.1420899;3.212651;
HipLeft;-0.5133765;-0.1726701;3.304621;
KneeRight;-0.4231377;-0.6802025;3.262459;
KneeLeft;-0.6710282;-0.6776426;3.442364;
AnkleRight;-0.3758694;-1.039533;3.271481;
AnkleLeft;-0.6324636;-1.02113;3.40658;
FootRight;-0.4592064;-1.10705;3.286535;
FootLeft;-0.7109195;-1.069285;3.353802;
Head;-0.6739352;0.5283954;3.284059;
ShoulderCenter;-0.5578305;0.3858883;3.306794;
ShoulderRight;-0.5157626;0.235878;3.174209;
ShoulderLeft;-0.6542134;0.1898338;3.411453;
ElbowRight;-0.5661367;-0.01805976;3.064478;
ElbowLeft;-0.6690155;-0.09763456;3.468087;
WristRight;-0.7505266;-0.2360401;3.032954;
WristLeft;-0.7547928;-0.3109336;3.539384;
HandRight;-0.8081707;-0.2815106;3.045238;
HandLeft;-0.7833852;-0.3820333;3.568074;
Spine;-0.5456563;-0.02022884;3.272761;
HipCenter;-0.541733;-0.1013062;3.270044;
HipRight;-0.5073816;-0.144927;3.214608;
HipLeft;-0.5703327;-0.1765514;3.313474;
KneeRight;-0.4710803;-0.6978621;3.275037;
KneeLeft;-0.7059181;-0.6798935;3.439447;
AnkleRight;-0.3761745;-1.03966;3.271759;
AnkleLeft;-0.7735242;-1.034686;3.438838;
FootRight;-0.4618749;-1.107131;3.28054;
FootLeft;-0.8752679;-1.079745;3.489727;
Head;-0.7071202;0.536978;3.295259;
ShoulderCenter;-0.6039953;0.3792254;3.305743;
ShoulderRight;-0.5424055;0.2348688;3.173203;
ShoulderLeft;-0.7003784;0.1831709;3.410402;
ElbowRight;-0.6152023;-0.01837594;3.054092;
ElbowLeft;-0.7151805;-0.1042974;3.467015;
WristRight;-0.7912869;-0.2311603;3.037033;
WristLeft;-0.8009612;-0.3176046;3.538304;
HandRight;-0.8513353;-0.2959921;3.049308;
HandLeft;-0.8295548;-0.388707;3.566995;
Spine;-0.5836728;-0.01007564;3.28044;
HipCenter;-0.5815811;-0.08751509;3.279364;
HipRight;-0.5464963;-0.1488568;3.214001;
HipLeft;-0.6079192;-0.1699851;3.331968;
KneeRight;-0.4942442;-0.7091551;3.283363;
KneeLeft;-0.7625694;-0.6755002;3.426911;
AnkleRight;-0.3779637;-1.039926;3.271384;
AnkleLeft;-0.9126082;-1.03773;3.463496;
FootRight;-0.4631276;-1.107935;3.282219;
FootLeft;-1.014616;-1.082906;3.514518;
Head;-0.735648;0.522989;3.281008;
ShoulderCenter;-0.6217323;0.3762061;3.301938;
ShoulderRight;-0.587773;0.2326911;3.169702;
ShoulderLeft;-0.7181153;0.1801516;3.406597;
ElbowRight;-0.6475111;-0.02127554;3.057162;
ElbowLeft;-0.7329174;-0.1073167;3.463179;
WristRight;-0.8284842;-0.2317884;3.041822;
WristLeft;-0.8186894;-0.3206025;3.534444;
HandRight;-0.8899626;-0.2817787;3.046391;
HandLeft;-0.8472801;-0.3916978;3.563133;
Spine;-0.6071489;-0.01308166;3.277796;
HipCenter;-0.6037105;-0.09063493;3.276882;
HipRight;-0.5746992;-0.1529578;3.209362;
HipLeft;-0.6287897;-0.1759455;3.331388;
KneeRight;-0.5127734;-0.7036629;3.282344;
KneeLeft;-0.813247;-0.7008842;3.432565;
AnkleRight;-0.3786436;-1.039714;3.271189;
AnkleLeft;-1.054297;-1.047808;3.483751;
FootRight;-0.4762788;-1.110059;3.297703;
FootLeft;-1.156759;-1.093185;3.534999;
Head;-0.7928832;0.5167704;3.282953;
ShoulderCenter;-0.6854511;0.3644032;3.303521;
ShoulderRight;-0.6203472;0.2261326;3.171008;
ShoulderLeft;-0.7818341;0.1683488;3.408179;
ElbowRight;-0.7017105;-0.03719461;3.057205;
ElbowLeft;-0.7966362;-0.1191196;3.464737;
WristRight;-0.8514089;-0.2318018;3.045892;
WristLeft;-0.882436;-0.3324743;3.536018;
HandRight;-0.9119561;-0.2836843;3.040647;
HandLeft;-0.9110359;-0.4035926;3.564716;
Spine;-0.6476188;-0.01359497;3.273266;
HipCenter;-0.63876;-0.08947694;3.271295;
HipRight;-0.5993599;-0.1551134;3.202748;
HipLeft;-0.659759;-0.1767602;3.325545;
KneeRight;-0.5410109;-0.6885519;3.268728;
KneeLeft;-0.8439032;-0.6625093;3.424263;
AnkleRight;-0.37966;-1.039884;3.271657;
AnkleLeft;-1.055136;-1.047555;3.481744;
FootRight;-0.4747518;-1.107222;3.285373;
FootLeft;-1.157902;-1.093067;3.533144;
Head;-0.8559092;0.4897271;3.32554;
ShoulderCenter;-0.7074766;0.3607528;3.303556;
ShoulderRight;-0.6606291;0.2172345;3.175528;
ShoulderLeft;-0.8038595;0.1646983;3.408215;
ElbowRight;-0.7267075;-0.04101972;3.057342;
ElbowLeft;-0.8186617;-0.1227701;3.464763;
WristRight;-0.9019279;-0.2367391;3.039867;
WristLeft;-0.9044699;-0.3361461;3.536047;
HandRight;-0.9479251;-0.292652;3.038776;
HandLeft;-0.9330726;-0.4072714;3.564747;
Spine;-0.7040364;-0.05084407;3.262687;
HipCenter;-0.7011612;-0.1328009;3.258135;
HipRight;-0.6682491;-0.1840964;3.200928;
HipLeft;-0.7298555;-0.2017316;3.300611;
KneeRight;-0.5505877;-0.6903883;3.259284;
KneeLeft;-0.8898029;-0.6694574;3.428585;
AnkleRight;-0.3857446;-1.040592;3.269994;
AnkleLeft;-1.056951;-1.049137;3.468668;
FootRight;-0.4561902;-1.101092;3.263263;
FootLeft;-1.159764;-1.09467;3.520092;
Head;-0.8695157;0.5235111;3.312958;
ShoulderCenter;-0.7652489;0.3578908;3.301964;
ShoulderRight;-0.7121503;0.2239474;3.187182;
ShoulderLeft;-0.8616319;0.1618363;3.406623;
ElbowRight;-0.7634894;-0.03256259;3.06359;
ElbowLeft;-0.876434;-0.1256321;3.463146;
WristRight;-0.9248304;-0.2451377;3.045044;
WristLeft;-0.9622437;-0.3390116;3.534419;
HandRight;-0.9690471;-0.298773;3.04568;
HandLeft;-0.990847;-0.4101381;3.56312;
Spine;-0.7404085;-0.008818336;3.279805;
HipCenter;-0.7354404;-0.08216015;3.278998;
HipRight;-0.6960292;-0.1604759;3.198514;
HipLeft;-0.7579646;-0.1875841;3.344467;
KneeRight;-0.5866515;-0.6872717;3.248544;
KneeLeft;-0.9176489;-0.669824;3.425418;
AnkleRight;-0.3922385;-1.041173;3.269578;
AnkleLeft;-1.079811;-1.055205;3.454008;
FootRight;-0.467025;-1.103489;3.267174;
FootLeft;-1.182712;-1.100777;3.505477;
Head;-0.9134436;0.5214419;3.323346;
ShoulderCenter;-0.8072848;0.35535;3.306228;
ShoulderRight;-0.7461988;0.2206708;3.18685;
ShoulderLeft;-0.9036677;0.1592955;3.410887;
ElbowRight;-0.8129864;-0.05965446;3.07352;
ElbowLeft;-0.9184699;-0.1281729;3.467371;
WristRight;-0.9626965;-0.2578851;3.049474;
WristLeft;-1.004331;-0.341681;3.538676;
HandRight;-0.9820667;-0.32473;3.050768;
HandLeft;-1.032952;-0.4128503;3.567394;
Spine;-0.8078234;-0.02104731;3.302567;
HipCenter;-0.8071998;-0.09628256;3.305393;
HipRight;-0.7805656;-0.1716129;3.237008;
HipLeft;-0.8324415;-0.1889832;3.367805;
KneeRight;-0.6268507;-0.6836516;3.243453;
KneeLeft;-0.969091;-0.6858728;3.425999;
AnkleRight;-0.4245396;-1.029334;3.262815;
AnkleLeft;-1.068155;-1.049173;3.441431;
FootRight;-0.4739634;-1.106132;3.268299;
FootLeft;-1.171082;-1.094756;3.492913;
Head;-0.9234176;0.4789329;3.316237;
ShoulderCenter;-0.8546137;0.2953492;3.302052;
ShoulderRight;-0.7995479;0.2192292;3.173521;
ShoulderLeft;-0.9509966;0.09929469;3.40671;
ElbowRight;-0.8354273;-0.05133139;3.078676;
ElbowLeft;-0.9657988;-0.1881737;3.463189;
WristRight;-0.9657604;-0.2592641;3.0509;
WristLeft;-1.051667;-0.401698;3.534498;
HandRight;-0.9884057;-0.3251296;3.052812;
HandLeft;-1.080289;-0.4728728;3.563218;
Spine;-0.82551;-0.04055629;3.28389;
HipCenter;-0.8201225;-0.1088395;3.285668;
HipRight;-0.788525;-0.1716515;3.224226;
HipLeft;-0.842383;-0.2047518;3.333276;
KneeRight;-0.7147169;-0.6812698;3.258712;
KneeLeft;-1.001623;-0.7055308;3.42688;
AnkleRight;-0.4385978;-1.027526;3.278141;
AnkleLeft;-1.067845;-1.047748;3.439996;
FootRight;-0.5029032;-1.106313;3.290722;
FootLeft;-1.170898;-1.093387;3.491541;
Head;-0.9862651;0.5416961;3.313416;
ShoulderCenter;-0.8957158;0.3692519;3.309206;
ShoulderRight;-0.8316098;0.2260454;3.181619;
ShoulderLeft;-0.9920987;0.1731974;3.413864;
ElbowRight;-0.874257;-0.05052759;3.082358;
ElbowLeft;-1.006901;-0.1142709;3.470306;
WristRight;-1.003985;-0.2854365;3.086486;
WristLeft;-1.092793;-0.3278555;3.541621;
HandRight;-1.034408;-0.3511091;3.077715;
HandLeft;-1.121424;-0.3990504;3.570349;
Spine;-0.8623228;-0.006585918;3.279781;
HipCenter;-0.8523943;-0.08423161;3.278286;
HipRight;-0.8166277;-0.1511838;3.19934;
HipLeft;-0.8709419;-0.1880696;3.338928;
KneeRight;-0.7817842;-0.6483812;3.243912;
KneeLeft;-1.033869;-0.7107543;3.424223;
AnkleRight;-0.4985899;-0.976979;3.266388;
AnkleLeft;-1.071889;-1.051633;3.438975;
FootRight;-0.5188866;-1.09651;3.292416;
FootLeft;-1.179172;-1.097182;3.481318;
Head;-0.9998458;0.547961;3.316529;
ShoulderCenter;-0.9233071;0.3678906;3.309952;
ShoulderRight;-0.8610302;0.2305176;3.186948;
ShoulderLeft;-1.01969;0.1718361;3.414611;
ElbowRight;-0.9032116;-0.05523142;3.088445;
ElbowLeft;-1.034492;-0.1156322;3.471017;
WristRight;-1.010152;-0.2766108;3.079411;
WristLeft;-1.120424;-0.329315;3.542353;
HandRight;-1.037114;-0.3543036;3.082805;
HandLeft;-1.149068;-0.4005426;3.571095;
Spine;-0.8927036;-0.008998444;3.275224;
HipCenter;-0.8887525;-0.08495648;3.271467;
HipRight;-0.8494068;-0.1502968;3.194476;
HipLeft;-0.9180775;-0.1828965;3.327802;
KneeRight;-0.8698695;-0.6512539;3.238719;
KneeLeft;-1.075492;-0.7244201;3.40925;
AnkleRight;-0.5626277;-0.9512305;3.260969;
AnkleLeft;-1.101538;-1.067623;3.44462;
FootRight;-0.5680929;-1.055936;3.285876;
FootLeft;-1.2021;-1.114033;3.501542;
Head;-1.058349;0.5003461;3.336121;
ShoulderCenter;-0.9688547;0.3234185;3.302536;
ShoulderRight;-0.9069995;0.2461668;3.193045;
ShoulderLeft;-1.065238;0.127364;3.407194;
ElbowRight;-0.9316549;-0.04239995;3.09144;
ElbowLeft;-1.08004;-0.1601043;3.463595;
WristRight;-1.047283;-0.3057345;3.090489;
WristLeft;-1.166011;-0.3738855;3.534967;
HandRight;-1.043601;-0.3745806;3.078714;
HandLeft;-1.194668;-0.4451458;3.563722;
Spine;-0.9047319;-0.01734217;3.274859;
HipCenter;-0.8942558;-0.08818381;3.271875;
HipRight;-0.8515657;-0.1501646;3.195854;
HipLeft;-0.9203019;-0.1888292;3.327638;
KneeRight;-0.9283878;-0.6545941;3.243742;
KneeLeft;-1.078685;-0.7237998;3.328998;
AnkleRight;-0.6243136;-0.9252282;3.260871;
AnkleLeft;-1.101959;-1.067891;3.444982;
FootRight;-0.6400785;-1.035473;3.316728;
FootLeft;-1.20193;-1.11447;3.502937;
Head;-1.075426;0.4910704;3.34457;
ShoulderCenter;-0.9862333;0.3143405;3.298862;
ShoulderRight;-0.9422835;0.2414434;3.187327;
ShoulderLeft;-1.082616;0.118286;3.403521;
ElbowRight;-0.9568757;-0.04342551;3.091592;
ElbowLeft;-1.097418;-0.1691823;3.459912;
WristRight;-1.04846;-0.3040366;3.089588;
WristLeft;-1.183419;-0.3830367;3.531309;
HandRight;-1.054636;-0.373318;3.081968;
HandLeft;-1.212086;-0.4543216;3.560074;
Spine;-0.9531148;-0.04536724;3.275935;
HipCenter;-0.9444647;-0.1162502;3.275423;
HipRight;-0.9059237;-0.1707666;3.213205;
HipLeft;-0.9643752;-0.209456;3.325083;
KneeRight;-1.007064;-0.7012293;3.2433;
KneeLeft;-1.090541;-0.729629;3.337566;
AnkleRight;-0.736614;-0.9074598;3.263068;
AnkleLeft;-1.095871;-1.064688;3.443753;
FootRight;-0.7523757;-1.017682;3.318913;
FootLeft;-1.201771;-1.107873;3.493113;
Head;-1.140301;0.4947911;3.35789;
ShoulderCenter;-1.049466;0.3049989;3.307382;
ShoulderRight;-0.9798768;0.2497302;3.186568;
ShoulderLeft;-1.145849;0.1089444;3.412041;
ElbowRight;-0.9846406;-0.04239122;3.1029;
ElbowLeft;-1.160652;-0.1785239;3.468425;
WristRight;-1.06161;-0.2762711;3.090652;
WristLeft;-1.246691;-0.3924747;3.539858;
HandRight;-1.073604;-0.3419211;3.092469;
HandLeft;-1.275371;-0.4637916;3.568636;
Spine;-0.994481;-0.03147339;3.288759;
HipCenter;-0.9837366;-0.09891094;3.288694;
HipRight;-0.9284907;-0.1678658;3.212859;
HipLeft;-1.001792;-0.2105804;3.35003;
KneeRight;-1.096007;-0.6419812;3.265425;
KneeLeft;-1.115543;-0.7427052;3.357824;
AnkleRight;-0.8143854;-0.9248078;3.26717;
AnkleLeft;-1.094996;-1.06122;3.443244;
FootRight;-0.8533965;-1.025197;3.329719;
FootLeft;-1.200733;-1.107243;3.490295;
Head;-1.155248;0.4946315;3.346499;
ShoulderCenter;-1.065582;0.3052178;3.306117;
ShoulderRight;-1.017317;0.2493609;3.188838;
ShoulderLeft;-1.161965;0.1091633;3.410775;
ElbowRight;-1.03492;-0.0429199;3.109058;
ElbowLeft;-1.176767;-0.178305;3.467153;
WristRight;-1.077237;-0.2854334;3.08531;
WristLeft;-1.262842;-0.392345;3.538619;
HandRight;-1.078251;-0.3339005;3.085579;
HandLeft;-1.291534;-0.4636917;3.567409;
Spine;-1.02695;-0.0206996;3.286842;
HipCenter;-1.020025;-0.08507873;3.286622;
HipRight;-0.9806685;-0.1683052;3.195227;
HipLeft;-1.033003;-0.2076258;3.357517;
KneeRight;-1.172207;-0.6482724;3.275083;
KneeLeft;-1.071676;-0.641728;3.437454;
AnkleRight;-0.9502225;-0.9909136;3.329746;
AnkleLeft;-1.078514;-1.056903;3.419805;
FootRight;-1.005782;-1.0924;3.376991;
FootLeft;-1.184695;-1.097412;3.471797;
Head;-1.186976;0.515327;3.342137;
ShoulderCenter;-1.116168;0.3286611;3.312502;
ShoulderRight;-1.045108;0.2499981;3.186603;
ShoulderLeft;-1.212551;0.1326066;3.41716;
ElbowRight;-1.059422;-0.06253511;3.109796;
ElbowLeft;-1.227353;-0.1548617;3.47353;
WristRight;-1.106659;-0.3042567;3.083741;
WristLeft;-1.313502;-0.3690836;3.545065;
HandRight;-1.129395;-0.3419768;3.086497;
HandLeft;-1.342218;-0.4404909;3.573879;
Spine;-1.04272;-0.02246291;3.288424;
HipCenter;-1.031093;-0.08960536;3.28765;
HipRight;-0.9891088;-0.1652695;3.207157;
HipLeft;-1.051335;-0.1971642;3.349171;
KneeRight;-1.260009;-0.6399987;3.27691;
KneeLeft;-1.095326;-0.6520897;3.446579;
AnkleRight;-1.023844;-1.00677;3.333352;
AnkleLeft;-1.166437;-1.070386;3.439305;
FootRight;-1.07434;-1.094843;3.378315;
FootLeft;-1.226195;-1.135049;3.46665;
Head;-1.241829;0.5018901;3.339633;
ShoulderCenter;-1.140828;0.3126833;3.308977;
ShoulderRight;-1.085418;0.2492699;3.187705;
ShoulderLeft;-1.237212;0.1166288;3.413636;
ElbowRight;-1.087442;-0.04477329;3.107063;
ElbowLeft;-1.252014;-0.1708395;3.469993;
WristRight;-1.135181;-0.2867111;3.087431;
WristLeft;-1.338198;-0.38515;3.541557;
HandRight;-1.154583;-0.3785985;3.09999;
HandLeft;-1.366926;-0.4565868;3.570383;
Spine;-1.091571;-0.05093123;3.294523;
HipCenter;-1.080241;-0.1226964;3.295491;
HipRight;-1.038039;-0.1829896;3.239488;
HipLeft;-1.099309;-0.2076243;3.3423;
KneeRight;-1.329541;-0.6399854;3.273679;
KneeLeft;-1.147601;-0.681183;3.433339;
AnkleRight;-1.139253;-1.043204;3.358714;
AnkleLeft;-1.075961;-1.059448;3.433981;
FootRight;-1.238723;-1.118121;3.352226;
FootLeft;-1.165195;-1.084731;3.350634;
Head;-1.297522;0.5666846;3.34039;
ShoulderCenter;-1.198834;0.3970513;3.312784;
ShoulderRight;-1.1248;0.2490979;3.186566;
ShoulderLeft;-1.295217;0.2009968;3.417443;
ElbowRight;-1.111687;-0.03868225;3.108773;
ElbowLeft;-1.310019;-0.08647156;3.473783;
WristRight;-1.175829;-0.2768728;3.089366;
WristLeft;-1.396227;-0.3008417;3.545362;
HandRight;-1.179043;-0.3716401;3.086245;
HandLeft;-1.424963;-0.3722985;3.574196;
Spine;-1.194426;-0.008940235;3.301449;
HipCenter;-1.193544;-0.09013855;3.302829;
HipRight;-1.163262;-0.1644289;3.243808;
HipLeft;-1.222292;-0.1571029;3.354638;
KneeRight;-1.390506;-0.6507969;3.271618;
KneeLeft;-1.200574;-0.6859689;3.40836;
AnkleRight;-1.189366;-1.041806;3.380189;
AnkleLeft;-1.117294;-1.075526;3.437917;
FootRight;-1.292503;-1.088112;3.327431;
FootLeft;-1.206574;-1.100822;3.354526;
Head;-1.377942;0.5237252;3.344048;
ShoulderCenter;-1.233315;0.3899736;3.313143;
ShoulderRight;-1.160323;0.2461459;3.186001;
ShoulderLeft;-1.329698;0.1939191;3.417802;
ElbowRight;-1.132092;-0.03812211;3.108094;
ElbowLeft;-1.3445;-0.09354927;3.474132;
WristRight;-1.194106;-0.2769671;3.091897;
WristLeft;-1.430726;-0.3079638;3.545724;
HandRight;-1.217459;-0.3688188;3.098564;
HandLeft;-1.459468;-0.3794353;3.574564;
Spine;-1.225272;-0.02120317;3.302541;
HipCenter;-1.223799;-0.1034522;3.30407;
HipRight;-1.191155;-0.1690929;3.256457;
HipLeft;-1.253075;-0.1603833;3.34539;
KneeRight;-1.410792;-0.6626582;3.279614;
KneeLeft;-1.216329;-0.6893835;3.412075;
AnkleRight;-1.384959;-1.057563;3.288184;
AnkleLeft;-1.099488;-1.07632;3.440491;
FootRight;-1.496848;-1.112879;3.285745;
FootLeft;-1.212528;-1.121611;3.467975;
Head;-1.39684;0.5319731;3.33753;
ShoulderCenter;-1.26907;0.3820479;3.313219;
ShoulderRight;-1.195991;0.2437297;3.194111;
ShoulderLeft;-1.365453;0.1859934;3.417878;
ElbowRight;-1.185769;-0.06606576;3.11362;
ElbowLeft;-1.380255;-0.1014749;3.474203;
WristRight;-1.249587;-0.3347911;3.109963;
WristLeft;-1.466544;-0.3160462;3.545856;
HandRight;-1.261044;-0.4039261;3.103833;
HandLeft;-1.495306;-0.38757;3.574717;
Spine;-1.269953;-0.008506984;3.309631;
HipCenter;-1.270618;-0.08586983;3.312829;
HipRight;-1.233052;-0.1708137;3.242201;
HipLeft;-1.303979;-0.1662412;3.378912;
KneeRight;-1.470627;-0.6711159;3.277697;
KneeLeft;-1.160801;-0.7176335;3.313417;
AnkleRight;-1.515498;-1.07602;3.25121;
AnkleLeft;-1.101333;-1.07987;3.443304;
FootRight;-1.630092;-1.119369;3.225062;
FootLeft;-1.215289;-1.124495;3.470083;
Head;-1.45788;0.5263383;3.343393;
ShoulderCenter;-1.321761;0.3839248;3.322553;
ShoulderRight;-1.236216;0.2351082;3.191325;
ShoulderLeft;-1.418144;0.1878703;3.427212;
ElbowRight;-1.223486;-0.06173828;3.118742;
ElbowLeft;-1.432946;-0.09959802;3.483527;
WristRight;-1.288164;-0.3001666;3.105102;
WristLeft;-1.51927;-0.3142566;3.55521;
HandRight;-1.285256;-0.3762237;3.105607;
HandLeft;-1.548044;-0.3858094;3.584083;
Spine;-1.289658;-0.0187594;3.304646;
HipCenter;-1.28635;-0.09854984;3.305624;
HipRight;-1.241345;-0.1715918;3.242857;
HipLeft;-1.323098;-0.1748311;3.355853;
KneeRight;-1.495306;-0.683534;3.271419;
KneeLeft;-1.225013;-0.7377521;3.296502;
AnkleRight;-1.610891;-1.087113;3.248305;
AnkleLeft;-1.102081;-1.080141;3.443609;
FootRight;-1.725517;-1.130473;3.222149;
FootLeft;-1.209405;-1.126331;3.488901;
Head;-1.485704;0.5046184;3.312491;
ShoulderCenter;-1.343285;0.373069;3.312002;
ShoulderRight;-1.271986;0.2257368;3.182859;
ShoulderLeft;-1.439668;0.1770146;3.416661;
ElbowRight;-1.271612;-0.08677018;3.118039;
ElbowLeft;-1.45447;-0.1104538;3.472973;
WristRight;-1.328365;-0.3273872;3.102254;
WristLeft;-1.540855;-0.3252622;3.544714;
HandRight;-1.326882;-0.375842;3.099812;
HandLeft;-1.569649;-0.396865;3.573608;
Spine;-1.348094;-0.02992263;3.30203;
HipCenter;-1.347427;-0.1096995;3.304486;
HipRight;-1.311069;-0.1782566;3.24715;
HipLeft;-1.382617;-0.1807687;3.356437;
KneeRight;-1.52233;-0.7011355;3.267558;
KneeLeft;-1.254693;-0.7376357;3.287095;
AnkleRight;-1.682775;-1.07122;3.265518;
AnkleLeft;-1.104379;-1.076368;3.444356;
FootRight;-1.79742;-1.114589;3.239358;
FootLeft;-1.211396;-1.122746;3.490239;
Head;-1.515881;0.5187842;3.318745;
ShoulderCenter;-1.392853;0.3640835;3.299582;
ShoulderRight;-1.31742;0.2209545;3.191866;
ShoulderLeft;-1.489236;0.168029;3.404241;
ElbowRight;-1.312317;-0.08148833;3.111082;
ElbowLeft;-1.521653;-0.1515696;3.280132;
WristRight;-1.363901;-0.3235144;3.089328;
WristLeft;-1.607065;-0.3739866;3.345552;
HandRight;-1.355237;-0.3933681;3.094455;
HandLeft;-1.635535;-0.4481257;3.372339;
Spine;-1.359842;-0.0343744;3.302946;
HipCenter;-1.356286;-0.1140247;3.306221;
HipRight;-1.319267;-0.1820942;3.252746;
HipLeft;-1.387828;-0.1813703;3.356228;
KneeRight;-1.233792;-0.7011907;3.468605;
KneeLeft;-1.27649;-0.6776819;3.458838;
AnkleRight;-1.252105;-1.080239;3.477248;
AnkleLeft;-1.110578;-1.076671;3.445693;
FootRight;-1.191859;-1.146818;3.4547;
FootLeft;-1.222166;-1.126614;3.472935;
Head;-1.582493;0.5011721;3.323611;
ShoulderCenter;-1.442834;0.358735;3.288846;
ShoulderRight;-1.365311;0.2235128;3.183791;
ShoulderLeft;-1.539217;0.1626805;3.393505;
ElbowRight;-1.348327;-0.0865019;3.104783;
ElbowLeft;-1.571684;-0.1574082;3.269243;
WristRight;-1.412879;-0.3340432;3.10079;
WristLeft;-1.657046;-0.3793352;3.334805;
HandRight;-1.413943;-0.4046391;3.103884;
HandLeft;-1.6855;-0.4533108;3.361641;
Spine;-1.423081;-0.03343346;3.298355;
HipCenter;-1.41913;-0.1118671;3.30391;
HipRight;-1.381103;-0.1817897;3.254197;
HipLeft;-1.450282;-0.1784346;3.353657;
KneeRight;-1.266792;-0.6968472;3.467702;
KneeLeft;-1.58463;-0.6819806;3.272273;
AnkleRight;-1.252561;-1.080836;3.477119;
AnkleLeft;-1.244427;-0.9573225;3.389848;
FootRight;-1.287377;-1.150867;3.557916;
FootLeft;-1.246046;-1.068303;3.44849;
Head;-1.585951;0.5126685;3.277772;
ShoulderCenter;-1.478752;0.3541899;3.291752;
ShoulderRight;-1.387663;0.2190657;3.17075;
ShoulderLeft;-1.575135;0.1581354;3.396411;
ElbowRight;-1.400431;-0.0880222;3.102544;
ElbowLeft;-1.607553;-0.1614757;3.272275;
WristRight;-1.450259;-0.3304297;3.094256;
WristLeft;-1.692964;-0.3838803;3.337687;
HandRight;-1.451324;-0.4010628;3.097351;
HandLeft;-1.721434;-0.4580151;3.364476;
Spine;-1.433942;-0.04859579;3.279155;
HipCenter;-1.42684;-0.1314324;3.277458;
HipRight;-1.383867;-0.1809296;3.292658;
HipLeft;-1.459293;-0.2070758;3.237022;
KneeRight;-1.278333;-0.7088678;3.472212;
KneeLeft;-1.60649;-0.6370362;3.267118;
AnkleRight;-1.274883;-1.071057;3.481575;
AnkleLeft;-1.276224;-0.9216994;3.388858;
FootRight;-1.21128;-1.138527;3.484595;
FootLeft;-1.261559;-1.034618;3.441664;
Head;-1.550942;0.4829131;3.265707;
ShoulderCenter;-1.516758;0.2941867;3.279512;
ShoulderRight;-1.438438;0.2115231;3.169559;
ShoulderLeft;-1.613141;0.09813225;3.384171;
ElbowRight;-1.454779;-0.07599047;3.091218;
ElbowLeft;-1.645592;-0.2218016;3.259931;
WristRight;-1.508845;-0.366841;3.080863;
WristLeft;-1.73097;-0.4438834;3.325435;
HandRight;-1.50991;-0.437549;3.083961;
HandLeft;-1.759429;-0.5179107;3.352255;
Spine;-1.45566;-0.09067167;3.270342;
HipCenter;-1.440949;-0.1621095;3.272928;
HipRight;-1.393733;-0.1981574;3.293704;
HipLeft;-1.468033;-0.2397839;3.242732;
KneeRight;-1.362249;-0.6680025;3.485843;
KneeLeft;-1.610022;-0.6393759;3.275968;
AnkleRight;-1.167673;-1.023289;3.456868;
AnkleLeft;-1.716947;-1.00292;3.297443;
FootRight;-1.238607;-1.076735;3.393559;
FootLeft;-1.78788;-1.056366;3.234134;
Head;-1.673174;0.502228;3.235501;
ShoulderCenter;-1.559647;0.3554497;3.267912;
ShoulderRight;-1.480455;0.2173458;3.146;
ShoulderLeft;-1.537274;0.2119008;3.0835;
ElbowRight;-1.5039;-0.07181613;3.077737;
ElbowLeft;-1.569758;-0.1083609;2.959177;
WristRight;-1.549087;-0.3330224;3.055489;
WristLeft;-1.655102;-0.3301148;3.024784;
HandRight;-1.550153;-0.4037573;3.058589;
HandLeft;-1.68355;-0.4040328;3.051637;
Spine;-1.560203;-0.07838803;3.2736;
HipCenter;-1.560314;-0.1651556;3.278392;
HipRight;-1.54991;-0.1814733;3.302115;
HipLeft;-1.570788;-0.2024848;3.254208;
KneeRight;-1.431396;-0.7163789;3.459769;
KneeLeft;-1.631176;-0.6544117;3.313282;
AnkleRight;-1.186794;-1.023717;3.458833;
AnkleLeft;-1.744221;-1.023399;3.33121;
FootRight;-1.114026;-1.071209;3.393404;
FootLeft;-1.671452;-1.070892;3.265782;
Head;-1.680062;0.5262956;3.231679;
ShoulderCenter;-1.583312;0.3649786;3.258788;
ShoulderRight;-1.509795;0.2269038;3.15288;
ShoulderLeft;-1.544233;0.2230543;3.097661;
ElbowRight;-1.545704;-0.06280525;3.067538;
ElbowLeft;-1.560814;-0.09442544;2.96657;
WristRight;-1.619593;-0.3133872;3.070015;
WristLeft;-1.647564;-0.3101428;3.038669;
HandRight;-1.625199;-0.3842148;3.062397;
HandLeft;-1.67648;-0.3820486;3.067684;
Spine;-1.514169;-0.04869499;3.258552;
HipCenter;-1.498643;-0.1321132;3.262812;
HipRight;-1.485002;-0.1562121;3.305036;
HipLeft;-1.496306;-0.1938627;3.219274;
KneeRight;-1.569247;-0.5572842;3.408988;
KneeLeft;-1.644878;-0.5952193;3.295324;
AnkleRight;-1.298517;-0.9259434;3.444791;
AnkleLeft;-1.745911;-1.014505;3.318868;
FootRight;-1.213752;-0.9685261;3.391443;
FootLeft;-1.661147;-1.057088;3.26552;
Head;-1.667403;0.5570906;3.229985;
ShoulderCenter;-1.613824;0.3709224;3.241535;
ShoulderRight;-1.516406;0.2215096;3.23789;
ShoulderLeft;-1.586993;0.2671455;3.091192;
ElbowRight;-1.577093;-0.056338;3.063895;
ElbowLeft;-1.581434;-0.0605152;2.9863;
WristRight;-1.653757;-0.304084;3.094997;
WristLeft;-1.664996;-0.2983502;3.049049;
HandRight;-1.659363;-0.3749116;3.087378;
HandLeft;-1.69285;-0.3776285;3.074946;
Spine;-1.549544;-0.04062375;3.254795;
HipCenter;-1.538787;-0.1224649;3.261141;
HipRight;-1.518733;-0.1520281;3.226721;
HipLeft;-1.55586;-0.1618284;3.296338;
KneeRight;-1.612956;-0.5529315;3.446072;
KneeLeft;-1.667716;-0.6029637;3.300198;
AnkleRight;-1.344221;-0.927894;3.455711;
AnkleLeft;-1.751041;-1.026183;3.324343;
FootRight;-1.252482;-0.9708205;3.416152;
FootLeft;-1.784691;-1.114187;3.40604;
Head;-1.677681;0.5588255;3.212641;
ShoulderCenter;-1.627287;0.3820024;3.251869;
ShoulderRight;-1.563087;0.2311869;3.158505;
ShoulderLeft;-1.596184;0.2768296;3.102742;
ElbowRight;-1.594718;-0.01413566;3.107008;
ElbowLeft;-1.617209;0.01507898;3.052362;
WristRight;-1.660236;-0.3417636;3.127578;
WristLeft;-1.703987;-0.2007062;3.124497;
HandRight;-1.667316;-0.4199602;3.120758;
HandLeft;-1.732912;-0.2726346;3.153521;
Spine;-1.569469;-0.02547262;3.267646;
HipCenter;-1.557645;-0.1074881;3.273888;
HipRight;-1.532589;-0.1542523;3.22291;
HipLeft;-1.566894;-0.1586966;3.333447;
KneeRight;-1.653119;-0.5499171;3.435075;
KneeLeft;-1.702255;-0.6367509;3.288715;
AnkleRight;-1.415923;-0.9433702;3.466018;
AnkleLeft;-1.812033;-1.024454;3.235228;
FootRight;-1.326124;-0.9865893;3.423071;
FootLeft;-1.722234;-1.067673;3.192281;
Head;-1.730192;0.5591061;3.258279;
ShoulderCenter;-1.638389;0.3829798;3.251823;
ShoulderRight;-1.583271;0.1569511;3.1427;
ShoulderLeft;-1.606052;0.277883;3.103587;
ElbowRight;-1.630295;-0.08314832;3.154098;
ElbowLeft;-1.636083;0.008295784;3.081163;
WristRight;-1.663586;-0.3485729;3.130072;
WristLeft;-1.722749;-0.2072118;3.15319;
HandRight;-1.669192;-0.4194005;3.122453;
HandLeft;-1.751637;-0.2790477;3.182177;
Spine;-1.597163;-0.02537025;3.337318;
HipCenter;-1.586436;-0.1072588;3.358074;
HipRight;-1.564767;-0.1590365;3.391762;
HipLeft;-1.585519;-0.1518896;3.338662;
KneeRight;-1.67815;-0.558853;3.457706;
KneeLeft;-1.698309;-0.5589476;3.294876;
AnkleRight;-1.489692;-0.9631977;3.448898;
AnkleLeft;-1.821842;-1.004779;3.233959;
FootRight;-1.405873;-1.0109;3.399002;
FootLeft;-1.741815;-1.066163;3.183093;
Head;-1.724349;0.5273773;3.270254;
ShoulderCenter;-1.640775;0.3458016;3.258152;
ShoulderRight;-1.574472;0.1170377;3.149356;
ShoulderLeft;-1.608287;0.2409092;3.110868;
ElbowRight;-1.638389;-0.1378896;3.155615;
ElbowLeft;-1.664659;-0.04537855;3.134716;
WristRight;-1.675959;-0.3827806;3.151555;
WristLeft;-1.626827;-0.3155399;3.148241;
HandRight;-1.686032;-0.4460723;3.181995;
HandLeft;-1.534292;-0.3359122;3.163622;
Spine;-1.624071;-0.09162132;3.305003;
HipCenter;-1.620658;-0.1779888;3.317832;
HipRight;-1.604668;-0.2342908;3.360968;
HipLeft;-1.633361;-0.204889;3.281728;
KneeRight;-1.762782;-0.6676298;3.474331;
KneeLeft;-1.730426;-0.6330063;3.361904;
AnkleRight;-1.587244;-0.963912;3.413283;
AnkleLeft;-1.772823;-1.081096;3.371959;
FootRight;-1.519547;-1.013181;3.343644;
FootLeft;-1.705126;-1.130366;3.30232;
Head;-1.698514;0.377591;3.165285;
ShoulderCenter;-1.651883;0.3146517;3.307881;
ShoulderRight;-1.584352;0.08753011;3.19879;
ShoulderLeft;-1.631135;0.05304636;3.2126;
ElbowRight;-1.646329;-0.2417939;3.184304;
ElbowLeft;-1.665718;-0.1922105;3.172266;
WristRight;-1.715579;-0.4793877;3.154468;
WristLeft;-1.624943;-0.4415002;3.186733;
HandRight;-1.721966;-0.5465955;3.176199;
HandLeft;-1.611352;-0.5245968;3.196531;
Spine;-1.63935;-0.08496408;3.338983;
HipCenter;-1.637326;-0.1653965;3.35052;
HipRight;-1.619919;-0.2276336;3.469773;
HipLeft;-1.655058;-0.2622333;3.251015;
KneeRight;-1.781947;-0.6484208;3.485;
KneeLeft;-1.757059;-0.6527922;3.364547;
AnkleRight;-1.943162;-1.067097;3.4857;
AnkleLeft;-1.753643;-1.054956;3.398635;
FootRight;-1.965287;-1.118531;3.392359;
FootLeft;-1.775768;-1.10639;3.305295;
Head;-1.692564;0.2911938;3.283725;
ShoulderCenter;-1.661095;0.1259763;3.352098;
ShoulderRight;-1.593564;-0.1011453;3.243008;
ShoulderLeft;-1.659823;0.01082995;3.314152;
ElbowRight;-1.703142;-0.3228824;3.210789;
ElbowLeft;-1.675966;-0.2147127;3.18459;
WristRight;-1.829392;-0.5783579;3.192498;
WristLeft;-1.635271;-0.454751;3.213352;
HandRight;-1.865029;-0.6504731;3.191548;
HandLeft;-1.621706;-0.5347637;3.227915;
Spine;-1.681681;-0.1925876;3.444499;
HipCenter;-1.685799;-0.2563004;3.466628;
HipRight;-1.657172;-0.3009737;3.504164;
HipLeft;-1.719446;-0.2893371;3.44934;
KneeRight;-1.828047;-0.6852738;3.539815;
KneeLeft;-1.784311;-0.7060144;3.474606;
AnkleRight;-2.014946;-1.10561;3.565835;
AnkleLeft;-1.747901;-1.016025;3.338184;
FootRight;-2.09656;-1.172275;3.511232;
FootLeft;-1.77024;-1.057544;3.453887;
Head;-1.715417;0.2965128;3.381877;
ShoulderCenter;-1.710888;0.1319067;3.455206;
ShoulderRight;-1.643357;-0.0952149;3.346116;
ShoulderLeft;-1.709615;0.01676033;3.417261;
ElbowRight;-1.712858;-0.3144943;3.227118;
ElbowLeft;-1.704914;-0.1726547;3.229692;
WristRight;-1.792987;-0.5673037;3.108729;
WristLeft;-1.66781;-0.4135007;3.267767;
HandRight;-1.815608;-0.6386747;3.079509;
HandLeft;-1.655442;-0.4937827;3.285422;
Spine;-1.77112;0.003626581;3.599697;
HipCenter;-1.783167;-0.02202943;3.632234;
HipRight;-1.747587;-0.1107632;3.731258;
HipLeft;-1.869911;-0.0422617;3.647984;
KneeRight;-1.890512;-0.5731189;3.618074;
KneeLeft;-1.882473;-0.4935415;3.731077;
AnkleRight;-2.008049;-0.9533447;3.508015;
AnkleLeft;-1.852811;-0.8468993;3.59891;
FootRight;-2.086169;-1.00978;3.458298;
FootLeft;-1.875108;-0.8883407;3.714397;
