Floor;0.009645985;0.9993241;0.03547126;1.044259;
Head;1.228579;-0.007909596;3.50166;
ShoulderCenter;1.03625;0.3162478;3.429008;
ShoulderRight;1.073018;0.189837;3.288538;
ShoulderLeft;0.9272251;0.1373198;3.46775;
ElbowRight;1.066953;-0.08044849;3.167171;
ElbowLeft;0.8672568;-0.1999693;3.366758;
WristRight;0.9989989;-0.3398324;3.122909;
WristLeft;0.9500313;-0.532979;3.22691;
HandRight;0.992334;-0.3920111;3.104461;
HandLeft;0.9108771;-0.6692939;3.158294;
Spine;0.9736616;-0.1173582;3.356213;
HipCenter;0.961144;-0.2040794;3.345595;
HipRight;0.9852225;-0.2527088;3.282575;
HipLeft;0.9196156;-0.2763415;3.385489;
KneeRight;1.162982;-0.8443047;3.23293;
KneeLeft;0.9928197;-0.9411253;3.395409;
AnkleRight;1.146861;-1.192594;3.170354;
AnkleLeft;1.230401;-1.189663;3.224438;
FootRight;1.024438;-1.192146;3.081797;
FootLeft;1.117349;-1.191052;3.124202;
Head;0.9357401;0.4970564;3.472756;
ShoulderCenter;1.011634;0.3151108;3.412673;
ShoulderRight;1.040923;0.1881105;3.27439;
ShoulderLeft;0.9034647;0.1283552;3.465934;
ElbowRight;1.057375;-0.08939035;3.162684;
ElbowLeft;0.8471205;-0.1689621;3.341977;
WristRight;0.9866285;-0.3477795;3.118373;
WristLeft;0.8453594;-0.3474967;3.522018;
HandRight;0.9908299;-0.410168;3.098531;
HandLeft;0.839999;-0.4150025;3.556735;
Spine;0.9425055;-0.1513806;3.31559;
HipCenter;0.9305846;-0.2445908;3.300355;
HipRight;0.9535266;-0.295565;3.2282;
HipLeft;0.8909912;-0.3238153;3.343735;
KneeRight;1.026749;-0.8444942;3.253641;
KneeLeft;0.9809446;-0.9282646;3.371148;
AnkleRight;1.148725;-1.193186;3.16546;
AnkleLeft;0.9770256;-1.19558;3.272933;
FootRight;1.179431;-1.191738;3.035545;
FootLeft;0.9775466;-1.194552;3.139436;
Head;0.862461;0.491935;3.472049;
ShoulderCenter;0.9608847;0.3164541;3.410834;
ShoulderRight;1.003645;0.1933347;3.267127;
ShoulderLeft;0.8512173;0.1349932;3.466971;
ElbowRight;1.035753;-0.087643;3.16099;
ElbowLeft;0.8177364;-0.1846601;3.511422;
WristRight;0.9825686;-0.3495114;3.119274;
WristLeft;0.7946411;-0.4126572;3.579556;
HandRight;0.9863195;-0.411969;3.105147;
HandLeft;0.7869426;-0.4886563;3.606885;
Spine;0.9088801;-0.1377229;3.321834;
HipCenter;0.8965918;-0.2281279;3.307801;
HipRight;0.9227924;-0.2816581;3.234883;
HipLeft;0.8540357;-0.3070595;3.3523;
KneeRight;0.9254087;-0.796647;3.244588;
KneeLeft;0.9568298;-0.8928924;3.264594;
AnkleRight;1.118123;-1.148582;3.171031;
AnkleLeft;0.9209503;-1.160692;3.3194;
FootRight;1.07961;-1.175402;3.052233;
FootLeft;0.9438334;-1.173377;3.194376;
Head;0.8651484;0.4887878;3.467228;
ShoulderCenter;0.940309;0.3215258;3.407348;
ShoulderRight;0.9610068;0.2035033;3.260688;
ShoulderLeft;0.8417617;0.1747714;3.502633;
ElbowRight;1.012591;-0.08836892;3.154116;
ElbowLeft;0.7950585;-0.128395;3.543756;
WristRight;0.9750605;-0.3546243;3.112187;
WristLeft;0.742707;-0.3468771;3.588794;
HandRight;0.983317;-0.4188687;3.10412;
HandLeft;0.7017892;-0.4075203;3.58556;
Spine;0.863149;-0.1259795;3.30991;
HipCenter;0.8489335;-0.2157703;3.293701;
HipRight;0.8660219;-0.2704023;3.221868;
HipLeft;0.8147414;-0.2842861;3.337281;
KneeRight;0.8506545;-0.7957594;3.232976;
KneeLeft;0.9739966;-0.8916545;3.283681;
AnkleRight;1.092384;-1.130618;3.171849;
AnkleLeft;0.9097657;-1.171216;3.212991;
FootRight;1.059205;-1.175414;3.060207;
FootLeft;0.9508835;-1.180728;3.095559;
Head;0.7978987;0.47465;3.451572;
ShoulderCenter;0.9043271;0.3186457;3.403426;
ShoulderRight;0.9389147;0.1970336;3.255481;
ShoulderLeft;0.7848274;0.135341;3.432174;
ElbowRight;0.9881167;-0.08481319;3.145561;
ElbowLeft;0.7418045;-0.1384563;3.533338;
WristRight;0.9479445;-0.347769;3.110294;
WristLeft;0.6803845;-0.3382038;3.604564;
HandRight;0.9754293;-0.4215114;3.098284;
HandLeft;0.6423849;-0.3923431;3.59113;
Spine;0.8403369;-0.1309031;3.294443;
HipCenter;0.8263425;-0.2210989;3.275381;
HipRight;0.8531634;-0.2688087;3.211718;
HipLeft;0.778681;-0.2938998;3.304123;
KneeRight;0.7962826;-0.8064033;3.258379;
KneeLeft;0.9818254;-0.8389847;3.403052;
AnkleRight;1.076814;-1.139101;3.17976;
AnkleLeft;0.8578438;-1.158583;3.207708;
FootRight;1.060571;-1.172457;3.06229;
FootLeft;0.8863711;-1.17715;3.089314;
Head;0.7775934;0.4784878;3.415939;
ShoulderCenter;0.8551581;0.3086805;3.401284;
ShoulderRight;0.8843654;0.1836926;3.240128;
ShoulderLeft;0.7915304;0.2083794;3.580577;
ElbowRight;0.9559691;-0.1004081;3.137021;
ElbowLeft;0.7164475;-0.08387946;3.577771;
WristRight;0.9466377;-0.3426673;3.104356;
WristLeft;0.6302233;-0.3251548;3.619968;
HandRight;0.9580098;-0.4287046;3.097135;
HandLeft;0.5714722;-0.3799171;3.577039;
Spine;0.7989801;-0.1053422;3.302671;
HipCenter;0.7872247;-0.1878255;3.286381;
HipRight;0.8010077;-0.2453074;3.22332;
HipLeft;0.759232;-0.2341983;3.322533;
KneeRight;0.6606996;-0.7428948;3.22408;
KneeLeft;0.9207634;-0.8678064;3.404368;
AnkleRight;0.7414312;-1.097953;3.183164;
AnkleLeft;0.793111;-1.112967;3.222098;
FootRight;0.6462671;-1.139173;3.153753;
FootLeft;0.8510492;-1.143114;3.116732;
Head;0.7336487;0.4573953;3.399024;
ShoulderCenter;0.8322696;0.301749;3.38807;
ShoulderRight;0.8641319;0.1756571;3.232766;
ShoulderLeft;0.7635727;0.2062383;3.557884;
ElbowRight;0.9243037;-0.1078238;3.132339;
ElbowLeft;0.6963649;-0.08119242;3.577283;
WristRight;0.924807;-0.3687878;3.09373;
WristLeft;0.5642702;-0.3049761;3.601033;
HandRight;0.9404902;-0.4339991;3.09643;
HandLeft;0.5091504;-0.3660635;3.594282;
Spine;0.7751154;-0.09572451;3.305636;
HipCenter;0.761847;-0.174373;3.292785;
HipRight;0.7767072;-0.2402885;3.223532;
HipLeft;0.7300913;-0.2250151;3.33636;
KneeRight;0.6247314;-0.7447709;3.22398;
KneeLeft;0.9034108;-0.8216148;3.434676;
AnkleRight;0.6307507;-1.118451;3.192956;
AnkleLeft;0.8239893;-1.152977;3.328153;
FootRight;0.5370433;-1.159294;3.160008;
FootLeft;0.8502339;-1.187462;3.212495;
Head;0.683058;0.4528386;3.419272;
ShoulderCenter;0.7796;0.2922444;3.351994;
ShoulderRight;0.8235086;0.1576362;3.219743;
ShoulderLeft;0.6859249;0.1373098;3.455797;
ElbowRight;0.9088432;-0.116147;3.125805;
ElbowLeft;0.6319704;-0.1139512;3.571687;
WristRight;0.8940363;-0.3669482;3.083829;
WristLeft;0.5129932;-0.2989177;3.598173;
HandRight;0.899235;-0.4475371;3.061428;
HandLeft;0.4746266;-0.3637976;3.608515;
Spine;0.7324998;-0.09708732;3.299802;
HipCenter;0.725384;-0.1749761;3.292397;
HipRight;0.7505249;-0.2400051;3.219492;
HipLeft;0.6795892;-0.2487466;3.344799;
KneeRight;0.5843046;-0.720787;3.224679;
KneeLeft;0.9113184;-0.8575435;3.407334;
AnkleRight;0.5339724;-1.121383;3.180171;
AnkleLeft;0.8928854;-1.168649;3.363958;
FootRight;0.4490379;-1.161965;3.130429;
FootLeft;0.876043;-1.188255;3.244282;
Head;0.6349684;0.4422779;3.404091;
ShoulderCenter;0.7576994;0.2948802;3.357654;
ShoulderRight;0.784952;0.1582332;3.212807;
ShoulderLeft;0.6680974;0.1698755;3.522152;
ElbowRight;0.8663672;-0.1164949;3.117377;
ElbowLeft;0.603152;-0.1157746;3.577443;
WristRight;0.8713887;-0.3765404;3.071166;
WristLeft;0.4909079;-0.3038114;3.615211;
HandRight;0.8873662;-0.4490984;3.062184;
HandLeft;0.4481119;-0.3650787;3.620874;
Spine;0.7122124;-0.08970885;3.294884;
HipCenter;0.7019452;-0.165894;3.285024;
HipRight;0.7111546;-0.2394376;3.196037;
HipLeft;0.6690428;-0.2412357;3.34212;
KneeRight;0.5586735;-0.7084414;3.227779;
KneeLeft;0.9036473;-0.8538712;3.409117;
AnkleRight;0.4422217;-1.10024;3.171272;
AnkleLeft;0.8957405;-1.15942;3.334761;
FootRight;0.3513287;-1.141004;3.134425;
FootLeft;0.8747113;-1.188366;3.217975;
Head;0.620748;0.4638543;3.398832;
ShoulderCenter;0.6961736;0.2865866;3.341703;
ShoulderRight;0.7474386;0.1557131;3.213297;
ShoulderLeft;0.6185332;0.1485046;3.473034;
ElbowRight;0.8168529;-0.1256127;3.106988;
ElbowLeft;0.5583801;-0.1207381;3.563798;
WristRight;0.8447022;-0.3737479;3.07117;
WristLeft;0.4321767;-0.3067348;3.625532;
HandRight;0.8396603;-0.4436526;3.066859;
HandLeft;0.372854;-0.3603234;3.618725;
Spine;0.6604753;-0.1071406;3.282248;
HipCenter;0.6533356;-0.1858861;3.273806;
HipRight;0.6905946;-0.2430016;3.192487;
HipLeft;0.6151119;-0.2596883;3.333802;
KneeRight;0.4952028;-0.7075748;3.2181;
KneeLeft;0.913749;-0.9213605;3.41547;
AnkleRight;0.3742917;-1.114094;3.18784;
AnkleLeft;0.9176463;-1.196834;3.084991;
FootRight;0.2876795;-1.154831;3.14356;
FootLeft;0.8529888;-1.197228;3.022903;
Head;0.5738968;0.4495761;3.383801;
ShoulderCenter;0.6701648;0.2800023;3.340131;
ShoulderRight;0.6929674;0.1423593;3.204346;
ShoulderLeft;0.5505121;0.1146347;3.431732;
ElbowRight;0.7746909;-0.1346428;3.105354;
ElbowLeft;0.5121265;-0.1314598;3.566693;
WristRight;0.7889625;-0.3956253;3.063085;
WristLeft;0.4079763;-0.3118127;3.62553;
HandRight;0.7897897;-0.4604768;3.063558;
HandLeft;0.3540965;-0.352892;3.615766;
Spine;0.6258292;-0.1219437;3.279162;
HipCenter;0.6167336;-0.2026353;3.270363;
HipRight;0.6450108;-0.2578937;3.192144;
HipLeft;0.5685033;-0.2779627;3.325746;
KneeRight;0.4798245;-0.7158608;3.218817;
KneeLeft;0.8847228;-0.9236137;3.419328;
AnkleRight;0.377449;-1.106785;3.19855;
AnkleLeft;0.9431479;-1.195056;3.135609;
FootRight;0.2947918;-1.146714;3.147223;
FootLeft;0.9078086;-1.194273;3.019942;
Head;0.5260329;0.4517701;3.37432;
ShoulderCenter;0.6165984;0.2776556;3.335696;
ShoulderRight;0.6648415;0.1412145;3.202066;
ShoulderLeft;0.5114679;0.1146789;3.428311;
ElbowRight;0.7235371;-0.1340684;3.086661;
ElbowLeft;0.482124;-0.1256456;3.568852;
WristRight;0.7511593;-0.3845539;3.05764;
WristLeft;0.3701812;-0.3097717;3.600041;
HandRight;0.7614207;-0.4475974;3.05702;
HandLeft;0.3224345;-0.3556247;3.60204;
Spine;0.5574095;-0.1312294;3.278852;
HipCenter;0.5455717;-0.2130064;3.270932;
HipRight;0.5759186;-0.2695136;3.202256;
HipLeft;0.4983446;-0.2731098;3.320863;
KneeRight;0.4518594;-0.720679;3.217806;
KneeLeft;0.8041416;-0.928494;3.426528;
AnkleRight;0.3732887;-1.106856;3.200847;
AnkleLeft;0.9364671;-1.190088;3.13244;
FootRight;0.2925933;-1.146178;3.146766;
FootLeft;0.9084356;-1.194066;3.015295;
Head;0.4998393;0.4510151;3.360642;
ShoulderCenter;0.6008872;0.2828974;3.335814;
ShoulderRight;0.6170519;0.1459893;3.191876;
ShoulderLeft;0.485473;0.129815;3.384465;
ElbowRight;0.6789107;-0.1265058;3.079602;
ElbowLeft;0.4552969;-0.1071295;3.524221;
WristRight;0.6811407;-0.3720884;3.051352;
WristLeft;0.36487;-0.3118885;3.599529;
HandRight;0.6941892;-0.4436382;3.050951;
HandLeft;0.3153059;-0.3642086;3.597609;
Spine;0.5217612;-0.1434095;3.285732;
HipCenter;0.5037444;-0.2308411;3.280011;
HipRight;0.5215473;-0.2865619;3.21447;
HipLeft;0.4671031;-0.2931783;3.329118;
KneeRight;0.4359573;-0.7359225;3.221681;
KneeLeft;0.8151617;-1.017828;3.404824;
AnkleRight;0.3719494;-1.113128;3.203784;
AnkleLeft;1.137851;-1.194309;3.208545;
FootRight;0.2920479;-1.151919;3.149292;
FootLeft;1.047661;-1.196798;3.12968;
Head;0.4438946;0.4589421;3.365324;
ShoulderCenter;0.551181;0.2900058;3.327573;
ShoulderRight;0.5742234;0.14884;3.18138;
ShoulderLeft;0.431758;0.0402963;3.388319;
ElbowRight;0.6251971;-0.1311315;3.083095;
ElbowLeft;0.3948611;-0.1762454;3.554027;
WristRight;0.6226262;-0.3865407;3.056537;
WristLeft;0.3428265;-0.3730635;3.613608;
HandRight;0.6368521;-0.4568818;3.042077;
HandLeft;0.308467;-0.3819865;3.593718;
Spine;0.4784528;-0.1423688;3.270978;
HipCenter;0.4651077;-0.2289563;3.263886;
HipRight;0.4796887;-0.274262;3.188295;
HipLeft;0.4205293;-0.3180528;3.315822;
KneeRight;0.3966376;-0.7244998;3.21959;
KneeLeft;0.7312493;-0.8733516;3.405198;
AnkleRight;0.3648081;-1.106786;3.201165;
AnkleLeft;0.9535457;-1.202934;3.20089;
FootRight;0.2804067;-1.146282;3.152296;
FootLeft;0.922112;-1.198622;3.084118;
Head;0.4107382;0.4582501;3.366539;
ShoulderCenter;0.5100718;0.2851638;3.296932;
ShoulderRight;0.5467668;0.1504337;3.171846;
ShoulderLeft;0.4041671;0.1210302;3.406056;
ElbowRight;0.5726849;-0.1365755;3.098197;
ElbowLeft;0.3674409;-0.09450901;3.570703;
WristRight;0.5085646;-0.3725425;3.073613;
WristLeft;0.3241936;-0.3545386;3.565495;
HandRight;0.5608438;-0.4369097;3.048616;
HandLeft;0.2959512;-0.407568;3.58759;
Spine;0.4557246;-0.1350211;3.270087;
HipCenter;0.4421793;-0.2191732;3.266613;
HipRight;0.4528154;-0.2559704;3.211185;
HipLeft;0.4047038;-0.2986205;3.312578;
KneeRight;0.3860242;-0.7202084;3.216697;
KneeLeft;0.6523155;-0.83966;3.416933;
AnkleRight;0.3657482;-1.110794;3.202104;
AnkleLeft;0.8402355;-1.10628;3.383191;
FootRight;0.3018561;-1.173259;3.200854;
FootLeft;0.8952436;-1.126863;3.277514;
Head;0.3595317;0.4445891;3.379245;
ShoulderCenter;0.4898797;0.292224;3.295638;
ShoulderRight;0.5081046;0.1569244;3.174806;
ShoulderLeft;0.383975;0.1280904;3.404762;
ElbowRight;0.5126255;-0.10614;3.076515;
ElbowLeft;0.3462583;-0.09326254;3.574421;
WristRight;0.4558519;-0.3530501;3.063877;
WristLeft;0.3136473;-0.3390135;3.402367;
HandRight;0.4761144;-0.4256191;3.032657;
HandLeft;0.302777;-0.4209306;3.349878;
Spine;0.4177111;-0.1550366;3.277776;
HipCenter;0.4021406;-0.2469492;3.27857;
HipRight;0.4222251;-0.2735784;3.244393;
HipLeft;0.380439;-0.3036733;3.308965;
KneeRight;0.3793605;-0.7286287;3.211473;
KneeLeft;0.5873825;-0.8497607;3.410971;
AnkleRight;0.3653587;-1.110196;3.202574;
AnkleLeft;0.8656768;-1.150277;3.23105;
FootRight;0.2631757;-1.176383;3.212952;
FootLeft;0.8861491;-1.17005;3.112224;
Head;0.3337174;0.4739456;3.36472;
ShoulderCenter;0.4356942;0.298724;3.286271;
ShoulderRight;0.4648495;0.158772;3.172836;
ShoulderLeft;0.3316334;0.1312639;3.426487;
ElbowRight;0.4750627;-0.1029043;3.073565;
ElbowLeft;0.2879271;-0.04967726;3.581248;
WristRight;0.4359826;-0.349831;3.067444;
WristLeft;0.2796344;-0.2187824;3.338036;
HandRight;0.4086594;-0.4343362;3.062473;
HandLeft;0.2768702;-0.2751508;3.261863;
Spine;0.388983;-0.1395504;3.27175;
HipCenter;0.3782147;-0.2280323;3.272441;
HipRight;0.3973152;-0.2719079;3.22158;
HipLeft;0.3411426;-0.2932633;3.317017;
KneeRight;0.3798949;-0.7267573;3.210831;
KneeLeft;0.5286955;-0.8205318;3.367998;
AnkleRight;0.3678424;-1.09905;3.199402;
AnkleLeft;0.7298779;-1.061077;3.392823;
FootRight;0.2702707;-1.171267;3.213917;
FootLeft;0.7755032;-1.095184;3.284652;
Head;0.2768828;0.474572;3.318908;
ShoulderCenter;0.4006983;0.3097918;3.290156;
ShoulderRight;0.4497308;0.1651434;3.17361;
ShoulderLeft;0.2966375;0.1423317;3.430372;
ElbowRight;0.4256637;-0.1055756;3.084229;
ElbowLeft;0.2529312;-0.03860946;3.584901;
WristRight;0.3429772;-0.3495225;3.069527;
WristLeft;0.2446385;-0.2077146;3.34157;
HandRight;0.3167309;-0.4178943;3.053671;
HandLeft;0.2418743;-0.264083;3.265398;
Spine;0.3616175;-0.1425409;3.267938;
HipCenter;0.3535202;-0.2327401;3.267432;
HipRight;0.381384;-0.2687209;3.22735;
HipLeft;0.3146987;-0.2955678;3.297048;
KneeRight;0.3653746;-0.7207378;3.202011;
KneeLeft;0.5206406;-0.7867565;3.397756;
AnkleRight;0.3701746;-1.093751;3.199158;
AnkleLeft;0.6622587;-1.067303;3.353618;
FootRight;0.2738777;-1.16771;3.213293;
FootLeft;0.713422;-1.100761;3.247761;
Head;0.2407737;0.4728569;3.341999;
ShoulderCenter;0.3751961;0.3132246;3.292205;
ShoulderRight;0.3962885;0.168242;3.169953;
ShoulderLeft;0.2711353;0.1457645;3.432421;
ElbowRight;0.370617;-0.1027238;3.082143;
ElbowLeft;0.2274289;-0.03517659;3.586811;
WristRight;0.2800565;-0.3185689;3.071417;
WristLeft;0.2191362;-0.2042817;3.343409;
HandRight;0.2451107;-0.3979758;3.047392;
HandLeft;0.216372;-0.2606501;3.267237;
Spine;0.336684;-0.1395362;3.264788;
HipCenter;0.3289431;-0.2300151;3.263054;
HipRight;0.3534563;-0.2636147;3.217823;
HipLeft;0.2956646;-0.2958313;3.298181;
KneeRight;0.3574405;-0.7203445;3.196489;
KneeLeft;0.2046064;-0.7163335;3.408433;
AnkleRight;0.3702882;-1.09932;3.198442;
AnkleLeft;0.5293343;-0.9942303;3.340812;
FootRight;0.2897286;-1.172118;3.206172;
FootLeft;0.5876138;-1.045171;3.245227;
Head;0.2797862;0.5134452;3.385378;
ShoulderCenter;0.3393255;0.3172078;3.2923;
ShoulderRight;0.376987;0.1696616;3.168355;
ShoulderLeft;0.2352648;0.1497477;3.432517;
ElbowRight;0.3091833;-0.09805426;3.075584;
ElbowLeft;0.1908361;-0.045422;3.595242;
WristRight;0.2003271;-0.312533;3.062028;
WristLeft;0.1825434;-0.2145271;3.351823;
HandRight;0.1592201;-0.3942915;3.047719;
HandLeft;0.1797791;-0.2708955;3.275651;
Spine;0.3079322;-0.1265796;3.266517;
HipCenter;0.3012608;-0.2153124;3.26502;
HipRight;0.3328787;-0.2538113;3.212919;
HipLeft;0.2620042;-0.2854347;3.30988;
KneeRight;0.3477412;-0.7283602;3.192733;
KneeLeft;0.1747676;-0.7073362;3.410394;
AnkleRight;0.3693938;-1.101333;3.197555;
AnkleLeft;0.4652371;-1.021184;3.309835;
FootRight;0.2822452;-1.165264;3.194545;
FootLeft;0.3723774;-1.087628;3.262089;
Head;0.246668;0.4493956;3.361786;
ShoulderCenter;0.2867228;0.2474081;3.283763;
ShoulderRight;0.3284462;0.177543;3.165891;
ShoulderLeft;0.182662;0.07994798;3.423979;
ElbowRight;0.2662167;-0.08579165;3.072451;
ElbowLeft;0.1396967;-0.117295;3.587742;
WristRight;0.1236809;-0.2973767;3.055388;
WristLeft;0.131404;-0.2864002;3.344282;
HandRight;0.07624228;-0.3755437;3.040065;
HandLeft;0.1286397;-0.3427686;3.26811;
Spine;0.2638451;-0.1588864;3.268902;
HipCenter;0.2601296;-0.2396367;3.269495;
HipRight;0.28451;-0.2714055;3.23963;
HipLeft;0.2323671;-0.3059858;3.295523;
KneeRight;0.3363909;-0.7275335;3.187586;
KneeLeft;0.1615425;-0.7877419;3.404337;
AnkleRight;0.3703201;-1.104236;3.198089;
AnkleLeft;0.2757261;-1.100663;3.342605;
FootRight;0.2939026;-1.163553;3.196326;
FootLeft;0.2621633;-1.15932;3.23309;
Head;0.1848909;0.4427873;3.357645;
ShoulderCenter;0.2562268;0.2113757;3.292518;
ShoulderRight;0.2940614;0.1800434;3.170152;
ShoulderLeft;0.152166;0.04391557;3.432735;
ElbowRight;0.2148889;-0.07966559;3.070489;
ElbowLeft;0.1092007;-0.1533275;3.596417;
WristRight;0.04720061;-0.2963387;3.034445;
WristLeft;0.100908;-0.3224326;3.352916;
HandRight;0.01058982;-0.3673513;3.039096;
HandLeft;0.09814378;-0.378801;3.276744;
Spine;0.2239548;-0.1802226;3.299178;
HipCenter;0.2176278;-0.2583917;3.304137;
HipRight;0.2343467;-0.3030069;3.280736;
HipLeft;0.1920398;-0.3233533;3.32671;
KneeRight;0.3238035;-0.7288253;3.186737;
KneeLeft;0.1515692;-0.7855068;3.40425;
AnkleRight;0.370112;-1.10401;3.198386;
AnkleLeft;0.2096463;-1.134682;3.399509;
FootRight;0.2912754;-1.16844;3.204726;
FootLeft;0.1848752;-1.20017;3.463181;
Head;0.1403819;0.4676896;3.343391;
ShoulderCenter;0.2095327;0.2627226;3.297806;
ShoulderRight;0.2440931;0.1830741;3.173652;
ShoulderLeft;0.1054719;0.09526253;3.438022;
ElbowRight;0.1691835;-0.06268338;3.067087;
ElbowLeft;0.06250656;-0.1019805;3.601628;
WristRight;-0.008852783;-0.2872518;3.035365;
WristLeft;0.05421385;-0.2710856;3.358088;
HandRight;-0.05992953;-0.3571108;3.047968;
HandLeft;0.05144962;-0.327454;3.281916;
Spine;0.1870618;-0.1640263;3.302933;
HipCenter;0.1842464;-0.2490565;3.307487;
HipRight;0.2089545;-0.291046;3.279814;
HipLeft;0.1508711;-0.3080139;3.335376;
KneeRight;0.2867788;-0.7166675;3.182509;
KneeLeft;0.125719;-0.8458319;3.409671;
AnkleRight;0.371332;-1.093823;3.201169;
AnkleLeft;0.115321;-1.161187;3.361793;
FootRight;0.292434;-1.166468;3.204218;
FootLeft;0.03327811;-1.15162;3.409613;
Head;0.07880701;0.4951283;3.347895;
ShoulderCenter;0.1851206;0.3172187;3.305633;
ShoulderRight;0.2296158;0.1792569;3.179868;
ShoulderLeft;0.08105981;0.1497586;3.445849;
ElbowRight;0.1168109;-0.07622873;3.064877;
ElbowLeft;0.03809449;-0.04748441;3.609283;
WristRight;-0.06586652;-0.2917755;3.040444;
WristLeft;0.02980179;-0.2165896;3.365655;
HandRight;-0.1087871;-0.3464123;3.044546;
HandLeft;0.02703755;-0.272958;3.289483;
Spine;0.1578719;-0.157629;3.302332;
HipCenter;0.1487058;-0.2501475;3.305454;
HipRight;0.1707457;-0.2798468;3.281503;
HipLeft;0.1195295;-0.3041246;3.32797;
KneeRight;0.2397537;-0.7063077;3.195773;
KneeLeft;0.01910529;-0.8059796;3.413752;
AnkleRight;0.3717311;-1.096154;3.202952;
AnkleLeft;-0.00096903;-1.120038;3.374178;
FootRight;0.3003699;-1.164958;3.204151;
FootLeft;-0.1099164;-1.155261;3.426174;
Head;0.07809567;0.4414259;3.351984;
ShoulderCenter;0.1424079;0.2148833;3.307018;
ShoulderRight;0.1841828;0.1708688;3.177624;
ShoulderLeft;0.0383471;0.04742321;3.447234;
ElbowRight;0.07104526;-0.08237103;3.057174;
ElbowLeft;-0.004618227;-0.1498198;3.610592;
WristRight;-0.11006;-0.2729445;3.040035;
WristLeft;-0.01291093;-0.318925;3.366926;
HandRight;-0.1626159;-0.3334255;3.047283;
HandLeft;-0.01567517;-0.3752933;3.290754;
Spine;0.1109432;-0.1953937;3.31289;
HipCenter;0.1046503;-0.2774491;3.317768;
HipRight;0.1246404;-0.3142688;3.30528;
HipLeft;0.07740912;-0.3351786;3.32941;
KneeRight;0.214517;-0.7264937;3.215927;
KneeLeft;-0.03608315;-0.8088238;3.421262;
AnkleRight;0.3704711;-1.097125;3.202908;
AnkleLeft;-0.1263609;-1.109403;3.407751;
FootRight;0.2987437;-1.165094;3.203348;
FootLeft;-0.2130043;-1.145681;3.440778;
Head;0.06095807;0.4474485;3.348741;
ShoulderCenter;0.1088289;0.1943348;3.306627;
ShoulderRight;0.145485;0.1673243;3.178699;
ShoulderLeft;0.004768127;0.02687467;3.446844;
ElbowRight;0.03150455;-0.08581395;3.058666;
ElbowLeft;-0.03819719;-0.1703683;3.610114;
WristRight;-0.1729562;-0.284417;3.046802;
WristLeft;-0.0464899;-0.3394735;3.366404;
HandRight;-0.2232675;-0.3315085;3.05712;
HandLeft;-0.04925413;-0.3958419;3.290231;
Spine;0.08546619;-0.1988182;3.318269;
HipCenter;0.07988429;-0.2781954;3.324208;
HipRight;0.09250858;-0.3249812;3.308288;
HipLeft;0.05582661;-0.3363472;3.340775;
KneeRight;0.1941739;-0.7308611;3.222501;
KneeLeft;-0.05289521;-0.8172616;3.423261;
AnkleRight;0.3680684;-1.098513;3.202662;
AnkleLeft;-0.1313296;-1.120549;3.409341;
FootRight;0.2993658;-1.165735;3.204545;
FootLeft;-0.257468;-1.128107;3.418705;
Head;0.02913738;0.4226814;3.361782;
ShoulderCenter;0.06914461;0.1907061;3.310145;
ShoulderRight;0.1021986;0.1600816;3.191177;
ShoulderLeft;-0.03491619;0.02324598;3.450362;
ElbowRight;0.01105367;-0.07385231;3.059386;
ElbowLeft;-0.07788151;-0.173997;3.613558;
WristRight;-0.1888657;-0.2832922;3.050568;
WristLeft;-0.08617421;-0.3431022;3.369809;
HandRight;-0.2470627;-0.3316928;3.058749;
HandLeft;-0.08893844;-0.3994706;3.293637;
Spine;0.06568402;-0.1995992;3.315259;
HipCenter;0.06409512;-0.2781506;3.320588;
HipRight;0.07879028;-0.3229862;3.309106;
HipLeft;0.04467596;-0.3326184;3.331762;
KneeRight;0.177997;-0.7264463;3.221061;
KneeLeft;-0.1085632;-0.8398615;3.424742;
AnkleRight;0.3650232;-1.093044;3.202769;
AnkleLeft;-0.2558522;-1.115402;3.419754;
FootRight;0.2907558;-1.16598;3.205322;
FootLeft;-0.3417568;-1.1405;3.397173;
Head;-0.02718102;0.4209895;3.384947;
ShoulderCenter;0.02965843;0.1993655;3.327647;
ShoulderRight;0.05377062;0.1567026;3.195297;
ShoulderLeft;-0.0744023;0.03190532;3.467864;
ElbowRight;-0.04113624;-0.07524417;3.061038;
ElbowLeft;-0.1173676;-0.1653377;3.630984;
WristRight;-0.2248886;-0.2736126;3.046392;
WristLeft;-0.1256603;-0.3344429;3.387197;
HandRight;-0.2760385;-0.3325639;3.056318;
HandLeft;-0.1284246;-0.3908112;3.311025;
Spine;0.01057405;-0.1991534;3.318999;
HipCenter;0.007280747;-0.2789719;3.320772;
HipRight;0.01859881;-0.3230617;3.297352;
HipLeft;-0.008163877;-0.334896;3.339327;
KneeRight;0.1599452;-0.7299671;3.201911;
KneeLeft;-0.116392;-0.8833572;3.420451;
AnkleRight;0.3613106;-1.094599;3.203586;
AnkleLeft;-0.2889265;-1.141985;3.421764;
FootRight;0.2874519;-1.165956;3.202752;
FootLeft;-0.3455056;-1.106319;3.359707;
Head;-0.08952575;0.4051657;3.375842;
ShoulderCenter;-0.01501481;0.1984847;3.326741;
ShoulderRight;0.02930978;0.1479713;3.19734;
ShoulderLeft;-0.1249959;0.08755122;3.204127;
ElbowRight;-0.07437558;-0.08471844;3.064592;
ElbowLeft;-0.1679612;-0.1096918;3.367166;
WristRight;-0.2586492;-0.2800534;3.052084;
WristLeft;-0.1762539;-0.278797;3.123338;
HandRight;-0.2924461;-0.3415872;3.056908;
HandLeft;-0.1790182;-0.3351654;3.047166;
Spine;-0.02864349;-0.2096068;3.340615;
HipCenter;-0.03397436;-0.2896507;3.316428;
HipRight;-0.01253902;-0.3283176;3.303795;
HipLeft;-0.05752579;-0.3304868;3.322605;
KneeRight;0.1345026;-0.7456505;3.200626;
KneeLeft;-0.1519018;-0.7327664;3.411224;
AnkleRight;0.3543888;-1.096092;3.20342;
AnkleLeft;-0.2648605;-1.100077;3.414515;
FootRight;0.2845133;-1.165596;3.201806;
FootLeft;-0.3321537;-1.149534;3.380401;
Head;-0.02957638;0.4225895;3.388062;
ShoulderCenter;-0.04910595;0.2114912;3.330891;
ShoulderRight;-0.015497;0.1485873;3.203254;
ShoulderLeft;-0.1111677;0.1521012;3.181164;
ElbowRight;-0.1113102;-0.09418673;3.069736;
ElbowLeft;-0.1541331;-0.04514185;3.344124;
WristRight;-0.2676801;-0.2823502;3.055531;
WristLeft;-0.1624258;-0.214247;3.100255;
HandRight;-0.3352473;-0.349183;3.064238;
HandLeft;-0.16519;-0.2706154;3.024082;
Spine;-0.06330907;-0.2062914;3.332927;
HipCenter;-0.05941697;-0.287179;3.305697;
HipRight;-0.05896665;-0.3138039;3.282616;
HipLeft;-0.06765274;-0.3271972;3.319364;
KneeRight;0.04790713;-0.7390308;3.232567;
KneeLeft;-0.1975385;-0.7540889;3.42814;
AnkleRight;0.3134976;-1.071097;3.20749;
AnkleLeft;-0.2719141;-1.076285;3.399698;
FootRight;0.2803829;-1.165166;3.201476;
FootLeft;-0.3391778;-1.13524;3.388718;
Head;-0.0362757;0.4965719;3.428663;
ShoulderCenter;-0.08655405;0.3026826;3.339721;
ShoulderRight;-0.04799693;0.1546145;3.207715;
ShoulderLeft;-0.1429158;0.2411179;3.189334;
ElbowRight;-0.142448;-0.09785168;3.080518;
ElbowLeft;-0.07736791;0.03129453;3.354069;
WristRight;-0.3087761;-0.310144;3.070486;
WristLeft;-0.08566061;-0.1378106;3.110267;
HandRight;-0.3629719;-0.3734807;3.066201;
HandLeft;-0.08842485;-0.194179;3.034095;
Spine;-0.1388768;-0.1696516;3.330787;
HipCenter;-0.1401878;-0.2614686;3.297939;
HipRight;-0.1241802;-0.2865006;3.279476;
HipLeft;-0.1620547;-0.2980686;3.310167;
KneeRight;0.001173018;-0.7305551;3.216266;
KneeLeft;-0.2505065;-0.8125371;3.425764;
AnkleRight;0.276369;-1.05261;3.213423;
AnkleLeft;-0.2779911;-1.125048;3.400466;
FootRight;0.2672297;-1.160168;3.201791;
FootLeft;-0.3640171;-1.138968;3.381976;
Head;-0.2108286;0.4282553;3.395714;
ShoulderCenter;-0.1308457;0.2417697;3.336387;
ShoulderRight;-0.09961499;0.1578146;3.218836;
ShoulderLeft;-0.1872075;0.1802049;3.186;
ElbowRight;-0.1698954;-0.0999055;3.086679;
ElbowLeft;-0.1303212;0.06098748;3.356431;
WristRight;-0.3175134;-0.3181251;3.071402;
WristLeft;-0.1386139;-0.1081177;3.112716;
HandRight;-0.3685564;-0.3851861;3.066193;
HandLeft;-0.1413781;-0.1644861;3.036544;
Spine;-0.1864991;-0.2027292;3.34868;
HipCenter;-0.1848064;-0.2909938;3.321079;
HipRight;-0.1755395;-0.3190376;3.299172;
HipLeft;-0.2009826;-0.3311661;3.339079;
KneeRight;-0.06034988;-0.7711418;3.21162;
KneeLeft;-0.2650154;-0.8162043;3.425321;
AnkleRight;0.225267;-1.025264;3.205203;
AnkleLeft;-0.2764375;-1.128287;3.402056;
FootRight;0.2204718;-1.143193;3.230412;
FootLeft;-0.3625216;-1.138567;3.381051;
Head;-0.1667441;0.5187034;3.36995;
ShoulderCenter;-0.1611305;0.316193;3.346617;
ShoulderRight;-0.1107124;0.1061933;3.223444;
ShoulderLeft;-0.2140816;0.2111672;3.232544;
ElbowRight;-0.1938424;-0.1068466;3.098352;
ElbowLeft;-0.1571953;0.09194972;3.403102;
WristRight;-0.3193876;-0.3189723;3.073324;
WristLeft;-0.165488;-0.07715546;3.159453;
HandRight;-0.3702276;-0.395032;3.068138;
HandLeft;-0.1682522;-0.1335239;3.083281;
Spine;-0.1830167;-0.1885006;3.305052;
HipCenter;-0.1843741;-0.2831181;3.261824;
HipRight;-0.1601602;-0.3086739;3.251434;
HipLeft;-0.2111602;-0.3238853;3.261155;
KneeRight;-0.1461658;-0.7187813;3.221377;
KneeLeft;-0.315276;-0.8028814;3.406645;
AnkleRight;0.1455687;-0.9748351;3.200979;
AnkleLeft;-0.2728256;-1.109889;3.407028;
FootRight;0.1821916;-1.077878;3.194064;
FootLeft;-0.3522628;-1.14166;3.382394;
Head;-0.3201402;0.4719697;3.420525;
ShoulderCenter;-0.1937873;0.313667;3.349733;
ShoulderRight;-0.145216;0.10547;3.2174;
ShoulderLeft;-0.2467383;0.2086411;3.235661;
ElbowRight;-0.218343;-0.106021;3.103483;
ElbowLeft;-0.189852;0.08942367;3.406103;
WristRight;-0.319922;-0.3184039;3.075131;
WristLeft;-0.1981447;-0.0796815;3.162395;
HandRight;-0.3684406;-0.3985071;3.066802;
HandLeft;-0.2009089;-0.1360499;3.086223;
Spine;-0.1600706;-0.1888395;3.31096;
HipCenter;-0.1423077;-0.2824872;3.267022;
HipRight;-0.1084476;-0.3079916;3.265924;
HipLeft;-0.1628667;-0.3212316;3.258408;
KneeRight;-0.2751423;-0.6800534;3.224437;
KneeLeft;-0.1994134;-0.7993383;3.411542;
AnkleRight;0.03994316;-0.9606916;3.197732;
AnkleLeft;-0.2904556;-1.096772;3.404387;
FootRight;0.06444529;-1.071534;3.241159;
FootLeft;-0.35725;-1.15202;3.380797;
Head;-0.3220944;0.5021132;3.402891;
ShoulderCenter;-0.2342056;0.317433;3.34827;
ShoulderRight;-0.1630019;0.1080534;3.219778;
ShoulderLeft;-0.2813762;0.1864108;3.193558;
ElbowRight;-0.2405297;-0.1066975;3.108655;
ElbowLeft;-0.2329339;0.05690393;3.371271;
WristRight;-0.3218445;-0.3210666;3.077701;
WristLeft;-0.2412266;-0.1122012;3.127507;
HandRight;-0.3663211;-0.40191;3.068296;
HandLeft;-0.2439909;-0.1685696;3.051335;
Spine;-0.1980742;-0.1953073;3.317032;
HipCenter;-0.184053;-0.2925959;3.274669;
HipRight;-0.1541978;-0.3169313;3.26308;
HipLeft;-0.2132116;-0.3294101;3.278755;
KneeRight;-0.3499068;-0.6745563;3.228568;
KneeLeft;-0.242872;-0.802399;3.420496;
AnkleRight;-0.03660753;-0.956678;3.209383;
AnkleLeft;-0.293278;-1.109554;3.407452;
FootRight;-0.006534752;-0.9969282;3.116338;
FootLeft;-0.3667415;-1.152166;3.378022;
Head;-0.4057789;0.4728424;3.402133;
ShoulderCenter;-0.2656342;0.3222603;3.356282;
ShoulderRight;-0.2480957;0.1688527;3.220622;
ShoulderLeft;-0.3089576;0.1693092;3.171704;
ElbowRight;-0.2645622;-0.1042127;3.112957;
ElbowLeft;-0.2605152;0.03980232;3.349287;
WristRight;-0.3386929;-0.3410907;3.085097;
WristLeft;-0.2688079;-0.1293028;3.105457;
HandRight;-0.365371;-0.4133629;3.072675;
HandLeft;-0.2715722;-0.1856712;3.029285;
Spine;-0.2634097;-0.1996962;3.317145;
HipCenter;-0.2309493;-0.2969984;3.276491;
HipRight;-0.2120668;-0.3064737;3.267015;
HipLeft;-0.2420493;-0.3219666;3.280624;
KneeRight;-0.3910586;-0.6774444;3.242019;
KneeLeft;-0.2590307;-0.6909171;3.433409;
AnkleRight;-0.1037125;-0.9886794;3.216744;
AnkleLeft;-0.2872042;-1.076306;3.400833;
FootRight;-0.1219272;-1.085193;3.202365;
FootLeft;-0.3397045;-1.146917;3.38613;
Head;-0.3211509;0.5327393;3.399421;
ShoulderCenter;-0.3065658;0.326882;3.361663;
ShoulderRight;-0.2714278;0.1723828;3.224849;
ShoulderLeft;-0.369491;0.1801642;3.202735;
ElbowRight;-0.2885925;-0.1060088;3.11183;
ElbowLeft;-0.3124053;0.05387978;3.365767;
WristRight;-0.3472642;-0.3470842;3.089753;
WristLeft;-0.320698;-0.1152254;3.12189;
HandRight;-0.3649098;-0.4150122;3.074586;
HandLeft;-0.3234622;-0.1715938;3.045718;
Spine;-0.2785503;-0.1849613;3.327509;
HipCenter;-0.2637873;-0.2776236;3.277471;
HipRight;-0.2347676;-0.2958516;3.267782;
HipLeft;-0.2901067;-0.2992643;3.280339;
KneeRight;-0.454065;-0.7049325;3.249205;
KneeLeft;-0.2733954;-0.7037855;3.432912;
AnkleRight;-0.2127126;-1.020154;3.260265;
AnkleLeft;-0.29966;-1.092247;3.335848;
FootRight;-0.2506176;-1.133137;3.275748;
FootLeft;-0.2779955;-1.131731;3.241283;
Head;-0.4886892;0.4688011;3.423289;
ShoulderCenter;-0.3395434;0.3272618;3.354602;
ShoulderRight;-0.324503;0.1640123;3.225934;
ShoulderLeft;-0.3866471;0.1824777;3.206053;
ElbowRight;-0.3041463;-0.1097262;3.11423;
ElbowLeft;-0.3295613;0.05619333;3.369073;
WristRight;-0.3610739;-0.3462645;3.092024;
WristLeft;-0.337854;-0.1129119;3.12519;
HandRight;-0.3655018;-0.4158217;3.074728;
HandLeft;-0.3406183;-0.1692802;3.049017;
Spine;-0.4056503;-0.1806397;3.361653;
HipCenter;-0.401514;-0.279906;3.31952;
HipRight;-0.3874236;-0.2923089;3.294775;
HipLeft;-0.4198459;-0.3145047;3.34048;
KneeRight;-0.5344011;-0.6781003;3.245342;
KneeLeft;-0.3336103;-0.7268708;3.433848;
AnkleRight;-0.3262066;-1.045663;3.250832;
AnkleLeft;-0.2049554;-0.9963712;3.308814;
FootRight;-0.3770288;-1.152159;3.272897;
FootLeft;-0.1757359;-1.03958;3.218393;
Head;-0.506274;0.4904274;3.414154;
ShoulderCenter;-0.3760378;0.3288697;3.35869;
ShoulderRight;-0.3464599;0.1662826;3.226818;
ShoulderLeft;-0.4380082;0.1925259;3.222738;
ElbowRight;-0.327262;-0.1116424;3.115086;
ElbowLeft;-0.3358296;0.05945111;3.365292;
WristRight;-0.377525;-0.333479;3.099929;
WristLeft;-0.3441223;-0.1096541;3.121396;
HandRight;-0.3706901;-0.421151;3.082702;
HandLeft;-0.3468865;-0.1660225;3.045224;
Spine;-0.4293041;-0.1846235;3.373206;
HipCenter;-0.437788;-0.2841507;3.329935;
HipRight;-0.4250924;-0.2921237;3.320531;
HipLeft;-0.4575702;-0.3156779;3.338743;
KneeRight;-0.5909603;-0.6945863;3.244617;
KneeLeft;-0.361212;-0.7348517;3.438921;
AnkleRight;-0.4289699;-1.087114;3.237964;
AnkleLeft;-0.2950239;-1.105651;3.385166;
FootRight;-0.489699;-1.151715;3.230982;
FootLeft;-0.3587855;-1.156503;3.420644;
Head;-0.5121402;0.523661;3.389561;
ShoulderCenter;-0.4359732;0.3306287;3.363336;
ShoulderRight;-0.4002906;0.1679888;3.228281;
ShoulderLeft;-0.4918705;0.1940173;3.226715;
ElbowRight;-0.3503264;-0.1197208;3.12241;
ElbowLeft;-0.3990642;0.06581363;3.363439;
WristRight;-0.3868653;-0.344161;3.103615;
WristLeft;-0.4073569;-0.1032915;3.119483;
HandRight;-0.3785636;-0.4131768;3.085855;
HandLeft;-0.4101211;-0.1596599;3.04331;
Spine;-0.4296786;-0.2001194;3.354914;
HipCenter;-0.4274646;-0.3039425;3.298624;
HipRight;-0.4135824;-0.3032808;3.305356;
HipLeft;-0.4435262;-0.3513285;3.28478;
KneeRight;-0.6186808;-0.7025684;3.248051;
KneeLeft;-0.3910372;-0.731729;3.437771;
AnkleRight;-0.5175465;-1.098091;3.242416;
AnkleLeft;-0.3023206;-1.099274;3.389368;
FootRight;-0.6205635;-1.154478;3.270779;
FootLeft;-0.4014146;-1.142279;3.374904;
Head;-0.5324928;0.5193514;3.389146;
ShoulderCenter;-0.4497013;0.3283044;3.363764;
ShoulderRight;-0.4201111;0.1658251;3.224693;
ShoulderLeft;-0.5203083;0.149563;3.218419;
ElbowRight;-0.3838017;-0.1136069;3.12193;
ElbowLeft;-0.4449479;-0.01674819;3.364501;
WristRight;-0.4103127;-0.3546841;3.109136;
WristLeft;-0.4532406;-0.1858534;3.120475;
HandRight;-0.3911495;-0.4217631;3.088658;
HandLeft;-0.4560048;-0.2422218;3.044303;
Spine;-0.4388357;-0.2119289;3.351761;
HipCenter;-0.4339491;-0.3133208;3.297109;
HipRight;-0.417829;-0.3078762;3.29702;
HipLeft;-0.45204;-0.3648229;3.292757;
KneeRight;-0.6615978;-0.6738858;3.245638;
KneeLeft;-0.397359;-0.7304356;3.438481;
AnkleRight;-0.6595673;-1.100536;3.231692;
AnkleLeft;-0.3091913;-1.081426;3.380293;
FootRight;-0.7395623;-1.149745;3.252191;
FootLeft;-0.4024636;-1.131363;3.364655;
Head;-0.6136373;0.493683;3.380411;
ShoulderCenter;-0.5049273;0.3158696;3.359204;
ShoulderRight;-0.4817211;0.1587559;3.21488;
ShoulderLeft;-0.5461885;0.1925489;3.21238;
ElbowRight;-0.4115321;-0.1276848;3.127824;
ElbowLeft;-0.4933834;-0.008132257;3.361031;
WristRight;-0.4247431;-0.3552197;3.10744;
WristLeft;-0.5016762;-0.1772374;3.116939;
HandRight;-0.440793;-0.4262422;3.107001;
HandLeft;-0.5044405;-0.2336058;3.040767;
Spine;-0.4834641;-0.2157551;3.345923;
HipCenter;-0.4723143;-0.3147777;3.292333;
HipRight;-0.4620976;-0.3042073;3.293484;
HipLeft;-0.4797431;-0.3628373;3.287181;
KneeRight;-0.6744548;-0.690567;3.253454;
KneeLeft;-0.490564;-0.746473;3.390613;
AnkleRight;-0.7631491;-1.08892;3.230383;
AnkleLeft;-0.3103238;-1.079701;3.378994;
FootRight;-0.8682598;-1.143705;3.255187;
FootLeft;-0.4030193;-1.129594;3.36228;
Head;-0.6193724;0.4936785;3.35482;
ShoulderCenter;-0.5329775;0.3073622;3.354668;
ShoulderRight;-0.4938054;0.09271263;3.182713;
ShoulderLeft;-0.5524225;0.1957386;3.206609;
ElbowRight;-0.4579811;-0.179653;3.134113;
ElbowLeft;-0.4998345;-0.004878719;3.355111;
WristRight;-0.5508452;-0.3863184;3.144645;
WristLeft;-0.5081273;-0.1739839;3.110984;
HandRight;-0.5575417;-0.4588875;3.14641;
HandLeft;-0.5108916;-0.2303523;3.034812;
Spine;-0.5218282;-0.2178698;3.338883;
HipCenter;-0.5272284;-0.3148003;3.284201;
HipRight;-0.516889;-0.3263073;3.270581;
HipLeft;-0.5362671;-0.3604434;3.290011;
KneeRight;-0.7596785;-0.7046548;3.243329;
KneeLeft;-0.5078891;-0.7450441;3.384969;
AnkleRight;-0.8622659;-1.094367;3.240813;
AnkleLeft;-0.3100501;-1.080261;3.380146;
FootRight;-0.9768261;-1.132823;3.250066;
FootLeft;-0.3614983;-1.153417;3.38523;
Head;-0.6549118;0.4971463;3.341958;
ShoulderCenter;-0.5820124;0.3026967;3.333028;
ShoulderRight;-0.5109668;0.1000224;3.201859;
ShoulderLeft;-0.6147296;0.1652312;3.177954;
ElbowRight;-0.509667;-0.1241146;3.1302;
ElbowLeft;-0.5759708;-0.02043844;3.362115;
WristRight;-0.6280099;-0.3752026;3.146933;
WristLeft;-0.5842636;-0.1895436;3.117939;
HandRight;-0.6347131;-0.4478435;3.148699;
HandLeft;-0.5870278;-0.245912;3.041767;
Spine;-0.5590137;-0.2157102;3.336755;
HipCenter;-0.5395976;-0.3128513;3.284347;
HipRight;-0.5195761;-0.3275437;3.273307;
HipLeft;-0.5693184;-0.3452586;3.28429;
KneeRight;-0.7722561;-0.7066465;3.25194;
KneeLeft;-0.518558;-0.7251638;3.383495;
AnkleRight;-0.9330122;-1.091302;3.257123;
AnkleLeft;-0.3123772;-1.082262;3.38107;
FootRight;-1.003214;-1.145297;3.267758;
FootLeft;-0.3621097;-1.156276;3.383434;
Head;-0.5857499;0.5006565;3.395731;
ShoulderCenter;-0.6220721;0.2940259;3.321148;
ShoulderRight;-0.5662284;0.09374578;3.195191;
ShoulderLeft;-0.6310958;0.1590757;3.176029;
ElbowRight;-0.5521222;-0.1410517;3.126072;
ElbowLeft;-0.6032285;-0.03282157;3.362622;
WristRight;-0.7065521;-0.4058673;3.14209;
WristLeft;-0.8100961;-0.2045857;3.497556;
HandRight;-0.713266;-0.4786242;3.14386;
HandLeft;-0.8740598;-0.2604975;3.548156;
Spine;-0.6752548;-0.210932;3.343786;
HipCenter;-0.6671758;-0.3096887;3.298346;
HipRight;-0.6524108;-0.3260876;3.3065;
HipLeft;-0.6855208;-0.3449213;3.286981;
KneeRight;-0.7984098;-0.6944575;3.238559;
KneeLeft;-0.5507731;-0.7522809;3.389312;
AnkleRight;-0.9481825;-1.095052;3.260553;
AnkleLeft;-0.3210672;-1.080063;3.381306;
FootRight;-1.01448;-1.153595;3.271128;
FootLeft;-0.4031332;-1.155067;3.382036;
Head;-0.6435878;0.5026383;3.372284;
ShoulderCenter;-0.6568838;0.291902;3.312782;
ShoulderRight;-0.6365429;0.1308754;3.197858;
ShoulderLeft;-0.6367621;0.1580153;3.169611;
ElbowRight;-0.5818271;-0.1680905;3.122486;
ElbowLeft;-0.671127;0.008519128;3.366854;
WristRight;-0.7252629;-0.4096991;3.145707;
WristLeft;-0.8495194;-0.1852444;3.509381;
HandRight;-0.7319363;-0.4820177;3.147466;
HandLeft;-0.8914483;-0.2444091;3.513753;
Spine;-0.697529;-0.1878095;3.276564;
HipCenter;-0.6445075;-0.2760562;3.267966;
HipRight;-0.6439783;-0.3087943;3.21725;
HipLeft;-0.6421352;-0.3313327;3.309538;
KneeRight;-0.7582182;-0.6855991;3.263562;
KneeLeft;-0.5602095;-0.7436758;3.394356;
AnkleRight;-0.940659;-1.075042;3.275182;
AnkleLeft;-0.3427819;-1.072496;3.37807;
FootRight;-0.8469396;-1.12167;3.274585;
FootLeft;-0.2490625;-1.119124;3.377472;
Head;-0.6919454;0.5038301;3.314905;
ShoulderCenter;-0.7103161;0.2975737;3.312532;
ShoulderRight;-0.6639712;0.1339317;3.195686;
ShoulderLeft;-0.7336801;0.1465514;3.163179;
ElbowRight;-0.6287629;-0.1691965;3.122273;
ElbowLeft;-0.7024541;-0.02069973;3.353675;
WristRight;-0.7503783;-0.3968339;3.135533;
WristLeft;-0.8859645;-0.2076994;3.500235;
HandRight;-0.757047;-0.469102;3.13729;
HandLeft;-0.9247009;-0.2491633;3.545517;
Spine;-0.7543723;-0.1569673;3.323633;
HipCenter;-0.7385018;-0.2443943;3.278098;
HipRight;-0.7311348;-0.2813589;3.237162;
HipLeft;-0.7500435;-0.2877031;3.311618;
KneeRight;-0.7637113;-0.6763356;3.278401;
KneeLeft;-0.5765086;-0.7474396;3.405974;
AnkleRight;-0.9490502;-1.06657;3.2764;
AnkleLeft;-0.3593613;-1.075082;3.379561;
FootRight;-0.9090906;-1.109348;3.190199;
FootLeft;-0.3540134;-1.162616;3.391957;
Head;-0.7072783;0.5054667;3.352423;
ShoulderCenter;-0.7340516;0.2954089;3.304205;
ShoulderRight;-0.7129743;0.1357591;3.181012;
ShoulderLeft;-0.7402366;0.2026608;3.166641;
ElbowRight;-0.6975107;-0.1687359;3.108611;
ElbowLeft;-0.7321787;-0.02290798;3.338324;
WristRight;-0.8275977;-0.3732724;3.121681;
WristLeft;-0.9129925;-0.2273055;3.467743;
HandRight;-0.8342611;-0.4454821;3.123437;
HandLeft;-0.9516976;-0.2687359;3.512989;
Spine;-0.7898307;-0.1453264;3.312671;
HipCenter;-0.7702872;-0.2304217;3.269872;
HipRight;-0.7650997;-0.2696503;3.232468;
HipLeft;-0.781498;-0.2703079;3.299551;
KneeRight;-0.9474731;-0.7023199;3.245062;
KneeLeft;-0.6222151;-0.7616235;3.431703;
AnkleRight;-0.9775978;-1.092909;3.279502;
AnkleLeft;-0.3977158;-1.065657;3.381133;
FootRight;-1.033476;-1.160138;3.291004;
FootLeft;-0.3474656;-1.1091;3.301459;
Head;-0.8816826;0.48744;3.318418;
ShoulderCenter;-0.7846247;0.3005396;3.29687;
ShoulderRight;-0.7430925;0.1432209;3.180452;
ShoulderLeft;-0.8084975;0.1074107;3.162379;
ElbowRight;-0.741705;-0.134233;3.091061;
ElbowLeft;-0.7650355;-0.02667098;3.334525;
WristRight;-0.7963644;-0.4145362;3.094662;
WristLeft;-0.9417552;-0.2323793;3.46698;
HandRight;-0.753003;-0.4485677;3.047508;
HandLeft;-0.9804606;-0.2738101;3.512226;
Spine;-0.767687;-0.1708904;3.309809;
HipCenter;-0.7502345;-0.2674282;3.255117;
HipRight;-0.7386002;-0.2971368;3.216649;
HipLeft;-0.7575106;-0.3137525;3.285838;
KneeRight;-0.9850329;-0.6638807;3.242997;
KneeLeft;-0.663591;-0.7760229;3.445342;
AnkleRight;-0.9870011;-1.092883;3.276214;
AnkleLeft;-0.4226566;-1.061078;3.387997;
FootRight;-1.040022;-1.162472;3.288141;
FootLeft;-0.4045456;-1.14604;3.400567;
Head;-0.8397898;0.5134616;3.292125;
ShoulderCenter;-0.8268796;0.3063625;3.290023;
ShoulderRight;-0.8012275;0.1559347;3.157351;
ShoulderLeft;-0.8258585;0.1977722;3.137638;
ElbowRight;-0.7872219;-0.1254105;3.074467;
ElbowLeft;-0.8102194;0.002762709;3.311467;
WristRight;-0.853594;-0.3530241;3.082381;
WristLeft;-0.9882872;-0.2025244;3.443741;
HandRight;-0.8102698;-0.3870264;3.035268;
HandLeft;-1.026959;-0.2439197;3.488949;
Spine;-0.8257401;-0.1431569;3.287895;
HipCenter;-0.7842281;-0.2231933;3.252135;
HipRight;-0.7720402;-0.2728389;3.198886;
HipLeft;-0.7826871;-0.2833367;3.294846;
KneeRight;-0.9848664;-0.689936;3.233556;
KneeLeft;-0.6750962;-0.7665057;3.442779;
AnkleRight;-1.003739;-1.105236;3.27723;
AnkleLeft;-0.4953088;-1.030832;3.390517;
FootRight;-0.9344232;-1.14621;3.213316;
FootLeft;-0.4259934;-1.071806;3.326603;
Head;-0.8325813;0.5133796;3.295089;
ShoulderCenter;-0.8603004;0.3047029;3.276359;
ShoulderRight;-0.880129;0.1047568;3.16131;
ShoulderLeft;-0.8966094;0.156809;3.120258;
ElbowRight;-0.8415922;-0.1139421;3.07729;
ElbowLeft;-0.8678386;-0.01555803;3.324149;
WristRight;-0.9252486;-0.34877;3.080001;
WristLeft;-1.045751;-0.2206657;3.456268;
HandRight;-0.8819326;-0.3827659;3.032897;
HandLeft;-1.084416;-0.2620531;3.501467;
Spine;-0.8682454;-0.2092791;3.260498;
HipCenter;-0.8123636;-0.3064377;3.246076;
HipRight;-0.8071909;-0.3178046;3.26021;
HipLeft;-0.8136007;-0.3397574;3.228769;
KneeRight;-0.9864773;-0.6932213;3.234308;
KneeLeft;-0.7335474;-0.7632477;3.413957;
AnkleRight;-1.004935;-1.110268;3.279612;
AnkleLeft;-0.5508031;-1.025842;3.397043;
FootRight;-0.9151598;-1.153255;3.252872;
FootLeft;-0.5621093;-1.131587;3.449373;
Head;-0.8718574;0.5161203;3.276486;
ShoulderCenter;-0.9013337;0.3118909;3.28022;
ShoulderRight;-0.8496695;0.1693669;3.171223;
ShoulderLeft;-0.8874503;0.1652352;3.122906;
ElbowRight;-0.9029615;-0.1274288;3.076979;
ElbowLeft;-0.9264619;-0.03384484;3.324617;
WristRight;-0.974371;-0.3437496;3.064827;
WristLeft;-1.102628;-0.2386578;3.457566;
HandRight;-1.001615;-0.4265993;3.058876;
HandLeft;-1.141154;-0.2798965;3.502603;
Spine;-0.8961275;-0.1494441;3.275096;
HipCenter;-0.8488688;-0.2338822;3.241551;
HipRight;-0.8388113;-0.2791434;3.191752;
HipLeft;-0.8493889;-0.2812285;3.28211;
KneeRight;-0.9629315;-0.674554;3.250199;
KneeLeft;-0.7172454;-0.7160072;3.429191;
AnkleRight;-0.9909959;-1.091148;3.281765;
AnkleLeft;-0.6280605;-1.022945;3.387298;
FootRight;-1.046796;-1.159066;3.281865;
FootLeft;-0.6421843;-1.123098;3.449723;
Head;-0.9077165;0.5213714;3.27594;
ShoulderCenter;-0.9338518;0.3163602;3.27845;
ShoulderRight;-0.8460761;0.1677501;3.272824;
ShoulderLeft;-0.9146684;0.1645979;3.112567;
ElbowRight;-0.9368122;-0.08294958;3.089355;
ElbowLeft;-0.9528579;-0.04290834;3.306002;
WristRight;-1.050218;-0.3306571;3.053936;
WristLeft;-1.127344;-0.2476373;3.439574;
HandRight;-1.088918;-0.4196712;3.046555;
HandLeft;-1.165735;-0.2887315;3.484452;
Spine;-0.9414392;-0.182531;3.25051;
HipCenter;-0.8879166;-0.2757136;3.225719;
HipRight;-0.8690826;-0.295609;3.243134;
HipLeft;-0.9016153;-0.3127182;3.201802;
KneeRight;-0.9652625;-0.679621;3.24952;
KneeLeft;-0.8955092;-0.756602;3.424991;
AnkleRight;-0.9901134;-1.090296;3.281718;
AnkleLeft;-0.7265142;-1.027596;3.394949;
FootRight;-0.9039726;-1.132653;3.242517;
FootLeft;-0.7573991;-1.123474;3.457694;
Head;-0.9663103;0.5336202;3.309421;
ShoulderCenter;-0.973856;0.321103;3.264601;
ShoulderRight;-1.043395;0.1469442;3.12462;
ShoulderLeft;-0.9597845;0.1654856;3.09687;
ElbowRight;-1.013912;-0.1090678;3.057985;
ElbowLeft;-0.9997355;0.08712405;3.309522;
WristRight;-1.128357;-0.3204595;3.054069;
WristLeft;-1.083427;-0.1711347;3.149979;
HandRight;-1.163435;-0.4111105;3.061894;
HandLeft;-1.078013;-0.2429314;3.153296;
Spine;-0.9346777;-0.1518741;3.18463;
HipCenter;-0.9099816;-0.2476061;3.227538;
HipRight;-0.9234197;-0.2936402;3.169755;
HipLeft;-0.8915213;-0.3080083;3.275341;
KneeRight;-1.016756;-0.6751858;3.238523;
KneeLeft;-0.9026811;-0.7575653;3.432029;
AnkleRight;-0.9910643;-1.086264;3.279494;
AnkleLeft;-0.9055697;-1.072327;3.349377;
FootRight;-1.040536;-1.158887;3.281216;
FootLeft;-0.8847218;-1.103826;3.428735;
Head;-0.9945844;0.535454;3.318469;
ShoulderCenter;-1.007825;0.3230971;3.258444;
ShoulderRight;-1.072005;0.1484727;3.119867;
ShoulderLeft;-0.9710475;0.1988546;3.114775;
ElbowRight;-1.071695;-0.1051137;3.057391;
ElbowLeft;-1.042458;-0.02219655;3.286597;
WristRight;-1.217892;-0.3373342;3.060007;
WristLeft;-1.150525;-0.2665391;3.117973;
HandRight;-1.258837;-0.4187703;3.068013;
HandLeft;-1.250633;-0.450304;3.064718;
Spine;-0.9473721;-0.1489619;3.18568;
HipCenter;-0.9303621;-0.2464703;3.232556;
HipRight;-0.9648679;-0.281856;3.267508;
HipLeft;-0.9063535;-0.300283;3.19702;
KneeRight;-1.004305;-0.7009981;3.234596;
KneeLeft;-1.181987;-0.697403;3.417444;
AnkleRight;-0.9913293;-1.088357;3.277836;
AnkleLeft;-0.9250505;-1.050142;3.355727;
FootRight;-1.036444;-1.163363;3.281391;
FootLeft;-0.9046069;-1.103439;3.430644;
Head;-1.077964;0.5331955;3.285246;
ShoulderCenter;-1.064226;0.3206938;3.257039;
ShoulderRight;-1.130458;0.1461428;3.118218;
ShoulderLeft;-0.978133;0.2017149;3.127018;
ElbowRight;-1.123939;-0.08771048;3.050572;
ElbowLeft;-1.106187;-0.03337798;3.085406;
WristRight;-1.279989;-0.3134152;3.063696;
WristLeft;-1.245886;-0.3050242;3.053694;
HandRight;-1.311011;-0.3782573;3.063967;
HandLeft;-1.297557;-0.3874022;3.052389;
Spine;-1.007357;-0.1463185;3.186198;
HipCenter;-0.997839;-0.2438957;3.234295;
HipRight;-1.025144;-0.2784813;3.25493;
HipLeft;-0.9606304;-0.2935366;3.207962;
KneeRight;-1.006381;-0.7027238;3.231609;
KneeLeft;-1.247238;-0.6862092;3.429676;
AnkleRight;-0.9918227;-1.089412;3.278945;
AnkleLeft;-1.153352;-1.102687;3.424549;
FootRight;-1.035374;-1.165024;3.282298;
FootLeft;-1.132908;-1.155984;3.499465;
Head;-1.145538;0.5234478;3.283663;
ShoulderCenter;-1.083765;0.3197232;3.25945;
ShoulderRight;-1.04641;0.1670109;3.142646;
ShoulderLeft;-1.007827;0.2024378;3.138541;
ElbowRight;-1.169048;-0.08289317;3.043784;
ElbowLeft;-1.137776;-0.02671711;3.270256;
WristRight;-1.332965;-0.2942664;3.063279;
WristLeft;-1.30918;-0.2439267;3.116674;
HandRight;-1.395979;-0.3636121;3.061366;
HandLeft;-1.339533;-0.3062999;3.098385;
Spine;-1.127023;-0.1521866;3.2001;
HipCenter;-1.124248;-0.2496737;3.249571;
HipRight;-1.121339;-0.2662421;3.280339;
HipLeft;-1.131187;-0.3124056;3.215069;
KneeRight;-1.02963;-0.7144839;3.233808;
KneeLeft;-1.315115;-0.7239518;3.452773;
AnkleRight;-0.992506;-1.091388;3.282995;
AnkleLeft;-1.211959;-1.082882;3.430147;
FootRight;-1.035661;-1.16739;3.281476;
FootLeft;-1.243969;-1.163894;3.437445;
Head;-1.193647;0.5256809;3.285692;
ShoulderCenter;-1.145965;0.317975;3.264464;
ShoulderRight;-1.080502;0.1690964;3.153256;
ShoulderLeft;-1.151653;0.1552404;3.110183;
ElbowRight;-1.20869;-0.06680212;3.046665;
ElbowLeft;-1.225398;-0.06509848;3.285125;
WristRight;-1.407591;-0.3021604;3.065002;
WristLeft;-1.393423;-0.2529534;3.089232;
HandRight;-1.479079;-0.3633635;3.08951;
HandLeft;-1.489788;-0.3531644;3.077888;
Spine;-1.148369;-0.1660836;3.287142;
HipCenter;-1.12581;-0.2596051;3.247006;
HipRight;-1.10457;-0.2810194;3.274835;
HipLeft;-1.146575;-0.3225163;3.21276;
KneeRight;-1.059195;-0.7148364;3.239314;
KneeLeft;-1.351655;-0.7121112;3.454867;
AnkleRight;-0.9927509;-1.092156;3.283525;
AnkleLeft;-1.295865;-1.071519;3.445329;
FootRight;-1.035615;-1.168537;3.282251;
FootLeft;-1.36404;-1.125655;3.435618;
Head;-1.249377;0.512057;3.288007;
ShoulderCenter;-1.16521;0.3167739;3.272346;
ShoulderRight;-1.082288;0.1622775;3.237977;
ShoulderLeft;-1.160539;0.1605054;3.113238;
ElbowRight;-1.251633;-0.05118935;3.057374;
ElbowLeft;-1.222085;-0.04992354;3.303899;
WristRight;-1.464215;-0.2765209;3.071868;
WristLeft;-1.424643;-0.2339952;3.140355;
HandRight;-1.535472;-0.337526;3.096297;
HandLeft;-1.477379;-0.2788312;3.121871;
Spine;-1.207497;-0.1658363;3.273482;
HipCenter;-1.164478;-0.2600536;3.246658;
HipRight;-1.125433;-0.2833293;3.273897;
HipLeft;-1.202001;-0.3125959;3.213733;
KneeRight;-1.078839;-0.7177076;3.240197;
KneeLeft;-1.380446;-0.71007;3.454273;
AnkleRight;-0.9940638;-1.089311;3.284264;
AnkleLeft;-1.412289;-1.072013;3.449235;
FootRight;-1.034181;-1.166609;3.281915;
FootLeft;-1.334723;-1.115831;3.398556;
Head;-1.249473;0.5029888;3.288315;
ShoulderCenter;-1.212782;0.2930318;3.271827;
ShoulderRight;-1.114633;0.1519036;3.280464;
ShoulderLeft;-1.256433;0.1471511;3.116142;
ElbowRight;-1.287438;-0.05180834;3.088539;
ElbowLeft;-1.411596;-0.07567644;3.082377;
WristRight;-1.485507;-0.2514212;3.063765;
WristLeft;-1.544941;-0.2879587;3.063255;
HandRight;-1.556681;-0.312356;3.088166;
HandLeft;-1.597035;-0.3370237;3.062875;
Spine;-1.20414;-0.1698691;3.278065;
HipCenter;-1.164701;-0.2598878;3.245839;
HipRight;-1.123098;-0.2859111;3.271766;
HipLeft;-1.203034;-0.3125187;3.212614;
KneeRight;-1.107273;-0.7262711;3.244017;
KneeLeft;-1.408386;-0.7134721;3.449011;
AnkleRight;-1.000632;-1.09503;3.286152;
AnkleLeft;-1.513627;-1.088821;3.442853;
FootRight;-1.036052;-1.174543;3.280854;
FootLeft;-1.443796;-1.130055;3.380009;
Head;-1.33968;0.508714;3.326529;
ShoulderCenter;-1.27391;0.3036105;3.291373;
ShoulderRight;-1.164614;0.1549419;3.291411;
ShoulderLeft;-1.244099;0.1532248;3.128918;
ElbowRight;-1.315397;-0.05276287;3.081624;
ElbowLeft;-1.408703;-0.06350729;3.086685;
WristRight;-1.492375;-0.2015959;3.047796;
WristLeft;-1.566232;-0.2706442;3.057984;
HandRight;-1.563354;-0.2623631;3.072129;
HandLeft;-1.609213;-0.3276109;3.0572;
Spine;-1.243609;-0.1874024;3.27712;
HipCenter;-1.185259;-0.2729767;3.252434;
HipRight;-1.155789;-0.2972911;3.281861;
HipLeft;-1.208367;-0.3177409;3.215782;
KneeRight;-1.130296;-0.7289945;3.246993;
KneeLeft;-1.45394;-0.717462;3.440936;
AnkleRight;-1.004919;-1.092217;3.287618;
AnkleLeft;-1.624328;-1.116555;3.422367;
FootRight;-1.041147;-1.170998;3.281506;
FootLeft;-1.540934;-1.156949;3.379097;
Head;-1.40837;0.4911924;3.337797;
ShoulderCenter;-1.309201;0.2992737;3.292977;
ShoulderRight;-1.203948;0.1527579;3.30293;
ShoulderLeft;-1.30037;0.1455241;3.133167;
ElbowRight;-1.361132;-0.04784308;3.088953;
ElbowLeft;-1.345593;-0.03420191;3.318478;
WristRight;-1.518903;-0.2163963;3.048307;
WristLeft;-1.536536;-0.2127465;3.128761;
HandRight;-1.592955;-0.2739882;3.071421;
HandLeft;-1.591954;-0.2555362;3.114704;
Spine;-1.263563;-0.1862803;3.287275;
HipCenter;-1.207606;-0.2718489;3.262086;
HipRight;-1.170153;-0.2976472;3.294011;
HipLeft;-1.231712;-0.333056;3.221937;
KneeRight;-1.185733;-0.7333884;3.253848;
KneeLeft;-1.47017;-0.7277861;3.442664;
AnkleRight;-1.018545;-1.09071;3.286718;
AnkleLeft;-1.651316;-1.103918;3.411592;
FootRight;-1.045966;-1.17333;3.28509;
FootLeft;-1.570735;-1.143973;3.362658;
Head;-1.381306;0.5086108;3.324438;
ShoulderCenter;-1.342794;0.2974625;3.306111;
ShoulderRight;-1.241462;0.1264761;3.331918;
ShoulderLeft;-1.336679;0.1418956;3.141794;
ElbowRight;-1.389235;-0.05547242;3.091017;
ElbowLeft;-1.419148;-0.06281459;3.328344;
WristRight;-1.543867;-0.2272038;3.046054;
WristLeft;-1.615309;-0.2400219;3.141304;
HandRight;-1.588924;-0.2388366;3.044156;
HandLeft;-1.607279;-0.2650781;3.052208;
Spine;-1.371469;-0.1757246;3.300884;
HipCenter;-1.325264;-0.2667847;3.277998;
HipRight;-1.29189;-0.3062864;3.315561;
HipLeft;-1.354591;-0.3245234;3.232538;
KneeRight;-1.198672;-0.7398834;3.256762;
KneeLeft;-1.517877;-0.7222027;3.426346;
AnkleRight;-1.029403;-1.090029;3.284895;
AnkleLeft;-1.651857;-1.10384;3.411064;
FootRight;-1.041076;-1.176416;3.286202;
FootLeft;-1.569338;-1.147145;3.368226;
Head;-1.433539;0.5157205;3.338143;
ShoulderCenter;-1.397895;0.3033268;3.316671;
ShoulderRight;-1.299084;0.1472014;3.327799;
ShoulderLeft;-1.381825;0.1526639;3.163424;
ElbowRight;-1.433504;-0.05194165;3.092384;
ElbowLeft;-1.465515;-0.06601561;3.342281;
WristRight;-1.577436;-0.2340927;3.051335;
WristLeft;-1.662175;-0.2436735;3.154809;
HandRight;-1.630111;-0.2815797;3.042295;
HandLeft;-1.646119;-0.2609243;3.06002;
Spine;-1.431738;-0.165901;3.306572;
HipCenter;-1.387857;-0.2566115;3.282916;
HipRight;-1.364155;-0.2954873;3.319068;
HipLeft;-1.410064;-0.3011695;3.239447;
KneeRight;-1.255541;-0.7444183;3.261137;
KneeLeft;-1.569773;-0.7189638;3.422306;
AnkleRight;-1.04779;-1.095966;3.287069;
AnkleLeft;-1.650195;-1.098317;3.406588;
FootRight;-0.9654384;-1.139537;3.243821;
FootLeft;-1.707369;-1.14783;3.362971;
Head;-1.42789;0.5199494;3.31759;
ShoulderCenter;-1.448993;0.3110362;3.326975;
ShoulderRight;-1.289019;0.09671187;3.436617;
ShoulderLeft;-1.403538;0.1554249;3.169939;
ElbowRight;-1.430494;-0.02126009;3.148678;
ElbowLeft;-1.474915;-0.002091046;3.359595;
WristRight;-1.564403;-0.1944119;3.050073;
WristLeft;-1.535974;-0.1931556;3.098973;
HandRight;-1.609082;-0.2494012;3.040673;
HandLeft;-1.468379;-0.1839411;3.019298;
Spine;-1.468023;-0.1527358;3.301943;
HipCenter;-1.420005;-0.2405265;3.279707;
HipRight;-1.384762;-0.2915004;3.307833;
HipLeft;-1.454037;-0.264232;3.24644;
KneeRight;-1.311249;-0.7495726;3.272345;
KneeLeft;-1.600056;-0.7303873;3.423151;
AnkleRight;-1.066512;-1.091696;3.288474;
AnkleLeft;-1.654969;-1.08429;3.405245;
FootRight;-1.061164;-1.17859;3.296506;
FootLeft;-1.569052;-1.127012;3.368198;
Head;-1.54576;0.5151008;3.345436;
ShoulderCenter;-1.487369;0.3067122;3.318981;
ShoulderRight;-1.339152;0.1247393;3.432366;
ShoulderLeft;-1.48502;0.1285785;3.158222;
ElbowRight;-1.479997;-0.0250328;3.161613;
ElbowLeft;-1.524737;-0.01856482;3.360953;
WristRight;-1.599894;-0.1963356;3.041389;
WristLeft;-1.585724;-0.2094062;3.100611;
HandRight;-1.62572;-0.2617416;3.028894;
HandLeft;-1.5182;-0.2004149;3.02065;
Spine;-1.520443;-0.1548948;3.311204;
HipCenter;-1.476063;-0.2437962;3.287035;
HipRight;-1.442085;-0.2970536;3.311882;
HipLeft;-1.507558;-0.275176;3.255061;
KneeRight;-1.376717;-0.7737644;3.277486;
KneeLeft;-1.635336;-0.7273434;3.38749;
AnkleRight;-1.119799;-1.069329;3.300792;
AnkleLeft;-1.660232;-1.078624;3.407137;
FootRight;-1.126329;-1.158589;3.310625;
FootLeft;-1.717911;-1.143354;3.397982;
Head;-1.551301;0.5296427;3.320737;
ShoulderCenter;-1.548759;0.3191701;3.329654;
ShoulderRight;-1.406142;0.1676958;3.489152;
ShoulderLeft;-1.502672;0.1522486;3.171295;
ElbowRight;-1.510634;-0.003726587;3.21488;
ElbowLeft;-1.561384;-0.04566765;3.35532;
WristRight;-1.597059;-0.155037;3.043926;
WristLeft;-1.622291;-0.2362562;3.095297;
HandRight;-1.624383;-0.2209454;3.043764;
HandLeft;-1.642593;-0.2997857;3.013746;
Spine;-1.550354;-0.1295777;3.312898;
HipCenter;-1.497767;-0.2127602;3.296759;
HipRight;-1.47322;-0.2673022;3.347527;
HipLeft;-1.512363;-0.2689902;3.247332;
KneeRight;-1.45671;-0.7487321;3.26839;
KneeLeft;-1.606939;-0.7365204;3.299758;
AnkleRight;-1.195758;-1.038927;3.28972;
AnkleLeft;-1.665363;-1.071907;3.402848;
FootRight;-1.187283;-1.124707;3.300598;
FootLeft;-1.576939;-1.113889;3.373422;
Head;-1.616505;0.5224625;3.305488;
ShoulderCenter;-1.567718;0.3213521;3.326965;
ShoulderRight;-1.441441;0.167415;3.444184;
ShoulderLeft;-1.532905;0.165723;3.173589;
ElbowRight;-1.541433;-0.01257101;3.17488;
ElbowLeft;-1.605649;-0.08720833;3.091198;
WristRight;-1.639264;-0.1597137;3.00726;
WristLeft;-1.666463;-0.2775059;2.831555;
HandRight;-1.646927;-0.2305072;3.011187;
HandLeft;-1.686734;-0.3409384;2.750129;
Spine;-1.575074;-0.1409683;3.312243;
HipCenter;-1.523566;-0.2283045;3.29502;
HipRight;-1.495659;-0.279476;3.336181;
HipLeft;-1.542696;-0.2679107;3.249081;
KneeRight;-1.488691;-0.8316896;3.248126;
KneeLeft;-1.611039;-0.7137746;3.228055;
AnkleRight;-1.236796;-1.011671;3.304979;
AnkleLeft;-1.670165;-1.073813;3.400147;
FootRight;-1.245898;-1.107068;3.293783;
FootLeft;-1.582681;-1.116079;3.368505;
Head;-1.642513;0.5462945;3.380301;
ShoulderCenter;-1.611912;0.3307612;3.329858;
ShoulderRight;-1.482927;0.1900031;3.461474;
ShoulderLeft;-1.566868;0.1714765;3.17374;
ElbowRight;-1.570447;0.02784321;3.175534;
ElbowLeft;-1.609943;-0.08858589;3.093135;
WristRight;-1.628621;-0.1546323;3.027455;
WristLeft;-1.670697;-0.2786957;2.833741;
HandRight;-1.637528;-0.2252336;3.03173;
HandLeft;-1.690948;-0.3420656;2.752395;
Spine;-1.588288;-0.1411575;3.316203;
HipCenter;-1.532548;-0.226418;3.300411;
HipRight;-1.505179;-0.2734275;3.338095;
HipLeft;-1.553223;-0.2611065;3.26003;
KneeRight;-1.496504;-0.8269311;3.251496;
KneeLeft;-1.61834;-0.7006618;3.231146;
AnkleRight;-1.281914;-1.038426;3.331275;
AnkleLeft;-1.672596;-1.078604;3.396469;
FootRight;-1.344124;-1.075686;3.283697;
FootLeft;-1.583815;-1.119686;3.367465;
Head;-1.649226;0.5440826;3.372806;
ShoulderCenter;-1.627757;0.3273464;3.325923;
ShoulderRight;-1.496478;0.1865653;3.457725;
ShoulderLeft;-1.579357;0.19725;3.190714;
ElbowRight;-1.58256;0.02049433;3.174475;
ElbowLeft;-1.623154;-0.07431673;3.100685;
WristRight;-1.6616;-0.2188028;3.125941;
WristLeft;-1.683808;-0.2641175;2.8417;
HandRight;-1.671897;-0.2892148;3.129692;
HandLeft;-1.704026;-0.3273844;2.760486;
Spine;-1.610324;-0.1413762;3.318744;
HipCenter;-1.552853;-0.2266055;3.304506;
HipRight;-1.539934;-0.246239;3.318137;
HipLeft;-1.580441;-0.2476199;3.291389;
KneeRight;-1.635056;-0.6406322;3.376749;
KneeLeft;-1.64192;-0.6816394;3.232287;
AnkleRight;-1.433052;-0.9983786;3.277369;
AnkleLeft;-1.678162;-1.075283;3.383465;
FootRight;-1.34471;-1.039508;3.248386;
FootLeft;-1.589819;-1.116412;3.354482;
Head;-1.765964;0.5019942;3.327771;
ShoulderCenter;-1.644444;0.3263464;3.326173;
ShoulderRight;-1.563704;0.1782859;3.443413;
ShoulderLeft;-1.601968;0.2231225;3.237001;
ElbowRight;-1.620472;-0.02891488;3.182894;
ElbowLeft;-1.635539;-0.008165666;3.104239;
WristRight;-1.66151;-0.3411402;3.159004;
WristLeft;-1.696248;-0.1981368;2.845039;
HandRight;-1.678842;-0.4491925;3.161143;
HandLeft;-1.716484;-0.2614605;2.763752;
Spine;-1.631101;-0.1449443;3.341248;
HipCenter;-1.573771;-0.2328347;3.343853;
HipRight;-1.559593;-0.2481264;3.352752;
HipLeft;-1.58283;-0.2498219;3.330095;
KneeRight;-1.696674;-0.6935585;3.371039;
KneeLeft;-1.650296;-0.6901004;3.276157;
AnkleRight;-1.474964;-1.040651;3.284052;
AnkleLeft;-1.689237;-1.103487;3.363823;
FootRight;-1.383922;-1.082608;3.267682;
FootLeft;-1.598195;-1.145444;3.347453;
Head;-1.730238;0.5173464;3.294153;
ShoulderCenter;-1.679286;0.3219365;3.331136;
ShoulderRight;-1.581273;0.1755741;3.446843;
ShoulderLeft;-1.619537;0.2204107;3.240431;
ElbowRight;-1.634399;-0.03273886;3.18609;
ElbowLeft;-1.659322;-0.04926268;3.141029;
WristRight;-1.672899;-0.3449358;3.19222;
WristLeft;-1.720082;-0.2393949;2.88162;
HandRight;-1.700539;-0.4908638;3.213375;
HandLeft;-1.740336;-0.3027723;2.800265;
Spine;-1.656964;-0.1731846;3.383989;
HipCenter;-1.5956;-0.2647518;3.389402;
HipRight;-1.578619;-0.27502;3.373847;
HipLeft;-1.604629;-0.2864769;3.404748;
KneeRight;-1.705495;-0.6743392;3.430723;
KneeLeft;-1.666505;-0.736212;3.33131;
AnkleRight;-1.483784;-1.021431;3.343734;
AnkleLeft;-1.677359;-1.057326;3.282194;
FootRight;-1.392773;-1.063231;3.327464;
FootLeft;-1.586348;-1.099125;3.265924;
Head;-1.704055;0.3455723;3.359067;
ShoulderCenter;-1.636925;0.1291523;3.381156;
ShoulderRight;-1.544013;-0.0181789;3.498201;
ShoulderLeft;-1.643984;-0.02056384;3.268999;
ElbowRight;-1.660329;-0.1834378;3.226369;
ElbowLeft;-1.686982;-0.2411381;3.177797;
WristRight;-1.686625;-0.4148214;3.208609;
WristLeft;-1.745811;-0.4049174;2.899803;
HandRight;-1.705246;-0.4876153;3.224735;
HandLeft;-1.765421;-0.4595105;2.812249;
Spine;-1.676432;-0.2788864;3.447905;
HipCenter;-1.632337;-0.3621236;3.44234;
HipRight;-1.594696;-0.3803042;3.476345;
HipLeft;-1.66941;-0.4047492;3.41401;
KneeRight;-1.744548;-0.7632433;3.434635;
KneeLeft;-1.702158;-0.8317754;3.377642;
AnkleRight;-1.49865;-1.048526;3.351923;
AnkleLeft;-1.692791;-1.064786;3.334568;
FootRight;-1.416502;-1.094655;3.31439;
FootLeft;-1.719331;-1.118104;3.272249;
Head;-1.705294;0.2830725;3.385178;
ShoulderCenter;-1.670811;0.01220278;3.452513;
ShoulderRight;-1.5779;-0.1351284;3.569558;
ShoulderLeft;-1.662273;-0.05445604;3.316375;
ElbowRight;-1.671483;-0.2107939;3.248638;
ElbowLeft;-1.69424;-0.2512353;3.166375;
WristRight;-1.722636;-0.4497479;3.259052;
WristLeft;-1.755288;-0.4092861;2.902948;
HandRight;-1.74126;-0.522565;3.275178;
HandLeft;-1.775637;-0.4619697;2.820245;
Spine;-1.732006;-0.326541;3.495491;
HipCenter;-1.690871;-0.3978733;3.488903;
HipRight;-1.643238;-0.4247122;3.543583;
HipLeft;-1.74249;-0.4525198;3.438409;
KneeRight;-1.756;-0.8017768;3.406804;
KneeLeft;-1.737465;-0.9153608;3.42215;
AnkleRight;-1.505777;-1.053527;3.350573;
AnkleLeft;-1.724397;-1.094802;3.374451;
FootRight;-1.421918;-1.101181;3.319199;
FootLeft;-1.751544;-1.140338;3.306463;
Head;-1.742593;0.2238912;3.340605;
ShoulderCenter;-1.705545;-0.04625898;3.407609;
ShoulderRight;-1.612634;-0.1935902;3.524654;
ShoulderLeft;-1.697007;-0.1129178;3.271471;
ElbowRight;-1.705527;-0.2329699;3.285727;
ElbowLeft;-1.730485;-0.3405676;3.270822;
WristRight;-1.764248;-0.5059379;3.311633;
WristLeft;-1.779359;-0.4150607;2.954585;
HandRight;-1.782872;-0.5787551;3.327759;
HandLeft;-1.700909;-0.3717973;2.918654;
Spine;-1.738248;-0.327162;3.497212;
HipCenter;-1.697351;-0.3920932;3.496291;
HipRight;-1.676972;-0.4397192;3.59375;
HipLeft;-1.737328;-0.4608436;3.442997;
KneeRight;-1.753307;-0.8123316;3.421022;
KneeLeft;-1.765539;-0.9359306;3.467148;
AnkleRight;-1.520382;-1.104684;3.357226;
AnkleLeft;-1.724162;-1.094725;3.374651;
FootRight;-1.436188;-1.151641;3.326157;
FootLeft;-1.751271;-1.140197;3.306759;
Head;-1.777134;0.1520043;3.386115;
ShoulderCenter;-1.740147;-0.1177106;3.452943;
ShoulderRight;-1.647235;-0.2650418;3.569988;
ShoulderLeft;-1.731608;-0.1843694;3.316805;
ElbowRight;-1.74077;-0.3409261;3.342218;
ElbowLeft;-1.724094;-0.4091045;3.341894;
WristRight;-1.798425;-0.610671;3.369561;
WristLeft;-1.791325;-0.5358068;3.048123;
HandRight;-1.817049;-0.6834882;3.385687;
HandLeft;-1.813735;-0.5780409;2.955302;
Spine;-1.804124;-0.4417515;3.536142;
HipCenter;-1.764119;-0.5131769;3.536819;
HipRight;-1.744329;-0.5771592;3.60161;
HipLeft;-1.791594;-0.5759649;3.494008;
KneeRight;-1.785108;-0.892085;3.222864;
KneeLeft;-1.830456;-1.012455;3.473405;
AnkleRight;-1.540007;-1.058542;3.344407;
AnkleLeft;-1.727507;-1.093777;3.374433;
FootRight;-1.458045;-1.108346;3.312276;
FootLeft;-1.754578;-1.139187;3.306634;
Head;-1.770923;-0.5718407;3.420593;
ShoulderCenter;-1.733994;-0.8411304;3.487388;
ShoulderRight;-1.641083;-0.9884616;3.604433;
ShoulderLeft;-1.725456;-0.9077892;3.35125;
ElbowRight;-1.694419;-0.695918;3.479085;
ElbowLeft;-1.742856;-0.5985277;3.361072;
WristRight;-1.790969;-0.5042384;3.348843;
WristLeft;-1.819981;-0.724683;3.070744;
HandRight;-1.823153;-0.4403452;3.310515;
HandLeft;-1.845689;-0.7667348;2.979053;
Spine;-1.725032;-0.6950579;3.502838;
HipCenter;-1.776292;-0.681466;3.52236;
HipRight;-1.750603;-0.6392196;3.594455;
HipLeft;-1.825522;-0.634847;3.461236;
KneeRight;-1.796758;-0.8457964;3.147323;
KneeLeft;-1.85528;-1.04667;3.419586;
AnkleRight;-1.832613;-1.006275;2.781872;
AnkleLeft;-1.736794;-1.089158;3.372994;
FootRight;-1.913625;-1.063824;2.799991;
FootLeft;-1.76383;-1.134506;3.305287;
Head;-1.810922;-0.5414999;3.464283;
ShoulderCenter;-1.774049;-0.8103741;3.531046;
ShoulderRight;-1.681138;-0.9577053;3.648091;
ShoulderLeft;-1.765511;-0.8770329;3.394908;
ElbowRight;-1.738314;-0.6665162;3.523928;
ElbowLeft;-1.78286;-0.5686822;3.404706;
WristRight;-1.831025;-0.473482;3.392641;
WristLeft;-1.859921;-0.6937442;3.114951;
HandRight;-1.861928;-0.4091373;3.353949;
HandLeft;-1.885608;-0.7354316;3.023436;
Spine;-1.712218;-0.8132071;3.449482;
HipCenter;-1.711041;-0.7619559;3.457126;
HipRight;-1.660433;-0.7987266;3.472296;
HipLeft;-1.721953;-0.6946815;3.385805;
KneeRight;-2.043097;-0.5239784;3.364881;
KneeLeft;-1.882488;-1.007062;3.439682;
AnkleRight;-2.340249;-0.3106263;3.263424;
AnkleLeft;-1.745405;-1.088403;3.372299;
FootRight;-2.344926;-0.4113691;3.265679;
FootLeft;-1.750082;-1.189146;3.374554;
