Floor;0.009645985;0.9993241;0.03547126;1.044259;
Head;1.313811;0.5258164;3.455134;
ShoulderCenter;1.443485;0.3141222;3.412671;
ShoulderRight;1.457846;0.1934814;3.246138;
ShoulderLeft;1.365466;0.1588068;3.513796;
ElbowRight;1.440987;-0.01417083;3.13072;
ElbowLeft;1.368125;-0.1387059;3.553795;
WristRight;1.31094;-0.2705866;3.096684;
WristLeft;1.296132;-0.429834;3.481814;
HandRight;1.275357;-0.3487307;3.090852;
HandLeft;1.294904;-0.4927949;3.472826;
Spine;1.394189;-0.06672969;3.34687;
HipCenter;1.384329;-0.1429001;3.337276;
HipRight;1.39619;-0.204047;3.256433;
HipLeft;1.35462;-0.2196506;3.390969;
KneeRight;1.421016;-0.8706243;3.253309;
KneeLeft;1.338469;-0.8333179;3.391251;
AnkleRight;1.405429;-1.178904;3.190015;
AnkleLeft;1.642641;-1.162329;3.241636;
FootRight;1.444051;-1.183071;3.061404;
FootLeft;1.522624;-1.168932;3.181617;
Head;1.285769;0.5255777;3.456435;
ShoulderCenter;1.396171;0.3123958;3.394115;
ShoulderRight;1.434702;0.1927434;3.248193;
ShoulderLeft;1.348065;0.1834541;3.541189;
ElbowRight;1.383123;-0.01891951;3.130179;
ElbowLeft;1.282412;-0.05765946;3.428018;
WristRight;1.26059;-0.2590367;3.111969;
WristLeft;1.246931;-0.3506431;3.419843;
HandRight;1.216407;-0.3385746;3.110962;
HandLeft;1.200887;-0.371813;3.464058;
Spine;1.363888;-0.07449362;3.344682;
HipCenter;1.356495;-0.1516202;3.337588;
HipRight;1.364987;-0.2173184;3.260524;
HipLeft;1.335026;-0.221708;3.392585;
KneeRight;1.402333;-0.8865784;3.265755;
KneeLeft;1.324723;-0.8489904;3.389781;
AnkleRight;1.427936;-1.176579;3.179012;
AnkleLeft;1.673079;-1.151936;3.291407;
FootRight;1.446744;-1.17663;3.050049;
FootLeft;1.559165;-1.158745;3.22846;
Head;1.251821;0.5102362;3.479042;
ShoulderCenter;1.366976;0.305153;3.402439;
ShoulderRight;1.403402;0.1978759;3.254566;
ShoulderLeft;1.289231;0.157543;3.531054;
ElbowRight;1.331695;-0.03787625;3.125556;
ElbowLeft;1.245317;-0.05331425;3.428163;
WristRight;1.17156;-0.2810087;3.112805;
WristLeft;1.194093;-0.338801;3.438536;
HandRight;1.133094;-0.3268844;3.098284;
HandLeft;1.17787;-0.4204936;3.441659;
Spine;1.320175;-0.1031218;3.350453;
HipCenter;1.312395;-0.184385;3.343276;
HipRight;1.335581;-0.2346819;3.273079;
HipLeft;1.282433;-0.2564958;3.391877;
KneeRight;1.382677;-0.8772115;3.26224;
KneeLeft;1.263659;-0.9011357;3.401619;
AnkleRight;1.583054;-1.182095;3.145433;
AnkleLeft;1.635739;-1.166526;3.220088;
FootRight;1.521553;-1.1796;3.032621;
FootLeft;1.521699;-1.171301;3.161036;
Head;1.196956;0.5069581;3.440361;
ShoulderCenter;1.319827;0.3007047;3.416276;
ShoulderRight;1.349939;0.1917265;3.258197;
ShoulderLeft;1.255016;0.1404736;3.549588;
ElbowRight;1.308892;-0.002688932;3.123037;
ElbowLeft;1.21135;-0.03752558;3.430743;
WristRight;1.1544;-0.2316185;3.111616;
WristLeft;1.168538;-0.309432;3.438852;
HandRight;1.067761;-0.3499178;3.108113;
HandLeft;1.158269;-0.3956084;3.460307;
Spine;1.28347;-0.08187861;3.352265;
HipCenter;1.273437;-0.1568804;3.343268;
HipRight;1.28751;-0.212219;3.26545;
HipLeft;1.248064;-0.2383184;3.394608;
KneeRight;1.391128;-0.8293885;3.209295;
KneeLeft;1.177766;-0.9016542;3.432283;
AnkleRight;1.407996;-1.172364;3.177444;
AnkleLeft;1.580059;-1.137189;3.229741;
FootRight;1.377262;-1.180344;3.051015;
FootLeft;1.46205;-1.150236;3.175923;
Head;1.163637;0.4931404;3.437937;
ShoulderCenter;1.305812;0.29999;3.414146;
ShoulderRight;1.320777;0.1875975;3.258954;
ShoulderLeft;1.194894;0.1091027;3.503981;
ElbowRight;1.260707;-0.05639715;3.139281;
ElbowLeft;1.159221;-0.08655171;3.421352;
WristRight;1.075539;-0.2600093;3.115253;
WristLeft;1.111432;-0.3571804;3.42443;
HandRight;1.014274;-0.3288462;3.116324;
HandLeft;1.105386;-0.446555;3.446079;
Spine;1.267874;-0.07367955;3.351427;
HipCenter;1.260262;-0.1482815;3.342539;
HipRight;1.274444;-0.1889074;3.277654;
HipLeft;1.224593;-0.2215658;3.384348;
KneeRight;1.38811;-0.8289723;3.209652;
KneeLeft;1.100702;-0.862837;3.452083;
AnkleRight;1.401729;-1.160673;3.177545;
AnkleLeft;1.545459;-1.106711;3.328469;
FootRight;1.37724;-1.176227;3.050603;
FootLeft;1.427851;-1.128491;3.27699;
Head;1.103311;0.4924901;3.45661;
ShoulderCenter;1.2459;0.2988923;3.411851;
ShoulderRight;1.268908;0.1772074;3.26088;
ShoulderLeft;1.15343;0.09721278;3.53714;
ElbowRight;1.201065;-0.06777616;3.138112;
ElbowLeft;1.117122;-0.08703817;3.438737;
WristRight;1.052794;-0.2525517;3.111445;
WristLeft;1.122456;-0.3581222;3.420594;
HandRight;0.9830793;-0.3156062;3.11379;
HandLeft;1.062673;-0.4300064;3.430599;
Spine;1.22276;-0.06273016;3.350701;
HipCenter;1.219391;-0.1355847;3.341994;
HipRight;1.245648;-0.1859434;3.268656;
HipLeft;1.193315;-0.221184;3.38961;
KneeRight;1.378719;-0.8257663;3.212896;
KneeLeft;1.026443;-0.9025482;3.465397;
AnkleRight;1.374416;-1.140326;3.181217;
AnkleLeft;1.438205;-1.140677;3.229945;
FootRight;1.335554;-1.169356;3.060472;
FootLeft;1.319866;-1.153476;3.177364;
Head;1.087115;0.4999435;3.460511;
ShoulderCenter;1.221428;0.2979769;3.416266;
ShoulderRight;1.250371;0.1723214;3.263156;
ShoulderLeft;1.122602;0.1009375;3.504745;
ElbowRight;1.171796;-0.06582686;3.139596;
ElbowLeft;1.08669;-0.08130125;3.407022;
WristRight;1.041671;-0.2398481;3.111332;
WristLeft;1.088374;-0.3494454;3.397739;
HandRight;0.9731976;-0.3075585;3.113223;
HandLeft;1.018525;-0.4146911;3.385865;
Spine;1.174484;-0.08746409;3.354007;
HipCenter;1.167144;-0.1644756;3.344749;
HipRight;1.186974;-0.2199033;3.265781;
HipLeft;1.133824;-0.2505938;3.396828;
KneeRight;1.355148;-0.8301224;3.216225;
KneeLeft;0.9995755;-0.8756983;3.463703;
AnkleRight;1.426284;-1.174183;3.126128;
AnkleLeft;1.270079;-1.192466;3.205429;
FootRight;1.347576;-1.183301;3.021476;
FootLeft;1.176579;-1.192983;3.1133;
Head;1.038671;0.4978341;3.467492;
ShoulderCenter;1.157112;0.2868574;3.415083;
ShoulderRight;1.2011;0.1692549;3.271772;
ShoulderLeft;1.066872;0.09040149;3.500051;
ElbowRight;1.139719;-0.06721626;3.143049;
ElbowLeft;1.03039;-0.09981172;3.44716;
WristRight;0.9619662;-0.2625169;3.122926;
WristLeft;1.039673;-0.3635242;3.420892;
HandRight;0.8713266;-0.353872;3.114166;
HandLeft;0.9803809;-0.4439472;3.412176;
Spine;1.143418;-0.08261083;3.355512;
HipCenter;1.140007;-0.1573558;3.346867;
HipRight;1.162288;-0.2013379;3.282473;
HipLeft;1.103457;-0.2362563;3.388865;
KneeRight;1.3391;-0.8274728;3.219423;
KneeLeft;0.9780958;-0.8218161;3.465009;
AnkleRight;1.458222;-1.193716;3.182756;
AnkleLeft;1.266192;-1.193233;3.202065;
FootRight;1.383258;-1.18938;3.075361;
FootLeft;1.190624;-1.192612;3.095009;
Head;0.9934728;0.4788617;3.468214;
ShoulderCenter;1.132694;0.283046;3.420443;
ShoulderRight;1.170685;0.1673914;3.279615;
ShoulderLeft;1.042454;0.08659011;3.505412;
ElbowRight;1.118523;-0.05094426;3.145194;
ElbowLeft;0.9821569;-0.1658793;3.39661;
WristRight;0.9491454;-0.2634179;3.124819;
WristLeft;0.8902258;-0.3136383;3.173461;
HandRight;0.8980218;-0.3161222;3.116285;
HandLeft;0.8579459;-0.3727218;3.203979;
Spine;1.088771;-0.0994072;3.356221;
HipCenter;1.081964;-0.1755892;3.346441;
HipRight;1.106887;-0.2061696;3.300438;
HipLeft;1.048286;-0.2430071;3.373012;
KneeRight;1.296317;-0.824109;3.227155;
KneeLeft;0.9434579;-0.83188;3.461819;
AnkleRight;1.436591;-1.187704;3.046433;
AnkleLeft;0.8190972;-1.121174;3.415614;
FootRight;1.316062;-1.185238;2.997636;
FootLeft;0.9072533;-1.1394;3.321749;
Head;0.9483587;0.479285;3.458799;
ShoulderCenter;1.076498;0.2778326;3.420202;
ShoulderRight;1.114551;0.163906;3.289317;
ShoulderLeft;0.9656629;0.07867115;3.469236;
ElbowRight;1.083039;-0.01362169;3.158597;
ElbowLeft;0.9125571;-0.1776654;3.356912;
WristRight;0.9375601;-0.246737;3.134079;
WristLeft;0.8341739;-0.3489416;3.142234;
HandRight;0.8212345;-0.3963528;3.112609;
HandLeft;0.8040113;-0.413968;3.15948;
Spine;1.045201;-0.1082576;3.351514;
HipCenter;1.038209;-0.1855677;3.341232;
HipRight;1.069729;-0.2192877;3.289307;
HipLeft;0.9967194;-0.2581255;3.372281;
KneeRight;1.243959;-0.7947981;3.230851;
KneeLeft;0.92471;-0.8201674;3.458973;
AnkleRight;1.382592;-1.180192;3.163656;
AnkleLeft;0.8043267;-1.165917;3.412659;
FootRight;1.330692;-1.183587;3.045361;
FootLeft;0.9067208;-1.174222;3.334266;
Head;0.9262348;0.4844975;3.455653;
ShoulderCenter;1.042225;0.2776723;3.422187;
ShoulderRight;1.081976;0.1486834;3.285809;
ShoulderLeft;0.9313901;0.07851091;3.471221;
ElbowRight;1.006946;-0.105755;3.164713;
ElbowLeft;0.8947139;-0.1993021;3.421186;
WristRight;0.868992;-0.3355902;3.128917;
WristLeft;0.8107233;-0.3651663;3.196032;
HandRight;0.8194318;-0.3976255;3.114822;
HandLeft;0.8167999;-0.4001359;3.116987;
Spine;0.999075;-0.1233746;3.346809;
HipCenter;0.9911678;-0.2038051;3.33509;
HipRight;1.022594;-0.2410403;3.279004;
HipLeft;0.9507192;-0.2729857;3.368668;
KneeRight;1.177045;-0.7884401;3.253284;
KneeLeft;0.9040681;-0.822655;3.463347;
AnkleRight;1.278279;-1.177821;3.177786;
AnkleLeft;0.8102738;-1.170445;3.411814;
FootRight;1.282504;-1.184134;3.044113;
FootLeft;0.7233544;-1.214035;3.347786;
Head;0.8862065;0.5017871;3.45165;
ShoulderCenter;0.99367;0.2907362;3.421889;
ShoulderRight;1.022608;0.152738;3.283762;
ShoulderLeft;0.877509;0.07899266;3.50988;
ElbowRight;0.9919447;-0.1112571;3.163871;
ElbowLeft;0.8469585;-0.2039444;3.458811;
WristRight;0.8708942;-0.3271227;3.1322;
WristLeft;0.7620135;-0.3684375;3.229114;
HandRight;0.8200698;-0.3987845;3.118965;
HandLeft;0.7731517;-0.4112585;3.153066;
Spine;0.9498017;-0.1220236;3.375974;
HipCenter;0.9410281;-0.2045756;3.370329;
HipRight;0.9655008;-0.2577563;3.312615;
HipLeft;0.9034819;-0.2744028;3.411645;
KneeRight;1.147237;-0.8022563;3.2463;
KneeLeft;0.8473567;-0.8120508;3.471103;
AnkleRight;1.271256;-1.18627;3.184458;
AnkleLeft;0.8097523;-1.165674;3.410442;
FootRight;1.278349;-1.185938;3.051238;
FootLeft;0.6968718;-1.197823;3.454396;
Head;0.8398597;0.4959006;3.458792;
ShoulderCenter;0.9614828;0.291684;3.413548;
ShoulderRight;1.007031;0.155299;3.288036;
ShoulderLeft;0.8467463;0.1255597;3.489401;
ElbowRight;0.9568418;-0.1024063;3.169035;
ElbowLeft;0.8158249;-0.1608116;3.437769;
WristRight;0.8679631;-0.3201519;3.132734;
WristLeft;0.7312508;-0.3218704;3.2082;
HandRight;0.8210453;-0.4026643;3.122157;
HandLeft;0.742389;-0.3646915;3.132152;
Spine;0.8991874;-0.1125012;3.383339;
HipCenter;0.8881611;-0.1933805;3.381275;
HipRight;0.906995;-0.2434248;3.337781;
HipLeft;0.8542845;-0.2536748;3.414565;
KneeRight;1.032658;-0.7698098;3.258798;
KneeLeft;0.842734;-0.7950723;3.460218;
AnkleRight;1.265521;-1.18383;3.316245;
AnkleLeft;0.809571;-1.149825;3.41353;
FootRight;1.222713;-1.189007;3.190113;
FootLeft;0.7251335;-1.193725;3.347357;
Head;0.8122938;0.502772;3.468506;
ShoulderCenter;0.924219;0.2924802;3.429905;
ShoulderRight;0.9468476;0.1688191;3.285325;
ShoulderLeft;0.8197301;0.1260914;3.505415;
ElbowRight;0.9244286;-0.06100532;3.16538;
ElbowLeft;0.7886203;-0.1620256;3.453364;
WristRight;0.8619787;-0.314235;3.136027;
WristLeft;0.8393786;-0.3451979;3.218642;
HandRight;0.821349;-0.4018113;3.125628;
HandLeft;0.8696199;-0.4569565;3.059811;
Spine;0.8689636;-0.1142358;3.386444;
HipCenter;0.8565801;-0.1956134;3.381862;
HipRight;0.8653796;-0.237374;3.336919;
HipLeft;0.830049;-0.2587472;3.41364;
KneeRight;0.9458567;-0.752205;3.259743;
KneeLeft;0.8132396;-0.8016965;3.436503;
AnkleRight;1.264883;-1.115412;3.180491;
AnkleLeft;0.8106315;-1.160857;3.414585;
FootRight;1.171396;-1.156767;3.09497;
FootLeft;0.717042;-1.204991;3.362381;
Head;0.7638839;0.4901223;3.468678;
ShoulderCenter;0.8703417;0.2896329;3.42253;
ShoulderRight;0.9104209;0.1731187;3.28985;
ShoulderLeft;0.7627687;0.1232977;3.500401;
ElbowRight;0.9102675;-0.06574026;3.168642;
ElbowLeft;0.7314672;-0.1665943;3.448448;
WristRight;0.8258995;-0.3452048;3.135624;
WristLeft;0.7875164;-0.3481779;3.211454;
HandRight;0.8218637;-0.4172958;3.122945;
HandLeft;0.81992;-0.4598931;3.051043;
Spine;0.817121;-0.1095086;3.369208;
HipCenter;0.8064768;-0.1893369;3.362122;
HipRight;0.8238584;-0.2268097;3.307195;
HipLeft;0.7735114;-0.2687402;3.398737;
KneeRight;0.845733;-0.7386727;3.258762;
KneeLeft;0.7895414;-0.8188297;3.404125;
AnkleRight;1.132255;-1.126153;3.204538;
AnkleLeft;0.813781;-1.172141;3.417963;
FootRight;1.096007;-1.166298;3.084028;
FootLeft;0.7121895;-1.191361;3.457032;
Head;0.7379248;0.4869261;3.442119;
ShoulderCenter;0.8533932;0.2934663;3.427833;
ShoulderRight;0.8835953;0.1700257;3.281725;
ShoulderLeft;0.7458203;0.1271311;3.505703;
ElbowRight;0.8679445;-0.1084444;3.174889;
ElbowLeft;0.7142144;-0.1655793;3.453292;
WristRight;0.8188789;-0.3498513;3.140595;
WristLeft;0.7712939;-0.3477036;3.213145;
HandRight;0.8044177;-0.42064;3.130713;
HandLeft;0.8029715;-0.4560597;3.055993;
Spine;0.785512;-0.1112827;3.37339;
HipCenter;0.7711163;-0.1926682;3.365969;
HipRight;0.791067;-0.2299718;3.312032;
HipLeft;0.7312554;-0.2695247;3.401539;
KneeRight;0.7555513;-0.7358935;3.255956;
KneeLeft;0.821441;-0.8842153;3.352898;
AnkleRight;1.076491;-1.099673;3.205704;
AnkleLeft;0.8096086;-1.132967;3.413041;
FootRight;1.06704;-1.157775;3.087948;
FootLeft;0.7123234;-1.191422;3.456481;
Head;0.7055469;0.4975996;3.436556;
ShoulderCenter;0.8047537;0.3012887;3.411314;
ShoulderRight;0.8396101;0.1729821;3.274114;
ShoulderLeft;0.6971807;0.1349535;3.489184;
ElbowRight;0.8508928;-0.1130159;3.180193;
ElbowLeft;0.6657672;-0.155976;3.437135;
WristRight;0.7869533;-0.359602;3.14455;
WristLeft;0.7221942;-0.3377632;3.19902;
HandRight;0.7954092;-0.4315369;3.140457;
HandLeft;0.7543319;-0.4482373;3.039807;
Spine;0.7450165;-0.09075636;3.367973;
HipCenter;0.7329655;-0.1693387;3.362761;
HipRight;0.7548569;-0.2134231;3.306467;
HipLeft;0.695273;-0.2496872;3.402551;
KneeRight;0.7273909;-0.722683;3.268516;
KneeLeft;0.8784776;-0.710341;3.463958;
AnkleRight;0.9379426;-1.122132;3.262061;
AnkleLeft;0.812124;-1.129754;3.40768;
FootRight;1.021071;-1.197943;3.19241;
FootLeft;0.7197481;-1.183797;3.406231;
Head;0.6649312;0.492566;3.450955;
ShoulderCenter;0.7791223;0.3028744;3.411663;
ShoulderRight;0.8158678;0.1686067;3.274776;
ShoulderLeft;0.664198;0.1209978;3.493087;
ElbowRight;0.829067;-0.1194093;3.179508;
ElbowLeft;0.6324961;-0.1726027;3.440745;
WristRight;0.7755837;-0.3614919;3.14365;
WristLeft;0.6169258;-0.3734536;3.571826;
HandRight;0.7809564;-0.432569;3.148013;
HandLeft;0.6124725;-0.4310193;3.613853;
Spine;0.7271426;-0.0949699;3.36493;
HipCenter;0.7163473;-0.1744372;3.35922;
HipRight;0.7379976;-0.2259176;3.294153;
HipLeft;0.6729397;-0.2533086;3.404716;
KneeRight;0.6629302;-0.7369279;3.271304;
KneeLeft;0.8405917;-0.7341629;3.464678;
AnkleRight;0.8521834;-1.10656;3.285722;
AnkleLeft;0.8086998;-1.137611;3.352467;
FootRight;0.9393454;-1.191373;3.229671;
FootLeft;0.7142667;-1.178901;3.390814;
Head;0.6163081;0.4953907;3.449337;
ShoulderCenter;0.7320094;0.3052444;3.408772;
ShoulderRight;0.766821;0.1696854;3.27454;
ShoulderLeft;0.6409307;0.1385257;3.500714;
ElbowRight;0.799634;-0.11839;3.173444;
ElbowLeft;0.6091135;-0.1561424;3.448338;
WristRight;0.7734871;-0.3598799;3.14371;
WristLeft;0.5746904;-0.3741791;3.604057;
HandRight;0.776144;-0.4315535;3.147778;
HandLeft;0.5374475;-0.435303;3.610185;
Spine;0.6745998;-0.08085845;3.362881;
HipCenter;0.6633879;-0.1580926;3.357302;
HipRight;0.6859195;-0.2164759;3.287848;
HipLeft;0.6227135;-0.2246868;3.408943;
KneeRight;0.5716158;-0.7127214;3.265782;
KneeLeft;0.782552;-0.7373999;3.450286;
AnkleRight;0.7261879;-1.084603;3.256994;
AnkleLeft;0.8635908;-1.181488;3.404304;
FootRight;0.6354795;-1.171826;3.300387;
FootLeft;0.737258;-1.196641;3.445871;
Head;0.5783266;0.4917555;3.426597;
ShoulderCenter;0.696344;0.3039006;3.406862;
ShoulderRight;0.7371424;0.1709926;3.274383;
ShoulderLeft;0.587243;0.1306134;3.489188;
ElbowRight;0.7777851;-0.1179721;3.170752;
ElbowLeft;0.5554258;-0.1640546;3.43692;
WristRight;0.741569;-0.3548087;3.134488;
WristLeft;0.5348408;-0.3371656;3.597458;
HandRight;0.748965;-0.4260505;3.13143;
HandLeft;0.5107596;-0.4082651;3.652775;
Spine;0.6410243;-0.08943454;3.367491;
HipCenter;0.6294817;-0.1682412;3.36327;
HipRight;0.660981;-0.2262927;3.296232;
HipLeft;0.5822253;-0.2252098;3.415241;
KneeRight;0.520489;-0.7287928;3.266499;
KneeLeft;0.7506831;-0.7854874;3.46017;
AnkleRight;0.6399633;-1.120031;3.273333;
AnkleLeft;0.7905683;-1.145759;3.384318;
FootRight;0.5516295;-1.169015;3.242794;
FootLeft;0.7307721;-1.211998;3.344652;
Head;0.5452666;0.4999458;3.406399;
ShoulderCenter;0.6532805;0.3087524;3.404438;
ShoulderRight;0.694112;0.1647854;3.265006;
ShoulderLeft;0.5553825;0.1349905;3.487325;
ElbowRight;0.7521565;-0.1163615;3.164089;
ElbowLeft;0.5235653;-0.1596776;3.435103;
WristRight;0.7146862;-0.3387567;3.124447;
WristLeft;0.4947066;-0.334956;3.666417;
HandRight;0.7300704;-0.4284637;3.12577;
HandLeft;0.4654987;-0.3972633;3.684486;
Spine;0.5957139;-0.08724989;3.365574;
HipCenter;0.5845953;-0.1664877;3.361389;
HipRight;0.6096822;-0.2223608;3.302096;
HipLeft;0.5430009;-0.2242996;3.40761;
KneeRight;0.4702069;-0.723316;3.262431;
KneeLeft;0.7342693;-0.7810352;3.456881;
AnkleRight;0.4981111;-1.095431;3.219722;
AnkleLeft;0.7845839;-1.152469;3.388146;
FootRight;0.4279249;-1.162397;3.216923;
FootLeft;0.6837386;-1.187676;3.414183;
Head;0.4868445;0.4725584;3.393704;
ShoulderCenter;0.6219969;0.3036572;3.408345;
ShoulderRight;0.656238;0.1566328;3.262991;
ShoulderLeft;0.5107087;0.1335642;3.488484;
ElbowRight;0.7224696;-0.1130658;3.157314;
ElbowLeft;0.4788915;-0.1611038;3.436291;
WristRight;0.6988829;-0.342142;3.121882;
WristLeft;0.4474959;-0.3378034;3.668255;
HandRight;0.704453;-0.4293261;3.117658;
HandLeft;0.4576994;-0.4012429;3.697143;
Spine;0.5759577;-0.08955601;3.359404;
HipCenter;0.5658551;-0.1683911;3.353411;
HipRight;0.592369;-0.2203669;3.291731;
HipLeft;0.5226938;-0.2322699;3.397917;
KneeRight;0.4671457;-0.7264448;3.268331;
KneeLeft;0.7254199;-0.7749364;3.458648;
AnkleRight;0.3841905;-1.096327;3.230519;
AnkleLeft;0.7842811;-1.151969;3.388891;
FootRight;0.2725523;-1.163479;3.245405;
FootLeft;0.70332;-1.190211;3.484687;
Head;0.4508305;0.4750427;3.422045;
ShoulderCenter;0.5728369;0.2871037;3.397287;
ShoulderRight;0.6090798;0.1481224;3.255044;
ShoulderLeft;0.4685983;0.1188248;3.476977;
ElbowRight;0.6907991;-0.1165682;3.147509;
ElbowLeft;0.4367811;-0.1758433;3.424802;
WristRight;0.6631914;-0.3408306;3.117912;
WristLeft;0.4159043;-0.3228633;3.678235;
HandRight;0.6695429;-0.4365925;3.111639;
HandLeft;0.3653379;-0.3919339;3.696403;
Spine;0.5261823;-0.09227173;3.353553;
HipCenter;0.5175784;-0.1681505;3.348438;
HipRight;0.5411997;-0.2218638;3.268435;
HipLeft;0.4742744;-0.2626576;3.407624;
KneeRight;0.4073967;-0.7162961;3.269498;
KneeLeft;0.5893714;-0.7430195;3.389915;
AnkleRight;0.297239;-1.083651;3.226471;
AnkleLeft;0.7915156;-1.14282;3.401653;
FootRight;0.1817581;-1.133473;3.251753;
FootLeft;0.7135208;-1.191429;3.47251;
Head;0.4105281;0.4741013;3.434204;
ShoulderCenter;0.5254151;0.2814073;3.377675;
ShoulderRight;0.5772675;0.1479484;3.25231;
ShoulderLeft;0.4194145;0.1125116;3.456886;
ElbowRight;0.6372509;-0.1461089;3.153438;
ElbowLeft;0.3875973;-0.1821564;3.404652;
WristRight;0.6177648;-0.3729451;3.130716;
WristLeft;0.3638233;-0.3245849;3.66237;
HandRight;0.6452644;-0.4413939;3.111206;
HandLeft;0.3170299;-0.4037532;3.679258;
Spine;0.477107;-0.1336086;3.351794;
HipCenter;0.4674454;-0.2166118;3.350183;
HipRight;0.4939975;-0.2568109;3.30013;
HipLeft;0.4277986;-0.2889093;3.390732;
KneeRight;0.4846808;-0.745768;3.312793;
KneeLeft;0.5671831;-0.7601972;3.391534;
AnkleRight;0.2127639;-1.085548;3.242555;
AnkleLeft;0.7920032;-1.135812;3.401529;
FootRight;0.1054749;-1.131151;3.263232;
FootLeft;0.6972882;-1.192664;3.474805;
Head;0.3729059;0.4634504;3.45691;
ShoulderCenter;0.4930721;0.2759326;3.380181;
ShoulderRight;0.5334507;0.1412902;3.252038;
ShoulderLeft;0.3870714;0.1070369;3.459391;
ElbowRight;0.5924081;-0.1526774;3.154222;
ElbowLeft;0.3488652;-0.1977168;3.412156;
WristRight;0.5814488;-0.3886752;3.113183;
WristLeft;0.3320665;-0.3390018;3.670408;
HandRight;0.5947431;-0.4568929;3.105458;
HandLeft;0.2952929;-0.3982296;3.664945;
Spine;0.4650267;-0.1372978;3.346306;
HipCenter;0.457746;-0.2201093;3.343683;
HipRight;0.4894946;-0.2569477;3.296354;
HipLeft;0.4160264;-0.2919062;3.380613;
KneeRight;0.4700963;-0.7441404;3.307948;
KneeLeft;0.5657563;-0.7586844;3.393501;
AnkleRight;0.1617678;-1.09591;3.256157;
AnkleLeft;0.7227111;-1.073532;3.415859;
FootRight;0.04380668;-1.138696;3.28782;
FootLeft;0.6695598;-1.173949;3.483889;
Head;0.315429;0.4525877;3.423512;
ShoulderCenter;0.4477882;0.2704259;3.37562;
ShoulderRight;0.4895944;0.1389025;3.252799;
ShoulderLeft;0.3417876;0.1015302;3.45483;
ElbowRight;0.5276357;-0.106816;3.142421;
ElbowLeft;0.3115763;-0.2001929;3.380089;
WristRight;0.5278679;-0.3543797;3.111553;
WristLeft;0.2886707;-0.3407755;3.637115;
HandRight;0.5474767;-0.4466967;3.103066;
HandLeft;0.2517094;-0.3945086;3.662649;
Spine;0.4000405;-0.1402726;3.35161;
HipCenter;0.3908912;-0.2223636;3.35042;
HipRight;0.4178832;-0.2592783;3.304945;
HipLeft;0.3518495;-0.2935631;3.387204;
KneeRight;0.3744186;-0.7432903;3.292488;
KneeLeft;0.5646585;-0.7541214;3.415794;
AnkleRight;0.161634;-1.09644;3.257865;
AnkleLeft;0.7834982;-1.095951;3.411706;
FootRight;0.0431466;-1.140195;3.286525;
FootLeft;0.777065;-1.19252;3.476389;
Head;0.2846139;0.4614868;3.381254;
ShoulderCenter;0.4007643;0.272397;3.378901;
ShoulderRight;0.4449984;0.1460903;3.259002;
ShoulderLeft;0.2947637;0.1035013;3.458112;
ElbowRight;0.4996058;-0.1178622;3.144853;
ElbowLeft;0.2672535;-0.1980213;3.383485;
WristRight;0.4801548;-0.3632796;3.105303;
WristLeft;0.2445632;-0.3518726;3.632739;
HandRight;0.4890009;-0.4555357;3.089072;
HandLeft;0.2407652;-0.4087104;3.672632;
Spine;0.3791348;-0.1377518;3.34988;
HipCenter;0.3733881;-0.2198564;3.348072;
HipRight;0.4085059;-0.2564856;3.301657;
HipLeft;0.3284176;-0.2894251;3.385847;
KneeRight;0.3586415;-0.738981;3.294009;
KneeLeft;0.558835;-0.7544878;3.422894;
AnkleRight;0.1599411;-1.0971;3.261118;
AnkleLeft;0.7821707;-1.095446;3.412674;
FootRight;0.03927486;-1.145995;3.286971;
FootLeft;0.6950929;-1.16943;3.480226;
Head;0.2394247;0.4551497;3.383176;
ShoulderCenter;0.3714681;0.2755485;3.37498;
ShoulderRight;0.4165052;0.1331647;3.253466;
ShoulderLeft;0.2654675;0.1066528;3.454191;
ElbowRight;0.4351333;-0.1064941;3.144335;
ElbowLeft;0.2360843;-0.1938518;3.379596;
WristRight;0.4287531;-0.3560247;3.137319;
WristLeft;0.2147382;-0.360833;3.619821;
HandRight;0.439085;-0.4455546;3.110265;
HandLeft;0.1841338;-0.4156106;3.649821;
Spine;0.3228532;-0.1400478;3.342279;
HipCenter;0.3148677;-0.223354;3.33955;
HipRight;0.3441153;-0.260159;3.294349;
HipLeft;0.2754357;-0.2927939;3.374372;
KneeRight;0.3201466;-0.7426226;3.288973;
KneeLeft;0.5057755;-0.7553269;3.442745;
AnkleRight;0.1556635;-1.098005;3.265537;
AnkleLeft;0.748291;-1.081728;3.415765;
FootRight;0.04460032;-1.159728;3.302816;
FootLeft;0.6755745;-1.161409;3.492561;
Head;0.1950107;0.4643163;3.391923;
ShoulderCenter;0.3262686;0.2811813;3.36128;
ShoulderRight;0.3740542;0.1370146;3.246767;
ShoulderLeft;0.220268;0.1122857;3.440491;
ElbowRight;0.3838736;-0.1485861;3.15415;
ElbowLeft;0.1922786;-0.1876144;3.366282;
WristRight;0.3123531;-0.4114399;3.148644;
WristLeft;0.1740329;-0.3569559;3.604188;
HandRight;0.374228;-0.4772413;3.12309;
HandLeft;0.1576072;-0.4124877;3.642401;
Spine;0.2899513;-0.1273769;3.344513;
HipCenter;0.2806545;-0.2085039;3.344539;
HipRight;0.30417;-0.2525547;3.29269;
HipLeft;0.2449395;-0.2866723;3.387486;
KneeRight;0.2964359;-0.7336938;3.293816;
KneeLeft;0.4728051;-0.7952391;3.464386;
AnkleRight;0.1479923;-1.095018;3.261795;
AnkleLeft;0.7165326;-1.074701;3.430444;
FootRight;0.08590787;-1.163165;3.296931;
FootLeft;0.6675125;-1.171893;3.507688;
Head;0.150551;0.4643063;3.436351;
ShoulderCenter;0.2892557;0.2886522;3.368446;
ShoulderRight;0.3271766;0.1451279;3.250985;
ShoulderLeft;0.1832552;0.1197565;3.447657;
ElbowRight;0.320211;-0.1525465;3.164672;
ElbowLeft;0.1543344;-0.1787296;3.373686;
WristRight;0.2741326;-0.3715429;3.137009;
WristLeft;0.1339222;-0.3480391;3.609914;
HandRight;0.2854515;-0.4451054;3.114486;
HandLeft;0.1058691;-0.3996415;3.645766;
Spine;0.2393651;-0.1344887;3.333615;
HipCenter;0.2304213;-0.2193257;3.330004;
HipRight;0.2548753;-0.2586649;3.281131;
HipLeft;0.1944734;-0.2890108;3.367297;
KneeRight;0.2491999;-0.7365208;3.315965;
KneeLeft;0.43732;-0.8281853;3.471767;
AnkleRight;0.1460702;-1.096203;3.260615;
AnkleLeft;0.6893015;-1.071194;3.402371;
FootRight;0.0861574;-1.165047;3.29694;
FootLeft;0.6092435;-1.133425;3.488274;
Head;0.1223736;0.4868852;3.424387;
ShoulderCenter;0.2457522;0.2991491;3.373097;
ShoulderRight;0.2775071;0.1517778;3.248875;
ShoulderLeft;0.1397516;0.1302534;3.452307;
ElbowRight;0.2793249;-0.1088774;3.151557;
ElbowLeft;0.1117502;-0.167165;3.378479;
WristRight;0.2207615;-0.3970959;3.132216;
WristLeft;0.09296929;-0.337055;3.613114;
HandRight;0.2115382;-0.4635548;3.117033;
HandLeft;0.07401591;-0.3927086;3.648833;
Spine;0.2083054;-0.1385007;3.33719;
HipCenter;0.1994525;-0.225765;3.333697;
HipRight;0.22374;-0.2574601;3.296344;
HipLeft;0.1659211;-0.2872758;3.362426;
KneeRight;0.1896106;-0.735185;3.30011;
KneeLeft;0.4018914;-0.822348;3.480971;
AnkleRight;0.1342686;-1.09755;3.254231;
AnkleLeft;0.6367155;-1.072455;3.383305;
FootRight;0.08010986;-1.168338;3.294631;
FootLeft;0.5429307;-1.101452;3.472144;
Head;0.1056839;0.4357653;3.401415;
ShoulderCenter;0.1965248;0.2339172;3.375987;
ShoulderRight;0.2321209;0.1585421;3.244283;
ShoulderLeft;0.09052418;0.06502154;3.455197;
ElbowRight;0.2238558;-0.1040977;3.149395;
ElbowLeft;0.0623049;-0.2306349;3.38182;
WristRight;0.1499459;-0.3666863;3.14736;
WristLeft;0.04279005;-0.4003448;3.614469;
HandRight;0.1281546;-0.4551554;3.130879;
HandLeft;0.01982098;-0.4540949;3.650064;
Spine;0.1578869;-0.1543019;3.347247;
HipCenter;0.1501593;-0.2319457;3.345029;
HipRight;0.1713802;-0.2661614;3.308801;
HipLeft;0.1200021;-0.2972326;3.371338;
KneeRight;0.1649995;-0.7435981;3.288549;
KneeLeft;0.3391024;-0.8412635;3.522032;
AnkleRight;0.1353923;-1.096348;3.255173;
AnkleLeft;0.5592109;-1.074599;3.360706;
FootRight;0.06963744;-1.167518;3.246501;
FootLeft;0.492757;-1.013574;3.401813;
Head;0.05332652;0.5013856;3.39465;
ShoulderCenter;0.1645046;0.3147885;3.374569;
ShoulderRight;0.2087028;0.1627385;3.243626;
ShoulderLeft;0.05850396;0.1458928;3.453779;
ElbowRight;0.1664971;-0.1038787;3.152393;
ElbowLeft;0.03036335;-0.1489393;3.380507;
WristRight;0.08229734;-0.337661;3.131217;
WristLeft;0.01085963;-0.3186632;3.612116;
HandRight;0.04689301;-0.4209442;3.112916;
HandLeft;-0.01204395;-0.3722601;3.64761;
Spine;0.1461445;-0.1443757;3.340695;
HipCenter;0.1419583;-0.2299294;3.338963;
HipRight;0.1693765;-0.2608269;3.301332;
HipLeft;0.1031811;-0.2907716;3.366113;
KneeRight;0.1438149;-0.737258;3.284614;
KneeLeft;0.2678204;-0.8184736;3.438913;
AnkleRight;0.139081;-1.10069;3.259388;
AnkleLeft;0.4907319;-1.080299;3.38488;
FootRight;0.07362119;-1.17139;3.248049;
FootLeft;0.3812438;-1.026599;3.389944;
Head;0.03926293;0.5133397;3.397794;
ShoulderCenter;0.1375505;0.318144;3.365434;
ShoulderRight;0.159326;0.1715141;3.236889;
ShoulderLeft;0.03154989;0.1492483;3.444644;
ElbowRight;0.108569;-0.1133302;3.141428;
ElbowLeft;0.003438894;-0.1452735;3.371399;
WristRight;0.006334544;-0.3348783;3.126727;
WristLeft;-0.01606053;-0.3150015;3.602613;
HandRight;-0.03808445;-0.4140433;3.111993;
HandLeft;-0.03887363;-0.3683866;3.637967;
Spine;0.106811;-0.1340072;3.349119;
HipCenter;0.1011564;-0.2239355;3.35005;
HipRight;0.1371042;-0.251673;3.314098;
HipLeft;0.06161647;-0.2794197;3.380888;
KneeRight;0.1274713;-0.7304124;3.283522;
KneeLeft;-0.03954028;-0.7361552;3.452312;
AnkleRight;0.1488433;-1.088865;3.266738;
AnkleLeft;0.2782926;-1.022927;3.377249;
FootRight;0.0847153;-1.159675;3.25039;
FootLeft;0.2436569;-1.112982;3.368077;
Head;-0.003960795;0.426396;3.398256;
ShoulderCenter;0.08411991;0.1824865;3.345903;
ShoulderRight;0.1193587;0.1652619;3.233723;
ShoulderLeft;-0.02188069;0.01359078;3.425114;
ElbowRight;0.05257332;-0.1094821;3.131124;
ElbowLeft;-0.04992647;-0.2802477;3.351938;
WristRight;-0.07225331;-0.3207545;3.110818;
WristLeft;-0.06941624;-0.4499826;3.582283;
HandRight;-0.1191247;-0.397884;3.096306;
HandLeft;-0.09209304;-0.5030488;3.617426;
Spine;0.06683782;-0.1778499;3.350277;
HipCenter;0.06634957;-0.2478756;3.354335;
HipRight;0.083671;-0.2896799;3.335955;
HipLeft;0.04007504;-0.3138668;3.372822;
KneeRight;0.1216722;-0.7554193;3.268697;
KneeLeft;-0.08853237;-0.7537886;3.463562;
AnkleRight;0.1471831;-1.088779;3.265114;
AnkleLeft;0.2115567;-1.103797;3.356448;
FootRight;0.08407241;-1.160536;3.250316;
FootLeft;0.1274408;-1.151214;3.296293;
Head;-0.03225983;0.4341061;3.408975;
ShoulderCenter;0.04981976;0.2116722;3.360765;
ShoulderRight;0.07969332;0.1678296;3.235829;
ShoulderLeft;-0.05618085;0.04277651;3.439976;
ElbowRight;0.009573067;-0.09146013;3.120676;
ElbowLeft;-0.08411138;-0.2498546;3.366951;
WristRight;-0.1388682;-0.3112448;3.093496;
WristLeft;-0.1035834;-0.4195943;3.59578;
HandRight;-0.1824039;-0.3816721;3.093941;
HandLeft;-0.1260946;-0.472273;3.630666;
Spine;0.02255712;-0.1756442;3.360842;
HipCenter;0.01475856;-0.2531394;3.364921;
HipRight;0.03497538;-0.2865184;3.360845;
HipLeft;-0.01159628;-0.3034881;3.367064;
KneeRight;0.1107686;-0.7384632;3.261322;
KneeLeft;-0.1129554;-0.7444123;3.464548;
AnkleRight;0.1466388;-1.088917;3.264708;
AnkleLeft;0.0125626;-1.094238;3.408717;
FootRight;0.08324894;-1.158488;3.250652;
FootLeft;0.004355728;-1.178395;3.452379;
Head;-0.08397418;0.4527608;3.413469;
ShoulderCenter;-0.002307126;0.2379065;3.367307;
ShoulderRight;0.04916817;0.170501;3.231514;
ShoulderLeft;-0.1083077;0.06901082;3.446518;
ElbowRight;-0.04761073;-0.09346834;3.12227;
ElbowLeft;-0.136124;-0.2224229;3.373639;
WristRight;-0.2113833;-0.3069598;3.090341;
WristLeft;-0.1555776;-0.3921584;3.600966;
HandRight;-0.2526712;-0.3746207;3.09884;
HandLeft;-0.1779223;-0.4444476;3.635594;
Spine;-0.004561595;-0.1491247;3.352934;
HipCenter;-0.005205538;-0.2276119;3.354526;
HipRight;0.01199688;-0.2656496;3.319264;
HipLeft;-0.02411871;-0.2925795;3.373965;
KneeRight;0.07740266;-0.7237122;3.269331;
KneeLeft;-0.1186266;-0.7627124;3.454433;
AnkleRight;0.1420437;-1.094506;3.265116;
AnkleLeft;-0.05936557;-1.11383;3.417772;
FootRight;0.07733662;-1.161534;3.249474;
FootLeft;-0.1295685;-1.173097;3.459884;
Head;-0.1249194;0.4326301;3.39391;
ShoulderCenter;-0.0432566;0.1588147;3.361023;
ShoulderRight;0.01667878;0.1655966;3.232529;
ShoulderLeft;-0.1492572;-0.01008096;3.440233;
ElbowRight;-0.09655269;-0.09015732;3.109253;
ElbowLeft;-0.1769988;-0.300733;3.367437;
WristRight;-0.2574355;-0.2972232;3.092717;
WristLeft;-0.1964399;-0.470461;3.593778;
HandRight;-0.3148344;-0.3603526;3.096925;
HandLeft;-0.2186465;-0.5224268;3.628192;
Spine;-0.04048238;-0.1701887;3.357652;
HipCenter;-0.03668945;-0.2363268;3.359847;
HipRight;-0.02609333;-0.2914332;3.334576;
HipLeft;-0.05613545;-0.3096244;3.381413;
KneeRight;0.0621524;-0.7385066;3.261455;
KneeLeft;-0.1484187;-0.8330306;3.449512;
AnkleRight;0.1416184;-1.093146;3.264441;
AnkleLeft;-0.162269;-1.115421;3.423607;
FootRight;0.08188838;-1.164681;3.252088;
FootLeft;-0.2781838;-1.159068;3.445771;
Head;-0.1488071;0.4463357;3.396906;
ShoulderCenter;-0.07331456;0.199251;3.358425;
ShoulderRight;-0.03288746;0.1583502;3.223826;
ShoulderLeft;-0.1793152;0.03035533;3.437636;
ElbowRight;-0.1381541;-0.09008514;3.102646;
ElbowLeft;-0.2069719;-0.2594071;3.364933;
WristRight;-0.3130727;-0.2920231;3.094406;
WristLeft;-0.2263983;-0.4291217;3.590156;
HandRight;-0.3730439;-0.3558344;3.111136;
HandLeft;-0.2485144;-0.4808756;3.624429;
Spine;-0.08030758;-0.1485486;3.360304;
HipCenter;-0.08407123;-0.2168234;3.364389;
HipRight;-0.06544544;-0.2691085;3.330546;
HipLeft;-0.1039469;-0.2886353;3.395895;
KneeRight;0.01752156;-0.7181729;3.273136;
KneeLeft;-0.2401781;-0.8248133;3.46588;
AnkleRight;0.1410984;-1.0927;3.2668;
AnkleLeft;-0.300633;-1.159889;3.432544;
FootRight;0.08830561;-1.169844;3.255216;
FootLeft;-0.4152877;-1.167436;3.487661;
Head;-0.2121121;0.4128271;3.399082;
ShoulderCenter;-0.1213673;0.1589101;3.365465;
ShoulderRight;-0.06023327;0.1523401;3.229885;
ShoulderLeft;-0.2273679;-0.009985596;3.444675;
ElbowRight;-0.1735332;-0.09146704;3.103983;
ElbowLeft;-0.2549538;-0.2990064;3.372042;
WristRight;-0.3665983;-0.2896785;3.100662;
WristLeft;-0.2743677;-0.4687061;3.596328;
HandRight;-0.4200653;-0.3449093;3.114589;
HandLeft;-0.2963257;-0.5200903;3.630357;
Spine;-0.1217543;-0.1768517;3.361113;
HipCenter;-0.1192119;-0.2421184;3.363856;
HipRight;-0.102125;-0.2900698;3.351074;
HipLeft;-0.1387643;-0.3060336;3.372613;
KneeRight;-0.008689664;-0.7317747;3.279894;
KneeLeft;-0.2773877;-0.9242069;3.464729;
AnkleRight;0.1303889;-1.083307;3.259571;
AnkleLeft;-0.4298159;-1.119022;3.460514;
FootRight;0.09002368;-1.168182;3.258511;
FootLeft;-0.521399;-1.134533;3.474873;
Head;-0.2870392;0.479793;3.41484;
ShoulderCenter;-0.166145;0.2979512;3.361234;
ShoulderRight;-0.1307102;0.1624267;3.232753;
ShoulderLeft;-0.2721457;0.1290555;3.440445;
ElbowRight;-0.2017106;-0.07652673;3.104533;
ElbowLeft;-0.2996692;-0.1593117;3.367836;
WristRight;-0.4083653;-0.2825953;3.115827;
WristLeft;-0.3190718;-0.3289954;3.59128;
HandRight;-0.4732707;-0.3446118;3.143705;
HandLeft;-0.3408634;-0.3799901;3.62505;
Spine;-0.1665426;-0.1444227;3.330554;
HipCenter;-0.1666221;-0.2328975;3.327991;
HipRight;-0.1408495;-0.2685484;3.296673;
HipLeft;-0.1924714;-0.282667;3.351607;
KneeRight;-0.02381535;-0.7269537;3.27034;
KneeLeft;-0.285081;-0.7543098;3.473329;
AnkleRight;0.1268629;-1.082021;3.25955;
AnkleLeft;-0.5124472;-1.104434;3.46871;
FootRight;0.08499976;-1.165777;3.253377;
FootLeft;-0.6355133;-1.111799;3.499022;
Head;-0.2816114;0.4922349;3.406498;
ShoulderCenter;-0.1916174;0.2933621;3.373501;
ShoulderRight;-0.1598693;0.1547626;3.234776;
ShoulderLeft;-0.297618;0.1244665;3.452712;
ElbowRight;-0.2664766;-0.09919247;3.108059;
ElbowLeft;-0.3250839;-0.163297;3.380276;
WristRight;-0.4371315;-0.2925834;3.119021;
WristLeft;-0.3444758;-0.3329636;3.603018;
HandRight;-0.5051005;-0.345331;3.135256;
HandLeft;-0.3661951;-0.3837892;3.636676;
Spine;-0.2190134;-0.1631629;3.338851;
HipCenter;-0.2228663;-0.2541749;3.334688;
HipRight;-0.2009996;-0.2859514;3.303337;
HipLeft;-0.2482001;-0.3042991;3.357434;
KneeRight;-0.05375643;-0.7335307;3.260252;
KneeLeft;-0.3428747;-0.7615738;3.472302;
AnkleRight;0.1227157;-1.078998;3.259879;
AnkleLeft;-0.5192809;-1.109299;3.471894;
FootRight;0.08712427;-1.165547;3.2554;
FootLeft;-0.6428884;-1.126157;3.494341;
Head;-0.3633873;0.4638062;3.394244;
ShoulderCenter;-0.2432298;0.2862343;3.394563;
ShoulderRight;-0.1885268;0.1478299;3.239592;
ShoulderLeft;-0.3492304;0.1173386;3.473774;
ElbowRight;-0.2972111;-0.1050995;3.112875;
ElbowLeft;-0.3766829;-0.1702845;3.401304;
WristRight;-0.4876087;-0.2937993;3.126927;
WristLeft;-0.3960723;-0.3399469;3.623846;
HandRight;-0.5381142;-0.3530787;3.140213;
HandLeft;-0.4176769;-0.3905039;3.657327;
Spine;-0.2283457;-0.1585981;3.325251;
HipCenter;-0.2300838;-0.2468984;3.312944;
HipRight;-0.1991393;-0.275462;3.276371;
HipLeft;-0.2628703;-0.2976679;3.329383;
KneeRight;-0.07902439;-0.7400892;3.259433;
KneeLeft;-0.4025903;-0.76929;3.48179;
AnkleRight;0.1168639;-1.081644;3.261342;
AnkleLeft;-0.5211301;-1.10858;3.46966;
FootRight;0.07184304;-1.163384;3.254039;
FootLeft;-0.643583;-1.129434;3.494319;
Head;-0.4114566;0.466765;3.417166;
ShoulderCenter;-0.2827982;0.2903278;3.388152;
ShoulderRight;-0.242848;0.1387455;3.247409;
ShoulderLeft;-0.3887988;0.1214321;3.467362;
ElbowRight;-0.3303231;-0.1099387;3.122299;
ElbowLeft;-0.4162133;-0.1657925;3.394835;
WristRight;-0.5094081;-0.3018733;3.125554;
WristLeft;-0.4355955;-0.3354419;3.616827;
HandRight;-0.5679661;-0.3658063;3.120968;
HandLeft;-0.4571324;-0.3858407;3.650203;
Spine;-0.3051534;-0.1468844;3.355047;
HipCenter;-0.3087279;-0.2344196;3.352162;
HipRight;-0.2853838;-0.2772546;3.310242;
HipLeft;-0.3363251;-0.2957389;3.384188;
KneeRight;-0.1561328;-0.7421139;3.271304;
KneeLeft;-0.4539022;-0.8338757;3.488284;
AnkleRight;0.1053177;-1.088026;3.263173;
AnkleLeft;-0.5390409;-1.160389;3.467645;
FootRight;0.07172836;-1.173792;3.252116;
FootLeft;-0.6316981;-1.156713;3.47038;
Head;-0.4310677;0.4782176;3.411632;
ShoulderCenter;-0.3229694;0.2889043;3.386975;
ShoulderRight;-0.2915346;0.1399388;3.253259;
ShoulderLeft;-0.42897;0.1200086;3.466186;
ElbowRight;-0.3638237;-0.1082031;3.127212;
ElbowLeft;-0.4563372;-0.1667208;3.393806;
WristRight;-0.538975;-0.3217769;3.12156;
WristLeft;-0.4757103;-0.3363529;3.615228;
HandRight;-0.58015;-0.3770356;3.118526;
HandLeft;-0.4971057;-0.3864204;3.648385;
Spine;-0.3407264;-0.1546245;3.353605;
HipCenter;-0.3450307;-0.2434816;3.3505;
HipRight;-0.3210353;-0.278009;3.316283;
HipLeft;-0.3716347;-0.2978044;3.376223;
KneeRight;-0.2066147;-0.7484948;3.268654;
KneeLeft;-0.4619039;-0.8339281;3.486251;
AnkleRight;0.05855054;-1.063725;3.26449;
AnkleLeft;-0.542393;-1.160661;3.463701;
FootRight;0.03448296;-1.152524;3.272334;
FootLeft;-0.6344249;-1.156803;3.470124;
Head;-0.5084335;0.4765003;3.444181;
ShoulderCenter;-0.3790592;0.2999763;3.403549;
ShoulderRight;-0.333097;0.14417;3.263593;
ShoulderLeft;-0.4850598;0.1310806;3.482759;
ElbowRight;-0.4024404;-0.1092672;3.137708;
ElbowLeft;-0.5123954;-0.1553174;3.41034;
WristRight;-0.5469142;-0.324303;3.125519;
WristLeft;-0.5317624;-0.324937;3.631309;
HandRight;-0.590888;-0.3959767;3.125714;
HandLeft;-0.553072;-0.3748036;3.664333;
Spine;-0.4048535;-0.1736861;3.36238;
HipCenter;-0.4100124;-0.2684186;3.357733;
HipRight;-0.3809778;-0.2891327;3.345462;
HipLeft;-0.4428023;-0.3166631;3.362666;
KneeRight;-0.285151;-0.7382327;3.269771;
KneeLeft;-0.5035349;-0.8479815;3.487797;
AnkleRight;0.001670306;-1.046392;3.274466;
AnkleLeft;-0.5401644;-1.114842;3.464954;
FootRight;-0.005477333;-1.161401;3.323209;
FootLeft;-0.6113393;-1.184298;3.493597;
Head;-0.4891706;0.4487256;3.447535;
ShoulderCenter;-0.4134814;0.245383;3.398411;
ShoulderRight;-0.383144;0.1553393;3.269801;
ShoulderLeft;-0.5194821;0.07648733;3.477621;
ElbowRight;-0.4213956;-0.1064552;3.151311;
ElbowLeft;-0.5467666;-0.2093752;3.405241;
WristRight;-0.5536867;-0.3263393;3.134987;
WristLeft;-0.5661235;-0.3789732;3.625534;
HandRight;-0.5908;-0.4037769;3.13258;
HandLeft;-0.5874339;-0.4288418;3.658559;
Spine;-0.420849;-0.1770165;3.345279;
HipCenter;-0.425158;-0.2647224;3.33696;
HipRight;-0.4031573;-0.2873697;3.300443;
HipLeft;-0.4528804;-0.3185364;3.352716;
KneeRight;-0.3690299;-0.7489931;3.266056;
KneeLeft;-0.5249721;-0.8413838;3.464368;
AnkleRight;-0.06302591;-1.013032;3.27396;
AnkleLeft;-0.5548339;-1.126231;3.467749;
FootRight;-0.05858939;-1.126143;3.328852;
FootLeft;-0.6174479;-1.191063;3.490616;
Head;-0.5451565;0.4351105;3.442421;
ShoulderCenter;-0.4603152;0.2366341;3.39278;
ShoulderRight;-0.4139033;0.1624003;3.273281;
ShoulderLeft;-0.5663159;0.06773839;3.47199;
ElbowRight;-0.4603809;-0.1094346;3.171526;
ElbowLeft;-0.5935003;-0.2170752;3.399889;
WristRight;-0.5621222;-0.3401933;3.144035;
WristLeft;-0.612837;-0.3866259;3.618959;
HandRight;-0.5980673;-0.4172353;3.132835;
HandLeft;-0.6341088;-0.4364038;3.651924;
Spine;-0.4409548;-0.1785778;3.329694;
HipCenter;-0.4388739;-0.2632073;3.321719;
HipRight;-0.4060847;-0.2855232;3.294936;
HipLeft;-0.4734732;-0.3245314;3.331333;
KneeRight;-0.4149522;-0.7330971;3.280336;
KneeLeft;-0.5269865;-0.8637652;3.411407;
AnkleRight;-0.176207;-0.9739844;3.268009;
AnkleLeft;-0.555803;-1.12578;3.467583;
FootRight;-0.1443435;-1.094545;3.283275;
FootLeft;-0.6187677;-1.190978;3.48776;
Head;-0.6107163;0.5059791;3.420441;
ShoulderCenter;-0.4993663;0.3264044;3.422036;
ShoulderRight;-0.4656853;0.168806;3.284684;
ShoulderLeft;-0.605367;0.1575087;3.501246;
ElbowRight;-0.4846692;-0.110171;3.182653;
ElbowLeft;-0.6325219;-0.1269962;3.429162;
WristRight;-0.5648738;-0.3336091;3.141619;
WristLeft;-0.6518526;-0.2965316;3.64784;
HandRight;-0.5941483;-0.3967957;3.128053;
HandLeft;-0.6730239;-0.3460744;3.680649;
Spine;-0.5299551;-0.1437694;3.376171;
HipCenter;-0.5360729;-0.2378041;3.370579;
HipRight;-0.5011578;-0.2650853;3.360087;
HipLeft;-0.5751261;-0.2741302;3.373618;
KneeRight;-0.5544273;-0.7024873;3.272289;
KneeLeft;-0.4494296;-0.6827749;3.48827;
AnkleRight;-0.244785;-0.9720859;3.273187;
AnkleLeft;-0.5522798;-1.122965;3.468962;
FootRight;-0.2389522;-1.067876;3.275681;
FootLeft;-0.6191787;-1.185998;3.478119;
Head;-0.6237411;0.4378485;3.449044;
ShoulderCenter;-0.5294573;0.232114;3.40482;
ShoulderRight;-0.4821743;0.166569;3.278496;
ShoulderLeft;-0.5693393;0.183963;3.248698;
ElbowRight;-0.5111772;-0.1119042;3.181869;
ElbowLeft;-0.596405;-0.09960738;3.176865;
WristRight;-0.5767001;-0.3416872;3.140961;
WristLeft;-0.615717;-0.2690932;3.394459;
HandRight;-0.5921233;-0.3993502;3.121665;
HandLeft;-0.6367711;-0.3183618;3.427086;
Spine;-0.5023547;-0.1883117;3.393187;
HipCenter;-0.4740987;-0.2596461;3.335072;
HipRight;-0.4496549;-0.270664;3.326336;
HipLeft;-0.4942872;-0.2864279;3.337326;
KneeRight;-0.6371015;-0.686626;3.275445;
KneeLeft;-0.4999527;-0.6936983;3.498553;
AnkleRight;-0.3496137;-0.9749089;3.261968;
AnkleLeft;-0.5546125;-1.116672;3.466432;
FootRight;-0.3379323;-1.066834;3.247545;
FootLeft;-0.6153028;-1.184631;3.477997;
Head;-0.661114;0.4508048;3.44943;
ShoulderCenter;-0.5634792;0.2606879;3.405471;
ShoulderRight;-0.5378885;0.1707035;3.271163;
ShoulderLeft;-0.6033612;0.2125368;3.249349;
ElbowRight;-0.5434704;-0.1114016;3.188426;
ElbowLeft;-0.5971074;-0.0705646;3.172166;
WristRight;-0.5841763;-0.3420706;3.142834;
WristLeft;-0.6063381;-0.1873838;3.419954;
HandRight;-0.5953783;-0.3986316;3.1181;
HandLeft;-0.6273953;-0.2366597;3.452587;
Spine;-0.5295802;-0.1763155;3.399346;
HipCenter;-0.4964935;-0.2506655;3.343711;
HipRight;-0.473438;-0.2635688;3.330711;
HipLeft;-0.5141843;-0.2792807;3.350242;
KneeRight;-0.6969613;-0.6920936;3.274257;
KneeLeft;-0.5363905;-0.7029108;3.486754;
AnkleRight;-0.4604116;-1.010421;3.294306;
AnkleLeft;-0.5720241;-1.100386;3.415199;
FootRight;-0.4425626;-1.096025;3.266946;
FootLeft;-0.5310212;-1.141077;3.324189;
Head;-0.6757119;0.4367058;3.443756;
ShoulderCenter;-0.6035444;0.2367227;3.3948;
ShoulderRight;-0.5597352;0.1694441;3.273333;
ShoulderLeft;-0.6434264;0.1885717;3.238678;
ElbowRight;-0.5609491;-0.1119279;3.183785;
ElbowLeft;-0.5777271;-0.0530271;3.175822;
WristRight;-0.5955161;-0.341708;3.140174;
WristLeft;-0.5882652;-0.1265928;3.439503;
HandRight;-0.5969889;-0.3975831;3.111693;
HandLeft;-0.6093196;-0.1758621;3.472131;
Spine;-0.5653833;-0.149679;3.420921;
HipCenter;-0.5323966;-0.2182347;3.373196;
HipRight;-0.5048998;-0.2447857;3.353488;
HipLeft;-0.5487925;-0.2483083;3.386825;
KneeRight;-0.7620791;-0.6989903;3.27446;
KneeLeft;-0.5821972;-0.7266454;3.486522;
AnkleRight;-0.5554323;-1.073184;3.307875;
AnkleLeft;-0.4903381;-1.080101;3.422267;
FootRight;-0.6166421;-1.143564;3.294173;
FootLeft;-0.4508465;-1.122007;3.331012;
Head;-0.7416327;0.4213367;3.433196;
ShoulderCenter;-0.638639;0.2363897;3.396535;
ShoulderRight;-0.6111487;0.1669626;3.276242;
ShoulderLeft;-0.6785209;0.1882386;3.240413;
ElbowRight;-0.5843742;-0.1107779;3.174789;
ElbowLeft;-0.6113467;-0.05291294;3.177799;
WristRight;-0.6356893;-0.3335607;3.155997;
WristLeft;-0.6219035;-0.1266093;3.44202;
HandRight;-0.6091578;-0.380573;3.121069;
HandLeft;-0.6428772;-0.17569;3.474524;
Spine;-0.6269768;-0.1764663;3.401835;
HipCenter;-0.5918217;-0.2495777;3.352784;
HipRight;-0.5691134;-0.271545;3.331748;
HipLeft;-0.6085928;-0.2814539;3.367329;
KneeRight;-0.8267342;-0.7070001;3.277596;
KneeLeft;-0.600628;-0.7253876;3.486036;
AnkleRight;-0.6608197;-1.093502;3.291272;
AnkleLeft;-0.5462595;-1.112949;3.440859;
FootRight;-0.7329739;-1.163768;3.294805;
FootLeft;-0.497068;-1.154722;3.354184;
Head;-0.7785907;0.4234976;3.436641;
ShoulderCenter;-0.6942607;0.2301749;3.394972;
ShoulderRight;-0.6525686;0.1628358;3.274005;
ShoulderLeft;-0.7341427;0.1820239;3.23885;
ElbowRight;-0.612379;-0.1121659;3.17203;
ElbowLeft;-0.6675468;-0.05903859;3.176419;
WristRight;-0.6432638;-0.3420685;3.152331;
WristLeft;-0.6780703;-0.1325024;3.439812;
HandRight;-0.6469295;-0.4232486;3.138019;
HandLeft;-0.6989959;-0.1814703;3.472241;
Spine;-0.7142785;-0.206357;3.37826;
HipCenter;-0.6917572;-0.2839908;3.322167;
HipRight;-0.6700383;-0.2948551;3.326522;
HipLeft;-0.7132894;-0.311456;3.311311;
KneeRight;-0.8792933;-0.6895208;3.276377;
KneeLeft;-0.6268922;-0.7184789;3.476429;
AnkleRight;-0.7937005;-1.112031;3.275985;
AnkleLeft;-0.5473062;-1.113345;3.444488;
FootRight;-0.8658546;-1.182296;3.279518;
FootLeft;-0.506103;-1.154764;3.353909;
Head;-0.8371456;0.5045007;3.422059;
ShoulderCenter;-0.7389228;0.3189708;3.399785;
ShoulderRight;-0.6813838;0.1591174;3.26791;
ShoulderLeft;-0.7788048;0.2708198;3.243663;
ElbowRight;-0.6465881;-0.1202615;3.183481;
ElbowLeft;-0.7397622;-0.01070631;3.174965;
WristRight;-0.6573842;-0.3399231;3.142653;
WristLeft;-0.7374486;-0.164395;3.402998;
HandRight;-0.6776572;-0.4030593;3.131406;
HandLeft;-0.7583023;-0.2131948;3.435315;
Spine;-0.7761385;-0.1126375;3.404424;
HipCenter;-0.7616225;-0.1925667;3.350099;
HipRight;-0.7415763;-0.2438904;3.30153;
HipLeft;-0.7863092;-0.2458179;3.385562;
KneeRight;-0.9042284;-0.6838901;3.281393;
KneeLeft;-0.6685962;-0.6936437;3.463675;
AnkleRight;-0.9127387;-1.094824;3.27661;
AnkleLeft;-0.5491848;-1.099478;3.447203;
FootRight;-0.9848929;-1.16509;3.280143;
FootLeft;-0.5155202;-1.142357;3.353852;
Head;-0.8867099;0.4811111;3.413954;
ShoulderCenter;-0.7642218;0.3133621;3.396152;
ShoulderRight;-0.715809;0.151818;3.265904;
ShoulderLeft;-0.8041038;0.2652111;3.240031;
ElbowRight;-0.6868659;-0.1258047;3.173606;
ElbowLeft;-0.7665427;-0.01603511;3.17299;
WristRight;-0.704024;-0.3360121;3.141194;
WristLeft;-0.7645383;-0.1699762;3.40009;
HandRight;-0.6980286;-0.4018821;3.125336;
HandLeft;-0.7853389;-0.2186517;3.432325;
Spine;-0.7805231;-0.1168974;3.394343;
HipCenter;-0.7583767;-0.19568;3.339119;
HipRight;-0.7379562;-0.2423973;3.298444;
HipLeft;-0.7789589;-0.2469115;3.357875;
KneeRight;-0.9384429;-0.6941919;3.288073;
KneeLeft;-0.6678363;-0.6930134;3.46509;
AnkleRight;-1.035843;-1.089932;3.286602;
AnkleLeft;-0.5517552;-1.099524;3.446571;
FootRight;-1.137495;-1.159896;3.29952;
FootLeft;-0.5099379;-1.141601;3.35645;
Head;-0.9191276;0.472963;3.361862;
ShoulderCenter;-0.8199395;0.3009841;3.385603;
ShoulderRight;-0.768002;0.1431657;3.259142;
ShoulderLeft;-0.8598215;0.252833;3.229481;
ElbowRight;-0.7300259;-0.1320707;3.162256;
ElbowLeft;-0.8218876;-0.02823934;3.16298;
WristRight;-0.73391;-0.3462353;3.135139;
WristLeft;-0.8197347;-0.182153;3.389807;
HandRight;-0.7367492;-0.4300377;3.130099;
HandLeft;-0.8405729;-0.2309165;3.4221;
Spine;-0.8381273;-0.1353862;3.383868;
HipCenter;-0.8141403;-0.2147734;3.330693;
HipRight;-0.7888174;-0.2589481;3.286193;
HipLeft;-0.8383293;-0.2714481;3.361635;
KneeRight;-1.027932;-0.7161765;3.283116;
KneeLeft;-0.675817;-0.7092581;3.467047;
AnkleRight;-1.140553;-1.089542;3.302104;
AnkleLeft;-0.5550998;-1.099073;3.447379;
FootRight;-1.249681;-1.149365;3.299438;
FootLeft;-0.5124109;-1.141505;3.35727;
Head;-0.9524581;0.4715145;3.375812;
ShoulderCenter;-0.8503978;0.2954978;3.382477;
ShoulderRight;-0.8299342;0.1450441;3.24709;
ShoulderLeft;-0.8902798;0.2473468;3.226355;
ElbowRight;-0.7616583;-0.1270932;3.164897;
ElbowLeft;-0.8440269;-0.03142381;3.155943;
WristRight;-0.7742583;-0.3473379;3.132857;
WristLeft;-0.8416708;-0.1732933;3.389533;
HandRight;-0.768636;-0.4304069;3.12209;
HandLeft;-0.8624969;-0.2220281;3.421807;
Spine;-0.8689228;-0.1263646;3.382617;
HipCenter;-0.8418586;-0.2028781;3.331833;
HipRight;-0.8310081;-0.2397035;3.286022;
HipLeft;-0.8544979;-0.2638305;3.363953;
KneeRight;-1.026556;-0.6916195;3.280888;
KneeLeft;-0.6839981;-0.7369708;3.474097;
AnkleRight;-1.187345;-1.086123;3.316861;
AnkleLeft;-0.5630158;-1.103356;3.448673;
FootRight;-1.305288;-1.125749;3.319513;
FootLeft;-0.514236;-1.145975;3.361983;
Head;-0.9993315;0.470818;3.367133;
ShoulderCenter;-0.9049625;0.2895411;3.370112;
ShoulderRight;-0.8509654;0.1432542;3.243187;
ShoulderLeft;-0.9448445;0.2413901;3.21399;
ElbowRight;-0.8156555;-0.1366208;3.171776;
ElbowLeft;-0.8769602;-0.03482485;3.16264;
WristRight;-0.8182677;-0.3469969;3.14241;
WristLeft;-0.8584418;-0.208525;3.373862;
HandRight;-0.8096076;-0.4008376;3.109675;
HandLeft;-0.8792201;-0.2571484;3.406062;
Spine;-0.9128862;-0.1854384;3.370911;
HipCenter;-0.888647;-0.2728097;3.317191;
HipRight;-0.8694797;-0.2936597;3.324326;
HipLeft;-0.9059433;-0.3164478;3.302333;
KneeRight;-1.023944;-0.6966854;3.283951;
KneeLeft;-0.6922562;-0.7415848;3.490152;
AnkleRight;-1.221167;-1.097504;3.325726;
AnkleLeft;-0.5882142;-1.089327;3.444629;
FootRight;-1.341848;-1.129604;3.3293;
FootLeft;-0.6062341;-1.179561;3.452338;
Head;-1.072592;0.4469325;3.35588;
ShoulderCenter;-0.943757;0.2902356;3.365492;
ShoulderRight;-0.8734369;0.14293;3.240702;
ShoulderLeft;-0.9470856;0.163245;3.201756;
ElbowRight;-0.8682294;-0.1388027;3.169488;
ElbowLeft;-0.8520701;-0.05674607;3.327823;
WristRight;-1.004458;-0.3887132;3.170284;
WristLeft;-0.8115403;-0.2077999;3.551715;
HandRight;-1.002802;-0.4673065;3.137512;
HandLeft;-0.8322742;-0.2563193;3.583847;
Spine;-0.9311562;-0.1809508;3.356597;
HipCenter;-0.8994519;-0.2653076;3.303964;
HipRight;-0.8901512;-0.2975218;3.246655;
HipLeft;-0.9119236;-0.3143032;3.319714;
KneeRight;-1.142944;-0.6532556;3.298522;
KneeLeft;-0.8629642;-0.7416559;3.432747;
AnkleRight;-1.237095;-1.090102;3.343383;
AnkleLeft;-0.6119323;-1.059635;3.439601;
FootRight;-1.354294;-1.132893;3.346564;
FootLeft;-0.6279216;-1.157836;3.480467;
Head;-1.086135;0.4738426;3.350315;
ShoulderCenter;-0.9934257;0.2892785;3.342772;
ShoulderRight;-0.9362833;0.1383864;3.230212;
ShoulderLeft;-0.9913945;0.1622027;3.179754;
ElbowRight;-0.9230701;-0.1431318;3.1622;
ElbowLeft;-0.935231;-0.1167069;3.143406;
WristRight;-1.076259;-0.3783256;3.195033;
WristLeft;-0.930907;-0.2523264;3.379233;
HandRight;-1.091654;-0.4804504;3.169256;
HandLeft;-0.9515995;-0.3007488;3.411301;
Spine;-0.9859995;-0.1911515;3.340524;
HipCenter;-0.9382021;-0.27764;3.299271;
HipRight;-0.9228265;-0.3081828;3.255402;
HipLeft;-0.9416586;-0.3222845;3.330134;
KneeRight;-1.123351;-0.6938938;3.32844;
KneeLeft;-0.8827573;-0.7500335;3.440435;
AnkleRight;-1.249852;-1.094534;3.350518;
AnkleLeft;-0.6135677;-1.073565;3.4501;
FootRight;-1.180632;-1.137251;3.278871;
FootLeft;-0.6296721;-1.177746;3.496132;
Head;-1.171463;0.4453893;3.388678;
ShoulderCenter;-1.03666;0.285134;3.338538;
ShoulderRight;-1.001993;0.1288848;3.220627;
ShoulderLeft;-1.071346;0.1298139;3.196496;
ElbowRight;-0.9760534;-0.1511627;3.150849;
ElbowLeft;-1.005082;-0.1446721;3.135198;
WristRight;-0.9997469;-0.3627945;3.117824;
WristLeft;-0.9979978;-0.2823386;3.369507;
HandRight;-0.9927348;-0.4369834;3.119073;
HandLeft;-1.018649;-0.3306639;3.40151;
Spine;-1.003398;-0.2003779;3.360734;
HipCenter;-0.9784346;-0.2918002;3.310828;
HipRight;-0.9598083;-0.3281516;3.268166;
HipLeft;-0.9914621;-0.3368549;3.348365;
KneeRight;-1.17621;-0.6917843;3.332828;
KneeLeft;-0.9244443;-0.7401341;3.465997;
AnkleRight;-1.266611;-1.091708;3.349962;
AnkleLeft;-0.6472958;-1.066036;3.443803;
FootRight;-1.384607;-1.131456;3.352549;
FootLeft;-0.6631616;-1.168871;3.489021;
Head;-1.190013;0.3951276;3.358596;
ShoulderCenter;-1.084289;0.2156957;3.327151;
ShoulderRight;-1.031123;0.1300845;3.212128;
ShoulderLeft;-1.023781;0.09949003;3.151516;
ElbowRight;-1.023337;-0.1514461;3.150499;
ElbowLeft;-0.9576754;-0.1743399;3.090378;
WristRight;-1.065644;-0.3987789;3.124512;
WristLeft;-0.9504907;-0.3120909;3.323901;
HandRight;-1.058632;-0.4729678;3.125761;
HandLeft;-0.9711046;-0.3603296;3.355847;
Spine;-1.08734;-0.1860497;3.304825;
HipCenter;-1.026324;-0.2591465;3.30766;
HipRight;-1.023038;-0.3184613;3.252326;
HipLeft;-1.006849;-0.3236862;3.352353;
KneeRight;-1.182068;-0.7044854;3.33495;
KneeLeft;-0.9821404;-0.7817798;3.478705;
AnkleRight;-1.279447;-1.089412;3.340624;
AnkleLeft;-0.6881499;-1.053751;3.455144;
FootRight;-1.181075;-1.134973;3.3447;
FootLeft;-0.589778;-1.099312;3.459219;
Head;-1.206277;0.4206992;3.360153;
ShoulderCenter;-1.139562;0.2244464;3.327586;
ShoulderRight;-1.081076;0.1456593;3.216747;
ShoulderLeft;-1.079054;0.1082408;3.151952;
ElbowRight;-1.090001;-0.1335782;3.144106;
ElbowLeft;-1.11037;-0.172873;3.11758;
WristRight;-1.163389;-0.4059553;3.151551;
WristLeft;-1.124348;-0.2784728;3.365423;
HandRight;-1.157665;-0.4849243;3.153181;
HandLeft;-1.144923;-0.3266208;3.397309;
Spine;-1.139931;-0.1923558;3.300699;
HipCenter;-1.078397;-0.2678164;3.296168;
HipRight;-1.073375;-0.3173409;3.243721;
HipLeft;-1.070418;-0.3229196;3.338905;
KneeRight;-1.120935;-0.698867;3.416428;
KneeLeft;-1.031565;-0.7832388;3.4962;
AnkleRight;-1.284638;-1.120968;3.376343;
AnkleLeft;-0.7870507;-1.011947;3.458881;
FootRight;-1.186361;-1.165906;3.370064;
FootLeft;-0.6887745;-1.056886;3.452601;
Head;-1.306297;0.4690476;3.354309;
ShoulderCenter;-1.184299;0.302648;3.336744;
ShoulderRight;-1.109505;0.1562942;3.216691;
ShoulderLeft;-1.154479;0.1236742;3.131677;
ElbowRight;-1.145676;-0.1176309;3.125391;
ElbowLeft;-1.155846;-0.1407376;3.107192;
WristRight;-1.206242;-0.3498133;3.122819;
WristLeft;-1.166219;-0.2131555;3.366712;
HandRight;-1.19923;-0.4240023;3.124068;
HandLeft;-1.186858;-0.2614531;3.398697;
Spine;-1.165318;-0.1384829;3.330726;
HipCenter;-1.109161;-0.2160723;3.30124;
HipRight;-1.089857;-0.2840218;3.244522;
HipLeft;-1.108203;-0.2751569;3.34619;
KneeRight;-1.198494;-0.6765131;3.358143;
KneeLeft;-1.078082;-0.7900483;3.50487;
AnkleRight;-1.29399;-1.08934;3.337873;
AnkleLeft;-0.840467;-1.025396;3.46643;
FootRight;-1.209884;-1.132015;3.284348;
FootLeft;-0.7563607;-1.068071;3.412904;
Head;-1.361708;0.4576765;3.386074;
ShoulderCenter;-1.216814;0.3085808;3.342188;
ShoulderRight;-1.155605;0.153403;3.212213;
ShoulderLeft;-1.178055;0.1437668;3.143753;
ElbowRight;-1.204415;-0.1191555;3.120608;
ElbowLeft;-1.168605;-0.1391017;3.102147;
WristRight;-1.304239;-0.3483685;3.118258;
WristLeft;-1.179002;-0.211687;3.362324;
HandRight;-1.325284;-0.4287094;3.121405;
HandLeft;-1.199619;-0.2599333;3.394275;
Spine;-1.197156;-0.1326981;3.316741;
HipCenter;-1.136074;-0.2094671;3.294761;
HipRight;-1.125638;-0.2683129;3.240093;
HipLeft;-1.136307;-0.2614916;3.334586;
KneeRight;-1.303878;-0.7261012;3.338037;
KneeLeft;-1.110031;-0.7420893;3.49724;
AnkleRight;-1.295934;-1.09095;3.33878;
AnkleLeft;-0.9239933;-1.019408;3.468117;
FootRight;-1.202774;-1.134104;3.303227;
FootLeft;-0.8308328;-1.062563;3.432563;
Head;-1.335646;0.4493774;3.346927;
ShoulderCenter;-1.260221;0.2563862;3.325283;
ShoulderRight;-1.192691;0.1601407;3.213416;
ShoulderLeft;-1.272028;0.1619057;3.167417;
ElbowRight;-1.272375;-0.1071507;3.125514;
ElbowLeft;-1.212919;-0.1160195;3.114147;
WristRight;-1.379735;-0.341744;3.106163;
WristLeft;-1.369078;-0.3547301;3.100765;
HandRight;-1.397569;-0.4232839;3.107343;
HandLeft;-1.398565;-0.4520422;3.102491;
Spine;-1.239932;-0.1533956;3.334451;
HipCenter;-1.204821;-0.2259377;3.286588;
HipRight;-1.184952;-0.2728909;3.245392;
HipLeft;-1.214394;-0.2686282;3.31793;
KneeRight;-1.30735;-0.7170067;3.334379;
KneeLeft;-1.284234;-0.7533323;3.397319;
AnkleRight;-1.298584;-1.091513;3.339603;
AnkleLeft;-1.019941;-1.022493;3.46968;
FootRight;-1.41721;-1.131467;3.342202;
FootLeft;-0.9706185;-1.064556;3.38221;
Head;-1.433165;0.4977534;3.35915;
ShoulderCenter;-1.318799;0.3246852;3.33582;
ShoulderRight;-1.235165;0.1728062;3.21673;
ShoulderLeft;-1.335097;0.1512786;3.160754;
ElbowRight;-1.331158;-0.08679968;3.120939;
ElbowLeft;-1.392983;-0.1274748;3.120757;
WristRight;-1.462953;-0.3392923;3.098018;
WristLeft;-1.452259;-0.4061862;3.10473;
HandRight;-1.481147;-0.4202192;3.108183;
HandLeft;-1.478564;-0.4838878;3.119368;
Spine;-1.319164;-0.115409;3.343235;
HipCenter;-1.290196;-0.195873;3.293461;
HipRight;-1.266352;-0.2595089;3.233968;
HipLeft;-1.307136;-0.2578718;3.339281;
KneeRight;-1.318684;-0.7026736;3.322564;
KneeLeft;-1.257517;-0.7691051;3.464118;
AnkleRight;-1.293779;-1.090492;3.358019;
AnkleLeft;-1.219579;-1.099962;3.424456;
FootRight;-1.412638;-1.130523;3.360622;
FootLeft;-1.12914;-1.119655;3.429952;
Head;-1.425204;0.5167763;3.334703;
ShoulderCenter;-1.346861;0.3277898;3.332198;
ShoulderRight;-1.276965;0.1801078;3.213348;
ShoulderLeft;-1.335075;0.1556601;3.153101;
ElbowRight;-1.388205;-0.07395943;3.12074;
ElbowLeft;-1.431456;-0.1119857;3.112367;
WristRight;-1.522514;-0.3198304;3.106284;
WristLeft;-1.538025;-0.3722534;3.086345;
HandRight;-1.560115;-0.3927892;3.090863;
HandLeft;-1.564884;-0.4269775;3.076641;
Spine;-1.382926;-0.1011555;3.336026;
HipCenter;-1.344594;-0.1826435;3.29654;
HipRight;-1.332313;-0.2348813;3.241123;
HipLeft;-1.354306;-0.2419534;3.341322;
KneeRight;-1.323195;-0.6976797;3.320419;
KneeLeft;-1.564482;-0.7293739;3.49472;
AnkleRight;-1.292354;-1.084006;3.356615;
AnkleLeft;-1.526618;-1.059593;3.455022;
FootRight;-1.346402;-1.132102;3.298719;
FootLeft;-1.436753;-1.081546;3.460379;
Head;-1.436648;0.5253587;3.323684;
ShoulderCenter;-1.39414;0.3298917;3.340452;
ShoulderRight;-1.31423;0.1915406;3.22881;
ShoulderLeft;-1.382138;0.1700737;3.166778;
ElbowRight;-1.426802;-0.05825518;3.123574;
ElbowLeft;-1.487145;-0.09353493;3.116336;
WristRight;-1.571722;-0.2869191;3.087886;
WristLeft;-1.592322;-0.3307242;3.066481;
HandRight;-1.608382;-0.3596855;3.069386;
HandLeft;-1.578018;-0.380513;3.03286;
Spine;-1.412049;-0.09401497;3.348671;
HipCenter;-1.376773;-0.1729703;3.308094;
HipRight;-1.347047;-0.2272189;3.238493;
HipLeft;-1.404655;-0.2502303;3.372369;
KneeRight;-1.346377;-0.6847841;3.308591;
KneeLeft;-1.600359;-0.7236875;3.498882;
AnkleRight;-1.302688;-1.087634;3.3484;
AnkleLeft;-1.459333;-1.0917;3.427958;
FootRight;-1.356573;-1.141397;3.295622;
FootLeft;-1.394983;-1.135847;3.351899;
Head;-1.519474;0.5005226;3.334949;
ShoulderCenter;-1.420107;0.3237555;3.3421;
ShoulderRight;-1.315811;0.1741818;3.330845;
ShoulderLeft;-1.439256;0.1623163;3.159123;
ElbowRight;-1.452477;-0.01905105;3.144824;
ElbowLeft;-1.538515;-0.101877;3.095195;
WristRight;-1.579229;-0.2115519;3.074053;
WristLeft;-1.623946;-0.2908154;3.045967;
HandRight;-1.622502;-0.2829775;3.073814;
HandLeft;-1.609648;-0.3405797;3.012363;
Spine;-1.466323;-0.09312294;3.347202;
HipCenter;-1.425034;-0.1736573;3.315775;
HipRight;-1.39768;-0.2312306;3.258851;
HipLeft;-1.452521;-0.2371496;3.362811;
KneeRight;-1.362675;-0.7003376;3.309139;
KneeLeft;-1.628331;-0.7173913;3.492046;
AnkleRight;-1.312478;-1.094679;3.346041;
AnkleLeft;-1.544925;-1.094049;3.458022;
FootRight;-1.350546;-1.179072;3.346059;
FootLeft;-1.568545;-1.179551;3.484534;
Head;-1.497465;0.5161126;3.313636;
ShoulderCenter;-1.463354;0.3210473;3.337732;
ShoulderRight;-1.3969;0.1787864;3.228997;
ShoulderLeft;-1.454956;0.161756;3.158798;
ElbowRight;-1.526471;-0.06128873;3.120559;
ElbowLeft;-1.563024;-0.09803088;3.089448;
WristRight;-1.639339;-0.2319815;3.058229;
WristLeft;-1.652267;-0.2924186;3.038515;
HandRight;-1.667817;-0.278572;3.029169;
HandLeft;-1.63794;-0.3422871;3.00484;
Spine;-1.503151;-0.1224881;3.345897;
HipCenter;-1.463979;-0.2085537;3.311423;
HipRight;-1.439433;-0.2344249;3.269495;
HipLeft;-1.479648;-0.2544571;3.349452;
KneeRight;-1.394641;-0.708276;3.318943;
KneeLeft;-1.679666;-0.7136285;3.499968;
AnkleRight;-1.313083;-1.092781;3.345303;
AnkleLeft;-1.646348;-1.072893;3.459452;
FootRight;-1.348783;-1.178142;3.347259;
FootLeft;-1.571943;-1.118797;3.39456;
Head;-1.589531;0.5042701;3.333985;
ShoulderCenter;-1.522626;0.3123148;3.340367;
ShoulderRight;-1.400917;0.1662127;3.339185;
ShoulderLeft;-1.497304;0.1524414;3.165666;
ElbowRight;-1.527561;0.002605602;3.114594;
ElbowLeft;-1.587992;-0.1131637;3.086556;
WristRight;-1.654351;-0.1575772;3.048124;
WristLeft;-1.672369;-0.3026261;3.034335;
HandRight;-1.682112;-0.2361619;3.040923;
HandLeft;-1.658048;-0.3524751;3.000673;
Spine;-1.544017;-0.1177326;3.341713;
HipCenter;-1.494725;-0.199365;3.315241;
HipRight;-1.461955;-0.2388369;3.261143;
HipLeft;-1.528364;-0.2647142;3.366364;
KneeRight;-1.418079;-0.7215959;3.320103;
KneeLeft;-1.696167;-0.7034225;3.478411;
AnkleRight;-1.318779;-1.087541;3.343442;
AnkleLeft;-1.758763;-1.081249;3.445552;
FootRight;-1.348318;-1.173766;3.327634;
FootLeft;-1.673408;-1.126324;3.395285;
Head;-1.594817;0.5029563;3.327723;
ShoulderCenter;-1.558298;0.3079168;3.350832;
ShoulderRight;-1.432115;0.1473737;3.375122;
ShoulderLeft;-1.563359;0.1335572;3.151227;
ElbowRight;-1.561364;-0.001365721;3.141387;
ElbowLeft;-1.641549;-0.1344091;3.114201;
WristRight;-1.660652;-0.1585877;3.02845;
WristLeft;-1.648909;-0.3239591;3.191011;
HandRight;-1.692375;-0.2357255;3.022545;
HandLeft;-1.634594;-0.3737846;3.157365;
Spine;-1.573342;-0.1320774;3.342056;
HipCenter;-1.52418;-0.2137196;3.312654;
HipRight;-1.484873;-0.2467603;3.269121;
HipLeft;-1.557231;-0.2697955;3.346523;
KneeRight;-1.43133;-0.7381011;3.327129;
KneeLeft;-1.759222;-0.7226883;3.463181;
AnkleRight;-1.324747;-1.085679;3.3444;
AnkleLeft;-1.771586;-1.053689;3.453918;
FootRight;-1.345121;-1.173427;3.325869;
FootLeft;-1.687645;-1.0978;3.40181;
Head;-1.629209;0.5043377;3.351087;
ShoulderCenter;-1.604693;0.2973942;3.322704;
ShoulderRight;-1.492606;0.1609658;3.349317;
ShoulderLeft;-1.585371;0.1453866;3.162452;
ElbowRight;-1.595903;-0.01093984;3.119267;
ElbowLeft;-1.62816;-0.05527006;3.087977;
WristRight;-1.70908;-0.1607449;3.010114;
WristLeft;-1.626718;-0.2297448;3.191071;
HandRight;-1.749586;-0.2158901;2.971169;
HandLeft;-1.612412;-0.2795377;3.157447;
Spine;-1.622447;-0.1110148;3.334304;
HipCenter;-1.571213;-0.1875151;3.312504;
HipRight;-1.542596;-0.2435232;3.262277;
HipLeft;-1.592376;-0.2367658;3.357349;
KneeRight;-1.480845;-0.7812526;3.305107;
KneeLeft;-1.757162;-0.6656748;3.422078;
AnkleRight;-1.329322;-1.084617;3.342742;
AnkleLeft;-1.787488;-0.9858397;3.472183;
FootRight;-1.345761;-1.172737;3.322854;
FootLeft;-1.834091;-1.054616;3.433081;
Head;-1.688322;0.4859592;3.33949;
ShoulderCenter;-1.623341;0.2907817;3.331562;
ShoulderRight;-1.560914;0.1481988;3.252267;
ShoulderLeft;-1.600651;0.1495814;3.16259;
ElbowRight;-1.647725;-0.05488993;3.150192;
ElbowLeft;-1.633768;-0.05492158;3.100929;
WristRight;-1.743402;-0.2787217;3.054386;
WristLeft;-1.630737;-0.2203547;3.215666;
HandRight;-1.773557;-0.3492664;3.028713;
HandLeft;-1.629727;-0.275499;3.258694;
Spine;-1.674842;-0.1687518;3.331447;
HipCenter;-1.626918;-0.2586692;3.309087;
HipRight;-1.61258;-0.2899584;3.334331;
HipLeft;-1.640682;-0.2787414;3.279947;
KneeRight;-1.500827;-0.7771387;3.301581;
KneeLeft;-1.749554;-0.6717013;3.386167;
AnkleRight;-1.339493;-1.080665;3.341416;
AnkleLeft;-1.809968;-0.9666904;3.493391;
FootRight;-1.351754;-1.168337;3.319513;
FootLeft;-1.813169;-0.9513242;3.403558;
Head;-1.756008;0.46638;3.30426;
ShoulderCenter;-1.669339;0.293355;3.339447;
ShoulderRight;-1.592202;0.1348158;3.261169;
ShoulderLeft;-1.650425;0.1589269;3.166268;
ElbowRight;-1.656317;-0.1170068;3.1984;
ElbowLeft;-1.664522;-0.05258311;3.166895;
WristRight;-1.674645;-0.3642307;3.167143;
WristLeft;-1.671858;-0.2415285;3.24342;
HandRight;-1.679615;-0.4232476;3.14962;
HandLeft;-1.657552;-0.291323;3.209796;
Spine;-1.668634;-0.1777196;3.340059;
HipCenter;-1.616814;-0.2667198;3.315472;
HipRight;-1.593729;-0.3045215;3.355648;
HipLeft;-1.623934;-0.3040164;3.277453;
KneeRight;-1.532471;-0.7731041;3.302929;
KneeLeft;-1.791375;-0.6942484;3.400831;
AnkleRight;-1.351892;-1.074121;3.337583;
AnkleLeft;-1.956929;-1.080083;3.508838;
FootRight;-1.363225;-1.161115;3.313861;
FootLeft;-1.873383;-1.12349;3.45817;
Head;-1.757771;0.4581541;3.306985;
ShoulderCenter;-1.678277;0.2826957;3.344228;
ShoulderRight;-1.605697;0.120419;3.267782;
ShoulderLeft;-1.658223;0.1485957;3.170741;
ElbowRight;-1.671535;-0.1549074;3.225363;
ElbowLeft;-1.675115;-0.1293491;3.195511;
WristRight;-1.675783;-0.3637249;3.171621;
WristLeft;-1.684647;-0.3409464;3.265509;
HandRight;-1.682264;-0.4239949;3.160423;
HandLeft;-1.670369;-0.3906436;3.23195;
Spine;-1.673362;-0.188933;3.43;
HipCenter;-1.616438;-0.2786593;3.421209;
HipRight;-1.595497;-0.2983959;3.465965;
HipLeft;-1.628659;-0.3283492;3.383819;
KneeRight;-1.587899;-0.7757648;3.289553;
KneeLeft;-1.776471;-0.7455704;3.53032;
AnkleRight;-1.363944;-1.078943;3.338736;
AnkleLeft;-1.631439;-0.8559985;3.228494;
FootRight;-1.374017;-1.16545;3.314199;
FootLeft;-1.547104;-0.9014423;3.182084;
Head;-1.690828;0.2335523;3.282688;
ShoulderCenter;-1.738446;0.3210209;3.423389;
ShoulderRight;-1.665748;0.1598198;3.346551;
ShoulderLeft;-1.717953;0.1865045;3.24994;
ElbowRight;-1.689145;-0.1133267;3.247267;
ElbowLeft;-1.698405;-0.09602028;3.218701;
WristRight;-1.697199;-0.3951101;3.205614;
WristLeft;-1.697663;-0.3434624;3.276236;
HandRight;-1.704992;-0.5040281;3.188398;
HandLeft;-1.683404;-0.3930942;3.242721;
Spine;-1.727198;-0.1112845;3.499185;
HipCenter;-1.670416;-0.1933821;3.489591;
HipRight;-1.64225;-0.242823;3.585394;
HipLeft;-1.674429;-0.3265718;3.412194;
KneeRight;-1.652227;-0.7373761;3.292051;
KneeLeft;-1.816373;-0.8047709;3.505163;
AnkleRight;-1.439835;-1.054606;3.332917;
AnkleLeft;-1.621513;-0.905873;3.232628;
FootRight;-1.450044;-1.14051;3.307893;
FootLeft;-1.659212;-0.9932909;3.262668;
Head;-1.495848;-0.02128879;3.370471;
ShoulderCenter;-1.694952;-0.05060568;3.380709;
ShoulderRight;-1.622253;-0.2118068;3.303871;
ShoulderLeft;-1.674459;-0.1851221;3.20726;
ElbowRight;-1.828616;-0.1814919;3.273403;
ElbowLeft;-1.754284;-0.301273;3.332864;
WristRight;-1.711779;-0.419174;3.226742;
WristLeft;-1.676323;-0.4938652;3.300071;
HandRight;-1.718344;-0.4851168;3.213689;
HandLeft;-1.66208;-0.5434414;3.266594;
Spine;-1.758517;-0.1742699;3.541402;
HipCenter;-1.730484;-0.2328711;3.545676;
HipRight;-1.715114;-0.2948304;3.692116;
HipLeft;-1.782026;-0.3564582;3.552562;
KneeRight;-1.693064;-0.7323904;3.306554;
KneeLeft;-1.894988;-0.7567989;3.703642;
AnkleRight;-1.450382;-1.051537;3.329084;
AnkleLeft;-1.700318;-0.8578025;3.431358;
FootRight;-1.460545;-1.137058;3.304172;
FootLeft;-1.737827;-0.9453189;3.461159;
Head;-1.724186;0.1088651;3.433507;
ShoulderCenter;-1.744542;-0.068243;3.497451;
ShoulderRight;-1.671843;-0.2294441;3.420613;
ShoulderLeft;-1.724048;-0.2027594;3.324002;
ElbowRight;-1.754969;-0.104395;3.248774;
ElbowLeft;-1.760761;-0.3989679;3.237872;
WristRight;-1.743806;-0.3664626;3.274493;
WristLeft;-1.728925;-0.4470758;3.423293;
HandRight;-1.74938;-0.4353708;3.27298;
HandLeft;-1.718313;-0.4631117;3.489866;
Spine;-1.835152;-0.1816722;3.721823;
HipCenter;-1.825662;-0.2517368;3.742185;
HipRight;-1.80095;-0.2596326;3.768044;
HipLeft;-1.860563;-0.2668888;3.74527;
KneeRight;-1.726457;-0.5930114;3.294597;
KneeLeft;-1.97974;-0.7091352;3.831901;
AnkleRight;-1.683845;-0.7837152;3.003879;
AnkleLeft;-1.774562;-0.8724896;3.446924;
FootRight;-1.648029;-0.863435;2.977778;
FootLeft;-1.73655;-0.9620398;3.407284;
Head;-1.68838;-0.2460933;3.417242;
ShoulderCenter;-1.708743;-0.4232638;3.481222;
ShoulderRight;-1.636044;-0.5844649;3.404384;
ShoulderLeft;-1.68825;-0.5577801;3.307774;
ElbowRight;-1.770806;-0.3523784;3.374468;
ElbowLeft;-1.761483;-0.2927267;3.340536;
WristRight;-1.786792;-0.5736047;3.353231;
WristLeft;-1.777414;-0.4711125;3.432334;
HandRight;-1.792366;-0.6425129;3.351718;
HandLeft;-1.763203;-0.5205762;3.398932;
Spine;-1.687529;-0.6761048;3.44021;
HipCenter;-1.630236;-0.7052263;3.41276;
HipRight;-1.600336;-0.7751322;3.451583;
HipLeft;-1.61989;-0.7798614;3.33151;
KneeRight;-1.500287;-1.446387;3.032663;
KneeLeft;-1.728334;-1.328637;3.439804;
AnkleRight;-1.299799;-1.797399;3.146196;
AnkleLeft;-1.678583;-0.9160607;3.259452;
FootRight;-1.309883;-1.882254;3.121477;
FootLeft;-1.591629;-0.958055;3.219104;
