Floor;-0.03077478;0.9995129;0.005193002;1.058252;
Head;0.7928091;0.5666803;3.37703;
ShoulderCenter;0.9105176;0.3874748;3.354992;
ShoulderRight;0.9404023;0.2511203;3.211418;
ShoulderLeft;0.826781;0.2159753;3.453362;
ElbowRight;1.0042;-0.02962394;3.116927;
ElbowLeft;0.7960172;-0.03781079;3.558845;
WristRight;0.9793027;-0.2758234;3.081813;
WristLeft;0.685044;-0.259702;3.553479;
HandRight;0.9869621;-0.3418849;3.082535;
HandLeft;0.6660849;-0.2618254;3.556065;
Spine;0.8552669;-0.01438484;3.303562;
HipCenter;0.8442168;-0.09475676;3.296922;
HipRight;0.8616676;-0.1458652;3.234023;
HipLeft;0.8105381;-0.1616804;3.341957;
KneeRight;0.7254485;-0.6064546;3.223991;
KneeLeft;0.9112355;-0.6558809;3.340858;
AnkleRight;0.7164035;-1.000547;3.185813;
AnkleLeft;1.088335;-0.9915966;3.337769;
FootRight;0.6319289;-1.055097;3.193449;
FootLeft;1.051603;-1.047722;3.433203;
Head;0.7704512;0.5152407;3.384138;
ShoulderCenter;0.8694797;0.3805754;3.345042;
ShoulderRight;0.9303313;0.2522755;3.212514;
ShoulderLeft;0.7978497;0.2143266;3.448951;
ElbowRight;0.9829355;-0.0359182;3.114699;
ElbowLeft;0.7589436;-0.03972302;3.541813;
WristRight;0.9626769;-0.2831444;3.084562;
WristLeft;0.6509008;-0.2578192;3.577272;
HandRight;0.9637573;-0.3520954;3.07925;
HandLeft;0.6230665;-0.2576499;3.562934;
Spine;0.8280081;-0.00345157;3.292311;
HipCenter;0.8183579;-0.08036055;3.285039;
HipRight;0.834492;-0.1431116;3.2021;
HipLeft;0.7833663;-0.1610139;3.340295;
KneeRight;0.6888508;-0.5881364;3.216485;
KneeLeft;0.8454935;-0.6465608;3.31358;
AnkleRight;0.5941337;-0.9967515;3.17904;
AnkleLeft;1.087946;-0.9927003;3.336218;
FootRight;0.4890523;-1.040159;3.196076;
FootLeft;0.9984598;-1.06098;3.359598;
Head;0.7217411;0.517102;3.366587;
ShoulderCenter;0.8255842;0.3719682;3.33729;
ShoulderRight;0.8770995;0.2444788;3.205209;
ShoulderLeft;0.7294199;0.1893507;3.407878;
ElbowRight;0.931983;-0.04360081;3.11059;
ElbowLeft;0.710241;-0.04925192;3.555513;
WristRight;0.9217107;-0.29263;3.0734;
WristLeft;0.5913309;-0.2642082;3.588626;
HandRight;0.9330112;-0.360206;3.072767;
HandLeft;0.5752957;-0.2618978;3.564517;
Spine;0.7983882;-0.004130479;3.281391;
HipCenter;0.793008;-0.07970873;3.274203;
HipRight;0.8228728;-0.1405651;3.198116;
HipLeft;0.7500503;-0.1625363;3.323542;
KneeRight;0.6582444;-0.5586191;3.223024;
KneeLeft;0.8243747;-0.6518859;3.310896;
AnkleRight;0.5104163;-0.9996512;3.188384;
AnkleLeft;1.087084;-0.9931586;3.33593;
FootRight;0.4096498;-1.040403;3.225777;
FootLeft;1.031023;-1.057315;3.413092;
Head;0.6828496;0.4986489;3.340478;
ShoulderCenter;0.7860553;0.3638245;3.328241;
ShoulderRight;0.8481021;0.242172;3.201014;
ShoulderLeft;0.7097466;0.2005289;3.414437;
ElbowRight;0.8787052;-0.03730836;3.092675;
ElbowLeft;0.6639735;-0.08018655;3.533525;
WristRight;0.8698182;-0.3163025;3.06841;
WristLeft;0.5484759;-0.2713695;3.597878;
HandRight;0.8769054;-0.375589;3.062454;
HandLeft;0.5099767;-0.3350972;3.624204;
Spine;0.7383077;-0.01885431;3.280303;
HipCenter;0.7295492;-0.0952271;3.274467;
HipRight;0.752857;-0.155587;3.202663;
HipLeft;0.6905468;-0.1717205;3.326109;
KneeRight;0.6327448;-0.5773306;3.222892;
KneeLeft;0.6369444;-0.6777573;3.221803;
AnkleRight;0.4615338;-1.005911;3.205802;
AnkleLeft;1.004499;-0.9359976;3.309809;
FootRight;0.3507283;-1.025965;3.218935;
FootLeft;1.009849;-1.020164;3.38557;
Head;0.6625816;0.5095603;3.347617;
ShoulderCenter;0.7582595;0.3622348;3.319699;
ShoulderRight;0.7919186;0.2341577;3.189988;
ShoulderLeft;0.6451119;0.1612555;3.435231;
ElbowRight;0.842065;-0.03867966;3.077086;
ElbowLeft;0.626179;-0.07531023;3.497691;
WristRight;0.8254603;-0.2968557;3.054602;
WristLeft;0.5444163;-0.2576408;3.608312;
HandRight;0.8387306;-0.3764893;3.056953;
HandLeft;0.5171621;-0.3184176;3.650049;
Spine;0.7168258;-0.01419859;3.272864;
HipCenter;0.7080493;-0.08942872;3.266891;
HipRight;0.7306411;-0.148595;3.189207;
HipLeft;0.6664084;-0.1767622;3.321464;
KneeRight;0.6130786;-0.5756953;3.225441;
KneeLeft;0.6057613;-0.6790347;3.223536;
AnkleRight;0.4563388;-1.005458;3.209799;
AnkleLeft;0.9758329;-0.9244255;3.305632;
FootRight;0.3443348;-1.029245;3.22562;
FootLeft;0.8962108;-0.9667689;3.261245;
Head;0.5945502;0.4988698;3.370388;
ShoulderCenter;0.7053403;0.3576105;3.302312;
ShoulderRight;0.7534103;0.2306231;3.185014;
ShoulderLeft;0.6177554;0.1648091;3.41469;
ElbowRight;0.7905508;-0.06419679;3.079134;
ElbowLeft;0.5988226;-0.07175668;3.477064;
WristRight;0.7868506;-0.3000943;3.051792;
WristLeft;0.5125821;-0.2500916;3.591201;
HandRight;0.7899878;-0.3724857;3.047185;
HandLeft;0.4828004;-0.2871911;3.572898;
Spine;0.6592347;-0.03871644;3.265323;
HipCenter;0.6500136;-0.1179818;3.261503;
HipRight;0.6728134;-0.1707563;3.194456;
HipLeft;0.6115519;-0.1998372;3.312854;
KneeRight;0.5240254;-0.5704888;3.220225;
KneeLeft;0.5779198;-0.6819305;3.229331;
AnkleRight;0.4584075;-1.014949;3.226291;
AnkleLeft;0.9443661;-0.9226372;3.304714;
FootRight;0.3465914;-1.041329;3.239549;
FootLeft;0.8646734;-0.9651409;3.260492;
Head;0.5829325;0.5366154;3.323809;
ShoulderCenter;0.6647409;0.3707243;3.299975;
ShoulderRight;0.7148587;0.2287052;3.175261;
ShoulderLeft;0.5504229;0.155448;3.351429;
ElbowRight;0.7437745;-0.06480505;3.070758;
ElbowLeft;0.5314901;-0.08111779;3.413809;
WristRight;0.7185045;-0.3253239;3.058162;
WristLeft;0.4905629;-0.2721965;3.532288;
HandRight;0.7273206;-0.3869283;3.051928;
HandLeft;0.4619775;-0.3261181;3.590901;
Spine;0.6200774;-0.01875147;3.257594;
HipCenter;0.6109803;-0.09651582;3.252626;
HipRight;0.6419781;-0.1487511;3.189273;
HipLeft;0.5656487;-0.178453;3.29812;
KneeRight;0.4722313;-0.5623916;3.213928;
KneeLeft;0.5527826;-0.6612629;3.243068;
AnkleRight;0.4513066;-1.0072;3.223596;
AnkleLeft;0.91576;-0.9059335;3.30462;
FootRight;0.3415449;-1.041284;3.241762;
FootLeft;0.846225;-0.9481502;3.244451;
Head;0.5031137;0.5051801;3.318027;
ShoulderCenter;0.6240478;0.3588084;3.29237;
ShoulderRight;0.6713918;0.234498;3.167241;
ShoulderLeft;0.5219167;0.1626005;3.349772;
ElbowRight;0.6744999;-0.05253728;3.067175;
ElbowLeft;0.5029839;-0.07396521;3.41222;
WristRight;0.6386203;-0.306732;3.054532;
WristLeft;0.4669636;-0.2674921;3.534843;
HandRight;0.6517026;-0.3729698;3.042118;
HandLeft;0.4554433;-0.3069368;3.580517;
Spine;0.5962132;-0.02415234;3.255617;
HipCenter;0.5900898;-0.1009721;3.251514;
HipRight;0.6190495;-0.1507407;3.190437;
HipLeft;0.5503215;-0.1811126;3.296618;
KneeRight;0.4389597;-0.6410373;3.225657;
KneeLeft;0.5420362;-0.6535155;3.24881;
AnkleRight;0.4471061;-1.016722;3.223255;
AnkleLeft;0.9139992;-0.9132617;3.315232;
FootRight;0.3442806;-1.056049;3.26742;
FootLeft;0.8401948;-0.957023;3.257987;
Head;0.4698455;0.5186932;3.302097;
ShoulderCenter;0.5927297;0.3709184;3.29334;
ShoulderRight;0.6406502;0.2395182;3.163471;
ShoulderLeft;0.4876374;0.2066605;3.366782;
ElbowRight;0.6289904;-0.02938345;3.060087;
ElbowLeft;0.4687046;-0.02990527;3.429241;
WristRight;0.6002415;-0.2627318;3.045055;
WristLeft;0.4462001;-0.2847317;3.520597;
HandRight;0.5965998;-0.3471759;3.041349;
HandLeft;0.4403161;-0.3155892;3.581599;
Spine;0.5430495;-0.02738042;3.256569;
HipCenter;0.5344914;-0.107573;3.252738;
HipRight;0.5614931;-0.1524605;3.205333;
HipLeft;0.4962679;-0.1678393;3.288032;
KneeRight;0.4403378;-0.6369104;3.220703;
KneeLeft;0.5329145;-0.6595963;3.258313;
AnkleRight;0.4400389;-1.01831;3.220832;
AnkleLeft;0.9137117;-0.9164327;3.337271;
FootRight;0.340581;-1.061516;3.278166;
FootLeft;0.9711701;-1.018943;3.346901;
Head;0.4303351;0.5338871;3.301176;
ShoulderCenter;0.5412896;0.3702611;3.271622;
ShoulderRight;0.5764752;0.2330152;3.147438;
ShoulderLeft;0.4433281;0.2033568;3.344962;
ElbowRight;0.5846286;-0.0422812;3.067148;
ElbowLeft;0.4343833;-0.03081295;3.455988;
WristRight;0.5217526;-0.2653602;3.059311;
WristLeft;0.4100953;-0.2585512;3.405243;
HandRight;0.5061736;-0.3482958;3.04496;
HandLeft;0.4128923;-0.3011415;3.47944;
Spine;0.5028165;-0.03135609;3.252553;
HipCenter;0.4943877;-0.11173;3.251873;
HipRight;0.5188247;-0.1582465;3.202125;
HipLeft;0.4585407;-0.168887;3.293508;
KneeRight;0.4288384;-0.6218351;3.210049;
KneeLeft;0.6388909;-0.6809717;3.386122;
AnkleRight;0.4358461;-1.016979;3.2186;
AnkleLeft;0.8937703;-0.9194941;3.360946;
FootRight;0.3351264;-1.066688;3.27003;
FootLeft;0.9129906;-1.006711;3.37994;
Head;0.3717554;0.5200021;3.3127;
ShoulderCenter;0.5091185;0.373702;3.267652;
ShoulderRight;0.5592152;0.237368;3.148113;
ShoulderLeft;0.4003938;0.1695025;3.375811;
ElbowRight;0.5348724;0.006993786;3.062415;
ElbowLeft;0.4288061;0.1615742;3.118936;
WristRight;0.4592461;-0.2498672;3.049129;
WristLeft;0.3877968;-0.0500735;3.329187;
HandRight;0.4416602;-0.3316995;3.027338;
HandLeft;0.391867;-0.08044343;3.410068;
Spine;0.4813795;-0.007503015;3.250905;
HipCenter;0.4747141;-0.08236927;3.250987;
HipRight;0.5046339;-0.1431937;3.186446;
HipLeft;0.4420847;-0.1632024;3.305204;
KneeRight;0.4250073;-0.6255298;3.209344;
KneeLeft;0.6056636;-0.6895006;3.400856;
AnkleRight;0.4294762;-1.013708;3.218037;
AnkleLeft;0.87564;-0.8930214;3.363264;
FootRight;0.3313817;-1.066335;3.271834;
FootLeft;0.8449254;-0.9789436;3.35826;
Head;0.3470294;0.5547929;3.308883;
ShoulderCenter;0.4639732;0.3894659;3.251263;
ShoulderRight;0.5066108;0.2522952;3.146707;
ShoulderLeft;0.3654343;0.166127;3.3678;
ElbowRight;0.4807218;0.01280554;3.051095;
ElbowLeft;0.383895;0.1878971;3.117696;
WristRight;0.4024918;-0.2474827;3.049543;
WristLeft;0.3510167;-0.03987242;3.298942;
HandRight;0.3813027;-0.3318446;3.046444;
HandLeft;0.3551269;-0.07054065;3.380618;
Spine;0.4558731;-0.01310157;3.238604;
HipCenter;0.4526252;-0.09217395;3.239244;
HipRight;0.4899566;-0.1423557;3.188365;
HipLeft;0.4087699;-0.1548064;3.27463;
KneeRight;0.4174353;-0.6264898;3.213104;
KneeLeft;0.6095209;-0.6726016;3.362668;
AnkleRight;0.4267555;-1.012293;3.21863;
AnkleLeft;0.7929829;-0.9442194;3.381083;
FootRight;0.328902;-1.065612;3.271966;
FootLeft;0.7054454;-0.9381436;3.355811;
Head;0.2961711;0.5411426;3.308224;
ShoulderCenter;0.4401175;0.3940941;3.261798;
ShoulderRight;0.4784271;0.2562191;3.147124;
ShoulderLeft;0.3181322;0.1349442;3.354403;
ElbowRight;0.4356345;0.02515695;3.04311;
ElbowLeft;0.3522774;0.1583617;3.106344;
WristRight;0.3482172;-0.2244024;3.054989;
WristLeft;0.3116735;-0.06924698;3.28608;
HandRight;0.3101546;-0.3040622;3.051196;
HandLeft;0.315832;-0.1002759;3.368716;
Spine;0.4058976;-0.03427374;3.241003;
HipCenter;0.400849;-0.1202956;3.239641;
HipRight;0.4361174;-0.1681786;3.182907;
HipLeft;0.3585941;-0.1914521;3.287;
KneeRight;0.4008139;-0.6361197;3.209945;
KneeLeft;0.5392339;-0.6901339;3.400789;
AnkleRight;0.4249216;-1.011677;3.218843;
AnkleLeft;0.7090186;-0.9665393;3.355588;
FootRight;0.3394852;-1.064109;3.29309;
FootLeft;0.6344972;-0.9123223;3.358489;
Head;0.2678626;0.5674913;3.303631;
ShoulderCenter;0.3820647;0.393309;3.274862;
ShoulderRight;0.4507617;0.2643861;3.150689;
ShoulderLeft;0.2690639;0.1324178;3.363587;
ElbowRight;0.4049678;0.03206964;3.051183;
ElbowLeft;0.3032702;0.1558771;3.115137;
WristRight;0.2622482;-0.2344865;3.048042;
WristLeft;0.2625755;-0.07199001;3.29539;
HandRight;0.2260816;-0.3144982;3.030763;
HandLeft;0.2667869;-0.1034131;3.379076;
Spine;0.3708821;-0.02469328;3.239135;
HipCenter;0.3676131;-0.1085149;3.235879;
HipRight;0.4065735;-0.1481379;3.186013;
HipLeft;0.3206374;-0.1883815;3.272306;
KneeRight;0.3983503;-0.6355828;3.209782;
KneeLeft;0.2434994;-0.5987127;3.400814;
AnkleRight;0.4225662;-1.008365;3.21821;
AnkleLeft;0.5547783;-0.9133565;3.338863;
FootRight;0.3240919;-1.066758;3.271559;
FootLeft;0.5443439;-0.9988926;3.398105;
Head;0.2398447;0.5688469;3.308421;
ShoulderCenter;0.3614309;0.39621;3.275502;
ShoulderRight;0.3903367;0.2635094;3.143242;
ShoulderLeft;0.2484205;0.1353193;3.364228;
ElbowRight;0.326479;0.01449786;3.057889;
ElbowLeft;0.2461025;0.006551415;3.155761;
WristRight;0.195924;-0.2305816;3.060455;
WristLeft;0.2183578;-0.2210987;3.287531;
HandRight;0.1517266;-0.3077734;3.043747;
HandLeft;0.2226169;-0.2528781;3.372166;
Spine;0.3479062;-0.03207925;3.24125;
HipCenter;0.3450692;-0.117905;3.238122;
HipRight;0.3673434;-0.1600854;3.20025;
HipLeft;0.3133747;-0.1915924;3.269772;
KneeRight;0.389581;-0.6387045;3.205329;
KneeLeft;0.221892;-0.6040765;3.408569;
AnkleRight;0.422097;-1.006848;3.220751;
AnkleLeft;0.5148671;-0.9378781;3.336251;
FootRight;0.3134576;-1.071509;3.228743;
FootLeft;0.494589;-1.013905;3.396404;
Head;0.1933974;0.5661143;3.304968;
ShoulderCenter;0.3267989;0.400307;3.269857;
ShoulderRight;0.3695228;0.2627423;3.145128;
ShoulderLeft;0.2137921;0.1394154;3.358584;
ElbowRight;0.2660749;-0.004583418;3.057681;
ElbowLeft;0.229187;0.07227893;3.124454;
WristRight;0.1219156;-0.2240221;3.040859;
WristLeft;0.1941285;-0.1095468;3.336003;
HandRight;0.07738286;-0.3022629;3.032613;
HandLeft;0.1984172;-0.1415462;3.421224;
Spine;0.3179833;-0.02584695;3.237719;
HipCenter;0.3161714;-0.1111623;3.234926;
HipRight;0.3442279;-0.1568979;3.17804;
HipLeft;0.2792166;-0.199301;3.279908;
KneeRight;0.3680163;-0.6346917;3.204698;
KneeLeft;0.1919972;-0.6524763;3.411734;
AnkleRight;0.4209636;-1.00693;3.221833;
AnkleLeft;0.3005257;-1.036051;3.395321;
FootRight;0.3102023;-1.073851;3.228873;
FootLeft;0.2575997;-1.113844;3.489669;
Head;0.1492856;0.5439417;3.324574;
ShoulderCenter;0.3036265;0.396355;3.267679;
ShoulderRight;0.3174555;0.2546505;3.14316;
ShoulderLeft;0.1906177;0.1354633;3.356406;
ElbowRight;0.2142979;-0.01031137;3.060292;
ElbowLeft;0.1752672;0.02038682;3.147702;
WristRight;0.0706562;-0.2304678;3.033629;
WristLeft;0.1530195;-0.1937406;3.305928;
HandRight;0.02109089;-0.2939133;3.039346;
HandLeft;0.157327;-0.2258812;3.391525;
Spine;0.2635454;-0.0511236;3.288721;
HipCenter;0.2576435;-0.1402588;3.296716;
HipRight;0.277155;-0.1867745;3.27593;
HipLeft;0.2311258;-0.1995578;3.320483;
KneeRight;0.3532853;-0.6304969;3.199888;
KneeLeft;0.1691903;-0.6670392;3.413842;
AnkleRight;0.4157815;-1.005698;3.223746;
AnkleLeft;0.2286059;-1.028351;3.393535;
FootRight;0.3059838;-1.074214;3.228832;
FootLeft;0.1830883;-1.095106;3.444884;
Head;0.109883;0.5645774;3.335464;
ShoulderCenter;0.2492277;0.4014558;3.283066;
ShoulderRight;0.3006773;0.2586213;3.151133;
ShoulderLeft;0.1362194;0.1405642;3.371793;
ElbowRight;0.1948806;0.03414709;3.058223;
ElbowLeft;0.1351469;-0.03154832;3.110442;
WristRight;0.02717823;-0.2011575;3.037418;
WristLeft;0.005217396;-0.2350895;3.025038;
HandRight;-0.04430347;-0.2806304;3.039502;
HandLeft;-0.05449739;-0.293293;3.041067;
Spine;0.2425452;-0.03760588;3.265773;
HipCenter;0.2373804;-0.1232418;3.262576;
HipRight;0.2692713;-0.1648947;3.213106;
HipLeft;0.2065877;-0.1992361;3.303404;
KneeRight;0.325303;-0.6352123;3.196956;
KneeLeft;0.1101245;-0.6679863;3.431278;
AnkleRight;0.415512;-1.005578;3.223869;
AnkleLeft;0.1335503;-1.025807;3.393023;
FootRight;0.3181571;-1.065209;3.285329;
FootLeft;0.0916806;-1.09583;3.4433;
Head;0.06259504;0.5391594;3.328424;
ShoulderCenter;0.2243104;0.3969603;3.286133;
ShoulderRight;0.2467235;0.2600187;3.16029;
ShoulderLeft;0.1113021;0.1360687;3.37486;
ElbowRight;0.155575;0.02519413;3.062515;
ElbowLeft;0.1102309;-0.03582494;3.113668;
WristRight;-0.02427806;-0.2003147;3.036909;
WristLeft;-0.05659238;-0.2314063;3.034242;
HandRight;-0.09316884;-0.2618776;3.042443;
HandLeft;-0.1053258;-0.2777978;3.036713;
Spine;0.2061871;-0.0453276;3.274502;
HipCenter;0.2035384;-0.1332045;3.27515;
HipRight;0.2288841;-0.1721597;3.244371;
HipLeft;0.1706784;-0.2026105;3.304609;
KneeRight;0.3087724;-0.6356332;3.19413;
KneeLeft;0.05959563;-0.6652669;3.43543;
AnkleRight;0.4138567;-1.004888;3.223932;
AnkleLeft;0.007263367;-1.015024;3.399524;
FootRight;0.3218382;-1.07028;3.291591;
FootLeft;-0.106604;-1.063124;3.444712;
Head;0.06442048;0.5770737;3.329612;
ShoulderCenter;0.1699368;0.388423;3.295353;
ShoulderRight;0.2263705;0.2557269;3.163399;
ShoulderLeft;0.05692849;0.1275315;3.38408;
ElbowRight;0.09921111;0.006781518;3.061475;
ElbowLeft;0.05585673;-0.04446213;3.122732;
WristRight;-0.07761415;-0.2121326;3.039757;
WristLeft;-0.108543;-0.2546944;3.043053;
HandRight;-0.1308008;-0.2580636;3.039052;
HandLeft;-0.1639084;-0.2929181;3.035649;
Spine;0.1780858;-0.04297727;3.263179;
HipCenter;0.1778616;-0.1295516;3.260834;
HipRight;0.2125452;-0.1650348;3.21655;
HipLeft;0.1381361;-0.2070792;3.29329;
KneeRight;0.2255197;-0.6511413;3.262639;
KneeLeft;0.02089206;-0.6673176;3.42919;
AnkleRight;0.4129339;-1.003285;3.224203;
AnkleLeft;-0.138843;-1.02184;3.426244;
FootRight;0.2993843;-1.064546;3.256016;
FootLeft;-0.2528866;-1.070013;3.471502;
Head;0.02753068;0.5579187;3.32414;
ShoulderCenter;0.1473056;0.383706;3.300427;
ShoulderRight;0.1856316;0.2492245;3.169906;
ShoulderLeft;0.03429731;0.1228145;3.389154;
ElbowRight;0.06474269;-0.002598241;3.066672;
ElbowLeft;0.03322506;-0.04925799;3.127693;
WristRight;-0.1279034;-0.2132325;3.041687;
WristLeft;-0.1523975;-0.2255518;3.042546;
HandRight;-0.1995676;-0.2640464;3.052091;
HandLeft;-0.2030298;-0.2759976;3.050684;
Spine;0.1508459;-0.04722158;3.259098;
HipCenter;0.1519029;-0.1333381;3.254615;
HipRight;0.1930501;-0.1670186;3.216889;
HipLeft;0.1124513;-0.2045988;3.278974;
KneeRight;0.2195666;-0.6544231;3.254616;
KneeLeft;-0.04022921;-0.6970361;3.4376;
AnkleRight;0.4108644;-1.003185;3.225115;
AnkleLeft;-0.2118918;-1.027907;3.441727;
FootRight;0.3117279;-1.064376;3.288692;
FootLeft;-0.3259354;-1.076081;3.486985;
Head;-0.022858;0.5365806;3.343496;
ShoulderCenter;0.1144294;0.3734306;3.302051;
ShoulderRight;0.156642;0.2414461;3.176543;
ShoulderLeft;0.001421127;0.1125391;3.390778;
ElbowRight;0.0327436;-0.005974308;3.069701;
ElbowLeft;-0.01044383;0.04998151;3.158782;
WristRight;-0.1571741;-0.2198529;3.048472;
WristLeft;-0.164219;-0.1844921;3.081018;
HandRight;-0.2155683;-0.2661955;3.054851;
HandLeft;-0.1815742;-0.2444375;3.054116;
Spine;0.1052466;-0.04657085;3.263246;
HipCenter;0.1023587;-0.1301208;3.259293;
HipRight;0.1359969;-0.1772174;3.20333;
HipLeft;0.06718959;-0.2114961;3.300401;
KneeRight;0.2051456;-0.6587148;3.249719;
KneeLeft;-0.05414381;-0.6791154;3.428991;
AnkleRight;0.4075353;-1.005112;3.227435;
AnkleLeft;-0.2824657;-1.03261;3.446544;
FootRight;0.3078775;-1.067855;3.289499;
FootLeft;-0.3797863;-1.02741;3.460055;
Head;-0.07774086;0.5277966;3.361311;
ShoulderCenter;0.06150118;0.3666064;3.302908;
ShoulderRight;0.1040905;0.2330443;3.190402;
ShoulderLeft;-0.05150712;0.1057148;3.391635;
ElbowRight;0.01981267;0.004993702;3.070628;
ElbowLeft;-0.0489473;0.04693821;3.159981;
WristRight;-0.1733828;-0.2043885;3.053296;
WristLeft;-0.1795423;-0.1957673;3.072796;
HandRight;-0.2430169;-0.2684146;3.06031;
HandLeft;-0.269377;-0.2949037;3.062968;
Spine;0.04805836;-0.07303172;3.280876;
HipCenter;0.0453698;-0.1609593;3.280137;
HipRight;0.0781763;-0.2013693;3.25203;
HipLeft;0.00943471;-0.2228677;3.300918;
KneeRight;0.1984927;-0.6622264;3.233472;
KneeLeft;-0.09516562;-0.6756153;3.429676;
AnkleRight;0.4032271;-1.0065;3.228682;
AnkleLeft;-0.2658755;-1.023696;3.433266;
FootRight;0.3041707;-1.069633;3.290201;
FootLeft;-0.3807414;-1.062297;3.487101;
Head;-0.1185014;0.5337715;3.354283;
ShoulderCenter;0.0158049;0.3676549;3.323472;
ShoulderRight;0.06780913;0.2363499;3.195474;
ShoulderLeft;-0.09720339;0.1067633;3.412199;
ElbowRight;-0.006804248;0.01625303;3.075267;
ElbowLeft;-0.09933691;0.04802335;3.182281;
WristRight;-0.1871469;-0.2012104;3.056223;
WristLeft;-0.2215993;-0.1940331;3.087928;
HandRight;-0.2562316;-0.2610475;3.066018;
HandLeft;-0.2588712;-0.2504778;3.08155;
Spine;0.02090464;-0.07189234;3.27687;
HipCenter;0.01997219;-0.1597668;3.272407;
HipRight;0.05555476;-0.1970749;3.242025;
HipLeft;-0.01773455;-0.2249047;3.290882;
KneeRight;0.1729214;-0.658693;3.215115;
KneeLeft;-0.1421859;-0.6888716;3.435111;
AnkleRight;0.3838601;-0.9928661;3.222518;
AnkleLeft;-0.2636752;-1.024277;3.42654;
FootRight;0.3414859;-1.079728;3.207565;
FootLeft;-0.3310566;-1.093442;3.411041;
Head;-0.1592336;0.5327033;3.344478;
ShoulderCenter;-0.01955789;0.372945;3.332034;
ShoulderRight;0.03311246;0.2389989;3.202643;
ShoulderLeft;-0.1325662;0.1120534;3.420761;
ElbowRight;-0.06952088;-0.008825213;3.087926;
ElbowLeft;-0.1346913;0.05354436;3.191605;
WristRight;-0.2361149;-0.2284454;3.06202;
WristLeft;-0.261933;-0.1853143;3.099352;
HandRight;-0.2815983;-0.2875198;3.066497;
HandLeft;-0.2911302;-0.3016851;3.064761;
Spine;-0.01504794;-0.06074453;3.272601;
HipCenter;-0.01371521;-0.1477001;3.264655;
HipRight;0.02418242;-0.1759366;3.227525;
HipLeft;-0.05122975;-0.2221915;3.284986;
KneeRight;0.1387443;-0.6686096;3.213377;
KneeLeft;-0.1614085;-0.6843874;3.438962;
AnkleRight;0.3697222;-0.9921594;3.227839;
AnkleLeft;-0.2584665;-1.017644;3.420522;
FootRight;0.3404487;-1.084095;3.213088;
FootLeft;-0.3273478;-1.086793;3.421;
Head;-0.1682422;0.5007443;3.368718;
ShoulderCenter;-0.07094799;0.3128383;3.338155;
ShoulderRight;-0.01761732;0.2388524;3.207197;
ShoulderLeft;-0.1839563;0.0519467;3.426882;
ElbowRight;-0.08578874;-0.01752757;3.08764;
ElbowLeft;-0.1860716;-0.00629333;3.198631;
WristRight;-0.2469764;-0.2350217;3.067324;
WristLeft;-0.2713674;-0.2515337;3.07841;
HandRight;-0.2949198;-0.3120327;3.074153;
HandLeft;-0.3057694;-0.3081472;3.089927;
Spine;-0.08886211;-0.08684891;3.317411;
HipCenter;-0.09244493;-0.1667863;3.316944;
HipRight;-0.05958881;-0.2130084;3.293375;
HipLeft;-0.1306697;-0.2403447;3.331455;
KneeRight;0.02643897;-0.6543809;3.259514;
KneeLeft;-0.2055678;-0.6940879;3.447172;
AnkleRight;0.3246374;-0.9834244;3.241824;
AnkleLeft;-0.259726;-1.017928;3.417595;
FootRight;0.3139984;-1.07936;3.233195;
FootLeft;-0.3662417;-1.090327;3.44215;
Head;-0.2352057;0.5434333;3.369867;
ShoulderCenter;-0.09609578;0.3831196;3.337599;
ShoulderRight;-0.04590642;0.2418104;3.209385;
ShoulderLeft;-0.2091041;0.122228;3.426326;
ElbowRight;-0.1205847;-0.01189791;3.091135;
ElbowLeft;-0.2112102;0.06424226;3.198847;
WristRight;-0.2542293;-0.2359186;3.075278;
WristLeft;-0.2959944;-0.1797269;3.078459;
HandRight;-0.2967957;-0.3172089;3.073371;
HandLeft;-0.2895945;-0.2712076;3.082196;
Spine;-0.1101191;-0.06588686;3.291131;
HipCenter;-0.1135224;-0.1541576;3.285416;
HipRight;-0.08376295;-0.1834697;3.239415;
HipLeft;-0.1445712;-0.233891;3.317498;
KneeRight;-0.03499065;-0.6515812;3.239896;
KneeLeft;-0.2311265;-0.7036422;3.441303;
AnkleRight;0.2750845;-0.9466148;3.231887;
AnkleLeft;-0.2617425;-1.030051;3.417823;
FootRight;0.2639459;-1.041945;3.244498;
FootLeft;-0.3725777;-1.094885;3.443612;
Head;-0.2602701;0.5533845;3.379645;
ShoulderCenter;-0.1230847;0.3899401;3.34162;
ShoulderRight;-0.08855619;0.2458252;3.220556;
ShoulderLeft;-0.236093;0.1290486;3.430347;
ElbowRight;-0.1352193;0.01096642;3.094235;
ElbowLeft;-0.2627729;0.03766158;3.218316;
WristRight;-0.2551696;-0.2383333;3.079206;
WristLeft;-0.3392226;-0.1937428;3.06884;
HandRight;-0.2979646;-0.3197881;3.072906;
HandLeft;-0.2833315;-0.2600292;3.100276;
Spine;-0.1170786;-0.05460709;3.276696;
HipCenter;-0.1173249;-0.1415861;3.265698;
HipRight;-0.08187013;-0.171462;3.230056;
HipLeft;-0.1553791;-0.2044145;3.272998;
KneeRight;-0.1260125;-0.6439375;3.226832;
KneeLeft;-0.259949;-0.7161068;3.432478;
AnkleRight;0.2135252;-0.9207531;3.232075;
AnkleLeft;-0.262781;-1.043232;3.418069;
FootRight;0.2352407;-1.023379;3.242358;
FootLeft;-0.3426753;-1.093395;3.401118;
Head;-0.3034136;0.55977;3.375649;
ShoulderCenter;-0.1678838;0.3951975;3.350054;
ShoulderRight;-0.1291381;0.254456;3.219445;
ShoulderLeft;-0.2808921;0.1343059;3.438782;
ElbowRight;-0.1508834;0.01769406;3.095904;
ElbowLeft;-0.2842772;0.05543137;3.219575;
WristRight;-0.2580168;-0.2375835;3.08187;
WristLeft;-0.3605171;-0.1745297;3.068685;
HandRight;-0.2978792;-0.3204048;3.07197;
HandLeft;-0.3316507;-0.2950235;3.059323;
Spine;-0.1279472;-0.0465349;3.274649;
HipCenter;-0.1233954;-0.1349286;3.263674;
HipRight;-0.08606586;-0.1610135;3.227362;
HipLeft;-0.1578666;-0.2028704;3.274367;
KneeRight;-0.1875254;-0.620536;3.22868;
KneeLeft;-0.2936747;-0.7301348;3.367852;
AnkleRight;0.1320954;-0.9069357;3.241478;
AnkleLeft;-0.2660515;-1.045044;3.421509;
FootRight;0.1514493;-1.021634;3.270601;
FootLeft;-0.3557753;-1.09216;3.434126;
Head;-0.3360195;0.5555209;3.380141;
ShoulderCenter;-0.1979842;0.3915699;3.348541;
ShoulderRight;-0.1503982;0.2553465;3.226465;
ShoulderLeft;-0.3109925;0.1306783;3.437268;
ElbowRight;-0.1789306;0.01973937;3.108084;
ElbowLeft;-0.3242806;0.05616897;3.217117;
WristRight;-0.26545;-0.2416928;3.086163;
WristLeft;-0.400113;-0.1732531;3.06618;
HandRight;-0.2982464;-0.3253224;3.074072;
HandLeft;-0.3635544;-0.2967017;3.05677;
Spine;-0.1494054;-0.04204106;3.279626;
HipCenter;-0.1397576;-0.1295125;3.269032;
HipRight;-0.09950622;-0.1562834;3.242113;
HipLeft;-0.1733566;-0.1956147;3.276805;
KneeRight;-0.2511964;-0.625241;3.240077;
KneeLeft;-0.278124;-0.7320977;3.371972;
AnkleRight;0.04968106;-0.900896;3.236944;
AnkleLeft;-0.2684321;-1.04768;3.422483;
FootRight;0.05235988;-1.017749;3.261852;
FootLeft;-0.353367;-1.091614;3.431093;
Head;-0.3883179;0.5639018;3.397305;
ShoulderCenter;-0.2507946;0.3987142;3.361525;
ShoulderRight;-0.194201;0.262475;3.226002;
ShoulderLeft;-0.3638029;0.1378227;3.450252;
ElbowRight;-0.2040948;0.01780019;3.112591;
ElbowLeft;-0.373233;0.064279;3.229844;
WristRight;-0.2750814;-0.2461003;3.090057;
WristLeft;-0.4490337;-0.1648306;3.07929;
HandRight;-0.2996377;-0.3286192;3.082017;
HandLeft;-0.4157811;-0.2889476;3.069546;
Spine;-0.2576485;-0.01019131;3.31523;
HipCenter;-0.2590193;-0.09197243;3.309683;
HipRight;-0.2325233;-0.1373707;3.256062;
HipLeft;-0.2876232;-0.1723383;3.346124;
KneeRight;-0.3034746;-0.6293529;3.248361;
KneeLeft;-0.2044592;-0.5887696;3.439182;
AnkleRight;-0.01202404;-0.9229005;3.249988;
AnkleLeft;-0.2714411;-1.022219;3.415508;
FootRight;-0.0552751;-1.033403;3.30452;
FootLeft;-0.3547865;-1.071398;3.356084;
Head;-0.4155338;0.5475845;3.424594;
ShoulderCenter;-0.2647985;0.3955879;3.355957;
ShoulderRight;-0.2069293;0.2600006;3.226334;
ShoulderLeft;-0.3778068;0.1346964;3.444684;
ElbowRight;-0.2329135;0.008856938;3.116157;
ElbowLeft;-0.4094839;0.05551659;3.229617;
WristRight;-0.2860833;-0.2477419;3.092874;
WristLeft;-0.341936;-0.2019603;3.141906;
HandRight;-0.3018474;-0.3277937;3.081648;
HandLeft;-0.2456411;-0.4203123;3.125599;
Spine;-0.2760024;-0.02592771;3.309582;
HipCenter;-0.278658;-0.1112077;3.303982;
HipRight;-0.2477812;-0.148728;3.262123;
HipLeft;-0.308864;-0.182992;3.330163;
KneeRight;-0.3659899;-0.6355148;3.256015;
KneeLeft;-0.2446843;-0.6224763;3.44106;
AnkleRight;-0.1065317;-0.9362383;3.258798;
AnkleLeft;-0.2698564;-1.023889;3.412879;
FootRight;-0.1903658;-1.032401;3.291799;
FootLeft;-0.343121;-1.086775;3.432649;
Head;-0.4338212;0.5736372;3.409409;
ShoulderCenter;-0.3159041;0.3981688;3.348359;
ShoulderRight;-0.2606505;0.2569453;3.228587;
ShoulderLeft;-0.4289124;0.1372773;3.437086;
ElbowRight;-0.2653392;-0.009385228;3.128528;
ElbowLeft;-0.4458984;0.05639188;3.221112;
WristRight;-0.2932485;-0.2408876;3.090036;
WristLeft;-0.3610874;-0.1966371;3.137622;
HandRight;-0.3078395;-0.3327439;3.087206;
HandLeft;-0.2524162;-0.4173974;3.122553;
Spine;-0.3145964;-0.03567879;3.299961;
HipCenter;-0.3142178;-0.1221467;3.294171;
HipRight;-0.2842767;-0.1572325;3.258509;
HipLeft;-0.3447786;-0.1911135;3.315427;
KneeRight;-0.4369508;-0.6385827;3.260468;
KneeLeft;-0.268355;-0.6330097;3.443056;
AnkleRight;-0.2212854;-0.9850519;3.292861;
AnkleLeft;-0.1563261;-0.9338726;3.358369;
FootRight;-0.3106307;-1.073576;3.330957;
FootLeft;-0.2535124;-0.9987577;3.418495;
Head;-0.4912849;0.5473778;3.390701;
ShoulderCenter;-0.3347507;0.4033953;3.354943;
ShoulderRight;-0.284065;0.2615749;3.231903;
ShoulderLeft;-0.447759;0.1425038;3.44367;
ElbowRight;-0.2805833;0.01700738;3.121534;
ElbowLeft;-0.4736278;0.06326328;3.228792;
WristRight;-0.3004912;-0.2349702;3.090153;
WristLeft;-0.3916282;-0.1889213;3.142977;
HandRight;-0.3088876;-0.3277868;3.087952;
HandLeft;-0.2854673;-0.4069333;3.127067;
Spine;-0.3430659;-0.05339924;3.300869;
HipCenter;-0.3469489;-0.1475404;3.29336;
HipRight;-0.3041011;-0.1713066;3.25662;
HipLeft;-0.3885858;-0.2247292;3.316037;
KneeRight;-0.5009214;-0.6312694;3.263864;
KneeLeft;-0.2979075;-0.6602678;3.453782;
AnkleRight;-0.328497;-1.022783;3.28487;
AnkleLeft;-0.2506044;-1.027033;3.383456;
FootRight;-0.4176191;-1.111086;3.322871;
FootLeft;-0.2689669;-1.113918;3.422208;
Head;-0.5183758;0.5648887;3.384043;
ShoulderCenter;-0.3790412;0.4047473;3.363378;
ShoulderRight;-0.3284318;0.2613661;3.242037;
ShoulderLeft;-0.4920495;0.1438558;3.452105;
ElbowRight;-0.2967473;0.01684158;3.121968;
ElbowLeft;-0.5136814;0.06453642;3.237331;
WristRight;-0.3525081;-0.2457729;3.102665;
WristLeft;-0.4303339;-0.1859095;3.150116;
HandRight;-0.3342129;-0.3370078;3.093776;
HandLeft;-0.3221189;-0.4064553;3.132304;
Spine;-0.3793295;-0.06576845;3.311771;
HipCenter;-0.3781734;-0.1594;3.304543;
HipRight;-0.3401566;-0.1837673;3.271909;
HipLeft;-0.4176056;-0.2344924;3.325;
KneeRight;-0.5340241;-0.6446458;3.27743;
KneeLeft;-0.3659958;-0.6749281;3.409116;
AnkleRight;-0.3622187;-1.035643;3.329127;
AnkleLeft;-0.2748702;-1.036418;3.404523;
FootRight;-0.4830009;-1.083573;3.306812;
FootLeft;-0.2933389;-1.123806;3.4435;
Head;-0.5614775;0.5549164;3.364673;
ShoulderCenter;-0.4166617;0.402378;3.360839;
ShoulderRight;-0.355969;0.2614563;3.239506;
ShoulderLeft;-0.52967;0.1414865;3.449566;
ElbowRight;-0.3218126;0.017817;3.122564;
ElbowLeft;-0.5452974;-0.002776371;3.254198;
WristRight;-0.354033;-0.240979;3.101712;
WristLeft;-0.6206443;-0.124413;3.472151;
HandRight;-0.3552892;-0.3340018;3.093114;
HandLeft;-0.6695788;-0.1722753;3.481275;
Spine;-0.4235537;-0.05171415;3.323063;
HipCenter;-0.4250391;-0.1420678;3.319643;
HipRight;-0.3840297;-0.1744768;3.317141;
HipLeft;-0.4665185;-0.2036715;3.31245;
KneeRight;-0.5965019;-0.6489176;3.270521;
KneeLeft;-0.4088382;-0.6758691;3.398674;
AnkleRight;-0.5678623;-1.065526;3.270431;
AnkleLeft;-0.2731419;-1.03243;3.406757;
FootRight;-0.6819493;-1.116895;3.296049;
FootLeft;-0.3648733;-1.094401;3.434735;
Head;-0.5479327;0.5127032;3.333903;
ShoulderCenter;-0.4552446;0.3169695;3.359775;
ShoulderRight;-0.3866396;0.2581638;3.238958;
ShoulderLeft;-0.5682529;0.05607796;3.448502;
ElbowRight;-0.3570464;0.01382139;3.122314;
ElbowLeft;-0.5782238;-0.08782862;3.253513;
WristRight;-0.3726363;-0.2312695;3.104802;
WristLeft;-0.6591877;-0.158885;3.489821;
HandRight;-0.3770928;-0.3251066;3.099499;
HandLeft;-0.7584497;-0.2411875;3.653687;
Spine;-0.4297328;-0.05415642;3.316508;
HipCenter;-0.429305;-0.137563;3.311233;
HipRight;-0.4024932;-0.1618549;3.258947;
HipLeft;-0.4630089;-0.2182528;3.318257;
KneeRight;-0.6203073;-0.5663735;3.267953;
KneeLeft;-0.4633647;-0.6753704;3.383262;
AnkleRight;-0.6713681;-1.007229;3.256609;
AnkleLeft;-0.2727756;-1.032014;3.408442;
FootRight;-0.7752292;-1.085206;3.283082;
FootLeft;-0.3639308;-1.094231;3.433961;
Head;-0.5880715;0.5579573;3.328593;
ShoulderCenter;-0.4791531;0.3959122;3.370766;
ShoulderRight;-0.4310852;0.2415836;3.230341;
ShoulderLeft;-0.5921614;0.1350206;3.459493;
ElbowRight;-0.3980684;-0.02264978;3.134945;
ElbowLeft;-0.6021323;-0.008885965;3.264505;
WristRight;-0.415761;-0.2534426;3.113914;
WristLeft;-0.6933067;-0.1234072;3.481029;
HandRight;-0.4103337;-0.3475397;3.113316;
HandLeft;-0.7471366;-0.1615933;3.45872;
Spine;-0.5014495;-0.06167424;3.329217;
HipCenter;-0.5059088;-0.1531915;3.324651;
HipRight;-0.468641;-0.1706453;3.321642;
HipLeft;-0.5473772;-0.2219419;3.318016;
KneeRight;-0.6539;-0.5661743;3.271271;
KneeLeft;-0.5942334;-0.6980672;3.313972;
AnkleRight;-0.792381;-0.9905898;3.268668;
AnkleLeft;-0.2944657;-1.008376;3.401838;
FootRight;-0.9008959;-1.058665;3.3024;
FootLeft;-0.3828145;-1.086431;3.462247;
Head;-0.6564772;0.5339071;3.329217;
ShoulderCenter;-0.5223001;0.3845987;3.361078;
ShoulderRight;-0.463521;0.2371392;3.225211;
ShoulderLeft;-0.6353086;0.1237071;3.449805;
ElbowRight;-0.4297543;-0.03117856;3.138991;
ElbowLeft;-0.372317;0.0580142;3.366749;
WristRight;-0.4487698;-0.3066982;3.119664;
WristLeft;-0.5719125;-0.07300082;3.490308;
HandRight;-0.4378681;-0.374845;3.107869;
HandLeft;-0.6267546;-0.1149951;3.478873;
Spine;-0.522858;-0.07164446;3.319985;
HipCenter;-0.524031;-0.1628628;3.315585;
HipRight;-0.4853275;-0.1805134;3.297156;
HipLeft;-0.5702127;-0.2389408;3.32008;
KneeRight;-0.6995099;-0.5797106;3.263393;
KneeLeft;-0.6444315;-0.7156024;3.30273;
AnkleRight;-0.8567035;-0.9980571;3.290483;
AnkleLeft;-0.3138283;-0.9961156;3.395159;
FootRight;-0.9757959;-1.057063;3.303123;
FootLeft;-0.3868074;-1.081017;3.467892;
Head;-0.6883415;0.5482414;3.341978;
ShoulderCenter;-0.5706767;0.3728928;3.341802;
ShoulderRight;-0.5054062;0.2354427;3.226434;
ShoulderLeft;-0.6836851;0.1120013;3.430529;
ElbowRight;-0.4761343;-0.0352421;3.139512;
ElbowLeft;-0.4185162;0.04663941;3.3478;
WristRight;-0.4882781;-0.3130367;3.117317;
WristLeft;-0.6208234;-0.09112629;3.464633;
HandRight;-0.4810774;-0.3825254;3.109688;
HandLeft;-0.6641596;-0.1282391;3.505661;
Spine;-0.5731056;-0.06953236;3.31718;
HipCenter;-0.5733926;-0.1580368;3.315992;
HipRight;-0.5287737;-0.1786334;3.315118;
HipLeft;-0.616627;-0.2339576;3.309091;
KneeRight;-0.381402;-0.6964864;3.461791;
KneeLeft;-0.641351;-0.7072374;3.320245;
AnkleRight;-0.5668602;-1.192026;3.499641;
AnkleLeft;-0.3093332;-0.997835;3.399047;
FootRight;-0.6881192;-1.161055;3.452932;
FootLeft;-0.3854406;-1.079236;3.47271;
Head;-0.7096084;0.5441247;3.342588;
ShoulderCenter;-0.591295;0.3664375;3.333295;
ShoulderRight;-0.5527442;0.2213975;3.210349;
ShoulderLeft;-0.7043034;0.105546;3.422022;
ElbowRight;-0.5113834;-0.04995243;3.135078;
ElbowLeft;-0.7042909;0.02705765;3.201958;
WristRight;-0.5363902;-0.3109714;3.112592;
WristLeft;-0.7824866;-0.1169318;3.411484;
HandRight;-0.5321743;-0.3792732;3.095909;
HandLeft;-0.8249141;-0.1679465;3.435119;
Spine;-0.5852577;-0.0784147;3.30853;
HipCenter;-0.5843922;-0.1674525;3.307192;
HipRight;-0.5451809;-0.1915504;3.297687;
HipLeft;-0.6223746;-0.2369927;3.306809;
KneeRight;-0.3978121;-0.7055453;3.460095;
KneeLeft;-0.637041;-0.6605923;3.344289;
AnkleRight;-0.5832703;-1.201085;3.497951;
AnkleLeft;-0.3261161;-0.9811043;3.398452;
FootRight;-0.7109331;-1.174532;3.46919;
FootLeft;-0.3632132;-1.097005;3.438355;
Head;-0.7649004;0.5336572;3.317187;
ShoulderCenter;-0.6337981;0.3690874;3.326142;
ShoulderRight;-0.5624646;0.2257786;3.211204;
ShoulderLeft;-0.7468065;0.1081959;3.414869;
ElbowRight;-0.5626748;-0.05084628;3.133832;
ElbowLeft;-0.6423693;0.1286394;3.125188;
WristRight;-0.5842852;-0.3193034;3.115385;
WristLeft;-0.74867;-0.0347157;3.311857;
HandRight;-0.5496578;-0.3786032;3.098658;
HandLeft;-0.7754395;-0.07074578;3.366452;
Spine;-0.6403165;-0.03416875;3.306527;
HipCenter;-0.6409725;-0.1148604;3.306446;
HipRight;-0.6076413;-0.1558152;3.254809;
HipLeft;-0.6753621;-0.204093;3.348823;
KneeRight;-0.4399084;-0.6439037;3.453509;
KneeLeft;-0.7523401;-0.6620457;3.302319;
AnkleRight;-0.5979878;-1.066288;3.481374;
AnkleLeft;-0.4083631;-0.9406815;3.376189;
FootRight;-0.7251772;-1.080203;3.442918;
FootLeft;-0.4007252;-1.06375;3.427622;
Head;-0.7853302;0.5477667;3.324537;
ShoulderCenter;-0.6674699;0.3677433;3.309548;
ShoulderRight;-0.6283523;0.2146991;3.198223;
ShoulderLeft;-0.7165897;0.2039665;3.169226;
ElbowRight;-0.6026365;-0.06287675;3.138224;
ElbowLeft;-0.5864688;0.1166601;3.003651;
WristRight;-0.7483979;-0.289592;3.144954;
WristLeft;-0.7003396;-0.02021344;3.204982;
HandRight;-0.7248095;-0.3539094;3.128485;
HandLeft;-0.7270563;-0.05609159;3.259418;
Spine;-0.6923885;-0.0262374;3.320467;
HipCenter;-0.6918877;-0.1045632;3.309994;
HipRight;-0.6773044;-0.1572392;3.250654;
HipLeft;-0.7099138;-0.1797211;3.365226;
KneeRight;-0.4913297;-0.6389756;3.452872;
KneeLeft;-0.8169583;-0.6716056;3.284092;
AnkleRight;-0.6491827;-1.060754;3.480686;
AnkleLeft;-0.4497638;-0.9147155;3.364672;
FootRight;-0.7757367;-1.076661;3.441918;
FootLeft;-0.4341854;-1.034256;3.421587;
Head;-0.8539976;0.5287064;3.316791;
ShoulderCenter;-0.7104619;0.3696176;3.307647;
ShoulderRight;-0.662713;0.2189508;3.190099;
ShoulderLeft;-0.7504681;0.2058009;3.169631;
ElbowRight;-0.6578485;-0.05874103;3.123836;
ElbowLeft;-0.6379758;0.1109096;2.994086;
WristRight;-0.6949214;-0.270105;3.086735;
WristLeft;-0.751053;-0.0244901;3.196407;
HandRight;-0.6714123;-0.3342064;3.070321;
HandLeft;-0.7777065;-0.06017492;3.250696;
Spine;-0.7274266;-0.01311324;3.316267;
HipCenter;-0.727232;-0.08900441;3.303946;
HipRight;-0.7108581;-0.1537745;3.238379;
HipLeft;-0.7480896;-0.167717;3.364038;
KneeRight;-0.5355535;-0.6525354;3.41489;
KneeLeft;-0.8292143;-0.6761593;3.287103;
AnkleRight;-0.6931812;-1.073712;3.442642;
AnkleLeft;-0.4592074;-0.9131061;3.36904;
FootRight;-0.8176826;-1.105835;3.408536;
FootLeft;-0.4446306;-1.032078;3.426737;
Head;-0.8817527;0.545318;3.305989;
ShoulderCenter;-0.7595468;0.3681985;3.290604;
ShoulderRight;-0.7036768;0.2303364;3.189811;
ShoulderLeft;-0.8169022;0.206379;3.183736;
ElbowRight;-0.7091946;-0.04411423;3.10581;
ElbowLeft;-0.6985356;0.1135159;3.011944;
WristRight;-0.7434592;-0.3217025;3.083471;
WristLeft;-0.8113288;-0.02303838;3.213296;
HandRight;-0.720027;-0.3855939;3.067111;
HandLeft;-0.8378949;-0.05860636;3.267407;
Spine;-0.7612904;-0.01950153;3.310658;
HipCenter;-0.7607152;-0.09657419;3.301066;
HipRight;-0.7405342;-0.1530436;3.249469;
HipLeft;-0.7858421;-0.1548542;3.348649;
KneeRight;-0.5909941;-0.6641115;3.421244;
KneeLeft;-0.8566332;-0.6823859;3.290149;
AnkleRight;-0.9268582;-0.9545648;3.303128;
AnkleLeft;-0.4815957;-0.9077755;3.376409;
FootRight;-1.052258;-0.9726681;3.263576;
FootLeft;-0.4973358;-1.025484;3.435689;
Head;-0.9399856;0.5248628;3.281115;
ShoulderCenter;-0.7917696;0.3729077;3.285563;
ShoulderRight;-0.7344828;0.2331407;3.182861;
ShoulderLeft;-0.9002703;0.08610055;3.221742;
ElbowRight;-0.7534464;-0.04009399;3.102565;
ElbowLeft;-0.8736816;0.04085943;2.992813;
WristRight;-0.8114003;-0.2734401;3.091963;
WristLeft;-0.9745733;-0.07919711;3.207729;
HandRight;-0.7878855;-0.3375569;3.075545;
HandLeft;-1.001233;-0.1148905;3.262031;
Spine;-0.7894055;-0.01982613;3.304971;
HipCenter;-0.7927347;-0.09818134;3.297185;
HipRight;-0.7576122;-0.1624527;3.24164;
HipLeft;-0.8346488;-0.1796731;3.35401;
KneeRight;-0.6256241;-0.6746175;3.428984;
KneeLeft;-0.8095195;-0.6787701;3.35874;
AnkleRight;-0.9464538;-0.9805543;3.298842;
AnkleLeft;-0.4443859;-0.9381818;3.406072;
FootRight;-1.072736;-0.9910753;3.259032;
FootLeft;-0.5231441;-1.033081;3.450572;
Head;-0.9519048;0.5601487;3.257979;
ShoulderCenter;-0.8400967;0.3870883;3.286504;
ShoulderRight;-0.787579;0.2420737;3.163265;
ShoulderLeft;-0.9353641;0.0973437;3.223542;
ElbowRight;-0.8097733;-0.03405628;3.098047;
ElbowLeft;-0.9087016;0.05197698;2.994067;
WristRight;-0.8831927;-0.2831745;3.087554;
WristLeft;-1.009846;-0.06830884;3.209691;
HandRight;-0.8936836;-0.3650941;3.083565;
HandLeft;-1.036468;-0.1039508;3.263914;
Spine;-0.8335378;-0.01032464;3.296027;
HipCenter;-0.8386622;-0.08934619;3.287089;
HipRight;-0.8077739;-0.1573492;3.224944;
HipLeft;-0.8632029;-0.1742337;3.346281;
KneeRight;-0.6463092;-0.6600221;3.42275;
KneeLeft;-0.8740166;-0.7194799;3.332991;
AnkleRight;-0.9629526;-0.9712394;3.288447;
AnkleLeft;-0.4975676;-0.9522731;3.413185;
FootRight;-0.9819754;-1.100729;3.308861;
FootLeft;-0.5908322;-1.036487;3.454951;
Head;-1.003392;0.5492123;3.256325;
ShoulderCenter;-0.8697053;0.3904386;3.282279;
ShoulderRight;-0.8055769;0.2440641;3.166703;
ShoulderLeft;-0.9745883;0.102848;3.218941;
ElbowRight;-0.8599662;-0.02339993;3.084623;
ElbowLeft;-0.9480578;0.05770584;2.990443;
WristRight;-0.9493229;-0.2863773;3.078168;
WristLeft;-0.9212764;-0.2018455;3.070789;
HandRight;-0.9689302;-0.3529596;3.069812;
HandLeft;-0.9478118;-0.2373723;3.124837;
Spine;-0.8275047;-0.0147608;3.274633;
HipCenter;-0.8232612;-0.09586769;3.251043;
HipRight;-0.7759375;-0.1546236;3.179258;
HipLeft;-0.8494827;-0.1877476;3.298925;
KneeRight;-0.6702055;-0.6601506;3.409803;
KneeLeft;-0.87734;-0.7189587;3.338418;
AnkleRight;-0.9343414;-1.072623;3.330317;
AnkleLeft;-0.5769292;-0.9281135;3.410025;
FootRight;-0.9678375;-1.122146;3.232284;
FootLeft;-0.6733219;-1.008945;3.450172;
Head;-1.063967;0.5337629;3.328278;
ShoulderCenter;-0.8965741;0.3909524;3.276479;
ShoulderRight;-0.8320096;0.2490636;3.169284;
ShoulderLeft;-0.9960629;0.1031027;3.214214;
ElbowRight;-0.9077556;-0.0125283;3.077334;
ElbowLeft;-0.9756629;-0.1112499;3.006367;
WristRight;-0.9996029;-0.2197076;3.062947;
WristLeft;-1.038475;-0.3106287;3.050108;
HandRight;-1.028591;-0.3104127;3.068563;
HandLeft;-1.053757;-0.3756162;3.072783;
Spine;-0.8646073;-0.01658057;3.265632;
HipCenter;-0.8665829;-0.09655695;3.244002;
HipRight;-0.8283769;-0.1657749;3.165082;
HipLeft;-0.8972949;-0.2054083;3.305118;
KneeRight;-0.7244843;-0.6738912;3.394764;
KneeLeft;-0.8906447;-0.7125865;3.332917;
AnkleRight;-0.9342399;-1.072623;3.330411;
AnkleLeft;-0.7276989;-1.007193;3.304042;
FootRight;-0.9663615;-1.121835;3.231151;
FootLeft;-0.8503784;-1.05766;3.304271;
Head;-1.074391;0.5584465;3.329006;
ShoulderCenter;-0.9281259;0.395501;3.264698;
ShoulderRight;-0.883121;0.2629653;3.173988;
ShoulderLeft;-0.968567;0.2744067;3.121841;
ElbowRight;-0.9515815;-0.0003979802;3.078727;
ElbowLeft;-0.9821463;0.07677381;2.994109;
WristRight;-1.073653;-0.2521769;3.069334;
WristLeft;-1.049605;-0.1883969;3.037748;
HandRight;-1.108364;-0.3403866;3.078298;
HandLeft;-1.076766;-0.2504936;3.056702;
Spine;-0.9339143;-0.002857259;3.263908;
HipCenter;-0.9204068;-0.08100751;3.246525;
HipRight;-0.9005997;-0.115065;3.206377;
HipLeft;-0.9373941;-0.1398572;3.280662;
KneeRight;-0.8392293;-0.6677666;3.336328;
KneeLeft;-0.9080757;-0.7090379;3.33954;
AnkleRight;-0.9514672;-0.9838058;3.299248;
AnkleLeft;-0.8029472;-1.004663;3.464688;
FootRight;-0.8951063;-1.031249;3.210911;
FootLeft;-0.924877;-1.055956;3.46492;
Head;-1.107591;0.581171;3.286588;
ShoulderCenter;-0.9821677;0.4018503;3.264656;
ShoulderRight;-0.8961162;0.2618857;3.168767;
ShoulderLeft;-0.9804344;0.2192418;3.097542;
ElbowRight;-1.004338;0.01137289;3.075407;
ElbowLeft;-1.042309;0.03884736;2.979707;
WristRight;-1.140115;-0.2335425;3.069171;
WristLeft;-1.107481;-0.2252647;3.031549;
HandRight;-1.188257;-0.3415127;3.087024;
HandLeft;-1.181614;-0.2722012;3.068793;
Spine;-0.9912475;0.00121925;3.275987;
HipCenter;-0.9773144;-0.07806762;3.262826;
HipRight;-0.9591495;-0.142942;3.193658;
HipLeft;-0.9939504;-0.1643657;3.326625;
KneeRight;-0.9281368;-0.6777055;3.269464;
KneeLeft;-1.150842;-0.6576688;3.462538;
AnkleRight;-0.9314926;-1.060262;3.326358;
AnkleLeft;-0.8280423;-0.9759463;3.473278;
FootRight;-0.991397;-1.131666;3.297053;
FootLeft;-0.9422802;-1.042423;3.475168;
Head;-1.157609;0.5705398;3.267873;
ShoulderCenter;-1.028893;0.399209;3.273129;
ShoulderRight;-0.9571686;0.2666182;3.165572;
ShoulderLeft;-1.02716;0.2166004;3.106015;
ElbowRight;-1.053053;0.01340306;3.065431;
ElbowLeft;-1.032086;0.06705099;2.933443;
WristRight;-1.198897;-0.2237724;3.07712;
WristLeft;-1.156138;-0.161586;3.021091;
HandRight;-1.224935;-0.3148043;3.08518;
HandLeft;-1.155736;-0.2318032;3.022658;
Spine;-1.027599;0.02422636;3.284755;
HipCenter;-1.013759;-0.04853956;3.272341;
HipRight;-0.9847242;-0.1337198;3.190092;
HipLeft;-1.024984;-0.1519408;3.346994;
KneeRight;-0.935119;-0.6749192;3.261986;
KneeLeft;-1.186853;-0.6633298;3.470169;
AnkleRight;-0.931002;-1.06117;3.327511;
AnkleLeft;-1.017795;-0.9973464;3.547413;
FootRight;-0.9916712;-1.131058;3.296576;
FootLeft;-0.9514734;-1.045231;3.466866;
Head;-1.16247;0.5789895;3.264324;
ShoulderCenter;-1.046725;0.4011875;3.277733;
ShoulderRight;-0.9791483;0.2616151;3.163148;
ShoulderLeft;-1.052024;0.2446126;3.115845;
ElbowRight;-1.093739;0.01679721;3.063357;
ElbowLeft;-1.084905;0.1099886;2.933037;
WristRight;-1.253489;-0.2096826;3.081872;
WristLeft;-1.214126;-0.1168639;3.01676;
HandRight;-1.318641;-0.3117233;3.101673;
HandLeft;-1.241463;-0.1787713;3.034781;
Spine;-1.05103;0.004473761;3.281426;
HipCenter;-1.039964;-0.07577314;3.263463;
HipRight;-1.012375;-0.1378896;3.189144;
HipLeft;-1.055905;-0.1605507;3.328758;
KneeRight;-0.954474;-0.6623728;3.256648;
KneeLeft;-1.225703;-0.6673097;3.477569;
AnkleRight;-0.9324591;-1.054987;3.325205;
AnkleLeft;-1.158959;-1.062172;3.494665;
FootRight;-0.9910951;-1.129043;3.301384;
FootLeft;-1.102164;-1.109729;3.407216;
Head;-1.18267;0.5884292;3.261159;
ShoulderCenter;-1.097497;0.3960926;3.281325;
ShoulderRight;-1.013904;0.2574551;3.166874;
ShoulderLeft;-1.078025;0.2479048;3.111278;
ElbowRight;-1.139905;0.01738726;3.070035;
ElbowLeft;-1.133679;0.0817507;2.968231;
WristRight;-1.300244;-0.2090631;3.086449;
WristLeft;-1.280367;-0.1337339;3.053194;
HandRight;-1.334648;-0.3030488;3.104222;
HandLeft;-1.405349;-0.3203863;3.117429;
Spine;-1.084786;0.00468068;3.276364;
HipCenter;-1.064825;-0.07181443;3.25871;
HipRight;-1.043774;-0.1425357;3.175352;
HipLeft;-1.081122;-0.159183;3.327727;
KneeRight;-0.9797255;-0.6780187;3.262488;
KneeLeft;-1.261016;-0.6812004;3.482035;
AnkleRight;-0.9352407;-1.060009;3.327885;
AnkleLeft;-1.247805;-1.066356;3.496953;
FootRight;-0.9931458;-1.131474;3.296894;
FootLeft;-1.179305;-1.111925;3.417768;
Head;-1.181446;0.597356;3.271217;
ShoulderCenter;-1.124115;0.39202;3.282699;
ShoulderRight;-1.061511;0.2491017;3.170068;
ShoulderLeft;-1.139878;0.2622789;3.121934;
ElbowRight;-1.169111;0.02141046;3.070837;
ElbowLeft;-1.209555;0.03466151;2.983197;
WristRight;-1.352814;-0.1864732;3.090767;
WristLeft;-1.363256;-0.1758394;3.069284;
HandRight;-1.381819;-0.2599874;3.107656;
HandLeft;-1.409737;-0.2271257;3.0608;
Spine;-1.108265;0.005062064;3.281241;
HipCenter;-1.089626;-0.06954111;3.260336;
HipRight;-1.058473;-0.1379104;3.179904;
HipLeft;-1.111116;-0.1520606;3.326869;
KneeRight;-1.051894;-0.6977387;3.301819;
KneeLeft;-1.302648;-0.6722201;3.482163;
AnkleRight;-0.9369466;-1.060351;3.329155;
AnkleLeft;-1.382288;-1.064506;3.52141;
FootRight;-0.9934173;-1.130851;3.295165;
FootLeft;-1.325354;-1.109968;3.434325;
Head;-1.319645;0.5414344;3.328259;
ShoulderCenter;-1.159858;0.3888006;3.286802;
ShoulderRight;-1.09299;0.2505306;3.176939;
ShoulderLeft;-1.202837;0.191312;3.121341;
ElbowRight;-1.21488;0.0224394;3.066049;
ElbowLeft;-1.293203;-0.04648539;3.049007;
WristRight;-1.404711;-0.1762876;3.104661;
WristLeft;-1.456708;-0.252619;3.112178;
HandRight;-1.458258;-0.2753634;3.128654;
HandLeft;-1.505972;-0.2999432;3.099442;
Spine;-1.148666;-0.002157276;3.293303;
HipCenter;-1.134054;-0.07798432;3.271333;
HipRight;-1.108054;-0.1537652;3.19765;
HipLeft;-1.147909;-0.1629816;3.334127;
KneeRight;-1.132891;-0.6899387;3.340638;
KneeLeft;-1.35614;-0.6780415;3.488246;
AnkleRight;-0.9375925;-1.06051;3.329329;
AnkleLeft;-1.471934;-1.071638;3.512704;
FootRight;-1.016369;-1.115519;3.320899;
FootLeft;-1.427619;-1.118141;3.419165;
Head;-1.346176;0.5648726;3.327278;
ShoulderCenter;-1.220732;0.3842793;3.308538;
ShoulderRight;-1.145958;0.2438108;3.174325;
ShoulderLeft;-1.210116;0.2549646;3.141551;
ElbowRight;-1.251441;0.01690691;3.075361;
ElbowLeft;-1.297378;-0.007966161;3.064152;
WristRight;-1.438169;-0.1856432;3.111095;
WristLeft;-1.480279;-0.214525;3.102617;
HandRight;-1.465632;-0.2574126;3.127689;
HandLeft;-1.525205;-0.2673054;3.101703;
Spine;-1.201991;-0.01372017;3.303838;
HipCenter;-1.183084;-0.08939353;3.278282;
HipRight;-1.162364;-0.1537471;3.210981;
HipLeft;-1.188847;-0.160187;3.332776;
KneeRight;-1.169263;-0.6869782;3.352849;
KneeLeft;-1.391124;-0.6768797;3.484745;
AnkleRight;-0.9404612;-1.055506;3.327093;
AnkleLeft;-1.597951;-1.060957;3.513774;
FootRight;-1.015084;-1.11617;3.320412;
FootLeft;-1.547627;-1.106106;3.422715;
Head;-1.374413;0.5467005;3.315843;
ShoulderCenter;-1.236117;0.3772807;3.307551;
ShoulderRight;-1.168237;0.2379753;3.188555;
ShoulderLeft;-1.26675;0.2184642;3.15044;
ElbowRight;-1.29559;0.008882284;3.078396;
ElbowLeft;-1.383558;-0.03479587;3.079933;
WristRight;-1.447002;-0.1788619;3.108144;
WristLeft;-1.54861;-0.2541644;3.117242;
HandRight;-1.474465;-0.2506313;3.124738;
HandLeft;-1.600435;-0.299154;3.12507;
Spine;-1.230914;-0.01657496;3.311777;
HipCenter;-1.219399;-0.09206054;3.285447;
HipRight;-1.193425;-0.1593962;3.215063;
HipLeft;-1.242313;-0.169691;3.345991;
KneeRight;-1.099932;-0.674118;3.285553;
KneeLeft;-1.423352;-0.6611268;3.475495;
AnkleRight;-0.9425797;-1.05584;3.327393;
AnkleLeft;-1.631721;-1.052884;3.504243;
FootRight;-1.015561;-1.11836;3.320321;
FootLeft;-1.594559;-1.099343;3.407745;
Head;-1.46487;0.5237933;3.365156;
ShoulderCenter;-1.307284;0.3677268;3.324326;
ShoulderRight;-1.218811;0.2373056;3.205438;
ShoulderLeft;-1.318685;0.2141191;3.145995;
ElbowRight;-1.332791;0.007854411;3.089104;
ElbowLeft;-1.419287;-0.04834132;3.135679;
WristRight;-1.52484;-0.1962702;3.102859;
WristLeft;-1.566066;-0.2556369;3.114642;
HandRight;-1.566658;-0.2832968;3.12162;
HandLeft;-1.609529;-0.3088173;3.110063;
Spine;-1.294882;0.005665095;3.321966;
HipCenter;-1.275084;-0.06220398;3.29435;
HipRight;-1.245234;-0.158185;3.196083;
HipLeft;-1.289851;-0.1676153;3.371439;
KneeRight;-1.110969;-0.6900817;3.279251;
KneeLeft;-1.449683;-0.6759402;3.482072;
AnkleRight;-0.9503384;-1.055804;3.325014;
AnkleLeft;-1.656598;-1.082058;3.495599;
FootRight;-0.9480383;-1.133117;3.267597;
FootLeft;-1.60446;-1.126965;3.405552;
Head;-1.44052;0.5563087;3.310133;
ShoulderCenter;-1.338293;0.3694013;3.327321;
ShoulderRight;-1.246812;0.2314759;3.210348;
ShoulderLeft;-1.320168;0.2132875;3.143357;
ElbowRight;-1.367488;0.002135345;3.104901;
ElbowLeft;-1.437193;-0.04101738;3.145741;
WristRight;-1.530711;-0.1975833;3.110229;
WristLeft;-1.598882;-0.2636662;3.118898;
HandRight;-1.558174;-0.2693527;3.126823;
HandLeft;-1.643813;-0.3233229;3.134229;
Spine;-1.321268;-0.004094209;3.322515;
HipCenter;-1.294366;-0.07341519;3.297261;
HipRight;-1.278165;-0.1610048;3.219521;
HipLeft;-1.301839;-0.1591855;3.364784;
KneeRight;-1.141989;-0.7046112;3.284764;
KneeLeft;-1.499292;-0.6790081;3.487866;
AnkleRight;-0.9593458;-1.064572;3.327934;
AnkleLeft;-1.646875;-1.078965;3.481161;
FootRight;-0.9917209;-1.140808;3.278327;
FootLeft;-1.5775;-1.12326;3.402892;
Head;-1.488441;0.5617364;3.337255;
ShoulderCenter;-1.380203;0.3723942;3.335681;
ShoulderRight;-1.30813;0.2340038;3.220159;
ShoulderLeft;-1.320549;0.2137474;3.145176;
ElbowRight;-1.411128;-0.002888156;3.123435;
ElbowLeft;-1.451263;-0.03667948;3.11504;
WristRight;-1.577876;-0.2305865;3.120374;
WristLeft;-1.608323;-0.2578512;3.117894;
HandRight;-1.631847;-0.3065965;3.124601;
HandLeft;-1.646415;-0.3252572;3.12889;
Spine;-1.3878;-0.008458423;3.320239;
HipCenter;-1.351838;-0.08181821;3.313873;
HipRight;-1.344218;-0.1608968;3.239668;
HipLeft;-1.348486;-0.1507215;3.375655;
KneeRight;-1.238468;-0.6869776;3.308278;
KneeLeft;-1.507339;-0.6669751;3.467993;
AnkleRight;-0.9901162;-1.02544;3.316428;
AnkleLeft;-1.642122;-1.063475;3.467615;
FootRight;-1.023174;-1.097205;3.260541;
FootLeft;-1.539716;-1.109438;3.448535;
Head;-1.498516;0.584469;3.332683;
ShoulderCenter;-1.434625;0.3785267;3.343635;
ShoulderRight;-1.360115;0.2410415;3.222503;
ShoulderLeft;-1.394163;0.2183538;3.168904;
ElbowRight;-1.435209;-0.001939891;3.126396;
ElbowLeft;-1.484541;-0.05021727;3.133917;
WristRight;-1.579877;-0.2296671;3.119865;
WristLeft;-1.610955;-0.2578398;3.114696;
HandRight;-1.632485;-0.3069257;3.124342;
HandLeft;-1.647858;-0.3267541;3.12701;
Spine;-1.407742;-0.01688714;3.33123;
HipCenter;-1.373747;-0.08907226;3.311357;
HipRight;-1.36442;-0.1489949;3.24325;
HipLeft;-1.372761;-0.1567531;3.366669;
KneeRight;-1.297671;-0.6745743;3.314947;
KneeLeft;-1.567893;-0.6909347;3.483534;
AnkleRight;-1.010611;-1.024213;3.335039;
AnkleLeft;-1.648214;-1.0735;3.464739;
FootRight;-1.043849;-1.096369;3.278846;
FootLeft;-1.561935;-1.117274;3.403536;
Head;-1.586112;0.5749885;3.339518;
ShoulderCenter;-1.486555;0.385698;3.358009;
ShoulderRight;-1.384092;0.2496434;3.230148;
ShoulderLeft;-1.458407;0.2121645;3.169801;
ElbowRight;-1.482305;-0.01093978;3.137513;
ElbowLeft;-1.533022;-0.06335355;3.142019;
WristRight;-1.608439;-0.2339976;3.125239;
WristLeft;-1.611084;-0.2613129;3.11062;
HandRight;-1.643101;-0.3211593;3.121839;
HandLeft;-1.650424;-0.3344035;3.123384;
Spine;-1.467978;-0.0190044;3.348598;
HipCenter;-1.44091;-0.09398255;3.317981;
HipRight;-1.423032;-0.155041;3.243468;
HipLeft;-1.445724;-0.1702187;3.376674;
KneeRight;-1.362243;-0.6729188;3.320304;
KneeLeft;-1.600342;-0.7253985;3.457725;
AnkleRight;-1.085105;-0.9978184;3.333224;
AnkleLeft;-1.663215;-1.093639;3.442858;
FootRight;-1.118349;-1.069987;3.277022;
FootLeft;-1.600569;-1.138264;3.358039;
Head;-1.612022;0.573916;3.338067;
ShoulderCenter;-1.500663;0.3913633;3.356996;
ShoulderRight;-1.428571;0.2570241;3.244271;
ShoulderLeft;-1.484796;0.2410399;3.181536;
ElbowRight;-1.504358;-0.009204686;3.144743;
ElbowLeft;-1.554012;-0.03563263;3.140427;
WristRight;-1.615066;-0.2368933;3.128102;
WristLeft;-1.635052;-0.2984371;3.129134;
HandRight;-1.64991;-0.3241183;3.124397;
HandLeft;-1.645285;-0.3668487;3.118785;
Spine;-1.483768;-0.01424359;3.34545;
HipCenter;-1.451463;-0.08934332;3.319299;
HipRight;-1.439731;-0.1398875;3.261079;
HipLeft;-1.464382;-0.1479228;3.366005;
KneeRight;-1.44334;-0.671138;3.307551;
KneeLeft;-1.572412;-0.6926842;3.336984;
AnkleRight;-1.146905;-0.9462357;3.319706;
AnkleLeft;-1.661586;-1.08645;3.446665;
FootRight;-1.151101;-1.061623;3.350398;
FootLeft;-1.584205;-1.130807;3.374675;
Head;-1.571203;0.5982223;3.321882;
ShoulderCenter;-1.551206;0.3893781;3.352355;
ShoulderRight;-1.454418;0.2563363;3.244603;
ShoulderLeft;-1.529776;0.2131953;3.161511;
ElbowRight;-1.531867;-0.009168893;3.146056;
ElbowLeft;-1.582336;-0.06688717;3.131527;
WristRight;-1.624469;-0.1981826;3.122834;
WristLeft;-1.65593;-0.341997;3.126663;
HandRight;-1.652573;-0.252977;3.154879;
HandLeft;-1.637699;-0.4048756;3.103575;
Spine;-1.513584;-0.01462942;3.349193;
HipCenter;-1.478085;-0.08838013;3.322206;
HipRight;-1.453636;-0.1472672;3.258759;
HipLeft;-1.483315;-0.1562098;3.3731;
KneeRight;-1.455351;-0.7278835;3.30998;
KneeLeft;-1.575438;-0.6899747;3.329543;
AnkleRight;-1.194436;-0.9389279;3.325159;
AnkleLeft;-1.660443;-1.078319;3.448898;
FootRight;-1.120265;-0.9826929;3.249861;
FootLeft;-1.586273;-1.122084;3.373599;
Head;-1.621946;0.5922375;3.3265;
ShoulderCenter;-1.558493;0.3903123;3.351699;
ShoulderRight;-1.465852;0.2338753;3.279187;
ShoulderLeft;-1.548344;0.2341001;3.172656;
ElbowRight;-1.552654;-0.02012958;3.150317;
ElbowLeft;-1.603765;-0.04632995;3.131031;
WristRight;-1.646978;-0.247655;3.122586;
WristLeft;-1.654249;-0.327743;3.126217;
HandRight;-1.657292;-0.3407513;3.118225;
HandLeft;-1.644185;-0.3925568;3.103828;
Spine;-1.533933;-0.01789384;3.349337;
HipCenter;-1.496986;-0.0938355;3.327528;
HipRight;-1.475412;-0.146999;3.279061;
HipLeft;-1.512551;-0.1486151;3.369726;
KneeRight;-1.607352;-0.6614515;3.305892;
KneeLeft;-1.59288;-0.6799121;3.386256;
AnkleRight;-1.335285;-0.9251913;3.328887;
AnkleLeft;-1.657159;-1.081445;3.458994;
FootRight;-1.331615;-1.021159;3.342453;
FootLeft;-1.573375;-1.125473;3.395259;
Head;-1.561009;0.5928095;3.297968;
ShoulderCenter;-1.610333;0.3931409;3.33944;
ShoulderRight;-1.498815;0.2471903;3.350235;
ShoulderLeft;-1.573327;0.2419327;3.180357;
ElbowRight;-1.568742;0.01410104;3.168407;
ElbowLeft;-1.621959;-0.03082319;3.126871;
WristRight;-1.644605;-0.1815048;3.122404;
WristLeft;-1.654288;-0.3155366;3.125684;
HandRight;-1.654894;-0.2743756;3.118053;
HandLeft;-1.65053;-0.3806961;3.102875;
Spine;-1.588051;-0.05418128;3.336806;
HipCenter;-1.545697;-0.1380394;3.323206;
HipRight;-1.520498;-0.1800648;3.360213;
HipLeft;-1.560981;-0.1774967;3.281373;
KneeRight;-1.626409;-0.6913802;3.317957;
KneeLeft;-1.607988;-0.6504852;3.517749;
AnkleRight;-1.392236;-0.9600616;3.336546;
AnkleLeft;-1.655105;-1.080027;3.457655;
FootRight;-1.440214;-1.036646;3.302525;
FootLeft;-1.559182;-1.124056;3.415632;
Head;-1.759965;0.5829086;3.344487;
ShoulderCenter;-1.641568;0.3989699;3.342731;
ShoulderRight;-1.572217;0.2693563;3.232659;
ShoulderLeft;-1.588828;0.2529788;3.180042;
ElbowRight;-1.599601;-0.009661973;3.143503;
ElbowLeft;-1.632427;-0.03008711;3.140912;
WristRight;-1.654548;-0.2141353;3.122736;
WristLeft;-1.662311;-0.3119209;3.167978;
HandRight;-1.664834;-0.3069765;3.118387;
HandLeft;-1.654847;-0.3325162;3.102425;
Spine;-1.60213;-0.03354525;3.344296;
HipCenter;-1.556794;-0.1111457;3.334727;
HipRight;-1.54429;-0.1489386;3.379647;
HipLeft;-1.558969;-0.1651348;3.286208;
KneeRight;-1.66371;-0.7176448;3.348289;
KneeLeft;-1.621305;-0.6604811;3.526318;
AnkleRight;-1.456178;-0.9839373;3.338045;
AnkleLeft;-1.670436;-1.096196;3.431597;
FootRight;-1.357694;-1.026953;3.301721;
FootLeft;-1.571952;-1.139212;3.395273;
Head;-1.748645;0.5811188;3.298689;
ShoulderCenter;-1.652083;0.4006564;3.3416;
ShoulderRight;-1.580642;0.2657706;3.232976;
ShoulderLeft;-1.625089;0.2891007;3.192044;
ElbowRight;-1.617879;-0.008570349;3.149332;
ElbowLeft;-1.641846;0.003909975;3.145602;
WristRight;-1.662572;-0.2152782;3.130777;
WristLeft;-1.664103;-0.2756184;3.187437;
HandRight;-1.672855;-0.3080922;3.126428;
HandLeft;-1.667426;-0.291126;3.120185;
Spine;-1.611022;-0.03235045;3.361816;
HipCenter;-1.573412;-0.1128897;3.341028;
HipRight;-1.55882;-0.1526445;3.38288;
HipLeft;-1.576357;-0.1600126;3.297417;
KneeRight;-1.693286;-0.6827974;3.434422;
KneeLeft;-1.668145;-0.6931705;3.465901;
AnkleRight;-1.539081;-0.9787979;3.352942;
AnkleLeft;-1.64655;-1.080771;3.411246;
FootRight;-1.463984;-1.023158;3.280692;
FootLeft;-1.571453;-1.125131;3.338996;
Head;-1.736234;0.589852;3.295714;
ShoulderCenter;-1.667725;0.4015045;3.347724;
ShoulderRight;-1.607325;0.2605103;3.268653;
ShoulderLeft;-1.630422;0.2961754;3.208759;
ElbowRight;-1.633595;-0.004208676;3.162772;
ElbowLeft;-1.651319;0.01722948;3.123733;
WristRight;-1.680154;-0.2105369;3.158459;
WristLeft;-1.671367;-0.2562425;3.191698;
HandRight;-1.690434;-0.3033244;3.154111;
HandLeft;-1.67805;-0.3473998;3.219431;
Spine;-1.648633;-0.04457834;3.366326;
HipCenter;-1.606013;-0.1304108;3.362216;
HipRight;-1.596139;-0.1720063;3.403773;
HipLeft;-1.605125;-0.1705429;3.319661;
KneeRight;-1.720315;-0.6894986;3.456494;
KneeLeft;-1.687414;-0.6997333;3.474435;
AnkleRight;-1.572689;-0.9918689;3.447736;
AnkleLeft;-1.700964;-1.067569;3.377438;
FootRight;-1.473457;-1.036385;3.416604;
FootLeft;-1.601733;-1.112085;3.346306;
Head;-1.725738;0.5809495;3.271914;
ShoulderCenter;-1.703197;0.4035393;3.359526;
ShoulderRight;-1.634429;0.1795506;3.23756;
ShoulderLeft;-1.656103;0.3009739;3.224064;
ElbowRight;-1.666827;-0.02958822;3.21392;
ElbowLeft;-1.66089;0.02056289;3.135834;
WristRight;-1.702722;-0.2376201;3.182491;
WristLeft;-1.683236;-0.2520138;3.205793;
HandRight;-1.712999;-0.3303816;3.178145;
HandLeft;-1.690685;-0.3428727;3.234191;
Spine;-1.683898;-0.04014925;3.392943;
HipCenter;-1.644646;-0.1254302;3.379939;
HipRight;-1.632815;-0.193161;3.441358;
HipLeft;-1.643785;-0.180335;3.322211;
KneeRight;-1.739106;-0.7272745;3.516256;
KneeLeft;-1.6921;-0.6938325;3.489974;
AnkleRight;-1.5583;-1.008903;3.450163;
AnkleLeft;-1.705502;-1.098321;3.452691;
FootRight;-1.471578;-1.054526;3.392979;
FootLeft;-1.618781;-1.143944;3.395506;
Head;-1.756378;0.4947069;3.368953;
ShoulderCenter;-1.707072;0.2935261;3.405144;
ShoulderRight;-1.632783;0.06922072;3.281341;
ShoulderLeft;-1.674325;0.07030275;3.271016;
ElbowRight;-1.722699;-0.1181543;3.212514;
ElbowLeft;-1.709539;-0.09970838;3.120425;
WristRight;-1.72466;-0.3206308;3.258178;
WristLeft;-1.720439;-0.3458222;3.25061;
HandRight;-1.734916;-0.3870321;3.273611;
HandLeft;-1.724073;-0.4278601;3.299083;
Spine;-1.667327;-0.1499091;3.50579;
HipCenter;-1.650447;-0.2425968;3.49329;
HipRight;-1.631301;-0.2788547;3.56582;
HipLeft;-1.656494;-0.330356;3.437626;
KneeRight;-1.728225;-0.6987304;3.48901;
KneeLeft;-1.673073;-0.7439702;3.553405;
AnkleRight;-1.574961;-0.9979706;3.459459;
AnkleLeft;-1.690968;-1.112761;3.522307;
FootRight;-1.677943;-1.077428;3.466646;
FootLeft;-1.784121;-1.108567;3.498303;
Head;-1.727486;0.3384022;3.387304;
ShoulderCenter;-1.683663;0.1374221;3.458628;
ShoulderRight;-1.609374;-0.08688325;3.334824;
ShoulderLeft;-1.693403;0.05831803;3.322147;
ElbowRight;-1.794508;-0.01284932;3.235621;
ElbowLeft;-1.734483;-0.1439093;3.247799;
WristRight;-1.749753;-0.2907706;3.268592;
WristLeft;-1.651871;-0.3129955;3.328208;
HandRight;-1.759993;-0.35707;3.284002;
HandLeft;-1.624334;-0.3693576;3.360086;
Spine;-1.722358;-0.2342958;3.513323;
HipCenter;-1.728012;-0.3103814;3.49421;
HipRight;-1.697796;-0.3433434;3.523372;
HipLeft;-1.767642;-0.3724745;3.469369;
KneeRight;-1.738173;-0.7744349;3.484123;
KneeLeft;-1.786401;-0.8492084;3.502177;
AnkleRight;-1.592687;-1.07618;3.453895;
AnkleLeft;-1.657776;-1.080548;3.450296;
FootRight;-1.715192;-1.117329;3.468292;
FootLeft;-1.750757;-1.076362;3.426337;
Head;-1.753334;0.355409;3.445282;
ShoulderCenter;-1.713848;0.1406279;3.438679;
ShoulderRight;-1.63956;-0.08367749;3.314875;
ShoulderLeft;-1.723589;0.0615238;3.302198;
ElbowRight;-1.756407;0.07584935;3.358248;
ElbowLeft;-1.736812;-0.1964522;3.297545;
WristRight;-1.762268;-0.2093475;3.347566;
WristLeft;-1.690659;-0.3948458;3.33688;
HandRight;-1.772492;-0.275546;3.362952;
HandLeft;-1.675275;-0.460977;3.355063;
Spine;-1.730048;-0.2366612;3.519668;
HipCenter;-1.738694;-0.3163704;3.510204;
HipRight;-1.705099;-0.354456;3.510999;
HipLeft;-1.784094;-0.3562792;3.547707;
KneeRight;-1.747071;-0.7853456;3.480104;
KneeLeft;-1.77636;-0.8110654;3.554038;
AnkleRight;-1.591824;-1.080988;3.453639;
AnkleLeft;-1.646259;-1.108358;3.445383;
FootRight;-1.666511;-1.138027;3.473878;
FootLeft;-1.736039;-1.076282;3.433053;
Head;-1.785558;0.3374217;3.49139;
ShoulderCenter;-1.790032;0.1319619;3.527817;
ShoulderRight;-1.715743;-0.09234348;3.404014;
ShoulderLeft;-1.799773;0.0528578;3.391337;
ElbowRight;-1.760701;0.1121095;3.39725;
ElbowLeft;-1.775947;-0.1583074;3.362169;
WristRight;-1.788934;-0.1707684;3.401182;
WristLeft;-1.729854;-0.356444;3.401491;
HandRight;-1.799143;-0.236867;3.416545;
HandLeft;-1.714489;-0.4224895;3.41965;
Spine;-1.810593;-0.3259034;3.553246;
HipCenter;-1.809956;-0.4171841;3.533903;
HipRight;-1.772483;-0.47475;3.531265;
HipLeft;-1.850167;-0.43511;3.535293;
KneeRight;-1.757068;-0.723179;3.479581;
KneeLeft;-1.825025;-0.8633901;3.568925;
AnkleRight;-1.627516;-0.9649818;3.457134;
AnkleLeft;-1.639965;-1.120935;3.437906;
FootRight;-1.693518;-1.075397;3.473481;
FootLeft;-1.738919;-1.076551;3.428977;
Head;-1.715364;-0.5529293;3.515131;
ShoulderCenter;-1.719823;-0.757722;3.551551;
ShoulderRight;-1.731557;-0.7754551;3.501868;
ShoulderLeft;-1.729563;-0.8368261;3.415071;
ElbowRight;-1.776273;-0.5720986;3.495151;
ElbowLeft;-1.771963;-0.5579849;3.413111;
WristRight;-1.804676;-0.853415;3.499248;
WristLeft;-1.768719;-0.4024356;3.538292;
HandRight;-1.81487;-0.9194148;3.514588;
HandLeft;-1.767637;-0.3505858;3.585042;
Spine;-1.714148;-0.9717803;3.536617;
HipCenter;-1.684883;-1.010413;3.535006;
HipRight;-1.677716;-1.035906;3.49275;
HipLeft;-1.685473;-1.032482;3.571311;
KneeRight;-1.814077;-0.6283557;3.468768;
KneeLeft;-1.765821;-1.277898;3.521994;
AnkleRight;-1.956451;-0.2028359;3.429882;
AnkleLeft;-1.610262;-1.504875;3.395041;
FootRight;-1.858715;-0.2294917;3.420897;
FootLeft;-1.684553;-1.422583;3.461027;
Head;-1.774377;-0.5691911;3.494764;
ShoulderCenter;-1.778808;-0.7726974;3.530881;
ShoulderRight;-1.790542;-0.7904305;3.481198;
ShoulderLeft;-1.788549;-0.8518016;3.394401;
ElbowRight;-1.835196;-0.5873582;3.474586;
ElbowLeft;-1.841904;-0.6815034;3.479423;
WristRight;-1.863643;-0.8682698;3.478772;
WristLeft;-1.796122;-0.8783021;3.518534;
HandRight;-1.873822;-0.9341718;3.494089;
HandLeft;-1.780861;-0.9439017;3.53657;
Spine;-1.73011;-1.048134;3.509766;
HipCenter;-1.693356;-1.095441;3.504328;
HipRight;-1.689063;-1.1172;3.486389;
HipLeft;-1.689379;-1.104916;3.518247;
KneeRight;-1.826992;-0.686676;3.47397;
KneeLeft;-1.8154;-1.346116;3.521651;
AnkleRight;-1.961728;-0.266119;3.447048;
AnkleLeft;-1.659842;-1.573093;3.394835;
FootRight;-1.859407;-0.3070739;3.428585;
FootLeft;-1.733842;-1.491123;3.460563;
