Floor;-0.01626563;0.9998645;0.002532193;1.066407;
Head;1.468801;0.5371692;3.50666;
ShoulderCenter;1.578345;0.3505783;3.464959;
ShoulderRight;1.61206;0.2365186;3.311635;
ShoulderLeft;1.497972;0.1814839;3.582026;
ElbowRight;1.56348;0.01853926;3.177292;
ElbowLeft;1.447669;-0.1428812;3.485655;
WristRight;1.348347;-0.2379452;3.188008;
WristLeft;1.2997;-0.2744979;3.206949;
HandRight;1.310873;-0.2952802;3.198143;
HandLeft;1.258441;-0.3295871;3.199386;
Spine;1.542952;-0.004691496;3.419665;
HipCenter;1.535874;-0.07574546;3.413885;
HipRight;1.555313;-0.1259061;3.347611;
HipLeft;1.503973;-0.1506717;3.461237;
KneeRight;1.655866;-0.617285;3.301955;
KneeLeft;1.399925;-0.6700778;3.528759;
AnkleRight;1.763925;-0.9446523;3.294863;
AnkleLeft;1.242491;-0.9910851;3.479907;
FootRight;1.761167;-1.049072;3.269275;
FootLeft;1.123109;-1.039906;3.547252;
Head;1.444867;0.5415504;3.51468;
ShoulderCenter;1.540394;0.3469222;3.476091;
ShoulderRight;1.568303;0.2250607;3.323793;
ShoulderLeft;1.473633;0.1900074;3.600261;
ElbowRight;1.529869;0.004941329;3.186208;
ElbowLeft;1.423368;-0.137171;3.507516;
WristRight;1.32175;-0.2593805;3.190769;
WristLeft;1.261384;-0.2817576;3.235507;
HandRight;1.272223;-0.3078731;3.193797;
HandLeft;1.261927;-0.3116335;3.199663;
Spine;1.509836;-0.01442061;3.422659;
HipCenter;1.503366;-0.08669157;3.415415;
HipRight;1.517801;-0.1408863;3.347713;
HipLeft;1.478757;-0.1553098;3.462306;
KneeRight;1.643654;-0.6209462;3.301526;
KneeLeft;1.384811;-0.6610974;3.52535;
AnkleRight;1.762885;-0.9443164;3.293346;
AnkleLeft;1.235733;-0.9896677;3.481924;
FootRight;1.761699;-1.050098;3.269504;
FootLeft;1.108863;-1.044487;3.531159;
Head;1.390531;0.5219572;3.539703;
ShoulderCenter;1.506996;0.3383366;3.482275;
ShoulderRight;1.537886;0.2223633;3.327695;
ShoulderLeft;1.437182;0.1841322;3.631321;
ElbowRight;1.521995;-0.001163721;3.194998;
ElbowLeft;1.373077;-0.1244327;3.489703;
WristRight;1.320123;-0.2556238;3.191648;
WristLeft;1.243673;-0.2956113;3.218281;
HandRight;1.26824;-0.3073833;3.193418;
HandLeft;1.220425;-0.3541872;3.248305;
Spine;1.473692;-0.001150888;3.43674;
HipCenter;1.465916;-0.06809553;3.431552;
HipRight;1.485129;-0.1385533;3.3432;
HipLeft;1.435761;-0.154928;3.497261;
KneeRight;1.606935;-0.6298401;3.302093;
KneeLeft;1.363426;-0.6482571;3.527467;
AnkleRight;1.760715;-0.9455187;3.292008;
AnkleLeft;1.230485;-0.9891754;3.481969;
FootRight;1.761311;-1.049526;3.270936;
FootLeft;1.104273;-1.046797;3.518909;
Head;1.352537;0.5357189;3.55742;
ShoulderCenter;1.455239;0.3435873;3.498701;
ShoulderRight;1.495682;0.2247308;3.341931;
ShoulderLeft;1.386693;0.179523;3.63262;
ElbowRight;1.473832;-0.008134618;3.226685;
ElbowLeft;1.320105;-0.1331705;3.495272;
WristRight;1.318503;-0.2490261;3.194803;
WristLeft;1.241533;-0.3455535;3.230305;
HandRight;1.26249;-0.3158608;3.198042;
HandLeft;1.22854;-0.3922737;3.272832;
Spine;1.417849;-0.04449664;3.456417;
HipCenter;1.410372;-0.1221134;3.451321;
HipRight;1.427584;-0.1814805;3.37667;
HipLeft;1.379753;-0.2018921;3.507706;
KneeRight;1.550148;-0.6491846;3.325215;
KneeLeft;1.309531;-0.6476939;3.533668;
AnkleRight;1.752884;-0.9672619;3.285887;
AnkleLeft;1.210754;-0.9892616;3.487091;
FootRight;1.758521;-1.060423;3.257805;
FootLeft;1.127611;-1.034196;3.513985;
Head;1.319947;0.5326176;3.564719;
ShoulderCenter;1.435562;0.3463914;3.502733;
ShoulderRight;1.466351;0.2315209;3.355637;
ShoulderLeft;1.360026;0.2076803;3.654112;
ElbowRight;1.449753;0.0003940696;3.238652;
ElbowLeft;1.290621;-0.08878389;3.505607;
WristRight;1.318212;-0.2449081;3.198833;
WristLeft;1.257684;-0.3258551;3.550907;
HandRight;1.264698;-0.3165437;3.201516;
HandLeft;1.247455;-0.4105893;3.577704;
Spine;1.393456;-0.04001249;3.462575;
HipCenter;1.384964;-0.1172564;3.457989;
HipRight;1.400082;-0.1823473;3.380381;
HipLeft;1.3536;-0.1953766;3.517701;
KneeRight;1.501155;-0.6463566;3.313866;
KneeLeft;1.277522;-0.6608098;3.535073;
AnkleRight;1.734888;-0.9647745;3.28291;
AnkleLeft;1.204165;-0.9936785;3.488857;
FootRight;1.74192;-1.055464;3.251242;
FootLeft;1.167255;-1.070302;3.443654;
Head;1.276384;0.5563654;3.56232;
ShoulderCenter;1.379251;0.3618159;3.521916;
ShoulderRight;1.419811;0.2419578;3.373226;
ShoulderLeft;1.292694;0.1837275;3.633845;
ElbowRight;1.393061;0.008571181;3.246396;
ElbowLeft;1.250794;-0.1180949;3.511445;
WristRight;1.314754;-0.2427452;3.204239;
WristLeft;1.182518;-0.3411171;3.46237;
HandRight;1.26831;-0.320237;3.207531;
HandLeft;1.172181;-0.4267478;3.48945;
Spine;1.341388;-0.0522597;3.471466;
HipCenter;1.333815;-0.1350748;3.46483;
HipRight;1.359165;-0.1854174;3.398301;
HipLeft;1.299395;-0.2118137;3.512075;
KneeRight;1.437932;-0.6539434;3.316919;
KneeLeft;1.263102;-0.6582317;3.537987;
AnkleRight;1.689614;-0.9393897;3.299225;
AnkleLeft;1.203435;-0.9884138;3.489413;
FootRight;1.597202;-0.9860356;3.256773;
FootLeft;1.156251;-1.062449;3.452854;
Head;1.225573;0.5450236;3.560803;
ShoulderCenter;1.353197;0.3663929;3.524676;
ShoulderRight;1.394337;0.2435715;3.372954;
ShoulderLeft;1.274076;0.1990898;3.640153;
ElbowRight;1.384334;0.01215244;3.251928;
ElbowLeft;1.230413;-0.09631611;3.52072;
WristRight;1.30764;-0.2331072;3.210893;
WristLeft;1.182776;-0.3205088;3.479165;
HandRight;1.270394;-0.3160352;3.210066;
HandLeft;1.175305;-0.3799593;3.547538;
Spine;1.296565;-0.03834901;3.472672;
HipCenter;1.285452;-0.119102;3.465636;
HipRight;1.303433;-0.1822592;3.387071;
HipLeft;1.250357;-0.1996519;3.522357;
KneeRight;1.354603;-0.6553322;3.347647;
KneeLeft;1.226943;-0.6415481;3.526077;
AnkleRight;1.635155;-0.9198236;3.289368;
AnkleLeft;1.202517;-0.9886284;3.491092;
FootRight;1.660835;-1.008863;3.273263;
FootLeft;1.168501;-1.064597;3.44729;
Head;1.205428;0.5569925;3.570972;
ShoulderCenter;1.318364;0.3685377;3.529521;
ShoulderRight;1.350426;0.2531306;3.377957;
ShoulderLeft;1.209071;0.1970606;3.63881;
ElbowRight;1.361738;0.01394975;3.260369;
ElbowLeft;1.166226;-0.09397441;3.520988;
WristRight;1.29415;-0.2433493;3.21425;
WristLeft;1.161696;-0.3178878;3.545366;
HandRight;1.272858;-0.3320761;3.207797;
HandLeft;1.162514;-0.3807409;3.61182;
Spine;1.274471;-0.03154745;3.47494;
HipCenter;1.265149;-0.1116772;3.467614;
HipRight;1.28545;-0.1671512;3.396255;
HipLeft;1.223824;-0.1895575;3.517527;
KneeRight;1.291531;-0.6307976;3.320442;
KneeLeft;1.207418;-0.6483216;3.513079;
AnkleRight;1.576821;-0.884898;3.294315;
AnkleLeft;1.20156;-0.9894204;3.493266;
FootRight;1.593532;-0.9829509;3.296897;
FootLeft;1.181177;-1.068536;3.455392;
Head;1.169988;0.5512795;3.578597;
ShoulderCenter;1.272213;0.3723396;3.540287;
ShoulderRight;1.319513;0.249732;3.382867;
ShoulderLeft;1.19543;0.2024447;3.650183;
ElbowRight;1.34796;0.005323591;3.272398;
ElbowLeft;1.155627;-0.08575286;3.540588;
WristRight;1.279456;-0.2623313;3.221926;
WristLeft;1.146282;-0.2909668;3.685761;
HandRight;1.270882;-0.3455994;3.211762;
HandLeft;1.138751;-0.3577181;3.687934;
Spine;1.225722;0.0003493354;3.486595;
HipCenter;1.216659;-0.0740681;3.479318;
HipRight;1.235718;-0.1384513;3.397206;
HipLeft;1.179564;-0.1577797;3.536345;
KneeRight;1.236044;-0.6292671;3.318363;
KneeLeft;1.168001;-0.6668151;3.548626;
AnkleRight;1.509431;-0.8963965;3.28801;
AnkleLeft;1.201442;-0.9889689;3.494167;
FootRight;1.519133;-0.9845486;3.273851;
FootLeft;1.113172;-1.032454;3.455688;
Head;1.147716;0.5389891;3.592808;
ShoulderCenter;1.258635;0.3766971;3.540454;
ShoulderRight;1.293749;0.2539956;3.385706;
ShoulderLeft;1.130186;0.1810006;3.624269;
ElbowRight;1.311601;-0.02657521;3.281605;
ElbowLeft;1.123972;-0.1212248;3.64436;
WristRight;1.275146;-0.2639795;3.225192;
WristLeft;1.085867;-0.324204;3.722391;
HandRight;1.269513;-0.3537549;3.213995;
HandLeft;1.083915;-0.3335479;3.718241;
Spine;1.194901;-0.007840664;3.491701;
HipCenter;1.180343;-0.08627558;3.486049;
HipRight;1.205733;-0.1489455;3.409788;
HipLeft;1.130024;-0.1659027;3.540968;
KneeRight;1.187233;-0.6311409;3.334804;
KneeLeft;1.103474;-0.6291896;3.43892;
AnkleRight;1.433325;-0.921052;3.294099;
AnkleLeft;1.201696;-0.9885393;3.496775;
FootRight;1.401341;-1.03472;3.304935;
FootLeft;1.121517;-1.030534;3.447381;
Head;1.106436;0.5572895;3.57266;
ShoulderCenter;1.203461;0.383658;3.544366;
ShoulderRight;1.2594;0.2653703;3.391904;
ShoulderLeft;1.092403;0.1837555;3.627791;
ElbowRight;1.293568;0.02492386;3.286439;
ElbowLeft;1.099385;-0.0521563;3.712221;
WristRight;1.251876;-0.2667808;3.234656;
WristLeft;1.026304;-0.2653467;3.689272;
HandRight;1.26323;-0.356528;3.222316;
HandLeft;1.001406;-0.328067;3.688806;
Spine;1.157035;-0.004116012;3.476195;
HipCenter;1.14788;-0.08186211;3.467007;
HipRight;1.177483;-0.1448827;3.395204;
HipLeft;1.100284;-0.1543065;3.511402;
KneeRight;1.117449;-0.6127284;3.339299;
KneeLeft;1.278309;-0.5877391;3.531142;
AnkleRight;1.36541;-0.9238833;3.300257;
AnkleLeft;1.205818;-0.9915115;3.500248;
FootRight;1.324146;-1.018235;3.307808;
FootLeft;1.242743;-1.066358;3.485581;
Head;1.079398;0.5538906;3.562355;
ShoulderCenter;1.182493;0.3822787;3.544286;
ShoulderRight;1.235297;0.2655192;3.393008;
ShoulderLeft;1.074862;0.2075563;3.641339;
ElbowRight;1.271496;0.01627012;3.28474;
ElbowLeft;1.04989;-0.06029821;3.694903;
WristRight;1.240539;-0.2656902;3.236934;
WristLeft;0.9607465;-0.2624745;3.728595;
HandRight;1.245217;-0.3562767;3.219471;
HandLeft;0.9470517;-0.3028195;3.726742;
Spine;1.125724;-0.002934022;3.473954;
HipCenter;1.11391;-0.07987131;3.463483;
HipRight;1.133752;-0.1428586;3.391607;
HipLeft;1.074174;-0.1457078;3.508711;
KneeRight;1.062385;-0.6270822;3.346442;
KneeLeft;1.252393;-0.6354266;3.546052;
AnkleRight;1.275102;-0.9555839;3.325556;
AnkleLeft;1.188078;-1.006061;3.476597;
FootRight;1.220621;-1.028497;3.290795;
FootLeft;1.125962;-1.059658;3.479695;
Head;1.046161;0.5721014;3.568399;
ShoulderCenter;1.146646;0.3960093;3.547526;
ShoulderRight;1.192693;0.2747381;3.404613;
ShoulderLeft;1.031296;0.2176838;3.600137;
ElbowRight;1.249464;0.01207075;3.277481;
ElbowLeft;1.013595;-0.051037;3.709803;
WristRight;1.216942;-0.2629484;3.240077;
WristLeft;0.8998375;-0.2486292;3.711019;
HandRight;1.228952;-0.3549196;3.227648;
HandLeft;0.8637465;-0.2810797;3.676124;
Spine;1.09627;0.005630191;3.473457;
HipCenter;1.086289;-0.07238901;3.462315;
HipRight;1.11554;-0.1398602;3.388546;
HipLeft;1.037944;-0.1282447;3.510383;
KneeRight;0.9804665;-0.6287675;3.32619;
KneeLeft;1.21987;-0.647817;3.536306;
AnkleRight;1.168884;-0.9613857;3.301009;
AnkleLeft;1.136554;-1.004633;3.408391;
FootRight;1.106475;-1.04565;3.285651;
FootLeft;1.088977;-1.068037;3.427653;
Head;0.9886516;0.5661745;3.540551;
ShoulderCenter;1.096947;0.3956378;3.535983;
ShoulderRight;1.163116;0.2669654;3.398686;
ShoulderLeft;1.007761;0.2114362;3.589576;
ElbowRight;1.219315;0.007755938;3.280198;
ElbowLeft;0.9886474;-0.04219722;3.725602;
WristRight;1.187446;-0.2702231;3.234946;
WristLeft;0.858371;-0.2319188;3.706068;
HandRight;1.194057;-0.3499877;3.231447;
HandLeft;0.816556;-0.2666124;3.701164;
Spine;1.045992;0.0006840304;3.458116;
HipCenter;1.0358;-0.07830671;3.446106;
HipRight;1.062056;-0.1363429;3.372544;
HipLeft;0.9920908;-0.1555553;3.489852;
KneeRight;0.9477251;-0.6279438;3.325608;
KneeLeft;1.177529;-0.671065;3.533921;
AnkleRight;1.036934;-1.025477;3.293349;
AnkleLeft;1.227908;-1.008979;3.459166;
FootRight;0.9821368;-1.086411;3.299679;
FootLeft;1.135957;-1.037273;3.403393;
Head;0.979103;0.5616103;3.556311;
ShoulderCenter;1.0842;0.3938199;3.536457;
ShoulderRight;1.131413;0.2672317;3.390919;
ShoulderLeft;0.9650578;0.213464;3.628039;
ElbowRight;1.182651;-0.01383851;3.272173;
ElbowLeft;0.941231;-0.04251746;3.705643;
WristRight;1.163984;-0.2727099;3.231641;
WristLeft;0.7997472;-0.224993;3.706985;
HandRight;1.164376;-0.355032;3.222307;
HandLeft;0.7692823;-0.2550355;3.684809;
Spine;1.030284;0.004469465;3.45938;
HipCenter;1.019227;-0.07317604;3.447576;
HipRight;1.044386;-0.1318115;3.372833;
HipLeft;0.9747987;-0.1540853;3.491328;
KneeRight;0.897957;-0.6436678;3.330042;
KneeLeft;1.130928;-0.6691136;3.526537;
AnkleRight;0.9613533;-1.011678;3.287849;
AnkleLeft;1.232513;-1.007806;3.471422;
FootRight;0.8812982;-1.060395;3.278556;
FootLeft;1.143668;-1.059008;3.452516;
Head;0.9270751;0.5493128;3.531751;
ShoulderCenter;1.028637;0.3786497;3.515947;
ShoulderRight;1.088715;0.2542523;3.383282;
ShoulderLeft;0.9452676;0.2084318;3.617709;
ElbowRight;1.159245;-0.02451865;3.259793;
ElbowLeft;0.9121281;-0.03864235;3.697872;
WristRight;1.144779;-0.2728496;3.220819;
WristLeft;0.7708743;-0.2192437;3.721889;
HandRight;1.147218;-0.3606842;3.221053;
HandLeft;0.7310609;-0.2551873;3.72556;
Spine;0.987334;-0.007752785;3.446304;
HipCenter;0.9809655;-0.08445591;3.436457;
HipRight;1.012774;-0.1380421;3.362761;
HipLeft;0.9388168;-0.1642276;3.483751;
KneeRight;0.8794461;-0.6293621;3.339161;
KneeLeft;1.137395;-0.6487713;3.524495;
AnkleRight;0.8553054;-0.9716596;3.276132;
AnkleLeft;1.207451;-0.991335;3.471597;
FootRight;0.7778259;-1.049212;3.297843;
FootLeft;1.118143;-1.053196;3.497791;
Head;0.9072468;0.5605516;3.533836;
ShoulderCenter;1.00465;0.3842095;3.503141;
ShoulderRight;1.061444;0.2504818;3.373955;
ShoulderLeft;0.899325;0.2129241;3.586902;
ElbowRight;1.135006;-0.03125561;3.263956;
ElbowLeft;0.8710218;-0.03978447;3.695555;
WristRight;1.11927;-0.2737724;3.218027;
WristLeft;0.7264427;-0.2194171;3.720063;
HandRight;1.1304;-0.3678719;3.218586;
HandLeft;0.6840395;-0.2496879;3.718276;
Spine;0.9556956;-0.01784535;3.438279;
HipCenter;0.9433284;-0.09966101;3.428513;
HipRight;0.9699801;-0.1507754;3.363955;
HipLeft;0.9010527;-0.1741384;3.47088;
KneeRight;0.8513089;-0.5727674;3.33548;
KneeLeft;1.095349;-0.6703118;3.533966;
AnkleRight;0.7528324;-0.9857963;3.283944;
AnkleLeft;1.206886;-0.9915926;3.472498;
FootRight;0.6571622;-1.044004;3.297;
FootLeft;1.140253;-1.039648;3.486469;
Head;0.8583027;0.5464892;3.506244;
ShoulderCenter;0.9569412;0.3701648;3.487445;
ShoulderRight;1.011734;0.2373392;3.352824;
ShoulderLeft;0.8858398;0.2446883;3.607569;
ElbowRight;1.087474;-0.01062311;3.266591;
ElbowLeft;0.8315924;-0.0405554;3.678033;
WristRight;1.061984;-0.2910237;3.2241;
WristLeft;0.7049815;-0.2294804;3.720615;
HandRight;1.082732;-0.3756139;3.216381;
HandLeft;0.6543932;-0.2611805;3.702422;
Spine;0.9157271;-0.02770032;3.430115;
HipCenter;0.9096981;-0.1069291;3.422487;
HipRight;0.9363339;-0.1521495;3.364143;
HipLeft;0.8738785;-0.1731255;3.462755;
KneeRight;0.8407423;-0.5797906;3.332198;
KneeLeft;1.095483;-0.6710244;3.534017;
AnkleRight;0.6679117;-0.9703413;3.287925;
AnkleLeft;1.199383;-0.9886892;3.472475;
FootRight;0.5702453;-1.02738;3.275087;
FootLeft;1.123301;-1.051528;3.529217;
Head;0.8061988;0.5289713;3.489267;
ShoulderCenter;0.9182863;0.3601103;3.477287;
ShoulderRight;0.9698469;0.2345268;3.339072;
ShoulderLeft;0.8309073;0.2402705;3.599715;
ElbowRight;1.03372;-0.01439083;3.254686;
ElbowLeft;0.7882121;-0.05664431;3.681081;
WristRight;1.026553;-0.2927561;3.213699;
WristLeft;0.6710809;-0.2534801;3.724007;
HandRight;1.031256;-0.380324;3.216954;
HandLeft;0.6288248;-0.2714212;3.694527;
Spine;0.882652;-0.02332546;3.416965;
HipCenter;0.8735244;-0.09973241;3.407624;
HipRight;0.8927879;-0.1589902;3.339165;
HipLeft;0.8381152;-0.1650372;3.450879;
KneeRight;0.7825578;-0.6202989;3.321655;
KneeLeft;1.084512;-0.672972;3.537148;
AnkleRight;0.6054273;-1.010015;3.293064;
AnkleLeft;1.197361;-0.9906595;3.475511;
FootRight;0.497178;-1.051588;3.30347;
FootLeft;1.136439;-1.057145;3.54915;
Head;0.8054494;0.538172;3.482733;
ShoulderCenter;0.8751536;0.3516901;3.462254;
ShoulderRight;0.943534;0.2288842;3.329086;
ShoulderLeft;0.7675771;0.1800215;3.554244;
ElbowRight;0.9869046;-0.06244447;3.237631;
ElbowLeft;0.753766;-0.1005562;3.673391;
WristRight;0.9673877;-0.2946039;3.195277;
WristLeft;0.6299853;-0.287869;3.726911;
HandRight;0.9882776;-0.3801255;3.200918;
HandLeft;0.588725;-0.3503066;3.74962;
Spine;0.834911;-0.04400495;3.396824;
HipCenter;0.827188;-0.1230804;3.387422;
HipRight;0.8676277;-0.1710024;3.328317;
HipLeft;0.7820039;-0.1957654;3.426438;
KneeRight;0.7654399;-0.624193;3.32076;
KneeLeft;1.034304;-0.6984299;3.53425;
AnkleRight;0.6041784;-1.016495;3.29713;
AnkleLeft;1.18304;-0.9734353;3.460898;
FootRight;0.4966671;-1.061183;3.315823;
FootLeft;1.120641;-1.050048;3.525256;
Head;0.7449939;0.5158315;3.461395;
ShoulderCenter;0.8510737;0.3526675;3.450077;
ShoulderRight;0.8924626;0.2234269;3.314622;
ShoulderLeft;0.7436945;0.1860177;3.538841;
ElbowRight;0.9380228;-0.04499063;3.216303;
ElbowLeft;0.7239716;-0.0887427;3.663518;
WristRight;0.9186927;-0.340853;3.176291;
WristLeft;0.6109964;-0.2870129;3.696088;
HandRight;0.9268085;-0.4099708;3.170156;
HandLeft;0.5785672;-0.3451705;3.717226;
Spine;0.7994019;-0.04094985;3.385162;
HipCenter;0.7884628;-0.1195627;3.375743;
HipRight;0.813216;-0.173941;3.307693;
HipLeft;0.7449119;-0.1929606;3.419038;
KneeRight;0.6584615;-0.6395414;3.337912;
KneeLeft;0.9987113;-0.6990281;3.525843;
AnkleRight;0.6290743;-1.003878;3.318969;
AnkleLeft;1.168322;-0.9629949;3.473755;
FootRight;0.5214981;-1.051817;3.321565;
FootLeft;1.126992;-1.041586;3.551168;
Head;0.720243;0.541113;3.45569;
ShoulderCenter;0.8025975;0.3622414;3.434602;
ShoulderRight;0.8641167;0.2212799;3.303933;
ShoulderLeft;0.6859587;0.1895737;3.523905;
ElbowRight;0.8882326;-0.05453704;3.201294;
ElbowLeft;0.6691477;-0.08591725;3.652179;
WristRight;0.839764;-0.323053;3.171786;
WristLeft;0.6252562;-0.3059916;3.706221;
HandRight;0.8710195;-0.3848189;3.171405;
HandLeft;0.5983356;-0.3200043;3.703463;
Spine;0.7477136;-0.04341028;3.38785;
HipCenter;0.7367368;-0.1245406;3.382067;
HipRight;0.7689315;-0.1755841;3.323396;
HipLeft;0.6893057;-0.1962889;3.423307;
KneeRight;0.6483241;-0.6392659;3.331097;
KneeLeft;0.9229835;-0.6862456;3.502819;
AnkleRight;0.627062;-1.002754;3.317913;
AnkleLeft;1.153191;-0.9926915;3.485568;
FootRight;0.5206466;-1.05337;3.321808;
FootLeft;1.102036;-1.066558;3.561911;
Head;0.6723651;0.5313003;3.422459;
ShoulderCenter;0.7608374;0.3604852;3.409879;
ShoulderRight;0.8083666;0.2273424;3.286541;
ShoulderLeft;0.6664531;0.1994231;3.501125;
ElbowRight;0.8337086;-0.05893908;3.187208;
ElbowLeft;0.6497369;-0.07451281;3.628562;
WristRight;0.7985825;-0.2967567;3.163751;
WristLeft;0.6122789;-0.2991957;3.664636;
HandRight;0.8065928;-0.3868594;3.171801;
HandLeft;0.5915645;-0.348558;3.707913;
Spine;0.7141055;-0.03976014;3.369498;
HipCenter;0.7045695;-0.1199521;3.36483;
HipRight;0.7314509;-0.1723161;3.304623;
HipLeft;0.6621722;-0.1860669;3.40929;
KneeRight;0.6348819;-0.6388286;3.329608;
KneeLeft;0.859372;-0.6495039;3.484377;
AnkleRight;0.6021121;-1.003329;3.302923;
AnkleLeft;1.124288;-0.9832228;3.487403;
FootRight;0.503529;-1.064098;3.324967;
FootLeft;1.089939;-1.046886;3.580487;
Head;0.6351497;0.5231406;3.427287;
ShoulderCenter;0.7349957;0.3601148;3.403719;
ShoulderRight;0.7824138;0.2288201;3.27754;
ShoulderLeft;0.6125663;0.1784428;3.481107;
ElbowRight;0.7798876;-0.05449314;3.186055;
ElbowLeft;0.595742;-0.09726533;3.609553;
WristRight;0.7062386;-0.2774199;3.16543;
WristLeft;0.5893341;-0.3552712;3.631745;
HandRight;0.7274293;-0.3664626;3.149558;
HandLeft;0.5698061;-0.4138376;3.661796;
Spine;0.6893418;-0.03912389;3.361586;
HipCenter;0.6802863;-0.1190193;3.356726;
HipRight;0.7112043;-0.1693305;3.299202;
HipLeft;0.6357766;-0.1884494;3.398561;
KneeRight;0.6257144;-0.6370468;3.324974;
KneeLeft;0.806792;-0.6520841;3.478822;
AnkleRight;0.6004584;-1.004631;3.303049;
AnkleLeft;1.081927;-0.9778522;3.492979;
FootRight;0.503691;-1.067744;3.326017;
FootLeft;1.055116;-1.058994;3.476331;
Head;0.596145;0.537051;3.406966;
ShoulderCenter;0.6910204;0.3717584;3.39355;
ShoulderRight;0.7318444;0.2340521;3.260484;
ShoulderLeft;0.5932505;0.1996254;3.485892;
ElbowRight;0.7177995;-0.06230788;3.174317;
ElbowLeft;0.5765185;-0.07457072;3.613479;
WristRight;0.6419851;-0.283145;3.153667;
WristLeft;0.5700183;-0.3340886;3.636534;
HandRight;0.6474778;-0.374416;3.137619;
HandLeft;0.5505033;-0.3926162;3.666566;
Spine;0.6454288;-0.01361892;3.36212;
HipCenter;0.6366245;-0.09077753;3.359468;
HipRight;0.6613954;-0.1488451;3.292367;
HipLeft;0.5993769;-0.1705792;3.41127;
KneeRight;0.6139904;-0.6376828;3.321615;
KneeLeft;0.8177295;-0.6949496;3.526817;
AnkleRight;0.5900185;-1.004803;3.299738;
AnkleLeft;1.029036;-0.9282247;3.479296;
FootRight;0.4989579;-1.074212;3.33098;
FootLeft;1.044112;-1.037761;3.522425;
Head;0.5494241;0.537948;3.383684;
ShoulderCenter;0.6385449;0.373034;3.371111;
ShoulderRight;0.704775;0.2380622;3.252818;
ShoulderLeft;0.5310381;0.1927679;3.448341;
ElbowRight;0.683022;-0.007490494;3.154425;
ElbowLeft;0.514244;-0.08244571;3.576506;
WristRight;0.6164941;-0.2547549;3.150892;
WristLeft;0.5078059;-0.340946;3.59898;
HandRight;0.5758754;-0.3351716;3.129372;
HandLeft;0.4883342;-0.3993435;3.628944;
Spine;0.6066472;-0.04234597;3.348703;
HipCenter;0.6002676;-0.125422;3.347784;
HipRight;0.6428186;-0.1628522;3.301858;
HipLeft;0.557292;-0.1871267;3.38184;
KneeRight;0.5779537;-0.638695;3.315407;
KneeLeft;0.7915158;-0.6943352;3.541093;
AnkleRight;0.5868321;-1.008714;3.303257;
AnkleLeft;0.9721417;-0.9406751;3.446232;
FootRight;0.5048809;-1.077285;3.315373;
FootLeft;0.9018006;-0.9839927;3.385161;
Head;0.5243286;0.5383366;3.379384;
ShoulderCenter;0.621031;0.37759;3.373994;
ShoulderRight;0.6580921;0.2478121;3.240004;
ShoulderLeft;0.5135243;0.1973239;3.451224;
ElbowRight;0.6387851;0.004649837;3.137443;
ElbowLeft;0.4966777;-0.07874942;3.579848;
WristRight;0.5496115;-0.2353669;3.130013;
WristLeft;0.4902921;-0.3363901;3.601817;
HandRight;0.5238007;-0.3243791;3.122343;
HandLeft;0.4707431;-0.3950197;3.631901;
Spine;0.5836306;-0.04213739;3.346881;
HipCenter;0.57578;-0.1262211;3.344856;
HipRight;0.6013592;-0.168622;3.300858;
HipLeft;0.5354861;-0.1860322;3.378671;
KneeRight;0.5758131;-0.6397136;3.312991;
KneeLeft;0.7312709;-0.7165282;3.481355;
AnkleRight;0.5858158;-1.008262;3.302369;
AnkleLeft;0.9233404;-0.9576134;3.493509;
FootRight;0.5056052;-1.077469;3.315678;
FootLeft;0.867451;-0.9272512;3.433284;
Head;0.4870211;0.5436964;3.375657;
ShoulderCenter;0.5792889;0.3790474;3.369903;
ShoulderRight;0.6239948;0.2432043;3.240213;
ShoulderLeft;0.4789704;0.2038945;3.489557;
ElbowRight;0.6090078;0.0213279;3.134001;
ElbowLeft;0.4620988;-0.07258843;3.618384;
WristRight;0.4927334;-0.2282714;3.119036;
WristLeft;0.4557382;-0.3298194;3.640104;
HandRight;0.4594626;-0.3152654;3.115633;
HandLeft;0.4361459;-0.3885787;3.670254;
Spine;0.5435569;-0.02626771;3.349038;
HipCenter;0.5359834;-0.1070962;3.34848;
HipRight;0.5633829;-0.1554305;3.28951;
HipLeft;0.5006225;-0.1825776;3.397585;
KneeRight;0.5649905;-0.6389399;3.297863;
KneeLeft;0.476827;-0.6359582;3.486429;
AnkleRight;0.5843129;-1.007127;3.299017;
AnkleLeft;0.7589679;-0.9507;3.461986;
FootRight;0.5056677;-1.077496;3.315759;
FootLeft;0.7498112;-1.041909;3.539181;
Head;0.4380678;0.5366433;3.368794;
ShoulderCenter;0.5443689;0.3793669;3.362628;
ShoulderRight;0.595426;0.2477897;3.231949;
ShoulderLeft;0.4409474;0.2003973;3.47313;
ElbowRight;0.5434437;0.01237715;3.119108;
ElbowLeft;0.4240278;-0.07687289;3.602399;
WristRight;0.4251173;-0.2330107;3.128634;
WristLeft;0.4177152;-0.3333166;3.623667;
HandRight;0.3761764;-0.3123647;3.123023;
HandLeft;0.3980809;-0.3922018;3.653882;
Spine;0.5158699;-0.0106484;3.343234;
HipCenter;0.5095301;-0.0884476;3.342817;
HipRight;0.5380524;-0.1455201;3.275381;
HipLeft;0.4736778;-0.1746775;3.399878;
KneeRight;0.5622636;-0.6410309;3.294564;
KneeLeft;0.3974242;-0.6124985;3.488423;
AnkleRight;0.5833222;-1.005258;3.297376;
AnkleLeft;0.6928663;-0.9154234;3.421484;
FootRight;0.5072822;-1.077046;3.315202;
FootLeft;0.6127758;-0.9596744;3.371393;
Head;0.4152954;0.5447899;3.379391;
ShoulderCenter;0.5017968;0.375329;3.346995;
ShoulderRight;0.5575645;0.247708;3.231085;
ShoulderLeft;0.402765;0.1978728;3.439197;
ElbowRight;0.5050493;0.01733712;3.113616;
ElbowLeft;0.4071373;-0.02803615;3.471308;
WristRight;0.3427254;-0.2496247;3.120419;
WristLeft;0.3975917;-0.2617207;3.46334;
HandRight;0.2931151;-0.3249525;3.124192;
HandLeft;0.3780328;-0.3203796;3.493439;
Spine;0.4718942;-0.03620525;3.335173;
HipCenter;0.4663253;-0.1184731;3.336523;
HipRight;0.5079114;-0.1582922;3.279026;
HipLeft;0.4239107;-0.1911497;3.387461;
KneeRight;0.5527118;-0.6404263;3.285973;
KneeLeft;0.3646091;-0.6461887;3.495311;
AnkleRight;0.5915846;-0.9849786;3.293524;
AnkleLeft;0.4989184;-0.9943811;3.4462;
FootRight;0.5315036;-1.047915;3.288034;
FootLeft;0.5001521;-1.072656;3.484572;
Head;0.3740946;0.4794898;3.384613;
ShoulderCenter;0.4567584;0.2831802;3.355554;
ShoulderRight;0.5280049;0.247943;3.232718;
ShoulderLeft;0.3597845;0.1059191;3.448506;
ElbowRight;0.4593119;0.0206797;3.11624;
ElbowLeft;0.3641192;-0.1180465;3.480095;
WristRight;0.2837074;-0.2381216;3.127604;
WristLeft;0.3548219;-0.3497079;3.472732;
HandRight;0.2386428;-0.3059699;3.122558;
HandLeft;0.3353698;-0.4080465;3.502666;
Spine;0.4465681;-0.07469467;3.346173;
HipCenter;0.448836;-0.1409353;3.345567;
HipRight;0.4743712;-0.1934346;3.307248;
HipLeft;0.4119285;-0.2216969;3.383618;
KneeRight;0.5381902;-0.6360022;3.281518;
KneeLeft;0.3454254;-0.6493092;3.492776;
AnkleRight;0.5859042;-0.9879869;3.298163;
AnkleLeft;0.4363994;-0.9918727;3.448737;
FootRight;0.5272566;-1.051231;3.289027;
FootLeft;0.3507847;-1.037052;3.485481;
Head;0.3368929;0.5101627;3.352164;
ShoulderCenter;0.4241035;0.2905005;3.357627;
ShoulderRight;0.4783355;0.2484928;3.226415;
ShoulderLeft;0.3271295;0.1132394;3.450579;
ElbowRight;0.4359778;0.02346708;3.118595;
ElbowLeft;0.3314275;-0.1088297;3.481655;
WristRight;0.2417449;-0.2191547;3.119364;
WristLeft;0.3223661;-0.3385154;3.474854;
HandRight;0.1867589;-0.309944;3.132984;
HandLeft;0.3030426;-0.3964685;3.504591;
Spine;0.4152311;-0.06853471;3.345206;
HipCenter;0.4111679;-0.13909;3.345858;
HipRight;0.4433113;-0.1898814;3.300266;
HipLeft;0.3797479;-0.2219353;3.384725;
KneeRight;0.5069286;-0.6373999;3.265832;
KneeLeft;0.2919317;-0.6676385;3.493484;
AnkleRight;0.5846186;-0.987646;3.297908;
AnkleLeft;0.3364056;-1.023067;3.453593;
FootRight;0.5279621;-1.051316;3.289397;
FootLeft;0.2663991;-1.072416;3.453773;
Head;0.3113155;0.5129424;3.358518;
ShoulderCenter;0.3879827;0.3071535;3.360631;
ShoulderRight;0.4392812;0.2433078;3.222856;
ShoulderLeft;0.2910087;0.1298925;3.453583;
ElbowRight;0.3797613;0.01086658;3.130498;
ElbowLeft;0.2972563;-0.09564248;3.395263;
WristRight;0.1908313;-0.2320297;3.125828;
WristLeft;0.2805243;-0.3078553;3.46112;
HandRight;0.1297666;-0.3015137;3.129127;
HandLeft;0.2612817;-0.3655659;3.490732;
Spine;0.3747433;-0.07214732;3.343342;
HipCenter;0.37234;-0.1478293;3.343428;
HipRight;0.4008035;-0.192179;3.296099;
HipLeft;0.3373196;-0.2256588;3.38218;
KneeRight;0.4927746;-0.6336094;3.267236;
KneeLeft;0.2401571;-0.6796912;3.496608;
AnkleRight;0.5833607;-0.9874558;3.298447;
AnkleLeft;0.2108442;-1.021525;3.469798;
FootRight;0.5278508;-1.051796;3.288783;
FootLeft;0.112269;-1.075512;3.497312;
Head;0.2631636;0.5435629;3.358719;
ShoulderCenter;0.3495669;0.3671434;3.356694;
ShoulderRight;0.4056446;0.2329576;3.221205;
ShoulderLeft;0.2525929;0.1898823;3.449646;
ElbowRight;0.3090837;-0.0331392;3.132702;
ElbowLeft;0.2851475;-0.03285728;3.394803;
WristRight;0.1548059;-0.2328441;3.128475;
WristLeft;0.268969;-0.2556081;3.418623;
HandRight;0.08617779;-0.2922566;3.116813;
HandLeft;0.2497304;-0.3133065;3.448229;
Spine;0.3532525;-0.06391454;3.329131;
HipCenter;0.3526816;-0.1469466;3.327504;
HipRight;0.3861719;-0.1864213;3.279769;
HipLeft;0.3165119;-0.2179648;3.365585;
KneeRight;0.4391421;-0.6331133;3.289542;
KneeLeft;0.1891201;-0.6749521;3.494612;
AnkleRight;0.5816931;-0.9872706;3.298018;
AnkleLeft;0.04384452;-1.043015;3.483282;
FootRight;0.5235503;-1.049187;3.287616;
FootLeft;-0.03730466;-1.069815;3.487639;
Head;0.220222;0.5388046;3.365287;
ShoulderCenter;0.3172116;0.3679849;3.360108;
ShoulderRight;0.3584048;0.229661;3.227863;
ShoulderLeft;0.2202377;0.1907238;3.45306;
ElbowRight;0.2820714;-0.03394872;3.133782;
ElbowLeft;0.2266286;-0.03452058;3.433475;
WristRight;0.09853477;-0.2473164;3.125888;
WristLeft;0.2178773;-0.2580609;3.447346;
HandRight;0.05614419;-0.3066941;3.116598;
HandLeft;0.1987306;-0.3154837;3.476811;
Spine;0.3186478;-0.05642937;3.323612;
HipCenter;0.3198187;-0.1409719;3.32008;
HipRight;0.3529803;-0.1824651;3.263407;
HipLeft;0.2882466;-0.2156792;3.3637;
KneeRight;0.3515929;-0.6738607;3.345595;
KneeLeft;0.1387551;-0.6705122;3.482155;
AnkleRight;0.5795926;-0.988291;3.30012;
AnkleLeft;0.04839807;-1.036139;3.474089;
FootRight;0.5212222;-1.05392;3.295005;
FootLeft;-0.03480121;-1.055095;3.440064;
Head;0.1819555;0.5312196;3.372796;
ShoulderCenter;0.2663144;0.3660406;3.368846;
ShoulderRight;0.3321797;0.2326208;3.233923;
ShoulderLeft;0.1693404;0.1887795;3.461799;
ElbowRight;0.2351352;-0.04929554;3.143872;
ElbowLeft;0.1693266;-0.03504811;3.410285;
WristRight;0.06676638;-0.2498436;3.124229;
WristLeft;0.1634885;-0.2575024;3.428749;
HandRight;0.005039182;-0.3165499;3.123709;
HandLeft;0.1443829;-0.3148019;3.45815;
Spine;0.2818049;-0.06952389;3.323764;
HipCenter;0.2836546;-0.1567178;3.318542;
HipRight;0.3247467;-0.1886827;3.274205;
HipLeft;0.2453157;-0.2223601;3.348304;
KneeRight;0.327138;-0.6715319;3.342224;
KneeLeft;0.1233926;-0.6690202;3.476605;
AnkleRight;0.5726191;-0.9878234;3.296434;
AnkleLeft;-0.087122;-1.026476;3.474045;
FootRight;0.5212564;-1.055312;3.286951;
FootLeft;-0.2017251;-1.028243;3.487964;
Head;0.1307685;0.5287917;3.383108;
ShoulderCenter;0.2291554;0.3663467;3.379965;
ShoulderRight;0.270493;0.2260012;3.243374;
ShoulderLeft;0.1321814;0.1890857;3.472917;
ElbowRight;0.2076492;-0.04790067;3.147614;
ElbowLeft;0.1321677;-0.03405496;3.421424;
WristRight;0.01463914;-0.2591777;3.11825;
WristLeft;0.126367;-0.2558552;3.439571;
HandRight;-0.02109795;-0.3324337;3.132059;
HandLeft;0.1073241;-0.3129668;3.468876;
Spine;0.2358878;-0.08395577;3.332217;
HipCenter;0.2377578;-0.1741668;3.326047;
HipRight;0.273777;-0.1998249;3.293805;
HipLeft;0.2097308;-0.228362;3.347959;
KneeRight;0.3736484;-0.6507103;3.272091;
KneeLeft;0.05779554;-0.6792929;3.471876;
AnkleRight;0.5681319;-0.9931097;3.297059;
AnkleLeft;-0.09488545;-1.031083;3.458441;
FootRight;0.5168875;-1.061925;3.297224;
FootLeft;-0.2039214;-1.060279;3.485528;
Head;0.09734313;0.5245672;3.389557;
ShoulderCenter;0.1845687;0.3624389;3.390799;
ShoulderRight;0.2302362;0.21814;3.244486;
ShoulderLeft;0.08759472;0.1851779;3.483752;
ElbowRight;0.1582076;-0.05536043;3.148651;
ElbowLeft;0.08758105;-0.03732823;3.432274;
WristRight;0.01146442;-0.2593889;3.118884;
WristLeft;0.08181474;-0.2585239;3.450128;
HandRight;-0.03945049;-0.3339874;3.122668;
HandLeft;0.06281194;-0.315515;3.479371;
Spine;0.1985236;-0.0898366;3.330901;
HipCenter;0.2005211;-0.1803893;3.322684;
HipRight;0.2360999;-0.2039486;3.289792;
HipLeft;0.1615881;-0.2365002;3.343085;
KneeRight;0.3386907;-0.6471097;3.271303;
KneeLeft;0.04444718;-0.6738122;3.471555;
AnkleRight;0.5439467;-0.9830734;3.290379;
AnkleLeft;-0.09539193;-1.029151;3.453536;
FootRight;0.4956766;-1.053343;3.278592;
FootLeft;-0.1999272;-1.074944;3.47662;
Head;0.04606042;0.5298911;3.387908;
ShoulderCenter;0.1329842;0.3631954;3.387037;
ShoulderRight;0.1891051;0.2220939;3.25313;
ShoulderLeft;0.03601022;0.1859343;3.47999;
ElbowRight;0.1384854;-0.0552832;3.152782;
ElbowLeft;0.03599653;-0.03597757;3.428521;
WristRight;-0.01075972;-0.2706352;3.120872;
WristLeft;0.03026231;-0.2566067;3.4461;
HandRight;-0.05717096;-0.3448283;3.1181;
HandLeft;0.01130179;-0.3134711;3.475279;
Spine;0.1419885;-0.0946305;3.330358;
HipCenter;0.1437893;-0.1861957;3.322623;
HipRight;0.1812147;-0.2066775;3.302102;
HipLeft;0.1077849;-0.2379643;3.332735;
KneeRight;0.3141916;-0.6542974;3.26931;
KneeLeft;-0.01144605;-0.6722193;3.47266;
AnkleRight;0.5295887;-1.00227;3.289921;
AnkleLeft;-0.1015873;-1.027871;3.44918;
FootRight;0.4989129;-1.081671;3.298634;
FootLeft;-0.1734719;-1.07786;3.446831;
Head;0.01253344;0.5306741;3.390795;
ShoulderCenter;0.1060521;0.3664155;3.385835;
ShoulderRight;0.1338623;0.2273362;3.259766;
ShoulderLeft;0.009078085;0.1891544;3.478787;
ElbowRight;0.1043639;-0.05005978;3.155039;
ElbowLeft;-0.02245105;-0.02707493;3.40875;
WristRight;-0.01283511;-0.2691929;3.122522;
WristLeft;-0.02053461;-0.2460045;3.432837;
HandRight;-0.05987369;-0.3458008;3.117953;
HandLeft;-0.03945662;-0.3027533;3.461956;
Spine;0.07169638;-0.07718925;3.357162;
HipCenter;0.06674841;-0.1661401;3.355114;
HipRight;0.09848044;-0.1990698;3.317487;
HipLeft;0.03025945;-0.2187269;3.385527;
KneeRight;0.2168396;-0.662872;3.286894;
KneeLeft;-0.03651785;-0.6740643;3.471606;
AnkleRight;0.4976469;-0.9844791;3.288251;
AnkleLeft;-0.1049821;-1.024507;3.447181;
FootRight;0.4929656;-1.06921;3.291982;
FootLeft;-0.1733773;-1.077755;3.447155;
Head;-0.04400812;0.5337929;3.388616;
ShoulderCenter;0.04579989;0.3685709;3.387004;
ShoulderRight;0.09866111;0.2305198;3.258305;
ShoulderLeft;-0.05117409;0.1913098;3.479957;
ElbowRight;0.07046394;-0.002683374;3.152692;
ElbowLeft;-0.0703507;-0.02536722;3.410647;
WristRight;-0.01917041;-0.267664;3.12893;
WristLeft;-0.07156902;-0.2432917;3.434054;
HandRight;-0.06095957;-0.3466818;3.119747;
HandLeft;-0.09045853;-0.2999431;3.463123;
Spine;0.03030947;-0.08183847;3.354047;
HipCenter;0.02706254;-0.1718;3.351157;
HipRight;0.06357236;-0.2043474;3.328744;
HipLeft;-0.01593862;-0.211475;3.364072;
KneeRight;0.1612424;-0.6660388;3.276375;
KneeLeft;-0.07438334;-0.6750982;3.467401;
AnkleRight;0.4540369;-0.9676329;3.28985;
AnkleLeft;-0.1089359;-1.02331;3.447234;
FootRight;0.4347116;-1.055948;3.326197;
FootLeft;-0.1785128;-1.078843;3.45128;
Head;-0.1032038;0.520047;3.415379;
ShoulderCenter;0.01493233;0.3802621;3.396521;
ShoulderRight;0.05716927;0.2474677;3.26022;
ShoulderLeft;-0.08204165;0.203001;3.489473;
ElbowRight;0.04377517;-0.01796573;3.158059;
ElbowLeft;-0.1011553;-0.01296446;3.42026;
WristRight;-0.02919901;-0.2616447;3.133376;
WristLeft;-0.1024366;-0.2302222;3.443243;
HandRight;-0.06080147;-0.3445626;3.119912;
HandLeft;-0.1213039;-0.2868067;3.472277;
Spine;-0.01567539;-0.0615377;3.360034;
HipCenter;-0.02051976;-0.1503814;3.355953;
HipRight;0.009945301;-0.1846699;3.318608;
HipLeft;-0.05169704;-0.2068468;3.381562;
KneeRight;0.07957131;-0.6401377;3.274981;
KneeLeft;-0.1052605;-0.6902734;3.453171;
AnkleRight;0.3820034;-0.9297053;3.286654;
AnkleLeft;-0.1182;-1.024111;3.446663;
FootRight;0.4055783;-1.036455;3.314117;
FootLeft;-0.180409;-1.08132;3.452657;
Head;-0.1326521;0.5304829;3.408414;
ShoulderCenter;-0.02104369;0.3865697;3.398885;
ShoulderRight;0.01940443;0.2435547;3.254642;
ShoulderLeft;-0.1180177;0.2093087;3.491837;
ElbowRight;0.01692573;-0.03248387;3.168476;
ElbowLeft;-0.1370778;-0.006051809;3.422716;
WristRight;-0.05206028;-0.2690927;3.136186;
WristLeft;-0.1384121;-0.2227419;3.445343;
HandRight;-0.06440981;-0.3488927;3.118747;
HandLeft;-0.1572302;-0.2791793;3.474302;
Spine;-0.05334437;-0.05918558;3.354185;
HipCenter;-0.06099501;-0.1483492;3.348516;
HipRight;-0.03126084;-0.1775985;3.319932;
HipLeft;-0.1005133;-0.1957866;3.366002;
KneeRight;-0.007804752;-0.6320018;3.268431;
KneeLeft;-0.1344346;-0.7029387;3.405074;
AnkleRight;0.2900539;-0.9013742;3.281933;
AnkleLeft;-0.1208363;-1.023607;3.44896;
FootRight;0.3024078;-1.002363;3.307942;
FootLeft;-0.1737331;-1.088311;3.43763;
Head;-0.1875598;0.5266498;3.404447;
ShoulderCenter;-0.06738689;0.3896604;3.397428;
ShoulderRight;-0.02394955;0.2465977;3.252167;
ShoulderLeft;-0.1643609;0.2123994;3.490381;
ElbowRight;-0.01611106;-0.01421107;3.173305;
ElbowLeft;-0.1833497;-0.0021559;3.421375;
WristRight;-0.0653079;-0.2552771;3.133471;
WristLeft;-0.1847534;-0.2180892;3.443531;
HandRight;-0.06416237;-0.3431496;3.117076;
HandLeft;-0.2035458;-0.2744495;3.47245;
Spine;-0.101419;-0.07370921;3.355474;
HipCenter;-0.10788;-0.1664062;3.350708;
HipRight;-0.07341909;-0.1885456;3.332304;
HipLeft;-0.1429087;-0.2115049;3.361151;
KneeRight;-0.09422176;-0.6264755;3.263844;
KneeLeft;-0.1864704;-0.7218704;3.40987;
AnkleRight;0.2152094;-0.9013122;3.280829;
AnkleLeft;-0.1206939;-1.023774;3.44956;
FootRight;0.2165125;-0.9851134;3.291044;
FootLeft;-0.1776044;-1.085978;3.445018;
Head;-0.2128136;0.5429062;3.39449;
ShoulderCenter;-0.1042653;0.3958094;3.387145;
ShoulderRight;-0.05434132;0.2473396;3.253631;
ShoulderLeft;-0.2012393;0.2185484;3.480097;
ElbowRight;-0.0519497;-0.04289047;3.167204;
ElbowLeft;-0.2201938;0.004380926;3.411142;
WristRight;-0.08223522;-0.2589687;3.137808;
WristLeft;-0.2216304;-0.2111874;3.43307;
HandRight;-0.106071;-0.3350941;3.135474;
HandLeft;-0.2403848;-0.2674334;3.461931;
Spine;-0.1175892;-0.06772768;3.356123;
HipCenter;-0.1216267;-0.1604434;3.352718;
HipRight;-0.09491824;-0.182335;3.321552;
HipLeft;-0.1576453;-0.214;3.376481;
KneeRight;-0.1723291;-0.6205091;3.264561;
KneeLeft;-0.05028573;-0.6083027;3.462866;
AnkleRight;0.1321141;-0.9017246;3.286504;
AnkleLeft;-0.1127822;-1.033201;3.454916;
FootRight;0.09789866;-1.008317;3.266479;
FootLeft;-0.1795364;-1.08413;3.450927;
Head;-0.247164;0.5493851;3.389858;
ShoulderCenter;-0.1380674;0.3999257;3.372567;
ShoulderRight;-0.09310056;0.2484318;3.24489;
ShoulderLeft;-0.2350413;0.2226647;3.465519;
ElbowRight;-0.06787151;-0.04174595;3.166865;
ElbowLeft;-0.2539638;0.008859307;3.396607;
WristRight;-0.1039974;-0.2549288;3.121948;
WristLeft;-0.2554311;-0.206368;3.418322;
HandRight;-0.1095011;-0.3434145;3.131872;
HandLeft;-0.2741845;-0.2626112;3.447181;
Spine;-0.1600533;-0.06033717;3.343543;
HipCenter;-0.1633424;-0.1525672;3.341742;
HipRight;-0.1329098;-0.1725182;3.317627;
HipLeft;-0.1932703;-0.2051896;3.361048;
KneeRight;-0.2305721;-0.6304768;3.273769;
KneeLeft;-0.0891361;-0.6152673;3.457749;
AnkleRight;0.03882863;-0.9386147;3.284389;
AnkleLeft;-0.1184075;-1.015648;3.436723;
FootRight;-0.0244974;-1.029599;3.310311;
FootLeft;-0.1645839;-1.083099;3.456685;
Head;-0.3114983;0.5406719;3.41859;
ShoulderCenter;-0.182336;0.4047942;3.376161;
ShoulderRight;-0.1306981;0.2524332;3.245719;
ShoulderLeft;-0.27931;0.2275332;3.469114;
ElbowRight;-0.1079115;-0.03621846;3.160427;
ElbowLeft;-0.2982067;0.01401776;3.400254;
WristRight;-0.1286036;-0.2520982;3.123319;
WristLeft;-0.2996984;-0.2009363;3.421807;
HandRight;-0.1152754;-0.340244;3.129135;
HandLeft;-0.3368078;-0.2418909;3.491998;
Spine;-0.195925;-0.0589205;3.343426;
HipCenter;-0.1995712;-0.1515848;3.340626;
HipRight;-0.1676849;-0.1694527;3.320838;
HipLeft;-0.2374704;-0.2024449;3.353583;
KneeRight;-0.3055281;-0.6356202;3.272205;
KneeLeft;-0.1325585;-0.6525039;3.460316;
AnkleRight;-0.07730457;-0.9764394;3.302111;
AnkleLeft;-0.03202873;-0.9536684;3.439865;
FootRight;-0.146385;-1.064483;3.323619;
FootLeft;-0.1208507;-1.021306;3.462718;
Head;-0.3345605;0.5411175;3.41957;
ShoulderCenter;-0.218942;0.3926753;3.379718;
ShoulderRight;-0.1647502;0.248748;3.243344;
ShoulderLeft;-0.315916;0.2154142;3.472671;
ElbowRight;-0.1275583;-0.03748666;3.155811;
ElbowLeft;-0.3347834;0.002231926;3.403849;
WristRight;-0.1391451;-0.2540293;3.122114;
WristLeft;-0.4242466;-0.2069958;3.575977;
HandRight;-0.1432243;-0.3434906;3.126004;
HandLeft;-0.4590323;-0.255264;3.605128;
Spine;-0.2346723;-0.06912117;3.339699;
HipCenter;-0.237358;-0.1613187;3.335375;
HipRight;-0.207547;-0.1814006;3.316476;
HipLeft;-0.2678281;-0.2107444;3.347269;
KneeRight;-0.3661851;-0.630003;3.268845;
KneeLeft;-0.1670966;-0.6690803;3.46307;
AnkleRight;-0.2000726;-1.021579;3.308815;
AnkleLeft;-0.09761021;-1.037435;3.430044;
FootRight;-0.2689416;-1.078597;3.300438;
FootLeft;-0.1683256;-1.124545;3.451274;
Head;-0.3916866;0.5364706;3.411409;
ShoulderCenter;-0.2710988;0.3912214;3.367531;
ShoulderRight;-0.2022544;0.2534604;3.238317;
ShoulderLeft;-0.3680728;0.2139604;3.460483;
ElbowRight;-0.1645135;0.005480971;3.146477;
ElbowLeft;-0.3868813;0.001443118;3.391755;
WristRight;-0.1573525;-0.2270614;3.116505;
WristLeft;-0.4721889;-0.1883721;3.584;
HandRight;-0.1609214;-0.3168963;3.111681;
HandLeft;-0.5113876;-0.2373507;3.606207;
Spine;-0.2662606;-0.07130814;3.329233;
HipCenter;-0.2656469;-0.1637132;3.32529;
HipRight;-0.2314803;-0.1848499;3.297258;
HipLeft;-0.3056887;-0.2241966;3.34414;
KneeRight;-0.4036376;-0.6381523;3.274358;
KneeLeft;-0.193455;-0.672218;3.462248;
AnkleRight;-0.3086224;-1.023239;3.269457;
AnkleLeft;-0.1149694;-1.008976;3.429004;
FootRight;-0.4050346;-1.084965;3.265022;
FootLeft;-0.19596;-1.069308;3.413421;
Head;-0.4063947;0.5289131;3.403612;
ShoulderCenter;-0.2808914;0.3873221;3.364041;
ShoulderRight;-0.2389669;0.2390957;3.232933;
ShoulderLeft;-0.3778654;0.210061;3.456994;
ElbowRight;-0.1982592;-0.04505675;3.144081;
ElbowLeft;-0.3966494;-0.002179936;3.388295;
WristRight;-0.2024398;-0.2709613;3.123582;
WristLeft;-0.5100866;-0.1738124;3.582349;
HandRight;-0.1922359;-0.3525177;3.109141;
HandLeft;-0.5579749;-0.2193731;3.576159;
Spine;-0.3189753;-0.07440867;3.33006;
HipCenter;-0.3243979;-0.1658811;3.327688;
HipRight;-0.2946181;-0.1910896;3.293085;
HipLeft;-0.3590564;-0.2229726;3.355208;
KneeRight;-0.466161;-0.6489214;3.265093;
KneeLeft;-0.2095256;-0.6694564;3.464318;
AnkleRight;-0.4507177;-1.028943;3.23834;
AnkleLeft;-0.1161469;-1.015337;3.42902;
FootRight;-0.5442951;-1.091298;3.242806;
FootLeft;-0.1633227;-1.082596;3.449329;
Head;-0.4675088;0.5141473;3.387726;
ShoulderCenter;-0.3354641;0.3787335;3.358627;
ShoulderRight;-0.2748492;0.2313365;3.228508;
ShoulderLeft;-0.4324381;0.2014724;3.45158;
ElbowRight;-0.2308619;-0.05219913;3.141209;
ElbowLeft;-0.4511941;-0.01045209;3.382933;
WristRight;-0.2425723;-0.3056911;3.127801;
WristLeft;-0.5578467;-0.1765623;3.584281;
HandRight;-0.2467258;-0.3709024;3.117216;
HandLeft;-0.6334362;-0.2772075;3.645834;
Spine;-0.3453557;-0.06272277;3.322334;
HipCenter;-0.3496734;-0.1509939;3.318507;
HipRight;-0.3300905;-0.1765961;3.262261;
HipLeft;-0.3749523;-0.2233006;3.356976;
KneeRight;-0.5058261;-0.6413375;3.265277;
KneeLeft;-0.2234638;-0.6698618;3.46464;
AnkleRight;-0.5780497;-1.038904;3.232033;
AnkleLeft;-0.1179533;-1.016669;3.426517;
FootRight;-0.6810727;-1.085825;3.24978;
FootLeft;-0.1796854;-1.086078;3.493613;
Head;-0.5006226;0.5118973;3.395138;
ShoulderCenter;-0.3666214;0.3772554;3.359602;
ShoulderRight;-0.3215768;0.230323;3.228793;
ShoulderLeft;-0.4635954;0.1999944;3.452554;
ElbowRight;-0.2843739;-0.05148348;3.131179;
ElbowLeft;-0.4823269;-0.01165397;3.383952;
WristRight;-0.2807811;-0.3202892;3.115548;
WristLeft;-0.5953079;-0.1803045;3.579522;
HandRight;-0.2860529;-0.3858586;3.109481;
HandLeft;-0.6784956;-0.2648728;3.611798;
Spine;-0.3993999;-0.07602515;3.332752;
HipCenter;-0.4042993;-0.1666027;3.330962;
HipRight;-0.3781448;-0.1877068;3.30436;
HipLeft;-0.4345326;-0.2209017;3.351496;
KneeRight;-0.5552932;-0.6439866;3.258758;
KneeLeft;-0.2589;-0.6726525;3.46687;
AnkleRight;-0.676172;-1.023973;3.224605;
AnkleLeft;-0.1206873;-1.017785;3.425984;
FootRight;-0.7842393;-1.063301;3.232818;
FootLeft;-0.1918823;-1.087342;3.48417;
Head;-0.5562332;0.501265;3.376086;
ShoulderCenter;-0.4228829;0.3663997;3.35093;
ShoulderRight;-0.3548479;0.2214539;3.220504;
ShoulderLeft;-0.5198569;0.1891387;3.443882;
ElbowRight;-0.3270315;-0.06170546;3.125975;
ElbowLeft;-0.5385602;-0.02218971;3.375345;
WristRight;-0.3390263;-0.3224256;3.123141;
WristLeft;-0.6467088;-0.2003144;3.564952;
HandRight;-0.3073888;-0.3880639;3.095749;
HandLeft;-0.6945529;-0.2445187;3.575164;
Spine;-0.4220681;-0.07466512;3.324294;
HipCenter;-0.4234235;-0.1637244;3.32266;
HipRight;-0.4031756;-0.1887557;3.272545;
HipLeft;-0.4537408;-0.2300655;3.356042;
KneeRight;-0.4733951;-0.6042752;3.289498;
KneeLeft;-0.2727171;-0.6757919;3.468265;
AnkleRight;-0.6990803;-0.9725518;3.243083;
AnkleLeft;-0.1282371;-1.020358;3.424051;
FootRight;-0.8002893;-1.027113;3.252608;
FootLeft;-0.192178;-1.074961;3.503051;
Head;-0.5870957;0.4985746;3.365616;
ShoulderCenter;-0.4519646;0.3655863;3.344784;
ShoulderRight;-0.4050124;0.2190455;3.211849;
ShoulderLeft;-0.5489386;0.1883252;3.437737;
ElbowRight;-0.3756398;-0.03914517;3.111404;
ElbowLeft;-0.5676004;-0.02253461;3.369289;
WristRight;-0.3885235;-0.3131673;3.12347;
WristLeft;-0.6815712;-0.207023;3.548925;
HandRight;-0.3845035;-0.373285;3.097222;
HandLeft;-0.7199436;-0.2370384;3.593037;
Spine;-0.4662113;-0.0781876;3.313418;
HipCenter;-0.4680565;-0.1669645;3.310989;
HipRight;-0.4339248;-0.1821921;3.274539;
HipLeft;-0.4985126;-0.2372007;3.33883;
KneeRight;-0.6172616;-0.5892237;3.258562;
KneeLeft;-0.2905705;-0.6850572;3.471542;
AnkleRight;-0.7411968;-1.003762;3.243069;
AnkleLeft;-0.1331588;-1.019586;3.424247;
FootRight;-0.8443469;-1.053175;3.258264;
FootLeft;-0.176611;-1.089234;3.447353;
Head;-0.6064296;0.5015576;3.311188;
ShoulderCenter;-0.4900759;0.3647601;3.333488;
ShoulderRight;-0.4385766;0.2129498;3.202405;
ShoulderLeft;-0.5870499;0.1874991;3.42644;
ElbowRight;-0.4139633;-0.06091983;3.123984;
ElbowLeft;-0.6056778;-0.02297728;3.35807;
WristRight;-0.443404;-0.2738027;3.108595;
WristLeft;-0.7151277;-0.2025633;3.544;
HandRight;-0.4393984;-0.3337048;3.082442;
HandLeft;-0.7433615;-0.2553129;3.570621;
Spine;-0.5141341;-0.07973174;3.298136;
HipCenter;-0.5180197;-0.16861;3.294969;
HipRight;-0.4920969;-0.1790912;3.281703;
HipLeft;-0.5468578;-0.2248104;3.301733;
KneeRight;-0.4942444;-0.6389223;3.36744;
KneeLeft;-0.3033864;-0.6961571;3.476735;
AnkleRight;-0.7312902;-0.9932302;3.260311;
AnkleLeft;-0.1699574;-1.020165;3.433638;
FootRight;-0.833778;-1.045713;3.26689;
FootLeft;-0.1723193;-1.103602;3.450942;
Head;-0.6484396;0.5042552;3.291203;
ShoulderCenter;-0.5382386;0.3609332;3.311763;
ShoulderRight;-0.4882415;0.209968;3.191398;
ShoulderLeft;-0.6352127;0.1836722;3.404716;
ElbowRight;-0.4759313;-0.07777722;3.12307;
ElbowLeft;-0.6500517;-0.02284206;3.318253;
WristRight;-0.5611356;-0.2764125;3.120226;
WristLeft;-0.7562039;-0.2190864;3.489709;
HandRight;-0.5571222;-0.3364311;3.094022;
HandLeft;-0.7852867;-0.2623757;3.529523;
Spine;-0.5672423;-0.08055121;3.297631;
HipCenter;-0.573043;-0.1688481;3.298432;
HipRight;-0.546599;-0.1823487;3.274738;
HipLeft;-0.6043015;-0.2286315;3.318229;
KneeRight;-0.701143;-0.6529586;3.255361;
KneeLeft;-0.3798331;-0.6869993;3.486794;
AnkleRight;-0.7799705;-1.025553;3.246965;
AnkleLeft;-0.1831934;-1.012801;3.434004;
FootRight;-0.8698624;-1.088516;3.282129;
FootLeft;-0.1868414;-1.095333;3.454765;
Head;-0.6864592;0.5159258;3.297774;
ShoulderCenter;-0.5820816;0.3581385;3.287963;
ShoulderRight;-0.5291954;0.2147437;3.177154;
ShoulderLeft;-0.6790556;0.1808774;3.380915;
ElbowRight;-0.5274088;-0.07409677;3.118554;
ElbowLeft;-0.6690614;-0.02991171;3.312775;
WristRight;-0.5737617;-0.2836234;3.105975;
WristLeft;-0.7805226;-0.2159649;3.490978;
HandRight;-0.569746;-0.3436779;3.079756;
HandLeft;-0.8096227;-0.2592799;3.530817;
Spine;-0.594313;-0.07523504;3.287311;
HipCenter;-0.5975515;-0.1623685;3.290122;
HipRight;-0.5610383;-0.1817794;3.274685;
HipLeft;-0.6416414;-0.2099211;3.298098;
KneeRight;-0.7572008;-0.5536931;3.214952;
KneeLeft;-0.5977779;-0.6305062;3.283055;
AnkleRight;-0.7805486;-0.9827818;3.239809;
AnkleLeft;-0.3134407;-0.9241343;3.397155;
FootRight;-0.8393818;-1.080482;3.253509;
FootLeft;-0.3856071;-0.9681768;3.343965;
Head;-0.7258447;0.5246016;3.308767;
ShoulderCenter;-0.6122603;0.3724835;3.286086;
ShoulderRight;-0.5612268;0.2241566;3.175836;
ShoulderLeft;-0.7092344;0.1952225;3.379038;
ElbowRight;-0.5739809;-0.04613384;3.100638;
ElbowLeft;-0.7182808;-0.01439323;3.306981;
WristRight;-0.6318305;-0.284418;3.104163;
WristLeft;-0.827922;-0.1967374;3.488835;
HandRight;-0.627812;-0.344514;3.077925;
HandLeft;-0.8570424;-0.2400825;3.528701;
Spine;-0.6512864;-0.06026924;3.282852;
HipCenter;-0.6577498;-0.1474576;3.285913;
HipRight;-0.6268108;-0.1704516;3.286406;
HipLeft;-0.6936874;-0.1918935;3.283539;
KneeRight;-0.7679012;-0.6500421;3.233815;
KneeLeft;-0.67544;-0.6799009;3.316759;
AnkleRight;-0.7824746;-1.026455;3.245677;
AnkleLeft;-0.3388207;-0.9238253;3.412652;
FootRight;-0.8527965;-1.092494;3.25578;
FootLeft;-0.2915338;-1.023218;3.445337;
Head;-0.745893;0.5435561;3.283456;
ShoulderCenter;-0.6670563;0.3745874;3.282588;
ShoulderRight;-0.6106573;0.2260938;3.167191;
ShoulderLeft;-0.7640303;0.1973263;3.375541;
ElbowRight;-0.6232619;-0.0268581;3.083327;
ElbowLeft;-0.7623519;-0.01227306;3.304959;
WristRight;-0.7187546;-0.2744336;3.076065;
WristLeft;-0.8728566;-0.1955664;3.484463;
HandRight;-0.7139348;-0.3419321;3.063648;
HandLeft;-0.9020012;-0.2389476;3.524362;
Spine;-0.6857799;-0.01705381;3.268119;
HipCenter;-0.6895247;-0.09538205;3.268848;
HipRight;-0.6659582;-0.1386943;3.224143;
HipLeft;-0.7169184;-0.1605939;3.305834;
KneeRight;-0.7679095;-0.6516072;3.23466;
KneeLeft;-0.6687955;-0.6950014;3.317119;
AnkleRight;-0.7792912;-1.045965;3.261293;
AnkleLeft;-0.3741674;-0.937497;3.419616;
FootRight;-0.8528851;-1.114483;3.275268;
FootLeft;-0.3524087;-1.018928;3.45705;
Head;-0.8117869;0.5086162;3.265011;
ShoulderCenter;-0.6851501;0.3769324;3.278956;
ShoulderRight;-0.6416719;0.2293527;3.156581;
ShoulderLeft;-0.7821242;0.1996714;3.371908;
ElbowRight;-0.6882738;-0.0482842;3.072011;
ElbowLeft;-0.783106;-0.009567142;3.301029;
WristRight;-0.7831506;-0.3208274;3.064573;
WristLeft;-0.8930516;-0.1928128;3.480291;
HandRight;-0.80626;-0.3785646;3.043111;
HandLeft;-0.922213;-0.2362191;3.520213;
Spine;-0.7058554;-0.01258435;3.266756;
HipCenter;-0.7100656;-0.09045003;3.267966;
HipRight;-0.6896838;-0.1387861;3.218963;
HipLeft;-0.737464;-0.156849;3.309991;
KneeRight;-0.7671127;-0.6513327;3.235485;
KneeLeft;-0.6705737;-0.7138983;3.39358;
AnkleRight;-0.7766256;-1.045176;3.261827;
AnkleLeft;-0.438622;-0.9290265;3.417361;
FootRight;-0.8507048;-1.113469;3.275663;
FootLeft;-0.43992;-1.003795;3.457344;
Head;-0.8139226;0.4893749;3.287139;
ShoulderCenter;-0.7350513;0.3170887;3.267162;
ShoulderRight;-0.6849629;0.240272;3.152133;
ShoulderLeft;-0.7426835;0.2675599;3.10551;
ElbowRight;-0.738515;-0.03619115;3.060726;
ElbowLeft;-0.743172;0.05846697;3.034896;
WristRight;-0.8262414;-0.2481999;3.053674;
WristLeft;-0.8530479;-0.12476;3.213817;
HandRight;-0.8616191;-0.329842;3.051244;
HandLeft;-0.8822097;-0.1681668;3.25374;
Spine;-0.7505724;-0.04525942;3.255885;
HipCenter;-0.7098173;-0.1068964;3.209295;
HipRight;-0.7006575;-0.1477088;3.155772;
HipLeft;-0.7134571;-0.1588303;3.246917;
KneeRight;-0.7655875;-0.6537966;3.237118;
KneeLeft;-0.6794847;-0.7038023;3.405465;
AnkleRight;-0.7775701;-1.043957;3.259155;
AnkleLeft;-0.4913361;-0.9626614;3.376804;
FootRight;-0.7154694;-1.083036;3.192078;
FootLeft;-0.4292354;-1.00174;3.309726;
Head;-0.8603749;0.4964656;3.269799;
ShoulderCenter;-0.7695698;0.3263382;3.253725;
ShoulderRight;-0.7127723;0.2448321;3.148695;
ShoulderLeft;-0.7232199;0.232721;3.093281;
ElbowRight;-0.7857512;-0.02510713;3.050055;
ElbowLeft;-0.7237079;0.02382115;3.022703;
WristRight;-0.9008228;-0.2341845;3.031308;
WristLeft;-0.8735567;-0.2214677;3.028057;
HandRight;-0.92571;-0.319724;3.036076;
HandLeft;-0.8920955;-0.284746;3.027472;
Spine;-0.82111;-0.02865813;3.236752;
HipCenter;-0.7657784;-0.0980473;3.224772;
HipRight;-0.7603958;-0.1300505;3.178437;
HipLeft;-0.7692949;-0.1565806;3.262208;
KneeRight;-0.7670065;-0.6544057;3.238382;
KneeLeft;-0.6985705;-0.7063088;3.391725;
AnkleRight;-0.7785286;-1.029453;3.250377;
AnkleLeft;-0.6445834;-1.020126;3.384226;
FootRight;-0.6902936;-1.072041;3.23321;
FootLeft;-0.5563483;-1.062715;3.367059;
Head;-0.8949353;0.5052111;3.277544;
ShoulderCenter;-0.8238972;0.3307245;3.255449;
ShoulderRight;-0.7406198;0.2864603;3.211693;
ShoulderLeft;-0.8075208;0.2551935;3.094248;
ElbowRight;-0.8234951;0.03407162;3.070413;
ElbowLeft;-0.8080092;0.04613958;3.023634;
WristRight;-0.9540191;-0.2217834;3.030037;
WristLeft;-0.9275676;-0.2161608;3.01624;
HandRight;-0.9700813;-0.3085873;3.017217;
HandLeft;-0.9336876;-0.2817922;3.01773;
Spine;-0.8645025;-0.01500923;3.266217;
HipCenter;-0.8158868;-0.08049418;3.238701;
HipRight;-0.7914524;-0.1297663;3.17983;
HipLeft;-0.8295312;-0.1576259;3.287502;
KneeRight;-0.7777748;-0.6429323;3.227901;
KneeLeft;-1.010269;-0.6557361;3.424406;
AnkleRight;-0.7793882;-1.026302;3.248272;
AnkleLeft;-0.702942;-0.9398013;3.378336;
FootRight;-0.7013634;-1.068054;3.202813;
FootLeft;-0.7466068;-1.012048;3.373351;
Head;-0.9624243;0.5458776;3.259747;
ShoulderCenter;-0.8659887;0.3848779;3.246643;
ShoulderRight;-0.8092597;0.2459781;3.128259;
ShoulderLeft;-0.8496122;0.309347;3.085441;
ElbowRight;-0.8961182;-0.02058101;3.032869;
ElbowLeft;-0.8501002;0.1004951;3.014859;
WristRight;-1.033416;-0.2435499;3.033387;
WristLeft;-0.9851847;-0.153816;3.00829;
HandRight;-1.076167;-0.3205694;3.04916;
HandLeft;-1.005737;-0.2241086;3.059719;
Spine;-0.8908148;0.0004636152;3.265798;
HipCenter;-0.8429307;-0.0705466;3.232753;
HipRight;-0.8282018;-0.1303794;3.161203;
HipLeft;-0.8566693;-0.1507947;3.291532;
KneeRight;-0.8006618;-0.6328428;3.215034;
KneeLeft;-1.043701;-0.6644999;3.421237;
AnkleRight;-0.7792826;-1.020386;3.245215;
AnkleLeft;-0.9717178;-1.031839;3.42946;
FootRight;-0.8166683;-1.095693;3.235016;
FootLeft;-0.9003927;-1.073;3.373369;
Head;-0.992097;0.5494453;3.273982;
ShoulderCenter;-0.8933275;0.3874853;3.248768;
ShoulderRight;-0.8263033;0.250641;3.128617;
ShoulderLeft;-0.9166799;0.2110095;3.075043;
ElbowRight;-0.9195574;0.01655704;3.022523;
ElbowLeft;-0.9171669;0.002573445;3.004521;
WristRight;-1.077544;-0.2226552;3.029538;
WristLeft;-1.072428;-0.2381583;3.014219;
HandRight;-1.131037;-0.2943182;3.030889;
HandLeft;-1.125917;-0.274242;3.0286;
Spine;-0.9190208;-0.02114585;3.277727;
HipCenter;-0.8913505;-0.09938215;3.232146;
HipRight;-0.8699997;-0.1494125;3.174991;
HipLeft;-0.9090028;-0.1682539;3.281135;
KneeRight;-0.8202291;-0.6587055;3.210596;
KneeLeft;-1.08771;-0.6589676;3.432415;
AnkleRight;-0.7817711;-1.025865;3.247223;
AnkleLeft;-1.005357;-1.019021;3.402726;
FootRight;-0.8106679;-1.105253;3.254295;
FootLeft;-1.068138;-1.073268;3.420142;
Head;-1.052846;0.5249143;3.232187;
ShoulderCenter;-0.9328415;0.389841;3.250296;
ShoulderRight;-0.8732651;0.2504666;3.133402;
ShoulderLeft;-0.9513124;0.2736281;3.097476;
ElbowRight;-0.9779058;-0.005930126;3.027961;
ElbowLeft;-1.049392;0.04392691;3.065583;
WristRight;-1.138743;-0.2245404;3.027;
WristLeft;-1.165483;-0.2186369;3.041065;
HandRight;-1.195543;-0.2904706;3.048155;
HandLeft;-1.197461;-0.3021388;3.046094;
Spine;-0.9395641;-0.01968857;3.275471;
HipCenter;-0.9154283;-0.09657578;3.229455;
HipRight;-0.8877834;-0.1447069;3.169726;
HipLeft;-0.9429833;-0.1644331;3.281314;
KneeRight;-0.8575114;-0.6483932;3.227449;
KneeLeft;-1.132343;-0.6616482;3.44219;
AnkleRight;-0.7821988;-1.019496;3.245546;
AnkleLeft;-1.146846;-1.032894;3.441547;
FootRight;-0.8448548;-1.077052;3.247932;
FootLeft;-1.106353;-1.074479;3.359954;
Head;-1.024565;0.5532395;3.223656;
ShoulderCenter;-0.9748803;0.3810875;3.246795;
ShoulderRight;-0.8924215;0.2476658;3.136386;
ShoulderLeft;-0.9502673;0.2410721;3.083667;
ElbowRight;-0.9975441;0.01973095;3.021877;
ElbowLeft;-1.078402;0.027513;3.065001;
WristRight;-1.175496;-0.2033547;3.034242;
WristLeft;-1.22551;-0.2150095;3.05729;
HandRight;-1.233537;-0.2680955;3.055892;
HandLeft;-1.27049;-0.2921284;3.064927;
Spine;-0.9825647;-0.001411068;3.263329;
HipCenter;-0.9463741;-0.0713914;3.226271;
HipRight;-0.9249375;-0.1393292;3.142423;
HipLeft;-0.9538674;-0.1622184;3.289926;
KneeRight;-0.8770455;-0.637113;3.22606;
KneeLeft;-1.169786;-0.667814;3.439548;
AnkleRight;-0.7818418;-1.020717;3.247263;
AnkleLeft;-1.268364;-1.032524;3.454813;
FootRight;-0.8435792;-1.079309;3.24891;
FootLeft;-1.206958;-1.073392;3.387064;
Head;-1.110436;0.541265;3.272562;
ShoulderCenter;-1.022964;0.3710009;3.240031;
ShoulderRight;-0.9636942;0.2326129;3.122733;
ShoulderLeft;-0.989213;0.2098639;3.090515;
ElbowRight;-1.07594;-0.02269267;3.028045;
ElbowLeft;-1.128831;0.003800467;3.071704;
WristRight;-1.254298;-0.239781;3.051967;
WristLeft;-1.272626;-0.2205249;3.059405;
HandRight;-1.315872;-0.3009994;3.074563;
HandLeft;-1.327114;-0.2909987;3.070088;
Spine;-1.005165;-0.02654944;3.252552;
HipCenter;-0.9612494;-0.09766173;3.218341;
HipRight;-0.9369862;-0.1495006;3.147311;
HipLeft;-0.9625322;-0.1701141;3.279609;
KneeRight;-0.9079995;-0.6700538;3.226851;
KneeLeft;-1.214325;-0.6586239;3.432714;
AnkleRight;-0.7820221;-1.020774;3.247857;
AnkleLeft;-1.374758;-1.040829;3.473492;
FootRight;-0.7145712;-1.060412;3.185358;
FootLeft;-1.307307;-1.080467;3.410994;
Head;-1.140551;0.5375515;3.287894;
ShoulderCenter;-1.049516;0.3681362;3.249543;
ShoulderRight;-0.9498904;0.1932124;3.255499;
ShoulderLeft;-1.087687;0.2093629;3.108298;
ElbowRight;-1.08323;-0.001521543;3.063353;
ElbowLeft;-1.20389;-0.01092327;3.065712;
WristRight;-1.263664;-0.2244929;3.048886;
WristLeft;-1.321216;-0.2404469;3.043137;
HandRight;-1.338873;-0.2734002;3.055196;
HandLeft;-1.365459;-0.3180709;3.032879;
Spine;-1.031531;-0.02676902;3.252385;
HipCenter;-0.984257;-0.09593334;3.217359;
HipRight;-0.9441634;-0.1504261;3.152495;
HipLeft;-1.01917;-0.1633878;3.260527;
KneeRight;-0.9143192;-0.6722066;3.221475;
KneeLeft;-1.244387;-0.656809;3.425894;
AnkleRight;-0.7850461;-1.02202;3.249685;
AnkleLeft;-1.439216;-1.03641;3.472757;
FootRight;-0.8402484;-1.086793;3.244281;
FootLeft;-1.370621;-1.075685;3.410974;
Head;-1.210416;0.5244884;3.262046;
ShoulderCenter;-1.10831;0.367885;3.265903;
ShoulderRight;-1.047487;0.2238274;3.1424;
ShoulderLeft;-1.103916;0.2226936;3.109839;
ElbowRight;-1.156801;-0.03103778;3.039338;
ElbowLeft;-1.086774;0.001933128;3.263306;
WristRight;-1.304662;-0.2316321;3.053859;
WristLeft;-1.278961;-0.1670815;3.11858;
HandRight;-1.370269;-0.2932107;3.059067;
HandLeft;-1.32182;-0.246164;3.124269;
Spine;-1.107055;-0.01916676;3.279186;
HipCenter;-1.077745;-0.08956032;3.234866;
HipRight;-1.056698;-0.1543002;3.169003;
HipLeft;-1.090083;-0.1551791;3.287656;
KneeRight;-0.9529066;-0.6758431;3.216656;
KneeLeft;-1.301177;-0.6685416;3.427165;
AnkleRight;-0.7895323;-1.023905;3.253096;
AnkleLeft;-1.445324;-1.043507;3.472999;
FootRight;-0.8412961;-1.090744;3.242767;
FootLeft;-1.543694;-1.088222;3.432985;
Head;-1.264508;0.5134307;3.283168;
ShoulderCenter;-1.154828;0.3572018;3.270943;
ShoulderRight;-1.081678;0.2203201;3.15252;
ShoulderLeft;-1.139334;0.2164543;3.10407;
ElbowRight;-1.183972;-0.03797734;3.050776;
ElbowLeft;-1.066219;0.0727596;3.312556;
WristRight;-1.368613;-0.2519971;3.061728;
WristLeft;-1.248328;-0.1123294;3.175107;
HandRight;-1.411411;-0.316848;3.068454;
HandLeft;-1.293177;-0.1849559;3.204324;
Spine;-1.152292;-0.02039139;3.282092;
HipCenter;-1.115443;-0.08869595;3.24368;
HipRight;-1.096556;-0.1607757;3.174507;
HipLeft;-1.122432;-0.1575516;3.299195;
KneeRight;-0.9682199;-0.6818357;3.219191;
KneeLeft;-1.33222;-0.6739277;3.432762;
AnkleRight;-0.8012788;-1.026155;3.254065;
AnkleLeft;-1.470172;-1.055411;3.454296;
FootRight;-0.8441213;-1.098057;3.237558;
FootLeft;-1.541621;-1.094763;3.417555;
Head;-1.275975;0.5369738;3.28006;
ShoulderCenter;-1.208179;0.3605321;3.2804;
ShoulderRight;-1.09536;0.2287108;3.230506;
ShoulderLeft;-1.154506;0.2137232;3.110129;
ElbowRight;-1.208549;-0.006641299;3.081294;
ElbowLeft;-1.089234;0.09942482;3.336536;
WristRight;-1.357041;-0.2307207;3.067226;
WristLeft;-1.254723;-0.09505769;3.189741;
HandRight;-1.410451;-0.3036349;3.072557;
HandLeft;-1.446572;-0.3434699;3.0897;
Spine;-1.21421;-0.01905141;3.274537;
HipCenter;-1.163621;-0.08730586;3.250802;
HipRight;-1.140302;-0.1610011;3.179424;
HipLeft;-1.170858;-0.1569265;3.307776;
KneeRight;-1.058709;-0.6857257;3.238339;
KneeLeft;-1.376076;-0.6771939;3.436963;
AnkleRight;-0.8176361;-1.027251;3.255274;
AnkleLeft;-1.480983;-1.056585;3.445305;
FootRight;-0.7357092;-1.067072;3.213788;
FootLeft;-1.548156;-1.098724;3.41447;
Head;-1.370299;0.5223789;3.323515;
ShoulderCenter;-1.251214;0.3694124;3.298166;
ShoulderRight;-1.191401;0.2290168;3.174726;
ShoulderLeft;-1.26455;0.2080931;3.134066;
ElbowRight;-1.268633;-0.03956284;3.077218;
ElbowLeft;-1.346634;-0.0282245;3.102504;
WristRight;-1.392743;-0.2474331;3.072794;
WristLeft;-1.417785;-0.2599668;3.076331;
HandRight;-1.443432;-0.3226573;3.078747;
HandLeft;-1.454664;-0.3427641;3.083259;
Spine;-1.233167;-0.02191583;3.304881;
HipCenter;-1.204239;-0.09127802;3.258404;
HipRight;-1.17835;-0.1585783;3.185302;
HipLeft;-1.219146;-0.1670004;3.315449;
KneeRight;-1.123499;-0.6748398;3.239573;
KneeLeft;-1.419183;-0.6904135;3.44311;
AnkleRight;-0.870302;-1.003859;3.260621;
AnkleLeft;-1.486296;-1.05522;3.442518;
FootRight;-0.9013565;-1.088083;3.254977;
FootLeft;-1.551507;-1.101932;3.414846;
Head;-1.381823;0.5532523;3.318594;
ShoulderCenter;-1.306782;0.3767768;3.310977;
ShoulderRight;-1.223672;0.2348853;3.176307;
ShoulderLeft;-1.299992;0.2079342;3.132852;
ElbowRight;-1.298384;-0.03714035;3.090339;
ElbowLeft;-1.3685;-0.03272471;3.101761;
WristRight;-1.408216;-0.2549137;3.078531;
WristLeft;-1.439395;-0.2991758;3.088282;
HandRight;-1.452633;-0.3338682;3.082276;
HandLeft;-1.462712;-0.3618508;3.083898;
Spine;-1.288701;-0.01673062;3.31785;
HipCenter;-1.258458;-0.08639678;3.270489;
HipRight;-1.235645;-0.1587012;3.195973;
HipLeft;-1.264419;-0.1619858;3.326989;
KneeRight;-1.215792;-0.6366928;3.253211;
KneeLeft;-1.44179;-0.7011996;3.421458;
AnkleRight;-0.9407595;-0.9700217;3.272417;
AnkleLeft;-1.490097;-1.048289;3.440076;
FootRight;-0.9439227;-1.084151;3.281737;
FootLeft;-1.543928;-1.105684;3.40882;
Head;-1.415275;0.5567327;3.297332;
ShoulderCenter;-1.340829;0.3871464;3.316321;
ShoulderRight;-1.250508;0.2507087;3.193179;
ShoulderLeft;-1.312197;0.2120464;3.129986;
ElbowRight;-1.314661;-0.02235746;3.099385;
ElbowLeft;-1.376165;-0.02994061;3.100945;
WristRight;-1.420177;-0.2326248;3.08095;
WristLeft;-1.442486;-0.2910621;3.082877;
HandRight;-1.450941;-0.3178675;3.085693;
HandLeft;-1.463382;-0.3598734;3.086281;
Spine;-1.329212;-0.04367647;3.308645;
HipCenter;-1.290409;-0.124355;3.265854;
HipRight;-1.257894;-0.168382;3.202506;
HipLeft;-1.300619;-0.197025;3.310972;
KneeRight;-1.279377;-0.6587174;3.259268;
KneeLeft;-1.467377;-0.7449657;3.376387;
AnkleRight;-0.9839717;-0.9464794;3.275097;
AnkleLeft;-1.490704;-1.04948;3.446684;
FootRight;-0.9932566;-1.030402;3.293829;
FootLeft;-1.542718;-1.104039;3.408783;
Head;-1.451606;0.5029345;3.336785;
ShoulderCenter;-1.375135;0.3246311;3.312511;
ShoulderRight;-1.303593;0.2542212;3.198684;
ShoulderLeft;-1.361848;0.2142444;3.128148;
ElbowRight;-1.350991;-0.02315262;3.109233;
ElbowLeft;-1.402607;-0.03260829;3.103581;
WristRight;-1.444152;-0.2611988;3.096693;
WristLeft;-1.471238;-0.2876414;3.076498;
HandRight;-1.465541;-0.3492928;3.091186;
HandLeft;-1.458502;-0.3711277;3.095056;
Spine;-1.3378;-0.04108191;3.311339;
HipCenter;-1.296341;-0.1030522;3.276296;
HipRight;-1.261476;-0.1661192;3.204641;
HipLeft;-1.30059;-0.1858982;3.325713;
KneeRight;-1.394623;-0.6414949;3.261805;
KneeLeft;-1.510788;-0.7213088;3.371452;
AnkleRight;-1.114185;-0.9050214;3.262976;
AnkleLeft;-1.488946;-1.026575;3.43892;
FootRight;-1.079251;-1.00884;3.294584;
FootLeft;-1.534005;-1.094977;3.415578;
Head;-1.449912;0.493722;3.321813;
ShoulderCenter;-1.39241;0.3104407;3.308424;
ShoulderRight;-1.338627;0.2551207;3.191728;
ShoulderLeft;-1.419522;0.2461724;3.146877;
ElbowRight;-1.375322;-0.01641722;3.101084;
ElbowLeft;-1.318233;0.1898549;3.381108;
WristRight;-1.444095;-0.2614056;3.097873;
WristLeft;-1.444043;0.002300888;3.187832;
HandRight;-1.464568;-0.3475785;3.093182;
HandLeft;-1.48598;-0.06021713;3.128366;
Spine;-1.362494;-0.04724085;3.329833;
HipCenter;-1.32549;-0.108512;3.286154;
HipRight;-1.305;-0.161289;3.237391;
HipLeft;-1.337578;-0.175342;3.330415;
KneeRight;-1.464582;-0.631201;3.263324;
KneeLeft;-1.577399;-0.696172;3.349858;
AnkleRight;-1.197661;-0.9101422;3.284028;
AnkleLeft;-1.498446;-1.046072;3.441717;
FootRight;-1.168723;-0.9886696;3.273298;
FootLeft;-1.544444;-1.108713;3.408863;
Head;-1.581439;0.5547799;3.318062;
ShoulderCenter;-1.463938;0.4034519;3.309663;
ShoulderRight;-1.38239;0.2594504;3.200074;
ShoulderLeft;-1.418997;0.2467588;3.142895;
ElbowRight;-1.395124;-0.01527788;3.104537;
ElbowLeft;-1.318953;0.1855987;3.376469;
WristRight;-1.483504;-0.2064501;3.119394;
WristLeft;-1.444415;-0.003503814;3.184622;
HandRight;-1.498406;-0.2797902;3.11366;
HandLeft;-1.486236;-0.066538;3.125636;
Spine;-1.480415;-0.008032815;3.322733;
HipCenter;-1.435038;-0.08562493;3.296781;
HipRight;-1.425361;-0.1245879;3.259814;
HipLeft;-1.43976;-0.1305032;3.328987;
KneeRight;-1.551791;-0.6169066;3.238423;
KneeLeft;-1.589636;-0.6834273;3.386605;
AnkleRight;-1.266706;-0.9186572;3.291707;
AnkleLeft;-1.501313;-1.051612;3.442662;
FootRight;-1.302143;-1.026765;3.298942;
FootLeft;-1.534375;-1.12522;3.418404;
Head;-1.581968;0.5597337;3.314286;
ShoulderCenter;-1.474925;0.4003698;3.305967;
ShoulderRight;-1.405509;0.2581574;3.202594;
ShoulderLeft;-1.503863;0.2495931;3.154604;
ElbowRight;-1.442178;-0.02284303;3.123104;
ElbowLeft;-1.389552;0.1524051;3.370962;
WristRight;-1.508884;-0.2352518;3.12385;
WristLeft;-1.500163;-0.0553105;3.190385;
HandRight;-1.526497;-0.3144542;3.119028;
HandLeft;-1.45407;-0.1220579;3.231627;
Spine;-1.508299;0.01218399;3.345842;
HipCenter;-1.489021;-0.06435712;3.30965;
HipRight;-1.468531;-0.1177573;3.265314;
HipLeft;-1.507317;-0.1206325;3.351892;
KneeRight;-1.580673;-0.6277139;3.248336;
KneeLeft;-1.674139;-0.6678286;3.41608;
AnkleRight;-1.407036;-1.004111;3.347826;
AnkleLeft;-1.533344;-1.052557;3.414467;
FootRight;-1.485981;-1.080021;3.379015;
FootLeft;-1.565787;-1.13022;3.414038;
Head;-1.565809;0.5338275;3.324506;
ShoulderCenter;-1.526108;0.3444518;3.301312;
ShoulderRight;-1.456515;0.2643732;3.197924;
ShoulderLeft;-1.53153;0.2802947;3.167083;
ElbowRight;-1.45974;-0.01991007;3.124343;
ElbowLeft;-1.417245;0.1831289;3.38338;
WristRight;-1.536864;-0.2726668;3.118081;
WristLeft;-1.527821;-0.02456398;3.202863;
HandRight;-1.554477;-0.3518694;3.113259;
HandLeft;-1.481706;-0.09134331;3.244125;
Spine;-1.483676;-0.03316293;3.323245;
HipCenter;-1.454137;-0.1018104;3.283619;
HipRight;-1.427017;-0.1437531;3.234806;
HipLeft;-1.463521;-0.1698509;3.3244;
KneeRight;-1.589309;-0.6922062;3.298406;
KneeLeft;-1.531838;-0.6407514;3.431237;
AnkleRight;-1.486842;-1.019837;3.318334;
AnkleLeft;-1.451663;-1.038357;3.435203;
FootRight;-1.564567;-1.085793;3.337977;
FootLeft;-1.491874;-1.112033;3.433207;
Head;-1.661688;0.5607424;3.285245;
ShoulderCenter;-1.571312;0.3987802;3.301184;
ShoulderRight;-1.492802;0.2544378;3.174994;
ShoulderLeft;-1.533079;0.25071;3.142789;
ElbowRight;-1.502445;-0.03176004;3.117866;
ElbowLeft;-1.418804;0.153553;3.359035;
WristRight;-1.604008;-0.299026;3.135076;
WristLeft;-1.529367;-0.0541309;3.178528;
HandRight;-1.646223;-0.44297;3.138036;
HandLeft;-1.483221;-0.1209544;3.219817;
Spine;-1.535102;-0.01063239;3.324636;
HipCenter;-1.495176;-0.08664495;3.293451;
HipRight;-1.478633;-0.1370547;3.241785;
HipLeft;-1.492813;-0.1554345;3.338236;
KneeRight;-1.689926;-0.5767487;3.26478;
KneeLeft;-1.588505;-0.6656418;3.37217;
AnkleRight;-1.858995;-0.9285756;3.265839;
AnkleLeft;-1.50833;-1.063248;3.376108;
FootRight;-1.802446;-0.9682967;3.194645;
FootLeft;-1.60202;-1.096483;3.320103;
Head;-1.665268;0.5627535;3.277613;
ShoulderCenter;-1.592031;0.3939551;3.299083;
ShoulderRight;-1.51003;0.2504838;3.182899;
ShoulderLeft;-1.579271;0.2474566;3.128116;
ElbowRight;-1.523495;-0.03424707;3.114192;
ElbowLeft;-1.489768;0.1699047;3.361089;
WristRight;-1.600716;-0.310913;3.116582;
WristLeft;-1.616864;-0.02043536;3.171743;
HandRight;-1.619753;-0.3746153;3.127028;
HandLeft;-1.659229;-0.08388206;3.113601;
Spine;-1.566852;-0.03465945;3.319832;
HipCenter;-1.533957;-0.1176666;3.289997;
HipRight;-1.51574;-0.1568584;3.32723;
HipLeft;-1.540712;-0.1644681;3.24889;
KneeRight;-1.554462;-0.6791988;3.447067;
KneeLeft;-1.601235;-0.6686732;3.384487;
AnkleRight;-1.525473;-1.061789;3.433108;
AnkleLeft;-1.655461;-1.050864;3.304362;
FootRight;-1.564207;-1.127085;3.396139;
FootLeft;-1.720084;-1.097245;3.27602;
Head;-1.678993;0.5604251;3.271175;
ShoulderCenter;-1.610249;0.3911286;3.29681;
ShoulderRight;-1.548313;0.2382699;3.178696;
ShoulderLeft;-1.572978;0.2461554;3.137203;
ElbowRight;-1.566926;-0.04585168;3.108642;
ElbowLeft;-1.488607;0.1656661;3.370817;
WristRight;-1.604104;-0.2751701;3.084611;
WristLeft;-1.617431;-0.02084637;3.178827;
HandRight;-1.6113;-0.3419976;3.08817;
HandLeft;-1.660372;-0.08301719;3.119808;
Spine;-1.581935;-0.05009912;3.32041;
HipCenter;-1.535557;-0.1347196;3.306885;
HipRight;-1.522186;-0.1652828;3.339876;
HipLeft;-1.534857;-0.1836937;3.273802;
KneeRight;-1.55388;-0.6844788;3.452141;
KneeLeft;-1.619121;-0.6327172;3.409343;
AnkleRight;-1.512169;-1.051411;3.430592;
AnkleLeft;-1.733127;-0.9560748;3.280397;
FootRight;-1.564378;-1.114779;3.41065;
FootLeft;-1.732005;-1.039785;3.291808;
Head;-1.667324;0.4937704;3.268518;
ShoulderCenter;-1.640063;0.3183433;3.305131;
ShoulderRight;-1.568397;0.2512654;3.233325;
ShoulderLeft;-1.614953;0.2134439;3.097654;
ElbowRight;-1.579473;-0.02185994;3.114908;
ElbowLeft;-1.51731;0.1509303;3.33142;
WristRight;-1.629932;-0.3047667;3.108666;
WristLeft;-1.641482;-0.04861484;3.15089;
HandRight;-1.623304;-0.368448;3.088151;
HandLeft;-1.595407;-0.1153348;3.192115;
Spine;-1.608816;-0.06836894;3.340308;
HipCenter;-1.557727;-0.139873;3.332398;
HipRight;-1.540365;-0.1713158;3.320437;
HipLeft;-1.566447;-0.1764613;3.364532;
KneeRight;-1.578728;-0.6887615;3.452297;
KneeLeft;-1.649235;-0.7056153;3.442269;
AnkleRight;-1.512795;-1.051744;3.429588;
AnkleLeft;-1.762716;-1.030027;3.312592;
FootRight;-1.534639;-1.122683;3.389121;
FootLeft;-1.761593;-1.113786;3.32401;
Head;-1.694824;0.5487301;3.240673;
ShoulderCenter;-1.67098;0.3785619;3.289371;
ShoulderRight;-1.589586;0.2221103;3.234128;
ShoulderLeft;-1.645869;0.2736624;3.081893;
ElbowRight;-1.615424;-0.05667175;3.139892;
ElbowLeft;-1.548931;0.1816617;3.307014;
WristRight;-1.660915;-0.3385952;3.157375;
WristLeft;-1.66185;-0.04272528;3.152431;
HandRight;-1.65215;-0.3896189;3.10685;
HandLeft;-1.615767;-0.1094575;3.193664;
Spine;-1.645905;-0.03460125;3.342888;
HipCenter;-1.595656;-0.1113828;3.342414;
HipRight;-1.571498;-0.1671566;3.313256;
HipLeft;-1.600668;-0.1387338;3.380132;
KneeRight;-1.60538;-0.6879337;3.447653;
KneeLeft;-1.717362;-0.6267933;3.388559;
AnkleRight;-1.514831;-1.052546;3.427685;
AnkleLeft;-1.830843;-0.9512054;3.258886;
FootRight;-1.53483;-1.124626;3.388176;
FootLeft;-1.82972;-1.035019;3.270311;
Head;-1.716066;0.5165794;3.271329;
ShoulderCenter;-1.661003;0.3419407;3.295977;
ShoulderRight;-1.58227;0.1769679;3.241511;
ShoulderLeft;-1.635892;0.2370413;3.088499;
ElbowRight;-1.643387;-0.09944651;3.177459;
ElbowLeft;-1.648811;-0.005392784;3.13377;
WristRight;-1.689092;-0.3620265;3.189947;
WristLeft;-1.778781;-0.1332133;2.896431;
HandRight;-1.690577;-0.4114987;3.144422;
HandLeft;-1.822105;-0.1758201;2.822297;
Spine;-1.663429;-0.08093485;3.386253;
HipCenter;-1.618855;-0.1631881;3.392399;
HipRight;-1.605799;-0.2014956;3.380339;
HipLeft;-1.628;-0.1728659;3.412189;
KneeRight;-1.630987;-0.6923101;3.444292;
KneeLeft;-1.734733;-0.6430324;3.479638;
AnkleRight;-1.52041;-1.056732;3.424094;
AnkleLeft;-1.848215;-0.9674445;3.349967;
FootRight;-1.43543;-1.099297;3.395406;
FootLeft;-1.847094;-1.051052;3.361364;
Head;-1.691182;0.3230241;3.366775;
ShoulderCenter;-1.654369;0.1219853;3.415881;
ShoulderRight;-1.576741;-0.03964652;3.360783;
ShoulderLeft;-1.646979;0.02497147;3.281377;
ElbowRight;-1.674091;-0.1901959;3.218252;
ElbowLeft;-1.695695;-0.1592024;3.158963;
WristRight;-1.698377;-0.4008269;3.206136;
WristLeft;-1.830969;-0.2655192;2.91447;
HandRight;-1.698932;-0.4492814;3.159502;
HandLeft;-1.87606;-0.3009582;2.837948;
Spine;-1.687778;-0.2382233;3.479619;
HipCenter;-1.659839;-0.3131428;3.46305;
HipRight;-1.635746;-0.349148;3.448627;
HipLeft;-1.684534;-0.3250671;3.481025;
KneeRight;-1.680094;-0.7727138;3.434866;
KneeLeft;-1.758146;-0.7051432;3.52869;
AnkleRight;-1.521331;-1.056509;3.4257;
AnkleLeft;-1.911413;-1.123154;3.348694;
FootRight;-1.560382;-1.113539;3.377418;
FootLeft;-1.847507;-1.169151;3.288369;
Head;-1.715634;0.3059803;3.383938;
ShoulderCenter;-1.691875;0.128621;3.418422;
ShoulderRight;-1.614247;-0.0330108;3.363323;
ShoulderLeft;-1.692364;-0.008090786;3.338747;
ElbowRight;-1.697865;-0.2733417;3.279371;
ElbowLeft;-1.708688;-0.2038856;3.230119;
WristRight;-1.762727;-0.4739344;3.28572;
WristLeft;-1.841259;-0.3241072;2.99125;
HandRight;-1.76302;-0.5223542;3.239042;
HandLeft;-1.88545;-0.3641811;2.9166;
Spine;-1.71607;-0.2029465;3.509199;
HipCenter;-1.70884;-0.2756594;3.489714;
HipRight;-1.68582;-0.3122562;3.571398;
HipLeft;-1.735777;-0.3765038;3.427023;
KneeRight;-1.696881;-0.7180389;3.427836;
KneeLeft;-1.593675;-0.8197946;3.528528;
AnkleRight;-1.522979;-1.056411;3.425467;
AnkleLeft;-1.707157;-1.144207;3.398885;
FootRight;-1.560447;-1.113069;3.375532;
FootLeft;-1.706037;-1.227733;3.410271;
Head;-1.7495;-0.487803;3.500107;
ShoulderCenter;-1.729621;-0.6653312;3.534966;
ShoulderRight;-1.651993;-0.8269631;3.479868;
ShoulderLeft;-1.724693;-0.8030015;3.454921;
ElbowRight;-1.730194;-1.068252;3.39562;
ElbowLeft;-1.731608;-0.5241777;3.362216;
WristRight;-1.794913;-1.268406;3.401962;
WristLeft;-1.865932;-0.5313918;3.094893;
HandRight;-1.795206;-1.316828;3.355281;
HandLeft;-1.910707;-0.5337965;3.010746;
Spine;-1.608932;-0.8826111;3.509267;
HipCenter;-1.565443;-0.9020342;3.474453;
HipRight;-1.456373;-0.9467403;3.434137;
HipLeft;-1.654462;-0.8862357;3.505561;
KneeRight;-1.762116;-0.6515072;3.419166;
KneeLeft;-1.549514;-1.211127;3.531094;
AnkleRight;-2.075087;-0.3492936;3.389862;
AnkleLeft;-1.662995;-1.535539;3.401527;
FootRight;-2.044422;-0.3873289;3.317092;
FootLeft;-1.619198;-1.586255;3.328761;
Head;-1.806714;-0.487662;3.512872;
ShoulderCenter;-1.786856;-0.6650072;3.547763;
ShoulderRight;-1.709227;-0.8266391;3.492665;
ShoulderLeft;-1.781927;-0.8026776;3.467718;
ElbowRight;-1.787429;-1.067928;3.408492;
ElbowLeft;-1.774786;-0.5196624;3.402231;
WristRight;-1.852009;-1.267651;3.414826;
WristLeft;-1.910188;-0.5632234;3.139923;
HandRight;-1.852301;-1.316075;3.368143;
HandLeft;-1.955322;-0.5777438;3.057435;
Spine;-1.759227;-0.7997943;3.459467;
HipCenter;-1.7345;-0.7930101;3.421888;
HipRight;-1.650689;-0.857883;3.302476;
HipLeft;-1.802831;-0.7659833;3.499695;
KneeRight;-1.853678;-0.5575137;3.508147;
KneeLeft;-1.649165;-1.139567;3.579798;
AnkleRight;-2.06151;-0.2499774;3.704785;
AnkleLeft;-1.762647;-1.463979;3.450306;
FootRight;-2.035868;-0.323905;3.674585;
FootLeft;-1.72914;-1.548353;3.41164;
