Floor;-0.01626563;0.9998645;0.002532193;1.066407;
Head;1.359171;0.5726397;3.565845;
ShoulderCenter;1.475696;0.380322;3.504672;
ShoulderRight;1.499853;0.2534243;3.355138;
ShoulderLeft;1.402956;0.236435;3.677819;
ElbowRight;1.532413;0.02495413;3.215476;
ElbowLeft;1.394671;-0.04852721;3.742886;
WristRight;1.492145;-0.2615812;3.174871;
WristLeft;1.308913;-0.2685378;3.717769;
HandRight;1.4872;-0.3554832;3.15494;
HandLeft;1.273986;-0.3292409;3.705818;
Spine;1.415894;0.001670055;3.459236;
HipCenter;1.403933;-0.07406034;3.453758;
HipRight;1.413038;-0.1506303;3.362959;
HipLeft;1.369434;-0.1582755;3.521317;
KneeRight;1.30568;-0.6407476;3.307101;
KneeLeft;1.521258;-0.6427523;3.480262;
AnkleRight;1.473918;-0.931234;3.248261;
AnkleLeft;1.428913;-1.004385;3.405593;
FootRight;1.416266;-1.016834;3.240667;
FootLeft;1.350234;-1.041392;3.382411;
Head;1.332164;0.5830598;3.551488;
ShoulderCenter;1.440118;0.3781722;3.500582;
ShoulderRight;1.479081;0.2577593;3.354568;
ShoulderLeft;1.358425;0.2111565;3.642481;
ElbowRight;1.516029;0.002715194;3.217398;
ElbowLeft;1.355222;-0.04521155;3.741041;
WristRight;1.486359;-0.2686039;3.179478;
WristLeft;1.248194;-0.2574212;3.708364;
HandRight;1.480289;-0.3581216;3.162814;
HandLeft;1.228617;-0.3176078;3.749108;
Spine;1.390933;0.02612348;3.456606;
HipCenter;1.379301;-0.04205484;3.451329;
HipRight;1.39192;-0.1166036;3.356161;
HipLeft;1.3474;-0.1405278;3.520499;
KneeRight;1.251305;-0.6401135;3.304892;
KneeLeft;1.495199;-0.6515343;3.476296;
AnkleRight;1.360434;-0.985121;3.240557;
AnkleLeft;1.516462;-0.9824664;3.38503;
FootRight;1.301768;-1.060684;3.252432;
FootLeft;1.404302;-1.048575;3.392721;
Head;1.291501;0.5741935;3.563416;
ShoulderCenter;1.413351;0.3824344;3.4977;
ShoulderRight;1.448587;0.2580276;3.356052;
ShoulderLeft;1.343372;0.2163338;3.648052;
ElbowRight;1.496231;-0.02481293;3.224068;
ElbowLeft;1.321558;-0.04105354;3.739532;
WristRight;1.435997;-0.3001879;3.187972;
WristLeft;1.189541;-0.2445283;3.727793;
HandRight;1.46329;-0.360878;3.160814;
HandLeft;1.169517;-0.2972926;3.722591;
Spine;1.364872;0.01926956;3.454011;
HipCenter;1.354776;-0.05272994;3.448767;
HipRight;1.370511;-0.1195529;3.364;
HipLeft;1.320704;-0.13867;3.510371;
KneeRight;1.201186;-0.6453766;3.312343;
KneeLeft;1.437834;-0.6686816;3.4692;
AnkleRight;1.287394;-1.018658;3.258604;
AnkleLeft;1.463037;-1.00089;3.390522;
FootRight;1.173477;-1.055618;3.236724;
FootLeft;1.352816;-1.065856;3.39808;
Head;1.264609;0.5738723;3.552661;
ShoulderCenter;1.375702;0.3755513;3.501655;
ShoulderRight;1.413156;0.2493864;3.349475;
ShoulderLeft;1.299915;0.2199185;3.654947;
ElbowRight;1.472112;-0.02925014;3.227779;
ElbowLeft;1.282443;-0.02664428;3.724977;
WristRight;1.43433;-0.3009099;3.189105;
WristLeft;1.153029;-0.2309267;3.700567;
HandRight;1.435279;-0.3727665;3.166654;
HandLeft;1.122271;-0.2926401;3.704658;
Spine;1.317746;-0.01277663;3.447583;
HipCenter;1.307219;-0.09024765;3.440219;
HipRight;1.32114;-0.1644927;3.348776;
HipLeft;1.271416;-0.1770306;3.50523;
KneeRight;1.183005;-0.6422674;3.31941;
KneeLeft;1.424959;-0.6747388;3.475536;
AnkleRight;1.169377;-1.02751;3.241711;
AnkleLeft;1.486731;-0.9978484;3.413588;
FootRight;1.054821;-1.063439;3.251438;
FootLeft;1.413782;-1.054046;3.396067;
Head;1.226263;0.5592446;3.538896;
ShoulderCenter;1.341006;0.3630177;3.506203;
ShoulderRight;1.383389;0.2492543;3.356024;
ShoulderLeft;1.279601;0.2326477;3.658075;
ElbowRight;1.433656;-0.04238298;3.225976;
ElbowLeft;1.245534;-0.02679285;3.686706;
WristRight;1.401208;-0.3022664;3.188869;
WristLeft;1.116236;-0.2297131;3.70479;
HandRight;1.404045;-0.3820985;3.1787;
HandLeft;1.080301;-0.2907231;3.712429;
Spine;1.29251;-0.02222691;3.443681;
HipCenter;1.281971;-0.09962984;3.434796;
HipRight;1.295306;-0.1736217;3.344894;
HipLeft;1.24927;-0.1802596;3.496829;
KneeRight;1.161534;-0.6122367;3.333382;
KneeLeft;1.42392;-0.6742815;3.478332;
AnkleRight;1.065158;-1.003893;3.238109;
AnkleLeft;1.486703;-0.9984168;3.413288;
FootRight;0.9460183;-1.051085;3.248557;
FootLeft;1.405469;-1.057841;3.414354;
Head;1.201369;0.5507507;3.53758;
ShoulderCenter;1.308223;0.3520172;3.508875;
ShoulderRight;1.342064;0.2418094;3.360936;
ShoulderLeft;1.242654;0.227809;3.66127;
ElbowRight;1.383872;-0.03730692;3.225081;
ElbowLeft;1.208286;-0.04473234;3.743013;
WristRight;1.377187;-0.3076364;3.189336;
WristLeft;1.062492;-0.2342938;3.677142;
HandRight;1.382562;-0.3851041;3.179403;
HandLeft;1.028713;-0.3009756;3.679903;
Spine;1.253252;-0.04730902;3.429369;
HipCenter;1.243011;-0.1270928;3.416732;
HipRight;1.268237;-0.1779701;3.350105;
HipLeft;1.213333;-0.1857949;3.456721;
KneeRight;1.103502;-0.5842707;3.298585;
KneeLeft;1.421594;-0.6750324;3.483263;
AnkleRight;0.9690729;-0.9813601;3.256572;
AnkleLeft;1.484935;-1.001369;3.409913;
FootRight;0.8627535;-1.048235;3.278363;
FootLeft;1.407182;-1.056288;3.412055;
Head;1.152353;0.5422145;3.545808;
ShoulderCenter;1.276515;0.3521816;3.503196;
ShoulderRight;1.303931;0.2327922;3.355806;
ShoulderLeft;1.175923;0.204013;3.615525;
ElbowRight;1.362677;-0.03888215;3.223641;
ElbowLeft;1.159527;-0.05467475;3.730839;
WristRight;1.334462;-0.3044123;3.180006;
WristLeft;1.034898;-0.2604263;3.666541;
HandRight;1.336212;-0.395737;3.160314;
HandLeft;1.00413;-0.2926659;3.664513;
Spine;1.223733;-0.02303234;3.438643;
HipCenter;1.211215;-0.09536619;3.430562;
HipRight;1.231283;-0.1724455;3.33565;
HipLeft;1.171509;-0.184246;3.496043;
KneeRight;1.087638;-0.608677;3.30447;
KneeLeft;1.407645;-0.6919004;3.483574;
AnkleRight;0.9168892;-0.9949114;3.271888;
AnkleLeft;1.453911;-1.008514;3.407164;
FootRight;0.8079943;-1.053985;3.294105;
FootLeft;1.384941;-1.070799;3.411435;
Head;1.139325;0.5501953;3.554076;
ShoulderCenter;1.232741;0.3433731;3.492441;
ShoulderRight;1.275351;0.2298314;3.350012;
ShoulderLeft;1.129235;0.1818134;3.600291;
ElbowRight;1.312987;-0.03856754;3.218504;
ElbowLeft;1.10964;-0.06160863;3.676051;
WristRight;1.310051;-0.3073039;3.179405;
WristLeft;0.9828843;-0.2705854;3.662139;
HandRight;1.31378;-0.3989278;3.153804;
HandLeft;0.9580572;-0.3063701;3.668735;
Spine;1.185907;-0.03508767;3.432947;
HipCenter;1.176697;-0.1102102;3.424771;
HipRight;1.201374;-0.1746515;3.341194;
HipLeft;1.134638;-0.1954191;3.479926;
KneeRight;1.042204;-0.5709386;3.278626;
KneeLeft;1.141085;-0.6826662;3.369529;
AnkleRight;0.9074402;-0.9891515;3.263173;
AnkleLeft;1.442895;-0.9958299;3.40467;
FootRight;0.8072577;-1.05555;3.293654;
FootLeft;1.390707;-1.071133;3.406939;
Head;1.079414;0.5529678;3.521121;
ShoulderCenter;1.180064;0.34955;3.486791;
ShoulderRight;1.23049;0.2256387;3.337125;
ShoulderLeft;1.06835;0.1628804;3.555622;
ElbowRight;1.285291;-0.05058605;3.223513;
ElbowLeft;1.079118;-0.06673433;3.661098;
WristRight;1.266534;-0.3105709;3.171804;
WristLeft;0.977397;-0.2871623;3.668255;
HandRight;1.268525;-0.3988318;3.160897;
HandLeft;0.9536987;-0.3095513;3.675054;
Spine;1.132154;-0.03446823;3.424112;
HipCenter;1.122572;-0.1112719;3.415148;
HipRight;1.150891;-0.15992;3.352121;
HipLeft;1.078598;-0.1880987;3.454689;
KneeRight;1.034068;-0.5603074;3.268498;
KneeLeft;1.026865;-0.6589215;3.330921;
AnkleRight;0.9095947;-0.9791867;3.270086;
AnkleLeft;1.360045;-0.9315569;3.383048;
FootRight;0.8122992;-1.048922;3.296223;
FootLeft;1.392157;-1.047074;3.408295;
Head;1.045369;0.5272566;3.494617;
ShoulderCenter;1.163829;0.3527997;3.483723;
ShoulderRight;1.193888;0.2280854;3.335829;
ShoulderLeft;1.052129;0.1992304;3.579062;
ElbowRight;1.228699;-0.0677218;3.229761;
ElbowLeft;1.056683;-0.03115055;3.68172;
WristRight;1.218282;-0.3111622;3.17671;
WristLeft;0.9786672;-0.2620413;3.665469;
HandRight;1.22831;-0.3925401;3.163924;
HandLeft;0.9446397;-0.3205543;3.673762;
Spine;1.086623;-0.006875977;3.422998;
HipCenter;1.073529;-0.07928108;3.414872;
HipRight;1.086835;-0.1277452;3.333428;
HipLeft;1.03539;-0.1755371;3.468903;
KneeRight;0.9625021;-0.5839114;3.334351;
KneeLeft;1.002504;-0.6609055;3.328261;
AnkleRight;0.8900079;-1.013798;3.287094;
AnkleLeft;1.341666;-0.9234515;3.37983;
FootRight;0.7857817;-1.067908;3.303329;
FootLeft;1.257486;-0.9664971;3.333112;
Head;1.028316;0.536007;3.486389;
ShoulderCenter;1.107675;0.3501221;3.460691;
ShoulderRight;1.158853;0.2251783;3.324485;
ShoulderLeft;1.006185;0.2030272;3.531744;
ElbowRight;1.191042;-0.05296315;3.223135;
ElbowLeft;1.010653;-0.02764567;3.634145;
WristRight;1.157997;-0.3413863;3.168759;
WristLeft;0.9535884;-0.2639384;3.650636;
HandRight;1.167803;-0.4097354;3.176537;
HandLeft;0.9187293;-0.3352583;3.659371;
Spine;1.036882;-0.04247791;3.393815;
HipCenter;1.022723;-0.1209979;3.384012;
HipRight;1.045939;-0.1563468;3.332261;
HipLeft;0.9814383;-0.186014;3.416311;
KneeRight;0.9433817;-0.5709666;3.31624;
KneeLeft;0.9801351;-0.6597137;3.333167;
AnkleRight;0.8712441;-0.9988307;3.286143;
AnkleLeft;1.323415;-0.9131494;3.383239;
FootRight;0.7985893;-1.067169;3.295513;
FootLeft;1.246873;-0.9549817;3.328519;
Head;0.9528927;0.5218735;3.453953;
ShoulderCenter;1.065442;0.3564751;3.451338;
ShoulderRight;1.110667;0.2357778;3.317388;
ShoulderLeft;0.9531731;0.1931113;3.52219;
ElbowRight;1.140203;-0.06704865;3.211055;
ElbowLeft;0.9576406;-0.0375615;3.62458;
WristRight;1.105957;-0.3054366;3.16185;
WristLeft;0.9201224;-0.2979796;3.611064;
HandRight;1.092369;-0.3832832;3.149448;
HandLeft;0.9154891;-0.3563888;3.67396;
Spine;0.9936756;-0.01361028;3.387705;
HipCenter;0.979908;-0.08771544;3.378683;
HipRight;1.001654;-0.1346165;3.308647;
HipLeft;0.9342333;-0.1696108;3.423627;
KneeRight;1.099425;-0.5511346;3.406819;
KneeLeft;0.9724342;-0.6606078;3.344099;
AnkleRight;0.9138594;-0.9349612;3.304127;
AnkleLeft;1.311616;-0.916056;3.398677;
FootRight;0.8388266;-0.975975;3.250666;
FootLeft;1.236583;-0.9570699;3.345216;
Head;0.9359229;0.5426888;3.45146;
ShoulderCenter;1.03024;0.3640341;3.443401;
ShoulderRight;1.062329;0.2352687;3.301704;
ShoulderLeft;0.9202802;0.1949266;3.528415;
ElbowRight;1.097592;-0.02843818;3.19795;
ElbowLeft;0.9247477;-0.0357462;3.630777;
WristRight;1.044444;-0.2859613;3.169175;
WristLeft;0.8945504;-0.3422439;3.619879;
HandRight;1.030509;-0.3776857;3.15927;
HandLeft;0.8984525;-0.3719273;3.682005;
Spine;0.9634227;-0.0166443;3.381957;
HipCenter;0.9493293;-0.09271525;3.37309;
HipRight;0.9691712;-0.1403052;3.299364;
HipLeft;0.9049875;-0.1763242;3.421921;
KneeRight;1.061021;-0.5466007;3.41205;
KneeLeft;0.9847778;-0.6804461;3.392339;
AnkleRight;0.9032393;-0.9400003;3.303223;
AnkleLeft;1.310409;-0.9558605;3.428313;
FootRight;0.8251922;-0.9802986;3.257522;
FootLeft;1.304399;-1.049482;3.457004;
Head;0.8920137;0.5416192;3.462166;
ShoulderCenter;0.9855895;0.3660673;3.415984;
ShoulderRight;1.027207;0.2331602;3.292476;
ShoulderLeft;0.8720552;0.1938463;3.494518;
ElbowRight;1.041535;-0.04303559;3.193695;
ElbowLeft;0.8765227;-0.03682648;3.596786;
WristRight;0.9696264;-0.2725317;3.153937;
WristLeft;0.8536102;-0.3437262;3.58448;
HandRight;0.9499339;-0.3635799;3.151612;
HandLeft;0.8470574;-0.3787371;3.643428;
Spine;0.9234189;-0.03075609;3.369826;
HipCenter;0.9108607;-0.1098897;3.363954;
HipRight;0.9334869;-0.1651448;3.294505;
HipLeft;0.8695221;-0.183915;3.415158;
KneeRight;1.015507;-0.6203824;3.425442;
KneeLeft;0.942921;-0.6756544;3.377295;
AnkleRight;0.8714465;-1.019059;3.287969;
AnkleLeft;1.276328;-0.9195045;3.444738;
FootRight;0.8021748;-1.07056;3.296961;
FootLeft;1.236363;-0.9883183;3.467867;
Head;0.8720383;0.5551285;3.468374;
ShoulderCenter;0.9480218;0.3708304;3.412662;
ShoulderRight;0.9780355;0.2383253;3.282003;
ShoulderLeft;0.8344876;0.1986094;3.491195;
ElbowRight;0.9805018;0.005284113;3.17415;
ElbowLeft;0.8392048;0.008731186;3.606397;
WristRight;0.8983286;-0.2718478;3.141659;
WristLeft;0.8153282;-0.2593662;3.564614;
HandRight;0.8829489;-0.3574234;3.14395;
HandLeft;0.8088596;-0.2939273;3.622805;
Spine;0.8932142;-0.03022525;3.365543;
HipCenter;0.8821856;-0.1102769;3.359707;
HipRight;0.9069128;-0.1662667;3.291441;
HipLeft;0.8385538;-0.1842726;3.409405;
KneeRight;1.007642;-0.6285115;3.425006;
KneeLeft;0.8396274;-0.7241769;3.327139;
AnkleRight;0.8645192;-1.020697;3.28133;
AnkleLeft;1.17539;-0.9682968;3.395379;
FootRight;0.8016329;-1.07058;3.296685;
FootLeft;1.135978;-1.036159;3.418188;
Head;0.8121168;0.5436483;3.455991;
ShoulderCenter;0.9205152;0.3744802;3.412269;
ShoulderRight;0.9574206;0.2430606;3.279855;
ShoulderLeft;0.80848;0.2001369;3.477143;
ElbowRight;0.9185836;-0.02923855;3.159538;
ElbowLeft;0.8218438;0.01305687;3.592227;
WristRight;0.854637;-0.2609145;3.129999;
WristLeft;0.796407;-0.2585062;3.552633;
HandRight;0.8326573;-0.3490605;3.136245;
HandLeft;0.7900035;-0.2927195;3.610238;
Spine;0.8643247;-0.03315089;3.356402;
HipCenter;0.8526644;-0.1147807;3.34858;
HipRight;0.8786104;-0.1637467;3.289104;
HipLeft;0.8113347;-0.1835269;3.388624;
KneeRight;0.9839873;-0.6413961;3.421811;
KneeLeft;0.771816;-0.6352163;3.439302;
AnkleRight;0.8644906;-1.013732;3.279056;
AnkleLeft;1.111851;-0.9220788;3.442352;
FootRight;0.8030397;-1.06984;3.296341;
FootLeft;1.077458;-0.9916863;3.46498;
Head;0.7588357;0.5502759;3.43387;
ShoulderCenter;0.8641397;0.3791419;3.40317;
ShoulderRight;0.9074154;0.2543606;3.275988;
ShoulderLeft;0.7537839;0.2040038;3.46401;
ElbowRight;0.8822925;0.01521809;3.15308;
ElbowLeft;0.7651487;0.0177858;3.576234;
WristRight;0.8008614;-0.2445792;3.129688;
WristLeft;0.7401341;-0.2546703;3.537673;
HandRight;0.7715548;-0.3302538;3.133747;
HandLeft;0.7337601;-0.2887257;3.595012;
Spine;0.8224633;-0.04790599;3.353817;
HipCenter;0.8144423;-0.1328066;3.34748;
HipRight;0.8471784;-0.1734296;3.299875;
HipLeft;0.7762728;-0.1937275;3.380052;
KneeRight;0.848218;-0.6430764;3.303694;
KneeLeft;0.7139875;-0.6201356;3.486159;
AnkleRight;0.861949;-1.011352;3.277986;
AnkleLeft;1.035114;-0.9306229;3.421017;
FootRight;0.8094862;-1.07016;3.289606;
FootLeft;0.9996486;-0.9996921;3.44293;
Head;0.7268146;0.55669;3.432471;
ShoulderCenter;0.8337605;0.3857445;3.39759;
ShoulderRight;0.8758929;0.2532226;3.266344;
ShoulderLeft;0.7234047;0.2106065;3.458429;
ElbowRight;0.8493662;0.009904973;3.146097;
ElbowLeft;0.7346594;0.02619298;3.569187;
WristRight;0.7525112;-0.2122049;3.123089;
WristLeft;0.7097549;-0.2480677;3.531946;
HandRight;0.7105422;-0.2916476;3.110903;
HandLeft;0.7033788;-0.2821345;3.589305;
Spine;0.7931457;-0.04502428;3.354509;
HipCenter;0.7846842;-0.1310016;3.349474;
HipRight;0.8123637;-0.1752999;3.300506;
HipLeft;0.7432779;-0.1938703;3.385445;
KneeRight;0.8456564;-0.6477056;3.303488;
KneeLeft;0.6928014;-0.6286015;3.481253;
AnkleRight;0.868616;-1.005111;3.285753;
AnkleLeft;0.8238592;-0.9860955;3.488585;
FootRight;0.8147768;-1.064227;3.285777;
FootLeft;0.7558084;-1.025046;3.436615;
Head;0.6777357;0.5499178;3.412626;
ShoulderCenter;0.7937877;0.3842938;3.383992;
ShoulderRight;0.8448631;0.2569317;3.255912;
ShoulderLeft;0.6793419;0.1890766;3.469177;
ElbowRight;0.7875946;0.015104;3.136347;
ElbowLeft;0.6905005;0.006237522;3.578719;
WristRight;0.6798042;-0.2366587;3.114535;
WristLeft;0.6656921;-0.2695976;3.542661;
HandRight;0.637242;-0.316115;3.114275;
HandLeft;0.6593534;-0.3034647;3.599684;
Spine;0.7575725;-0.01910214;3.342726;
HipCenter;0.7491234;-0.09838787;3.33771;
HipRight;0.7792171;-0.1541606;3.266181;
HipLeft;0.7151669;-0.1860318;3.390192;
KneeRight;0.8406864;-0.6480621;3.301564;
KneeLeft;0.6367543;-0.6377608;3.482701;
AnkleRight;0.8639888;-1.005487;3.289865;
AnkleLeft;0.7621947;-0.985945;3.451148;
FootRight;0.8169166;-1.070464;3.28579;
FootLeft;0.7567179;-1.049424;3.500086;
Head;0.6383028;0.5479969;3.407974;
ShoulderCenter;0.7473817;0.3764241;3.372854;
ShoulderRight;0.7886461;0.240418;3.240021;
ShoulderLeft;0.6629499;0.1942345;3.47668;
ElbowRight;0.7346526;-0.0001940669;3.125211;
ElbowLeft;0.6740264;0.01274151;3.585197;
WristRight;0.6054695;-0.2409645;3.109135;
WristLeft;0.6493001;-0.2644397;3.550159;
HandRight;0.5574131;-0.3159071;3.101743;
HandLeft;0.6430182;-0.2980044;3.606673;
Spine;0.716996;-0.02286802;3.346194;
HipCenter;0.7110576;-0.1026089;3.34411;
HipRight;0.73183;-0.1597034;3.273532;
HipLeft;0.6705378;-0.187488;3.403285;
KneeRight;0.7961022;-0.6540408;3.306805;
KneeLeft;0.5973395;-0.6517649;3.475039;
AnkleRight;0.8636361;-1.00678;3.288956;
AnkleLeft;0.6928648;-1.012512;3.456302;
FootRight;0.8165658;-1.071188;3.285677;
FootLeft;0.6110433;-1.07813;3.463985;
Head;0.6055561;0.5509071;3.400422;
ShoulderCenter;0.7196267;0.3818174;3.370492;
ShoulderRight;0.7666413;0.2453445;3.241404;
ShoulderLeft;0.6141479;0.1763387;3.460937;
ElbowRight;0.7001337;0.01088199;3.113474;
ElbowLeft;0.6251464;-0.003876567;3.568506;
WristRight;0.5379649;-0.2385726;3.103062;
WristLeft;0.6004981;-0.2823355;3.534448;
HandRight;0.49498;-0.3159715;3.103927;
HandLeft;0.5942719;-0.3156015;3.590459;
Spine;0.69148;-0.04288418;3.337065;
HipCenter;0.6841207;-0.130207;3.333065;
HipRight;0.7238661;-0.1655155;3.274583;
HipLeft;0.6455177;-0.2028328;3.379859;
KneeRight;0.7885402;-0.6531428;3.307201;
KneeLeft;0.5621026;-0.6579276;3.474653;
AnkleRight;0.865551;-1.008717;3.290431;
AnkleLeft;0.56401;-1.028973;3.452752;
FootRight;0.8207935;-1.073627;3.284368;
FootLeft;0.4783523;-1.059219;3.476846;
Head;0.5920135;0.4763267;3.402746;
ShoulderCenter;0.6701031;0.2907319;3.358512;
ShoulderRight;0.719051;0.2433098;3.247815;
ShoulderLeft;0.5835349;0.1848596;3.453186;
ElbowRight;0.6558644;0.02209564;3.108435;
ElbowLeft;0.5944523;0.005972117;3.559747;
WristRight;0.4890099;-0.2318437;3.107169;
WristLeft;0.5698851;-0.2738146;3.526696;
HandRight;0.4335932;-0.3161495;3.103484;
HandLeft;0.563712;-0.3067969;3.582229;
Spine;0.6550178;-0.04921681;3.33365;
HipCenter;0.6521419;-0.1205719;3.331911;
HipRight;0.6652839;-0.1691717;3.274554;
HipLeft;0.6285289;-0.2004908;3.377219;
KneeRight;0.7703347;-0.6553645;3.300848;
KneeLeft;0.5114635;-0.6684904;3.47602;
AnkleRight;0.8676822;-1.011464;3.296425;
AnkleLeft;0.4556124;-1.026295;3.459037;
FootRight;0.8189448;-1.073784;3.282768;
FootLeft;0.370256;-1.047176;3.522885;
Head;0.5550181;0.4946659;3.395011;
ShoulderCenter;0.6369848;0.2902283;3.359819;
ShoulderRight;0.6914823;0.2408923;3.239715;
ShoulderLeft;0.5376343;0.1861974;3.453063;
ElbowRight;0.6235725;0.01757762;3.108089;
ElbowLeft;0.5484806;0.008474305;3.558959;
WristRight;0.4423006;-0.2236908;3.108839;
WristLeft;0.5239844;-0.2724768;3.526903;
HandRight;0.3992893;-0.2996158;3.110785;
HandLeft;0.5178465;-0.3052713;3.582119;
Spine;0.6084397;-0.08028029;3.343477;
HipCenter;0.6042387;-0.1543591;3.343728;
HipRight;0.6267185;-0.1989817;3.307049;
HipLeft;0.5758554;-0.2138414;3.373087;
KneeRight;0.6787844;-0.670029;3.343713;
KneeLeft;0.4803284;-0.6537587;3.472798;
AnkleRight;0.8615471;-1.012721;3.294935;
AnkleLeft;0.2927043;-1.037094;3.486848;
FootRight;0.8165495;-1.077639;3.281071;
FootLeft;0.214474;-1.053967;3.492007;
Head;0.5235118;0.4892479;3.397246;
ShoulderCenter;0.6069541;0.2875702;3.362061;
ShoulderRight;0.6414126;0.2327997;3.243296;
ShoulderLeft;0.5155889;0.1840341;3.454726;
ElbowRight;0.5799913;0.02645833;3.108478;
ElbowLeft;0.526356;0.007609591;3.559611;
WristRight;0.4143253;-0.2228172;3.113643;
WristLeft;0.5019391;-0.2746401;3.528527;
HandRight;0.3582564;-0.288977;3.122305;
HandLeft;0.4958103;-0.3073861;3.583662;
Spine;0.5908267;-0.08632199;3.339447;
HipCenter;0.586714;-0.1612913;3.33852;
HipRight;0.6087454;-0.2028223;3.301534;
HipLeft;0.5603003;-0.2205407;3.367299;
KneeRight;0.6714994;-0.6724763;3.339251;
KneeLeft;0.4324313;-0.6724642;3.478925;
AnkleRight;0.8588175;-1.012841;3.294284;
AnkleLeft;0.2550598;-1.021405;3.487172;
FootRight;0.8155951;-1.079107;3.280619;
FootLeft;0.148358;-1.022195;3.507503;
Head;0.4828729;0.5285265;3.401227;
ShoulderCenter;0.565826;0.3468424;3.364058;
ShoulderRight;0.6013674;0.2194052;3.233924;
ShoulderLeft;0.4720213;0.2429843;3.456899;
ElbowRight;0.5117273;-0.03154043;3.115097;
ElbowLeft;0.4717147;-0.02678436;3.509447;
WristRight;0.3479234;-0.2438953;3.121776;
WristLeft;0.4493138;-0.3268306;3.497083;
HandRight;0.3035218;-0.3184487;3.124503;
HandLeft;0.4432087;-0.3594498;3.552004;
Spine;0.5310173;-0.07520108;3.35341;
HipCenter;0.5240555;-0.1596098;3.35487;
HipRight;0.5418776;-0.2105365;3.316262;
HipLeft;0.4979621;-0.208972;3.388751;
KneeRight;0.6940244;-0.6576819;3.28406;
KneeLeft;0.373585;-0.708657;3.487544;
AnkleRight;0.8527623;-1.009884;3.292479;
AnkleLeft;0.2196316;-1.020363;3.488244;
FootRight;0.8156168;-1.079565;3.280175;
FootLeft;0.1174713;-1.047912;3.510486;
Head;0.4426987;0.4712793;3.403074;
ShoulderCenter;0.5263201;0.29285;3.363636;
ShoulderRight;0.5741916;0.2164177;3.243739;
ShoulderLeft;0.4237092;0.1631573;3.46899;
ElbowRight;0.4947546;-0.03163997;3.119003;
ElbowLeft;0.4345485;-0.06114183;3.506036;
WristRight;0.295949;-0.2565454;3.121023;
WristLeft;0.412166;-0.3609409;3.493651;
HandRight;0.2466866;-0.3263392;3.114634;
HandLeft;0.4061074;-0.3933116;3.548154;
Spine;0.5089105;-0.08865982;3.349232;
HipCenter;0.5058342;-0.1669041;3.350546;
HipRight;0.5261084;-0.2183337;3.300995;
HipLeft;0.4635199;-0.2450758;3.393934;
KneeRight;0.6020155;-0.6582615;3.323846;
KneeLeft;0.3555005;-0.6860408;3.481273;
AnkleRight;0.8459522;-1.010462;3.291272;
AnkleLeft;0.2108073;-1.023154;3.481792;
FootRight;0.8070634;-1.080415;3.280277;
FootLeft;0.1107757;-1.056097;3.511036;
Head;0.3807105;0.5312387;3.420748;
ShoulderCenter;0.4757164;0.357726;3.377949;
ShoulderRight;0.5199196;0.2187363;3.252173;
ShoulderLeft;0.3731055;0.2280333;3.483304;
ElbowRight;0.4685229;-0.001955402;3.118958;
ElbowLeft;0.3839448;0.003734224;3.520277;
WristRight;0.2950149;-0.2457807;3.122889;
WristLeft;0.3616221;-0.2952653;3.507849;
HandRight;0.2446939;-0.3150205;3.126572;
HandLeft;0.3555973;-0.3274549;3.562047;
Spine;0.4772282;-0.07797502;3.331433;
HipCenter;0.4758114;-0.1636463;3.325781;
HipRight;0.5102603;-0.2033125;3.286614;
HipLeft;0.4389156;-0.223606;3.351263;
KneeRight;0.59326;-0.6571622;3.310975;
KneeLeft;0.3246095;-0.6843191;3.484915;
AnkleRight;0.8436077;-1.01327;3.294465;
AnkleLeft;0.2096901;-0.9978565;3.480141;
FootRight;0.800698;-1.080444;3.286497;
FootLeft;0.150084;-1.057151;3.444514;
Head;0.3492166;0.5320998;3.418865;
ShoulderCenter;0.4452462;0.3585251;3.376803;
ShoulderRight;0.4949954;0.2256275;3.259079;
ShoulderLeft;0.3426353;0.2288324;3.482157;
ElbowRight;0.4439516;0.00823139;3.134426;
ElbowLeft;0.3534746;0.004533306;3.519061;
WristRight;0.2813467;-0.2425612;3.126712;
WristLeft;0.3312162;-0.2936049;3.506591;
HandRight;0.233474;-0.3128602;3.130158;
HandLeft;0.3252302;-0.3255872;3.56044;
Spine;0.4081904;-0.07561422;3.352132;
HipCenter;0.4024867;-0.1624869;3.350883;
HipRight;0.4317347;-0.1997149;3.307624;
HipLeft;0.3664877;-0.2280803;3.386188;
KneeRight;0.5509568;-0.6512624;3.275774;
KneeLeft;0.2697487;-0.6839326;3.496092;
AnkleRight;0.8193707;-0.9996835;3.29548;
AnkleLeft;0.2075078;-1.004791;3.479451;
FootRight;0.8050554;-1.077449;3.289084;
FootLeft;0.147482;-1.061479;3.450504;
Head;0.2971153;0.5369397;3.431608;
ShoulderCenter;0.3971578;0.3649238;3.39345;
ShoulderRight;0.4387714;0.2335272;3.271504;
ShoulderLeft;0.2945468;0.2352312;3.498804;
ElbowRight;0.4188451;0.007799774;3.154102;
ElbowLeft;0.3053861;0.01093205;3.535736;
WristRight;0.2626816;-0.2462291;3.140437;
WristLeft;0.283186;-0.2864243;3.523274;
HandRight;0.2093775;-0.3386169;3.140688;
HandLeft;0.2771781;-0.3185241;3.577322;
Spine;0.3586822;-0.0761429;3.369126;
HipCenter;0.350987;-0.1643562;3.36787;
HipRight;0.3860658;-0.1944101;3.321197;
HipLeft;0.3086234;-0.2289315;3.407052;
KneeRight;0.4930786;-0.6558229;3.264662;
KneeLeft;0.2507273;-0.6928465;3.499999;
AnkleRight;0.7740381;-0.9799103;3.312135;
AnkleLeft;0.202968;-1.016092;3.477349;
FootRight;0.7409872;-1.066342;3.32472;
FootLeft;0.1305504;-1.071876;3.462002;
Head;0.2759225;0.5395609;3.434574;
ShoulderCenter;0.3776091;0.3680429;3.403452;
ShoulderRight;0.4040777;0.2312336;3.271422;
ShoulderLeft;0.2749982;0.2383502;3.508806;
ElbowRight;0.3649898;-0.00389161;3.172193;
ElbowLeft;0.2858375;0.01405111;3.545735;
WristRight;0.2439815;-0.2652936;3.143272;
WristLeft;0.2636842;-0.2826789;3.533267;
HandRight;0.2015536;-0.339809;3.144677;
HandLeft;0.2576534;-0.3149007;3.587519;
Spine;0.3245183;-0.0685619;3.393787;
HipCenter;0.3133593;-0.1556483;3.396239;
HipRight;0.3407559;-0.1905919;3.350782;
HipLeft;0.2756927;-0.218926;3.436495;
KneeRight;0.4164141;-0.6565549;3.270733;
KneeLeft;0.2261058;-0.6933709;3.495403;
AnkleRight;0.7188426;-0.9587669;3.298648;
AnkleLeft;0.1995976;-1.018695;3.474234;
FootRight;0.721462;-1.048764;3.312937;
FootLeft;0.1278849;-1.073349;3.462798;
Head;0.2246662;0.5441391;3.445201;
ShoulderCenter;0.3276818;0.3721441;3.399966;
ShoulderRight;0.3713695;0.2334393;3.275703;
ShoulderLeft;0.2250709;0.2424514;3.50532;
ElbowRight;0.3479151;-0.006097533;3.181482;
ElbowLeft;0.2359101;0.01815232;3.542232;
WristRight;0.2365973;-0.2602613;3.145723;
WristLeft;0.2138014;-0.2779804;3.52975;
HandRight;0.2006506;-0.3384668;3.145442;
HandLeft;0.2077487;-0.3103197;3.5842;
Spine;0.2831775;-0.05454253;3.39485;
HipCenter;0.2743524;-0.1401155;3.397421;
HipRight;0.2979012;-0.1770835;3.350807;
HipLeft;0.2398223;-0.2093026;3.440087;
KneeRight;0.3254989;-0.6296649;3.27207;
KneeLeft;0.1753542;-0.7063446;3.505141;
AnkleRight;0.6416093;-0.9335525;3.295181;
AnkleLeft;0.1961381;-1.03206;3.474473;
FootRight;0.6631572;-1.022963;3.294506;
FootLeft;0.1282136;-1.074295;3.465721;
Head;0.1982643;0.5679394;3.437748;
ShoulderCenter;0.2849591;0.3874096;3.40555;
ShoulderRight;0.3352691;0.2449746;3.277161;
ShoulderLeft;0.1823482;0.2577169;3.510904;
ElbowRight;0.3164142;-0.005606741;3.192227;
ElbowLeft;0.1931875;0.03341778;3.547791;
WristRight;0.2232999;-0.2597434;3.148479;
WristLeft;0.1711119;-0.2622714;3.535292;
HandRight;0.1967265;-0.3410684;3.145957;
HandLeft;0.1650928;-0.2944307;3.58944;
Spine;0.2553306;-0.05566648;3.395371;
HipCenter;0.2483566;-0.1435659;3.397196;
HipRight;0.2834234;-0.1817798;3.353097;
HipLeft;0.2021847;-0.2051808;3.435533;
KneeRight;0.2622241;-0.6299138;3.27676;
KneeLeft;0.1508374;-0.7513219;3.469617;
AnkleRight;0.5539612;-0.8867863;3.285112;
AnkleLeft;0.1941647;-1.071036;3.478744;
FootRight;0.5565853;-0.994452;3.290389;
FootLeft;0.1147123;-1.077035;3.476974;
Head;0.1553369;0.5565601;3.453829;
ShoulderCenter;0.2638493;0.3874055;3.410401;
ShoulderRight;0.293443;0.24948;3.287261;
ShoulderLeft;0.1612384;0.2577128;3.515755;
ElbowRight;0.2926549;0.004269389;3.196147;
ElbowLeft;0.1720777;0.03341366;3.552624;
WristRight;0.2087215;-0.272121;3.159279;
WristLeft;0.1500361;-0.2618195;3.540113;
HandRight;0.1885124;-0.3448101;3.150466;
HandLeft;0.1440041;-0.2940485;3.594378;
Spine;0.2123192;-0.04485006;3.399459;
HipCenter;0.2019704;-0.1307589;3.400615;
HipRight;0.2309876;-0.1688698;3.364909;
HipLeft;0.1655981;-0.1853606;3.432016;
KneeRight;0.1796443;-0.6194413;3.282249;
KneeLeft;0.1294688;-0.7347327;3.46125;
AnkleRight;0.4894125;-0.9179423;3.273487;
AnkleLeft;0.2013754;-1.047337;3.477393;
FootRight;0.459206;-1.012413;3.27284;
FootLeft;0.1270264;-1.075985;3.476318;
Head;0.1184685;0.5671172;3.458439;
ShoulderCenter;0.211826;0.388773;3.41533;
ShoulderRight;0.2577474;0.257119;3.28623;
ShoulderLeft;0.109215;0.2590804;3.520684;
ElbowRight;0.2637167;-0.01539725;3.200293;
ElbowLeft;0.1200543;0.03478124;3.557532;
WristRight;0.1975991;-0.2570145;3.16059;
WristLeft;0.0980156;-0.2604139;3.54501;
HandRight;0.1798193;-0.3404267;3.155559;
HandLeft;0.0920077;-0.2925137;3.599057;
Spine;0.1717273;-0.02406059;3.394518;
HipCenter;0.1630704;-0.1064697;3.39397;
HipRight;0.1886275;-0.1541452;3.342652;
HipLeft;0.1270676;-0.1733923;3.435865;
KneeRight;0.1258274;-0.6296414;3.287432;
KneeLeft;0.2596412;-0.5953013;3.48692;
AnkleRight;0.3894328;-0.9381166;3.268142;
AnkleLeft;0.1921869;-1.009626;3.473219;
FootRight;0.3434587;-1.034345;3.289932;
FootLeft;0.1298249;-1.074972;3.475107;
Head;0.09611343;0.5651675;3.45996;
ShoulderCenter;0.1958848;0.3894959;3.421747;
ShoulderRight;0.241798;0.2576415;3.291796;
ShoulderLeft;0.09327389;0.2598032;3.527101;
ElbowRight;0.2434311;-0.02843546;3.208141;
ElbowLeft;0.1041132;0.0355041;3.56394;
WristRight;0.1778532;-0.2577337;3.161782;
WristLeft;0.08206228;-0.2598541;3.551414;
HandRight;0.1682277;-0.3390606;3.154473;
HandLeft;0.03512297;-0.2953675;3.613868;
Spine;0.1555504;-0.04469747;3.394559;
HipCenter;0.1463222;-0.1344224;3.39226;
HipRight;0.1795112;-0.161464;3.350358;
HipLeft;0.1121445;-0.1914552;3.423367;
KneeRight;0.06344976;-0.6407578;3.296333;
KneeLeft;0.2082208;-0.6247732;3.469196;
AnkleRight;0.2931432;-0.9424363;3.287625;
AnkleLeft;0.1784188;-1.006504;3.418807;
FootRight;0.247284;-1.027967;3.290765;
FootLeft;0.1289918;-1.074423;3.468784;
Head;0.05476951;0.5667846;3.450976;
ShoulderCenter;0.1533568;0.3908418;3.420887;
ShoulderRight;0.2001263;0.2524558;3.289262;
ShoulderLeft;0.05074585;0.2611491;3.526241;
ElbowRight;0.2020562;-0.03438708;3.209307;
ElbowLeft;0.06158514;0.03684997;3.563096;
WristRight;0.1596588;-0.2547464;3.168105;
WristLeft;-0.02389216;-0.2362092;3.625421;
HandRight;0.1619084;-0.3389511;3.152962;
HandLeft;-0.05218724;-0.2717882;3.669412;
Spine;0.132693;-0.04379236;3.387235;
HipCenter;0.127732;-0.1317731;3.384607;
HipRight;0.1557632;-0.1631902;3.337701;
HipLeft;0.09233127;-0.1927611;3.419371;
KneeRight;-0.01392373;-0.6296141;3.291874;
KneeLeft;0.1897119;-0.6523121;3.491677;
AnkleRight;0.1892758;-0.9831802;3.297452;
AnkleLeft;0.3106296;-0.9408092;3.381917;
FootRight;0.1194296;-1.066054;3.308971;
FootLeft;0.2236571;-1.004423;3.398297;
Head;0.02726877;0.5686969;3.448475;
ShoulderCenter;0.1302752;0.394291;3.415329;
ShoulderRight;0.164116;0.2525077;3.286532;
ShoulderLeft;0.0276643;0.2645984;3.520683;
ElbowRight;0.1792558;-0.03514745;3.204252;
ElbowLeft;0.03850355;0.04029927;3.557509;
WristRight;0.1445066;-0.2500231;3.163929;
WristLeft;-0.06580473;-0.228423;3.612148;
HandRight;0.138543;-0.3351788;3.155688;
HandLeft;-0.09410565;-0.2758531;3.643254;
Spine;0.07605923;-0.02096006;3.394609;
HipCenter;0.06726178;-0.104316;3.394585;
HipRight;0.08860026;-0.1565632;3.332587;
HipLeft;0.03233161;-0.1808503;3.448069;
KneeRight;-0.06804231;-0.6300902;3.290131;
KneeLeft;0.1621185;-0.6650405;3.497648;
AnkleRight;0.07084542;-1.007614;3.270634;
AnkleLeft;0.1909872;-1.013094;3.421653;
FootRight;0.001192648;-1.063464;3.260587;
FootLeft;0.1168454;-1.05261;3.377168;
Head;-0.01315267;0.5680498;3.437928;
ShoulderCenter;0.07493033;0.3853157;3.406992;
ShoulderRight;0.1252528;0.2468913;3.28413;
ShoulderLeft;-0.02768058;0.2556231;3.512346;
ElbowRight;0.145244;0.0002076985;3.189816;
ElbowLeft;-0.0168413;0.03132396;3.549155;
WristRight;0.112183;-0.2448626;3.166034;
WristLeft;-0.1171005;-0.2281536;3.63589;
HandRight;0.1103733;-0.3299189;3.153178;
HandLeft;-0.1489194;-0.2813996;3.64992;
Spine;0.04486653;-0.06483594;3.38169;
HipCenter;0.03885377;-0.1548663;3.380253;
HipRight;0.07370153;-0.175525;3.344641;
HipLeft;0.004049508;-0.2075427;3.405345;
KneeRight;-0.1125992;-0.6583559;3.285775;
KneeLeft;0.1416678;-0.6820087;3.505264;
AnkleRight;-0.03696586;-1.029053;3.249252;
AnkleLeft;0.1716681;-1.023103;3.444552;
FootRight;-0.1275615;-1.08569;3.22669;
FootLeft;0.1117413;-1.076554;3.452691;
Head;-0.04544566;0.56655;3.437959;
ShoulderCenter;0.05509752;0.3891738;3.406216;
ShoulderRight;0.1028751;0.2461271;3.284838;
ShoulderLeft;-0.0475134;0.2594812;3.51157;
ElbowRight;0.1140537;-0.04365861;3.193989;
ElbowLeft;-0.03667411;0.03518204;3.548359;
WristRight;0.08912881;-0.2605383;3.159943;
WristLeft;-0.1553124;-0.2215894;3.622432;
HandRight;0.08820812;-0.3469094;3.151655;
HandLeft;-0.1959637;-0.3104804;3.658672;
Spine;0.02908006;-0.06534649;3.376571;
HipCenter;0.02356895;-0.1561731;3.374278;
HipRight;0.05585317;-0.1734774;3.349564;
HipLeft;-0.0172834;-0.2115214;3.386409;
KneeRight;-0.1523431;-0.6493886;3.278854;
KneeLeft;0.1271922;-0.6776819;3.501817;
AnkleRight;-0.1735458;-1.0309;3.232858;
AnkleLeft;0.184081;-1.018659;3.451329;
FootRight;-0.2699815;-1.08321;3.240047;
FootLeft;0.1083555;-1.085983;3.494001;
Head;-0.1180464;0.5460316;3.440456;
ShoulderCenter;0.001716253;0.3802307;3.408986;
ShoulderRight;0.05595235;0.2449687;3.280127;
ShoulderLeft;-0.1008947;0.250538;3.51434;
ElbowRight;0.08545481;-0.04397854;3.18954;
ElbowLeft;-0.09005538;0.02623888;3.551179;
WristRight;0.0648341;-0.2615498;3.154919;
WristLeft;-0.2060229;-0.236432;3.611873;
HandRight;0.06341354;-0.34828;3.149048;
HandLeft;-0.2452745;-0.2853598;3.625829;
Spine;-0.02038364;-0.03680267;3.369458;
HipCenter;-0.02480362;-0.1202093;3.365172;
HipRight;0.00686522;-0.1465712;3.326657;
HipLeft;-0.0611333;-0.1817994;3.393385;
KneeRight;-0.168423;-0.639148;3.27655;
KneeLeft;0.1154859;-0.6744121;3.497088;
AnkleRight;-0.2925647;-1.029168;3.221994;
AnkleLeft;0.1883772;-1.019286;3.453648;
FootRight;-0.397501;-1.063568;3.231266;
FootLeft;0.1093486;-1.087724;3.490414;
Head;-0.1321671;0.5443203;3.420047;
ShoulderCenter;-0.01465001;0.3785417;3.408353;
ShoulderRight;0.0289395;0.2387853;3.277639;
ShoulderLeft;-0.1172609;0.248849;3.513707;
ElbowRight;0.05704578;-0.03850337;3.17065;
ElbowLeft;-0.1064216;0.02454991;3.55053;
WristRight;0.03200607;-0.2552191;3.13148;
WristLeft;-0.2270474;-0.2345086;3.61658;
HandRight;0.03221785;-0.3428048;3.131993;
HandLeft;-0.2773787;-0.3134682;3.642795;
Spine;-0.04505797;-0.06799003;3.359985;
HipCenter;-0.05184133;-0.1610046;3.352825;
HipRight;-0.0159561;-0.1657379;3.331242;
HipLeft;-0.08440274;-0.2205322;3.364047;
KneeRight;-0.2333932;-0.6227626;3.282646;
KneeLeft;0.07018662;-0.6629701;3.479672;
AnkleRight;-0.3877458;-1.031307;3.244065;
AnkleLeft;0.1893423;-1.019088;3.457266;
FootRight;-0.4952737;-1.058623;3.251721;
FootLeft;0.1081641;-1.087759;3.489847;
Head;-0.1734931;0.4845779;3.398324;
ShoulderCenter;-0.07457225;0.3091469;3.385074;
ShoulderRight;-0.01953393;0.2246137;3.259334;
ShoulderLeft;-0.1771832;0.1794542;3.490428;
ElbowRight;0.01031533;-0.06507103;3.170404;
ElbowLeft;-0.1663439;-0.04484487;3.527236;
WristRight;-0.01044571;-0.3375015;3.153353;
WristLeft;-0.2947288;-0.2782317;3.625554;
HandRight;-0.005835906;-0.4001595;3.139372;
HandLeft;-0.324568;-0.3350106;3.630898;
Spine;-0.1121632;-0.1124494;3.340747;
HipCenter;-0.1196814;-0.1967687;3.335505;
HipRight;-0.09898901;-0.2098565;3.314024;
HipLeft;-0.1473049;-0.2614171;3.347093;
KneeRight;-0.2524778;-0.6167687;3.268169;
KneeLeft;0.07073689;-0.665454;3.47631;
AnkleRight;-0.4224166;-1.019929;3.233289;
AnkleLeft;0.1887767;-1.018921;3.457092;
FootRight;-0.5210954;-1.049138;3.23947;
FootLeft;0.1090129;-1.088163;3.490106;
Head;-0.2205351;0.5283001;3.37998;
ShoulderCenter;-0.1043473;0.3640031;3.372602;
ShoulderRight;-0.04629547;0.2209353;3.251361;
ShoulderLeft;-0.2069582;0.2343104;3.477957;
ElbowRight;-0.02584211;-0.06866876;3.171267;
ElbowLeft;-0.1961189;0.01001128;3.514779;
WristRight;-0.07763149;-0.3127096;3.149809;
WristLeft;-0.3101988;-0.2538273;3.576454;
HandRight;-0.05065092;-0.3874918;3.136653;
HandLeft;-0.3461024;-0.3363484;3.608938;
Spine;-0.1373061;-0.05598623;3.346175;
HipCenter;-0.1438979;-0.1399841;3.344512;
HipRight;-0.1132676;-0.1655816;3.324005;
HipLeft;-0.1800939;-0.1909716;3.358342;
KneeRight;-0.2603402;-0.6326856;3.273933;
KneeLeft;0.04295906;-0.6583409;3.472052;
AnkleRight;-0.4321275;-1.035741;3.235877;
AnkleLeft;0.1792036;-1.024041;3.4583;
FootRight;-0.5421054;-1.050296;3.247169;
FootLeft;0.108756;-1.088359;3.488665;
Head;-0.2496114;0.5362878;3.374487;
ShoulderCenter;-0.147471;0.3613806;3.363953;
ShoulderRight;-0.09713671;0.2156678;3.242428;
ShoulderLeft;-0.2500819;0.2316879;3.469307;
ElbowRight;-0.07006711;-0.06439087;3.158535;
ElbowLeft;-0.2392426;0.007388814;3.506145;
WristRight;-0.0943327;-0.3132507;3.15162;
WristLeft;-0.3356343;-0.2641958;3.565171;
HandRight;-0.07189269;-0.3958555;3.135987;
HandLeft;-0.3490978;-0.3112435;3.606905;
Spine;-0.168707;-0.07362933;3.333549;
HipCenter;-0.1738944;-0.1609061;3.330813;
HipRight;-0.1426805;-0.1771281;3.306044;
HipLeft;-0.2109029;-0.2245281;3.348181;
KneeRight;-0.3472901;-0.6623039;3.267618;
KneeLeft;-0.1100719;-0.6992034;3.410433;
AnkleRight;-0.4341285;-1.034346;3.242925;
AnkleLeft;0.1749188;-1.023752;3.459528;
FootRight;-0.5392224;-1.067791;3.264914;
FootLeft;0.09492828;-1.086227;3.507954;
Head;-0.2979738;0.5265417;3.360974;
ShoulderCenter;-0.1846125;0.359871;3.359378;
ShoulderRight;-0.1314842;0.217795;3.239301;
ShoulderLeft;-0.2872235;0.2301783;3.464732;
ElbowRight;-0.1154534;-0.06150015;3.142067;
ElbowLeft;-0.2763841;0.005879177;3.501589;
WristRight;-0.1402569;-0.3015596;3.117192;
WristLeft;-0.3741815;-0.2656375;3.559228;
HandRight;-0.1307361;-0.3850225;3.108926;
HandLeft;-0.4233468;-0.2985024;3.585113;
Spine;-0.2100466;-0.08238593;3.31772;
HipCenter;-0.2146702;-0.1708739;3.312987;
HipRight;-0.1874759;-0.1837104;3.283;
HipLeft;-0.2442435;-0.2342387;3.334568;
KneeRight;-0.3140152;-0.6199743;3.261258;
KneeLeft;-0.1184073;-0.6973368;3.418123;
AnkleRight;-0.4351569;-1.026409;3.251294;
AnkleLeft;0.1407477;-1.018132;3.459783;
FootRight;-0.5382591;-1.069452;3.268926;
FootLeft;0.0786973;-1.096857;3.512184;
Head;-0.3345825;0.5369445;3.357879;
ShoulderCenter;-0.2288056;0.3652819;3.357463;
ShoulderRight;-0.1712216;0.2204193;3.230321;
ShoulderLeft;-0.3314165;0.2355892;3.462817;
ElbowRight;-0.1554322;-0.01261603;3.118468;
ElbowLeft;-0.3205772;0.01129007;3.49968;
WristRight;-0.1744894;-0.2486949;3.093689;
WristLeft;-0.4161723;-0.2605199;3.557447;
HandRight;-0.1649685;-0.3321578;3.085424;
HandLeft;-0.4486565;-0.3032231;3.593564;
Spine;-0.2183994;-0.07571265;3.305234;
HipCenter;-0.2198208;-0.1631611;3.297568;
HipRight;-0.1910278;-0.1743741;3.256692;
HipLeft;-0.2484065;-0.232024;3.324236;
KneeRight;-0.4051768;-0.561084;3.260074;
KneeLeft;-0.2728326;-0.6731835;3.348772;
AnkleRight;-0.434141;-0.9985204;3.261859;
AnkleLeft;0.04471549;-0.955956;3.430824;
FootRight;-0.5180566;-1.060954;3.30693;
FootLeft;0.05570422;-1.056889;3.482429;
Head;-0.3902842;0.5343393;3.357475;
ShoulderCenter;-0.2718233;0.3678463;3.34483;
ShoulderRight;-0.2007169;0.2333383;3.221357;
ShoulderLeft;-0.3744342;0.2381536;3.450184;
ElbowRight;-0.2045276;-0.03840488;3.114004;
ElbowLeft;-0.3635949;0.01385446;3.487049;
WristRight;-0.2392812;-0.255252;3.098146;
WristLeft;-0.4609487;-0.2574376;3.544421;
HandRight;-0.2296688;-0.3381435;3.089883;
HandLeft;-0.5060902;-0.2928281;3.574658;
Spine;-0.2847242;-0.07602821;3.305795;
HipCenter;-0.2868295;-0.1648314;3.301744;
HipRight;-0.2574805;-0.1807607;3.26234;
HipLeft;-0.3182812;-0.2375928;3.33163;
KneeRight;-0.4346156;-0.6203481;3.257524;
KneeLeft;-0.2880911;-0.6777165;3.354481;
AnkleRight;-0.4423786;-1.024001;3.259529;
AnkleLeft;0.0427295;-0.9499369;3.431192;
FootRight;-0.536644;-1.073275;3.302333;
FootLeft;0.03641576;-1.052388;3.482279;
Head;-0.4040902;0.5481375;3.351748;
ShoulderCenter;-0.2949062;0.3755937;3.341349;
ShoulderRight;-0.2561848;0.2304207;3.205858;
ShoulderLeft;-0.3975171;0.245901;3.446703;
ElbowRight;-0.2564923;-0.04171057;3.108773;
ElbowLeft;-0.3866779;0.02160186;3.483558;
WristRight;-0.2975901;-0.2570304;3.080853;
WristLeft;-0.4828962;-0.2499923;3.541212;
HandRight;-0.3104391;-0.3435919;3.085177;
HandLeft;-0.5233648;-0.288277;3.574234;
Spine;-0.3448401;-0.06514901;3.303813;
HipCenter;-0.3528617;-0.1539571;3.300223;
HipRight;-0.3175658;-0.1815342;3.294436;
HipLeft;-0.3943066;-0.1944561;3.299055;
KneeRight;-0.4352234;-0.6277025;3.258061;
KneeLeft;-0.5364045;-0.5889275;3.127297;
AnkleRight;-0.4433451;-1.025286;3.261911;
AnkleLeft;-0.197882;-0.855817;3.199697;
FootRight;-0.519076;-1.070485;3.265756;
FootLeft;-0.275471;-0.8972247;3.152632;
Head;-0.4591517;0.5340566;3.328906;
ShoulderCenter;-0.3343611;0.375264;3.331643;
ShoulderRight;-0.282359;0.2311659;3.199286;
ShoulderLeft;-0.436972;0.2455713;3.436997;
ElbowRight;-0.3081942;-0.05028601;3.098805;
ElbowLeft;-0.4261326;0.02127218;3.47385;
WristRight;-0.3785225;-0.3046059;3.089308;
WristLeft;-0.5228972;-0.2502468;3.531461;
HandRight;-0.3769504;-0.3694131;3.074053;
HandLeft;-0.5654332;-0.2871084;3.563768;
Spine;-0.3699967;-0.06617112;3.304098;
HipCenter;-0.37849;-0.1546709;3.301898;
HipRight;-0.3448092;-0.1838343;3.292759;
HipLeft;-0.4194814;-0.1938325;3.30508;
KneeRight;-0.4536918;-0.6622196;3.259013;
KneeLeft;-0.5499743;-0.5886316;3.123273;
AnkleRight;-0.4455256;-1.027281;3.261629;
AnkleLeft;-0.2105899;-0.8562005;3.195931;
FootRight;-0.5203999;-1.07141;3.263798;
FootLeft;-0.2859097;-0.8982329;3.145611;
Head;-0.5009527;0.5553308;3.3301;
ShoulderCenter;-0.3836019;0.3882079;3.323309;
ShoulderRight;-0.3368555;0.2411324;3.197608;
ShoulderLeft;-0.4862128;0.2585153;3.428663;
ElbowRight;-0.3464407;-0.0217976;3.093148;
ElbowLeft;-0.4753735;0.03421616;3.465507;
WristRight;-0.427603;-0.2770919;3.09595;
WristLeft;-0.5719091;-0.2372673;3.52317;
HandRight;-0.4487012;-0.3620488;3.09786;
HandLeft;-0.6136037;-0.2742961;3.556014;
Spine;-0.4123717;-0.05325969;3.306158;
HipCenter;-0.4172222;-0.141927;3.306065;
HipRight;-0.385447;-0.1706055;3.3053;
HipLeft;-0.4536905;-0.181024;3.303232;
KneeRight;-0.4538594;-0.663185;3.259142;
KneeLeft;-0.5516757;-0.5828185;3.117931;
AnkleRight;-0.4469754;-1.031984;3.26389;
AnkleLeft;-0.211341;-0.8511367;3.190864;
FootRight;-0.5209053;-1.074013;3.264038;
FootLeft;-0.286629;-0.8938962;3.140947;
Head;-0.538512;0.5585694;3.308412;
ShoulderCenter;-0.4216532;0.3968959;3.322792;
ShoulderRight;-0.3545874;0.2486075;3.194759;
ShoulderLeft;-0.524264;0.2672032;3.428146;
ElbowRight;-0.3972205;-0.02756757;3.089524;
ElbowLeft;-0.5134248;0.04290413;3.464971;
WristRight;-0.4874615;-0.2829206;3.091647;
WristLeft;-0.6099858;-0.2286509;3.522643;
HandRight;-0.5206817;-0.3622881;3.074575;
HandLeft;-0.6517556;-0.2657468;3.555546;
Spine;-0.4427612;-0.00989195;3.290765;
HipCenter;-0.44598;-0.0914785;3.287996;
HipRight;-0.4156906;-0.1412101;3.2511;
HipLeft;-0.4797918;-0.1417531;3.314658;
KneeRight;-0.4598729;-0.6561531;3.259398;
KneeLeft;-0.5917788;-0.5644877;3.085281;
AnkleRight;-0.4463601;-1.030306;3.263054;
AnkleLeft;-0.2504962;-0.8335531;3.158479;
FootRight;-0.5204693;-1.071957;3.261906;
FootLeft;-0.3230622;-0.8759591;3.104253;
Head;-0.5646874;0.5552773;3.305244;
ShoulderCenter;-0.4444662;0.3950723;3.318026;
ShoulderRight;-0.4093189;0.2464962;3.181744;
ShoulderLeft;-0.5470771;0.2653796;3.423379;
ElbowRight;-0.4346626;0.002960519;3.084453;
ElbowLeft;-0.5362378;0.04108048;3.460193;
WristRight;-0.5418643;-0.2403157;3.059338;
WristLeft;-0.6327044;-0.2302089;3.517787;
HandRight;-0.5701119;-0.322984;3.052893;
HandLeft;-0.6744178;-0.2672547;3.550647;
Spine;-0.4663573;-0.01405634;3.279367;
HipCenter;-0.4711938;-0.09610934;3.274785;
HipRight;-0.4439194;-0.1456415;3.235849;
HipLeft;-0.5034658;-0.1416081;3.302245;
KneeRight;-0.4615873;-0.6517218;3.260833;
KneeLeft;-0.6526757;-0.5971083;3.452344;
AnkleRight;-0.4458183;-1.029024;3.264487;
AnkleLeft;-0.3310632;-0.9085196;3.439535;
FootRight;-0.5430614;-1.088662;3.280214;
FootLeft;-0.4092723;-0.9509168;3.393572;
Head;-0.5670363;0.5148785;3.309781;
ShoulderCenter;-0.4862098;0.3281144;3.302438;
ShoulderRight;-0.4473428;0.2436455;3.168605;
ShoulderLeft;-0.5888207;0.1984217;3.407792;
ElbowRight;-0.5016393;-0.02463659;3.079167;
ElbowLeft;-0.5779814;-0.02587739;3.444594;
WristRight;-0.6101798;-0.2406973;3.046054;
WristLeft;-0.674441;-0.2971472;3.502179;
HandRight;-0.6422867;-0.3215377;3.038526;
HandLeft;-0.7160164;-0.3340702;3.534929;
Spine;-0.4830805;-0.05682984;3.250804;
HipCenter;-0.482437;-0.1337598;3.244149;
HipRight;-0.4508308;-0.1572153;3.208645;
HipLeft;-0.5113848;-0.1981473;3.272845;
KneeRight;-0.4633954;-0.651704;3.26012;
KneeLeft;-0.6626261;-0.621081;3.42596;
AnkleRight;-0.4461244;-1.026964;3.263236;
AnkleLeft;-0.3384393;-0.9211627;3.419896;
FootRight;-0.5430723;-1.087263;3.278027;
FootLeft;-0.4164251;-0.9644048;3.374399;
Head;-0.6429105;0.5642205;3.308545;
ShoulderCenter;-0.5200768;0.4025268;3.304847;
ShoulderRight;-0.4675792;0.2465219;3.172867;
ShoulderLeft;-0.6226876;0.2728341;3.410201;
ElbowRight;-0.5559084;-0.02664444;3.06745;
ElbowLeft;-0.6118484;0.04853501;3.446952;
WristRight;-0.6687188;-0.238318;3.042074;
WristLeft;-0.7083637;-0.2228916;3.504551;
HandRight;-0.698519;-0.3192286;3.029492;
HandLeft;-0.7498577;-0.2597423;3.537237;
Spine;-0.516527;-0.001838364;3.260763;
HipCenter;-0.515817;-0.08271141;3.255577;
HipRight;-0.4796575;-0.1359373;3.1944;
HipLeft;-0.5468578;-0.1627088;3.301522;
KneeRight;-0.4732755;-0.6502174;3.256403;
KneeLeft;-0.6860499;-0.6371028;3.423286;
AnkleRight;-0.4463001;-1.025639;3.263149;
AnkleLeft;-0.4445881;-0.9473693;3.395092;
FootRight;-0.5091587;-1.083224;3.26336;
FootLeft;-0.519646;-0.9908198;3.344726;
Head;-0.6933898;0.5303689;3.26732;
ShoulderCenter;-0.5575761;0.3915389;3.295471;
ShoulderRight;-0.5227488;0.2446459;3.171928;
ShoulderLeft;-0.660187;0.2618463;3.400825;
ElbowRight;-0.5914451;-0.0136214;3.057005;
ElbowLeft;-0.6493477;0.03754717;3.437525;
WristRight;-0.7278014;-0.241152;3.019626;
WristLeft;-0.7458565;-0.2338608;3.495095;
HandRight;-0.7664602;-0.318666;3.025822;
HandLeft;-0.7872092;-0.2705861;3.527669;
Spine;-0.5628238;-0.02207362;3.273187;
HipCenter;-0.5630105;-0.1045433;3.272586;
HipRight;-0.5342295;-0.1473044;3.225367;
HipLeft;-0.5894063;-0.1708925;3.311099;
KneeRight;-0.4927057;-0.6455742;3.251061;
KneeLeft;-0.7222764;-0.6746371;3.423301;
AnkleRight;-0.4475623;-1.024703;3.264019;
AnkleLeft;-0.6462341;-1.025682;3.406077;
FootRight;-0.5092221;-1.083619;3.264244;
FootLeft;-0.6935969;-1.082653;3.448316;
Head;-0.7039731;0.5634682;3.296134;
ShoulderCenter;-0.5999877;0.387311;3.287192;
ShoulderRight;-0.5407169;0.246874;3.167433;
ShoulderLeft;-0.7025986;0.2576183;3.392545;
ElbowRight;-0.6433011;-0.02074969;3.059626;
ElbowLeft;-0.6917593;0.03331918;3.429236;
WristRight;-0.7934578;-0.2550215;3.025618;
WristLeft;-0.7883211;-0.2382379;3.486841;
HandRight;-0.8293302;-0.3234323;3.035294;
HandLeft;-0.8297668;-0.2750455;3.519489;
Spine;-0.5799225;-0.0162618;3.263491;
HipCenter;-0.5778862;-0.09732731;3.262204;
HipRight;-0.5437389;-0.145221;3.207626;
HipLeft;-0.6092905;-0.1680779;3.305645;
KneeRight;-0.5126942;-0.6440894;3.247879;
KneeLeft;-0.7637676;-0.6674488;3.425544;
AnkleRight;-0.4485597;-1.023341;3.265067;
AnkleLeft;-0.7412798;-1.024271;3.418565;
FootRight;-0.5069718;-1.084677;3.259922;
FootLeft;-0.8207042;-1.071869;3.446055;
Head;-0.7534549;0.5513693;3.323632;
ShoulderCenter;-0.6254581;0.3877227;3.284636;
ShoulderRight;-0.5884997;0.2420456;3.161329;
ShoulderLeft;-0.7280689;0.25803;3.38999;
ElbowRight;-0.6859008;-0.02916925;3.058487;
ElbowLeft;-0.7172297;0.03373092;3.426649;
WristRight;-0.8129906;-0.2341918;3.027292;
WristLeft;-0.8138669;-0.2380383;3.484293;
HandRight;-0.8712826;-0.2985878;3.029979;
HandLeft;-0.855249;-0.2747897;3.516891;
Spine;-0.6435506;-0.0134071;3.272766;
HipCenter;-0.6451453;-0.09366578;3.274244;
HipRight;-0.6166254;-0.1485081;3.218721;
HipLeft;-0.676224;-0.1676014;3.323284;
KneeRight;-0.5543501;-0.6492262;3.249317;
KneeLeft;-0.7927131;-0.6735489;3.421699;
AnkleRight;-0.449055;-1.022188;3.264786;
AnkleLeft;-0.8738123;-1.037786;3.433929;
FootRight;-0.5439328;-1.084085;3.283996;
FootLeft;-0.9689225;-1.072855;3.488024;
Head;-0.7761155;0.5605734;3.310057;
ShoulderCenter;-0.6763252;0.3787596;3.283507;
ShoulderRight;-0.6138513;0.2371252;3.159907;
ShoulderLeft;-0.7789361;0.2490669;3.388861;
ElbowRight;-0.7223564;-0.02379582;3.044988;
ElbowLeft;-0.7680968;0.02476781;3.425498;
WristRight;-0.8687072;-0.2240441;3.02318;
WristLeft;-0.8647707;-0.2471044;3.483159;
HandRight;-0.9160004;-0.296376;3.016292;
HandLeft;-0.906054;-0.2837681;3.515679;
Spine;-0.6559;-0.01227976;3.265681;
HipCenter;-0.6551679;-0.09143357;3.266106;
HipRight;-0.6249065;-0.150079;3.202581;
HipLeft;-0.6849393;-0.1695819;3.31833;
KneeRight;-0.5626881;-0.6582046;3.248853;
KneeLeft;-0.8436291;-0.6777282;3.417952;
AnkleRight;-0.459516;-1.017581;3.260823;
AnkleLeft;-0.9768409;-1.017367;3.448233;
FootRight;-0.516062;-1.080945;3.258774;
FootLeft;-1.077981;-1.054451;3.488297;
Head;-0.8134332;0.5426966;3.290339;
ShoulderCenter;-0.6958314;0.3741959;3.282001;
ShoulderRight;-0.6638296;0.2314801;3.165837;
ShoulderLeft;-0.7984422;0.2445032;3.387355;
ElbowRight;-0.7664375;-0.03213491;3.043877;
ElbowLeft;-0.787603;0.02020407;3.42399;
WristRight;-0.9230357;-0.231834;3.018363;
WristLeft;-0.884323;-0.2517981;3.481684;
HandRight;-0.9610317;-0.2998448;3.018898;
HandLeft;-0.9257219;-0.2885645;3.514294;
Spine;-0.7033702;-0.008433991;3.258671;
HipCenter;-0.7035049;-0.08437508;3.257701;
HipRight;-0.6716301;-0.149979;3.190644;
HipLeft;-0.7335396;-0.1633197;3.312772;
KneeRight;-0.5851791;-0.6694304;3.239023;
KneeLeft;-0.8805585;-0.6789789;3.422678;
AnkleRight;-0.4642044;-1.016252;3.259042;
AnkleLeft;-1.046122;-1.036293;3.474156;
FootRight;-0.5184557;-1.081904;3.258824;
FootLeft;-1.160339;-1.04263;3.487989;
Head;-0.8709852;0.5328714;3.281935;
ShoulderCenter;-0.7501122;0.3720333;3.293743;
ShoulderRight;-0.6873397;0.2293506;3.170777;
ShoulderLeft;-0.8527231;0.2423406;3.399097;
ElbowRight;-0.7863711;-0.02726452;3.050902;
ElbowLeft;-0.8418838;0.01804151;3.435705;
WristRight;-0.9494284;-0.2321108;3.017891;
WristLeft;-0.9386209;-0.2540084;3.493399;
HandRight;-1.009219;-0.293175;3.033555;
HandLeft;-0.979995;-0.2907527;3.52599;
Spine;-0.728184;-0.01687583;3.263335;
HipCenter;-0.7252643;-0.09412396;3.261365;
HipRight;-0.694483;-0.1592854;3.200334;
HipLeft;-0.7504777;-0.1663412;3.31052;
KneeRight;-0.6115623;-0.6702463;3.233081;
KneeLeft;-0.9305443;-0.6656611;3.422877;
AnkleRight;-0.4698245;-1.013645;3.260069;
AnkleLeft;-1.052992;-1.033062;3.460687;
FootRight;-0.5568079;-1.083006;3.253202;
FootLeft;-1.166355;-1.043413;3.479174;
Head;-0.8866292;0.5435452;3.288029;
ShoulderCenter;-0.7973909;0.3596382;3.288591;
ShoulderRight;-0.7395245;0.2218102;3.172309;
ShoulderLeft;-0.9000018;0.2299455;3.393945;
ElbowRight;-0.828708;-0.0245677;3.055082;
ElbowLeft;-0.8891625;0.005646402;3.430555;
WristRight;-0.9858011;-0.2275966;3.029955;
WristLeft;-0.9858782;-0.2663434;3.488234;
HandRight;-1.034853;-0.2982399;3.041016;
HandLeft;-1.027169;-0.3030144;3.520761;
Spine;-0.7799634;-0.01631537;3.259751;
HipCenter;-0.7763962;-0.09148467;3.25764;
HipRight;-0.7368536;-0.158074;3.195598;
HipLeft;-0.8059183;-0.1622825;3.306123;
KneeRight;-0.680228;-0.6774843;3.241606;
KneeLeft;-0.953928;-0.6731139;3.421734;
AnkleRight;-0.4751315;-1.018108;3.260146;
AnkleLeft;-1.057322;-1.025247;3.447869;
FootRight;-0.553346;-1.088178;3.255241;
FootLeft;-1.166443;-1.055461;3.470661;
Head;-0.9599096;0.5061069;3.320572;
ShoulderCenter;-0.8167645;0.3535574;3.286382;
ShoulderRight;-0.7840245;0.2136343;3.156397;
ShoulderLeft;-0.9193754;0.2238647;3.391737;
ElbowRight;-0.8747641;-0.04534243;3.059031;
ElbowLeft;-0.9085361;-0.0004343889;3.428324;
WristRight;-1.03089;-0.2495044;3.044195;
WristLeft;-1.005249;-0.2724167;3.485988;
HandRight;-1.077832;-0.3225591;3.045258;
HandLeft;-1.046602;-0.3091429;3.518564;
Spine;-0.8350631;-0.0294559;3.275585;
HipCenter;-0.8365361;-0.1053722;3.277332;
HipRight;-0.8110039;-0.1712708;3.216114;
HipLeft;-0.8648578;-0.18323;3.331383;
KneeRight;-0.6935417;-0.6800463;3.238302;
KneeLeft;-1.008841;-0.6768197;3.424158;
AnkleRight;-0.4806449;-1.021876;3.264508;
AnkleLeft;-1.11827;-1.025387;3.450418;
FootRight;-0.570052;-1.090464;3.290095;
FootLeft;-1.220872;-1.06833;3.481741;
Head;-0.9783773;0.5408837;3.29606;
ShoulderCenter;-0.8794563;0.3632336;3.30308;
ShoulderRight;-0.8188016;0.2202202;3.175899;
ShoulderLeft;-0.9820672;0.233541;3.408434;
ElbowRight;-0.8980184;-0.0419048;3.065107;
ElbowLeft;-0.9712279;0.009241842;3.445009;
WristRight;-1.053387;-0.2528877;3.04689;
WristLeft;-1.067947;-0.2627574;3.502671;
HandRight;-1.10557;-0.3220491;3.054969;
HandLeft;-1.109382;-0.2995566;3.535312;
Spine;-0.8567714;-0.01070292;3.274931;
HipCenter;-0.8540872;-0.08559477;3.273952;
HipRight;-0.8195788;-0.158905;3.198483;
HipLeft;-0.8781579;-0.1805662;3.33448;
KneeRight;-0.7455701;-0.688767;3.225769;
KneeLeft;-1.027051;-0.6829898;3.424205;
AnkleRight;-0.529008;-1.002147;3.251816;
AnkleLeft;-1.118513;-1.025249;3.450405;
FootRight;-0.5773113;-1.090739;3.273501;
FootLeft;-1.218521;-1.073665;3.483328;
Head;-1.024385;0.5311077;3.316703;
ShoulderCenter;-0.8997778;0.3645591;3.301067;
ShoulderRight;-0.8431624;0.2241896;3.179599;
ShoulderLeft;-1.002389;0.2348664;3.40642;
ElbowRight;-0.9419816;-0.03768506;3.07289;
ElbowLeft;-0.9915494;0.01056731;3.442969;
WristRight;-1.061269;-0.2536332;3.046873;
WristLeft;-1.088286;-0.2614816;3.500632;
HandRight;-1.111812;-0.3232966;3.057565;
HandLeft;-1.129585;-0.2981599;3.533166;
Spine;-0.904917;-0.02899015;3.268495;
HipCenter;-0.9036572;-0.1078492;3.265871;
HipRight;-0.872272;-0.1647926;3.212142;
HipLeft;-0.9330592;-0.175049;3.306748;
KneeRight;-0.8160101;-0.6824276;3.234134;
KneeLeft;-1.089077;-0.6968282;3.425715;
AnkleRight;-0.5495639;-0.9996854;3.257712;
AnkleLeft;-1.126725;-1.027364;3.451733;
FootRight;-0.5794048;-1.079902;3.252789;
FootLeft;-1.223205;-1.078863;3.490362;
Head;-1.058704;0.5485469;3.331794;
ShoulderCenter;-0.9450952;0.3721644;3.297817;
ShoulderRight;-0.8993158;0.2324763;3.182183;
ShoulderLeft;-1.047706;0.2424717;3.403172;
ElbowRight;-0.9590901;-0.03892711;3.077166;
ElbowLeft;-1.036867;0.01817263;3.439683;
WristRight;-1.078419;-0.2458765;3.057761;
WristLeft;-1.133615;-0.2539082;3.497336;
HandRight;-1.117282;-0.3231174;3.059107;
HandLeft;-1.174795;-0.2904799;3.529775;
Spine;-0.9247212;-0.02081434;3.273328;
HipCenter;-0.9225808;-0.09903665;3.27193;
HipRight;-0.8896437;-0.1598354;3.211586;
HipLeft;-0.9507475;-0.1722155;3.320939;
KneeRight;-0.9113136;-0.6304068;3.237119;
KneeLeft;-1.120695;-0.6950158;3.415;
AnkleRight;-0.6127459;-0.952344;3.24805;
AnkleLeft;-1.125623;-1.018613;3.448663;
FootRight;-0.6241872;-1.051638;3.268793;
FootLeft;-1.210101;-1.086468;3.487858;
Head;-1.033373;0.512678;3.326282;
ShoulderCenter;-0.9818126;0.3109882;3.297939;
ShoulderRight;-0.9172004;0.2341242;3.185152;
ShoulderLeft;-1.084424;0.1812956;3.403293;
ElbowRight;-1.001499;-0.04330147;3.089736;
ElbowLeft;-1.073584;-0.04300354;3.439797;
WristRight;-1.094783;-0.2425438;3.066153;
WristLeft;-1.170368;-0.3151838;3.497473;
HandRight;-1.125451;-0.3232059;3.062522;
HandLeft;-1.211497;-0.3517111;3.529872;
Spine;-0.9335731;-0.04523547;3.271436;
HipCenter;-0.9257803;-0.1159418;3.270164;
HipRight;-0.8883005;-0.1693315;3.213257;
HipLeft;-0.9527186;-0.1834367;3.315669;
KneeRight;-0.9912673;-0.6397842;3.233558;
KneeLeft;-1.059126;-0.7226009;3.408267;
AnkleRight;-0.7100371;-0.9180482;3.247741;
AnkleLeft;-1.132654;-1.034896;3.453655;
FootRight;-0.6827775;-1.02487;3.26901;
FootLeft;-1.208474;-1.085718;3.486353;
Head;-1.103801;0.4938458;3.334041;
ShoulderCenter;-0.9948211;0.3168728;3.296669;
ShoulderRight;-0.9693262;0.2419216;3.18663;
ShoulderLeft;-1.097432;0.1871801;3.402023;
ElbowRight;-1.018349;-0.03262503;3.094707;
ElbowLeft;-1.086593;-0.037119;3.438524;
WristRight;-1.115842;-0.2422234;3.067155;
WristLeft;-1.183381;-0.3093114;3.496201;
HandRight;-1.140472;-0.3249065;3.068481;
HandLeft;-1.224468;-0.3458011;3.528568;
Spine;-0.960519;-0.06235421;3.270838;
HipCenter;-0.9555765;-0.1410531;3.269467;
HipRight;-0.9170817;-0.1858534;3.226065;
HipLeft;-0.9794364;-0.1923579;3.304992;
KneeRight;-1.069577;-0.6378138;3.243716;
KneeLeft;-1.079811;-0.7052362;3.414972;
AnkleRight;-0.773101;-0.9190362;3.253571;
AnkleLeft;-1.135418;-1.029994;3.453525;
FootRight;-0.7837388;-1.023705;3.304248;
FootLeft;-1.20832;-1.086248;3.486465;
Head;-1.126854;0.5069258;3.334982;
ShoulderCenter;-1.059506;0.3114065;3.29869;
ShoulderRight;-0.9902033;0.2410761;3.184602;
ShoulderLeft;-1.162117;0.1817138;3.404044;
ElbowRight;-1.042406;-0.03440293;3.102323;
ElbowLeft;-1.151278;-0.04258529;3.440631;
WristRight;-1.120251;-0.2399978;3.070149;
WristLeft;-1.248069;-0.3147866;3.498353;
HandRight;-1.148106;-0.3214974;3.069281;
HandLeft;-1.289084;-0.3512126;3.530663;
Spine;-1.017864;-0.04337393;3.278361;
HipCenter;-1.009536;-0.11433;3.277947;
HipRight;-0.9676974;-0.1801796;3.211918;
HipLeft;-1.034298;-0.1939636;3.331782;
KneeRight;-1.18176;-0.6020292;3.24801;
KneeLeft;-1.051525;-0.6227602;3.433903;
AnkleRight;-0.8760286;-0.9210993;3.268885;
AnkleLeft;-1.135694;-1.029202;3.452586;
FootRight;-0.8914643;-1.032517;3.301155;
FootLeft;-1.211405;-1.085302;3.485985;
Head;-1.173958;0.5207571;3.33228;
ShoulderCenter;-1.090957;0.3337425;3.310138;
ShoulderRight;-1.034718;0.253473;3.192595;
ShoulderLeft;-1.193568;0.2040498;3.415493;
ElbowRight;-1.079017;-0.03477904;3.104854;
ElbowLeft;-0.9781936;0.09143819;3.557613;
WristRight;-1.139848;-0.2577139;3.086736;
WristLeft;-1.018928;-0.1838029;3.647773;
HandRight;-1.164192;-0.330493;3.07285;
HandLeft;-1.059968;-0.2202511;3.680102;
Spine;-1.047019;-0.02773858;3.283839;
HipCenter;-1.03834;-0.09986637;3.282364;
HipRight;-0.9950689;-0.1675074;3.214552;
HipLeft;-1.06438;-0.1790754;3.336031;
KneeRight;-1.225696;-0.6244312;3.262131;
KneeLeft;-1.084784;-0.6367695;3.436568;
AnkleRight;-0.9579988;-0.9531606;3.303755;
AnkleLeft;-1.139128;-1.034429;3.450349;
FootRight;-1.003517;-1.04825;3.312293;
FootLeft;-1.221484;-1.088735;3.496764;
Head;-1.205745;0.5225682;3.335592;
ShoulderCenter;-1.124833;0.3360451;3.314936;
ShoulderRight;-1.060728;0.2512765;3.190065;
ShoulderLeft;-1.119002;0.2495251;3.145028;
ElbowRight;-1.097423;-0.0382337;3.105271;
ElbowLeft;-1.022854;0.163893;3.383381;
WristRight;-1.161694;-0.2708747;3.083221;
WristLeft;-1.047224;-0.07236081;3.546838;
HandRight;-1.174124;-0.3322845;3.071386;
HandLeft;-1.088304;-0.108844;3.579198;
Spine;-1.102693;-0.05122033;3.321788;
HipCenter;-1.063402;-0.119141;3.279583;
HipRight;-1.049549;-0.1782272;3.224;
HipLeft;-1.069064;-0.1762348;3.330622;
KneeRight;-1.282824;-0.6372834;3.279279;
KneeLeft;-1.138095;-0.6399722;3.437564;
AnkleRight;-1.05767;-0.9845672;3.323134;
AnkleLeft;-1.070439;-0.9295819;3.548495;
FootRight;-1.00021;-1.024614;3.249204;
FootLeft;-1.146644;-1.01302;3.517732;
Head;-1.208596;0.5171627;3.326503;
ShoulderCenter;-1.152605;0.323296;3.309961;
ShoulderRight;-1.093245;0.2546125;3.195828;
ShoulderLeft;-1.152192;0.2217332;3.134798;
ElbowRight;-1.1275;0.0006067569;3.103432;
ElbowLeft;-1.05619;0.1362315;3.372729;
WristRight;-1.186362;-0.2408384;3.089854;
WristLeft;-1.080413;-0.09957561;3.536036;
HandRight;-1.197199;-0.3259642;3.097773;
HandLeft;-1.121449;-0.1360208;3.568362;
Spine;-1.135465;-0.0564719;3.322965;
HipCenter;-1.092405;-0.1234356;3.286181;
HipRight;-1.069317;-0.180893;3.230818;
HipLeft;-1.09759;-0.1778982;3.332276;
KneeRight;-1.340604;-0.6250369;3.278513;
KneeLeft;-1.159477;-0.6518621;3.444877;
AnkleRight;-1.177461;-1.026965;3.324258;
AnkleLeft;-1.135013;-1.02642;3.39574;
FootRight;-1.113816;-1.067199;3.255758;
FootLeft;-1.205618;-1.115568;3.367973;
Head;-1.273832;0.5257705;3.334888;
ShoulderCenter;-1.187823;0.3433746;3.312703;
ShoulderRight;-1.100684;0.2872919;3.25397;
ShoulderLeft;-1.162033;0.2801343;3.13501;
ElbowRight;-1.148189;0.01084352;3.128775;
ElbowLeft;-1.066089;0.1946838;3.372772;
WristRight;-1.202734;-0.2635947;3.092026;
WristLeft;-1.090255;-0.0409482;3.536018;
HandRight;-1.212521;-0.3478267;3.097411;
HandLeft;-1.131366;-0.07745959;3.568403;
Spine;-1.183284;-0.04497185;3.312288;
HipCenter;-1.13116;-0.1137928;3.288732;
HipRight;-1.114544;-0.172642;3.237564;
HipLeft;-1.141342;-0.1587641;3.331316;
KneeRight;-1.405754;-0.6432939;3.280181;
KneeLeft;-1.164701;-0.6560662;3.448049;
AnkleRight;-1.244797;-1.04378;3.349212;
AnkleLeft;-1.174975;-1.045495;3.425876;
FootRight;-1.336988;-1.088225;3.292247;
FootLeft;-1.245622;-1.134695;3.398092;
Head;-1.372468;0.5492916;3.377365;
ShoulderCenter;-1.246651;0.3915759;3.308569;
ShoulderRight;-1.178914;0.2555397;3.197144;
ShoulderLeft;-1.217011;0.3261406;3.130579;
ElbowRight;-1.169329;-0.03473076;3.108958;
ElbowLeft;-1.1211;0.2407192;3.36821;
WristRight;-1.241708;-0.2604557;3.103941;
WristLeft;-1.145233;0.005186513;3.531404;
HandRight;-1.246939;-0.3399742;3.098988;
HandLeft;-1.186431;-0.03140224;3.563857;
Spine;-1.228765;-0.02683603;3.30412;
HipCenter;-1.16679;-0.1014284;3.286897;
HipRight;-1.145724;-0.1639164;3.235603;
HipLeft;-1.164342;-0.1509981;3.330302;
KneeRight;-1.428095;-0.6393706;3.284542;
KneeLeft;-1.187792;-0.6589391;3.454175;
AnkleRight;-1.394662;-1.061365;3.288147;
AnkleLeft;-1.159576;-1.031913;3.450529;
FootRight;-1.30638;-1.101073;3.255571;
FootLeft;-1.071295;-1.071622;3.417952;
Head;-1.411564;0.5502526;3.380565;
ShoulderCenter;-1.283316;0.3928512;3.320312;
ShoulderRight;-1.207236;0.2485653;3.197362;
ShoulderLeft;-1.253676;0.327416;3.142322;
ElbowRight;-1.212566;-0.04351532;3.118339;
ElbowLeft;-1.157767;0.2419968;3.379923;
WristRight;-1.266487;-0.2565804;3.112987;
WristLeft;-1.181897;0.006471977;3.543103;
HandRight;-1.274441;-0.342943;3.112082;
HandLeft;-1.223199;-0.03020794;3.575638;
Spine;-1.250563;-0.01184598;3.31215;
HipCenter;-1.195514;-0.07846414;3.28868;
HipRight;-1.177073;-0.1343509;3.240746;
HipLeft;-1.202748;-0.1147838;3.326794;
KneeRight;-1.453452;-0.6151033;3.279333;
KneeLeft;-1.202273;-0.6526752;3.456895;
AnkleRight;-1.502599;-1.058254;3.24926;
AnkleLeft;-1.147917;-1.028547;3.453775;
FootRight;-1.418214;-1.097573;3.206959;
FootLeft;-1.063533;-1.067865;3.411475;
Head;-1.384404;0.5028513;3.340966;
ShoulderCenter;-1.317184;0.3127484;3.319173;
ShoulderRight;-1.238567;0.2465817;3.192407;
ShoulderLeft;-1.315861;0.2397432;3.144844;
ElbowRight;-1.232449;-0.04611085;3.119432;
ElbowLeft;-1.217983;0.1284546;3.371602;
WristRight;-1.28694;-0.2578992;3.110314;
WristLeft;-1.2336;-0.1086401;3.533082;
HandRight;-1.298266;-0.3186724;3.099478;
HandLeft;-1.274938;-0.1453527;3.565645;
Spine;-1.282575;-0.06177741;3.338027;
HipCenter;-1.246408;-0.1278303;3.296664;
HipRight;-1.222417;-0.1814078;3.241888;
HipLeft;-1.252967;-0.1827653;3.342203;
KneeRight;-1.523924;-0.6469635;3.27584;
KneeLeft;-1.223704;-0.6529676;3.458913;
AnkleRight;-1.604226;-1.061283;3.238266;
AnkleLeft;-1.148438;-1.030377;3.453294;
FootRight;-1.710914;-1.109146;3.225956;
FootLeft;-1.099597;-1.070947;3.373154;
Head;-1.419109;0.5595232;3.308593;
ShoulderCenter;-1.35579;0.3724143;3.310675;
ShoulderRight;-1.285878;0.2256154;3.188747;
ShoulderLeft;-1.354467;0.2994091;3.136345;
ElbowRight;-1.289646;-0.06673178;3.116446;
ElbowLeft;-1.267133;0.141206;3.340782;
WristRight;-1.334112;-0.3094081;3.115305;
WristLeft;-1.275474;-0.101299;3.494475;
HandRight;-1.339012;-0.3809144;3.105417;
HandLeft;-1.31682;-0.1380188;3.527045;
Spine;-1.330057;-0.04558443;3.325319;
HipCenter;-1.283762;-0.1198736;3.291629;
HipRight;-1.258302;-0.1794856;3.223392;
HipLeft;-1.29393;-0.1952071;3.350269;
KneeRight;-1.527536;-0.5587785;3.271413;
KneeLeft;-1.241319;-0.6042429;3.463871;
AnkleRight;-1.655038;-0.9855303;3.244036;
AnkleLeft;-1.150359;-1.03189;3.453092;
FootRight;-1.743563;-1.062322;3.235499;
FootLeft;-1.083794;-1.072302;3.386943;
Head;-1.495628;0.5350409;3.326441;
ShoulderCenter;-1.384863;0.3665255;3.306104;
ShoulderRight;-1.317378;0.2193908;3.195434;
ShoulderLeft;-1.413986;0.208063;3.148968;
ElbowRight;-1.315732;-0.07115337;3.113632;
ElbowLeft;-1.326732;0.05000514;3.353156;
WristRight;-1.361918;-0.2844264;3.098441;
WristLeft;-1.335021;-0.1922516;3.506715;
HandRight;-1.352236;-0.3704729;3.102088;
HandLeft;-1.376291;-0.2289034;3.539225;
Spine;-1.343764;-0.06713621;3.336395;
HipCenter;-1.313923;-0.1504881;3.297385;
HipRight;-1.281695;-0.1985094;3.244679;
HipLeft;-1.324399;-0.2118188;3.34395;
KneeRight;-1.532499;-0.5777626;3.274887;
KneeLeft;-1.318969;-0.6631464;3.449359;
AnkleRight;-1.668738;-1.002432;3.249308;
AnkleLeft;-1.159834;-1.032638;3.452155;
FootRight;-1.762673;-1.072417;3.239968;
FootLeft;-1.119701;-1.074581;3.368062;
Head;-1.546207;0.5443046;3.325612;
ShoulderCenter;-1.439094;0.3725454;3.301246;
ShoulderRight;-1.331991;0.1865855;3.222426;
ShoulderLeft;-1.446464;0.2097895;3.154122;
ElbowRight;-1.355878;-0.07316234;3.117625;
ElbowLeft;-1.508371;0.01056579;3.334618;
WristRight;-1.395549;-0.2882901;3.102048;
WristLeft;-1.599637;-0.2514152;3.422728;
HandRight;-1.393891;-0.3743454;3.092416;
HandLeft;-1.640879;-0.2880425;3.455216;
Spine;-1.402822;-0.07201098;3.328408;
HipCenter;-1.368302;-0.1553944;3.293689;
HipRight;-1.325293;-0.1965577;3.237391;
HipLeft;-1.393046;-0.2301233;3.345504;
KneeRight;-1.607693;-0.5604039;3.240347;
KneeLeft;-1.333079;-0.6652156;3.450339;
AnkleRight;-1.859008;-0.8841995;3.226887;
AnkleLeft;-1.16786;-1.032047;3.452398;
FootRight;-1.809126;-0.9258741;3.147943;
FootLeft;-1.117978;-1.073722;3.373454;
Head;-1.566907;0.5375504;3.308702;
ShoulderCenter;-1.46361;0.3653034;3.297646;
ShoulderRight;-1.358967;0.1814049;3.252745;
ShoulderLeft;-1.447908;0.2190788;3.149075;
ElbowRight;-1.394004;-0.07603737;3.112224;
ElbowLeft;-1.531864;0.01421881;3.316728;
WristRight;-1.448959;-0.2868249;3.120672;
WristLeft;-1.628073;-0.2546748;3.381126;
HandRight;-1.441794;-0.3724661;3.110333;
HandLeft;-1.669292;-0.2912816;3.413595;
Spine;-1.480085;-0.08113159;3.307224;
HipCenter;-1.441514;-0.1661771;3.280154;
HipRight;-1.416312;-0.209989;3.234685;
HipLeft;-1.461249;-0.2135259;3.320265;
KneeRight;-1.63966;-0.5676601;3.254091;
KneeLeft;-1.382096;-0.6720459;3.457675;
AnkleRight;-1.875806;-0.9458249;3.261023;
AnkleLeft;-1.178958;-1.035574;3.455335;
FootRight;-1.804391;-0.989327;3.202258;
FootLeft;-1.106919;-1.078077;3.396473;
Head;-1.551089;0.5599819;3.299915;
ShoulderCenter;-1.519251;0.3615533;3.290654;
ShoulderRight;-1.415988;0.2304642;3.317235;
ShoulderLeft;-1.505672;0.2115026;3.127355;
ElbowRight;-1.45139;-0.0233838;3.137379;
ElbowLeft;-1.587345;0.01504931;3.305424;
WristRight;-1.498233;-0.3156743;3.096073;
WristLeft;-1.683786;-0.2544597;3.370335;
HandRight;-1.491443;-0.4013129;3.085875;
HandLeft;-1.724981;-0.2910457;3.402786;
Spine;-1.564543;-0.03626795;3.304665;
HipCenter;-1.526672;-0.1157869;3.288962;
HipRight;-1.508766;-0.1647594;3.240522;
HipLeft;-1.546196;-0.1708554;3.333766;
KneeRight;-1.562405;-0.6387764;3.37037;
KneeLeft;-1.391503;-0.6729383;3.463179;
AnkleRight;-1.753245;-0.9728846;3.249221;
AnkleLeft;-1.19974;-1.034262;3.453972;
FootRight;-1.669945;-1.017787;3.2101;
FootLeft;-1.11644;-1.079165;3.414852;
Head;-1.565095;0.5627751;3.284781;
ShoulderCenter;-1.544893;0.3637554;3.281141;
ShoulderRight;-1.435311;0.2774304;3.401666;
ShoulderLeft;-1.521585;0.2151881;3.12072;
ElbowRight;-1.487464;0.06349252;3.173117;
ElbowLeft;-1.608619;0.01928976;3.296701;
WristRight;-1.540176;-0.2214823;3.093693;
WristLeft;-1.705254;-0.2492482;3.363505;
HandRight;-1.540187;-0.3773757;3.062421;
HandLeft;-1.74649;-0.2858701;3.395988;
Spine;-1.569011;-0.02925652;3.297051;
HipCenter;-1.526515;-0.104287;3.287268;
HipRight;-1.505584;-0.1618766;3.231639;
HipLeft;-1.545081;-0.1699608;3.338101;
KneeRight;-1.457478;-0.5331323;3.49856;
KneeLeft;-1.452848;-0.5899602;3.511742;
AnkleRight;-1.648318;-0.8672405;3.377419;
AnkleLeft;-1.239191;-0.982744;3.456523;
FootRight;-1.55985;-0.9105784;3.349489;
FootLeft;-1.150723;-1.026082;3.428593;
Head;-1.674518;0.5357931;3.243917;
ShoulderCenter;-1.582768;0.3651149;3.26405;
ShoulderRight;-1.458774;0.2779492;3.390546;
ShoulderLeft;-1.567649;0.232963;3.100961;
ElbowRight;-1.512874;0.05718829;3.170697;
ElbowLeft;-1.625564;0.04585022;3.255764;
WristRight;-1.575824;-0.2180726;3.065167;
WristLeft;-1.721911;-0.2251038;3.31311;
HandRight;-1.572082;-0.3435576;3.036367;
HandLeft;-1.763175;-0.2617505;3.345615;
Spine;-1.581142;-0.01339335;3.29212;
HipCenter;-1.535036;-0.08407126;3.281535;
HipRight;-1.506478;-0.150765;3.215159;
HipLeft;-1.548513;-0.1672715;3.343449;
KneeRight;-1.549688;-0.5062244;3.399526;
KneeLeft;-1.655932;-0.594197;3.280492;
AnkleRight;-1.626408;-0.8158368;3.459617;
AnkleLeft;-1.37367;-0.9067132;3.404591;
FootRight;-1.539284;-0.8574875;3.425648;
FootLeft;-1.398597;-0.9995959;3.47249;
Head;-1.664532;0.550226;3.247403;
ShoulderCenter;-1.594921;0.3651466;3.254713;
ShoulderRight;-1.488028;0.2064495;3.357;
ShoulderLeft;-1.571583;0.2338893;3.102583;
ElbowRight;-1.566682;0.0261807;3.105354;
ElbowLeft;-1.558161;0.06028552;3.206623;
WristRight;-1.626012;-0.2193711;3.063693;
WristLeft;-1.65608;-0.210837;3.262274;
HandRight;-1.612478;-0.3020374;3.048978;
HandLeft;-1.697385;-0.2475201;3.294811;
Spine;-1.599602;-0.06963634;3.281806;
HipCenter;-1.549288;-0.1524647;3.276644;
HipRight;-1.520313;-0.1770665;3.301537;
HipLeft;-1.571319;-0.192681;3.253563;
KneeRight;-1.597648;-0.5406125;3.457524;
KneeLeft;-1.673304;-0.5923404;3.274979;
AnkleRight;-1.663763;-0.8591837;3.492893;
AnkleLeft;-1.389078;-0.897092;3.412285;
FootRight;-1.574852;-0.9013211;3.464629;
FootLeft;-1.417692;-0.9875097;3.482035;
Head;-1.670909;0.5574837;3.235019;
ShoulderCenter;-1.612156;0.3704402;3.248848;
ShoulderRight;-1.544303;0.2183563;3.401311;
ShoulderLeft;-1.579106;0.2416941;3.110481;
ElbowRight;-1.588349;0.07284863;3.117099;
ElbowLeft;-1.565144;0.09164736;3.240454;
WristRight;-1.655312;-0.2125299;3.124163;
WristLeft;-1.676898;-0.1794963;3.270679;
HandRight;-1.641778;-0.2951962;3.109448;
HandLeft;-1.718241;-0.2162133;3.303246;
Spine;-1.628325;-0.05013631;3.281015;
HipCenter;-1.581754;-0.1295018;3.286829;
HipRight;-1.569416;-0.1752618;3.356647;
HipLeft;-1.585682;-0.1998646;3.233906;
KneeRight;-1.619881;-0.563544;3.457691;
KneeLeft;-1.68798;-0.5906922;3.306848;
AnkleRight;-1.66565;-0.890691;3.460882;
AnkleLeft;-1.439178;-0.9237511;3.447319;
FootRight;-1.634113;-0.7781869;3.476398;
FootLeft;-1.493948;-1.004879;3.512977;
Head;-1.666811;0.5665997;3.221021;
ShoulderCenter;-1.642051;0.3826994;3.262884;
ShoulderRight;-1.561245;0.2260581;3.415196;
ShoulderLeft;-1.608506;0.2588243;3.136074;
ElbowRight;-1.611578;0.02885602;3.17031;
ElbowLeft;-1.647724;-0.02861295;3.125331;
WristRight;-1.651819;-0.2277592;3.134847;
WristLeft;-1.744035;-0.2994665;3.182665;
HandRight;-1.638285;-0.3104255;3.120132;
HandLeft;-1.785411;-0.3362122;3.215258;
Spine;-1.638837;-0.0496464;3.285592;
HipCenter;-1.588622;-0.1290418;3.287598;
HipRight;-1.585945;-0.1551899;3.258708;
HipLeft;-1.60862;-0.164431;3.320141;
KneeRight;-1.653622;-0.5007678;3.449416;
KneeLeft;-1.700377;-0.5597092;3.345704;
AnkleRight;-1.658221;-0.8323149;3.440192;
AnkleLeft;-1.453725;-0.9108506;3.449944;
FootRight;-1.627509;-0.7656929;3.487368;
FootLeft;-1.500149;-0.9977293;3.514917;
Head;-1.714458;0.4941242;3.256584;
ShoulderCenter;-1.656764;0.3428685;3.33756;
ShoulderRight;-1.578156;0.1874811;3.493678;
ShoulderLeft;-1.619959;0.2180806;3.210205;
ElbowRight;-1.61896;0.03572944;3.213304;
ElbowLeft;-1.658883;-0.0685135;3.152165;
WristRight;-1.667892;-0.2536939;3.159192;
WristLeft;-1.7551;-0.3391013;3.209429;
HandRight;-1.659539;-0.3670056;3.140332;
HandLeft;-1.79651;-0.3758777;3.242049;
Spine;-1.666209;-0.09445732;3.333476;
HipCenter;-1.616859;-0.1776766;3.329219;
HipRight;-1.601844;-0.1907385;3.311349;
HipLeft;-1.628863;-0.2017025;3.345235;
KneeRight;-1.705413;-0.5298309;3.496607;
KneeLeft;-1.727838;-0.5966605;3.333691;
AnkleRight;-1.601262;-0.9667008;3.468579;
AnkleLeft;-1.837005;-1.03229;3.308088;
FootRight;-1.538681;-0.9240178;3.511795;
FootLeft;-1.747576;-1.087322;3.295351;
Head;-1.696574;0.3195854;3.34539;
ShoulderCenter;-1.635253;0.1303641;3.385594;
ShoulderRight;-1.556646;-0.02502328;3.541711;
ShoulderLeft;-1.637484;0.05971922;3.242924;
ElbowRight;-1.637842;0.02540605;3.232082;
ElbowLeft;-1.681131;-0.1449281;3.149346;
WristRight;-1.686856;-0.2354666;3.166696;
WristLeft;-1.777872;-0.3915071;3.237209;
HandRight;-1.673322;-0.3181329;3.151981;
HandLeft;-1.819312;-0.4283099;3.269853;
Spine;-1.704709;-0.1222064;3.371561;
HipCenter;-1.668865;-0.1761698;3.357973;
HipRight;-1.638133;-0.2415587;3.433336;
HipLeft;-1.712997;-0.233002;3.265638;
KneeRight;-1.743636;-0.695388;3.389005;
KneeLeft;-1.757374;-0.608918;3.401009;
AnkleRight;-1.692068;-1.019958;3.404656;
AnkleLeft;-1.523404;-0.9676119;3.505833;
FootRight;-1.604828;-1.06767;3.379428;
FootLeft;-1.600591;-1.024865;3.437409;
Head;-1.705127;0.2850152;3.345349;
ShoulderCenter;-1.672816;0.1268702;3.426605;
ShoulderRight;-1.594208;-0.02851723;3.582722;
ShoulderLeft;-1.675047;0.05622527;3.283935;
ElbowRight;-1.670897;-0.03291856;3.267246;
ElbowLeft;-1.690962;-0.1712854;3.20701;
WristRight;-1.710497;-0.3072129;3.231248;
WristLeft;-1.78723;-0.4420147;3.26434;
HandRight;-1.707772;-0.352633;3.18572;
HandLeft;-1.828699;-0.4788438;3.297007;
Spine;-1.734329;-0.190464;3.458123;
HipCenter;-1.696913;-0.257502;3.453614;
HipRight;-1.668289;-0.2945275;3.478859;
HipLeft;-1.729856;-0.2893566;3.430531;
KneeRight;-1.763665;-0.6844482;3.378697;
KneeLeft;-1.78963;-0.6860509;3.485501;
AnkleRight;-1.738962;-1.014335;3.375892;
AnkleLeft;-1.506271;-1.025344;3.534862;
FootRight;-1.789004;-1.071873;3.333628;
FootLeft;-1.594702;-1.054817;3.462582;
Head;-1.730374;0.2705372;3.372587;
ShoulderCenter;-1.712431;0.09647794;3.433672;
ShoulderRight;-1.633823;-0.05890948;3.589789;
ShoulderLeft;-1.705787;-0.02859837;3.360617;
ElbowRight;-1.707103;-0.05755486;3.273547;
ElbowLeft;-1.728782;-0.2346689;3.261111;
WristRight;-1.72807;-0.322331;3.24869;
WristLeft;-1.832832;-0.4887293;3.348176;
HandRight;-1.725346;-0.3677407;3.203172;
HandLeft;-1.874292;-0.52555;3.380835;
Spine;-1.833202;0.01028427;3.55275;
HipCenter;-1.825352;-0.04493414;3.565136;
HipRight;-1.799239;-0.08796804;3.686326;
HipLeft;-1.89871;-0.06106622;3.492714;
KneeRight;-1.838775;-0.5743236;3.458706;
KneeLeft;-1.843821;-0.4506472;3.582729;
AnkleRight;-1.863832;-0.8825715;3.294631;
AnkleLeft;-1.560412;-0.7901776;3.63232;
FootRight;-1.811995;-0.9675657;3.270339;
FootLeft;-1.6472;-0.8360922;3.567147;
