Floor;-0.02520908;0.9996784;0.00276988;1.07443;
Head;1.141339;0.6716608;3.016693;
ShoulderCenter;1.268485;0.510624;3.03007;
ShoulderRight;1.316973;0.3795968;2.890769;
ShoulderLeft;1.230389;0.3907401;3.212275;
ElbowRight;1.388101;0.1227649;2.800405;
ElbowLeft;1.213274;0.1356762;3.28175;
WristRight;1.417172;-0.1444258;2.734549;
WristLeft;1.082695;-0.1042537;3.283849;
HandRight;1.436561;-0.2262203;2.737809;
HandLeft;1.040014;-0.1489729;3.277158;
Spine;1.24806;0.1363273;2.997449;
HipCenter;1.243976;0.06146798;2.994434;
HipRight;1.259168;-0.01963338;2.908965;
HipLeft;1.220206;-0.01461887;3.062407;
KneeRight;1.442652;-0.5275146;2.983728;
KneeLeft;1.130823;-0.5461565;2.953019;
AnkleRight;1.527423;-0.7949728;2.937978;
AnkleLeft;1.023252;-0.9109608;2.926798;
FootRight;1.513475;-0.8948126;2.872131;
FootLeft;0.9324819;-0.9566467;2.90157;
Head;1.127907;0.6710364;3.020735;
ShoulderCenter;1.235848;0.5113735;3.029674;
ShoulderRight;1.29091;0.3797413;2.891143;
ShoulderLeft;1.17617;0.3817712;3.187836;
ElbowRight;1.344424;0.1169428;2.790683;
ElbowLeft;1.162342;0.1237434;3.261478;
WristRight;1.360126;-0.1566219;2.730907;
WristLeft;1.061324;-0.1318833;3.287051;
HandRight;1.374655;-0.2477825;2.726758;
HandLeft;0.9981071;-0.18964;3.276449;
Spine;1.213664;0.1389555;2.99219;
HipCenter;1.209134;0.06449418;2.988153;
HipRight;1.229642;-0.01726198;2.900406;
HipLeft;1.17782;-0.01564546;3.055698;
KneeRight;1.412927;-0.5332149;2.979734;
KneeLeft;1.121465;-0.5623852;2.960817;
AnkleRight;1.523992;-0.7890997;2.933032;
AnkleLeft;1.016057;-0.9255222;2.923787;
FootRight;1.505924;-0.8895223;2.865769;
FootLeft;0.9268885;-0.9713458;2.888539;
Head;1.06384;0.6806819;3.039323;
ShoulderCenter;1.181257;0.5173585;3.01587;
ShoulderRight;1.248052;0.3906436;2.890868;
ShoulderLeft;1.134297;0.3898674;3.195183;
ElbowRight;1.298734;0.1215151;2.794992;
ElbowLeft;1.129439;0.1273227;3.26999;
WristRight;1.30475;-0.1556785;2.728638;
WristLeft;1.030337;-0.1350872;3.285482;
HandRight;1.304671;-0.2513424;2.731262;
HandLeft;0.9779104;-0.2102151;3.272358;
Spine;1.164447;0.1320431;2.981273;
HipCenter;1.161085;0.05497999;2.977871;
HipRight;1.186956;-0.01258962;2.906893;
HipLeft;1.132452;-0.0126345;3.033101;
KneeRight;1.345963;-0.5450463;2.989964;
KneeLeft;1.110841;-0.5738993;2.965738;
AnkleRight;1.536625;-0.7449628;2.961498;
AnkleLeft;1.009454;-0.9332093;2.919769;
FootRight;1.501015;-0.8355673;2.884504;
FootLeft;0.9186894;-0.9802701;2.88519;
Head;1.02162;0.6626415;3.032501;
ShoulderCenter;1.142648;0.5206705;3.020451;
ShoulderRight;1.204363;0.3932947;2.89248;
ShoulderLeft;1.103654;0.4026052;3.200198;
ElbowRight;1.258558;0.1205663;2.795468;
ElbowLeft;1.080861;0.1278343;3.24927;
WristRight;1.247607;-0.1623907;2.738113;
WristLeft;1.006594;-0.1441497;3.285115;
HandRight;1.243027;-0.2982931;2.737078;
HandLeft;0.95666;-0.223686;3.2719;
Spine;1.12318;0.134876;2.978949;
HipCenter;1.119129;0.05772237;2.97412;
HipRight;1.135257;-0.02248083;2.888504;
HipLeft;1.092927;-0.01662754;3.037767;
KneeRight;1.015222;-0.6142283;2.933468;
KneeLeft;1.096281;-0.6311745;2.970626;
AnkleRight;1.342245;-0.861028;2.979882;
AnkleLeft;1.001451;-1.004842;2.914184;
FootRight;1.255159;-0.9053204;2.950548;
FootLeft;0.9101949;-1.069917;2.948825;
Head;0.9738703;0.6797774;3.030838;
ShoulderCenter;1.093815;0.5332313;3.020355;
ShoulderRight;1.156789;0.4005902;2.890112;
ShoulderLeft;1.044844;0.4093386;3.184916;
ElbowRight;1.204206;0.1229348;2.801533;
ElbowLeft;1.026473;0.1323316;3.233667;
WristRight;1.174365;-0.1606318;2.746089;
WristLeft;0.9871428;-0.1496982;3.262913;
HandRight;1.149843;-0.2997053;2.738237;
HandLeft;0.9543825;-0.2104537;3.262775;
Spine;1.064759;0.1645408;2.99307;
HipCenter;1.058948;0.0908027;2.991122;
HipRight;1.078713;0.02262791;2.922716;
HipLeft;1.028742;0.02650266;3.046477;
KneeRight;1.017449;-0.5859382;2.931768;
KneeLeft;1.157093;-0.571831;3.045416;
AnkleRight;1.324176;-0.8781312;3.007012;
AnkleLeft;1.000081;-1.002372;2.91363;
FootRight;1.236514;-0.9229028;2.972736;
FootLeft;0.9274213;-1.050216;2.930387;
Head;0.946967;0.6940342;3.022094;
ShoulderCenter;1.060799;0.5325872;3.022965;
ShoulderRight;1.123255;0.4037014;2.889508;
ShoulderLeft;1.006638;0.4214061;3.171598;
ElbowRight;1.161877;0.1262618;2.790642;
ElbowLeft;0.988212;0.1435696;3.220761;
WristRight;1.096;-0.1545372;2.759098;
WristLeft;0.9711691;-0.1409103;3.254114;
HandRight;1.073584;-0.2825394;2.748466;
HandLeft;0.9405841;-0.2010651;3.262676;
Spine;1.011752;0.1645225;2.998986;
HipCenter;1.003448;0.09093893;2.997538;
HipRight;1.021788;0.0246248;2.934438;
HipLeft;0.9710585;0.03277501;3.049251;
KneeRight;1.006188;-0.6110677;2.93089;
KneeLeft;0.9143502;-0.5680876;3.114666;
AnkleRight;1.273024;-0.9562604;3.027003;
AnkleLeft;0.9869311;-0.9851594;2.923737;
FootRight;1.186365;-1.000121;2.989475;
FootLeft;0.9143838;-1.067353;2.971899;
Head;0.8993067;0.7007164;3.015731;
ShoulderCenter;1.010439;0.5405006;3.015718;
ShoulderRight;1.077404;0.4120602;2.890697;
ShoulderLeft;0.9588339;0.4117738;3.157264;
ElbowRight;1.115015;0.1465919;2.793609;
ElbowLeft;0.9402664;0.1318038;3.207011;
WristRight;1.044379;-0.09733511;2.762657;
WristLeft;0.9163238;-0.1550247;3.236673;
HandRight;1.016524;-0.1890909;2.763802;
HandLeft;0.8825731;-0.2149792;3.253714;
Spine;0.9757271;0.1586942;2.99532;
HipCenter;0.9672581;0.08249491;2.994474;
HipRight;0.9871184;0.01704752;2.929087;
HipLeft;0.9315026;0.01673882;3.049548;
KneeRight;0.9901161;-0.6211118;2.921819;
KneeLeft;0.8594088;-0.5258611;3.139063;
AnkleRight;1.007529;-1.004767;2.896971;
AnkleLeft;0.9688107;-0.9429232;2.93859;
FootRight;0.9343528;-1.06743;2.928642;
FootLeft;0.9123659;-1.04888;2.96766;
Head;0.8466054;0.7075778;3.038822;
ShoulderCenter;0.9788224;0.5458795;3.017173;
ShoulderRight;1.040356;0.4181886;2.896324;
ShoulderLeft;0.9280676;0.4221939;3.164881;
ElbowRight;1.072385;0.1784631;2.791502;
ElbowLeft;0.9082486;0.1233546;3.219654;
WristRight;0.9719971;-0.1154801;2.766849;
WristLeft;0.8828598;-0.1769226;3.248916;
HandRight;0.9169704;-0.2285112;2.756475;
HandLeft;0.8497987;-0.2356521;3.265608;
Spine;0.9348714;0.1353876;2.983245;
HipCenter;0.9270099;0.05265582;2.979729;
HipRight;0.9469651;-0.01199213;2.914385;
HipLeft;0.8971803;-0.008508349;3.032448;
KneeRight;0.983722;-0.621291;2.921267;
KneeLeft;0.8288262;-0.5413526;3.126585;
AnkleRight;1.007066;-1.002744;2.895506;
AnkleLeft;0.9549276;-0.9655498;2.940836;
FootRight;0.9344336;-1.067302;2.929357;
FootLeft;0.9298955;-1.055038;3.031015;
Head;0.8269296;0.711373;3.039476;
ShoulderCenter;0.9188302;0.5535182;3.008739;
ShoulderRight;0.9913387;0.4197789;2.895374;
ShoulderLeft;0.8681663;0.4095787;3.147925;
ElbowRight;1.039748;0.1731442;2.80479;
ElbowLeft;0.8484379;0.1121046;3.201663;
WristRight;0.9154776;-0.09946457;2.759248;
WristLeft;0.8229585;-0.1895379;3.230971;
HandRight;0.8592913;-0.1748421;2.741001;
HandLeft;0.7892531;-0.2494118;3.247989;
Spine;0.8891189;0.0688127;2.99914;
HipCenter;0.8831766;-0.0281284;3.000816;
HipRight;0.9065769;-0.09458046;2.935024;
HipLeft;0.8513479;-0.099177;3.061257;
KneeRight;0.9613236;-0.6280489;2.929752;
KneeLeft;0.7883063;-0.5867849;3.121806;
AnkleRight;1.005822;-1.002954;2.896262;
AnkleLeft;0.9187438;-1.018259;3.03665;
FootRight;0.9376692;-1.064011;2.923311;
FootLeft;0.8985807;-1.096379;3.081566;
Head;0.7646626;0.7030833;3.046046;
ShoulderCenter;0.8914651;0.5501129;3.015158;
ShoulderRight;0.9666529;0.4199292;2.896774;
ShoulderLeft;0.8418226;0.4248414;3.151258;
ElbowRight;1.001506;0.1676432;2.813675;
ElbowLeft;0.8213241;0.1157559;3.208106;
WristRight;0.8321834;-0.09910952;2.739782;
WristLeft;0.7966148;-0.1742751;3.23413;
HandRight;0.7713619;-0.1685216;2.714415;
HandLeft;0.7629293;-0.2341138;3.251139;
Spine;0.8583786;0.1501794;2.993021;
HipCenter;0.8535695;0.07041772;2.991798;
HipRight;0.8770682;0.002787179;2.914463;
HipLeft;0.820737;-0.01675848;3.056144;
KneeRight;0.9502256;-0.637112;2.928948;
KneeLeft;0.7457584;-0.5918508;3.120333;
AnkleRight;1.004868;-1.011485;2.911057;
AnkleLeft;0.8484738;-1.017277;3.07377;
FootRight;0.9208049;-1.06491;2.927725;
FootLeft;0.8253995;-1.070444;3.143438;
Head;0.7214507;0.7267233;3.037743;
ShoulderCenter;0.8348239;0.5584409;3.013171;
ShoulderRight;0.9128954;0.4196452;2.897562;
ShoulderLeft;0.7776549;0.4069059;3.133525;
ElbowRight;0.9294189;0.1768675;2.797593;
ElbowLeft;0.7565914;0.0893023;3.192634;
WristRight;0.7596499;-0.09610548;2.720636;
WristLeft;0.7324471;-0.1922106;3.216239;
HandRight;0.6962001;-0.1673581;2.709922;
HandLeft;0.6986573;-0.2522345;3.2333;
Spine;0.8258204;0.1414504;2.988113;
HipCenter;0.8225493;0.05845347;2.986609;
HipRight;0.8552996;-0.0002986404;2.917754;
HipLeft;0.7881345;-0.02040423;3.042718;
KneeRight;0.9327015;-0.6273015;2.931288;
KneeLeft;0.6785565;-0.6010715;3.119158;
AnkleRight;0.996846;-1.009335;2.910638;
AnkleLeft;0.7455587;-1.003836;3.083271;
FootRight;0.9265047;-1.06393;2.921189;
FootLeft;0.6512208;-1.049385;3.10327;
Head;0.678285;0.7012035;3.031802;
ShoulderCenter;0.8000025;0.5533729;3.025922;
ShoulderRight;0.8682159;0.4103635;2.895377;
ShoulderLeft;0.7370889;0.4022272;3.139764;
ElbowRight;0.8683231;0.1677504;2.782489;
ElbowLeft;0.7155745;0.07782313;3.200773;
WristRight;0.6754945;-0.1042355;2.71611;
WristLeft;0.6918811;-0.1968894;3.222495;
HandRight;0.6199911;-0.1450401;2.697647;
HandLeft;0.6579211;-0.2572154;3.239642;
Spine;0.7844391;0.1352298;2.985274;
HipCenter;0.7816285;0.0516973;2.98061;
HipRight;0.8119153;0.001879784;2.912514;
HipLeft;0.7451428;-0.02606429;3.03275;
KneeRight;0.9243562;-0.6246525;2.932399;
KneeLeft;0.633471;-0.5985293;3.117645;
AnkleRight;0.994562;-1.008401;2.911491;
AnkleLeft;0.5863073;-1.003892;3.088124;
FootRight;0.9223575;-1.067135;2.913892;
FootLeft;0.4977944;-1.056263;3.160862;
Head;0.6448291;0.7044991;3.021271;
ShoulderCenter;0.7591149;0.5458442;3.030903;
ShoulderRight;0.821771;0.4084623;2.894698;
ShoulderLeft;0.6987746;0.3952346;3.143369;
ElbowRight;0.8483092;0.1707622;2.782271;
ElbowLeft;0.6769204;0.06570703;3.205852;
WristRight;0.6337286;-0.0900556;2.709422;
WristLeft;0.6535668;-0.203882;3.226177;
HandRight;0.5734921;-0.1276943;2.699516;
HandLeft;0.619418;-0.2645435;3.243419;
Spine;0.7350582;0.130367;2.982773;
HipCenter;0.7308106;0.04739191;2.976658;
HipRight;0.7598166;0.0008728266;2.908942;
HipLeft;0.6961737;-0.02772708;3.027426;
KneeRight;0.9079945;-0.6224425;2.93346;
KneeLeft;0.5904525;-0.5991335;3.116152;
AnkleRight;0.9932029;-1.007266;2.912375;
AnkleLeft;0.46978;-1.009507;3.100005;
FootRight;0.9235291;-1.069327;2.916661;
FootLeft;0.3575476;-1.054657;3.136543;
Head;0.5860373;0.6965746;3.038555;
ShoulderCenter;0.7052805;0.5329762;3.018402;
ShoulderRight;0.7884193;0.4003921;2.894213;
ShoulderLeft;0.632673;0.3959682;3.10414;
ElbowRight;0.7934701;0.1574051;2.783739;
ElbowLeft;0.6105552;0.06246525;3.167829;
WristRight;0.5729652;-0.1014043;2.700535;
WristLeft;0.5874652;-0.2031484;3.187102;
HandRight;0.5248325;-0.1549172;2.700578;
HandLeft;0.5531934;-0.2640285;3.204407;
Spine;0.6896423;0.1157231;2.975232;
HipCenter;0.6871395;0.03250343;2.970268;
HipRight;0.7290133;-0.01067855;2.907284;
HipLeft;0.644592;-0.04049153;3.018289;
KneeRight;0.8781489;-0.6214039;2.938511;
KneeLeft;0.5276917;-0.6139688;3.117198;
AnkleRight;0.9919861;-1.006498;2.914495;
AnkleLeft;0.3757881;-1.006879;3.097744;
FootRight;0.9167322;-1.064024;2.922048;
FootLeft;0.2740399;-1.05458;3.15939;
Head;0.55217;0.7016144;3.039272;
ShoulderCenter;0.6541428;0.5280773;3.027472;
ShoulderRight;0.7267086;0.3893532;2.893982;
ShoulderLeft;0.5815353;0.3910693;3.113211;
ElbowRight;0.7506062;0.1450865;2.782908;
ElbowLeft;0.5592031;0.05433401;3.177876;
WristRight;0.5311881;-0.1185529;2.697603;
WristLeft;0.5363275;-0.2080472;3.196291;
HandRight;0.4569891;-0.177811;2.698144;
HandLeft;0.5025415;-0.2680643;3.21335;
Spine;0.6434652;0.1278901;2.987463;
HipCenter;0.6409659;0.04794858;2.983152;
HipRight;0.6752313;-0.006116873;2.912251;
HipLeft;0.6054109;-0.03047858;3.036728;
KneeRight;0.8490901;-0.6258923;2.94009;
KneeLeft;0.4968282;-0.6107249;3.114906;
AnkleRight;0.9896664;-1.005593;2.916621;
AnkleLeft;0.3478259;-1.013631;3.095917;
FootRight;0.9274887;-1.076375;2.921059;
FootLeft;0.2392421;-1.062568;3.141725;
Head;0.4983938;0.7002265;3.038977;
ShoulderCenter;0.6079795;0.5260397;3.015203;
ShoulderRight;0.6865809;0.3843655;2.89679;
ShoulderLeft;0.5404825;0.3879973;3.124865;
ElbowRight;0.6859482;0.1382972;2.779804;
ElbowLeft;0.5179297;0.04793599;3.190511;
WristRight;0.4735093;-0.1395095;2.712569;
WristLeft;0.4952747;-0.2111192;3.208032;
HandRight;0.4186051;-0.1904692;2.698694;
HandLeft;0.4620453;-0.2701477;3.22481;
Spine;0.6010332;0.1116577;2.983371;
HipCenter;0.5992101;0.02868166;2.980528;
HipRight;0.6381335;-0.01819719;2.911798;
HipLeft;0.55924;-0.05290607;3.03641;
KneeRight;0.8224418;-0.6303084;2.942945;
KneeLeft;0.4419826;-0.6202879;3.115155;
AnkleRight;0.986571;-1.004089;2.918223;
AnkleLeft;0.3437845;-1.014009;3.091705;
FootRight;0.9242269;-1.073777;2.919049;
FootLeft;0.241752;-1.066438;3.118329;
Head;0.4415521;0.6717207;3.032525;
ShoulderCenter;0.5585493;0.5190709;3.030975;
ShoulderRight;0.6327165;0.3810343;2.900512;
ShoulderLeft;0.4888102;0.3808281;3.141866;
ElbowRight;0.6275859;0.1341914;2.779946;
ElbowLeft;0.4664613;0.04384142;3.20664;
WristRight;0.4743955;-0.1234037;2.716868;
WristLeft;0.4436024;-0.2182885;3.225005;
HandRight;0.4097699;-0.1899734;2.701263;
HandLeft;0.4104904;-0.2771083;3.241724;
Spine;0.5457712;0.1078119;2.995496;
HipCenter;0.5432156;0.02556011;2.991988;
HipRight;0.5749421;-0.01892711;2.937345;
HipLeft;0.5079843;-0.04275805;3.034365;
KneeRight;0.7510296;-0.6321287;2.946118;
KneeLeft;0.4103936;-0.6241814;3.117354;
AnkleRight;0.9778128;-1.00355;2.915573;
AnkleLeft;0.3352893;-1.02167;3.083829;
FootRight;0.8888057;-1.075572;2.917377;
FootLeft;0.2520146;-1.068615;3.033203;
Head;0.3981018;0.6747092;3.025115;
ShoulderCenter;0.5081697;0.5205798;3.042296;
ShoulderRight;0.5926332;0.3824142;2.905014;
ShoulderLeft;0.4384306;0.3823371;3.153187;
ElbowRight;0.5957347;0.1239706;2.793771;
ElbowLeft;0.4162406;0.0477466;3.217371;
WristRight;0.4184312;-0.159681;2.720826;
WristLeft;0.3932228;-0.2167795;3.23644;
HandRight;0.3784982;-0.2155522;2.708344;
HandLeft;0.3599867;-0.2758198;3.253222;
Spine;0.494549;0.1138079;3.002299;
HipCenter;0.4918249;0.03245354;2.997879;
HipRight;0.5300882;-0.01159457;2.941278;
HipLeft;0.4519255;-0.03523292;3.040808;
KneeRight;0.6881325;-0.637978;2.938836;
KneeLeft;0.3638078;-0.6458465;3.125558;
AnkleRight;0.9633569;-0.9987049;2.911569;
AnkleLeft;0.3295547;-1.027161;3.085573;
FootRight;0.8870725;-1.071975;2.926543;
FootLeft;0.2731839;-1.096358;3.101859;
Head;0.346686;0.6671637;3.020016;
ShoulderCenter;0.4583876;0.513948;3.03445;
ShoulderRight;0.5357147;0.3806876;2.913515;
ShoulderLeft;0.3886486;0.3757053;3.145341;
ElbowRight;0.5453877;0.1247349;2.798586;
ElbowLeft;0.3666024;0.04328293;3.208859;
WristRight;0.4154754;-0.1600149;2.723601;
WristLeft;0.3434408;-0.2234113;3.228498;
HandRight;0.3745878;-0.2205933;2.71162;
HandLeft;0.310679;-0.281609;3.24504;
Spine;0.4453584;0.08963905;3.013322;
HipCenter;0.4427525;0.004777245;3.012683;
HipRight;0.4746129;-0.03602154;2.968677;
HipLeft;0.4078707;-0.05673015;3.04934;
KneeRight;0.5972313;-0.6424376;2.944647;
KneeLeft;0.3351737;-0.6492233;3.130077;
AnkleRight;0.912177;-0.962212;2.907067;
AnkleLeft;0.326753;-1.024042;3.085149;
FootRight;0.8806354;-1.053945;2.916665;
FootLeft;0.2737521;-1.094111;3.102504;
Head;0.3001459;0.6901994;3.033835;
ShoulderCenter;0.4103622;0.5224541;3.032873;
ShoulderRight;0.4887437;0.3854899;2.913776;
ShoulderLeft;0.3406231;0.3842113;3.143764;
ElbowRight;0.5159066;0.1243652;2.817479;
ElbowLeft;0.3187545;0.05446586;3.206384;
WristRight;0.409467;-0.1288901;2.747325;
WristLeft;0.2954154;-0.2149053;3.226688;
HandRight;0.3740317;-0.2130301;2.727461;
HandLeft;0.2625318;-0.2733193;3.243291;
Spine;0.3948272;0.09933835;3.019139;
HipCenter;0.3918363;0.01469464;3.020003;
HipRight;0.4192339;-0.03749707;2.967936;
HipLeft;0.3600994;-0.05592095;3.065395;
KneeRight;0.4862315;-0.6018958;2.937345;
KneeLeft;0.3127024;-0.6481212;3.122347;
AnkleRight;0.8317233;-0.9244297;2.919445;
AnkleLeft;0.3249795;-1.024105;3.08344;
FootRight;0.8518827;-1.042393;2.917812;
FootLeft;0.2731014;-1.093641;3.100979;
Head;0.2611268;0.6853377;3.035384;
ShoulderCenter;0.359248;0.4700783;3.02903;
ShoulderRight;0.4535232;0.3898663;2.914422;
ShoulderLeft;0.2895089;0.3318355;3.139921;
ElbowRight;0.4706237;0.1091763;2.834752;
ElbowLeft;0.2678035;0.004551023;3.201856;
WristRight;0.3797911;-0.1568599;2.747258;
WristLeft;0.2443011;-0.267281;3.222843;
HandRight;0.3566459;-0.244762;2.732513;
HandLeft;0.2116173;-0.3253402;3.239346;
Spine;0.353054;0.0995059;3.030334;
HipCenter;0.3501635;0.02488794;3.034475;
HipRight;0.3823738;-0.0273269;2.982348;
HipLeft;0.3148132;-0.05274927;3.083857;
KneeRight;0.3983814;-0.6082068;2.947872;
KneeLeft;0.2512213;-0.6258957;3.128941;
AnkleRight;0.7464703;-0.9309409;2.923455;
AnkleLeft;0.3119977;-1.020106;3.07756;
FootRight;0.7417151;-1.042437;2.926435;
FootLeft;0.2715526;-1.09463;3.09926;
Head;0.2153105;0.6774799;3.041197;
ShoulderCenter;0.3209912;0.4620135;3.033755;
ShoulderRight;0.4022667;0.3994103;2.919055;
ShoulderLeft;0.2512521;0.3237708;3.144646;
ElbowRight;0.4257364;0.1220134;2.827952;
ElbowLeft;0.2296926;-0.001313388;3.205961;
WristRight;0.3708969;-0.1614762;2.761501;
WristLeft;0.2060443;-0.2753458;3.227554;
HandRight;0.3427195;-0.249978;2.765781;
HandLeft;0.1733211;-0.3334751;3.244076;
Spine;0.2991523;0.09162643;3.032397;
HipCenter;0.2957548;0.01775355;3.035614;
HipRight;0.3253623;-0.03468809;2.990899;
HipLeft;0.2606505;-0.0493233;3.076689;
KneeRight;0.3161233;-0.5865927;2.942588;
KneeLeft;0.2315437;-0.6838885;3.084596;
AnkleRight;0.6395928;-0.9346006;2.924548;
AnkleLeft;0.3126674;-1.024929;3.078021;
FootRight;0.6125743;-1.048271;2.937654;
FootLeft;0.270864;-1.098024;3.099496;
Head;0.1686451;0.7008755;3.056319;
ShoulderCenter;0.2704364;0.4808395;3.045213;
ShoulderRight;0.3682847;0.4095995;2.926193;
ShoulderLeft;0.2006974;0.3425967;3.156104;
ElbowRight;0.4051346;0.1286277;2.833426;
ElbowLeft;0.1792579;0.01932332;3.216901;
WristRight;0.3499744;-0.1681097;2.785944;
WristLeft;0.1554896;-0.2565199;3.238989;
HandRight;0.3361064;-0.258715;2.771597;
HandLeft;0.1228372;-0.3145232;3.255476;
Spine;0.247404;0.1097461;3.045158;
HipCenter;0.2427975;0.03552739;3.048757;
HipRight;0.2728887;-0.02107488;3.003723;
HipLeft;0.2052252;-0.02840248;3.090754;
KneeRight;0.2583567;-0.6085858;2.954527;
KneeLeft;0.1469576;-0.6091762;2.955917;
AnkleRight;0.5405208;-0.9569487;2.933229;
AnkleLeft;0.3245304;-1.020515;3.064216;
FootRight;0.4702759;-1.049613;2.949993;
FootLeft;0.2943278;-1.09429;3.098644;
Head;0.1179446;0.7019248;3.045699;
ShoulderCenter;0.23365;0.5524854;3.056069;
ShoulderRight;0.3292354;0.4112892;2.929477;
ShoulderLeft;0.1639109;0.4142427;3.16696;
ElbowRight;0.3767281;0.1341029;2.846803;
ElbowLeft;0.1425832;0.09265456;3.227292;
WristRight;0.3410116;-0.1646322;2.793814;
WristLeft;0.1187031;-0.1848739;3.249849;
HandRight;0.3316315;-0.2568026;2.793393;
HandLeft;0.0860961;-0.2427966;3.266313;
Spine;0.2240694;0.1208089;3.041331;
HipCenter;0.2222141;0.03817824;3.043165;
HipRight;0.2486021;-0.006676801;2.990819;
HipLeft;0.1872212;-0.03206454;3.087958;
KneeRight;0.2261628;-0.6689119;2.966022;
KneeLeft;0.2925303;-0.58446;3.125374;
AnkleRight;0.3996391;-0.9943838;2.971293;
AnkleLeft;0.2726099;-1.005091;3.057766;
FootRight;0.3398716;-1.062569;2.943099;
FootLeft;0.1986022;-1.049846;3.005188;
Head;0.06780646;0.7019634;3.040653;
ShoulderCenter;0.2000189;0.555063;3.055465;
ShoulderRight;0.2764525;0.4169896;2.932737;
ShoulderLeft;0.1302799;0.4168203;3.166356;
ElbowRight;0.3430686;0.1498928;2.850887;
ElbowLeft;0.1090513;0.09672672;3.226226;
WristRight;0.3175549;-0.168593;2.805756;
WristLeft;0.04466391;-0.1370619;3.056711;
HandRight;0.3196069;-0.2531601;2.803802;
HandLeft;0.01223003;-0.1946771;3.073088;
Spine;0.1631922;0.117373;3.036852;
HipCenter;0.157289;0.0297229;3.036775;
HipRight;0.1848585;-0.004527372;2.998877;
HipLeft;0.123439;-0.02928149;3.068765;
KneeRight;0.1063203;-0.6403807;2.980491;
KneeLeft;0.2576753;-0.6238273;3.13148;
AnkleRight;0.2790823;-1.02466;2.96993;
AnkleLeft;0.2757996;-0.9608229;3.005978;
FootRight;0.1809174;-1.086358;2.983413;
FootLeft;0.201412;-1.034643;3.057378;
Head;0.03986235;0.6992054;3.045968;
ShoulderCenter;0.1442025;0.5461759;3.053808;
ShoulderRight;0.2435444;0.4158131;2.935841;
ShoulderLeft;0.07446346;0.4079331;3.164699;
ElbowRight;0.3132713;0.1360966;2.86241;
ElbowLeft;0.05296014;0.08369672;3.225719;
WristRight;0.3043725;-0.172424;2.818498;
WristLeft;-0.003297979;-0.1464035;3.055225;
HandRight;0.306686;-0.2490565;2.818492;
HandLeft;-0.02205068;-0.2231036;3.003324;
Spine;0.1366805;0.1126557;3.032117;
HipCenter;0.1342218;0.02573158;3.031664;
HipRight;0.1680386;-0.004778854;2.996855;
HipLeft;0.09726895;-0.03415615;3.059736;
KneeRight;0.0006483889;-0.6068372;2.974772;
KneeLeft;0.2080809;-0.6488698;3.134631;
AnkleRight;0.1705776;-1.041855;2.988243;
AnkleLeft;0.3728461;-1.037311;3.127149;
FootRight;0.06003483;-1.081182;2.993636;
FootLeft;0.2989177;-1.113372;3.177594;
Head;-0.01462138;0.7076855;3.040224;
ShoulderCenter;0.09714745;0.5510681;3.051434;
ShoulderRight;0.1878427;0.4192107;2.93976;
ShoulderLeft;0.02740841;0.4128253;3.162325;
ElbowRight;0.2708148;0.1004129;2.87664;
ElbowLeft;0.005996136;0.08996177;3.222929;
WristRight;0.2653543;-0.1622318;2.84435;
WristLeft;-0.0857831;-0.172335;3.367517;
HandRight;0.2756689;-0.2319356;2.840539;
HandLeft;-0.133991;-0.220782;3.360949;
Spine;0.08585823;0.1245378;3.027145;
HipCenter;0.08385784;0.03920494;3.02592;
HipRight;0.1175865;0.006668061;2.989657;
HipLeft;0.0479327;-0.02195388;3.054816;
KneeRight;-0.06170465;-0.6283442;2.981769;
KneeLeft;0.1888976;-0.6372458;3.131169;
AnkleRight;-0.002925964;-1.033603;2.967289;
AnkleLeft;0.306992;-1.040231;3.089879;
FootRight;-0.1107393;-1.078774;2.98162;
FootLeft;0.2293671;-1.08394;3.166908;
Head;-0.05375315;0.7109828;3.045009;
ShoulderCenter;0.05115542;0.552598;3.046326;
ShoulderRight;0.1547566;0.418559;2.935884;
ShoulderLeft;-0.01858363;0.4143553;3.157217;
ElbowRight;0.243821;0.1008305;2.890475;
ElbowLeft;-0.03989638;0.0929924;3.217424;
WristRight;0.2550047;-0.1692812;2.846362;
WristLeft;-0.1464164;-0.1381208;3.354666;
HandRight;0.2589881;-0.2405908;2.853388;
HandLeft;-0.1929865;-0.187486;3.348979;
Spine;0.05317882;0.140018;3.025872;
HipCenter;0.05247116;0.05758279;3.025281;
HipRight;0.09236054;0.01839759;2.981515;
HipLeft;0.0152358;-0.01005472;3.062208;
KneeRight;-0.1116976;-0.5951708;2.993574;
KneeLeft;0.1877905;-0.6314125;3.145003;
AnkleRight;-0.1613957;-1.039559;2.967077;
AnkleLeft;0.3066592;-1.039833;3.089905;
FootRight;-0.2737953;-1.071882;2.981586;
FootLeft;0.2863683;-1.123306;3.075472;
Head;-0.1072856;0.6825167;3.03309;
ShoulderCenter;0.01244477;0.5477169;3.051731;
ShoulderRight;0.1005239;0.4070367;2.938084;
ShoulderLeft;-0.05729427;0.4094742;3.162622;
ElbowRight;0.18381;0.1040201;2.892398;
ElbowLeft;-0.07853483;0.08919984;3.222542;
WristRight;0.2103443;-0.1899024;2.857235;
WristLeft;-0.2005232;-0.1300295;3.350208;
HandRight;0.2192218;-0.2565331;2.863896;
HandLeft;-0.2577752;-0.164663;3.330479;
Spine;0.006665006;0.1126628;3.023986;
HipCenter;0.00648908;0.02577559;3.021914;
HipRight;0.04736398;-0.002870548;3.002625;
HipLeft;-0.03454375;-0.02357426;3.034426;
KneeRight;-0.1571865;-0.5158744;2.981791;
KneeLeft;0.1785452;-0.6244296;3.147622;
AnkleRight;-0.2383556;-0.9871567;2.976563;
AnkleLeft;0.3046187;-1.039902;3.088773;
FootRight;-0.3372079;-1.049971;2.990346;
FootLeft;0.2838117;-1.123634;3.07637;
Head;-0.1545103;0.6867347;3.042241;
ShoulderCenter;-0.04058562;0.5385176;3.056073;
ShoulderRight;0.05915445;0.4065816;2.936939;
ShoulderLeft;-0.1103247;0.4002748;3.166964;
ElbowRight;0.156933;0.09871808;2.890474;
ElbowLeft;-0.1314768;0.08133379;3.226483;
WristRight;0.1760828;-0.1786675;2.858985;
WristLeft;-0.2700838;-0.1241614;3.34934;
HandRight;0.1854435;-0.2644169;2.869354;
HandLeft;-0.3246771;-0.1636551;3.347201;
Spine;-0.03040311;0.08950908;3.006053;
HipCenter;-0.02963133;-0.001082607;2.999053;
HipRight;0.01851388;-0.01881936;2.980969;
HipLeft;-0.07258239;-0.05927757;3.009487;
KneeRight;-0.2078965;-0.4860894;2.973334;
KneeLeft;0.1613447;-0.6233433;3.151102;
AnkleRight;-0.3883389;-0.9271207;2.982977;
AnkleLeft;0.3024642;-1.038788;3.088771;
FootRight;-0.4803423;-0.999733;2.99668;
FootLeft;0.2807491;-1.122591;3.07814;
Head;-0.1916483;0.6782004;3.029595;
ShoulderCenter;-0.08775093;0.5363934;3.056322;
ShoulderRight;0.005333042;0.3958545;2.933635;
ShoulderLeft;-0.15749;0.3981506;3.167213;
ElbowRight;0.09045681;0.09902805;2.88048;
ElbowLeft;-0.1785875;0.08003238;3.226481;
WristRight;0.1248798;-0.1785433;2.847162;
WristLeft;-0.3277526;-0.119882;3.340086;
HandRight;0.1361979;-0.2674173;2.866907;
HandLeft;-0.4051865;-0.1622373;3.329457;
Spine;-0.08368485;0.08618057;3.006599;
HipCenter;-0.08259726;-0.003849637;3.000275;
HipRight;-0.03904747;-0.02278445;2.982676;
HipLeft;-0.1252274;-0.06104354;3.007887;
KneeRight;0.08696444;-0.5275455;3.107312;
KneeLeft;0.1042844;-0.6184906;3.151789;
AnkleRight;-0.09465638;-0.971457;3.117185;
AnkleLeft;0.2733754;-1.036896;3.093889;
FootRight;-0.1871485;-1.043577;3.130927;
FootLeft;0.2495121;-1.120646;3.087991;
Head;-0.2419464;0.6821647;3.031706;
ShoulderCenter;-0.1287795;0.5284742;3.044947;
ShoulderRight;-0.04598321;0.3835675;2.932971;
ShoulderLeft;-0.1985186;0.3902315;3.155838;
ElbowRight;0.04287351;0.08026767;2.869253;
ElbowLeft;-0.2195414;0.07323965;3.214775;
WristRight;0.08249013;-0.1870883;2.844319;
WristLeft;-0.3750027;-0.1240196;3.348936;
HandRight;0.09183396;-0.2748943;2.85628;
HandLeft;-0.4334456;-0.1625391;3.334726;
Spine;-0.1391731;0.07689922;2.997141;
HipCenter;-0.1406416;-0.01329799;2.991373;
HipRight;-0.09983017;-0.03358142;2.97169;
HipLeft;-0.1826508;-0.06658838;3.001873;
KneeRight;0.01486739;-0.4923433;3.143201;
KneeLeft;0.1027638;-0.619565;3.14967;
AnkleRight;-0.1665001;-0.9356357;3.153002;
AnkleLeft;0.2726883;-1.031401;3.094179;
FootRight;-0.2727956;-0.9768784;3.121447;
FootLeft;0.2492711;-1.11546;3.08856;
Head;-0.3009018;0.6726727;3.042322;
ShoulderCenter;-0.1801364;0.5261723;3.033994;
ShoulderRight;-0.09789257;0.3773611;2.927984;
ShoulderLeft;-0.2498755;0.3879296;3.144885;
ElbowRight;-0.00723781;0.0727148;2.874055;
ElbowLeft;-0.2708378;0.07185;3.203625;
WristRight;0.02111822;-0.1968741;2.840764;
WristLeft;-0.4353105;-0.1356081;3.344279;
HandRight;0.03956325;-0.2826117;2.853007;
HandLeft;-0.4932872;-0.1714963;3.337035;
Spine;-0.1726725;0.08505554;2.988078;
HipCenter;-0.1719402;-0.003456313;2.98241;
HipRight;-0.1291738;-0.02443866;2.955236;
HipLeft;-0.2144949;-0.05922274;2.999563;
KneeRight;-0.04064611;-0.4824961;3.142332;
KneeLeft;-0.2061557;-0.6352499;3.070098;
AnkleRight;-0.2218209;-0.9253175;3.152147;
AnkleLeft;0.1636359;-0.9380219;3.08587;
FootRight;-0.3233683;-0.9763891;3.118417;
FootLeft;0.08839929;-0.9832998;3.03184;
Head;-0.3310123;0.6778487;3.021283;
ShoulderCenter;-0.2314557;0.524817;3.022735;
ShoulderRight;-0.1418608;0.3766712;2.923369;
ShoulderLeft;-0.3011948;0.3865742;3.133626;
ElbowRight;-0.08011392;0.07168671;2.862071;
ElbowLeft;-0.3220801;0.0716559;3.192024;
WristRight;-0.04284028;-0.2084333;2.83556;
WristLeft;-0.4902887;-0.146502;3.33385;
HandRight;-0.02794026;-0.2800111;2.842725;
HandLeft;-0.5376946;-0.1938297;3.341201;
Spine;-0.2032525;0.08284014;2.973407;
HipCenter;-0.1977821;-0.005513085;2.967749;
HipRight;-0.1559377;-0.02564459;2.942202;
HipLeft;-0.2354225;-0.06289433;2.983526;
KneeRight;-0.1067441;-0.4802885;3.144061;
KneeLeft;-0.2847477;-0.6401983;3.070181;
AnkleRight;-0.1206712;-0.826682;3.195228;
AnkleLeft;0.1093104;-0.9123245;3.090471;
FootRight;-0.2179216;-0.8885849;3.16694;
FootLeft;0.03633188;-0.9585379;3.03397;
Head;-0.3847925;0.672766;3.01142;
ShoulderCenter;-0.2792633;0.5279347;3.022862;
ShoulderRight;-0.1778303;0.3814796;2.921548;
ShoulderLeft;-0.3490024;0.389692;3.133753;
ElbowRight;-0.1455716;0.1437484;2.850583;
ElbowLeft;-0.3700156;0.07284558;3.192738;
WristRight;-0.1270932;-0.1849924;2.822979;
WristLeft;-0.5164172;-0.1651131;3.320721;
HandRight;-0.1036429;-0.2724433;2.834707;
HandLeft;-0.5656398;-0.2058906;3.347458;
Spine;-0.2974115;0.09811117;2.99718;
HipCenter;-0.3008348;0.01213299;2.995655;
HipRight;-0.2576624;-0.01443976;2.976983;
HipLeft;-0.3471487;-0.04019656;3.007905;
KneeRight;-0.1477084;-0.488612;3.096916;
KneeLeft;-0.4262028;-0.6783682;3.016665;
AnkleRight;-0.1307511;-0.7412457;3.110196;
AnkleLeft;-0.003470838;-0.8899332;3.076273;
FootRight;-0.2154265;-0.8244582;3.102659;
FootLeft;-0.07533296;-0.9346248;3.016786;
Head;-0.4340554;0.6799906;3.022406;
ShoulderCenter;-0.3238168;0.5280408;3.028677;
ShoulderRight;-0.2367903;0.3810036;2.918413;
ShoulderLeft;-0.3935558;0.389798;3.139568;
ElbowRight;-0.2030529;0.1333621;2.843057;
ElbowLeft;-0.4147189;0.07069218;3.199188;
WristRight;-0.2046677;-0.1626953;2.807532;
WristLeft;-0.5554441;-0.1802186;3.349853;
HandRight;-0.1994122;-0.2532611;2.79618;
HandLeft;-0.5872797;-0.2041027;3.29524;
Spine;-0.3292586;0.08110023;3.002047;
HipCenter;-0.3316009;-0.008554863;3.000512;
HipRight;-0.2877861;-0.03005727;2.977236;
HipLeft;-0.3772135;-0.06718448;3.01802;
KneeRight;-0.2557184;-0.510146;3.155293;
KneeLeft;-0.4332938;-0.6809791;3.020847;
AnkleRight;-0.2084343;-0.8935627;3.205736;
AnkleLeft;-0.009700418;-0.8894392;3.092295;
FootRight;-0.3000778;-0.9587895;3.16583;
FootLeft;-0.08515246;-0.9350499;3.037538;
Head;-0.4611791;0.6646822;2.994507;
ShoulderCenter;-0.3563752;0.5268564;3.025983;
ShoulderRight;-0.2722131;0.3810021;2.919345;
ShoulderLeft;-0.4261143;0.3886136;3.136874;
ElbowRight;-0.2495222;0.1216176;2.840894;
ElbowLeft;-0.4474241;0.06729501;3.197096;
WristRight;-0.2586615;-0.1452805;2.808138;
WristLeft;-0.594656;-0.2010224;3.316447;
HandRight;-0.2617762;-0.2364522;2.801184;
HandLeft;-0.5617951;-0.2554972;3.339371;
Spine;-0.3866262;0.0626068;3.00802;
HipCenter;-0.3911352;-0.03018707;3.008169;
HipRight;-0.3540537;-0.05807694;2.98279;
HipLeft;-0.432036;-0.08089497;3.029038;
KneeRight;-0.4875744;-0.6362662;3.015653;
KneeLeft;-0.4474125;-0.7054633;3.037473;
AnkleRight;-0.199685;-0.7828315;3.138264;
AnkleLeft;-0.02449083;-0.9138971;3.112403;
FootRight;-0.2833693;-0.8667445;3.120673;
FootLeft;0.009126093;-1.018004;3.161246;
Head;-0.5144338;0.6790692;3.009502;
ShoulderCenter;-0.4092481;0.5334265;3.02176;
ShoulderRight;-0.3173207;0.3874098;2.921837;
ShoulderLeft;-0.4789871;0.3951838;3.132651;
ElbowRight;-0.3114459;0.1079629;2.837236;
ElbowLeft;-0.5002595;0.07442909;3.192706;
WristRight;-0.3578908;-0.1324746;2.793781;
WristLeft;-0.638117;-0.1970159;3.314244;
HandRight;-0.3691353;-0.2235298;2.794757;
HandLeft;-0.6860762;-0.2433997;3.302096;
Spine;-0.4358153;0.07855302;3.01756;
HipCenter;-0.4411288;-0.01242168;3.020335;
HipRight;-0.4051019;-0.04352319;2.985424;
HipLeft;-0.4825346;-0.07341594;3.052511;
KneeRight;-0.4962015;-0.6472243;3.006924;
KneeLeft;-0.4061159;-0.6960062;3.10699;
AnkleRight;-0.4439287;-1.064224;3.030233;
AnkleLeft;-0.08640637;-0.9321588;3.1334;
FootRight;-0.5274518;-1.111743;3.03245;
FootLeft;-0.1201133;-1.029866;3.196768;
Head;-0.5536914;0.6885847;3.010057;
ShoulderCenter;-0.4509584;0.538828;3.016152;
ShoulderRight;-0.371871;0.3939971;2.924324;
ShoulderLeft;-0.5206974;0.4005852;3.127043;
ElbowRight;-0.3635602;0.1064752;2.830689;
ElbowLeft;-0.5419001;0.08088073;3.186798;
WristRight;-0.4517696;-0.2011356;2.80127;
WristLeft;-0.6849129;-0.1875265;3.306354;
HandRight;-0.47236;-0.2692795;2.797592;
HandLeft;-0.7029085;-0.2521185;3.295533;
Spine;-0.4570463;0.08348583;3.008636;
HipCenter;-0.4593188;-0.007591693;3.011012;
HipRight;-0.4242947;-0.03630687;2.979321;
HipLeft;-0.4983195;-0.06589469;3.038837;
KneeRight;-0.5087793;-0.6536108;2.999775;
KneeLeft;-0.3823892;-0.6877089;3.188824;
AnkleRight;-0.4504661;-1.060454;3.026326;
AnkleLeft;-0.1658088;-0.969155;3.140689;
FootRight;-0.5349773;-1.112169;3.054398;
FootLeft;-0.2111673;-1.073269;3.181917;
Head;-0.6020873;0.6820081;2.986984;
ShoulderCenter;-0.4914485;0.54453;3.013074;
ShoulderRight;-0.4107416;0.3986054;2.919397;
ShoulderLeft;-0.5611875;0.4062872;3.123965;
ElbowRight;-0.4145926;0.1237627;2.821026;
ElbowLeft;-0.5823108;0.08778098;3.183367;
WristRight;-0.539235;-0.1830728;2.800461;
WristLeft;-0.7195261;-0.1818274;3.303474;
HandRight;-0.5668474;-0.2405335;2.776853;
HandLeft;-0.7641154;-0.2316894;3.291346;
Spine;-0.5078056;0.08094425;3.003722;
HipCenter;-0.5102333;-0.01189171;3.005534;
HipRight;-0.4753647;-0.03711078;2.983047;
HipLeft;-0.5470958;-0.06291359;3.025008;
KneeRight;-0.5122417;-0.658161;2.996022;
KneeLeft;-0.3930874;-0.7021108;3.185319;
AnkleRight;-0.4496638;-1.060213;3.02977;
AnkleLeft;-0.3002156;-1.04405;3.148804;
FootRight;-0.5342313;-1.111881;3.05413;
FootLeft;-0.3663169;-1.109807;3.173048;
Head;-0.6339767;0.6881549;2.992189;
ShoulderCenter;-0.5466737;0.5456844;3.022562;
ShoulderRight;-0.4454445;0.4056444;2.91825;
ShoulderLeft;-0.6164128;0.4074416;3.133453;
ElbowRight;-0.4581532;0.1347011;2.823115;
ElbowLeft;-0.637693;0.08656898;3.193487;
WristRight;-0.5722948;-0.1118885;2.779827;
WristLeft;-0.7787617;-0.1836716;3.314405;
HandRight;-0.6238973;-0.1833778;2.753503;
HandLeft;-0.8139437;-0.2405274;3.301955;
Spine;-0.5472022;0.08928367;3.008978;
HipCenter;-0.5473794;-0.002229145;3.009965;
HipRight;-0.5006578;-0.03014043;2.985229;
HipLeft;-0.5950497;-0.05605653;3.031025;
KneeRight;-0.5160797;-0.6651215;2.997157;
KneeLeft;-0.7258798;-0.5910184;3.148235;
AnkleRight;-0.4493724;-1.054865;3.032373;
AnkleLeft;-0.4023324;-0.9462749;3.111053;
FootRight;-0.510312;-1.118986;3.014626;
FootLeft;-0.4877017;-1.019736;3.158122;
Head;-0.6851913;0.6981714;2.996883;
ShoulderCenter;-0.5666829;0.5501323;3.025605;
ShoulderRight;-0.4814413;0.4064581;2.918392;
ShoulderLeft;-0.636422;0.4118895;3.136496;
ElbowRight;-0.5083202;0.1417799;2.818981;
ElbowLeft;-0.657851;0.0887734;3.197149;
WristRight;-0.6746823;-0.1444073;2.746402;
WristLeft;-0.8006144;-0.1828699;3.319243;
HandRight;-0.734646;-0.2093288;2.731755;
HandLeft;-0.835911;-0.2399113;3.306752;
Spine;-0.5883348;0.1003333;3.012399;
HipCenter;-0.5935802;0.01071158;3.013313;
HipRight;-0.554389;-0.02229008;2.978482;
HipLeft;-0.6333699;-0.04681337;3.042323;
KneeRight;-0.5177006;-0.6676261;2.998318;
KneeLeft;-0.7356128;-0.6191785;3.136253;
AnkleRight;-0.4500262;-1.054293;3.032881;
AnkleLeft;-0.6145504;-1.04834;3.149998;
FootRight;-0.5115415;-1.118729;3.017099;
FootLeft;-0.6400892;-1.114239;3.206481;
Head;-0.7052522;0.6679493;3.004529;
ShoulderCenter;-0.6278378;0.435462;3.013897;
ShoulderRight;-0.5376796;0.4049512;2.917422;
ShoulderLeft;-0.6975769;0.2972192;3.124789;
ElbowRight;-0.5406305;0.1590962;2.823529;
ElbowLeft;-0.7191162;-0.02755937;3.185898;
WristRight;-0.7242229;-0.08880591;2.74287;
WristLeft;-0.8631466;-0.3002327;3.308866;
HandRight;-0.7850277;-0.1578331;2.738153;
HandLeft;-0.8983655;-0.3571481;3.296403;
Spine;-0.625937;0.05147784;3.001706;
HipCenter;-0.625104;-0.02480863;3.003038;
HipRight;-0.5928385;-0.05941885;2.985308;
HipLeft;-0.6578187;-0.08344501;3.015304;
KneeRight;-0.5368958;-0.6713961;3.01056;
KneeLeft;-0.7931365;-0.6399249;3.156992;
AnkleRight;-0.4574154;-1.054078;3.040684;
AnkleLeft;-0.7093548;-1.062559;3.186763;
FootRight;-0.5119177;-1.120988;3.014312;
FootLeft;-0.8183442;-1.100024;3.227051;
Head;-0.7675457;0.6749974;3.006464;
ShoulderCenter;-0.6607904;0.4530748;3.018131;
ShoulderRight;-0.5726641;0.4050699;2.917735;
ShoulderLeft;-0.7305294;0.314832;3.129022;
ElbowRight;-0.619423;0.1395959;2.804182;
ElbowLeft;-0.7520286;-0.009342253;3.189958;
WristRight;-0.7833627;-0.08366234;2.738474;
WristLeft;-0.8955973;-0.281642;3.312604;
HandRight;-0.8434971;-0.1534041;2.731656;
HandLeft;-0.9309039;-0.3386989;3.300109;
Spine;-0.6542488;0.05349686;3.002777;
HipCenter;-0.6538985;-0.0258394;3.003479;
HipRight;-0.621067;-0.05572513;2.994433;
HipLeft;-0.688639;-0.07931057;3.007131;
KneeRight;-0.5572873;-0.6711666;3.01771;
KneeLeft;-0.8296234;-0.6459935;3.175221;
AnkleRight;-0.4572753;-1.053531;3.041723;
AnkleLeft;-0.8564329;-1.052384;3.199326;
FootRight;-0.5165241;-1.118599;3.019368;
FootLeft;-0.9536211;-1.093387;3.262282;
Head;-0.8120763;0.677068;3.027148;
ShoulderCenter;-0.7109352;0.4464906;3.018187;
ShoulderRight;-0.6309941;0.4050055;2.927231;
ShoulderLeft;-0.7806742;0.3082479;3.129078;
ElbowRight;-0.6390101;0.1469276;2.810073;
ElbowLeft;-0.8023014;-0.01785603;3.190539;
WristRight;-0.861993;-0.1009573;2.733233;
WristLeft;-0.9473488;-0.2913448;3.3142;
HandRight;-0.9155754;-0.1433;2.728998;
HandLeft;-0.9827453;-0.3485471;3.301674;
Spine;-0.7094489;0.05262781;3.009082;
HipCenter;-0.7091517;-0.02614476;3.010885;
HipRight;-0.6787242;-0.05504641;3.010502;
HipLeft;-0.7392765;-0.07746457;3.007513;
KneeRight;-0.5856182;-0.6617697;3.031334;
KneeLeft;-0.892034;-0.6793357;3.191621;
AnkleRight;-0.4569822;-1.046603;3.046269;
AnkleLeft;-1.00447;-1.063975;3.23744;
FootRight;-0.5188134;-1.110723;3.025663;
FootLeft;-1.112332;-1.098965;3.28686;
Head;-0.8713455;0.6846538;3.022321;
ShoulderCenter;-0.7595901;0.4724616;3.022473;
ShoulderRight;-0.6658119;0.4004213;2.921703;
ShoulderLeft;-0.8293291;0.3342188;3.133364;
ElbowRight;-0.7102355;0.1319895;2.800715;
ElbowLeft;-0.8510936;0.006043941;3.195387;
WristRight;-0.8981101;-0.07208435;2.739634;
WristLeft;-0.9977428;-0.2687084;3.32014;
HandRight;-0.9686971;-0.1316443;2.739048;
HandLeft;-1.033057;-0.3257779;3.307643;
Spine;-0.7553692;0.1153101;3.0297;
HipCenter;-0.754525;0.04387977;3.034772;
HipRight;-0.7261282;-0.01747468;2.978928;
HipLeft;-0.7812092;-0.03967909;3.089759;
KneeRight;-0.5943407;-0.6611873;3.029707;
KneeLeft;-0.9490611;-0.6467298;3.192409;
AnkleRight;-0.463644;-1.049989;3.05188;
AnkleLeft;-1.122461;-1.063444;3.256139;
FootRight;-0.5231588;-1.11483;3.024437;
FootLeft;-1.232562;-1.092202;3.307216;
Head;-0.8958533;0.6870624;3.029581;
ShoulderCenter;-0.8049523;0.4637317;3.029068;
ShoulderRight;-0.7207755;0.3900971;2.926374;
ShoulderLeft;-0.8746914;0.325489;3.139959;
ElbowRight;-0.7453718;0.1348548;2.808055;
ElbowLeft;-0.8965712;-0.004424512;3.202451;
WristRight;-0.9831538;-0.1074594;2.743613;
WristLeft;-1.044577;-0.2802275;3.328123;
HandRight;-1.059771;-0.1514929;2.75321;
HandLeft;-1.080007;-0.3374833;3.315585;
Spine;-0.8016732;0.1108659;3.029547;
HipCenter;-0.8011838;0.04027829;3.033268;
HipRight;-0.7771342;-0.02413646;2.98074;
HipLeft;-0.824333;-0.03363339;3.082604;
KneeRight;-0.6111292;-0.6615235;3.025061;
KneeLeft;-1.006403;-0.6542738;3.202003;
AnkleRight;-0.4661292;-1.049579;3.051255;
AnkleLeft;-1.17141;-1.06557;3.263756;
FootRight;-0.5275487;-1.115046;3.028193;
FootLeft;-1.286591;-1.091516;3.305993;
Head;-0.9559991;0.6768136;3.02867;
ShoulderCenter;-0.8601694;0.4666252;3.043377;
ShoulderRight;-0.7585181;0.3929591;2.936434;
ShoulderLeft;-0.9299084;0.3283824;3.154268;
ElbowRight;-0.7995772;0.129886;2.820782;
ElbowLeft;-0.9519067;-0.003317535;3.217243;
WristRight;-1.008242;-0.1131486;2.746247;
WristLeft;-1.101317;-0.2801903;3.343862;
HandRight;-1.09322;-0.1499296;2.75443;
HandLeft;-1.13686;-0.3376297;3.331285;
Spine;-0.840401;0.1325918;3.027226;
HipCenter;-0.8370332;0.06577994;3.027796;
HipRight;-0.8031293;-0.02070125;2.943521;
HipLeft;-0.8583617;-0.03982722;3.095904;
KneeRight;-0.6550754;-0.6586925;3.019148;
KneeLeft;-1.048368;-0.657953;3.211557;
AnkleRight;-0.4668179;-1.049531;3.051327;
AnkleLeft;-1.185961;-1.068237;3.266214;
FootRight;-0.5357649;-1.111385;3.041547;
FootLeft;-1.302241;-1.103339;3.299774;
Head;-1.009287;0.6635402;3.041277;
ShoulderCenter;-0.9102393;0.4592031;3.054758;
ShoulderRight;-0.8095038;0.3781485;2.945942;
ShoulderLeft;-0.9799783;0.3209603;3.165649;
ElbowRight;-0.8723924;0.08359661;2.822102;
ElbowLeft;-1.001954;-0.01040256;3.228515;
WristRight;-1.088329;-0.1422224;2.764081;
WristLeft;-1.151099;-0.2870743;3.354946;
HandRight;-1.159337;-0.1703501;2.761425;
HandLeft;-1.186754;-0.3446944;3.342329;
Spine;-0.8857241;0.09895067;3.035872;
HipCenter;-0.880821;0.02690019;3.035726;
HipRight;-0.8460774;-0.03258689;2.979341;
HipLeft;-0.9061654;-0.05173395;3.081283;
KneeRight;-0.7147895;-0.6682959;3.021765;
KneeLeft;-1.090782;-0.6573998;3.226185;
AnkleRight;-0.4737363;-1.046512;3.051212;
AnkleLeft;-1.190256;-1.068238;3.265481;
FootRight;-0.5358381;-1.113167;3.028374;
FootLeft;-1.299421;-1.109556;3.315701;
Head;-1.046718;0.6648394;3.057172;
ShoulderCenter;-0.9595587;0.4482798;3.064835;
ShoulderRight;-0.8581512;0.3786126;2.959683;
ShoulderLeft;-1.029298;0.310037;3.175726;
ElbowRight;-0.8908325;0.09485623;2.8323;
ElbowLeft;-1.051401;-0.02325267;3.23911;
WristRight;-1.093405;-0.1425582;2.76481;
WristLeft;-1.202072;-0.3010691;3.366565;
HandRight;-1.160729;-0.1745178;2.764241;
HandLeft;-1.237837;-0.3588671;3.353908;
Spine;-0.9458609;0.08889378;3.052615;
HipCenter;-0.9431213;0.01701658;3.053805;
HipRight;-0.9128047;-0.03263314;3.006997;
HipLeft;-0.9686441;-0.0591062;3.093061;
KneeRight;-0.7895874;-0.6680115;3.034076;
KneeLeft;-1.142218;-0.6711199;3.230333;
AnkleRight;-0.5020518;-1.035752;3.045955;
AnkleLeft;-1.199169;-1.067017;3.265647;
FootRight;-0.5843956;-1.114202;3.058249;
FootLeft;-1.306933;-1.110814;3.317414;
Head;-1.099615;0.6726756;3.059872;
ShoulderCenter;-1.005989;0.4712211;3.071187;
ShoulderRight;-0.9113818;0.3819554;2.968627;
ShoulderLeft;-1.075728;0.3329783;3.182079;
ElbowRight;-0.931864;0.1177224;2.855558;
ElbowLeft;-1.097928;-0.001770616;3.245848;
WristRight;-1.122149;-0.1504947;2.777746;
WristLeft;-1.248795;-0.2786679;3.373165;
HandRight;-1.170043;-0.1996263;2.767679;
HandLeft;-1.284669;-0.3366416;3.36047;
Spine;-0.9873734;0.09828396;3.05686;
HipCenter;-0.9836078;0.0239152;3.057656;
HipRight;-0.9493155;-0.02897629;3.005919;
HipLeft;-1.012471;-0.05177423;3.101814;
KneeRight;-0.8727368;-0.6544055;3.027604;
KneeLeft;-1.159202;-0.6689209;3.229417;
AnkleRight;-0.5537737;-1.001485;3.041467;
AnkleLeft;-1.204756;-1.064809;3.26394;
FootRight;-0.6005828;-1.097324;3.069425;
FootLeft;-1.299847;-1.117776;3.292734;
Head;-1.1626;0.6725952;3.077879;
ShoulderCenter;-1.043314;0.4655906;3.070904;
ShoulderRight;-0.9442158;0.3884583;2.973397;
ShoulderLeft;-1.113053;0.3273479;3.181795;
ElbowRight;-0.9625313;0.1135407;2.858138;
ElbowLeft;-0.8683877;0.09014441;3.226566;
WristRight;-1.143427;-0.1624691;2.794841;
WristLeft;-1.005235;-0.1069651;3.331986;
HandRight;-1.188385;-0.2265135;2.800692;
HandLeft;-1.041214;-0.1651087;3.319254;
Spine;-1.00023;0.09912635;3.051375;
HipCenter;-0.9935956;0.02536423;3.051648;
HipRight;-0.9565628;-0.02777356;2.996238;
HipLeft;-1.020089;-0.05376387;3.097469;
KneeRight;-0.9917418;-0.6192962;3.03737;
KneeLeft;-1.219033;-0.6884454;3.236839;
AnkleRight;-0.6382384;-0.9476493;3.035375;
AnkleLeft;-1.209894;-1.063448;3.262344;
FootRight;-0.6495995;-1.068615;3.064633;
FootLeft;-1.309257;-1.122662;3.316634;
Head;-1.201309;0.6797516;3.10347;
ShoulderCenter;-1.094038;0.4459462;3.083193;
ShoulderRight;-0.9964274;0.3954946;2.98102;
ShoulderLeft;-1.163777;0.3077034;3.194084;
ElbowRight;-0.9951632;0.10867;2.869203;
ElbowLeft;-0.9278861;0.06164339;3.242535;
WristRight;-1.150844;-0.1547654;2.817894;
WristLeft;-1.056627;-0.144526;3.350836;
HandRight;-1.189696;-0.2271712;2.806467;
HandLeft;-1.042145;-0.2317573;3.383812;
Spine;-1.053055;0.09293151;3.050289;
HipCenter;-1.044859;0.02232858;3.047348;
HipRight;-1.003096;-0.03306499;2.987635;
HipLeft;-1.069284;-0.06162189;3.090568;
KneeRight;-1.077137;-0.6323068;3.048006;
KneeLeft;-1.201009;-0.703132;3.119243;
AnkleRight;-0.7137175;-0.9310787;3.041594;
AnkleLeft;-1.210507;-1.06312;3.262291;
FootRight;-0.7601752;-1.049091;3.059381;
FootLeft;-1.290287;-1.115443;3.295681;
Head;-1.238719;0.6770601;3.094835;
ShoulderCenter;-1.132599;0.4444714;3.09458;
ShoulderRight;-1.032711;0.4041052;2.993309;
ShoulderLeft;-1.202338;0.3062286;3.205471;
ElbowRight;-1.03806;0.09700913;2.888072;
ElbowLeft;-0.9813687;0.04557356;3.255438;
WristRight;-1.178374;-0.199273;2.848165;
WristLeft;-1.10351;-0.1706059;3.366572;
HandRight;-1.210801;-0.2612276;2.842743;
HandLeft;-1.078611;-0.2612466;3.379567;
Spine;-1.071414;0.098719;3.060437;
HipCenter;-1.060433;0.02914615;3.05735;
HipRight;-1.012606;-0.02996505;2.992423;
HipLeft;-1.082384;-0.06026719;3.102954;
KneeRight;-1.20424;-0.5858061;3.057834;
KneeLeft;-1.192864;-0.7201638;3.132;
AnkleRight;-0.8509073;-0.9160325;3.05269;
AnkleLeft;-1.210643;-1.062974;3.262396;
FootRight;-0.8679207;-1.037819;3.087557;
FootLeft;-1.274035;-1.132425;3.271522;
Head;-1.268632;0.6853043;3.091749;
ShoulderCenter;-1.17106;0.4503724;3.102752;
ShoulderRight;-1.089219;0.4054198;2.994487;
ShoulderLeft;-1.240799;0.3121297;3.213643;
ElbowRight;-1.064874;0.1002775;2.899235;
ElbowLeft;-1.021163;0.04775214;3.259899;
WristRight;-1.179985;-0.2018709;2.854402;
WristLeft;-1.14225;-0.170248;3.37105;
HandRight;-1.210182;-0.2651215;2.847681;
HandLeft;-1.117254;-0.2612416;3.384095;
Spine;-1.106022;0.09779582;3.079616;
HipCenter;-1.092777;0.02725983;3.078391;
HipRight;-1.052046;-0.03097125;3.021956;
HipLeft;-1.110687;-0.05682952;3.124009;
KneeRight;-1.335809;-0.5353153;3.060176;
KneeLeft;-1.188474;-0.7114897;3.164266;
AnkleRight;-1.011616;-0.8924627;3.084754;
AnkleLeft;-1.205976;-1.059822;3.25704;
FootRight;-1.000913;-1.015862;3.117639;
FootLeft;-1.273428;-1.125825;3.298651;
Head;-1.324659;0.6752114;3.09393;
ShoulderCenter;-1.227742;0.4374015;3.100113;
ShoulderRight;-1.126423;0.4113512;3.000031;
ShoulderLeft;-1.297481;0.2991587;3.211004;
ElbowRight;-1.109614;0.1102379;2.914308;
ElbowLeft;-1.077719;0.03353345;3.257061;
WristRight;-1.19125;-0.1773989;2.872311;
WristLeft;-1.199383;-0.1838889;3.367979;
HandRight;-1.199126;-0.2529905;2.858265;
HandLeft;-1.174251;-0.275379;3.381096;
Spine;-1.160981;0.08981307;3.081178;
HipCenter;-1.147629;0.02029538;3.08104;
HipRight;-1.098219;-0.03136224;3.02641;
HipLeft;-1.16881;-0.06580782;3.124272;
KneeRight;-1.413627;-0.5606123;3.062854;
KneeLeft;-1.226127;-0.6315377;3.26429;
AnkleRight;-1.104618;-0.9292746;3.110165;
AnkleLeft;-1.240884;-1.07457;3.233623;
FootRight;-1.130256;-1.051825;3.136384;
FootLeft;-1.292355;-1.142503;3.274554;
Head;-1.37375;0.6891915;3.079806;
ShoulderCenter;-1.266094;0.4584321;3.099405;
ShoulderRight;-1.170449;0.4115244;3.001552;
ShoulderLeft;-1.335833;0.3201894;3.210296;
ElbowRight;-1.133385;0.1400598;2.916548;
ElbowLeft;-1.11569;0.05410329;3.256462;
WristRight;-1.193016;-0.1646731;2.877385;
WristLeft;-1.237736;-0.1628583;3.367238;
HandRight;-1.19973;-0.2476733;2.871918;
HandLeft;-1.212479;-0.2548007;3.38042;
Spine;-1.189095;0.1033136;3.101291;
HipCenter;-1.175018;0.0329537;3.105954;
HipRight;-1.120951;-0.03410368;3.042873;
HipLeft;-1.195285;-0.05343669;3.168212;
KneeRight;-1.452199;-0.5830263;3.064279;
KneeLeft;-1.256388;-0.6429585;3.277311;
AnkleRight;-1.236173;-1.00875;3.137354;
AnkleLeft;-1.144053;-1.050147;3.205756;
FootRight;-1.292158;-1.10107;3.12446;
FootLeft;-1.261149;-1.092068;3.236674;
Head;-1.424009;0.6879159;3.077553;
ShoulderCenter;-1.324666;0.4879481;3.101298;
ShoulderRight;-1.22466;0.4120864;2.999615;
ShoulderLeft;-1.394405;0.3497054;3.212189;
ElbowRight;-1.177093;0.1092895;2.921375;
ElbowLeft;-1.173725;0.08296967;3.258518;
WristRight;-1.195253;-0.1632728;2.878357;
WristLeft;-1.296308;-0.1333422;3.369098;
HandRight;-1.19998;-0.2417767;2.877107;
HandLeft;-1.270958;-0.2256244;3.382329;
Spine;-1.286752;0.1164425;3.081967;
HipCenter;-1.279169;0.04214133;3.081754;
HipRight;-1.237677;-0.02022301;3.016042;
HipLeft;-1.305112;-0.04783874;3.135679;
KneeRight;-1.486044;-0.595899;3.070042;
KneeLeft;-1.272735;-0.6558653;3.277076;
AnkleRight;-1.304977;-1.033828;3.161801;
AnkleLeft;-1.221482;-1.068607;3.224782;
FootRight;-1.410082;-1.093922;3.119028;
FootLeft;-1.345331;-1.097528;3.242465;
Head;-1.464368;0.6861642;3.07066;
ShoulderCenter;-1.376776;0.4797926;3.102658;
ShoulderRight;-1.2549;0.4159829;2.998158;
ShoulderLeft;-1.446515;0.3415499;3.213549;
ElbowRight;-1.196608;0.1136397;2.925789;
ElbowLeft;-1.178404;0.1626853;3.242578;
WristRight;-1.233052;-0.1561855;2.887308;
WristLeft;-1.323452;-0.02647357;3.345444;
HandRight;-1.217777;-0.2499994;2.906363;
HandLeft;-1.298016;-0.1190707;3.35872;
Spine;-1.333661;0.1375275;3.086853;
HipCenter;-1.325038;0.06907444;3.087348;
HipRight;-1.269989;-0.01673582;3.005809;
HipLeft;-1.347378;-0.04194047;3.156041;
KneeRight;-1.537174;-0.6353347;3.07543;
KneeLeft;-1.274777;-0.6551534;3.277068;
AnkleRight;-1.47488;-1.074539;3.097579;
AnkleLeft;-1.219994;-1.071195;3.243311;
FootRight;-1.588084;-1.111597;3.049088;
FootLeft;-1.330708;-1.117146;3.289904;
Head;-1.511518;0.6854675;3.059779;
ShoulderCenter;-1.413165;0.4884918;3.097758;
ShoulderRight;-1.313572;0.4198466;2.997766;
ShoulderLeft;-1.482904;0.3502491;3.208648;
ElbowRight;-1.242031;0.1250098;2.929931;
ElbowLeft;-1.226571;0.1859011;3.262161;
WristRight;-1.235404;-0.1355484;2.887207;
WristLeft;-1.371619;-0.003257751;3.365016;
HandRight;-1.233754;-0.2319581;2.898802;
HandLeft;-1.346136;-0.09602494;3.378315;
Spine;-1.370139;0.1404181;3.082699;
HipCenter;-1.361639;0.0708252;3.083332;
HipRight;-1.324381;0.009954012;3.010819;
HipLeft;-1.389153;-0.02964863;3.143837;
KneeRight;-1.545171;-0.6274787;3.075059;
KneeLeft;-1.280175;-0.6522764;3.275485;
AnkleRight;-1.565664;-1.05529;3.084827;
AnkleLeft;-1.224601;-1.07049;3.249185;
FootRight;-1.678995;-1.09239;3.036281;
FootLeft;-1.343012;-1.083519;3.20034;
Head;-1.55536;0.7198571;3.054799;
ShoulderCenter;-1.470508;0.5617288;3.100827;
ShoulderRight;-1.352274;0.4143838;2.996433;
ShoulderLeft;-1.540247;0.4234861;3.211718;
ElbowRight;-1.283033;0.1231621;2.924218;
ElbowLeft;-1.278425;0.2362455;3.269127;
WristRight;-1.273184;-0.149129;2.918361;
WristLeft;-1.423473;0.04708666;3.371947;
HandRight;-1.254108;-0.232214;2.915498;
HandLeft;-1.397931;-0.04589168;3.385277;
Spine;-1.396585;0.1624931;3.087679;
HipCenter;-1.37866;0.08181322;3.087603;
HipRight;-1.330287;0.0131588;3.011813;
HipLeft;-1.39817;-0.02119081;3.151048;
KneeRight;-1.537199;-0.6215951;3.125273;
KneeLeft;-1.307184;-0.679829;3.277977;
AnkleRight;-1.543742;-1.041765;3.134053;
AnkleLeft;-1.231444;-1.070857;3.252584;
FootRight;-1.657221;-1.078913;3.085443;
FootLeft;-1.342622;-1.028274;3.203124;
Head;-1.544954;0.6948705;3.014392;
ShoulderCenter;-1.488183;0.5531392;3.092015;
ShoulderRight;-1.405855;0.3912702;2.977515;
ShoulderLeft;-1.557922;0.4148965;3.202906;
ElbowRight;-1.332415;0.1410474;2.922978;
ElbowLeft;-1.320707;0.1898871;3.277642;
WristRight;-1.311304;-0.1200642;2.910471;
WristLeft;-1.465755;0.0007282943;3.380434;
HandRight;-1.303722;-0.1941253;2.910965;
HandLeft;-1.440165;-0.09242541;3.39379;
Spine;-1.44443;0.1503247;3.080526;
HipCenter;-1.433889;0.07064433;3.082829;
HipRight;-1.391665;-0.0008957803;3.000482;
HipLeft;-1.452947;-0.03217376;3.158044;
KneeRight;-1.578907;-0.6315416;3.076561;
KneeLeft;-1.339253;-0.548888;3.260467;
AnkleRight;-1.583008;-1.044219;3.083769;
AnkleLeft;-1.24237;-1.028219;3.251176;
FootRight;-1.696662;-1.081424;3.035085;
FootLeft;-1.342034;-0.95723;3.209955;
Head;-1.544608;0.6959944;3.011364;
ShoulderCenter;-1.528286;0.5279494;3.066609;
ShoulderRight;-1.450884;0.3890043;2.970771;
ShoulderLeft;-1.598025;0.3897066;3.1775;
ElbowRight;-1.402394;0.1326319;2.92111;
ElbowLeft;-1.377993;0.1939653;3.308514;
WristRight;-1.355561;-0.1888944;2.927942;
WristLeft;-1.523041;0.004806474;3.411302;
HandRight;-1.347316;-0.2711583;2.928515;
HandLeft;-1.497403;-0.08852556;3.424683;
Spine;-1.466624;0.127508;3.068106;
HipCenter;-1.455361;0.04671117;3.071365;
HipRight;-1.414294;-0.001137679;3.01734;
HipLeft;-1.483091;-0.0210509;3.112226;
KneeRight;-1.595828;-0.6372377;3.089705;
KneeLeft;-1.35662;-0.6496279;3.271299;
AnkleRight;-1.599929;-1.049915;3.096907;
AnkleLeft;-1.23849;-1.068201;3.2562;
FootRight;-1.71374;-1.087172;3.048155;
FootLeft;-1.320911;-0.9766163;3.217;
Head;-1.569969;0.6977333;3.017232;
ShoulderCenter;-1.532962;0.5280519;3.064729;
ShoulderRight;-1.462919;0.3772224;2.96299;
ShoulderLeft;-1.602701;0.3898092;3.17562;
ElbowRight;-1.43811;0.1184555;2.907608;
ElbowLeft;-1.415905;0.167452;3.265509;
WristRight;-1.575886;-0.09790573;2.942101;
WristLeft;-1.560953;-0.02170683;3.368309;
HandRight;-1.557405;-0.1640967;2.938995;
HandLeft;-1.535288;-0.1151343;3.381704;
Spine;-1.493228;0.1020148;3.064358;
HipCenter;-1.487244;0.01306554;3.068143;
HipRight;-1.445142;-0.02505411;3.037308;
HipLeft;-1.515258;-0.02877361;3.098643;
KneeRight;-1.497101;-0.5109583;3.22812;
KneeLeft;-1.426353;-0.6454694;3.266053;
AnkleRight;-1.501202;-0.9236353;3.235347;
AnkleLeft;-1.241848;-1.06912;3.257221;
FootRight;-1.615051;-0.9609047;3.186579;
FootLeft;-1.316181;-0.9694072;3.221713;
Head;-1.598819;0.6952905;3.029567;
ShoulderCenter;-1.557419;0.5230963;3.07092;
ShoulderRight;-1.486161;0.3807495;2.968493;
ShoulderLeft;-1.627158;0.3848535;3.181811;
ElbowRight;-1.497156;0.1235292;2.898866;
ElbowLeft;-1.539119;0.07369214;3.011949;
WristRight;-1.579054;-0.1571045;2.956046;
WristLeft;-1.454419;-0.2616736;2.928861;
HandRight;-1.570808;-0.2393684;2.95662;
HandLeft;-1.408953;-0.3166011;2.94015;
Spine;-1.498991;0.0674523;3.152386;
HipCenter;-1.485376;-0.02328548;3.171863;
HipRight;-1.431907;-0.06503253;3.23761;
HipLeft;-1.522852;-0.08812179;3.122458;
KneeRight;-1.563134;-0.550208;3.242203;
KneeLeft;-1.430874;-0.6431898;3.267984;
AnkleRight;-1.560241;-0.9370266;3.248385;
AnkleLeft;-1.2472;-1.069176;3.259028;
FootRight;-1.67404;-0.9742793;3.199639;
FootLeft;-1.313749;-0.9672388;3.215509;
Head;-1.570484;0.5096818;3.136989;
ShoulderCenter;-1.535882;0.3346788;3.174953;
ShoulderRight;-1.465179;0.1958358;3.0725;
ShoulderLeft;-1.517327;0.1978974;3.036186;
ElbowRight;-1.572978;0.01811831;2.887677;
ElbowLeft;-1.52358;-0.0331381;2.88872;
WristRight;-1.604173;-0.2023107;3.015575;
WristLeft;-1.519872;-0.2863122;2.930566;
HandRight;-1.595927;-0.2845746;3.016148;
HandLeft;-1.48297;-0.3760032;2.943196;
Spine;-1.537683;-0.02501684;3.257231;
HipCenter;-1.538043;-0.09695597;3.277354;
HipRight;-1.516456;-0.111976;3.339413;
HipLeft;-1.560052;-0.1660428;3.232326;
KneeRight;-1.624701;-0.5978593;3.254597;
KneeLeft;-1.495746;-0.6620898;3.267073;
AnkleRight;-1.612511;-0.9374063;3.272365;
AnkleLeft;-1.27968;-1.057147;3.270097;
FootRight;-1.726078;-0.9745836;3.223718;
FootLeft;-1.344093;-0.9547617;3.225213;
Head;-1.600188;0.4534699;3.219441;
ShoulderCenter;-1.574868;0.245297;3.251623;
ShoulderRight;-1.504166;0.106454;3.149169;
ShoulderLeft;-1.556314;0.1085156;3.112855;
ElbowRight;-1.632371;0.04763499;2.903121;
ElbowLeft;-1.599888;-0.1049876;2.944361;
WristRight;-1.605101;-0.1980773;3.015916;
WristLeft;-1.563512;-0.3089805;3.083927;
HandRight;-1.596855;-0.2803412;3.016489;
HandLeft;-1.551387;-0.3769781;3.135446;
Spine;-1.588384;-0.1168099;3.263054;
HipCenter;-1.591087;-0.1892313;3.269004;
HipRight;-1.568806;-0.2029579;3.256085;
HipLeft;-1.614449;-0.2044603;3.282082;
KneeRight;-1.680866;-0.6903957;3.288931;
KneeLeft;-1.535798;-0.7006989;3.265535;
AnkleRight;-1.653385;-0.9656944;3.282743;
AnkleLeft;-1.346313;-1.063373;3.276948;
FootRight;-1.766727;-1.002798;3.234192;
FootLeft;-1.411004;-0.9612198;3.232674;
Head;-1.613523;-0.4974616;3.291524;
ShoulderCenter;-1.588204;-0.7056345;3.323747;
ShoulderRight;-1.507327;-0.8681548;3.268295;
ShoulderLeft;-1.56965;-0.8424159;3.18498;
ElbowRight;-1.539673;-0.5246683;3.186385;
ElbowLeft;-1.602397;-0.4964092;3.124057;
WristRight;-1.620309;-0.1912209;3.107398;
WristLeft;-1.662648;-0.2456279;3.105545;
HandRight;-1.632556;-0.1887425;3.091702;
HandLeft;-1.682731;-0.1620341;3.104367;
Spine;-1.637697;-0.4720587;3.277804;
HipCenter;-1.647595;-0.4253435;3.272276;
HipRight;-1.642118;-0.3754603;3.286329;
HipLeft;-1.666489;-0.411912;3.243215;
KneeRight;-1.866368;-0.9217393;3.250756;
KneeLeft;-1.675254;-1.08893;3.285667;
AnkleRight;-1.426921;-0.9863464;3.252981;
AnkleLeft;-1.387634;-1.064394;3.267842;
FootRight;-1.540248;-1.023445;3.204437;
FootLeft;-1.452316;-0.9622543;3.223573;
Head;-1.622039;-0.6200756;3.316952;
ShoulderCenter;-1.57804;-0.8031734;3.329642;
ShoulderRight;-1.505702;-0.8656878;3.278301;
ShoulderLeft;-1.559485;-0.9399549;3.190874;
ElbowRight;-1.553231;-0.5241446;3.200346;
ElbowLeft;-1.592163;-0.5946816;3.130044;
WristRight;-1.657907;-0.1970086;3.127973;
WristLeft;-1.652084;-0.344385;3.11144;
HandRight;-1.675275;-0.1992229;3.114497;
HandLeft;-1.672058;-0.2609527;3.110226;
Spine;-1.594855;-0.9895803;3.44779;
HipCenter;-1.598218;-1.026862;3.475077;
HipRight;-1.584579;-1.030883;3.547173;
HipLeft;-1.617492;-1.085295;3.439409;
KneeRight;-1.53098;-1.618112;3.49778;
KneeLeft;-1.696366;-1.560104;3.281574;
AnkleRight;-1.454507;-1.016979;3.276018;
AnkleLeft;-1.39123;-1.117189;3.267012;
FootRight;-1.567819;-1.054073;3.22748;
FootLeft;-1.455902;-1.015063;3.22275;
Head;-1.660506;-0.6130195;3.304065;
ShoulderCenter;-1.616439;-0.7964048;3.316869;
ShoulderRight;-1.562162;-0.8825398;3.260738;
ShoulderLeft;-1.597884;-0.9331863;3.178102;
ElbowRight;-1.610345;-0.5424063;3.178881;
ElbowLeft;-1.630494;-0.5886285;3.117354;
WristRight;-1.715887;-0.2174611;3.100362;
WristLeft;-1.690096;-0.3388056;3.098657;
HandRight;-1.733848;-0.2190394;3.085152;
HandLeft;-1.709963;-0.2555313;3.097409;
Spine;-1.662163;-1.117782;3.440382;
HipCenter;-1.670508;-1.182198;3.469005;
HipRight;-1.663133;-1.176618;3.488997;
HipLeft;-1.68163;-1.216698;3.459377;
KneeRight;-1.674864;-1.760377;3.386186;
KneeLeft;-1.685521;-1.804588;3.499202;
AnkleRight;-1.498437;-0.9927884;3.297249;
AnkleLeft;-1.397274;-1.444398;3.451988;
FootRight;-1.40755;-1.052849;3.27157;
FootLeft;-1.306388;-1.504458;3.426308;
