Floor;-0.02520908;0.9996784;0.00276988;1.07443;
Head;1.118755;0.6859211;3.119742;
ShoulderCenter;1.21733;0.5058446;3.104575;
ShoulderRight;1.286661;0.3882668;2.959604;
ShoulderLeft;1.170457;0.366354;3.259324;
ElbowRight;1.311214;0.1654096;2.877067;
ElbowLeft;1.134948;0.2023029;3.201153;
WristRight;1.192526;-0.02583805;2.814055;
WristLeft;1.095246;-0.02415654;3.183036;
HandRight;1.135703;-0.1016251;2.79645;
HandLeft;1.067159;-0.1514442;3.182861;
Spine;1.17983;0.06997421;3.076575;
HipCenter;1.17233;-0.01719987;3.074908;
HipRight;1.192585;-0.08074278;3.005268;
HipLeft;1.140294;-0.09060358;3.132567;
KneeRight;1.218736;-0.6030062;2.960623;
KneeLeft;1.076184;-0.6516836;3.138915;
AnkleRight;1.539189;-0.9860804;2.873324;
AnkleLeft;1.067098;-1.017797;3.045323;
FootRight;1.500103;-1.050843;2.783226;
FootLeft;0.980916;-1.061686;3.011991;
Head;1.085153;0.6965545;3.122564;
ShoulderCenter;1.186428;0.5195788;3.093387;
ShoulderRight;1.242751;0.3953757;2.967855;
ShoulderLeft;1.134884;0.3867526;3.261685;
ElbowRight;1.252844;0.1581502;2.876976;
ElbowLeft;1.102016;0.2133152;3.172081;
WristRight;1.155154;-0.06215318;2.816598;
WristLeft;1.055739;-0.02746361;3.153728;
HandRight;1.088213;-0.1597834;2.78399;
HandLeft;1.033454;-0.1135506;3.171857;
Spine;1.145273;0.151606;3.074381;
HipCenter;1.138312;0.07744691;3.074533;
HipRight;1.155721;0.001780955;2.99512;
HipLeft;1.106405;-0.001342451;3.14261;
KneeRight;1.168654;-0.579976;2.935817;
KneeLeft;1.050844;-0.6276658;3.128453;
AnkleRight;1.513381;-0.9486591;2.880997;
AnkleLeft;1.067648;-0.9970891;3.046162;
FootRight;1.521546;-1.038234;2.893064;
FootLeft;1.115855;-1.072518;3.031242;
Head;1.01903;0.7118599;3.129863;
ShoulderCenter;1.138334;0.5298513;3.101147;
ShoulderRight;1.212132;0.3971781;2.970414;
ShoulderLeft;1.086356;0.3975263;3.275728;
ElbowRight;1.206674;0.1376275;2.869863;
ElbowLeft;1.038669;0.147558;3.158697;
WristRight;1.118165;-0.1117267;2.804821;
WristLeft;1.007068;-0.1199345;3.143997;
HandRight;1.055897;-0.2511733;2.780425;
HandLeft;0.9728857;-0.2895474;3.179565;
Spine;1.10631;0.1818838;3.081443;
HipCenter;1.099905;0.1122903;3.081083;
HipRight;1.122499;0.02337093;2.991222;
HipLeft;1.065517;0.0259674;3.156744;
KneeRight;1.130345;-0.6333236;2.941147;
KneeLeft;1.018561;-0.6387199;3.127913;
AnkleRight;1.420238;-0.9533793;2.890467;
AnkleLeft;1.0665;-0.9937019;3.046007;
FootRight;1.369008;-1.030177;2.883943;
FootLeft;0.9757787;-1.040273;3.007855;
Head;0.9765083;0.7092367;3.102277;
ShoulderCenter;1.102687;0.5368024;3.107176;
ShoulderRight;1.164191;0.4050104;2.976665;
ShoulderLeft;1.05343;0.4225567;3.27101;
ElbowRight;1.194657;0.1394368;2.875657;
ElbowLeft;0.9941918;0.1761144;3.16592;
WristRight;1.106946;-0.1233741;2.826008;
WristLeft;0.9670658;-0.1018369;3.153489;
HandRight;1.078068;-0.1909732;2.793969;
HandLeft;0.9674363;-0.1803252;3.169907;
Spine;1.056397;0.1661937;3.076711;
HipCenter;1.048305;0.09184454;3.073948;
HipRight;1.066419;0.01916893;3.002531;
HipLeft;1.015346;0.02812232;3.130434;
KneeRight;1.041423;-0.6141891;2.94981;
KneeLeft;0.9816375;-0.6510394;3.123506;
AnkleRight;1.312756;-0.9457853;2.878015;
AnkleLeft;1.089804;-0.9790547;3.033929;
FootRight;1.244205;-1.036559;2.896229;
FootLeft;0.999105;-1.024414;2.998159;
Head;0.9383655;0.6876954;3.096769;
ShoulderCenter;1.057301;0.534741;3.113962;
ShoulderRight;1.123291;0.403893;2.974181;
ShoulderLeft;1.002725;0.4255476;3.262582;
ElbowRight;1.15262;0.1356676;2.889695;
ElbowLeft;0.9487821;0.2097298;3.159868;
WristRight;1.092734;-0.1363073;2.830581;
WristLeft;0.9422372;-0.05336298;3.246552;
HandRight;1.078756;-0.2111674;2.807496;
HandLeft;0.9189927;-0.128775;3.256802;
Spine;1.003648;0.1292311;3.070436;
HipCenter;0.9933209;0.04814745;3.065263;
HipRight;1.010706;-0.02574332;2.991357;
HipLeft;0.9583613;-0.01594658;3.12112;
KneeRight;0.9589751;-0.6051209;2.958288;
KneeLeft;1.073148;-0.5413839;3.116378;
AnkleRight;1.181803;-0.9753827;2.904288;
AnkleLeft;1.063861;-1.008037;3.032437;
FootRight;1.102564;-1.045696;2.893867;
FootLeft;0.97395;-1.053385;2.992727;
Head;0.890416;0.7188374;3.122931;
ShoulderCenter;1.009763;0.5419858;3.105915;
ShoulderRight;1.100685;0.415462;2.976499;
ShoulderLeft;0.9444712;0.402836;3.243331;
ElbowRight;1.120905;0.1389115;2.890379;
ElbowLeft;0.9216213;0.1090449;3.288595;
WristRight;1.079512;-0.1585276;2.829364;
WristLeft;0.8735151;-0.1873808;3.320224;
HandRight;1.066324;-0.2655044;2.809041;
HandLeft;0.8655074;-0.265928;3.356401;
Spine;0.9628406;0.1485915;3.060457;
HipCenter;0.9527533;0.07020781;3.054789;
HipRight;0.9782844;0.002738598;2.982223;
HipLeft;0.909984;-0.003201699;3.107731;
KneeRight;0.8919476;-0.6428789;2.981209;
KneeLeft;1.05822;-0.6149201;3.12868;
AnkleRight;1.055043;-0.9947345;2.917838;
AnkleLeft;0.9790781;-0.9831076;2.967375;
FootRight;0.9848665;-1.049943;2.907984;
FootLeft;1.00157;-1.031791;2.884909;
Head;0.8559466;0.697425;3.109606;
ShoulderCenter;0.970867;0.5409187;3.105519;
ShoulderRight;1.044076;0.4211716;2.981426;
ShoulderLeft;0.8999364;0.408619;3.243731;
ElbowRight;1.086075;0.1254589;2.895651;
ElbowLeft;0.8753498;0.1190697;3.303703;
WristRight;1.072115;-0.1735772;2.827956;
WristLeft;0.8075308;-0.1704226;3.35204;
HandRight;1.06077;-0.2663924;2.818964;
HandLeft;0.7675701;-0.2323378;3.346691;
Spine;0.9253613;0.1152432;3.044463;
HipCenter;0.9172965;0.03013657;3.035932;
HipRight;0.9433439;-0.04030673;2.957093;
HipLeft;0.8773767;-0.04581196;3.090603;
KneeRight;0.8107353;-0.627911;2.983957;
KneeLeft;1.020276;-0.6309429;3.130804;
AnkleRight;0.9701139;-1.016943;2.958238;
AnkleLeft;1.092773;-1.030246;3.043534;
FootRight;0.8571807;-1.059773;2.947955;
FootLeft;1.060472;-1.082156;2.978039;
Head;0.8186814;0.699479;3.092111;
ShoulderCenter;0.920425;0.5324713;3.100632;
ShoulderRight;0.9978918;0.4071765;2.979446;
ShoulderLeft;0.8632572;0.4095929;3.259009;
ElbowRight;1.047156;0.1314499;2.893565;
ElbowLeft;0.8221605;0.1045094;3.307981;
WristRight;1.055745;-0.1828678;2.833403;
WristLeft;0.7214074;-0.1650726;3.341011;
HandRight;1.054186;-0.2643881;2.831842;
HandLeft;0.6785418;-0.2288571;3.338192;
Spine;0.8935766;0.1269999;3.044413;
HipCenter;0.8861754;0.04583013;3.036654;
HipRight;0.9106852;-0.03596313;2.946434;
HipLeft;0.8497432;-0.0364889;3.099562;
KneeRight;0.7232271;-0.6097175;2.977934;
KneeLeft;0.90964;-0.6568475;3.090922;
AnkleRight;0.8017209;-1.019829;2.943311;
AnkleLeft;1.052189;-1.018813;3.046772;
FootRight;0.6901736;-1.073875;2.938424;
FootLeft;0.9774828;-1.068981;3.131643;
Head;0.7571665;0.6931385;3.097291;
ShoulderCenter;0.8677185;0.5377321;3.098377;
ShoulderRight;0.9527168;0.4147145;2.975439;
ShoulderLeft;0.8079389;0.4043753;3.243579;
ElbowRight;1.024335;0.1193099;2.897752;
ElbowLeft;0.7713724;0.1077982;3.319073;
WristRight;1.0453;-0.1890379;2.832995;
WristLeft;0.6469788;-0.1345702;3.331508;
HandRight;1.046264;-0.2630606;2.833715;
HandLeft;0.5887355;-0.1903624;3.332148;
Spine;0.8514614;0.1214233;3.031094;
HipCenter;0.8494158;0.03859001;3.022051;
HipRight;0.8830047;-0.02710602;2.950057;
HipLeft;0.8102076;-0.02917932;3.065618;
KneeRight;0.6754942;-0.5904796;2.991896;
KneeLeft;0.8004847;-0.6481751;3.049968;
AnkleRight;0.6241165;-1.021756;2.934776;
AnkleLeft;1.055455;-1.01378;3.047263;
FootRight;0.5086483;-1.075423;2.952718;
FootLeft;0.9924759;-1.070296;3.144085;
Head;0.7046815;0.702396;3.069209;
ShoulderCenter;0.8305396;0.5424886;3.094039;
ShoulderRight;0.8992194;0.4070709;2.972257;
ShoulderLeft;0.7541499;0.3900524;3.222478;
ElbowRight;0.968338;0.1041419;2.898173;
ElbowLeft;0.7107572;0.09562019;3.292537;
WristRight;1.008757;-0.1940501;2.839449;
WristLeft;0.5908316;-0.1127514;3.347056;
HandRight;1.025945;-0.2650229;2.839479;
HandLeft;0.5116737;-0.1649023;3.346869;
Spine;0.801379;0.1543223;3.036061;
HipCenter;0.7966666;0.07654573;3.028298;
HipRight;0.823669;0.01030861;2.935919;
HipLeft;0.7594342;-0.02606077;3.091679;
KneeRight;0.6185418;-0.584741;2.985042;
KneeLeft;0.7622318;-0.6448888;3.039746;
AnkleRight;0.4934288;-1.013479;2.937763;
AnkleLeft;1.054604;-1.007434;3.047279;
FootRight;0.3881695;-1.05442;2.92231;
FootLeft;0.9941485;-1.069788;3.145612;
Head;0.6814443;0.6947566;3.07342;
ShoulderCenter;0.7776501;0.5298853;3.091458;
ShoulderRight;0.844648;0.396335;2.957122;
ShoulderLeft;0.7202183;0.3920763;3.222068;
ElbowRight;0.9270916;0.09751543;2.884449;
ElbowLeft;0.6580092;0.09912392;3.283193;
WristRight;0.9738563;-0.1936584;2.845246;
WristLeft;0.5387731;-0.08732482;3.335465;
HandRight;0.9874215;-0.2692754;2.850439;
HandLeft;0.4588461;-0.143017;3.339131;
Spine;0.7585208;0.1446851;3.030297;
HipCenter;0.7544589;0.06755675;3.021788;
HipRight;0.7757465;0.005818072;2.935098;
HipLeft;0.7263374;-0.01876642;3.082558;
KneeRight;0.5870256;-0.5499803;2.978144;
KneeLeft;0.7098632;-0.6423904;3.033074;
AnkleRight;0.4228677;-1.011538;2.949094;
AnkleLeft;1.045829;-0.9963112;3.046408;
FootRight;0.2944153;-1.038634;2.947804;
FootLeft;1.006213;-1.058135;3.15524;
Head;0.6288265;0.7036254;3.062047;
ShoulderCenter;0.729454;0.5325701;3.072677;
ShoulderRight;0.8092626;0.3922775;2.949149;
ShoulderLeft;0.6579927;0.3943892;3.167221;
ElbowRight;0.874666;0.09729454;2.869908;
ElbowLeft;0.6140418;0.1208581;3.280918;
WristRight;0.9277233;-0.1946391;2.837206;
WristLeft;0.4929323;-0.06640824;3.336556;
HandRight;0.939144;-0.2732969;2.845028;
HandLeft;0.4287335;-0.1368216;3.359859;
Spine;0.7096303;0.1261305;3.010805;
HipCenter;0.7056655;0.04484253;3.002132;
HipRight;0.7402409;-0.001164657;2.929767;
HipLeft;0.6705292;-0.04241461;3.0518;
KneeRight;0.5173714;-0.5429973;3.001438;
KneeLeft;0.5443267;-0.656226;2.977342;
AnkleRight;0.3547809;-1.003419;2.972527;
AnkleLeft;0.9435325;-0.9261434;3.026376;
FootRight;0.2506724;-1.04813;2.954667;
FootLeft;0.9637353;-1.030251;3.105692;
Head;0.5719868;0.6984519;3.081208;
ShoulderCenter;0.6766965;0.5152979;3.060409;
ShoulderRight;0.7499313;0.3808738;2.938176;
ShoulderLeft;0.6030589;0.3574683;3.166605;
ElbowRight;0.8204222;0.09934097;2.861731;
ElbowLeft;0.5507848;0.08319131;3.294873;
WristRight;0.8654675;-0.2008958;2.814464;
WristLeft;0.4359698;-0.1091215;3.357586;
HandRight;0.8917683;-0.2927535;2.841936;
HandLeft;0.3468496;-0.1567474;3.365574;
Spine;0.6593901;0.1183083;3.004405;
HipCenter;0.6559289;0.03891036;2.996906;
HipRight;0.6867412;-0.01580877;2.913111;
HipLeft;0.6185891;-0.05610326;3.05598;
KneeRight;0.4150521;-0.5516484;2.987453;
KneeLeft;0.5082295;-0.6492082;2.978057;
AnkleRight;0.348494;-1.029186;2.96729;
AnkleLeft;0.9139493;-0.9102446;3.024159;
FootRight;0.2391715;-1.06922;2.970937;
FootLeft;0.8257618;-0.959353;2.967628;
Head;0.5404408;0.6941476;3.07286;
ShoulderCenter;0.6295482;0.5102798;3.041027;
ShoulderRight;0.7028177;0.3735802;2.924454;
ShoulderLeft;0.5566089;0.3763966;3.169581;
ElbowRight;0.7779819;0.07455863;2.852617;
ElbowLeft;0.527422;0.09593585;3.290636;
WristRight;0.8103914;-0.2088525;2.80168;
WristLeft;0.3837419;-0.07923381;3.342762;
HandRight;0.8334418;-0.2962804;2.818103;
HandLeft;0.306991;-0.1223402;3.347686;
Spine;0.6030989;0.09531219;2.991982;
HipCenter;0.597809;0.01231866;2.985869;
HipRight;0.6300424;-0.03428366;2.917023;
HipLeft;0.5574872;-0.06797952;3.036805;
KneeRight;0.7858877;-0.5142982;3.12136;
KneeLeft;0.4879041;-0.6460949;2.987329;
AnkleRight;0.4764933;-0.8803006;3.004153;
AnkleLeft;0.8929753;-0.906031;3.033107;
FootRight;0.3880352;-0.9288619;2.950135;
FootLeft;0.8045171;-0.9545923;2.979089;
Head;0.4796012;0.6854088;3.037334;
ShoulderCenter;0.5833105;0.5198384;3.034693;
ShoulderRight;0.6539617;0.3722627;2.916702;
ShoulderLeft;0.5060824;0.3551962;3.136486;
ElbowRight;0.7193335;0.08567338;2.845075;
ElbowLeft;0.4645838;0.09992701;3.292049;
WristRight;0.7557669;-0.2159968;2.795117;
WristLeft;0.3376112;-0.09067857;3.342709;
HandRight;0.7651187;-0.2956451;2.801927;
HandLeft;0.250484;-0.1327154;3.342684;
Spine;0.5758915;0.09398665;2.98048;
HipCenter;0.5732938;0.009325907;2.973492;
HipRight;0.6092077;-0.03583713;2.906023;
HipLeft;0.5339881;-0.06991616;3.022868;
KneeRight;0.7324513;-0.5167572;3.11253;
KneeLeft;0.5374966;-0.6368732;3.042696;
AnkleRight;0.4470784;-0.9001036;2.998069;
AnkleLeft;0.9104109;-0.9433357;3.063996;
FootRight;0.3613403;-0.9493555;2.940009;
FootLeft;0.8246728;-0.9925876;3.005936;
Head;0.4377813;0.671101;3.009768;
ShoulderCenter;0.5344138;0.5085737;3.02423;
ShoulderRight;0.6052316;0.3760559;2.901771;
ShoulderLeft;0.4561226;0.3497801;3.132357;
ElbowRight;0.666741;0.07568564;2.826338;
ElbowLeft;0.4151662;0.1453525;3.349625;
WristRight;0.6885407;-0.2227682;2.788084;
WristLeft;0.3033021;-0.1078321;3.346004;
HandRight;0.6964634;-0.3136656;2.797223;
HandLeft;0.2360445;-0.1406058;3.344369;
Spine;0.5151527;0.09530758;2.977167;
HipCenter;0.5113005;0.01265436;2.971432;
HipRight;0.5476386;-0.03257259;2.902774;
HipLeft;0.4691406;-0.06703319;3.023002;
KneeRight;0.6430954;-0.4771233;3.116414;
KneeLeft;0.5079275;-0.643582;3.044425;
AnkleRight;0.4256933;-0.9017975;3.004804;
AnkleLeft;0.8798643;-0.949241;3.065727;
FootRight;0.3400481;-0.9498961;2.949603;
FootLeft;0.7942191;-0.9973396;3.010526;
Head;0.4043801;0.6644499;2.998446;
ShoulderCenter;0.5014113;0.5094678;3.014874;
ShoulderRight;0.5795835;0.3731198;2.895384;
ShoulderLeft;0.412557;0.3648466;3.127127;
ElbowRight;0.6101682;0.08135581;2.821029;
ElbowLeft;0.3710557;0.09645641;3.270017;
WristRight;0.6113928;-0.2190345;2.766362;
WristLeft;0.2781106;-0.1185742;3.346782;
HandRight;0.6137181;-0.3059642;2.778251;
HandLeft;0.2015181;-0.1767544;3.327718;
Spine;0.4595703;0.1031799;2.974999;
HipCenter;0.4525799;0.02188493;2.971061;
HipRight;0.4894158;-0.02510454;2.913718;
HipLeft;0.4060783;-0.04353381;3.015289;
KneeRight;0.5868998;-0.4741853;3.115111;
KneeLeft;0.4226595;-0.6517437;3.019165;
AnkleRight;0.4124687;-0.9181086;3.011612;
AnkleLeft;0.8258082;-0.902154;3.077815;
FootRight;0.3304264;-0.9650059;2.951728;
FootLeft;0.7437658;-0.9490513;3.017931;
Head;0.3460767;0.6742797;2.981884;
ShoulderCenter;0.4482704;0.5111833;3.003483;
ShoulderRight;0.5201967;0.3759897;2.883949;
ShoulderLeft;0.3657016;0.3669091;3.117638;
ElbowRight;0.5673814;0.09079989;2.80522;
ElbowLeft;0.3245404;0.1702152;3.337571;
WristRight;0.5325022;-0.1913152;2.762847;
WristLeft;0.2476854;-0.1392506;3.3509;
HandRight;0.5283011;-0.2918983;2.751365;
HandLeft;0.1924731;-0.181204;3.322612;
Spine;0.4107549;0.1270749;2.975966;
HipCenter;0.4032517;0.05025324;2.974105;
HipRight;0.4364003;-0.007594919;2.910442;
HipLeft;0.3581862;-0.01391171;3.026047;
KneeRight;0.530422;-0.4561206;3.114048;
KneeLeft;0.4812355;-0.6593996;3.094804;
AnkleRight;0.3958527;-0.9116713;3.008056;
AnkleLeft;0.8056712;-0.9350682;3.104429;
FootRight;0.3106592;-0.9594482;2.951075;
FootLeft;0.8051915;-1.047882;3.169114;
Head;0.3134381;0.6860321;2.986753;
ShoulderCenter;0.4114813;0.5200809;2.99449;
ShoulderRight;0.4841504;0.3817524;2.882946;
ShoulderLeft;0.3259378;0.3908869;3.098783;
ElbowRight;0.5101864;0.1257684;2.80999;
ElbowLeft;0.2869528;0.1251943;3.240857;
WristRight;0.4341162;-0.1831129;2.77845;
WristLeft;0.2326617;-0.1659071;3.343349;
HandRight;0.4245014;-0.2809612;2.767878;
HandLeft;0.1885065;-0.2199683;3.317875;
Spine;0.3629158;0.1126045;2.989154;
HipCenter;0.3541849;0.03087165;2.991973;
HipRight;0.3823223;-0.02704165;2.934347;
HipLeft;0.3122185;-0.04067332;3.045317;
KneeRight;0.3042586;-0.6303787;2.945215;
KneeLeft;0.4822482;-0.6802287;3.109644;
AnkleRight;0.3455473;-1.039319;2.97015;
AnkleLeft;0.7236189;-0.9357391;3.115969;
FootRight;0.2509682;-1.091766;2.980075;
FootLeft;0.7262121;-1.029725;3.131678;
Head;0.2583702;0.6900447;2.992227;
ShoulderCenter;0.3609289;0.5257447;2.982888;
ShoulderRight;0.4383478;0.3862673;2.880714;
ShoulderLeft;0.2830926;0.3950888;3.089001;
ElbowRight;0.4607443;0.09878279;2.818769;
ElbowLeft;0.2519185;0.1471349;3.253514;
WristRight;0.3626555;-0.1958713;2.76422;
WristLeft;0.2099974;-0.1637658;3.277744;
HandRight;0.3355401;-0.2628998;2.74793;
HandLeft;0.1761029;-0.2102405;3.324485;
Spine;0.3381035;0.1089381;2.989748;
HipCenter;0.3319089;0.02606033;2.994044;
HipRight;0.3586649;-0.03410828;2.93924;
HipLeft;0.2941761;-0.04619298;3.047057;
KneeRight;0.2998972;-0.6393658;2.946098;
KneeLeft;0.4665007;-0.6989301;3.138672;
AnkleRight;0.3452145;-1.03891;2.968746;
AnkleLeft;0.6579745;-0.9909164;3.122657;
FootRight;0.2657166;-1.090526;2.972874;
FootLeft;0.5680876;-1.067722;3.172631;
Head;0.2372749;0.6785068;2.98711;
ShoulderCenter;0.3248483;0.4576751;2.984649;
ShoulderRight;0.4039143;0.3952657;2.878366;
ShoulderLeft;0.2559272;0.4046212;3.102015;
ElbowRight;0.4005119;0.1241628;2.792629;
ElbowLeft;0.2191705;0.1447887;3.247777;
WristRight;0.3240381;-0.1112651;2.768965;
WristLeft;0.176151;-0.1661074;3.263624;
HandRight;0.2759963;-0.1993361;2.76272;
HandLeft;0.1320651;-0.2214142;3.286369;
Spine;0.2973787;0.1031437;2.994121;
HipCenter;0.2909516;0.03106583;2.999628;
HipRight;0.3128465;-0.0305832;2.947019;
HipLeft;0.2560816;-0.04159453;3.0525;
KneeRight;0.2980408;-0.6408866;2.946741;
KneeLeft;0.433445;-0.6959227;3.124623;
AnkleRight;0.3435689;-1.036793;2.9664;
AnkleLeft;0.5151508;-1.028767;3.143197;
FootRight;0.2658996;-1.090497;2.972643;
FootLeft;0.4532827;-1.099426;3.131565;
Head;0.1933523;0.6978502;2.99119;
ShoulderCenter;0.2776247;0.4721918;2.989204;
ShoulderRight;0.3582847;0.4038877;2.875172;
ShoulderLeft;0.2047852;0.4030011;3.072813;
ElbowRight;0.3733728;0.1522706;2.787817;
ElbowLeft;0.1695732;0.1410134;3.2147;
WristRight;0.2312314;-0.1175937;2.756018;
WristLeft;0.1272278;-0.1696069;3.229014;
HandRight;0.1728713;-0.196684;2.737261;
HandLeft;0.08954199;-0.2266507;3.257228;
Spine;0.2556486;0.101023;2.994682;
HipCenter;0.2513876;0.02702859;2.999484;
HipRight;0.2814488;-0.03093497;2.951361;
HipLeft;0.2153487;-0.03826572;3.045861;
KneeRight;0.2956886;-0.6436766;2.947746;
KneeLeft;0.09952506;-0.5547901;3.129019;
AnkleRight;0.3428629;-1.0371;2.966428;
AnkleLeft;0.4079926;-0.9116246;3.125718;
FootRight;0.2657319;-1.091766;2.973137;
FootLeft;0.3221818;-1.006801;3.130212;
Head;0.1552359;0.7207509;2.982466;
ShoulderCenter;0.244794;0.5515826;3.004591;
ShoulderRight;0.3288708;0.4082447;2.876093;
ShoulderLeft;0.1721399;0.4823349;3.088181;
ElbowRight;0.3125209;0.1488141;2.785938;
ElbowLeft;0.1313103;0.2207279;3.228851;
WristRight;0.1764414;-0.07749216;2.738267;
WristLeft;0.08676071;-0.08697775;3.261873;
HandRight;0.1090975;-0.1484184;2.716371;
HandLeft;0.04901442;-0.1441132;3.290132;
Spine;0.2140762;0.1262894;2.996569;
HipCenter;0.2103532;0.04061536;2.998702;
HipRight;0.2423254;-0.01351405;2.948305;
HipLeft;0.1666001;-0.02256444;3.044387;
KneeRight;0.2753875;-0.653332;2.959853;
KneeLeft;0.06799687;-0.6001539;3.127832;
AnkleRight;0.3414348;-1.037296;2.967146;
AnkleLeft;0.1938991;-1.030221;3.120887;
FootRight;0.2636014;-1.092304;2.973258;
FootLeft;0.1286336;-1.088424;3.216012;
Head;0.1018978;0.7079704;2.995378;
ShoulderCenter;0.2056645;0.553335;3.000752;
ShoulderRight;0.277594;0.4097048;2.872967;
ShoulderLeft;0.1330104;0.4840873;3.084343;
ElbowRight;0.2574885;0.144675;2.774102;
ElbowLeft;0.09227023;0.2230537;3.224592;
WristRight;0.06875746;-0.1029234;2.719151;
WristLeft;0.04781812;-0.0839448;3.257694;
HandRight;-0.001948912;-0.1579557;2.68908;
HandLeft;0.01046854;-0.1404798;3.285656;
Spine;0.1808394;0.1260368;2.989928;
HipCenter;0.1742182;0.04048851;2.991038;
HipRight;0.207751;-0.006518491;2.943367;
HipLeft;0.1353766;-0.02534718;3.033976;
KneeRight;0.266656;-0.6537502;2.960613;
KneeLeft;0.04163544;-0.6370465;3.1336;
AnkleRight;0.3391398;-1.037705;2.968899;
AnkleLeft;0.0955305;-1.02098;3.122322;
FootRight;0.2606396;-1.094184;2.973339;
FootLeft;-0.001351222;-1.070195;3.195442;
Head;0.1294291;0.7581934;3.013486;
ShoulderCenter;0.1614175;0.5507867;2.997105;
ShoulderRight;0.2501267;0.4110573;2.873316;
ShoulderLeft;0.08876342;0.481539;3.080696;
ElbowRight;0.2303784;0.1531368;2.781716;
ElbowLeft;0.04811242;0.2210768;3.220621;
WristRight;0.02470654;-0.07460681;2.704154;
WristLeft;0.003757484;-0.08521682;3.25385;
HandRight;-0.05881824;-0.1525887;2.684279;
HandLeft;-0.03319073;-0.1411442;3.281512;
Spine;0.1446801;0.129637;2.982632;
HipCenter;0.1421233;0.04509282;2.983665;
HipRight;0.1834917;-0.003668812;2.937417;
HipLeft;0.09337872;-0.01331891;3.023265;
KneeRight;0.2454281;-0.6475655;2.962777;
KneeLeft;-0.02421161;-0.650421;3.137091;
AnkleRight;0.333673;-1.04472;2.979596;
AnkleLeft;-0.01663584;-1.01767;3.125157;
FootRight;0.2525646;-1.098026;2.976326;
FootLeft;-0.1313827;-1.063705;3.169615;
Head;0.1132954;0.7495152;3.007141;
ShoulderCenter;0.1132534;0.5421213;2.991298;
ShoulderRight;0.1933794;0.4001212;2.873073;
ShoulderLeft;0.04059934;0.4728737;3.074889;
ElbowRight;0.1718831;0.1418985;2.781549;
ElbowLeft;2.853572E-05;0.2129252;3.214557;
WristRight;-0.03996907;-0.07388045;2.687534;
WristLeft;-0.04423904;-0.09273505;3.247916;
HandRight;-0.114626;-0.1381501;2.670619;
HandLeft;-0.08123696;-0.1487377;3.275615;
Spine;0.1049507;0.1300264;2.985165;
HipCenter;0.1022389;0.04740841;2.9875;
HipRight;0.1406101;-0.005505591;2.929642;
HipLeft;0.05803784;-0.02081047;3.04031;
KneeRight;0.2344146;-0.6453229;2.963302;
KneeLeft;-0.082739;-0.6217971;3.142028;
AnkleRight;0.3337201;-1.045234;2.981175;
AnkleLeft;-0.1906551;-1.039448;3.118756;
FootRight;0.2534502;-1.097396;2.975475;
FootLeft;-0.2666124;-1.088454;3.15078;
Head;-0.03582201;0.7045847;3.007128;
ShoulderCenter;0.07168368;0.5460644;2.984225;
ShoulderRight;0.1494559;0.4019177;2.878807;
ShoulderLeft;-0.0009704167;0.4768167;3.067816;
ElbowRight;0.1365176;0.1480843;2.78075;
ElbowLeft;-0.04671036;0.2223038;3.213406;
WristRight;-0.08293718;-0.05763012;2.682923;
WristLeft;-0.09378721;-0.08037606;3.258101;
HandRight;-0.1636731;-0.130733;2.66892;
HandLeft;-0.1308356;-0.1364551;3.285837;
Spine;0.05248291;0.1302063;2.987599;
HipCenter;0.04936532;0.04696608;2.992013;
HipRight;0.08778962;-0.01066705;2.933254;
HipLeft;0.006244105;-0.02080936;3.049161;
KneeRight;0.213965;-0.6457918;2.960773;
KneeLeft;-0.1240213;-0.6159123;3.134754;
AnkleRight;0.3329666;-1.044894;2.98174;
AnkleLeft;-0.300618;-1.029451;3.123757;
FootRight;0.2536965;-1.09821;2.975871;
FootLeft;-0.4193403;-1.048391;3.171869;
Head;-0.06691619;0.6931815;2.986885;
ShoulderCenter;0.01816119;0.5365278;2.992459;
ShoulderRight;0.1103432;0.3961247;2.878975;
ShoulderLeft;-0.05449291;0.4672801;3.07605;
ElbowRight;0.08666575;0.1555021;2.775375;
ElbowLeft;-0.09805998;0.2129793;3.221761;
WristRight;-0.1238651;-0.0594835;2.679661;
WristLeft;-0.1439998;-0.08936805;3.266721;
HandRight;-0.2159099;-0.1355226;2.666297;
HandLeft;-0.1807961;-0.1450655;3.294268;
Spine;0.008069617;0.1240776;2.981807;
HipCenter;0.005785899;0.04151839;2.983421;
HipRight;0.04827122;-0.008411448;2.937379;
HipLeft;-0.04017831;-0.01746979;3.022679;
KneeRight;0.1896828;-0.6486005;2.959074;
KneeLeft;-0.1785465;-0.6203904;3.131369;
AnkleRight;0.3316575;-1.043365;2.982469;
AnkleLeft;-0.3516933;-1.026979;3.120386;
FootRight;0.2522052;-1.097535;2.976611;
FootLeft;-0.464468;-1.059055;3.177326;
Head;-0.1143971;0.6848217;2.992667;
ShoulderCenter;-0.02705501;0.5310972;3.008779;
ShoulderRight;0.05742613;0.3928422;2.88956;
ShoulderLeft;-0.09970911;0.4618495;3.09237;
ElbowRight;0.03413238;0.1404858;2.774223;
ElbowLeft;-0.1382754;0.1813547;3.191811;
WristRight;-0.167808;-0.0785404;2.671504;
WristLeft;-0.1804124;-0.125434;3.204414;
HandRight;-0.2501502;-0.1299041;2.662724;
HandLeft;-0.2171116;-0.1809844;3.231889;
Spine;-0.04342415;0.122703;2.988371;
HipCenter;-0.04655422;0.04104147;2.987839;
HipRight;-0.005464318;-0.009427291;2.939884;
HipLeft;-0.0917942;-0.01676234;3.027851;
KneeRight;0.1626957;-0.6544141;2.961536;
KneeLeft;-0.2209448;-0.6318758;3.130559;
AnkleRight;0.3231781;-1.042704;2.987674;
AnkleLeft;-0.3606616;-1.039253;3.118512;
FootRight;0.2464737;-1.100338;2.975587;
FootLeft;-0.4788432;-1.077335;3.159744;
Head;-0.1532459;0.6763193;2.985319;
ShoulderCenter;-0.07347026;0.5213146;3.009528;
ShoulderRight;0.01438351;0.3808499;2.889826;
ShoulderLeft;-0.1461244;0.4520669;3.093119;
ElbowRight;-0.01219624;0.116371;2.785839;
ElbowLeft;-0.1774612;0.1732347;3.197091;
WristRight;-0.2193422;-0.09391198;2.67497;
WristLeft;-0.21674;-0.1339335;3.204308;
HandRight;-0.2759922;-0.1365705;2.66178;
HandLeft;-0.2534935;-0.1895662;3.231823;
Spine;-0.087924;0.1081519;2.98318;
HipCenter;-0.09108;0.02543028;2.981472;
HipRight;-0.04759565;-0.01758185;2.940076;
HipLeft;-0.1365208;-0.03142568;3.014019;
KneeRight;0.1081097;-0.6554542;2.963794;
KneeLeft;-0.2560039;-0.6305704;3.127769;
AnkleRight;0.3106815;-1.039275;2.988105;
AnkleLeft;-0.3649905;-1.04249;3.110129;
FootRight;0.2394518;-1.103401;2.974008;
FootLeft;-0.4812678;-1.08286;3.15516;
Head;-0.2096799;0.685639;2.984171;
ShoulderCenter;-0.1181823;0.5249313;3.011395;
ShoulderRight;-0.03924742;0.3799307;2.897271;
ShoulderLeft;-0.1908364;0.4556836;3.094986;
ElbowRight;-0.07174362;0.1001275;2.781936;
ElbowLeft;-0.2266254;0.1776232;3.199317;
WristRight;-0.240393;-0.1095843;2.672142;
WristLeft;-0.2677698;-0.1292779;3.205958;
HandRight;-0.3103131;-0.1617845;2.6527;
HandLeft;-0.3042726;-0.1845311;3.233286;
Spine;-0.1481823;0.1044416;2.985443;
HipCenter;-0.1536879;0.02030365;2.983825;
HipRight;-0.1161758;-0.0205565;2.945935;
HipLeft;-0.1974868;-0.03491224;3.01365;
KneeRight;0.04799425;-0.6575029;2.959987;
KneeLeft;-0.3083461;-0.6620075;3.126255;
AnkleRight;0.3002896;-1.028595;2.980502;
AnkleLeft;-0.3694906;-1.044023;3.103882;
FootRight;0.2181043;-1.090976;2.993826;
FootLeft;-0.479362;-1.099132;3.150532;
Head;-0.2540414;0.6850014;2.997334;
ShoulderCenter;-0.1590124;0.5249754;3.010687;
ShoulderRight;-0.08107572;0.379773;2.903934;
ShoulderLeft;-0.2316665;0.4557277;3.094278;
ElbowRight;-0.1021741;0.1283238;2.791615;
ElbowLeft;-0.2646076;0.1774198;3.198653;
WristRight;-0.2636769;-0.123032;2.693119;
WristLeft;-0.3045792;-0.1295581;3.205246;
HandRight;-0.3420725;-0.1985521;2.661372;
HandLeft;-0.3411673;-0.1849406;3.232638;
Spine;-0.1915341;0.1200681;2.992739;
HipCenter;-0.1989966;0.03974468;2.993064;
HipRight;-0.1645838;-0.004112619;2.951345;
HipLeft;-0.2394404;-0.0205143;3.027384;
KneeRight;-0.03909383;-0.6543028;2.959322;
KneeLeft;-0.3597308;-0.6447185;3.13043;
AnkleRight;0.2653546;-0.9875844;2.966211;
AnkleLeft;-0.3763151;-1.04337;3.098972;
FootRight;0.225747;-1.074625;2.981929;
FootLeft;-0.4698524;-1.102245;3.140707;
Head;-0.3100172;0.6780304;3.005571;
ShoulderCenter;-0.2099249;0.5325564;3.010231;
ShoulderRight;-0.1330716;0.3840497;2.904792;
ShoulderLeft;-0.282579;0.4633088;3.093822;
ElbowRight;-0.1530375;0.1006226;2.793063;
ElbowLeft;-0.3167547;0.1849813;3.198157;
WristRight;-0.2878644;-0.1549026;2.691279;
WristLeft;-0.3572421;-0.1220679;3.204736;
HandRight;-0.3472227;-0.2120259;2.664324;
HandLeft;-0.3939326;-0.1776054;3.232205;
Spine;-0.240618;0.122906;2.997413;
HipCenter;-0.2456227;0.04095802;2.998308;
HipRight;-0.2119806;-0.001235982;2.948767;
HipLeft;-0.2897565;-0.03177199;3.042067;
KneeRight;-0.1495941;-0.5997877;2.940212;
KneeLeft;-0.3775389;-0.671747;3.118731;
AnkleRight;0.1855405;-0.9358031;2.957469;
AnkleLeft;-0.3787475;-1.043525;3.096219;
FootRight;0.2000245;-1.064066;2.978894;
FootLeft;-0.465894;-1.099853;3.126183;
Head;-0.342352;0.6789824;2.998006;
ShoulderCenter;-0.2603164;0.5283271;3.019081;
ShoulderRight;-0.165589;0.3889849;2.908678;
ShoulderLeft;-0.3329705;0.4590794;3.102672;
ElbowRight;-0.1818103;0.09517755;2.795993;
ElbowLeft;-0.367119;0.1809742;3.2069;
WristRight;-0.3050017;-0.1744802;2.702884;
WristLeft;-0.4075717;-0.1258252;3.213536;
HandRight;-0.3486371;-0.2350215;2.684429;
HandLeft;-0.4443243;-0.1814565;3.24105;
Spine;-0.276386;0.08231036;2.996202;
HipCenter;-0.2795999;-0.006892979;2.995218;
HipRight;-0.2402679;-0.04124878;2.966057;
HipLeft;-0.3221896;-0.06295764;3.017864;
KneeRight;-0.1788138;-0.6734413;2.943038;
KneeLeft;-0.4276302;-0.6698819;3.105271;
AnkleRight;0.1375257;-0.9486725;2.948678;
AnkleLeft;-0.3880857;-1.042441;3.093635;
FootRight;0.1120085;-1.057477;2.965857;
FootLeft;-0.474192;-1.102513;3.134832;
Head;-0.4008089;0.6819935;2.994494;
ShoulderCenter;-0.3036608;0.5347305;3.02178;
ShoulderRight;-0.2228887;0.386393;2.909931;
ShoulderLeft;-0.3763148;0.4654828;3.105371;
ElbowRight;-0.2146694;0.09769253;2.804901;
ElbowLeft;-0.4104815;0.1872293;3.209661;
WristRight;-0.3148034;-0.1789193;2.716949;
WristLeft;-0.4509573;-0.1197367;3.216254;
HandRight;-0.3432126;-0.2552345;2.702256;
HandLeft;-0.4878086;-0.1755175;3.243843;
Spine;-0.3325644;0.09006421;3.000278;
HipCenter;-0.337762;0.001044814;2.999535;
HipRight;-0.3000675;-0.03442183;2.982887;
HipLeft;-0.380259;-0.04574097;3.010466;
KneeRight;-0.3003081;-0.6321461;2.935842;
KneeLeft;-0.42666;-0.6602352;2.993442;
AnkleRight;0.04079264;-0.9469881;2.942772;
AnkleLeft;-0.3891673;-1.042868;3.092676;
FootRight;0.009288225;-1.071927;2.96699;
FootLeft;-0.473252;-1.102901;3.13482;
Head;-0.4398488;0.680833;2.992035;
ShoulderCenter;-0.3528751;0.5335008;3.022508;
ShoulderRight;-0.2606205;0.3850735;2.907283;
ShoulderLeft;-0.4255291;0.4642531;3.106099;
ElbowRight;-0.2494317;0.1023094;2.818774;
ElbowLeft;-0.4597183;0.1858164;3.210464;
WristRight;-0.3144964;-0.1640135;2.734153;
WristLeft;-0.5185252;-0.09182253;3.069643;
HandRight;-0.3426017;-0.2566324;2.718085;
HandLeft;-0.5499941;-0.1559353;3.082224;
Spine;-0.3824953;0.137721;3.00541;
HipCenter;-0.3883431;0.05856693;3.005584;
HipRight;-0.3563046;0.005465609;2.960314;
HipLeft;-0.4290646;-0.005862135;3.043026;
KneeRight;-0.3520037;-0.6307633;2.935482;
KneeLeft;-0.3617862;-0.5779381;3.110311;
AnkleRight;-0.08270065;-0.9566133;2.949907;
AnkleLeft;-0.387893;-1.043578;3.093318;
FootRight;-0.1311267;-1.059721;2.954033;
FootLeft;-0.444988;-1.120303;3.104155;
Head;-0.4945636;0.6814907;2.986959;
ShoulderCenter;-0.3961808;0.535329;3.017288;
ShoulderRight;-0.3111743;0.3829477;2.903666;
ShoulderLeft;-0.4688348;0.4660814;3.100879;
ElbowRight;-0.2948349;0.09832725;2.820845;
ElbowLeft;-0.5030496;0.187436;3.205327;
WristRight;-0.3232032;-0.1633779;2.752307;
WristLeft;-0.5646371;-0.09520319;3.076976;
HandRight;-0.3476231;-0.2580203;2.751574;
HandLeft;-0.5959876;-0.1590745;3.08951;
Spine;-0.4240556;0.1275657;3.010951;
HipCenter;-0.4303812;0.04580182;3.013403;
HipRight;-0.3996399;-0.001037329;2.972464;
HipLeft;-0.466472;-0.01521159;3.04987;
KneeRight;-0.525736;-0.5762379;2.936376;
KneeLeft;-0.3853095;-0.5962457;3.121567;
AnkleRight;-0.2113222;-0.9372351;2.944509;
AnkleLeft;-0.3889762;-1.042465;3.087334;
FootRight;-0.241034;-1.046456;2.924761;
FootLeft;-0.4715292;-1.097317;3.137096;
Head;-0.5306401;0.6876849;2.987872;
ShoulderCenter;-0.4224466;0.5403576;3.012337;
ShoulderRight;-0.3423477;0.3901501;2.90099;
ShoulderLeft;-0.4951007;0.47111;3.095928;
ElbowRight;-0.3326035;0.157536;2.822016;
ElbowLeft;-0.5292139;0.1932918;3.199969;
WristRight;-0.33344;-0.1494368;2.765037;
WristLeft;-0.6141503;-0.08819324;3.087418;
HandRight;-0.3518112;-0.2446774;2.759626;
HandLeft;-0.645309;-0.1516741;3.099875;
Spine;-0.4618129;0.08669201;3.00624;
HipCenter;-0.4678174;-0.004398897;3.008973;
HipRight;-0.4338195;-0.04198562;2.969332;
HipLeft;-0.5082939;-0.06509665;3.045681;
KneeRight;-0.5593848;-0.6307716;2.936152;
KneeLeft;-0.4252986;-0.6356018;3.131774;
AnkleRight;-0.3408362;-1.007414;2.962194;
AnkleLeft;-0.2889205;-0.9567928;3.04752;
FootRight;-0.43694;-1.090953;2.953684;
FootLeft;-0.3972101;-0.9473898;3.119471;
Head;-0.5932132;0.6889985;2.979697;
ShoulderCenter;-0.4849533;0.5423324;2.994084;
ShoulderRight;-0.3942762;0.3924465;2.892988;
ShoulderLeft;-0.5576074;0.4730847;3.077675;
ElbowRight;-0.3700881;0.117323;2.82774;
ElbowLeft;-0.5917435;0.1950797;3.181794;
WristRight;-0.3414072;-0.1776405;2.766197;
WristLeft;-0.6514624;-0.09506112;3.075417;
HandRight;-0.354418;-0.2741727;2.767173;
HandLeft;-0.6827054;-0.1587138;3.087908;
Spine;-0.5019252;0.08433516;2.995242;
HipCenter;-0.5045856;-0.007137395;2.999227;
HipRight;-0.4612677;-0.04208671;2.968848;
HipLeft;-0.5525666;-0.06502593;3.025374;
KneeRight;-0.6573172;-0.5808704;2.934204;
KneeLeft;-0.464629;-0.6549253;3.120262;
AnkleRight;-0.4897311;-1.02724;2.953739;
AnkleLeft;-0.3674227;-1.051073;3.074452;
FootRight;-0.5787828;-1.122623;2.946874;
FootLeft;-0.4479848;-1.107969;3.135262;
Head;-0.6328239;0.6884272;2.970669;
ShoulderCenter;-0.533749;0.5437366;2.994158;
ShoulderRight;-0.4293945;0.3976636;2.886178;
ShoulderLeft;-0.606403;0.474489;3.077749;
ElbowRight;-0.3942397;0.107188;2.825163;
ElbowLeft;-0.6405435;0.1964483;3.181867;
WristRight;-0.37005;-0.1730204;2.778468;
WristLeft;-0.6978436;-0.086128;3.05294;
HandRight;-0.3666159;-0.2596387;2.780858;
HandLeft;-0.7291545;-0.149919;3.065458;
Spine;-0.5515508;0.09013103;2.995164;
HipCenter;-0.5550156;-0.0005909093;2.998968;
HipRight;-0.51312;-0.03598839;2.976492;
HipLeft;-0.5994321;-0.05560886;3.019905;
KneeRight;-0.7110262;-0.6150301;2.935165;
KneeLeft;-0.4728485;-0.6537191;3.122228;
AnkleRight;-0.6299557;-1.021688;2.951788;
AnkleLeft;-0.3726652;-1.048232;3.083606;
FootRight;-0.741859;-1.090241;2.954943;
FootLeft;-0.4532273;-1.105128;3.144416;
Head;-0.6849723;0.6990839;2.96799;
ShoulderCenter;-0.5805052;0.5523087;2.980972;
ShoulderRight;-0.4887565;0.3986877;2.883342;
ShoulderLeft;-0.6531594;0.483061;3.064563;
ElbowRight;-0.4439817;0.1561243;2.82268;
ElbowLeft;-0.6753076;0.1952126;3.150008;
WristRight;-0.3961312;-0.1499863;2.786847;
WristLeft;-0.7480931;-0.09972307;3.070808;
HandRight;-0.3761364;-0.2453831;2.79633;
HandLeft;-0.7795029;-0.1637156;3.083366;
Spine;-0.5700614;0.09576565;2.978302;
HipCenter;-0.5699409;0.004718808;2.981353;
HipRight;-0.5261782;-0.02945589;2.963363;
HipLeft;-0.6143216;-0.04926189;2.995066;
KneeRight;-0.7586242;-0.5926672;2.931723;
KneeLeft;-0.4831925;-0.6442291;3.133958;
AnkleRight;-0.7773864;-1.056098;2.950914;
AnkleLeft;-0.3744932;-1.046923;3.08478;
FootRight;-0.8998758;-1.096635;2.978873;
FootLeft;-0.4501205;-1.106264;3.101532;
Head;-0.7304003;0.685331;2.948969;
ShoulderCenter;-0.6225144;0.5379736;2.970545;
ShoulderRight;-0.5305436;0.3871758;2.874174;
ShoulderLeft;-0.6951683;0.4687259;3.054136;
ElbowRight;-0.4761532;0.0983587;2.823826;
ElbowLeft;-0.52304;0.221141;3.099543;
WristRight;-0.3965538;-0.2008778;2.785065;
WristLeft;-0.4949142;-0.03862734;2.96951;
HandRight;-0.3880371;-0.2733541;2.799683;
HandLeft;-0.485539;-0.1252168;2.931082;
Spine;-0.6372631;0.09382746;2.974006;
HipCenter;-0.6398153;0.005133875;2.978401;
HipRight;-0.591433;-0.02875923;2.960826;
HipLeft;-0.6906555;-0.04638941;2.99495;
KneeRight;-0.8074332;-0.5908163;2.929606;
KneeLeft;-0.5048519;-0.6346623;3.137536;
AnkleRight;-0.9453139;-1.0492;2.945773;
AnkleLeft;-0.3789596;-1.046951;3.086553;
FootRight;-1.069292;-1.094129;2.953813;
FootLeft;-0.4801826;-1.102474;3.15078;
Head;-0.7825294;0.6807711;2.957627;
ShoulderCenter;-0.6730464;0.5303801;2.95731;
ShoulderRight;-0.5834766;0.3810923;2.86713;
ShoulderLeft;-0.7457005;0.4611324;3.040901;
ElbowRight;-0.5359936;0.1503149;2.829465;
ElbowLeft;-0.5411562;0.2380046;3.089367;
WristRight;-0.4618315;-0.1523375;2.792004;
WristLeft;-0.5351149;0.03509837;2.945934;
HandRight;-0.434661;-0.2165276;2.813114;
HandLeft;-0.6092326;-0.002783153;2.998666;
Spine;-0.6663909;0.08772823;2.964637;
HipCenter;-0.6655865;-0.0007472859;2.969681;
HipRight;-0.6187704;-0.03529634;2.952443;
HipLeft;-0.7118537;-0.05064622;2.98661;
KneeRight;-0.8785233;-0.611636;2.936121;
KneeLeft;-0.5287803;-0.6321049;3.13572;
AnkleRight;-1.088523;-1.043946;2.942689;
AnkleLeft;-0.3813389;-1.047228;3.087746;
FootRight;-1.209564;-1.07896;2.931161;
FootLeft;-0.4751892;-1.099641;3.166646;
Head;-0.8191866;0.6798031;2.94128;
ShoulderCenter;-0.7150209;0.5263456;2.948537;
ShoulderRight;-0.6414367;0.3722724;2.856491;
ShoulderLeft;-0.787675;0.4570979;3.032128;
ElbowRight;-0.5868865;0.1477925;2.808732;
ElbowLeft;-0.5793018;0.2337861;3.074272;
WristRight;-0.4890237;-0.1500987;2.789564;
WristLeft;-0.5255764;-0.02735788;2.894459;
HandRight;-0.4898789;-0.2217189;2.804461;
HandLeft;-0.507668;-0.1144059;2.83943;
Spine;-0.7066051;0.08541629;2.947692;
HipCenter;-0.7047242;-0.002751394;2.951214;
HipRight;-0.6635496;-0.03562209;2.938167;
HipLeft;-0.7453758;-0.04917739;2.96248;
KneeRight;-0.8944744;-0.527029;2.928529;
KneeLeft;-0.5608235;-0.6253566;3.134857;
AnkleRight;-1.132204;-0.9473518;2.928412;
AnkleLeft;-0.4089597;-1.043622;3.082595;
FootRight;-1.210718;-1.000229;2.861803;
FootLeft;-0.492342;-1.103058;3.167639;
Head;-0.8859015;0.6729143;2.93785;
ShoulderCenter;-0.7776595;0.520307;2.943355;
ShoulderRight;-0.6884652;0.3722489;2.847581;
ShoulderLeft;-0.8503136;0.4510593;3.026946;
ElbowRight;-0.6335009;0.1471654;2.792453;
ElbowLeft;-0.6533356;0.2210815;3.0866;
WristRight;-0.5489079;-0.1567299;2.782059;
WristLeft;-0.5838717;-0.03772365;2.905393;
HandRight;-0.5302681;-0.2258899;2.798109;
HandLeft;-0.560717;-0.123992;2.849894;
Spine;-0.7586965;0.08760406;2.933548;
HipCenter;-0.7549039;0.001063477;2.935182;
HipRight;-0.7061375;-0.03449506;2.923435;
HipLeft;-0.7977901;-0.04553736;2.944096;
KneeRight;-0.9859418;-0.6287307;2.937892;
KneeLeft;-0.5732387;-0.6363996;3.123532;
AnkleRight;-1.130947;-1.064872;2.956968;
AnkleLeft;-0.4091467;-1.043899;3.082856;
FootRight;-1.259978;-1.101192;2.949886;
FootLeft;-0.4930578;-1.104639;3.168225;
Head;-0.9296759;0.6755238;2.928702;
ShoulderCenter;-0.8277161;0.5199607;2.943023;
ShoulderRight;-0.7434281;0.3682831;2.835989;
ShoulderLeft;-0.9003702;0.450713;3.026614;
ElbowRight;-0.6823781;0.1435659;2.782124;
ElbowLeft;-0.6882015;0.2318717;3.084316;
WristRight;-0.6131039;-0.1656045;2.763538;
WristLeft;-0.6252313;-0.03608827;2.912665;
HandRight;-0.5608797;-0.3070725;2.794696;
HandLeft;-0.6042413;-0.1254083;2.860349;
Spine;-0.8047456;0.08168945;2.933963;
HipCenter;-0.8002451;-0.005925617;2.935739;
HipRight;-0.7578123;-0.03696187;2.928;
HipLeft;-0.8394064;-0.05469408;2.940485;
KneeRight;-1.03435;-0.6199659;2.943205;
KneeLeft;-0.7219347;-0.6183105;3.059592;
AnkleRight;-1.130792;-1.064529;2.958311;
AnkleLeft;-0.437611;-1.008982;3.080445;
FootRight;-1.259433;-1.10654;2.954673;
FootLeft;-0.5009939;-1.092673;3.165915;
Head;-0.9935454;0.6637802;2.94575;
ShoulderCenter;-0.8614395;0.5225282;2.934648;
ShoulderRight;-0.7861713;0.3702484;2.83115;
ShoulderLeft;-0.9340935;0.4532805;3.018239;
ElbowRight;-0.7217575;0.1116541;2.780564;
ElbowLeft;-0.7490784;0.2060879;3.071962;
WristRight;-0.6588571;-0.201304;2.749799;
WristLeft;-0.6985704;-0.0623641;2.891303;
HandRight;-0.6584948;-0.2747512;2.759531;
HandLeft;-0.6817344;-0.1518481;2.835986;
Spine;-0.8433621;0.06535605;2.923628;
HipCenter;-0.8405727;-0.02695959;2.924778;
HipRight;-0.7952967;-0.05202154;2.9163;
HipLeft;-0.8814783;-0.07990662;2.930279;
KneeRight;-1.075407;-0.6298376;2.949179;
KneeLeft;-0.9547581;-0.6421679;2.996488;
AnkleRight;-1.133213;-1.061779;2.958549;
AnkleLeft;-0.5724512;-0.9320652;3.059742;
FootRight;-1.257624;-1.116749;2.971111;
FootLeft;-0.5605765;-1.039589;3.14314;
Head;-1.026225;0.689508;2.932877;
ShoulderCenter;-0.9265472;0.5256363;2.934263;
ShoulderRight;-0.839779;0.372099;2.823005;
ShoulderLeft;-0.9992013;0.4563887;3.017854;
ElbowRight;-0.7853182;0.1431236;2.763664;
ElbowLeft;-0.7957115;0.2193131;3.062988;
WristRight;-0.7570871;-0.1553303;2.754753;
WristLeft;-0.7424537;-0.05283558;2.886418;
HandRight;-0.756724;-0.2289559;2.764509;
HandLeft;-0.8029981;-0.09559719;2.891093;
Spine;-0.9052501;0.07831872;2.920457;
HipCenter;-0.9009907;-0.0111448;2.921295;
HipRight;-0.858215;-0.0391567;2.92627;
HipLeft;-0.939822;-0.06597712;2.912047;
KneeRight;-1.103141;-0.6269571;2.953211;
KneeLeft;-0.8115568;-0.610276;3.096789;
AnkleRight;-1.134279;-1.061083;2.958771;
AnkleLeft;-0.4984933;-0.9856702;3.094611;
FootRight;-1.257106;-1.119038;2.974646;
FootLeft;-0.5731843;-1.062273;3.17976;
Head;-1.07655;0.6986314;2.922132;
ShoulderCenter;-0.9788701;0.5329148;2.924033;
ShoulderRight;-0.8842918;0.3776526;2.817163;
ShoulderLeft;-1.051524;0.4636671;3.007624;
ElbowRight;-0.8380117;0.1153915;2.764508;
ElbowLeft;-0.8630781;0.2125545;3.04483;
WristRight;-0.837998;-0.1397848;2.73889;
WristLeft;-0.8273568;-0.0657357;2.874489;
HandRight;-0.8376345;-0.2134959;2.748658;
HandLeft;-0.7860758;-0.1192544;2.843497;
Spine;-0.979925;0.1166142;2.935033;
HipCenter;-0.980136;0.03335404;2.940831;
HipRight;-0.9384424;-0.01322322;2.948775;
HipLeft;-1.022047;-0.005809957;2.933244;
KneeRight;-1.129869;-0.6271456;2.951483;
KneeLeft;-0.923923;-0.5083917;2.989196;
AnkleRight;-1.137835;-1.06171;2.957496;
AnkleLeft;-0.6417947;-0.8924648;3.07119;
FootRight;-1.258883;-1.122086;2.977335;
FootLeft;-0.6525374;-0.9961394;3.159664;
Head;-1.133248;0.6950966;2.927317;
ShoulderCenter;-1.016199;0.5388606;2.921573;
ShoulderRight;-0.929376;0.3869936;2.816953;
ShoulderLeft;-1.088853;0.4696129;3.005164;
ElbowRight;-0.8942285;0.09884635;2.746463;
ElbowLeft;-0.8786286;0.2323492;3.037594;
WristRight;-0.9205135;-0.1481497;2.722718;
WristLeft;-0.8602418;-0.03524008;2.843127;
HandRight;-0.907728;-0.2474268;2.70906;
HandLeft;-0.875422;-0.3150376;2.719094;
Spine;-1.009627;0.1644267;2.929985;
HipCenter;-1.007201;0.08936286;2.93534;
HipRight;-0.9687791;0.01517862;2.880728;
HipLeft;-1.041185;0.02618695;2.989772;
KneeRight;-1.153604;-0.650833;2.948483;
KneeLeft;-1.020273;-0.5918641;3.071365;
AnkleRight;-1.139254;-1.062022;2.957677;
AnkleLeft;-0.6932575;-0.9510346;3.111745;
FootRight;-1.261294;-1.123513;2.977682;
FootLeft;-0.7360664;-1.050417;3.197569;
Head;-1.171978;0.7049496;2.905936;
ShoulderCenter;-1.068352;0.5445517;2.921327;
ShoulderRight;-0.974293;0.3892285;2.813378;
ShoulderLeft;-1.141006;0.4753041;3.004918;
ElbowRight;-0.9464246;0.09850297;2.740441;
ElbowLeft;-0.9859006;0.1895324;2.967966;
WristRight;-0.996996;-0.1444793;2.719677;
WristLeft;-0.9754785;-0.08735013;2.782895;
HandRight;-1.00329;-0.2459655;2.715714;
HandLeft;-0.9871949;-0.1861822;2.761689;
Spine;-1.051298;0.1730933;2.932382;
HipCenter;-1.048547;0.09886285;2.938192;
HipRight;-1.010226;0.008998523;2.872031;
HipLeft;-1.081309;0.02618452;3.005197;
KneeRight;-1.154863;-0.6521007;2.948523;
KneeLeft;-1.073711;-0.5857274;3.072006;
AnkleRight;-1.141073;-1.061861;2.958475;
AnkleLeft;-0.7333914;-0.9352183;3.102962;
FootRight;-1.263594;-1.125222;2.979895;
FootLeft;-0.8099661;-1.011825;3.19101;
Head;-1.219728;0.7048202;2.907844;
ShoulderCenter;-1.107727;0.5506383;2.927145;
ShoulderRight;-1.008849;0.3926391;2.808627;
ShoulderLeft;-1.180381;0.4813907;3.010736;
ElbowRight;-1.008549;0.07643496;2.738276;
ElbowLeft;-0.9998529;0.2143062;3.025824;
WristRight;-1.117701;-0.2300763;2.724391;
WristLeft;-0.972581;-0.06380907;2.844426;
HandRight;-1.133218;-0.3032565;2.715497;
HandLeft;-1.050368;-0.1290271;2.853592;
Spine;-1.085284;0.1754326;2.928287;
HipCenter;-1.08078;0.100459;2.932343;
HipRight;-1.040223;0.01202518;2.868353;
HipLeft;-1.112875;0.02986065;2.993122;
KneeRight;-1.162555;-0.6569397;2.945556;
KneeLeft;-1.092348;-0.5853185;3.057291;
AnkleRight;-1.142831;-1.061643;2.958603;
AnkleLeft;-0.8262271;-0.9604318;3.127194;
FootRight;-1.263679;-1.126445;2.985219;
FootLeft;-0.912964;-1.027291;3.213904;
Head;-1.261335;0.7132683;2.909555;
ShoulderCenter;-1.149234;0.5553999;2.922041;
ShoulderRight;-1.065026;0.3980542;2.808685;
ShoulderLeft;-1.221888;0.4861522;3.005632;
ElbowRight;-1.066267;0.0843479;2.725508;
ElbowLeft;-1.015357;0.2381602;3.033828;
WristRight;-1.181037;-0.2018364;2.683733;
WristLeft;-0.9981068;-0.03355527;2.836603;
HandRight;-1.232898;-0.2866294;2.663207;
HandLeft;-1.07625;-0.09907168;2.845811;
Spine;-1.135435;0.1791262;2.925406;
HipCenter;-1.131929;0.1037859;2.929777;
HipRight;-1.094386;0.01323602;2.869163;
HipLeft;-1.162557;0.04575251;2.988236;
KneeRight;-1.175656;-0.6699067;2.939267;
KneeLeft;-1.154355;-0.5350618;3.057758;
AnkleRight;-1.143153;-1.059728;2.960316;
AnkleLeft;-0.9409037;-0.9658277;3.135297;
FootRight;-1.261775;-1.129696;2.979409;
FootLeft;-1.021345;-1.041339;3.22297;
Head;-1.27861;0.7412269;2.89213;
ShoulderCenter;-1.202269;0.5663304;2.916506;
ShoulderRight;-1.100272;0.4074138;2.809068;
ShoulderLeft;-1.274923;0.4970828;3.000097;
ElbowRight;-1.123664;0.09044521;2.714652;
ElbowLeft;-1.05624;0.2600982;3.041298;
WristRight;-1.236012;-0.1580563;2.693796;
WristLeft;-1.043636;-0.01037106;2.837882;
HandRight;-1.29464;-0.2299733;2.648514;
HandLeft;-1.122433;-0.07643589;2.847167;
Spine;-1.181651;0.2064983;2.923227;
HipCenter;-1.177527;0.1345319;2.928178;
HipRight;-1.136032;0.03398075;2.859202;
HipLeft;-1.208714;0.07291967;2.99625;
KneeRight;-1.189791;-0.6587641;2.930259;
KneeLeft;-1.199304;-0.4843689;3.053583;
AnkleRight;-1.14652;-1.060607;2.959463;
AnkleLeft;-1.083638;-0.9549794;3.119035;
FootRight;-1.263486;-1.130605;2.977906;
FootLeft;-1.146925;-1.052608;3.200631;
Head;-1.325093;0.7093591;2.907839;
ShoulderCenter;-1.233809;0.4880084;2.906033;
ShoulderRight;-1.1473;0.4112413;2.800443;
ShoulderLeft;-1.306463;0.4187607;2.989624;
ElbowRight;-1.180632;0.08719054;2.712956;
ElbowLeft;-1.057141;0.2627198;3.083058;
WristRight;-1.323946;-0.1585893;2.626508;
WristLeft;-1.085426;0.01515454;2.850459;
HandRight;-1.363775;-0.2540081;2.619624;
HandLeft;-1.164514;-0.05115388;2.859778;
Spine;-1.188432;0.1532922;2.888131;
HipCenter;-1.179356;0.08634901;2.888157;
HipRight;-1.138326;0.02815212;2.845765;
HipLeft;-1.200562;0.0173209;2.931058;
KneeRight;-1.199667;-0.6627446;2.930835;
KneeLeft;-1.457298;-0.6131496;3.082616;
AnkleRight;-1.146902;-1.060314;2.960732;
AnkleLeft;-1.188203;-1.010907;3.096197;
FootRight;-1.268132;-1.132441;2.978192;
FootLeft;-1.302171;-1.094735;3.10991;
Head;-1.372059;0.684007;2.910068;
ShoulderCenter;-1.286479;0.4436819;2.911715;
ShoulderRight;-1.193104;0.4109762;2.7966;
ShoulderLeft;-1.359133;0.3744342;2.995306;
ElbowRight;-1.217013;0.1260424;2.711892;
ElbowLeft;-1.109052;0.1734751;3.051479;
WristRight;-1.344773;-0.07319784;2.632555;
WristLeft;-1.252414;-0.001356825;2.793708;
HandRight;-1.371417;-0.1449751;2.619098;
HandLeft;-1.266562;-0.073311;2.772751;
Spine;-1.266869;0.1402963;2.916761;
HipCenter;-1.262946;0.07961917;2.921378;
HipRight;-1.226974;0.0103876;2.858125;
HipLeft;-1.288224;-0.01660649;2.982316;
KneeRight;-1.211;-0.6835898;2.935724;
KneeLeft;-1.483796;-0.6616562;3.082284;
AnkleRight;-1.149256;-1.060717;2.963549;
AnkleLeft;-1.389228;-1.062448;3.100817;
FootRight;-1.228169;-1.128376;2.952517;
FootLeft;-1.474261;-1.130272;3.137574;
Head;-1.39787;0.6988688;2.88838;
ShoulderCenter;-1.332074;0.4711283;2.907785;
ShoulderRight;-1.236583;0.4093034;2.798287;
ShoulderLeft;-1.404728;0.4018807;2.991376;
ElbowRight;-1.266357;0.1531578;2.710713;
ElbowLeft;-1.164511;0.1953214;3.063483;
WristRight;-1.37475;-0.05155598;2.613735;
WristLeft;-1.287081;0.09765796;2.755417;
HandRight;-1.415903;-0.1097988;2.586701;
HandLeft;-1.301228;0.02570451;2.734461;
Spine;-1.300731;0.1315721;2.910501;
HipCenter;-1.297155;0.06394523;2.914265;
HipRight;-1.25896;0.01549445;2.872092;
HipLeft;-1.33088;-0.003777188;2.949229;
KneeRight;-1.238625;-0.679438;2.945656;
KneeLeft;-1.515485;-0.6629384;3.084713;
AnkleRight;-1.151759;-1.063408;2.966302;
AnkleLeft;-1.505061;-1.06847;3.110777;
FootRight;-1.267878;-1.133384;2.984746;
FootLeft;-1.517582;-1.167409;3.080543;
Head;-1.44165;0.6856121;2.878667;
ShoulderCenter;-1.366226;0.4880647;2.906694;
ShoulderRight;-1.282683;0.4045415;2.79501;
ShoulderLeft;-1.43888;0.418817;2.990286;
ElbowRight;-1.315719;0.1579422;2.703392;
ElbowLeft;-1.222431;0.1831886;3.054659;
WristRight;-1.46181;-0.07488428;2.568629;
WristLeft;-1.337702;0.07137726;2.747838;
HandRight;-1.509079;-0.1418381;2.531335;
HandLeft;-1.351846;-0.0005549788;2.726887;
Spine;-1.326174;0.1429401;2.906125;
HipCenter;-1.317544;0.07341684;2.909968;
HipRight;-1.278833;0.01873834;2.864285;
HipLeft;-1.341185;0.002323037;2.950347;
KneeRight;-1.243133;-0.6758684;2.94368;
KneeLeft;-1.531783;-0.6575938;3.079809;
AnkleRight;-1.154665;-1.064666;2.967046;
AnkleLeft;-1.586086;-1.050584;3.097672;
FootRight;-1.259985;-1.130186;2.963742;
FootLeft;-1.669076;-1.10965;3.030707;
Head;-1.453377;0.7302467;2.857532;
ShoulderCenter;-1.40734;0.5545833;2.904716;
ShoulderRight;-1.335633;0.4039548;2.787623;
ShoulderLeft;-1.479994;0.4853356;2.988307;
ElbowRight;-1.342411;0.1654495;2.700237;
ElbowLeft;-1.297578;0.2284472;3.065054;
WristRight;-1.485302;0.03027563;2.538325;
WristLeft;-1.396017;0.0809228;2.76922;
HandRight;-1.492885;-0.04449259;2.525944;
HandLeft;-1.410145;0.009065762;2.748291;
Spine;-1.354567;0.1732692;2.899665;
HipCenter;-1.341675;0.09536809;2.903111;
HipRight;-1.305439;0.03358315;2.865569;
HipLeft;-1.367452;0.05855154;2.933089;
KneeRight;-1.263768;-0.6596141;2.938011;
KneeLeft;-1.562759;-0.5985283;3.05962;
AnkleRight;-1.156923;-1.065209;2.969145;
AnkleLeft;-1.629188;-0.9416576;3.122861;
FootRight;-1.259044;-1.129721;2.962082;
FootLeft;-1.673803;-0.9993683;3.05005;
Head;-1.459299;0.7332349;2.861996;
ShoulderCenter;-1.426425;0.5522424;2.904593;
ShoulderRight;-1.349883;0.4002891;2.792518;
ShoulderLeft;-1.499079;0.4829947;2.988184;
ElbowRight;-1.378096;0.1660142;2.697998;
ElbowLeft;-1.316075;0.2252869;3.058563;
WristRight;-1.451019;0.01878968;2.501619;
WristLeft;-1.436275;0.115734;2.755123;
HandRight;-1.458592;-0.05588458;2.489254;
HandLeft;-1.450385;0.04396728;2.734221;
Spine;-1.368847;0.1681672;2.904561;
HipCenter;-1.35731;0.09038844;2.908769;
HipRight;-1.31879;0.02848701;2.872252;
HipLeft;-1.382178;0.05054555;2.941274;
KneeRight;-1.285891;-0.6645517;2.938001;
KneeLeft;-1.522599;-0.474155;2.961409;
AnkleRight;-1.15779;-1.064948;2.96923;
AnkleLeft;-1.648399;-0.9442215;2.963685;
FootRight;-1.278257;-1.134205;2.9667;
FootLeft;-1.733615;-1.004989;2.902634;
Head;-1.485334;0.7294729;2.877536;
ShoulderCenter;-1.461334;0.5452939;2.915883;
ShoulderRight;-1.39033;0.3817221;2.820878;
ShoulderLeft;-1.533988;0.4760462;2.999474;
ElbowRight;-1.414755;0.1398565;2.773015;
ElbowLeft;-1.384404;0.2126329;3.101119;
WristRight;-1.469929;-0.09729728;2.771141;
WristLeft;-1.496528;0.07570483;2.807963;
HandRight;-1.477471;-0.1716596;2.758827;
HandLeft;-1.51058;0.004237905;2.787148;
Spine;-1.405745;0.1373522;2.939626;
HipCenter;-1.393532;0.05598199;2.947627;
HipRight;-1.351947;-0.003024387;2.92577;
HipLeft;-1.421785;0.02616148;2.97225;
KneeRight;-1.32492;-0.6504844;2.937863;
KneeLeft;-1.532307;-0.4768235;2.96778;
AnkleRight;-1.159527;-1.065243;2.969175;
AnkleLeft;-1.63648;-0.9509087;2.948502;
FootRight;-1.240705;-1.126521;2.959873;
FootLeft;-1.725221;-1.038239;2.888564;
Head;-1.532929;0.70786;2.891561;
ShoulderCenter;-1.48131;0.5254921;2.920357;
ShoulderRight;-1.40419;0.3651175;2.823614;
ShoulderLeft;-1.553964;0.4562443;3.003948;
ElbowRight;-1.448655;0.07435734;2.805208;
ElbowLeft;-1.467981;0.1857651;2.809549;
WristRight;-1.47831;-0.1661903;2.775787;
WristLeft;-1.588507;0.08671042;2.505687;
HandRight;-1.485832;-0.2403701;2.763503;
HandLeft;-1.602525;0.0154189;2.484923;
Spine;-1.451909;0.1149336;3.017369;
HipCenter;-1.444731;0.03410857;3.040088;
HipRight;-1.373935;-0.05180861;3.101035;
HipLeft;-1.506101;0.01389005;3.001794;
KneeRight;-1.371223;-0.6459462;2.931282;
KneeLeft;-1.562422;-0.4929508;3.043941;
AnkleRight;-1.165478;-1.064324;2.967598;
AnkleLeft;-1.427819;-0.7866935;2.862504;
FootRight;-1.272952;-1.133065;2.952553;
FootLeft;-1.499762;-0.6935754;2.933859;
Head;-1.486848;0.4558719;3.03462;
ShoulderCenter;-1.464724;0.2165695;3.076844;
ShoulderRight;-1.388242;0.05408828;2.98006;
ShoulderLeft;-1.537378;0.1473218;3.160435;
ElbowRight;-1.530066;0.09650254;2.759416;
ElbowLeft;-1.477136;0.06957003;2.82124;
WristRight;-1.484665;-0.1587996;2.79609;
WristLeft;-1.611908;-0.008997686;2.51831;
HandRight;-1.49218;-0.2328969;2.78382;
HandLeft;-1.62591;-0.08020984;2.497569;
Spine;-1.489819;-0.02300789;3.18249;
HipCenter;-1.494838;-0.07092337;3.20722;
HipRight;-1.411706;-0.1581634;3.241659;
HipLeft;-1.58597;-0.06005364;3.203501;
KneeRight;-1.392865;-0.6764262;2.931071;
KneeLeft;-1.624483;-0.569758;3.232458;
AnkleRight;-1.174534;-1.069555;2.973517;
AnkleLeft;-1.485586;-0.6617501;2.858363;
FootRight;-1.240127;-1.134032;2.930527;
FootLeft;-1.511136;-0.7598284;2.86434;
Head;-1.539825;0.4284389;3.171864;
ShoulderCenter;-1.509771;0.2280293;3.122477;
ShoulderRight;-1.433289;0.06554805;3.025693;
ShoulderLeft;-1.582425;0.1587816;3.206068;
ElbowRight;-1.619761;-0.06870835;2.921833;
ElbowLeft;-1.520856;-0.01176451;2.905052;
WristRight;-1.476024;-0.2591904;2.86873;
WristLeft;-1.650095;-0.09357812;2.601312;
HandRight;-1.483508;-0.3329836;2.85651;
HandLeft;-1.664039;-0.1644981;2.580657;
Spine;-1.557145;-0.008389298;3.176362;
HipCenter;-1.56662;-0.05567301;3.190737;
HipRight;-1.502768;-0.1570895;3.28792;
HipLeft;-1.658059;-0.09193578;3.119538;
KneeRight;-1.446115;-0.6892235;2.920543;
KneeLeft;-1.479993;-0.5313712;2.914816;
AnkleRight;-1.212224;-1.056673;2.952717;
AnkleLeft;-1.454792;-0.8816894;2.822042;
FootRight;-1.290393;-1.127233;2.929749;
FootLeft;-1.509977;-0.7977848;2.87387;
Head;-1.478879;-0.4245328;3.135934;
ShoulderCenter;-1.440227;-0.6961014;3.072986;
ShoulderRight;-1.3483;-0.8725383;2.96461;
ShoulderLeft;-1.512881;-0.7653491;3.156577;
ElbowRight;-1.430483;-0.5595458;2.981418;
ElbowLeft;-1.540018;-0.4477696;3.055481;
WristRight;-1.547536;-0.2547261;2.980495;
WristLeft;-1.663282;-0.3155464;2.768495;
HandRight;-1.586554;-0.1531195;2.985094;
HandLeft;-1.781289;-0.2357927;2.513372;
Spine;-1.511601;-0.5359518;3.188966;
HipCenter;-1.525875;-0.5039219;3.21576;
HipRight;-1.552367;-0.4244053;3.195596;
HipLeft;-1.591087;-0.3776723;3.373033;
KneeRight;-1.464802;-0.7995002;2.845984;
KneeLeft;-1.610789;-0.8178288;3.100649;
AnkleRight;-1.248302;-1.010828;2.926232;
AnkleLeft;-1.453759;-0.8715474;2.885515;
FootRight;-1.293571;-1.118485;2.934639;
FootLeft;-1.479085;-0.9687665;2.89144;
Head;-1.41707;-0.59312;3.019011;
ShoulderCenter;-1.378451;-0.8644551;2.956203;
ShoulderRight;-1.286524;-1.040892;2.847826;
ShoulderLeft;-1.451105;-0.9337028;3.039793;
ElbowRight;-1.382656;-1.244533;2.903644;
ElbowLeft;-1.47813;-0.6174244;2.939074;
WristRight;-1.346513;-1.459365;2.786921;
WristLeft;-1.600787;-0.4852334;2.653447;
HandRight;-1.353975;-1.532938;2.774738;
HandLeft;-1.719513;-0.4041463;2.396711;
Spine;-1.596434;-0.9147546;2.972074;
HipCenter;-1.640031;-0.9248145;2.978836;
HipRight;-1.677587;-0.9976293;3.025594;
HipLeft;-1.707321;-0.876193;2.935266;
KneeRight;-1.350424;-0.6576803;2.820347;
KneeLeft;-1.546303;-1.358446;2.818966;
AnkleRight;-1.076713;-0.8791362;2.841126;
AnkleLeft;-1.396354;-1.570363;2.511305;
FootRight;-1.183149;-0.9557421;2.875542;
FootLeft;-1.406707;-1.678915;2.466489;
Head;-0.3818119;0.7419745;3.082633;
ShoulderCenter;-0.5135697;0.5242032;3.083258;
ShoulderRight;-0.4359432;0.3501127;3.179409;
ShoulderLeft;-0.5836143;0.3942554;2.945212;
ElbowRight;-0.3976607;-0.03331622;3.303378;
ElbowLeft;-0.6425828;0.0950028;2.885533;
WristRight;-0.276716;-0.256768;3.459898;
WristLeft;-0.6619102;-0.2093558;2.839873;
HandRight;-0.2092074;-0.3160367;3.476059;
HandLeft;-0.6909824;-0.3291163;2.84777;
Spine;-0.4934382;0.1241012;3.062677;
HipCenter;-0.489412;0.04408081;3.062209;
HipRight;-0.4526401;-0.03632386;3.118607;
HipLeft;-0.5190921;-0.01645966;2.99525;
KneeRight;-0.4428543;-0.6544459;3.091501;
KneeLeft;-0.6726422;-0.6614932;3.185109;
AnkleRight;-0.2066474;-1.055887;3.026602;
AnkleLeft;-0.7501451;-1.039631;3.165551;
FootRight;-0.0837983;-1.087656;3.085437;
FootLeft;-0.6133461;-1.050045;3.138343;
Head;-0.3516244;0.7369035;3.07713;
ShoulderCenter;-0.4760746;0.5189195;3.077189;
ShoulderRight;-0.3961259;0.3463387;3.170266;
ShoulderLeft;-0.5451249;0.3883789;2.943765;
ElbowRight;-0.3479659;0.09336782;3.096337;
ElbowLeft;-0.623806;0.09473859;2.883525;
WristRight;-0.2793078;-0.118042;3.356742;
WristLeft;-0.6475395;-0.1645428;2.845302;
HandRight;-0.2140077;-0.1803297;3.363563;
HandLeft;-0.6807144;-0.2821613;2.852879;
Spine;-0.4565973;0.1265546;3.057196;
HipCenter;-0.4525129;0.04807686;3.056771;
HipRight;-0.4139547;-0.0260605;3.106922;
HipLeft;-0.4821658;-0.007589385;2.996381;
KneeRight;-0.3850629;-0.6403475;3.079564;
KneeLeft;-0.6639117;-0.6609285;3.183447;
AnkleRight;-0.1403015;-1.02179;3.03424;
AnkleLeft;-0.7499561;-1.03952;3.164988;
FootRight;-0.01137483;-1.069804;3.025125;
FootLeft;-0.6145763;-1.043508;3.139163;
Head;-0.296966;0.7281013;3.089255;
ShoulderCenter;-0.4226362;0.51736;3.076693;
ShoulderRight;-0.3447607;0.3384914;3.180576;
ShoulderLeft;-0.4977871;0.3827146;2.938068;
ElbowRight;-0.290983;0.1180729;3.222054;
ElbowLeft;-0.5687828;0.08060584;2.885695;
WristRight;-0.2295469;-0.1288744;3.370214;
WristLeft;-0.613225;-0.1856123;2.840921;
HandRight;-0.1633479;-0.1882488;3.387844;
HandLeft;-0.6441881;-0.2609358;2.865053;
Spine;-0.4266924;0.1485237;3.036802;
HipCenter;-0.4253153;0.0760126;3.031264;
HipRight;-0.3963958;-0.0115491;3.090635;
HipLeft;-0.4585606;0.01344759;2.954628;
KneeRight;-0.3422698;-0.6338792;3.076547;
KneeLeft;-0.6301007;-0.6413786;3.174812;
AnkleRight;-0.04418847;-1.032373;3.045521;
AnkleLeft;-0.7461853;-1.041512;3.162806;
FootRight;0.06250061;-1.060788;3.014;
FootLeft;-0.6144896;-1.043386;3.13925;
Head;-0.2660109;0.7133559;3.069735;
ShoulderCenter;-0.39142;0.5097795;3.080881;
ShoulderRight;-0.2936242;0.3375367;3.164515;
ShoulderLeft;-0.4517257;0.3738286;2.933753;
ElbowRight;-0.2546739;0.07617804;3.30879;
ElbowLeft;-0.5166191;0.08395102;2.885877;
WristRight;-0.1685871;-0.1508451;3.360938;
WristLeft;-0.5700243;-0.1796038;2.848681;
HandRight;-0.1039576;-0.1929185;3.393669;
HandLeft;-0.5797265;-0.2683789;2.884706;
Spine;-0.3546838;0.1061173;3.058855;
HipCenter;-0.3488581;0.02575438;3.057844;
HipRight;-0.3089138;-0.04688603;3.106574;
HipLeft;-0.3794459;-0.03067304;2.998803;
KneeRight;-0.2034178;-0.650122;3.031562;
KneeLeft;-0.5908216;-0.6631712;3.172404;
AnkleRight;-0.04088335;-1.035462;3.047249;
AnkleLeft;-0.7272671;-0.9951543;3.147974;
FootRight;0.04774352;-1.064862;3.015225;
FootLeft;-0.5966536;-1.005136;3.126729;
Head;-0.213037;0.7004716;3.031183;
ShoulderCenter;-0.3319301;0.49917;3.067239;
ShoulderRight;-0.2538209;0.3458266;3.128518;
ShoulderLeft;-0.4038577;0.3685727;2.929993;
ElbowRight;-0.2116861;0.02152628;3.171159;
ElbowLeft;-0.468241;0.07347989;2.873824;
WristRight;-0.1154251;-0.1624686;3.395363;
WristLeft;-0.5254606;-0.2115638;2.84272;
HandRight;-0.04891331;-0.2091302;3.410423;
HandLeft;-0.5570188;-0.2825249;2.870943;
Spine;-0.324953;0.09685292;3.038529;
HipCenter;-0.3230875;0.016492;3.036742;
HipRight;-0.2854467;-0.04547393;3.074104;
HipLeft;-0.3595316;-0.03366308;2.988475;
KneeRight;-0.18166;-0.6465611;3.035494;
KneeLeft;-0.5398951;-0.6460766;3.183596;
AnkleRight;-0.04353911;-1.034812;3.05261;
AnkleLeft;-0.7380796;-1.03783;3.160643;
FootRight;0.06608032;-1.090103;3.037844;
FootLeft;-0.6060247;-1.044728;3.141521;
Head;-0.1981413;0.6912456;3.0341;
ShoulderCenter;-0.2920226;0.4979036;3.054436;
ShoulderRight;-0.1990282;0.3355351;3.167566;
ShoulderLeft;-0.3631968;0.3688694;2.925586;
ElbowRight;-0.1629445;0.009826034;3.122366;
ElbowLeft;-0.4038758;0.08224744;2.874029;
WristRight;-0.09214521;-0.1580457;3.38086;
WristLeft;-0.4617977;-0.210077;2.828104;
HandRight;-0.04830857;-0.2201842;3.403537;
HandLeft;-0.4821243;-0.3060223;2.85709;
Spine;-0.2739466;0.1401757;3.02664;
HipCenter;-0.2710951;0.0686544;3.024832;
HipRight;-0.232459;-0.005977734;3.074766;
HipLeft;-0.3043788;0.009036951;2.96148;
KneeRight;-0.1601395;-0.6435934;3.054502;
KneeLeft;-0.4889883;-0.6213374;3.144376;
AnkleRight;-0.04549602;-1.033259;3.060533;
AnkleLeft;-0.6939321;-0.9096969;3.126578;
FootRight;0.0453171;-1.085491;3.044214;
FootLeft;-0.5657425;-0.9391677;3.111798;
Head;-0.142186;0.6759006;3.031862;
ShoulderCenter;-0.2399493;0.4986259;3.033267;
ShoulderRight;-0.157466;0.3374032;3.125331;
ShoulderLeft;-0.3124596;0.3699295;2.917048;
ElbowRight;-0.1203855;0.08959842;3.073214;
ElbowLeft;-0.3488308;0.09994898;2.857816;
WristRight;-0.06226289;-0.109508;3.30806;
WristLeft;-0.3896245;-0.2126896;2.824114;
HandRight;-0.03190865;-0.166387;3.349277;
HandLeft;-0.4136874;-0.2980896;2.829154;
Spine;-0.2271607;0.09797634;3.025597;
HipCenter;-0.2246029;0.01784642;3.027593;
HipRight;-0.1878569;-0.04813295;3.071839;
HipLeft;-0.2576041;-0.03349612;2.978439;
KneeRight;-0.1488512;-0.645797;3.082656;
KneeLeft;-0.4337163;-0.6488535;3.163971;
AnkleRight;-0.04477758;-1.032706;3.061918;
AnkleLeft;-0.6672885;-0.9069036;3.144976;
FootRight;0.03229211;-1.086658;3.039767;
FootLeft;-0.5415928;-0.93815;3.127005;
Head;-0.1217753;0.6855971;3.022604;
ShoulderCenter;-0.2015176;0.5086803;3.023604;
ShoulderRight;-0.1113304;0.3468284;3.136854;
ShoulderLeft;-0.2775222;0.3716427;2.911952;
ElbowRight;-0.08775951;0.1174285;3.097052;
ElbowLeft;-0.3004128;0.1428041;2.86318;
WristRight;-0.03253464;-0.1222584;3.275281;
WristLeft;-0.2773029;-0.1580922;2.85336;
HandRight;0.02336795;-0.2375662;3.391562;
HandLeft;-0.3099206;-0.2533583;2.829347;
Spine;-0.1736646;0.1390413;3.030406;
HipCenter;-0.1689177;0.06489804;3.035475;
HipRight;-0.1286581;-0.006499643;3.090141;
HipLeft;-0.2007552;0.00475174;2.980366;
KneeRight;-0.1490882;-0.6469195;3.094702;
KneeLeft;-0.03657093;-0.6168917;3.029999;
AnkleRight;-0.04488694;-1.032248;3.061825;
AnkleLeft;-0.4300773;-0.8483546;3.11123;
FootRight;0.0389931;-1.079197;3.001394;
FootLeft;-0.3142337;-0.9085632;3.109066;
Head;-0.06464657;0.6880603;3.025985;
ShoulderCenter;-0.1570528;0.5116178;3.021546;
ShoulderRight;-0.06770469;0.3458109;3.138687;
ShoulderLeft;-0.22608;0.373503;2.90608;
ElbowRight;-0.03469625;0.122793;3.081002;
ElbowLeft;-0.2373148;0.1091677;2.848233;
WristRight;0.0113256;-0.1072733;3.265586;
WristLeft;-0.2090287;-0.1605729;2.831654;
HandRight;0.02373054;-0.186327;3.331717;
HandLeft;-0.2285927;-0.2596729;2.807716;
Spine;-0.1232867;0.122238;3.037511;
HipCenter;-0.1170554;0.04432756;3.044239;
HipRight;-0.07569668;-0.02490645;3.096718;
HipLeft;-0.1483388;-0.01241298;2.994038;
KneeRight;-0.1459883;-0.6602964;3.120044;
KneeLeft;-0.03478732;-0.6159765;3.027692;
AnkleRight;-0.04477281;-1.032298;3.062238;
AnkleLeft;-0.4388989;-0.8412757;3.125743;
FootRight;-0.07370678;-1.12308;3.079581;
FootLeft;-0.3228736;-0.9019116;3.120281;
Head;-0.03265552;0.6983585;3.015536;
ShoulderCenter;-0.1248149;0.5181707;3.024046;
ShoulderRight;-0.03509229;0.3871481;3.144833;
ShoulderLeft;-0.1927409;0.3797582;2.903798;
ElbowRight;0.02359076;0.07936251;3.107048;
ElbowLeft;-0.1875713;0.1000782;2.837872;
WristRight;0.05341381;-0.1534849;3.292089;
WristLeft;-0.1179932;-0.1992333;2.833241;
HandRight;0.05343033;-0.2278936;3.367681;
HandLeft;-0.148762;-0.2966681;2.804771;
Spine;-0.09839045;0.1290605;3.036108;
HipCenter;-0.09272622;0.05131771;3.042115;
HipRight;-0.05421545;-0.01406437;3.090478;
HipLeft;-0.1204248;-0.003965531;2.994942;
KneeRight;-0.1187667;-0.6615387;3.117408;
KneeLeft;-0.02551137;-0.619718;3.019586;
AnkleRight;-0.04051034;-1.032051;3.060257;
AnkleLeft;-0.3887807;-0.8966303;3.154557;
FootRight;-0.07511193;-1.122557;3.07827;
FootLeft;-0.2704988;-0.9568046;3.141613;
Head;0.02200138;0.6970038;3.001597;
ShoulderCenter;-0.08045005;0.5221402;3.02151;
ShoulderRight;0.0233273;0.3518823;3.096665;
ShoulderLeft;-0.1514508;0.3825457;2.897908;
ElbowRight;0.07525253;0.05415239;3.093486;
ElbowLeft;-0.1322507;0.09538881;2.837614;
WristRight;0.09775864;-0.1363341;3.279891;
WristLeft;-0.05606881;-0.2080542;2.842017;
HandRight;0.106621;-0.209517;3.357065;
HandLeft;-0.02543591;-0.280441;2.835364;
Spine;-0.04222487;0.1234225;3.038553;
HipCenter;-0.03509917;0.04363247;3.045513;
HipRight;0.007575312;-0.01394632;3.087532;
HipLeft;-0.06746792;-0.01418734;3.005846;
KneeRight;-0.05102047;-0.655847;3.132729;
KneeLeft;-0.0213761;-0.6240836;3.016237;
AnkleRight;-0.03739487;-1.031669;3.05977;
AnkleLeft;-0.3744744;-0.8643813;3.164575;
FootRight;0.04314705;-1.080061;2.990948;
FootLeft;-0.2609994;-0.9339401;3.149571;
Head;0.02722933;0.7263975;3.001337;
ShoulderCenter;-0.03997539;0.5303184;3.020427;
ShoulderRight;0.05926633;0.3593946;3.095789;
ShoulderLeft;-0.1249417;0.3924238;2.897984;
ElbowRight;0.118369;0.0474506;3.080424;
ElbowLeft;-0.07123701;0.08886902;2.835452;
WristRight;0.1606616;-0.2288029;3.217199;
WristLeft;0.05875276;-0.1950873;2.804655;
HandRight;0.1693042;-0.3028864;3.295281;
HandLeft;0.09193182;-0.2674934;2.799515;
Spine;-0.02304693;0.1260881;3.033171;
HipCenter;-0.01844087;0.04559669;3.039567;
HipRight;0.02498838;-0.01366934;3.08165;
HipLeft;-0.05446865;-0.01410802;2.999137;
KneeRight;0.1580514;-0.5626324;3.217597;
KneeLeft;-0.01378491;-0.633618;3.014291;
AnkleRight;-0.02143227;-1.001301;3.066919;
AnkleLeft;-0.2523619;-0.9268317;3.154716;
FootRight;0.05722392;-1.051531;2.995224;
FootLeft;-0.1374025;-0.9948736;3.133008;
Head;0.1136697;0.7199181;3.010275;
ShoulderCenter;0.003193067;0.5375783;3.019406;
ShoulderRight;0.1061573;0.3673855;3.094663;
ShoulderLeft;-0.06662176;0.3968502;2.894791;
ElbowRight;0.1585708;0.05337107;3.079411;
ElbowLeft;-0.002747074;0.1037176;2.817954;
WristRight;0.1978991;-0.2239634;3.21678;
WristLeft;0.1437474;-0.1627911;2.790428;
HandRight;0.2066715;-0.299159;3.296034;
HandLeft;0.1975477;-0.2370524;2.788188;
Spine;0.03290917;0.1188366;3.035835;
HipCenter;0.03826103;0.03498881;3.042685;
HipRight;0.08195587;-0.02821822;3.080905;
HipLeft;0.001383305;-0.008607889;3.006347;
KneeRight;0.1873876;-0.613142;3.203053;
KneeLeft;-0.006119561;-0.6368185;3.011694;
AnkleRight;-0.03057476;-1.034886;3.058096;
AnkleLeft;-0.2030755;-0.9370091;3.127361;
FootRight;-0.01522525;-1.136105;3.04183;
FootLeft;-0.08693039;-1.014619;3.11487;
Head;0.1624342;0.7194311;2.998835;
ShoulderCenter;0.04113138;0.5425078;3.012356;
ShoulderRight;0.1353379;0.4655051;3.146599;
ShoulderLeft;-0.03685099;0.4012377;2.89622;
ElbowRight;0.190879;0.1519067;3.131368;
ElbowLeft;0.04661409;0.1094227;2.80825;
WristRight;0.2315986;-0.1253277;3.268857;
WristLeft;0.2192409;-0.1160942;2.785694;
HandRight;0.2405465;-0.2020275;3.349696;
HandLeft;0.2642158;-0.2179197;2.775362;
Spine;0.06971525;0.1544766;3.02427;
HipCenter;0.07441182;0.07673784;3.030366;
HipRight;0.1209566;0.009830969;3.085295;
HipLeft;0.03538505;0.01920461;2.97663;
KneeRight;0.2123737;-0.669129;3.185403;
KneeLeft;0.01227985;-0.6396987;3.011258;
AnkleRight;-0.04059035;-1.040659;3.056628;
AnkleLeft;-0.1892444;-0.9389761;3.122312;
FootRight;-0.02798438;-1.144643;3.038711;
FootLeft;-0.07639054;-1.014748;3.075482;
Head;0.1914267;0.7438982;3.009992;
ShoulderCenter;0.09257109;0.5463757;3.00704;
ShoulderRight;0.1787091;0.4685049;3.142557;
ShoulderLeft;0.01700206;0.4098472;2.897628;
ElbowRight;0.2344373;0.1538504;3.126855;
ElbowLeft;0.1006039;0.1390813;2.798268;
WristRight;0.2752472;-0.1241581;3.264895;
WristLeft;0.2924374;-0.08585734;2.772632;
HandRight;0.2843394;-0.2020946;3.347038;
HandLeft;0.3624644;-0.1752995;2.773381;
Spine;0.1196674;0.1228357;3.050944;
HipCenter;0.1250867;0.03812768;3.063321;
HipRight;0.147277;-0.004842845;3.082875;
HipLeft;0.1012141;-0.004709113;3.052248;
KneeRight;0.2582237;-0.6457094;3.177704;
KneeLeft;0.02668482;-0.6411068;3.014998;
AnkleRight;-0.03592423;-1.030101;3.059409;
AnkleLeft;-0.1637433;-0.9417578;3.136245;
FootRight;0.05861091;-1.084249;2.997541;
FootLeft;-0.05662619;-1.020212;3.080302;
Head;0.2490877;0.7374764;3.008534;
ShoulderCenter;0.140326;0.5438528;3.014845;
ShoulderRight;0.2302355;0.4661448;3.150118;
ShoulderLeft;0.0499905;0.4075404;2.894898;
ElbowRight;0.287596;0.1422737;3.134554;
ElbowLeft;0.14978;0.1405834;2.794972;
WristRight;0.3291695;-0.1423974;3.27972;
WristLeft;0.3754805;-0.0985969;2.765351;
HandRight;0.3383283;-0.2209053;3.362465;
HandLeft;0.4456607;-0.1611713;2.779912;
Spine;0.1522279;0.1286787;3.039014;
HipCenter;0.1562911;0.04564448;3.04752;
HipRight;0.1980503;-0.01096888;3.074758;
HipLeft;0.1275853;0.001049599;3.020329;
KneeRight;0.3097359;-0.6284066;3.174277;
KneeLeft;0.03752552;-0.6382549;3.012652;
AnkleRight;-0.007475525;-1.000704;3.066313;
AnkleLeft;-0.1680954;-0.9311447;3.121075;
FootRight;0.0579913;-1.081018;3.167372;
FootLeft;-0.06128536;-1.017626;3.075667;
Head;0.3065463;0.7267031;3.037423;
ShoulderCenter;0.1726675;0.5406305;3.017942;
ShoulderRight;0.2612909;0.4630209;3.153066;
ShoulderLeft;0.09913319;0.404811;2.890472;
ElbowRight;0.3201272;0.1308168;3.137671;
ElbowLeft;0.1968741;0.1432113;2.790002;
WristRight;0.3623512;-0.1597292;3.289521;
WristLeft;0.4267655;-0.07458551;2.761626;
HandRight;0.3715772;-0.2388131;3.372873;
HandLeft;0.5036563;-0.1268443;2.76946;
Spine;0.1850785;0.124066;3.033962;
HipCenter;0.1868509;0.04090457;3.041025;
HipRight;0.2202801;-0.01473836;3.071159;
HipLeft;0.1518956;-0.003891513;3.013355;
KneeRight;0.3615922;-0.6307558;3.164214;
KneeLeft;0.07034984;-0.6330559;3.015893;
AnkleRight;0.01717129;-0.9871557;3.068485;
AnkleLeft;-0.1682618;-0.9309884;3.119018;
FootRight;0.03013673;-1.090437;3.102914;
FootLeft;-0.06159489;-1.022993;3.075334;
Head;0.3411593;0.7256563;2.997373;
ShoulderCenter;0.2195968;0.5429849;3.02859;
ShoulderRight;0.3091513;0.4653427;3.163839;
ShoulderLeft;0.1389979;0.4011697;2.89471;
ElbowRight;0.3678941;0.1336669;3.148158;
ElbowLeft;0.2697394;0.1213379;2.777761;
WristRight;0.410078;-0.1565109;3.299439;
WristLeft;0.4703627;-0.05480336;2.753299;
HandRight;0.4193863;-0.2363006;3.383535;
HandLeft;0.5537191;-0.120516;2.75893;
Spine;0.2373148;0.1185414;3.036578;
HipCenter;0.2406687;0.03364318;3.041817;
HipRight;0.2741454;-0.02544566;3.07164;
HipLeft;0.2112955;-0.01114312;3.011579;
KneeRight;0.4128103;-0.6492764;3.158744;
KneeLeft;0.1157981;-0.6364318;3.023107;
AnkleRight;0.03590181;-0.9795387;3.069205;
AnkleLeft;-0.1593967;-0.917942;3.109799;
FootRight;0.02984421;-1.089813;3.102875;
FootLeft;-0.05443642;-1.016034;3.077387;
Head;0.3091485;0.7657117;3.054599;
ShoulderCenter;0.2552007;0.5388778;3.030295;
ShoulderRight;0.3440034;0.4612594;3.165447;
ShoulderLeft;0.1834282;0.39397;2.89446;
ElbowRight;0.4027595;0.1295088;3.149654;
ElbowLeft;0.2993891;0.1228136;2.774899;
WristRight;0.444949;-0.1607213;3.300938;
WristLeft;0.5082814;-0.04943965;2.74384;
HandRight;0.4543515;-0.2413179;3.385885;
HandLeft;0.6084251;-0.09087014;2.766026;
Spine;0.2828273;0.1342253;3.040562;
HipCenter;0.2880317;0.05377593;3.046339;
HipRight;0.3252157;-0.01245653;3.088599;
HipLeft;0.2554977;-0.001214724;3.004566;
KneeRight;0.4727881;-0.6302984;3.165935;
KneeLeft;0.1204907;-0.6365694;3.022324;
AnkleRight;0.07875165;-0.9489495;3.074865;
AnkleLeft;-0.1576376;-0.9185131;3.108832;
FootRight;0.03002989;-1.087543;3.102502;
FootLeft;-0.04720365;-1.016863;3.082388;
Head;0.4446082;0.7137117;3.025189;
ShoulderCenter;0.313675;0.5224754;3.022295;
ShoulderRight;0.4027805;0.4448099;3.157448;
ShoulderLeft;0.2343244;0.3831404;2.899961;
ElbowRight;0.4614925;0.113308;3.141554;
ElbowLeft;0.354525;0.1111487;2.770644;
WristRight;0.5036632;-0.1767486;3.292587;
WristLeft;0.5640756;-0.05048408;2.740511;
HandRight;0.5130631;-0.2573234;3.37751;
HandLeft;0.6636101;-0.1028021;2.774399;
Spine;0.3284772;0.0984427;3.03102;
HipCenter;0.3314376;0.01363615;3.036473;
HipRight;0.3678776;-0.03297546;3.054892;
HipLeft;0.2980918;-0.02838738;3.017881;
KneeRight;0.4988865;-0.6206611;3.16019;
KneeLeft;0.1428186;-0.6329501;3.009927;
AnkleRight;0.09582642;-0.938686;3.074594;
AnkleLeft;-0.1429029;-0.911652;3.103737;
FootRight;0.03608804;-1.076839;3.100957;
FootLeft;-0.0347811;-1.01778;3.083829;
Head;0.4823846;0.717582;3.056449;
ShoulderCenter;0.3648487;0.5121694;3.023176;
ShoulderRight;0.4539542;0.4345039;3.158328;
ShoulderLeft;0.283111;0.3796324;2.902698;
ElbowRight;0.5126353;0.1031767;3.142332;
ElbowLeft;0.3763705;0.1170041;2.769368;
WristRight;0.5547926;-0.186758;3.293172;
WristLeft;0.5948786;-0.05387565;2.742424;
HandRight;0.5642616;-0.267924;3.378719;
HandLeft;0.6824541;-0.1004689;2.775521;
Spine;0.376635;0.07276116;3.037122;
HipCenter;0.3789923;-0.01512048;3.043629;
HipRight;0.4165453;-0.06476359;3.06714;
HipLeft;0.3439122;-0.05766867;3.021035;
KneeRight;0.541138;-0.6241934;3.147298;
KneeLeft;0.1675132;-0.6406387;3.00605;
AnkleRight;0.1196785;-0.9299916;3.071537;
AnkleLeft;-0.1200795;-0.9086722;3.104396;
FootRight;0.04573528;-1.063197;3.096885;
FootLeft;-0.01886518;-1.022975;3.081064;
Head;0.5337774;0.7238349;3.075022;
ShoulderCenter;0.4200314;0.5142476;3.035842;
ShoulderRight;0.5091369;0.4365821;3.170994;
ShoulderLeft;0.3289549;0.3750926;2.90933;
ElbowRight;0.567852;0.1050627;3.154938;
ElbowLeft;0.4222123;0.1154867;2.774547;
WristRight;0.610024;-0.1850061;3.305902;
WristLeft;0.6529627;-0.07112136;2.754742;
HandRight;0.6195164;-0.2663731;3.391661;
HandLeft;0.7240059;-0.1206547;2.768282;
Spine;0.4232679;0.07429305;3.035243;
HipCenter;0.4231949;-0.01371852;3.039053;
HipRight;0.4634323;-0.07359012;3.064918;
HipLeft;0.384663;-0.05385493;3.011226;
KneeRight;0.5847874;-0.6339487;3.138466;
KneeLeft;0.2277452;-0.6458186;2.99787;
AnkleRight;0.1434008;-0.9232695;3.068298;
AnkleLeft;-0.08936308;-0.9055743;3.099325;
FootRight;0.05709175;-1.05049;3.092379;
FootLeft;-0.0006173626;-1.030916;3.074268;
Head;0.4974594;0.7585856;3.089448;
ShoulderCenter;0.4690645;0.5205532;3.04334;
ShoulderRight;0.55817;0.4428877;3.178492;
ShoulderLeft;0.3772883;0.38349;2.917543;
ElbowRight;0.6168541;0.1115436;3.162337;
ElbowLeft;0.4512719;0.1155808;2.780804;
WristRight;0.6590127;-0.1784029;3.31311;
WristLeft;0.6750059;-0.08446814;2.758155;
HandRight;0.6685538;-0.2601874;3.399309;
HandLeft;0.755219;-0.1364154;2.767066;
Spine;0.4750874;0.07030526;3.036628;
HipCenter;0.4762889;-0.01974474;3.039025;
HipRight;0.5165448;-0.08052864;3.062584;
HipLeft;0.4373543;-0.05799303;3.01187;
KneeRight;0.6370118;-0.6239952;3.136687;
KneeLeft;0.2815936;-0.6661173;2.991009;
AnkleRight;0.6734089;-1.011086;3.090578;
AnkleLeft;0.03020275;-1.01736;3.044879;
FootRight;0.7787806;-1.062002;3.116768;
FootLeft;0.07153854;-1.113836;3.001645;
Head;0.6071721;0.6784151;3.08007;
ShoulderCenter;0.5125836;0.4624486;3.046242;
ShoulderRight;0.6016891;0.3847831;3.181395;
ShoulderLeft;0.4270304;0.3776956;2.919231;
ElbowRight;0.6603083;0.05380517;3.165221;
ElbowLeft;0.499618;0.1169647;2.796366;
WristRight;0.702439;-0.2358856;3.315691;
WristLeft;0.6845156;-0.09020872;2.760809;
HandRight;0.7120361;-0.3181505;3.402395;
HandLeft;0.7638627;-0.1570845;2.76966;
Spine;0.5139542;0.04174095;3.026405;
HipCenter;0.5118247;-0.04100691;3.027014;
HipRight;0.5498935;-0.09734719;3.045854;
HipLeft;0.4711102;-0.07318618;3.00311;
KneeRight;0.6704857;-0.6289216;3.132824;
KneeLeft;0.4181733;-0.6118804;2.983479;
AnkleRight;0.6762365;-1.017346;3.08975;
AnkleLeft;0.06342229;-0.9870731;3.027504;
FootRight;0.75797;-1.079551;3.137413;
FootLeft;0.09086928;-1.091431;3.061821;
Head;0.6599097;0.6853682;3.084802;
ShoulderCenter;0.5717034;0.4709687;3.057029;
ShoulderRight;0.660809;0.3933032;3.192181;
ShoulderLeft;0.4712058;0.3795018;2.923092;
ElbowRight;0.7192835;0.06314185;3.175964;
ElbowLeft;0.5437637;0.1063662;2.796478;
WristRight;0.7613517;-0.2259776;3.325759;
WristLeft;0.689128;-0.09360927;2.761098;
HandRight;0.7709239;-0.3080291;3.412239;
HandLeft;0.7648827;-0.1861384;2.762651;
Spine;0.5751327;0.06994466;3.034984;
HipCenter;0.5758186;-0.01026016;3.034316;
HipRight;0.6161305;-0.09512269;3.081925;
HipLeft;0.5366721;-0.06168149;2.97594;
KneeRight;0.7063774;-0.6481827;3.128916;
KneeLeft;0.5093553;-0.5955648;2.95925;
AnkleRight;0.676249;-1.034771;3.089035;
AnkleLeft;0.1389831;-0.9486068;3.00642;
FootRight;0.7927703;-1.067561;3.144682;
FootLeft;0.1505139;-1.059455;3.024883;
Head;0.6456522;0.7273589;3.096561;
ShoulderCenter;0.6187263;0.4630792;3.06174;
ShoulderRight;0.7078318;0.3854136;3.196892;
ShoulderLeft;0.5196119;0.3857304;2.935353;
ElbowRight;0.7661913;0.05590209;3.180635;
ElbowLeft;0.5573431;0.1182362;2.799369;
WristRight;0.8082094;-0.2327617;3.329891;
WristLeft;0.7228221;-0.1340124;2.772736;
HandRight;0.8178301;-0.3152291;3.41681;
HandLeft;0.7781554;-0.2121074;2.764933;
Spine;0.6092371;0.05641028;3.027376;
HipCenter;0.60818;-0.02499392;3.024429;
HipRight;0.6547723;-0.0927144;3.0482;
HipLeft;0.5612974;-0.06605265;2.982983;
KneeRight;0.7423614;-0.6772262;3.106953;
KneeLeft;0.5861924;-0.5930979;2.95394;
AnkleRight;0.684296;-1.059321;3.09164;
AnkleLeft;0.2233709;-0.9426678;2.999363;
FootRight;0.7594157;-0.9754818;3.088772;
FootLeft;0.2351643;-1.053798;3.013191;
Head;0.7287534;0.7734743;3.106528;
ShoulderCenter;0.6642146;0.5508125;3.088076;
ShoulderRight;0.7533201;0.473147;3.223228;
ShoulderLeft;0.5656608;0.3958695;2.939928;
ElbowRight;0.8116996;0.1435226;3.207024;
ElbowLeft;0.5902359;0.1296956;2.820516;
WristRight;0.8537264;-0.1452204;3.356397;
WristLeft;0.7361973;-0.1636701;2.779481;
HandRight;0.8633887;-0.2280437;3.44369;
HandLeft;0.7705459;-0.2489366;2.767622;
Spine;0.6613339;0.1248661;3.049645;
HipCenter;0.6607577;0.03967688;3.045694;
HipRight;0.7081877;0.01493336;3.045807;
HipLeft;0.6127172;-0.02586119;3.035396;
KneeRight;0.6418035;-0.5439205;3.131549;
KneeLeft;0.6755204;-0.5766872;2.95992;
AnkleRight;0.7007543;-1.000366;3.090911;
AnkleLeft;0.3337937;-0.9296579;2.987739;
FootRight;0.8006998;-1.055272;3.023686;
FootLeft;0.3564492;-1.03986;2.98935;
Head;0.8593807;0.7281808;3.098429;
ShoulderCenter;0.7042103;0.5570491;3.09303;
ShoulderRight;0.7933159;0.4793836;3.228182;
ShoulderLeft;0.6088446;0.4075416;2.94504;
ElbowRight;0.8516815;0.149838;3.211953;
ElbowLeft;0.6286678;0.1027289;2.833859;
WristRight;0.8937021;-0.1388496;3.361251;
WristLeft;0.7398044;-0.192144;2.789043;
HandRight;0.9033684;-0.221707;3.44858;
HandLeft;0.752965;-0.2803094;2.78438;
Spine;0.7049192;0.1064056;3.070436;
HipCenter;0.7042021;0.01614301;3.069551;
HipRight;0.7432486;-0.05850902;3.107703;
HipLeft;0.664216;-0.02747687;3.022817;
KneeRight;0.6919031;-0.5655828;3.118073;
KneeLeft;0.7460471;-0.5756459;2.967303;
AnkleRight;0.6979601;-0.9977694;3.09073;
AnkleLeft;0.4438096;-0.9493825;2.987636;
FootRight;0.7977015;-1.053093;3.025382;
FootLeft;0.5074486;-1.046233;3.003459;
Head;0.9034039;0.7379451;3.108469;
ShoulderCenter;0.7440597;0.5670838;3.093645;
ShoulderRight;0.8331652;0.4894183;3.228796;
ShoulderLeft;0.6541518;0.4113827;2.948475;
ElbowRight;0.8915649;0.1596799;3.212534;
ElbowLeft;0.65532;0.1018156;2.836644;
WristRight;0.9336005;-0.1291431;3.361968;
WristLeft;0.7435623;-0.192164;2.797175;
HandRight;0.9432713;-0.2120395;3.449338;
HandLeft;0.7453051;-0.2796257;2.779203;
Spine;0.7398612;0.1053236;3.06133;
HipCenter;0.7402235;0.01300314;3.058339;
HipRight;0.785353;-0.04397715;3.061496;
HipLeft;0.7026068;-0.0203659;3.042047;
KneeRight;0.7131926;-0.5729281;3.124585;
KneeLeft;0.8184536;-0.5810362;2.981613;
AnkleRight;0.7395447;-1.016654;3.085677;
AnkleLeft;0.5547835;-0.9551016;2.994418;
FootRight;0.6574498;-1.090491;3.0729;
FootLeft;0.6319128;-1.054785;3.011483;
Head;0.928553;0.7549531;3.081691;
ShoulderCenter;0.7908868;0.5702845;3.089743;
ShoulderRight;0.8799923;0.4926189;3.224895;
ShoulderLeft;0.7035617;0.4138748;2.949453;
ElbowRight;0.9383543;0.1630934;3.208598;
ElbowLeft;0.6994561;0.09050048;2.839135;
WristRight;0.9803734;-0.1255804;3.357845;
WristLeft;0.7556252;-0.1729202;2.807315;
HandRight;0.9900444;-0.2084764;3.445215;
HandLeft;0.7379547;-0.2576604;2.785352;
Spine;0.7864197;0.1066838;3.05389;
HipCenter;0.7844504;0.01394074;3.050653;
HipRight;0.8188621;-0.04048945;3.056368;
HipLeft;0.7423143;-0.01974529;3.037166;
KneeRight;0.7526953;-0.624822;3.144688;
KneeLeft;0.9062591;-0.5736479;2.967738;
AnkleRight;0.6899444;-1.000002;3.055448;
AnkleLeft;0.7006651;-1.010945;2.998572;
FootRight;0.7889451;-1.054476;2.991367;
FootLeft;0.8045495;-1.07688;2.977502;
Head;0.9748572;0.7657286;3.076734;
ShoulderCenter;0.8388776;0.5812091;3.092296;
ShoulderRight;0.9279832;0.5035436;3.227448;
ShoulderLeft;0.7458619;0.4210859;2.952268;
ElbowRight;0.8575727;0.2204042;3.033362;
ElbowLeft;0.7239878;0.1062297;2.847581;
WristRight;0.8141583;-0.1109682;3.000416;
WristLeft;0.7499976;-0.1555715;2.792959;
HandRight;0.7996868;-0.2214257;2.994553;
HandLeft;0.7349519;-0.2425863;2.780467;
Spine;0.8187022;0.1074062;3.050269;
HipCenter;0.8159813;0.01305923;3.04579;
HipRight;0.8556688;-0.04382177;3.048833;
HipLeft;0.7777448;-0.01858702;3.032453;
KneeRight;0.7712937;-0.6234437;3.145498;
KneeLeft;0.8964524;-0.6131117;3.023835;
AnkleRight;0.7115771;-1.013028;3.066579;
AnkleLeft;0.7814036;-1.025187;3.006346;
FootRight;0.8288003;-1.040963;2.978586;
FootLeft;0.9028929;-1.064236;2.929016;
Head;0.9646903;0.787545;3.058401;
ShoulderCenter;0.8892764;0.5729722;3.083028;
ShoulderRight;0.978382;0.4953067;3.21818;
ShoulderLeft;0.7966603;0.4215617;2.949761;
ElbowRight;0.8002181;0.2133221;3.162292;
ElbowLeft;0.7629489;0.1437782;2.845402;
WristRight;0.7221413;-0.08111674;3.285239;
WristLeft;0.7805077;-0.1005838;2.796539;
HandRight;0.6961157;-0.179263;3.331343;
HandLeft;0.7514269;-0.1612258;2.770477;
Spine;0.8796133;0.1131205;3.052767;
HipCenter;0.8776807;0.02115019;3.05047;
HipRight;0.9195151;-0.03457518;3.047861;
HipLeft;0.8339981;-0.01106496;3.045441;
KneeRight;0.8256314;-0.6116244;3.106988;
KneeLeft;1.063571;-0.5817485;2.955239;
AnkleRight;0.7072114;-1.010498;3.073725;
AnkleLeft;0.9300592;-1.01879;2.941382;
FootRight;0.837995;-1.020239;3.002784;
FootLeft;1.071628;-1.052004;2.908415;
Head;1.023401;0.7732308;3.054247;
ShoulderCenter;0.9215988;0.5703159;3.081972;
ShoulderRight;1.010704;0.4926504;3.217124;
ShoulderLeft;0.8413727;0.4163397;2.946192;
ElbowRight;0.8558669;0.2019708;3.130438;
ElbowLeft;0.7884459;0.1523651;2.842975;
WristRight;0.7683573;-0.07341698;2.94723;
WristLeft;0.7902706;-0.09747768;2.797099;
HandRight;0.7680141;-0.1300459;2.878625;
HandLeft;0.7706596;-0.1829842;2.782349;
Spine;0.8875074;0.1059898;3.043588;
HipCenter;0.8830875;0.01261978;3.039153;
HipRight;0.9224715;-0.04091169;3.03134;
HipLeft;0.8393074;-0.02040901;3.037044;
KneeRight;0.8161777;-0.6005297;3.123339;
KneeLeft;1.079835;-0.5857398;2.958155;
AnkleRight;0.7141331;-1.010245;3.077143;
AnkleLeft;1.091508;-1.008857;2.895218;
FootRight;0.8501298;-1.019802;3.01732;
FootLeft;1.223063;-1.048742;2.889964;
Head;1.054529;0.7736641;3.033641;
ShoulderCenter;0.9785454;0.567989;3.083528;
ShoulderRight;1.067651;0.4903235;3.21868;
ShoulderLeft;0.8949025;0.415827;2.948794;
ElbowRight;0.9026299;0.2028518;3.148781;
ElbowLeft;0.8309193;0.1204394;2.839399;
WristRight;0.8220336;-0.09881258;3.251505;
WristLeft;0.8157975;-0.1231442;2.787628;
HandRight;0.7951682;-0.1993674;3.290875;
HandLeft;0.8108348;-0.2115647;2.780649;
Spine;0.9445708;0.1044208;3.040385;
HipCenter;0.9377759;0.01170721;3.035517;
HipRight;0.9776554;-0.03950693;3.025886;
HipLeft;0.8917181;-0.02137863;3.035541;
KneeRight;0.8190023;-0.5983826;3.126339;
KneeLeft;1.0854;-0.5825408;2.967654;
AnkleRight;0.725917;-1.009826;3.079826;
AnkleLeft;1.190389;-1.019662;2.880017;
FootRight;0.8649644;-1.013635;3.027281;
FootLeft;1.334937;-1.027592;2.846068;
Head;1.031936;0.8006952;3.134748;
ShoulderCenter;1.021079;0.561594;3.076248;
ShoulderRight;1.110184;0.4839284;3.2114;
ShoulderLeft;0.9457555;0.4086908;2.944208;
ElbowRight;0.8661042;0.2555764;3.148557;
ElbowLeft;0.8767305;0.1262784;2.845223;
WristRight;0.8468007;0.02611364;3.328491;
WristLeft;0.8466825;-0.1192095;2.792004;
HandRight;0.8403662;-0.05037396;3.393604;
HandLeft;0.795651;-0.227796;2.788688;
Spine;0.9909022;0.09281451;3.023297;
HipCenter;0.9842679;-0.0008513071;3.016576;
HipRight;1.016778;-0.05176326;3.009397;
HipLeft;0.9434773;-0.03112203;3.01393;
KneeRight;0.8443148;-0.5915595;3.129694;
KneeLeft;1.138645;-0.4968089;2.947204;
AnkleRight;0.727317;-1.009623;3.080203;
AnkleLeft;1.312462;-0.9815133;2.863835;
FootRight;0.8663355;-1.016688;3.028432;
FootLeft;1.454644;-1.023132;2.853413;
Head;1.091671;0.7919078;3.124674;
ShoulderCenter;1.077381;0.5521002;3.073646;
ShoulderRight;1.166487;0.4744347;3.208798;
ShoulderLeft;0.9869425;0.4079436;2.940638;
ElbowRight;0.8979833;0.2739665;3.141592;
ElbowLeft;0.9300829;0.1199571;2.856937;
WristRight;0.8996131;0.06798148;3.32422;
WristLeft;0.895534;-0.1416816;2.798461;
HandRight;0.9001564;-0.0006801784;3.390238;
HandLeft;0.8365455;-0.2459953;2.794363;
Spine;1.022282;0.09366671;3.018599;
HipCenter;1.011593;0.001457845;3.011612;
HipRight;1.049222;-0.05262269;2.994796;
HipLeft;0.9667695;-0.03005802;3.014832;
KneeRight;0.8999078;-0.5985992;3.121655;
KneeLeft;1.144487;-0.4916972;2.934062;
AnkleRight;0.7338892;-1.009362;3.082752;
AnkleLeft;1.325465;-0.9766985;2.86242;
FootRight;0.8697623;-1.015936;3.023464;
FootLeft;1.464579;-1.01373;2.826426;
Head;1.109127;0.7915262;3.105948;
ShoulderCenter;1.110626;0.5506354;3.062685;
ShoulderRight;1.199732;0.4729699;3.197838;
ShoulderLeft;1.043816;0.3947018;2.93171;
ElbowRight;0.9456013;0.2535099;3.134314;
ElbowLeft;0.9941631;0.1553885;2.851813;
WristRight;0.9501404;0.04762724;3.317457;
WristLeft;0.942543;-0.1014386;2.781307;
HandRight;0.9516534;-0.02100031;3.383648;
HandLeft;0.9092247;-0.2164169;2.786315;
Spine;1.068771;0.09634179;3.008307;
HipCenter;1.060439;0.005616698;3.001334;
HipRight;1.090081;-0.05195019;2.976335;
HipLeft;1.019236;-0.02607766;3.01514;
KneeRight;0.9062924;-0.6030921;3.121984;
KneeLeft;1.199434;-0.4844645;2.922332;
AnkleRight;0.7377459;-1.009643;3.083778;
AnkleLeft;1.339736;-0.9848616;2.863837;
FootRight;0.8749428;-1.017654;3.02805;
FootLeft;1.452994;-1.038895;2.784807;
Head;1.162299;0.7807726;3.061927;
ShoulderCenter;1.160964;0.5407967;3.039827;
ShoulderRight;1.25007;0.4631312;3.174979;
ShoulderLeft;1.088117;0.3878099;2.916337;
ElbowRight;1.005483;0.2282394;3.148662;
ElbowLeft;1.042802;0.1011306;2.826716;
WristRight;0.985576;-0.002832785;3.334797;
WristLeft;1.019855;-0.1482893;2.801463;
HandRight;0.9789405;-0.07985685;3.401988;
HandLeft;0.9737638;-0.2567329;2.781157;
Spine;1.12508;0.1061645;2.989541;
HipCenter;1.117903;0.0192381;2.983258;
HipRight;1.147957;-0.03876939;2.94509;
HipLeft;1.079438;-0.02462593;3.007361;
KneeRight;0.9850277;-0.590592;3.121047;
KneeLeft;1.256164;-0.4805527;2.898415;
AnkleRight;0.7430485;-1.007492;3.084045;
AnkleLeft;1.34607;-0.9946502;2.865644;
FootRight;0.879957;-1.016092;3.028481;
FootLeft;1.451583;-1.050943;2.787727;
Head;1.209625;0.7200183;3.042226;
ShoulderCenter;1.20307;0.4792315;3.015785;
ShoulderRight;1.292175;0.401566;3.150937;
ShoulderLeft;1.133905;0.3921297;2.902694;
ElbowRight;1.018103;0.2025969;3.147339;
ElbowLeft;1.093731;0.1154854;2.822714;
WristRight;1.036458;0.009179562;3.333159;
WristLeft;1.055978;-0.1441037;2.76714;
HandRight;1.042576;-0.05529289;3.400248;
HandLeft;1.01738;-0.2571337;2.769331;
Spine;1.161251;0.07348809;2.969079;
HipCenter;1.151738;-0.006776615;2.964163;
HipRight;1.172357;-0.05521741;2.938675;
HipLeft;1.117431;-0.0422146;2.97813;
KneeRight;1.262696;-0.6011925;2.97023;
KneeLeft;1.345392;-0.5851182;2.901057;
AnkleRight;0.8647566;-0.9221884;3.056665;
AnkleLeft;1.35736;-1.010883;2.871132;
FootRight;0.9971011;-0.9521881;2.997875;
FootLeft;1.45457;-1.053705;2.799553;
Head;1.363943;0.7379807;2.959821;
ShoulderCenter;1.252935;0.5447544;3.008906;
ShoulderRight;1.34204;0.4670889;3.144058;
ShoulderLeft;1.176589;0.3914499;2.896525;
ElbowRight;1.094576;0.2341916;3.141955;
ElbowLeft;1.148209;0.1036243;2.804967;
WristRight;1.089303;0.01770115;3.330517;
WristLeft;1.140545;-0.1559509;2.767436;
HandRight;1.087545;-0.05446232;3.398527;
HandLeft;1.096003;-0.2644823;2.745298;
Spine;1.21703;0.1186679;2.977531;
HipCenter;1.209849;0.03345058;2.975037;
HipRight;1.242592;-0.03366036;2.918587;
HipLeft;1.166758;-0.02224916;3.019636;
KneeRight;1.194998;-0.569795;3.092386;
KneeLeft;1.37145;-0.6074936;2.885828;
AnkleRight;0.8293951;-0.946255;3.07706;
AnkleLeft;1.362267;-1.00853;2.872138;
FootRight;0.9628423;-0.9699686;3.018053;
FootLeft;1.458892;-1.054794;2.806517;
Head;1.41253;0.7364544;2.957085;
ShoulderCenter;1.289712;0.54681;2.999463;
ShoulderRight;1.378818;0.4691445;3.134615;
ShoulderLeft;1.212905;0.3923331;2.891367;
ElbowRight;1.1447;0.22615;3.161266;
ElbowLeft;1.205394;0.07752477;2.801329;
WristRight;1.15789;0.02616139;3.348901;
WristLeft;1.205563;-0.1736142;2.755789;
HandRight;1.162287;-0.04050149;3.416597;
HandLeft;1.161082;-0.2819963;2.733681;
Spine;1.2587;0.1201957;2.964893;
HipCenter;1.252544;0.03486262;2.961713;
HipRight;1.291186;-0.03151223;2.908736;
HipLeft;1.207819;-0.01222227;3.002398;
KneeRight;1.315734;-0.5811604;2.995949;
KneeLeft;1.385976;-0.604442;2.882412;
AnkleRight;0.9309244;-0.92379;3.072711;
AnkleLeft;1.363746;-1.00503;2.871662;
FootRight;1.058773;-0.9563305;3.006437;
FootLeft;1.457515;-1.054596;2.806255;
Head;1.449434;0.7451003;2.953269;
ShoulderCenter;1.327782;0.5494575;2.985218;
ShoulderRight;1.416888;0.471792;3.12037;
ShoulderLeft;1.267348;0.3946754;2.871362;
ElbowRight;1.176606;0.2314192;3.137131;
ElbowLeft;1.266411;0.1072325;2.773176;
WristRight;1.184394;0.02636568;3.325378;
WristLeft;1.299375;-0.1458994;2.727757;
HandRight;1.18699;-0.04198549;3.393285;
HandLeft;1.288576;-0.2644682;2.733642;
Spine;1.257179;0.1180539;2.963774;
HipCenter;1.246183;0.03040652;2.960676;
HipRight;1.263109;-0.04426878;2.906173;
HipLeft;1.20226;-0.01966061;3.002664;
KneeRight;1.331505;-0.6019434;3.006019;
KneeLeft;1.398751;-0.6024757;2.878697;
AnkleRight;0.9600169;-0.9333872;3.072941;
AnkleLeft;1.530222;-0.9924338;2.775729;
FootRight;1.087896;-0.9653115;3.006411;
FootLeft;1.628761;-1.05353;2.720594;
Head;1.413339;0.7887396;2.962689;
ShoulderCenter;1.368599;0.5563284;2.975008;
ShoulderRight;1.457705;0.4786629;3.11016;
ShoulderLeft;1.296518;0.3989316;2.865664;
ElbowRight;1.214515;0.2447121;3.147208;
ElbowLeft;1.324895;0.09327689;2.750196;
WristRight;1.232692;0.05020756;3.333737;
WristLeft;1.384678;-0.176492;2.691621;
HandRight;1.238751;-0.01462731;3.401074;
HandLeft;1.406424;-0.2616519;2.697412;
Spine;1.302932;0.1513057;2.94063;
HipCenter;1.289122;0.07018733;2.937709;
HipRight;1.310684;0.004793567;2.966647;
HipLeft;1.248073;0.02111411;2.896557;
KneeRight;1.350115;-0.6198462;3.031762;
KneeLeft;1.408448;-0.6036091;2.874346;
AnkleRight;1.071422;-0.917205;3.063777;
AnkleLeft;1.368788;-1.003288;2.871273;
FootRight;1.19004;-0.9587547;2.986335;
FootLeft;1.458167;-1.053519;2.82176;
Head;1.548291;0.7526414;2.949163;
ShoulderCenter;1.414067;0.5609558;2.97068;
ShoulderRight;1.503173;0.4832902;3.105831;
ShoulderLeft;1.337777;0.4084393;2.8543;
ElbowRight;1.265558;0.2415969;3.127799;
ElbowLeft;1.384555;0.1090933;2.73743;
WristRight;1.27384;0.03680321;3.316252;
WristLeft;1.446072;-0.1282982;2.657726;
HandRight;1.2766;-0.03146136;3.384241;
HandLeft;1.448144;-0.190994;2.659399;
Spine;1.352822;0.1377679;2.921821;
HipCenter;1.340178;0.05309004;2.91588;
HipRight;1.365632;-0.005221468;2.931257;
HipLeft;1.29989;0.01206421;2.886794;
KneeRight;1.364204;-0.6448407;3.064482;
KneeLeft;1.418873;-0.6068867;2.867246;
AnkleRight;1.151652;-0.9667894;3.0495;
AnkleLeft;1.369081;-1.003137;2.87061;
FootRight;1.256307;-1.001754;2.952091;
FootLeft;1.462884;-1.05596;2.822205;
Head;1.529563;0.7073812;2.955836;
ShoulderCenter;1.456443;0.4808863;2.95088;
ShoulderRight;1.545549;0.4032208;3.086032;
ShoulderLeft;1.375684;0.4174241;2.847265;
ElbowRight;1.305571;0.2794259;3.145226;
ElbowLeft;1.426344;0.1515306;2.734392;
WristRight;1.327806;0.08882555;3.330597;
WristLeft;1.483657;-0.09326312;2.68889;
HandRight;1.335218;0.02529211;3.397559;
HandLeft;1.468937;-0.1034613;2.603227;
Spine;1.431703;0.1240407;2.925388;
HipCenter;1.426755;0.05267158;2.924083;
HipRight;1.45359;-0.04263523;2.966752;
HipLeft;1.389876;0.00312373;2.8671;
KneeRight;1.517726;-0.6986305;3.090082;
KneeLeft;1.431006;-0.6096071;2.861499;
AnkleRight;1.250154;-0.9697641;3.012655;
AnkleLeft;1.371567;-1.004312;2.870424;
FootRight;1.346059;-1.010847;2.909594;
FootLeft;1.467295;-1.057247;2.820323;
Head;1.539104;0.7908198;2.916457;
ShoulderCenter;1.504866;0.5705488;2.964006;
ShoulderRight;1.593972;0.4928833;3.099158;
ShoulderLeft;1.406692;0.4222379;2.844263;
ElbowRight;1.357304;0.2480762;3.113084;
ElbowLeft;1.450102;0.1444561;2.745353;
WristRight;1.358269;0.03547375;3.302436;
WristLeft;1.515079;-0.09313044;2.791052;
HandRight;1.391358;-0.07566376;3.279299;
HandLeft;1.536738;-0.172326;2.81146;
Spine;1.441898;0.1788791;2.918276;
HipCenter;1.429266;0.09981386;2.913097;
HipRight;1.453847;0.02228746;2.949576;
HipLeft;1.384074;0.03131446;2.858945;
KneeRight;1.450731;-0.5901155;3.079076;
KneeLeft;1.437548;-0.6126851;2.862379;
AnkleRight;1.332808;-0.9506042;3.001265;
AnkleLeft;1.373155;-1.005063;2.871115;
FootRight;1.455172;-1.013219;2.950673;
FootLeft;1.460642;-1.059838;2.799531;
Head;1.593325;0.7939185;2.946028;
ShoulderCenter;1.519021;0.5739724;2.967895;
ShoulderRight;1.608126;0.4963069;3.103046;
ShoulderLeft;1.438994;0.4342308;2.850655;
ElbowRight;1.397514;0.2699989;3.133819;
ElbowLeft;1.475667;0.1902764;2.761821;
WristRight;1.41975;0.07939854;3.319169;
WristLeft;1.512403;-0.06050384;2.750891;
HandRight;1.434151;-0.03464672;3.292294;
HandLeft;1.497727;-0.07067171;2.665483;
Spine;1.450168;0.1750901;2.920192;
HipCenter;1.436917;0.09508549;2.914699;
HipRight;1.460374;0.01948582;2.949367;
HipLeft;1.390621;0.03258136;2.861779;
KneeRight;1.528725;-0.6528596;2.92116;
KneeLeft;1.438493;-0.614709;2.863299;
AnkleRight;1.597566;-1.008079;3.007957;
AnkleLeft;1.376475;-1.006354;2.873697;
FootRight;1.607163;-1.090569;2.938775;
FootLeft;1.460729;-1.057374;2.79991;
Head;1.6031;0.8038945;2.959684;
ShoulderCenter;1.548642;0.5769525;2.978431;
ShoulderRight;1.637748;0.4992869;3.113583;
ShoulderLeft;1.461482;0.4161541;2.871438;
ElbowRight;1.454542;0.2148994;3.144336;
ElbowLeft;1.495809;0.1077801;2.808381;
WristRight;1.459695;-0.002218649;3.335391;
WristLeft;1.508161;-0.1486552;2.792292;
HandRight;1.471873;-0.111849;3.293608;
HandLeft;1.512278;-0.2341336;2.792111;
Spine;1.472834;0.161987;2.947493;
HipCenter;1.458258;0.07804905;2.946544;
HipRight;1.476354;0.01731139;2.963705;
HipLeft;1.414677;0.02690731;2.917423;
KneeRight;1.525844;-0.6583096;2.965233;
KneeLeft;1.444293;-0.6274636;2.865841;
AnkleRight;1.60326;-1.024228;2.992931;
AnkleLeft;1.379143;-1.00623;2.876037;
FootRight;1.546053;-1.044555;2.898198;
FootLeft;1.46057;-1.057327;2.800328;
Head;1.656978;0.7966722;2.99939;
ShoulderCenter;1.572836;0.5723717;2.98954;
ShoulderRight;1.661942;0.4947062;3.124692;
ShoulderLeft;1.482211;0.4088537;2.882887;
ElbowRight;1.502429;0.1945283;3.140153;
ElbowLeft;1.499047;0.1036513;2.811272;
WristRight;1.50031;-0.04190478;3.332516;
WristLeft;1.511729;-0.1479984;2.767564;
HandRight;1.516011;-0.150597;3.290042;
HandLeft;1.515956;-0.2318816;2.758175;
Spine;1.499114;0.12163;2.972591;
HipCenter;1.482626;0.03181174;2.972199;
HipRight;1.513958;-0.01215891;2.967913;
HipLeft;1.434298;-0.01187883;2.970353;
KneeRight;1.543769;-0.7274697;2.988184;
KneeLeft;1.450917;-0.6279474;2.865206;
AnkleRight;1.597364;-1.005854;2.993161;
AnkleLeft;1.382165;-1.004789;2.877374;
FootRight;1.53125;-1.034264;2.866767;
FootLeft;1.461844;-1.057123;2.801857;
Head;1.56633;0.5276797;2.923537;
ShoulderCenter;1.519791;0.2946151;2.921271;
ShoulderRight;1.512257;0.161851;2.915371;
ShoulderLeft;1.429159;0.1296796;2.815427;
ElbowRight;1.495236;0.07367158;3.163801;
ElbowLeft;1.586802;-0.06316328;2.826829;
WristRight;1.517472;-0.1169288;3.349178;
WristLeft;1.446178;-0.2639444;2.750468;
HandRight;1.533106;-0.2251547;3.306885;
HandLeft;1.399303;-0.3308715;2.730185;
Spine;1.537609;-0.01234823;3.084021;
HipCenter;1.541173;-0.07374091;3.120362;
HipRight;1.565797;-0.08650822;3.129595;
HipLeft;1.51863;-0.09681942;3.128994;
KneeRight;1.586673;-0.7620486;3.00481;
KneeLeft;1.461919;-0.6324384;2.864703;
AnkleRight;1.641392;-1.040538;3.011524;
AnkleLeft;1.383487;-1.004469;2.877008;
FootRight;1.660171;-1.104215;3.094932;
FootLeft;1.477302;-1.054937;2.823305;
Head;1.600068;0.2525998;3.131238;
ShoulderCenter;1.604785;0.04345894;3.23344;
ShoulderRight;1.552578;0.07689703;2.90241;
ShoulderLeft;1.514153;-0.1214766;3.127596;
ElbowRight;1.506423;0.002974235;3.202597;
ElbowLeft;1.56924;0.0250172;2.882056;
WristRight;1.526549;-0.1910045;3.40307;
WristLeft;1.539564;-0.2972463;2.812715;
HandRight;1.542199;-0.2993431;3.360734;
HandLeft;1.529672;-0.4046675;2.794777;
Spine;1.613968;-0.1525727;3.125845;
HipCenter;1.615804;-0.1917791;3.108122;
HipRight;1.633355;-0.1866109;3.008208;
HipLeft;1.60325;-0.303602;3.144177;
KneeRight;1.617864;-0.8387585;3.008579;
KneeLeft;1.455136;-0.677917;2.834453;
AnkleRight;1.672584;-1.117248;3.015263;
AnkleLeft;1.384419;-1.004081;2.87536;
FootRight;1.691252;-1.180547;3.098176;
FootLeft;1.474903;-1.060407;2.791932;
Head;1.431593;-0.5202178;2.804327;
ShoulderCenter;1.436309;-0.7293587;2.906528;
ShoulderRight;1.384103;-0.6959206;2.575498;
ShoulderLeft;1.345678;-0.8942942;2.800684;
ElbowRight;1.442457;-0.4730496;2.797778;
ElbowLeft;1.428319;-0.5663813;2.821264;
WristRight;1.504481;-0.3794522;3.105293;
WristLeft;1.552526;-0.278056;2.846994;
HandRight;1.525156;-0.348253;3.212973;
HandLeft;1.550436;-0.2091906;2.793595;
Spine;1.531671;-0.4262923;2.988422;
HipCenter;1.550744;-0.3656791;3.008596;
HipRight;1.564581;-0.3022402;3.003136;
HipLeft;1.563559;-0.3444161;3.034212;
KneeRight;1.647624;-0.8781838;3.014919;
KneeLeft;1.462045;-0.7796937;2.797351;
AnkleRight;1.702343;-1.156673;3.021602;
AnkleLeft;1.387993;-1.006348;2.87364;
FootRight;1.720941;-1.219736;3.104206;
FootLeft;1.461802;-1.060025;2.763759;
Head;1.458943;-0.507099;2.832398;
ShoulderCenter;1.463659;-0.71624;2.934623;
ShoulderRight;1.411453;-0.6828019;2.603593;
ShoulderLeft;1.373028;-0.8811755;2.828779;
ElbowRight;1.469737;-0.4601964;2.825588;
ElbowLeft;1.458115;-0.7379351;2.608609;
WristRight;1.531689;-0.3666251;3.132701;
WristLeft;1.392577;-1.069642;2.641674;
HandRight;1.55234;-0.3354347;3.240245;
HandLeft;1.37541;-1.077089;2.599452;
Spine;1.474176;-0.6666358;2.953682;
HipCenter;1.475736;-0.6569755;2.960728;
HipRight;1.457749;-0.7658278;3.150704;
HipLeft;1.434397;-0.9154841;2.721369;
KneeRight;1.520822;-1.331115;2.992908;
KneeLeft;1.56479;-0.5086923;2.962546;
AnkleRight;1.603545;-1.86059;2.936435;
AnkleLeft;1.522256;-0.874653;2.96107;
FootRight;1.709113;-1.925298;2.935513;
FootLeft;1.498528;-0.9707442;2.858694;
Head;1.478948;-0.566277;2.80799;
ShoulderCenter;1.476668;-0.7751744;2.911354;
ShoulderRight;1.424462;-0.7417363;2.580324;
ShoulderLeft;1.400034;-0.9463897;2.898898;
ElbowRight;1.482659;-0.5194667;2.801962;
ElbowLeft;1.477829;-0.807331;2.673101;
WristRight;1.544518;-0.425929;3.108569;
WristLeft;1.415625;-1.138752;2.708818;
HandRight;1.565138;-0.3947498;3.21594;
HandLeft;1.399699;-1.143606;2.666812;
Spine;1.523301;-0.8327714;2.911583;
HipCenter;1.532627;-0.8442909;2.915419;
HipRight;1.593856;-0.8379616;3.044293;
HipLeft;1.60186;-1.011756;2.759873;
KneeRight;1.604825;-1.422376;2.994499;
KneeLeft;1.50216;-0.5616527;2.931892;
AnkleRight;1.663614;-1.91766;2.988503;
AnkleLeft;1.483546;-0.9225205;2.978033;
FootRight;1.588259;-2.006321;2.947301;
FootLeft;1.510023;-1.012589;2.871557;
