Floor;-0.02685815;0.9996341;0.003183006;1.061754;
Head;0.6744977;0.5867198;3.327372;
ShoulderCenter;0.8157565;0.3937596;3.270534;
ShoulderRight;0.881376;0.2594193;3.155979;
ShoulderLeft;0.7213902;0.1380745;3.329325;
ElbowRight;0.8960428;0.01929139;3.021938;
ElbowLeft;0.7093787;-0.0480178;3.246875;
WristRight;0.7995636;-0.222029;2.974577;
WristLeft;0.6780196;-0.252872;3.233253;
HandRight;0.7638475;-0.3245163;2.96314;
HandLeft;0.7102907;-0.2901031;3.142083;
Spine;0.8030407;-0.03245766;3.228081;
HipCenter;0.8004976;-0.1177011;3.223418;
HipRight;0.8345895;-0.1542485;3.169748;
HipLeft;0.7625959;-0.2088536;3.261414;
KneeRight;0.8857164;-0.6319936;3.153162;
KneeLeft;0.7596582;-0.6477094;3.317105;
AnkleRight;1.206539;-0.9265767;3.173081;
AnkleLeft;0.8060756;-0.9998841;3.289743;
FootRight;1.17992;-1.019193;3.204606;
FootLeft;0.7453738;-1.037654;3.238149;
Head;0.6592339;0.5713937;3.319857;
ShoulderCenter;0.7637737;0.3981295;3.27101;
ShoulderRight;0.8449533;0.2722723;3.149065;
ShoulderLeft;0.6538821;0.1443931;3.280837;
ElbowRight;0.838334;0.02814576;3.013254;
ElbowLeft;0.6416744;-0.04473718;3.198124;
WristRight;0.7736326;-0.2291284;2.97718;
WristLeft;0.6289567;-0.2387138;3.212652;
HandRight;0.7425285;-0.319208;2.97713;
HandLeft;0.6221437;-0.3030923;3.239598;
Spine;0.7816295;-0.0189755;3.267865;
HipCenter;0.7427623;-0.09328294;3.218299;
HipRight;0.7820154;-0.1262171;3.173232;
HipLeft;0.6981997;-0.1845272;3.246165;
KneeRight;0.8200185;-0.6258792;3.146026;
KneeLeft;0.7225819;-0.6324413;3.263197;
AnkleRight;1.079149;-0.9292475;3.162089;
AnkleLeft;0.8052595;-0.9963988;3.287203;
FootRight;1.014882;-1.010143;3.176715;
FootLeft;0.7544529;-1.034379;3.222324;
Head;0.6467912;0.5806175;3.317248;
ShoulderCenter;0.7244025;0.4091975;3.256495;
ShoulderRight;0.7902915;0.2839764;3.142278;
ShoulderLeft;0.6161297;0.185849;3.325551;
ElbowRight;0.8131469;0.04268365;3.009697;
ElbowLeft;0.5958831;-0.003907859;3.257262;
WristRight;0.7408369;-0.2107999;2.989373;
WristLeft;0.5734553;-0.1886297;3.184696;
HandRight;0.7047865;-0.3193791;2.981786;
HandLeft;0.577854;-0.2410697;3.229802;
Spine;0.7400166;0.05434144;3.250837;
HipCenter;0.692216;-0.006427862;3.210012;
HipRight;0.726415;-0.05650229;3.141996;
HipLeft;0.6480421;-0.1006596;3.257176;
KneeRight;0.7014931;-0.6067354;3.14545;
KneeLeft;0.8063023;-0.5731068;3.252081;
AnkleRight;0.94585;-0.9469526;3.155651;
AnkleLeft;0.8034316;-0.9950575;3.278143;
FootRight;0.8711568;-1.012549;3.165276;
FootLeft;0.7437317;-1.0314;3.226593;
Head;0.5864676;0.5847594;3.280463;
ShoulderCenter;0.6771721;0.4159836;3.243783;
ShoulderRight;0.7445382;0.2811867;3.132473;
ShoulderLeft;0.5744404;0.1863846;3.334797;
ElbowRight;0.7641085;0.0342769;3.002486;
ElbowLeft;0.5641921;0.01657983;3.173121;
WristRight;0.6766429;-0.2183549;2.981063;
WristLeft;0.5527332;-0.158847;3.359793;
HandRight;0.6467873;-0.3180162;2.978555;
HandLeft;0.5509126;-0.2022368;3.411603;
Spine;0.6878406;-0.004562651;3.234387;
HipCenter;0.6361188;-0.07899691;3.195375;
HipRight;0.6691454;-0.126978;3.132161;
HipLeft;0.5916523;-0.16958;3.240898;
KneeRight;0.6127872;-0.6186528;3.150105;
KneeLeft;0.7940623;-0.6240432;3.304443;
AnkleRight;0.8119159;-0.9724664;3.155622;
AnkleLeft;0.7424392;-0.9834945;3.211871;
FootRight;0.7360258;-1.044062;3.164283;
FootLeft;0.6978021;-1.057611;3.28844;
Head;0.5054855;0.5508534;3.253513;
ShoulderCenter;0.6286457;0.3970658;3.233006;
ShoulderRight;0.7024718;0.2726835;3.11747;
ShoulderLeft;0.5182194;0.1853023;3.2877;
ElbowRight;0.7128726;0.01224348;3.010698;
ElbowLeft;0.5276675;-0.006495644;3.166006;
WristRight;0.625025;-0.2444433;2.977187;
WristLeft;0.4925629;-0.150849;3.3789;
HandRight;0.5854869;-0.3308136;2.991428;
HandLeft;0.4650457;-0.1936578;3.417836;
Spine;0.6463513;-0.01250911;3.228647;
HipCenter;0.6018754;-0.08564958;3.184047;
HipRight;0.6416484;-0.1316197;3.126308;
HipLeft;0.5546415;-0.1720045;3.223802;
KneeRight;0.5206378;-0.622856;3.11614;
KneeLeft;0.7343687;-0.654924;3.301894;
AnkleRight;0.6817815;-1.019344;3.162814;
AnkleLeft;0.8029029;-0.9976609;3.241449;
FootRight;0.5764351;-1.068867;3.177631;
FootLeft;0.7575668;-1.072938;3.319217;
Head;0.4541874;0.5445444;3.226918;
ShoulderCenter;0.5821493;0.3931682;3.212592;
ShoulderRight;0.6435038;0.262324;3.103595;
ShoulderLeft;0.4771451;0.1953135;3.260782;
ElbowRight;0.6604298;0.003581256;2.996954;
ElbowLeft;0.461029;0.005327001;3.423648;
WristRight;0.5965711;-0.2503688;2.965136;
WristLeft;0.3751046;-0.1969073;3.542526;
HandRight;0.5614774;-0.3180241;2.93541;
HandLeft;0.3166643;-0.2499504;3.545101;
Spine;0.5969979;-0.01789264;3.215576;
HipCenter;0.5516766;-0.09166418;3.172295;
HipRight;0.5854879;-0.1341724;3.123985;
HipLeft;0.5128085;-0.1647077;3.208304;
KneeRight;0.4655905;-0.6161243;3.120631;
KneeLeft;0.7125487;-0.6447238;3.302127;
AnkleRight;0.4937068;-1.010252;3.105818;
AnkleLeft;0.8082719;-0.9989706;3.249552;
FootRight;0.4077106;-1.062237;3.126121;
FootLeft;0.7524895;-1.06771;3.296723;
Head;0.4035639;0.5274637;3.223015;
ShoulderCenter;0.5325725;0.3715698;3.194738;
ShoulderRight;0.5981002;0.2404426;3.087122;
ShoulderLeft;0.4284602;0.1772541;3.253406;
ElbowRight;0.628524;-0.01908064;2.986319;
ElbowLeft;0.4289365;0.01721133;3.442853;
WristRight;0.5397876;-0.2552744;2.950805;
WristLeft;0.2725689;-0.1775581;3.532295;
HandRight;0.5155776;-0.3389638;2.930503;
HandLeft;0.2039108;-0.2042479;3.527948;
Spine;0.5430201;-0.04127869;3.208977;
HipCenter;0.4961945;-0.1162348;3.168448;
HipRight;0.5299803;-0.1607936;3.120601;
HipLeft;0.4536423;-0.1892284;3.206379;
KneeRight;0.376798;-0.6093826;3.11627;
KneeLeft;0.5379915;-0.6299427;3.210252;
AnkleRight;0.3438844;-1.012054;3.097886;
AnkleLeft;0.8030032;-0.9981114;3.256157;
FootRight;0.2401116;-1.059155;3.128291;
FootLeft;0.782122;-1.081846;3.243804;
Head;0.3713392;0.5370764;3.224523;
ShoulderCenter;0.4784922;0.3626555;3.175534;
ShoulderRight;0.5435163;0.2269541;3.076357;
ShoulderLeft;0.3861891;0.1934384;3.260609;
ElbowRight;0.5665786;-0.03375585;2.977379;
ElbowLeft;0.3540977;0.03013219;3.44547;
WristRight;0.490323;-0.2787162;2.928591;
WristLeft;0.195391;-0.155923;3.520723;
HandRight;0.4885874;-0.3472272;2.919593;
HandLeft;0.1103052;-0.174148;3.496211;
Spine;0.5203365;-0.0191219;3.198158;
HipCenter;0.4741666;-0.09226236;3.161547;
HipRight;0.5107194;-0.1502773;3.104919;
HipLeft;0.4379856;-0.1689659;3.210186;
KneeRight;0.3407932;-0.6100605;3.125438;
KneeLeft;0.4681345;-0.6252838;3.186832;
AnkleRight;0.1792959;-1.033286;3.089052;
AnkleLeft;0.7656531;-0.9582958;3.253312;
FootRight;0.07525806;-1.060763;3.079071;
FootLeft;0.7891332;-1.053056;3.247745;
Head;0.3002552;0.5279644;3.207584;
ShoulderCenter;0.4130201;0.3553685;3.168752;
ShoulderRight;0.4913553;0.2261474;3.071035;
ShoulderLeft;0.3229595;0.1798378;3.271595;
ElbowRight;0.5084414;-0.0337334;2.967625;
ElbowLeft;0.2843845;0.02076545;3.458634;
WristRight;0.4584839;-0.2793779;2.925597;
WristLeft;0.08971679;-0.1300915;3.507181;
HandRight;0.4331507;-0.3650962;2.907613;
HandLeft;0.02069511;-0.1536877;3.502144;
Spine;0.4482396;-0.03562927;3.204343;
HipCenter;0.4027726;-0.1115611;3.171485;
HipRight;0.4392997;-0.1631969;3.121823;
HipLeft;0.3635216;-0.1840362;3.217971;
KneeRight;0.3657442;-0.597894;3.132235;
KneeLeft;0.5707334;-0.6352462;3.260476;
AnkleRight;0.1072515;-0.970835;3.095131;
AnkleLeft;0.8017909;-1.005822;3.265056;
FootRight;-0.001245052;-1.00733;3.093908;
FootLeft;0.7828652;-1.085471;3.243672;
Head;0.2447427;0.4977454;3.21558;
ShoulderCenter;0.3588201;0.3363457;3.179781;
ShoulderRight;0.4349551;0.2177846;3.069675;
ShoulderLeft;0.2680278;0.1677874;3.265019;
ElbowRight;0.4480733;-0.04097033;2.963178;
ElbowLeft;0.2219451;0.01411849;3.454038;
WristRight;0.4018379;-0.2998484;2.921144;
WristLeft;0.02417472;-0.1210101;3.499509;
HandRight;0.3917092;-0.3785387;2.899172;
HandLeft;-0.06134727;-0.1440329;3.490618;
Spine;0.3925149;-0.04136491;3.20529;
HipCenter;0.3469627;-0.1131745;3.170245;
HipRight;0.3697549;-0.1556331;3.113293;
HipLeft;0.3233987;-0.2016374;3.21994;
KneeRight;0.3927786;-0.5744142;3.16638;
KneeLeft;0.5694503;-0.6363457;3.261266;
AnkleRight;0.1010463;-0.9169562;3.106814;
AnkleLeft;0.7964579;-1.007893;3.267046;
FootRight;0.03485346;-0.9596425;3.050241;
FootLeft;0.7951273;-1.090252;3.263941;
Head;0.2086891;0.503948;3.19511;
ShoulderCenter;0.3052648;0.3311732;3.175154;
ShoulderRight;0.3729686;0.2059712;3.069222;
ShoulderLeft;0.2051453;0.1641276;3.237529;
ElbowRight;0.4196925;-0.0489873;2.963936;
ElbowLeft;0.1634858;0.01509435;3.430454;
WristRight;0.3531048;-0.3101198;2.928557;
WristLeft;-0.03889052;-0.1125876;3.510527;
HandRight;0.340922;-0.3873527;2.904465;
HandLeft;-0.1190148;-0.1379789;3.484385;
Spine;0.3438331;-0.06594845;3.192764;
HipCenter;0.30279;-0.1413366;3.152244;
HipRight;0.3307221;-0.1718266;3.104742;
HipLeft;0.2773097;-0.2191761;3.191687;
KneeRight;0.2704531;-0.5775788;3.134758;
KneeLeft;0.5285084;-0.6388301;3.268201;
AnkleRight;0.04813068;-0.9769874;3.112039;
AnkleLeft;0.7446982;-0.9739927;3.284986;
FootRight;-0.05094003;-1.025983;3.104044;
FootLeft;0.6834219;-1.016192;3.223753;
Head;0.1389203;0.5033146;3.163131;
ShoulderCenter;0.2405073;0.3330563;3.158095;
ShoulderRight;0.3169025;0.2082019;3.063906;
ShoulderLeft;0.1301624;0.1467382;3.215439;
ElbowRight;0.3588686;-0.05775289;2.963606;
ElbowLeft;0.09841651;-0.0004341453;3.424492;
WristRight;0.2951047;-0.3193876;2.920743;
WristLeft;-0.07937957;-0.1186007;3.497143;
HandRight;0.2829193;-0.3999753;2.894099;
HandLeft;-0.1651931;-0.1372683;3.465279;
Spine;0.2740903;-0.06012358;3.182646;
HipCenter;0.2390749;-0.1352619;3.141109;
HipRight;0.2690662;-0.172435;3.09127;
HipLeft;0.2087199;-0.2170023;3.182934;
KneeRight;0.08549558;-0.594926;3.105971;
KneeLeft;0.4828236;-0.6588757;3.277537;
AnkleRight;0.0156476;-1.011971;3.11308;
AnkleLeft;0.7311224;-0.9779941;3.290519;
FootRight;-0.08888775;-1.05749;3.12224;
FootLeft;0.6746843;-1.021571;3.221174;
Head;0.06478804;0.5054944;3.16274;
ShoulderCenter;0.1917557;0.3488826;3.143881;
ShoulderRight;0.2568441;0.2123179;3.055724;
ShoulderLeft;0.07197604;0.1565021;3.206381;
ElbowRight;0.2864195;-0.05960804;2.964601;
ElbowLeft;0.04869217;-0.0171939;3.396898;
WristRight;0.2428641;-0.307339;2.923824;
WristLeft;-0.1255458;-0.1391337;3.477925;
HandRight;0.2267318;-0.3902213;2.890126;
HandLeft;-0.1952418;-0.150956;3.453954;
Spine;0.2004124;-0.06437058;3.171996;
HipCenter;0.1624938;-0.1423483;3.134259;
HipRight;0.1900967;-0.1809292;3.088822;
HipLeft;0.1282225;-0.2157132;3.174182;
KneeRight;0.02289853;-0.6117865;3.113624;
KneeLeft;0.4386254;-0.6687087;3.284241;
AnkleRight;0.001135236;-1.008063;3.112767;
AnkleLeft;0.6807169;-0.9541522;3.289845;
FootRight;-0.09548622;-1.062539;3.146708;
FootLeft;0.6909013;-1.037262;3.308279;
Head;0.0005643442;0.5198328;3.155905;
ShoulderCenter;0.1209979;0.3574932;3.140812;
ShoulderRight;0.1922306;0.2261533;3.042507;
ShoulderLeft;0.02029637;0.1980779;3.176199;
ElbowRight;0.2262355;-0.04520993;2.954446;
ElbowLeft;-0.002929179;0.02481692;3.366198;
WristRight;0.1805862;-0.2974228;2.922137;
WristLeft;-0.1390536;-0.1568971;3.469539;
HandRight;0.1799435;-0.379097;2.878807;
HandLeft;-0.224413;-0.1905098;3.455835;
Spine;0.1362077;-0.02720195;3.170232;
HipCenter;0.1033702;-0.1006683;3.134261;
HipRight;0.1356459;-0.142444;3.0974;
HipLeft;0.06721397;-0.1597538;3.166475;
KneeRight;-0.03236621;-0.6153153;3.107798;
KneeLeft;0.2963629;-0.6599452;3.284852;
AnkleRight;-0.01079014;-1.01438;3.117498;
AnkleLeft;0.5641536;-0.862468;3.257709;
FootRight;-0.07425507;-1.070167;3.131187;
FootLeft;0.5999612;-0.9685666;3.287261;
Head;-0.06536333;0.5301027;3.159847;
ShoulderCenter;0.06202442;0.3703842;3.129657;
ShoulderRight;0.1406931;0.2393374;3.036236;
ShoulderLeft;-0.03612934;0.1754137;3.178596;
ElbowRight;0.1591969;-0.03321989;2.95116;
ElbowLeft;-0.05927823;0.002724633;3.367825;
WristRight;0.1106439;-0.2817878;2.913542;
WristLeft;-0.168029;-0.192222;3.449176;
HandRight;0.1069762;-0.3730312;2.889235;
HandLeft;-0.2336189;-0.2157065;3.444195;
Spine;0.07064474;-0.02168135;3.16482;
HipCenter;0.03837584;-0.09750907;3.134356;
HipRight;0.07026511;-0.1476143;3.094066;
HipLeft;0.0008240672;-0.1594378;3.172278;
KneeRight;-0.03644758;-0.6179236;3.105783;
KneeLeft;0.2359651;-0.6615649;3.283833;
AnkleRight;-0.01357716;-1.019165;3.122823;
AnkleLeft;0.4894575;-0.8778068;3.23952;
FootRight;-0.07737219;-1.075193;3.134092;
FootLeft;0.4751395;-0.9892148;3.268004;
Head;-0.02952617;0.5895464;3.194152;
ShoulderCenter;0.008391218;0.3877129;3.143197;
ShoulderRight;0.08655328;0.2573404;3.033673;
ShoulderLeft;-0.08976255;0.1927423;3.192136;
ElbowRight;0.09665352;-0.01303694;2.93931;
ElbowLeft;-0.1128674;0.02038164;3.3809;
WristRight;0.05032279;-0.2435807;2.910101;
WristLeft;-0.1976328;-0.2356807;3.408894;
HandRight;0.04624587;-0.3376271;2.896506;
HandLeft;-0.241428;-0.2841308;3.434906;
Spine;0.03471351;-0.02543572;3.155923;
HipCenter;0.00372139;-0.1045979;3.124418;
HipRight;0.04988658;-0.1469464;3.093899;
HipLeft;-0.04445774;-0.1619559;3.144881;
KneeRight;-0.03892436;-0.6222444;3.10463;
KneeLeft;0.2122217;-0.6514964;3.280701;
AnkleRight;-0.01496495;-1.019744;3.122586;
AnkleLeft;0.4100147;-0.9143646;3.242691;
FootRight;-0.0795643;-1.07475;3.134519;
FootLeft;0.3514507;-1.006224;3.282312;
Head;-0.1562665;0.5696617;3.151793;
ShoulderCenter;-0.05860128;0.397106;3.13478;
ShoulderRight;0.03243875;0.2735454;3.028888;
ShoulderLeft;-0.156755;0.2021354;3.183719;
ElbowRight;0.04941766;0.01835916;2.924139;
ElbowLeft;-0.1797865;0.03032263;3.37177;
WristRight;-0.01161776;-0.2523643;2.913058;
WristLeft;-0.2646253;-0.2262876;3.400444;
HandRight;-0.03740253;-0.3477917;2.909726;
HandLeft;-0.308156;-0.2744449;3.426299;
Spine;-0.03618399;-0.02565105;3.143457;
HipCenter;-0.06510302;-0.1066737;3.109577;
HipRight;-0.02151384;-0.1429386;3.096491;
HipLeft;-0.1098807;-0.1625;3.115385;
KneeRight;-0.04308;-0.6263639;3.105021;
KneeLeft;0.07882626;-0.6808453;3.266527;
AnkleRight;-0.01646315;-1.018578;3.121246;
AnkleLeft;0.2800178;-0.9371078;3.258606;
FootRight;-0.07546911;-1.077471;3.143975;
FootLeft;0.2098029;-1.02559;3.288742;
Head;-0.2291332;0.5633738;3.167751;
ShoulderCenter;-0.1078342;0.4029328;3.124239;
ShoulderRight;-0.02852138;0.2876155;3.02444;
ShoulderLeft;-0.205988;0.2079622;3.173177;
ElbowRight;-0.008863911;0.02751746;2.918949;
ElbowLeft;-0.2294306;0.03308162;3.365037;
WristRight;-0.08372852;-0.2398839;2.894468;
WristLeft;-0.3138583;-0.2204608;3.38981;
HandRight;-0.1067337;-0.3312;2.898576;
HandLeft;-0.3572609;-0.2684766;3.415588;
Spine;-0.07840568;-0.01913704;3.133002;
HipCenter;-0.1059996;-0.1007177;3.099876;
HipRight;-0.07220779;-0.1326668;3.093509;
HipLeft;-0.1409719;-0.1563421;3.100559;
KneeRight;-0.049017;-0.627829;3.102764;
KneeLeft;-0.2127148;-0.6018072;3.262589;
AnkleRight;0.0283857;-0.9877766;3.159137;
AnkleLeft;0.09571001;-0.9236184;3.243545;
FootRight;-0.05901124;-1.055892;3.120935;
FootLeft;0.08177102;-1.037148;3.272806;
Head;-0.2825813;0.5689163;3.15123;
ShoulderCenter;-0.1600387;0.4080885;3.12238;
ShoulderRight;-0.08177744;0.2824055;3.014463;
ShoulderLeft;-0.2581924;0.2131179;3.171318;
ElbowRight;-0.07567971;0.02206566;2.900167;
ElbowLeft;-0.2819967;0.03553946;3.366552;
WristRight;-0.1574382;-0.2213437;2.8823;
WristLeft;-0.3660627;-0.215305;3.387906;
HandRight;-0.1793573;-0.3116082;2.867223;
HandLeft;-0.4093938;-0.2632417;3.413642;
Spine;-0.1347592;-0.02552774;3.124398;
HipCenter;-0.1646957;-0.1085494;3.090666;
HipRight;-0.1252987;-0.1389696;3.077419;
HipLeft;-0.2048625;-0.1635246;3.096247;
KneeRight;-0.06383999;-0.6310751;3.099617;
KneeLeft;-0.2626356;-0.6245506;3.253691;
AnkleRight;-0.02914388;-1.001963;3.130506;
AnkleLeft;-0.1304002;-0.9948598;3.219321;
FootRight;-0.0731159;-1.075368;3.118511;
FootLeft;-0.1481886;-1.085818;3.268679;
Head;-0.3593104;0.565247;3.168922;
ShoulderCenter;-0.2223418;0.4141347;3.119839;
ShoulderRight;-0.1318428;0.2912034;3.015202;
ShoulderLeft;-0.3204956;0.2191641;3.168777;
ElbowRight;-0.1372233;0.03278231;2.889388;
ElbowLeft;-0.3446315;0.0391123;3.367094;
WristRight;-0.2312327;-0.2246833;2.867415;
WristLeft;-0.4283659;-0.2092589;3.385308;
HandRight;-0.263746;-0.3117669;2.854488;
HandLeft;-0.4715802;-0.2570662;3.410975;
Spine;-0.1866181;-0.02457421;3.121737;
HipCenter;-0.2118012;-0.1092721;3.085953;
HipRight;-0.1580922;-0.1385747;3.074357;
HipLeft;-0.2588989;-0.1707173;3.089588;
KneeRight;-0.1036884;-0.6457225;3.104516;
KneeLeft;-0.311056;-0.6461028;3.240917;
AnkleRight;-0.03178733;-1.005887;3.133839;
AnkleLeft;-0.2093539;-1.017569;3.221618;
FootRight;-0.07364371;-1.078009;3.11527;
FootLeft;-0.2956395;-1.081305;3.251241;
Head;-0.4015361;0.5629494;3.176819;
ShoulderCenter;-0.2769242;0.4007798;3.113733;
ShoulderRight;-0.1755293;0.2800081;3.010661;
ShoulderLeft;-0.3750779;0.2058092;3.162671;
ElbowRight;-0.1981429;0.02443406;2.874997;
ElbowLeft;-0.3995061;0.02357708;3.363686;
WristRight;-0.3198611;-0.2435584;2.864723;
WristLeft;-0.4829482;-0.2226138;3.379124;
HandRight;-0.3501651;-0.300501;2.84166;
HandLeft;-0.5256243;-0.2698257;3.404471;
Spine;-0.2123287;-0.02187112;3.114311;
HipCenter;-0.2335949;-0.1057316;3.076102;
HipRight;-0.1855309;-0.1429727;3.069993;
HipLeft;-0.2792819;-0.1608844;3.070153;
KneeRight;-0.1168171;-0.6430693;3.093385;
KneeLeft;-0.3944612;-0.6463929;3.237113;
AnkleRight;-0.03483654;-1.005693;3.131276;
AnkleLeft;-0.3751183;-1.042589;3.216783;
FootRight;-0.0653118;-1.085724;3.120319;
FootLeft;-0.4678286;-1.086887;3.272336;
Head;-0.4627879;0.5573074;3.185133;
ShoulderCenter;-0.333238;0.3973805;3.121378;
ShoulderRight;-0.2418336;0.2713976;3.002541;
ShoulderLeft;-0.4313917;0.20241;3.170317;
ElbowRight;-0.2638793;-0.0001938907;2.864736;
ElbowLeft;-0.456125;0.01790179;3.374196;
WristRight;-0.4083292;-0.2564929;2.847378;
WristLeft;-0.5392621;-0.226013;3.386759;
HandRight;-0.4355685;-0.3177825;2.83623;
HandLeft;-0.581511;-0.2727525;3.411852;
Spine;-0.2896849;-0.02495537;3.129901;
HipCenter;-0.3163252;-0.1075018;3.096052;
HipRight;-0.2724592;-0.1401296;3.088761;
HipLeft;-0.3571612;-0.1653265;3.096169;
KneeRight;-0.1558582;-0.6206634;3.077701;
KneeLeft;-0.4735371;-0.648289;3.236063;
AnkleRight;-0.03774574;-1.00501;3.129795;
AnkleLeft;-0.5501742;-1.05665;3.216914;
FootRight;-0.06601501;-1.084856;3.118579;
FootLeft;-0.6490993;-1.087368;3.227005;
Head;-0.5058112;0.5553145;3.166725;
ShoulderCenter;-0.3946471;0.3802185;3.125631;
ShoulderRight;-0.2947235;0.2625441;3.012204;
ShoulderLeft;-0.4928009;0.185248;3.174569;
ElbowRight;-0.3257829;-0.006477505;2.861238;
ElbowLeft;-0.5174574;0.001312584;3.377892;
WristRight;-0.4730943;-0.2505282;2.831961;
WristLeft;-0.6006712;-0.243175;3.391262;
HandRight;-0.5187491;-0.3243364;2.822744;
HandLeft;-0.6427887;-0.2897691;3.416278;
Spine;-0.3222964;-0.02211929;3.108383;
HipCenter;-0.3443899;-0.1002219;3.067002;
HipRight;-0.2918443;-0.1267711;3.025345;
HipLeft;-0.384544;-0.1732489;3.08823;
KneeRight;-0.1698991;-0.6311383;3.079209;
KneeLeft;-0.5359576;-0.6400074;3.220968;
AnkleRight;-0.03968263;-1.005304;3.129308;
AnkleLeft;-0.7133645;-1.052003;3.205164;
FootRight;-0.04567417;-1.091484;3.127153;
FootLeft;-0.8130246;-1.077203;3.260859;
Head;-0.5837144;0.5423591;3.159303;
ShoulderCenter;-0.4574495;0.3778005;3.133285;
ShoulderRight;-0.3627682;0.2533354;3.016699;
ShoulderLeft;-0.5556033;0.18283;3.182224;
ElbowRight;-0.3912247;-0.01589859;2.867379;
ElbowLeft;-0.3241513;0.06200596;3.294028;
WristRight;-0.5347281;-0.2524474;2.805218;
WristLeft;-0.2745901;-0.2212673;3.349689;
HandRight;-0.5883333;-0.3211464;2.80016;
HandLeft;-0.3165936;-0.2677352;3.374637;
Spine;-0.3856728;-0.02021594;3.103734;
HipCenter;-0.4078898;-0.09607391;3.060372;
HipRight;-0.3564594;-0.1319302;3.024773;
HipLeft;-0.4488362;-0.1604625;3.077466;
KneeRight;-0.2195602;-0.6159362;3.072163;
KneeLeft;-0.6147851;-0.6859087;3.20338;
AnkleRight;-0.04326343;-1.006413;3.128937;
AnkleLeft;-0.8199669;-1.045934;3.216234;
FootRight;-0.06627269;-1.088118;3.115585;
FootLeft;-0.9352076;-1.041602;3.230918;
Head;-0.6455317;0.5264197;3.152359;
ShoulderCenter;-0.5131875;0.3657972;3.127875;
ShoulderRight;-0.4252369;0.2400671;3.016046;
ShoulderLeft;-0.6113413;0.1708266;3.176814;
ElbowRight;-0.463119;-0.02997161;2.872199;
ElbowLeft;-0.3992594;0.01229677;3.280554;
WristRight;-0.6016481;-0.2675597;2.804148;
WristLeft;-0.3417243;-0.2690458;3.337857;
HandRight;-0.6691904;-0.3206205;2.792756;
HandLeft;-0.3836244;-0.3153993;3.362744;
Spine;-0.4213768;-0.05691316;3.092725;
HipCenter;-0.4401533;-0.1389331;3.047355;
HipRight;-0.3910555;-0.1670113;3.026481;
HipLeft;-0.4760967;-0.1998104;3.051409;
KneeRight;-0.2368853;-0.6439428;3.07016;
KneeLeft;-0.6584181;-0.6227185;3.185372;
AnkleRight;-0.05532503;-1.00865;3.124821;
AnkleLeft;-0.8710371;-1.019348;3.21081;
FootRight;-0.1344214;-1.083998;3.158614;
FootLeft;-0.9773342;-1.062738;3.232855;
Head;-0.7057976;0.5199164;3.14726;
ShoulderCenter;-0.5689466;0.3628784;3.127061;
ShoulderRight;-0.4995028;0.2337603;3.012145;
ShoulderLeft;-0.6671004;0.1679079;3.175999;
ElbowRight;-0.5182065;-0.03608407;2.864603;
ElbowLeft;-0.4329836;0.05067219;3.284151;
WristRight;-0.6775271;-0.2798949;2.800383;
WristLeft;-0.3998956;-0.2216094;3.327286;
HandRight;-0.7171898;-0.3479425;2.801194;
HandLeft;-0.4415984;-0.2677447;3.352055;
Spine;-0.4782446;-0.06788123;3.096345;
HipCenter;-0.5002137;-0.1524612;3.053384;
HipRight;-0.4558976;-0.1785834;3.055195;
HipLeft;-0.5335404;-0.2087342;3.037453;
KneeRight;-0.3076743;-0.6566622;3.068757;
KneeLeft;-0.7116205;-0.6311908;3.177303;
AnkleRight;-0.06180903;-1.008523;3.123322;
AnkleLeft;-0.8831432;-1.046205;3.211992;
FootRight;-0.13448;-1.084113;3.158457;
FootLeft;-0.9582198;-1.085712;3.199465;
Head;-0.7647187;0.5278317;3.153497;
ShoulderCenter;-0.624552;0.3720825;3.124205;
ShoulderRight;-0.5580143;0.2281845;3.009604;
ShoulderLeft;-0.7227058;0.1771119;3.173143;
ElbowRight;-0.5805;-0.03876293;2.857944;
ElbowLeft;-0.4919465;0.05580584;3.281786;
WristRight;-0.7263647;-0.2708827;2.802454;
WristLeft;-0.4873179;-0.2043186;3.309163;
HandRight;-0.7631592;-0.3282681;2.795019;
HandLeft;-0.5287642;-0.2501702;3.33378;
Spine;-0.5308446;-0.06431718;3.089003;
HipCenter;-0.5524639;-0.1499832;3.045409;
HipRight;-0.5092233;-0.1701838;3.04763;
HipLeft;-0.5845936;-0.2102487;3.028782;
KneeRight;-0.3994513;-0.6263785;3.062255;
KneeLeft;-0.7745864;-0.655224;3.179999;
AnkleRight;-0.1207808;-0.9829326;3.100942;
AnkleLeft;-0.879989;-1.042265;3.204107;
FootRight;-0.1283433;-1.07537;3.141025;
FootLeft;-0.9493286;-1.090173;3.195814;
Head;-0.8338765;0.5292055;3.162256;
ShoulderCenter;-0.7040387;0.3638603;3.117464;
ShoulderRight;-0.6237596;0.2325962;3.001252;
ShoulderLeft;-0.8021924;0.1688897;3.166402;
ElbowRight;-0.6362575;-0.0397117;2.862721;
ElbowLeft;-0.5786122;0.05159366;3.287752;
WristRight;-0.765467;-0.2743025;2.81016;
WristLeft;-0.5495325;-0.2212698;3.33793;
HandRight;-0.8135362;-0.3388607;2.798527;
HandLeft;-0.5908434;-0.2669716;3.362466;
Spine;-0.6164236;-0.06715877;3.095576;
HipCenter;-0.6384295;-0.1518925;3.052658;
HipRight;-0.5936109;-0.1720702;3.048231;
HipLeft;-0.6725206;-0.2160435;3.04408;
KneeRight;-0.4160048;-0.7270336;3.061356;
KneeLeft;-0.8319459;-0.6520244;3.177267;
AnkleRight;-0.170629;-0.9505967;3.090016;
AnkleLeft;-0.8897622;-1.025545;3.18954;
FootRight;-0.1800884;-1.050317;3.096556;
FootLeft;-0.9403392;-1.091395;3.200751;
Head;-0.8667075;0.5556509;3.133954;
ShoulderCenter;-0.7605472;0.3774465;3.127164;
ShoulderRight;-0.6760947;0.2432258;2.999786;
ShoulderLeft;-0.8587009;0.1824759;3.176103;
ElbowRight;-0.6887766;-0.02964348;2.864022;
ElbowLeft;-0.6431698;0.05836178;3.302525;
WristRight;-0.8062632;-0.2745191;2.806722;
WristLeft;-0.6189888;-0.2172371;3.354445;
HandRight;-0.8353599;-0.3396966;2.798163;
HandLeft;-0.6600701;-0.2626849;3.378845;
Spine;-0.675218;-0.0525903;3.098553;
HipCenter;-0.6991927;-0.136409;3.054693;
HipRight;-0.6541833;-0.1599897;3.052283;
HipLeft;-0.7339531;-0.198666;3.042528;
KneeRight;-0.5823072;-0.6729432;3.026005;
KneeLeft;-0.8626589;-0.6574591;3.177713;
AnkleRight;-0.2496629;-0.9211212;3.073004;
AnkleLeft;-0.8916978;-1.025366;3.192028;
FootRight;-0.2564903;-1.01125;3.060745;
FootLeft;-0.9413306;-1.091092;3.202332;
Head;-0.9506452;0.5425029;3.142196;
ShoulderCenter;-0.8055594;0.3893315;3.111867;
ShoulderRight;-0.7299669;0.2536833;2.99326;
ShoulderLeft;-0.9037132;0.1943609;3.160805;
ElbowRight;-0.7243134;-0.02211723;2.865139;
ElbowLeft;-0.7022557;0.05330463;3.291275;
WristRight;-0.8321659;-0.2595674;2.818972;
WristLeft;-0.6881849;-0.228092;3.342489;
HandRight;-0.867789;-0.3369184;2.809615;
HandLeft;-0.7291799;-0.2734442;3.366838;
Spine;-0.7528382;-0.04239424;3.104349;
HipCenter;-0.7838844;-0.1254372;3.064444;
HipRight;-0.7414837;-0.1571207;3.076074;
HipLeft;-0.822502;-0.181795;3.042204;
KneeRight;-0.6777145;-0.6586798;3.021384;
KneeLeft;-0.8688458;-0.6491007;3.120215;
AnkleRight;-0.3650432;-0.898724;3.059872;
AnkleLeft;-0.8988871;-1.028555;3.195364;
FootRight;-0.3896625;-1.003402;3.079652;
FootLeft;-0.9417316;-1.098725;3.202024;
Head;-1.000706;0.5440076;3.129498;
ShoulderCenter;-0.8559449;0.3893645;3.09402;
ShoulderRight;-0.7629778;0.2578802;2.984978;
ShoulderLeft;-0.9540987;0.1943939;3.142958;
ElbowRight;-0.7833192;-0.01912087;2.863075;
ElbowLeft;-0.7527208;0.05352715;3.27322;
WristRight;-0.873988;-0.2543239;2.833066;
WristLeft;-0.7381204;-0.2281778;3.324785;
HandRight;-0.9034172;-0.3345948;2.821;
HandLeft;-0.7790454;-0.2734526;3.349092;
Spine;-0.8106201;-0.03174274;3.097437;
HipCenter;-0.840186;-0.1124455;3.056414;
HipRight;-0.7972065;-0.1505677;3.068227;
HipLeft;-0.8802275;-0.1678787;3.034833;
KneeRight;-0.7981074;-0.6414039;3.023637;
KneeLeft;-0.9186649;-0.6880828;3.07933;
AnkleRight;-0.4855346;-0.9125883;3.058958;
AnkleLeft;-0.9056488;-1.029309;3.197285;
FootRight;-0.5273917;-1.010337;3.050819;
FootLeft;-0.943224;-1.097833;3.222907;
Head;-1.051204;0.5570121;3.131781;
ShoulderCenter;-0.9017427;0.4062739;3.078721;
ShoulderRight;-0.8207546;0.2695302;2.975094;
ShoulderLeft;-0.9998965;0.2113034;3.127659;
ElbowRight;-0.8183941;-0.00879389;2.855976;
ElbowLeft;-0.7987403;0.07059169;3.257713;
WristRight;-0.8969051;-0.2437109;2.832356;
WristLeft;-0.7839181;-0.2112684;3.309438;
HandRight;-0.9265584;-0.3201905;2.818811;
HandLeft;-0.8247557;-0.2564465;3.333693;
Spine;-0.865199;-0.02334808;3.098449;
HipCenter;-0.8954755;-0.1071305;3.062698;
HipRight;-0.8537857;-0.1451522;3.082211;
HipLeft;-0.9359979;-0.1647402;3.037443;
KneeRight;-0.8631407;-0.6014562;3.119988;
KneeLeft;-0.9785422;-0.6993273;3.086135;
AnkleRight;-0.6168655;-0.9376804;3.045223;
AnkleLeft;-0.9018822;-1.028345;3.198155;
FootRight;-0.6722728;-1.029394;3.077825;
FootLeft;-0.9583095;-1.071513;3.131539;
Head;-1.079694;0.5984527;3.116113;
ShoulderCenter;-0.9563134;0.4249067;3.076271;
ShoulderRight;-0.8750776;0.2805157;2.963177;
ShoulderLeft;-1.054467;0.2299362;3.125209;
ElbowRight;-0.8627035;-0.001214534;2.857227;
ElbowLeft;-0.8534847;0.08934604;3.255096;
WristRight;-0.9406307;-0.2370308;2.833586;
WristLeft;-0.8384889;-0.1926356;3.306943;
HandRight;-0.9643751;-0.2958783;2.818598;
HandLeft;-0.8791091;-0.2375733;3.331069;
Spine;-0.9177069;0.01835539;3.100505;
HipCenter;-0.9465603;-0.06185135;3.068825;
HipRight;-0.9110932;-0.111188;3.101861;
HipLeft;-0.9795305;-0.1371395;3.03009;
KneeRight;-0.9778463;-0.6525083;3.053644;
KneeLeft;-0.8931821;-0.614835;3.18184;
AnkleRight;-0.7931126;-0.982555;3.08203;
AnkleLeft;-0.9394706;-1.041176;3.18731;
FootRight;-0.869541;-1.058967;3.111349;
FootLeft;-0.9973246;-1.084887;3.122317;
Head;-1.042326;0.6380049;3.123108;
ShoulderCenter;-1.002764;0.4285779;3.067291;
ShoulderRight;-0.919275;0.2818119;2.948011;
ShoulderLeft;-1.100917;0.2336073;3.11623;
ElbowRight;-0.9002923;0.02574715;2.848169;
ElbowLeft;-0.9000865;0.09312315;3.245955;
WristRight;-0.9800497;-0.20486;2.823607;
WristLeft;-0.8849391;-0.1889644;3.297901;
HandRight;-0.9901504;-0.2910117;2.827841;
HandLeft;-0.9255116;-0.2338493;3.321999;
Spine;-0.9721836;0.003249289;3.098741;
HipCenter;-0.999942;-0.08129699;3.07202;
HipRight;-0.9633509;-0.1179847;3.094151;
HipLeft;-1.035728;-0.146222;3.047921;
KneeRight;-1.046334;-0.6479934;3.076208;
KneeLeft;-0.9336768;-0.6481235;3.188233;
AnkleRight;-0.9321609;-1.038401;3.085784;
AnkleLeft;-0.8945321;-1.036515;3.123587;
FootRight;-1.032031;-1.083682;3.111185;
FootLeft;-0.9532583;-1.080771;3.05899;
Head;-1.099278;0.6393143;3.121818;
ShoulderCenter;-1.053951;0.430032;3.069027;
ShoulderRight;-0.9692228;0.2842992;2.953135;
ShoulderLeft;-1.152104;0.2350615;3.117965;
ElbowRight;-0.9422091;0.03297514;2.844186;
ElbowLeft;-0.9487127;0.09278603;3.24971;
WristRight;-1.034903;-0.2255915;2.843593;
WristLeft;-0.9361261;-0.1875103;3.299627;
HandRight;-1.043403;-0.3099701;2.845552;
HandLeft;-0.9766448;-0.2323357;3.323693;
Spine;-0.9994404;0.01136241;3.093409;
HipCenter;-1.021335;-0.07365201;3.067235;
HipRight;-0.9779319;-0.1155861;3.092782;
HipLeft;-1.059412;-0.1368175;3.037857;
KneeRight;-1.215209;-0.6302649;3.049041;
KneeLeft;-0.9661341;-0.5929067;3.171247;
AnkleRight;-1.012386;-1.032871;3.104483;
AnkleLeft;-0.9118353;-1.045732;3.19093;
FootRight;-1.115753;-1.070402;3.075683;
FootLeft;-0.9569712;-1.100966;3.146525;
Head;-1.174761;0.6236638;3.099743;
ShoulderCenter;-1.100693;0.422334;3.071913;
ShoulderRight;-1.023193;0.2789758;2.960841;
ShoulderLeft;-1.074471;0.2705392;2.922404;
ElbowRight;-0.9801516;0.03266768;2.837845;
ElbowLeft;-0.8686838;0.1265884;3.056;
WristRight;-1.063532;-0.2294974;2.838805;
WristLeft;-0.8584922;-0.1520325;3.104001;
HandRight;-1.088295;-0.3133011;2.851623;
HandLeft;-0.9375969;-0.1604554;3.142368;
Spine;-1.115088;0.001100354;3.087807;
HipCenter;-1.090542;-0.08043039;3.05776;
HipRight;-1.0795;-0.1064918;3.089967;
HipLeft;-1.094859;-0.1343565;3.023021;
KneeRight;-1.26478;-0.6579267;3.055925;
KneeLeft;-0.9688044;-0.6043811;3.179456;
AnkleRight;-1.250421;-1.05524;3.031442;
AnkleLeft;-0.9106077;-1.052544;3.191193;
FootRight;-1.356698;-1.096769;3.031771;
FootLeft;-0.856333;-1.093901;3.119162;
Head;-1.324205;0.5711213;3.114368;
ShoulderCenter;-1.173175;0.4172579;3.083917;
ShoulderRight;-1.057599;0.2834739;2.970609;
ShoulderLeft;-1.072728;0.2709092;2.91445;
ElbowRight;-1.051159;-0.003697038;2.856607;
ElbowLeft;-0.866781;0.1268464;3.048184;
WristRight;-1.121949;-0.2447982;2.847931;
WristLeft;-1.112957;0.02016262;3.166446;
HandRight;-1.142416;-0.3303709;2.847303;
HandLeft;-1.167321;-0.005786505;3.141935;
Spine;-1.190313;-0.0131268;3.070025;
HipCenter;-1.149725;-0.09620722;3.058351;
HipRight;-1.142991;-0.1215374;3.089424;
HipLeft;-1.153383;-0.1382106;3.021976;
KneeRight;-1.351706;-0.6497884;3.041634;
KneeLeft;-0.9820556;-0.5579023;3.20395;
AnkleRight;-1.406277;-1.049882;2.980226;
AnkleLeft;-0.9169216;-1.013547;3.188452;
FootRight;-1.318824;-1.09071;2.955542;
FootLeft;-0.8294689;-1.054375;3.163768;
Head;-1.369095;0.5476748;3.090878;
ShoulderCenter;-1.224192;0.3892692;3.075206;
ShoulderRight;-1.06598;0.2758006;3.044426;
ShoulderLeft;-1.121164;0.2434684;2.894002;
ElbowRight;-1.104397;0.01357889;2.876105;
ElbowLeft;-0.9153411;0.09949209;3.027631;
WristRight;-1.164701;-0.2493663;2.838691;
WristLeft;-1.16994;0.01829533;3.147617;
HandRight;-1.183543;-0.3353503;2.831525;
HandLeft;-1.247114;-0.005868375;3.18311;
Spine;-1.208731;-0.02751024;3.072226;
HipCenter;-1.164249;-0.1049707;3.057954;
HipRight;-1.152377;-0.1404159;3.092096;
HipLeft;-1.17414;-0.1471312;3.018384;
KneeRight;-1.049627;-0.6382976;3.182964;
KneeLeft;-1.11787;-0.5775166;3.171837;
AnkleRight;-0.9125778;-1.02396;3.182576;
AnkleLeft;-0.9320278;-0.9987243;3.180988;
FootRight;-0.9350181;-1.09189;3.136406;
FootLeft;-0.8462083;-1.037789;3.147177;
Head;-1.412635;0.5434163;3.109335;
ShoulderCenter;-1.271807;0.3782672;3.065272;
ShoulderRight;-1.180824;0.2361617;2.967987;
ShoulderLeft;-1.208039;0.2674003;2.915367;
ElbowRight;-1.171633;-0.05078247;2.854754;
ElbowLeft;-1.002338;0.1235094;3.048924;
WristRight;-1.223634;-0.2898443;2.827485;
WristLeft;-1.260273;0.04432414;3.163266;
HandRight;-1.240415;-0.3581512;2.82359;
HandLeft;-1.33884;0.01709655;3.192953;
Spine;-1.272292;-0.03869423;3.066002;
HipCenter;-1.230796;-0.1175383;3.050973;
HipRight;-1.221717;-0.1488952;3.084677;
HipLeft;-1.233804;-0.1594398;3.012965;
KneeRight;-1.056004;-0.6656629;3.187854;
KneeLeft;-1.327677;-0.5942706;3.077;
AnkleRight;-0.914835;-1.024486;3.184396;
AnkleLeft;-1.019111;-0.9262915;3.151774;
FootRight;-0.9343038;-1.092484;3.136242;
FootLeft;-1.041054;-1.016268;3.221232;
Head;-1.490972;0.532061;3.079736;
ShoulderCenter;-1.342247;0.3749964;3.059505;
ShoulderRight;-1.251913;0.2389196;2.953617;
ShoulderLeft;-1.307438;0.2598703;2.909452;
ElbowRight;-1.236923;-0.05131158;2.853713;
ElbowLeft;-1.101769;0.116002;3.042972;
WristRight;-1.288647;-0.3092262;2.818706;
WristLeft;-1.353642;0.04326107;3.172101;
HandRight;-1.290977;-0.378031;2.807754;
HandLeft;-1.41444;0.03837955;3.148361;
Spine;-1.315052;-0.04498787;3.068787;
HipCenter;-1.280252;-0.1229925;3.040204;
HipRight;-1.258041;-0.1571803;3.074221;
HipLeft;-1.287654;-0.1667829;3.002193;
KneeRight;-1.084759;-0.6970606;3.198035;
KneeLeft;-1.198475;-0.5953959;3.178203;
AnkleRight;-0.9363797;-1.032104;3.195864;
AnkleLeft;-0.9531662;-0.9904063;3.179323;
FootRight;-0.9507375;-1.102107;3.148145;
FootLeft;-0.8918171;-1.03033;3.109594;
Head;-1.566596;0.5031058;3.062851;
ShoulderCenter;-1.40309;0.3597723;3.038841;
ShoulderRight;-1.308636;0.2265373;2.954298;
ShoulderLeft;-1.34733;0.1978836;2.87199;
ElbowRight;-1.298627;-0.06224856;2.844864;
ElbowLeft;-1.280936;-0.0407759;2.862138;
WristRight;-1.345633;-0.2918518;2.81684;
WristLeft;-1.486532;-0.04410966;3.065613;
HandRight;-1.344782;-0.3780281;2.796724;
HandLeft;-1.546371;-0.05851071;3.043465;
Spine;-1.375852;-0.04008131;3.054834;
HipCenter;-1.330719;-0.1134064;3.040691;
HipRight;-1.318939;-0.1532021;3.091827;
HipLeft;-1.321313;-0.1791196;2.988539;
KneeRight;-1.145268;-0.6996918;3.19736;
KneeLeft;-1.221952;-0.6178966;3.199767;
AnkleRight;-0.9598361;-0.9896805;3.186659;
AnkleLeft;-0.9852329;-1.018617;3.200256;
FootRight;-0.9704105;-1.094332;3.237056;
FootLeft;-0.9023448;-1.057965;3.15704;
Head;-1.56807;0.5277897;3.03476;
ShoulderCenter;-1.438611;0.3545939;3.025669;
ShoulderRight;-1.297445;0.2774459;3.094106;
ShoulderLeft;-1.456949;0.2063026;2.889106;
ElbowRight;-1.336301;0.03055012;2.896895;
ElbowLeft;-1.500596;-0.003029034;2.921956;
WristRight;-1.401484;-0.2579341;2.825032;
WristLeft;-1.707505;0.00909683;3.125681;
HandRight;-1.421423;-0.396479;2.805267;
HandLeft;-1.767543;-0.005352285;3.103459;
Spine;-1.41732;-0.0152162;3.049075;
HipCenter;-1.377462;-0.08343931;3.028915;
HipRight;-1.331265;-0.139481;3.080933;
HipLeft;-1.397559;-0.1638586;2.979752;
KneeRight;-1.205757;-0.7004939;3.18883;
KneeLeft;-1.252829;-0.6461094;3.220993;
AnkleRight;-0.9756342;-1.026095;3.214301;
AnkleLeft;-1.010699;-1.04492;3.218143;
FootRight;-0.9760771;-1.106158;3.246944;
FootLeft;-0.9384638;-1.085135;3.15888;
Head;-1.531973;0.5722512;2.999299;
ShoulderCenter;-1.499212;0.3651404;3.02081;
ShoulderRight;-1.352934;0.2887376;3.091132;
ShoulderLeft;-1.416153;0.2272649;2.901647;
ElbowRight;-1.40719;0.03937793;2.899898;
ElbowLeft;-1.459953;0.01274338;2.827802;
WristRight;-1.456908;-0.2508478;2.816438;
WristLeft;-1.664276;0.02270958;3.035619;
HandRight;-1.469657;-0.3954562;2.795383;
HandLeft;-1.724506;0.008214415;3.013326;
Spine;-1.439896;-0.01735934;3.040722;
HipCenter;-1.389237;-0.08285221;3.03075;
HipRight;-1.373569;-0.1298842;3.083348;
HipLeft;-1.399479;-0.1565651;2.980291;
KneeRight;-1.275004;-0.6972736;3.192725;
KneeLeft;-1.347401;-0.6586974;3.232571;
AnkleRight;-1.039969;-0.99257;3.215411;
AnkleLeft;-1.107383;-1.059367;3.231106;
FootRight;-1.0311;-1.073663;3.244787;
FootLeft;-1.022999;-1.073189;3.245458;
Head;-1.586454;0.5748339;3.014798;
ShoulderCenter;-1.518704;0.3731629;3.028164;
ShoulderRight;-1.372426;0.2967601;3.098487;
ShoulderLeft;-1.478777;0.2664939;2.91628;
ElbowRight;-1.441043;0.05376983;2.902467;
ElbowLeft;-1.464765;0.04508553;2.858288;
WristRight;-1.503506;-0.2286669;2.842256;
WristLeft;-1.671527;0.05880501;3.064113;
HandRight;-1.504543;-0.302744;2.837805;
HandLeft;-1.731955;0.04426221;3.041747;
Spine;-1.498246;-0.04291065;3.073422;
HipCenter;-1.453507;-0.1227286;3.06207;
HipRight;-1.419477;-0.1548379;3.107252;
HipLeft;-1.474998;-0.1743389;3.019473;
KneeRight;-1.455782;-0.6286045;3.208457;
KneeLeft;-1.377567;-0.6975126;3.25896;
AnkleRight;-1.142109;-0.9743735;3.218038;
AnkleLeft;-1.126922;-1.004077;3.218476;
FootRight;-1.145273;-1.080209;3.269325;
FootLeft;-1.05144;-0.9635067;3.233248;
Head;-1.581854;0.4844006;2.94184;
ShoulderCenter;-1.544076;0.3703377;3.083056;
ShoulderRight;-1.397799;0.2939349;3.153378;
ShoulderLeft;-1.493334;0.07175039;2.975331;
ElbowRight;-1.487326;0.05744991;2.960585;
ElbowLeft;-1.598832;-0.1012297;2.853937;
WristRight;-1.530656;-0.2405705;2.953056;
WristLeft;-1.757478;-0.03718915;3.087074;
HandRight;-1.560051;-0.2985162;2.940379;
HandLeft;-1.818039;-0.051764;3.064659;
Spine;-1.52009;-0.03697652;3.161855;
HipCenter;-1.476704;-0.1160047;3.15749;
HipRight;-1.431175;-0.1287562;3.214687;
HipLeft;-1.50599;-0.2205046;3.114668;
KneeRight;-1.53621;-0.6743034;3.212495;
KneeLeft;-1.380038;-0.6620798;3.386764;
AnkleRight;-1.186979;-0.9826509;3.207013;
AnkleLeft;-1.259589;-0.9539542;3.215751;
FootRight;-1.107358;-1.025134;3.158655;
FootLeft;-1.166745;-0.8871796;3.223362;
Head;-1.547938;0.3522356;3.094842;
ShoulderCenter;-1.546144;0.1581451;3.153298;
ShoulderRight;-1.399867;0.08174229;3.22362;
ShoulderLeft;-1.53527;0.1008143;3.000525;
ElbowRight;-1.548221;0.02290116;2.965036;
ElbowLeft;-1.55603;-0.1730282;2.964074;
WristRight;-1.557597;-0.2765322;2.950686;
WristLeft;-1.761402;-0.1763583;3.167405;
HandRight;-1.583893;-0.3254797;2.986118;
HandLeft;-1.821688;-0.190867;3.145092;
Spine;-1.5686;-0.1396391;3.178757;
HipCenter;-1.534266;-0.1976346;3.164023;
HipRight;-1.496265;-0.2557307;3.219638;
HipLeft;-1.568452;-0.253779;3.107116;
KneeRight;-1.599125;-0.71492;3.201125;
KneeLeft;-1.431115;-0.7332364;3.403839;
AnkleRight;-1.290612;-0.9880261;3.190567;
AnkleLeft;-1.378423;-0.9967345;3.157495;
FootRight;-1.211113;-1.031043;3.143192;
FootLeft;-1.295512;-0.9251375;3.199606;
Head;-1.576962;-0.5880608;3.188852;
ShoulderCenter;-1.575175;-0.7813804;3.247223;
ShoulderRight;-1.497992;-0.8715073;3.19716;
ShoulderLeft;-1.564301;-0.8387111;3.09445;
ElbowRight;-1.54345;-0.5800018;3.131385;
ElbowLeft;-1.573635;-0.5416532;3.05661;
WristRight;-1.637469;-0.3062014;3.048867;
WristLeft;-1.758348;-0.4027275;3.229035;
HandRight;-1.668809;-0.2149346;3.026241;
HandLeft;-1.818384;-0.4171761;3.206815;
Spine;-1.665091;-0.8241382;3.334964;
HipCenter;-1.666363;-0.8685392;3.333856;
HipRight;-1.673925;-0.9140445;3.354903;
HipLeft;-1.684408;-0.8475087;3.333026;
KneeRight;-1.610626;-0.5965761;3.052926;
KneeLeft;-1.590567;-1.257924;3.465329;
AnkleRight;-1.542519;-0.2549974;2.715029;
AnkleLeft;-1.545578;-1.482904;3.250976;
FootRight;-1.509313;-0.3313751;2.66425;
FootLeft;-1.449754;-1.423351;3.255075;
Head;-0.504058;0.6237918;3.079524;
ShoulderCenter;-0.5517886;0.4180225;3.046919;
ShoulderRight;-0.4606275;0.303197;3.102851;
ShoulderLeft;-0.5924498;0.2901778;2.925367;
ElbowRight;-0.4129429;0.04768866;3.086164;
ElbowLeft;-0.5472264;0.04659116;2.815873;
WristRight;-0.36855;-0.1653266;3.104269;
WristLeft;-0.4363621;-0.1869851;2.830382;
HandRight;-0.3550284;-0.2114816;3.116157;
HandLeft;-0.4044487;-0.2458915;2.832458;
Spine;-0.5038683;-0.01394985;3.046269;
HipCenter;-0.4942842;-0.1003443;3.04985;
HipRight;-0.4601459;-0.1377846;3.076507;
HipLeft;-0.5194659;-0.1436433;3.021285;
KneeRight;-0.6073253;-0.58113;3.116773;
KneeLeft;-0.4974021;-0.6417137;2.986578;
AnkleRight;-0.5866945;-1.027643;3.087808;
AnkleLeft;-0.7152508;-0.9865468;3.002896;
FootRight;-0.545895;-1.10566;3.113183;
FootLeft;-0.6242872;-1.057694;3.047956;
Head;-0.4335029;0.6322492;3.113962;
ShoulderCenter;-0.4987169;0.4140914;3.057241;
ShoulderRight;-0.3557226;0.1571573;3.096449;
ShoulderLeft;-0.554231;0.2905858;2.927809;
ElbowRight;-0.3512547;-0.02593943;3.040495;
ElbowLeft;-0.5404971;0.05221885;2.822935;
WristRight;-0.3097073;-0.1853943;3.109584;
WristLeft;-0.4469056;-0.1789262;2.829834;
HandRight;-0.3087322;-0.2646546;3.071028;
HandLeft;-0.4020592;-0.3192166;2.828797;
Spine;-0.4779706;-0.001073314;3.063766;
HipCenter;-0.4515955;-0.08075679;3.04591;
HipRight;-0.4012121;-0.167783;3.066559;
HipLeft;-0.4895195;-0.1093436;3.018959;
KneeRight;-0.5596601;-0.6330317;3.127704;
KneeLeft;-0.4022883;-0.6492862;3.002825;
AnkleRight;-0.5168549;-1.027113;2.994783;
AnkleLeft;-0.5818132;-1.026618;3.005206;
FootRight;-0.447804;-1.070767;2.923147;
FootLeft;-0.4945533;-1.092599;3.031488;
Head;-0.3533808;0.6219506;3.12395;
ShoulderCenter;-0.4467521;0.4113178;3.060591;
ShoulderRight;-0.3188219;0.2056812;3.088362;
ShoulderLeft;-0.5020601;0.279224;2.935956;
ElbowRight;-0.2975191;0.01724739;3.060533;
ElbowLeft;-0.501906;0.03128177;2.840261;
WristRight;-0.2540027;-0.21548;3.116087;
WristLeft;-0.4377447;-0.217114;2.828909;
HandRight;-0.2612634;-0.2523454;3.200812;
HandLeft;-0.4254672;-0.3252192;2.816689;
Spine;-0.4194314;-0.01698522;3.05974;
HipCenter;-0.3921086;-0.09855108;3.038962;
HipRight;-0.3456458;-0.1639378;3.05669;
HipLeft;-0.428103;-0.1308435;3.014193;
KneeRight;-0.4531251;-0.6516577;3.095182;
KneeLeft;-0.2997971;-0.6279045;2.996808;
AnkleRight;-0.3743116;-1.049649;2.990525;
AnkleLeft;-0.4026916;-1.045159;2.984726;
FootRight;-0.4238198;-1.128412;2.986018;
FootLeft;-0.3411362;-1.115023;2.986942;
Head;-0.2619328;0.5968401;3.130274;
ShoulderCenter;-0.3967834;0.4064184;3.057744;
ShoulderRight;-0.2756923;0.2023786;3.083228;
ShoulderLeft;-0.4665492;0.2753147;2.937325;
ElbowRight;-0.2540874;0.01127315;3.055384;
ElbowLeft;-0.4891947;0.02579387;2.837319;
WristRight;-0.2244436;-0.1828518;3.210964;
WristLeft;-0.4512147;-0.2313523;2.810139;
HandRight;-0.2132739;-0.2651538;3.278251;
HandLeft;-0.4423406;-0.3394651;2.806618;
Spine;-0.3692851;-0.01507663;3.048653;
HipCenter;-0.3411873;-0.09420761;3.02356;
HipRight;-0.2927303;-0.1670818;3.053005;
HipLeft;-0.3770794;-0.1344761;2.982965;
KneeRight;-0.5014263;-0.6467537;3.153408;
KneeLeft;-0.2132118;-0.6250188;3.005222;
AnkleRight;-0.6087929;-1.044838;3.094113;
AnkleLeft;-0.5470355;-0.9860749;3.081692;
FootRight;-0.5688967;-1.121279;3.132528;
FootLeft;-0.4806041;-1.02961;3.004073;
Head;-0.2713887;0.6208051;3.10437;
ShoulderCenter;-0.3417622;0.3942936;3.057676;
ShoulderRight;-0.2495686;0.2756293;3.076684;
ShoulderLeft;-0.4068646;0.2637991;2.945479;
ElbowRight;-0.2013724;0.001888007;3.068708;
ElbowLeft;-0.4606392;0.005150855;2.826544;
WristRight;-0.1672925;-0.2021202;3.240479;
WristLeft;-0.4537677;-0.2421866;2.805389;
HandRight;-0.1444886;-0.2670504;3.334467;
HandLeft;-0.459674;-0.3555596;2.799298;
Spine;-0.3268584;-0.04154351;3.040379;
HipCenter;-0.2995494;-0.1231781;3.010967;
HipRight;-0.2684628;-0.1658332;3.038653;
HipLeft;-0.3312778;-0.1707468;2.977325;
KneeRight;-0.4860024;-0.6390146;3.157291;
KneeLeft;-0.144769;-0.6203792;3.018741;
AnkleRight;-0.6061866;-1.044398;3.094309;
AnkleLeft;-0.5191616;-0.9679037;3.079002;
FootRight;-0.5748126;-1.13054;3.11981;
FootLeft;-0.453028;-1.011869;3.000096;
Head;-0.1913064;0.6123331;3.101597;
ShoulderCenter;-0.2854873;0.3926116;3.058341;
ShoulderRight;-0.176627;0.2168935;3.087364;
ShoulderLeft;-0.3440228;0.249592;2.940629;
ElbowRight;-0.2487499;-0.006225416;3.011917;
ElbowLeft;-0.4213854;-0.02977282;2.830498;
WristRight;-0.1421084;-0.1587991;3.233248;
WristLeft;-0.4616332;-0.2949702;2.798358;
HandRight;-0.1180519;-0.2334355;3.266552;
HandLeft;-0.4702025;-0.3797152;2.796548;
Spine;-0.2974666;-0.01334901;3.038622;
HipCenter;-0.2702886;-0.08838986;3.007762;
HipRight;-0.2318251;-0.1422107;3.029188;
HipLeft;-0.3049287;-0.1260621;2.973822;
KneeRight;-0.4432456;-0.6380532;3.156904;
KneeLeft;-0.06534779;-0.6680037;3.030259;
AnkleRight;-0.6006455;-1.045498;3.093855;
AnkleLeft;-0.4826922;-0.9574959;3.077075;
FootRight;-0.5778121;-1.136176;3.114776;
FootLeft;-0.4123652;-1.002282;3.001205;
Head;-0.1484032;0.6008304;3.104675;
ShoulderCenter;-0.2192661;0.3728134;3.062441;
ShoulderRight;-0.1182633;0.2133896;3.096893;
ShoulderLeft;-0.2855898;0.2414456;2.941721;
ElbowRight;-0.2913722;0.0485096;2.886632;
ElbowLeft;-0.3949796;-0.02554812;2.831157;
WristRight;-0.1673023;-0.09167245;3.105636;
WristLeft;-0.4577739;-0.2955256;2.799444;
HandRight;-0.1159578;-0.1506457;3.092304;
HandLeft;-0.4713181;-0.3736371;2.796795;
Spine;-0.2415502;-0.04744037;3.049247;
HipCenter;-0.2157865;-0.1275188;3.018414;
HipRight;-0.177784;-0.1847468;3.046629;
HipLeft;-0.2530809;-0.1721217;2.978178;
KneeRight;-0.4394073;-0.6411255;3.157089;
KneeLeft;-0.1117071;-0.613566;3.060819;
AnkleRight;-0.5928503;-1.042997;3.093879;
AnkleLeft;-0.4894614;-0.9485992;3.083588;
FootRight;-0.5213626;-1.088663;3.019871;
FootLeft;-0.4179737;-0.9942653;3.009579;
Head;-0.09343229;0.5984231;3.104884;
ShoulderCenter;-0.161954;0.3701494;3.065448;
ShoulderRight;-0.04098742;0.1457382;3.088796;
ShoulderLeft;-0.2263291;0.2297552;2.942139;
ElbowRight;-0.2417562;0.03293629;2.850706;
ElbowLeft;-0.3463743;-0.04421793;2.828657;
WristRight;-0.1142052;-0.09585774;3.087945;
WristLeft;-0.4300089;-0.2929668;2.801252;
HandRight;-0.06462225;-0.155068;3.085533;
HandLeft;-0.4618292;-0.3709576;2.798618;
Spine;-0.1898597;-0.05277664;3.055588;
HipCenter;-0.165688;-0.133468;3.021928;
HipRight;-0.1244058;-0.2089847;3.049286;
HipLeft;-0.2119881;-0.1712643;2.981116;
KneeRight;-0.4221615;-0.6522127;3.15736;
KneeLeft;-0.2831954;-0.5645729;3.150621;
AnkleRight;-0.5899255;-1.040811;3.094532;
AnkleLeft;-0.5605444;-0.9959978;3.102186;
FootRight;-0.5747421;-1.13355;3.111628;
FootLeft;-0.4937384;-1.041859;3.024332;
Head;-0.05942338;0.599577;3.092197;
ShoulderCenter;-0.1042684;0.3669066;3.071762;
ShoulderRight;-0.1255666;0.222306;2.903162;
ShoulderLeft;-0.1791584;0.2348229;2.945476;
ElbowRight;-0.241098;-0.001089563;2.824912;
ElbowLeft;-0.2908305;-0.04443076;2.827259;
WristRight;-0.09330699;-0.1150112;3.061774;
WristLeft;-0.3737686;-0.304201;2.806964;
HandRight;-0.04268625;-0.1682192;3.067205;
HandLeft;-0.4125026;-0.3664805;2.813596;
Spine;-0.09013204;-0.08561618;3.057673;
HipCenter;-0.1163564;-0.170703;3.020147;
HipRight;-0.1153076;-0.2043882;3.044923;
HipLeft;-0.1287225;-0.193564;2.994061;
KneeRight;-0.4079995;-0.7015014;3.167221;
KneeLeft;-0.2804561;-0.5629131;3.159739;
AnkleRight;-0.579548;-1.04031;3.09612;
AnkleLeft;-0.5549137;-1.000874;3.130597;
FootRight;-0.558983;-1.128136;3.127252;
FootLeft;-0.6152021;-1.048305;3.048632;
Head;0.01782645;0.5910287;3.096413;
ShoulderCenter;-0.04179313;0.3612491;3.068155;
ShoulderRight;0.06553684;0.2044091;3.082287;
ShoulderLeft;-0.1218514;0.2294355;2.94349;
ElbowRight;-0.1317175;0.03222424;2.883976;
ElbowLeft;-0.2336578;-0.04975581;2.832879;
WristRight;0.002686203;-0.1045339;3.1143;
WristLeft;-0.3095492;-0.2927506;2.79329;
HandRight;0.04102835;-0.1666908;3.11865;
HandLeft;-0.3620241;-0.3712043;2.823105;
Spine;-0.07621601;-0.06408404;3.059108;
HipCenter;-0.05289023;-0.1448882;3.020972;
HipRight;-0.01387603;-0.2033429;3.036085;
HipLeft;-0.1021766;-0.1817034;2.994483;
KneeRight;-0.1727881;-0.6422104;3.161323;
KneeLeft;-0.2912716;-0.6439017;3.159915;
AnkleRight;-0.540033;-1.01405;3.119452;
AnkleLeft;-0.5617427;-1.025628;3.126425;
FootRight;-0.5595661;-1.102035;3.150481;
FootLeft;-0.4992273;-1.071437;3.045378;
Head;0.08108866;0.59276;3.101184;
ShoulderCenter;0.01441072;0.3649386;3.057641;
ShoulderRight;0.1290012;0.2099864;3.0715;
ShoulderLeft;-0.04426305;0.2199222;2.949491;
ElbowRight;-0.06647184;0.02860445;2.885177;
ElbowLeft;-0.1686222;-0.05302209;2.844393;
WristRight;0.06044634;-0.1118581;3.114655;
WristLeft;-0.2433134;-0.2950162;2.806192;
HandRight;0.1239908;-0.1475159;3.107481;
HandLeft;-0.2598705;-0.3648316;2.828034;
Spine;-0.01653677;-0.0600866;3.060476;
HipCenter;0.006848522;-0.1414396;3.023033;
HipRight;0.04494262;-0.204423;3.046583;
HipLeft;-0.03262025;-0.1705072;2.990446;
KneeRight;-0.1660883;-0.6887119;3.189528;
KneeLeft;-0.2018238;-0.5237179;3.187676;
AnkleRight;-0.4853625;-0.9772232;3.121723;
AnkleLeft;-0.4824861;-0.9588851;3.119538;
FootRight;-0.476338;-1.068471;3.143831;
FootLeft;-0.5070768;-1.056664;3.166072;
Head;0.1514626;0.595577;3.098552;
ShoulderCenter;0.07098378;0.3718524;3.055039;
ShoulderRight;0.198481;0.174436;3.077404;
ShoulderLeft;0.01163599;0.2318098;2.944835;
ElbowRight;-0.007627562;0.01163203;2.886234;
ElbowLeft;-0.1042771;-0.04719837;2.853408;
WristRight;0.1238191;-0.1256254;3.114077;
WristLeft;-0.166488;-0.299451;2.818651;
HandRight;0.1676346;-0.1713779;3.19504;
HandLeft;-0.1915515;-0.3666366;2.834576;
Spine;0.03928665;-0.05796416;3.056803;
HipCenter;0.06388327;-0.1401578;3.018862;
HipRight;0.1094323;-0.1997061;3.0347;
HipLeft;0.01701795;-0.1755255;2.99353;
KneeRight;-0.1240521;-0.7152093;3.190202;
KneeLeft;-0.05554096;-0.5459102;3.19849;
AnkleRight;-0.4138316;-0.9581348;3.090856;
AnkleLeft;-0.3985998;-0.9358816;3.139272;
FootRight;-0.4258513;-1.03604;3.143012;
FootLeft;-0.4177113;-1.052108;3.174629;
Head;0.2015272;0.6043642;3.10681;
ShoulderCenter;0.1289847;0.3777749;3.060275;
ShoulderRight;0.244563;0.222206;3.09401;
ShoulderLeft;0.0762004;0.25203;2.955003;
ElbowRight;0.0677381;0.0381881;2.881342;
ElbowLeft;-0.02043558;-0.0008936938;2.85168;
WristRight;0.2380561;-0.1457895;3.055569;
WristLeft;-0.06567875;-0.2874092;2.841673;
HandRight;0.2948288;-0.2071154;3.118656;
HandLeft;-0.08834077;-0.3770336;2.845405;
Spine;0.1046899;-0.04483889;3.058151;
HipCenter;0.1343275;-0.1245605;3.02065;
HipRight;0.17377;-0.1819281;3.044516;
HipLeft;0.09587951;-0.1607032;2.986608;
KneeRight;-0.06379446;-0.7004662;3.18433;
KneeLeft;0.0005264804;-0.5243219;3.194093;
AnkleRight;-0.3516689;-0.9457915;3.093411;
AnkleLeft;-0.3148799;-0.9357529;3.162939;
FootRight;-0.303537;-1.039045;3.171091;
FootLeft;-0.2966786;-1.051975;3.18283;
Head;0.2376389;0.6286059;3.105677;
ShoulderCenter;0.1750561;0.4010744;3.061922;
ShoulderRight;0.2915909;0.2101808;3.076939;
ShoulderLeft;0.1108553;0.2657571;2.959397;
ElbowRight;0.09465463;0.09840136;2.850292;
ElbowLeft;0.05777843;0.01533176;2.848832;
WristRight;0.282203;-0.04819781;3.041633;
WristLeft;0.07531303;-0.2161882;2.851802;
HandRight;0.3447191;-0.0970642;3.110438;
HandLeft;0.04870938;-0.253769;2.851478;
Spine;0.1731733;-0.03996377;3.078722;
HipCenter;0.2021823;-0.1238293;3.042637;
HipRight;0.2452848;-0.1765425;3.060868;
HipLeft;0.1638012;-0.1624761;3.018425;
KneeRight;0.2033425;-0.6221058;3.088425;
KneeLeft;0.1086838;-0.5567735;3.169708;
AnkleRight;-0.2013984;-0.897711;3.149065;
AnkleLeft;-0.2028549;-0.9631593;3.13849;
FootRight;-0.1782526;-1.011103;3.176943;
FootLeft;-0.1818175;-1.039162;3.190326;
Head;0.3131018;0.6314894;3.124804;
ShoulderCenter;0.2241197;0.4118927;3.073042;
ShoulderRight;0.3641636;0.1451152;3.044647;
ShoulderLeft;0.1672295;0.2758607;2.965795;
ElbowRight;0.1672274;0.03333583;2.817977;
ElbowLeft;0.1409169;0.02421114;2.85902;
WristRight;0.3551966;-0.1135923;3.009769;
WristLeft;0.1872736;-0.2029807;2.870639;
HandRight;0.417853;-0.1625684;3.078729;
HandLeft;0.1608492;-0.2741659;2.872203;
Spine;0.2132802;-0.01706639;3.090661;
HipCenter;0.2330092;-0.09911254;3.051169;
HipRight;0.2802112;-0.1612949;3.057606;
HipLeft;0.1851054;-0.1451644;3.035359;
KneeRight;0.2212722;-0.6402799;3.090522;
KneeLeft;0.1162829;-0.5469036;3.169358;
AnkleRight;-0.09341233;-0.9004552;3.165736;
AnkleLeft;-0.1973999;-0.9560862;3.138106;
FootRight;-0.05608534;-1.008555;3.181674;
FootLeft;-0.07515777;-0.9906064;3.170044;
Head;0.3154672;0.6536317;3.119951;
ShoulderCenter;0.2606392;0.4216117;3.071191;
ShoulderRight;0.4179536;0.1337589;3.062746;
ShoulderLeft;0.2156156;0.2864635;2.97606;
ElbowRight;0.2210173;0.02197949;2.836059;
ElbowLeft;0.2187149;0.03363211;2.849066;
WristRight;0.4095283;-0.1253721;3.028438;
WristLeft;0.2990398;-0.1798045;2.886747;
HandRight;0.4723652;-0.1744893;3.097596;
HandLeft;0.2754094;-0.2668558;2.889843;
Spine;0.2693767;0.0001038171;3.096663;
HipCenter;0.2916806;-0.08094232;3.061221;
HipRight;0.3417708;-0.1432947;3.063573;
HipLeft;0.2473896;-0.1328482;3.053251;
KneeRight;0.278989;-0.6715689;3.036661;
KneeLeft;0.2048456;-0.5575967;3.098777;
AnkleRight;0.0236264;-0.9269319;3.172574;
AnkleLeft;-0.1103912;-0.9688064;3.067499;
FootRight;0.09974028;-1.025483;3.214956;
FootLeft;-0.002904721;-0.9994268;3.136861;
Head;0.4139966;0.6449065;3.11282;
ShoulderCenter;0.3216347;0.4240558;3.071486;
ShoulderRight;0.4561659;0.1428615;3.026662;
ShoulderLeft;0.2622952;0.2927493;2.971128;
ElbowRight;0.2592297;0.03108212;2.800183;
ElbowLeft;0.2978239;0.03046494;2.852174;
WristRight;0.4484054;-0.1167892;2.9934;
WristLeft;0.4418295;-0.2171661;2.828504;
HandRight;0.5114639;-0.1660796;3.062803;
HandLeft;0.4934526;-0.302096;2.826098;
Spine;0.3054412;-0.00651781;3.085375;
HipCenter;0.3192258;-0.08871759;3.045866;
HipRight;0.3805331;-0.1741132;3.035168;
HipLeft;0.263326;-0.1234022;3.04445;
KneeRight;0.4447606;-0.6095614;3.181661;
KneeLeft;0.2840651;-0.638396;3.055461;
AnkleRight;0.1303224;-0.8965755;3.168362;
AnkleLeft;0.2027332;-1.000804;3.103251;
FootRight;0.1907519;-0.9994702;3.108124;
FootLeft;0.2751666;-1.054758;3.063204;
Head;0.3998405;0.6616193;3.111938;
ShoulderCenter;0.356548;0.4259189;3.06918;
ShoulderRight;0.3699265;0.218083;2.864335;
ShoulderLeft;0.3046843;0.2916583;2.965751;
ElbowRight;0.1729903;0.1063036;2.637714;
ElbowLeft;0.3994415;0.008475947;2.829611;
WristRight;0.3635824;-0.04267478;2.832417;
WristLeft;0.5750437;-0.2118296;2.826311;
HandRight;0.4020478;-0.1185428;2.780457;
HandLeft;0.580932;-0.2835122;2.810349;
Spine;0.4059522;-0.02224528;3.064109;
HipCenter;0.3733046;-0.1109789;3.039689;
HipRight;0.38429;-0.1632671;3.030872;
HipLeft;0.3595029;-0.1216829;3.048995;
KneeRight;0.4856921;-0.6406987;3.194622;
KneeLeft;0.2926591;-0.6353964;3.053395;
AnkleRight;0.3930722;-1.003608;3.200452;
AnkleLeft;0.252377;-1.009758;3.073091;
FootRight;0.3071402;-1.056106;3.142558;
FootLeft;0.166445;-1.062256;3.015197;
Head;0.4895652;0.6551507;3.127248;
ShoulderCenter;0.4096259;0.4293624;3.068664;
ShoulderRight;0.3662982;0.2699597;2.878705;
ShoulderLeft;0.3490348;0.2957754;2.968544;
ElbowRight;0.1693619;0.1581803;2.65202;
ElbowLeft;0.4687798;0.01956725;2.82267;
WristRight;0.3614532;0.008029982;2.848341;
WristLeft;0.6683371;-0.1820675;2.814563;
HandRight;0.4000173;-0.06803261;2.796248;
HandLeft;0.7258926;-0.2277929;2.821793;
Spine;0.4437546;-0.02472052;3.048476;
HipCenter;0.4031615;-0.1139392;3.038473;
HipRight;0.4152583;-0.145306;3.03037;
HipLeft;0.3976309;-0.1184198;3.044043;
KneeRight;0.552372;-0.6318514;3.218305;
KneeLeft;0.3171252;-0.6387065;3.061702;
AnkleRight;0.4740407;-1.020754;3.21655;
AnkleLeft;0.254633;-1.009897;3.075022;
FootRight;0.3720026;-1.07359;3.195626;
FootLeft;0.3095326;-1.09249;3.079512;
Head;0.581907;0.6212554;3.201834;
ShoulderCenter;0.4732776;0.4217901;3.081644;
ShoulderRight;0.4299498;0.2623874;2.891685;
ShoulderLeft;0.4040674;0.2818052;2.967934;
ElbowRight;0.6136497;0.001053751;2.831892;
ElbowLeft;0.5481517;0.01736811;2.827511;
WristRight;0.7976793;-0.1479768;2.829565;
WristLeft;0.7421044;-0.1598572;2.814013;
HandRight;0.8500997;-0.196463;2.844954;
HandLeft;0.80923;-0.1851299;2.827836;
Spine;0.5078981;0.0168325;3.082509;
HipCenter;0.4682156;-0.06278567;3.07021;
HipRight;0.4731992;-0.113432;3.107107;
HipLeft;0.4622734;-0.103915;3.028282;
KneeRight;0.6101604;-0.6285216;3.228274;
KneeLeft;0.3510664;-0.6174518;3.053333;
AnkleRight;0.6165602;-1.009049;3.226595;
AnkleLeft;0.2558599;-1.008337;3.075892;
FootRight;0.5187078;-1.061591;3.191951;
FootLeft;0.3111615;-1.08946;3.087746;
Head;0.6023083;0.6308914;3.204016;
ShoulderCenter;0.5227972;0.4128345;3.100629;
ShoulderRight;0.5238871;0.2014619;2.897916;
ShoulderLeft;0.3899569;0.3046302;3.041308;
ElbowRight;0.6671193;-0.07990688;2.817228;
ElbowLeft;0.5699018;0.08594181;2.86299;
WristRight;0.886623;-0.1552601;2.846982;
WristLeft;0.8158915;-0.1175564;2.828948;
HandRight;0.9538338;-0.1617247;2.874488;
HandLeft;0.9058144;-0.140644;2.862278;
Spine;0.5500212;-0.02338472;3.10203;
HipCenter;0.5206146;-0.1075015;3.071213;
HipRight;0.5500672;-0.1827307;3.026372;
HipLeft;0.4906854;-0.1458809;3.106323;
KneeRight;0.6887847;-0.6404752;3.241342;
KneeLeft;0.3743621;-0.6097062;3.050087;
AnkleRight;0.7568569;-1.001554;3.236257;
AnkleLeft;0.2579802;-1.002716;3.075646;
FootRight;0.8383962;-1.049969;3.208626;
FootLeft;0.1848719;-1.053451;3.000919;
Head;0.6397342;0.6357593;3.204314;
ShoulderCenter;0.5719045;0.4085924;3.12289;
ShoulderRight;0.6475322;0.198029;2.938396;
ShoulderLeft;0.4945582;0.2718461;2.988961;
ElbowRight;0.8665085;-0.03343195;2.864711;
ElbowLeft;0.6409822;0.04701599;2.834778;
WristRight;1.032628;-0.2012063;2.877366;
WristLeft;0.8949147;-0.1007675;2.850824;
HandRight;1.104585;-0.2015624;2.892637;
HandLeft;0.9902793;-0.1218483;2.869949;
Spine;0.5667565;-0.02874046;3.109279;
HipCenter;0.55445;-0.1087024;3.062019;
HipRight;0.5896534;-0.1682363;3.011231;
HipLeft;0.5209758;-0.1549578;3.096338;
KneeRight;0.7733513;-0.6584851;3.257329;
KneeLeft;0.4867102;-0.6224087;3.10402;
AnkleRight;0.9095876;-1.005033;3.227334;
AnkleLeft;0.2586676;-1.000744;3.076395;
FootRight;1.028884;-1.024731;3.232971;
FootLeft;0.2734256;-1.096648;3.09518;
Head;0.6691306;0.6357217;3.216239;
ShoulderCenter;0.633376;0.4011122;3.132016;
ShoulderRight;0.7037103;0.1995199;2.950402;
ShoulderLeft;0.5512597;0.2553608;3.002587;
ElbowRight;0.8726397;-0.03678415;2.863617;
ElbowLeft;0.7463483;0.03054251;2.845746;
WristRight;1.108776;-0.1221652;2.862737;
WristLeft;1.031195;-0.1119718;2.86067;
HandRight;1.178108;-0.1472344;2.866936;
HandLeft;1.105526;-0.1221425;2.858035;
Spine;0.6450663;-0.03879974;3.13671;
HipCenter;0.6321953;-0.1213564;3.091122;
HipRight;0.6659446;-0.1820051;3.043814;
HipLeft;0.5982065;-0.166689;3.127056;
KneeRight;0.7981865;-0.633259;3.235909;
KneeLeft;0.4661014;-0.6220419;3.065515;
AnkleRight;0.9887837;-0.9862193;3.219155;
AnkleLeft;0.2609365;-0.9966888;3.075119;
FootRight;1.118118;-0.9900033;3.249202;
FootLeft;0.2737636;-1.092589;3.091797;
Head;0.8035496;0.6076179;3.234366;
ShoulderCenter;0.6917381;0.3958779;3.156847;
ShoulderRight;0.7384686;0.1818753;2.940298;
ShoulderLeft;0.6072614;0.2510802;3.019814;
ElbowRight;0.9142107;-0.01065824;2.881002;
ElbowLeft;0.7997864;0.02314374;2.861992;
WristRight;1.135205;-0.1023744;2.883948;
WristLeft;1.044577;-0.08777051;2.870806;
HandRight;1.161275;-0.1250531;2.873781;
HandLeft;1.143395;-0.1055211;2.874275;
Spine;0.6915196;-0.04785445;3.135414;
HipCenter;0.6663958;-0.1274879;3.087895;
HipRight;0.6931947;-0.1903584;3.031849;
HipLeft;0.6372008;-0.1765832;3.12758;
KneeRight;0.806379;-0.5807099;3.213526;
KneeLeft;0.482544;-0.622521;3.058674;
AnkleRight;0.9918209;-0.9825529;3.215235;
AnkleLeft;0.2722363;-0.9879383;3.072561;
FootRight;0.9454879;-1.029955;3.12043;
FootLeft;0.2665253;-1.086099;3.072937;
Head;0.7834822;0.6230218;3.244841;
ShoulderCenter;0.7536115;0.3863478;3.162671;
ShoulderRight;0.767189;0.1991982;2.947658;
ShoulderLeft;0.6655154;0.2427392;3.04261;
ElbowRight;1.00478;-0.02497673;2.904691;
ElbowLeft;0.8287327;0.02214348;2.878986;
WristRight;1.234082;-0.09841663;2.909883;
WristLeft;1.098783;-0.07617214;2.873746;
HandRight;1.244579;-0.1380226;2.848341;
HandLeft;1.196007;-0.09965037;2.875134;
Spine;0.7515799;-0.06766372;3.123515;
HipCenter;0.7163315;-0.1481279;3.077349;
HipRight;0.7366803;-0.1846517;3.04011;
HipLeft;0.688368;-0.184776;3.100403;
KneeRight;0.9206386;-0.6533007;3.23818;
KneeLeft;0.5279711;-0.6299415;3.049604;
AnkleRight;1.002341;-1.006646;3.210532;
AnkleLeft;0.2864417;-0.9852304;3.073425;
FootRight;0.9358956;-1.054462;3.127919;
FootLeft;0.2199965;-1.033046;2.990812;
Head;0.8924178;0.6063554;3.272977;
ShoulderCenter;0.8137849;0.3833596;3.179744;
ShoulderRight;0.893175;0.173153;2.994399;
ShoulderLeft;0.7218519;0.2428703;3.062634;
ElbowRight;1.02959;-0.04502077;2.903354;
ElbowLeft;0.8815922;0.05965934;2.903797;
WristRight;1.25874;-0.1181563;2.870969;
WristLeft;1.17094;-0.09059191;2.87635;
HandRight;1.323965;-0.151832;2.872333;
HandLeft;1.242274;-0.1055901;2.885111;
Spine;0.8033174;-0.06567954;3.165058;
HipCenter;0.7837914;-0.1462225;3.112602;
HipRight;0.8207993;-0.2173108;3.05969;
HipLeft;0.7403046;-0.1895272;3.147726;
KneeRight;0.9764867;-0.6478214;3.248627;
KneeLeft;0.5926102;-0.6113927;3.053506;
AnkleRight;1.031001;-1.004572;3.200185;
AnkleLeft;0.3327118;-0.9692519;3.057967;
FootRight;1.155624;-1.040974;3.232818;
FootLeft;0.3012589;-1.016595;2.956378;
Head;0.976597;0.6061299;3.272248;
ShoulderCenter;0.8685414;0.3914814;3.206974;
ShoulderRight;0.8922632;0.2232962;3.025383;
ShoulderLeft;0.7923054;0.251785;3.073038;
ElbowRight;1.020906;-0.05050553;2.909166;
ElbowLeft;0.9620107;0.005059295;2.912072;
WristRight;1.250329;-0.1276371;2.882654;
WristLeft;1.208517;-0.1094856;2.884008;
HandRight;1.293901;-0.140498;2.896783;
HandLeft;1.303188;-0.1202712;2.913601;
Spine;0.8734602;-0.05138491;3.181451;
HipCenter;0.8523336;-0.1297454;3.127581;
HipRight;0.8741364;-0.1872605;3.071611;
HipLeft;0.8275496;-0.168103;3.16615;
KneeRight;1.020472;-0.6461331;3.249387;
KneeLeft;0.6427374;-0.6954079;3.063375;
AnkleRight;1.050898;-1.003391;3.204818;
AnkleLeft;0.3838328;-0.9439023;3.048;
FootRight;1.173549;-1.051108;3.230645;
FootLeft;0.3725719;-1.042143;3.054963;
Head;0.9934928;0.6209217;3.302311;
ShoulderCenter;0.9256473;0.3932848;3.220403;
ShoulderRight;0.9360778;0.2580552;3.059364;
ShoulderLeft;0.8356324;0.2568328;3.086745;
ElbowRight;1.089563;-0.005181581;2.957528;
ElbowLeft;0.9903728;0.01061087;2.928457;
WristRight;1.277356;-0.1491153;2.896683;
WristLeft;1.219934;-0.1202868;2.889605;
HandRight;1.350594;-0.1556792;2.899194;
HandLeft;1.314407;-0.1293032;2.91964;
Spine;0.9173731;-0.03498884;3.190924;
HipCenter;0.9004387;-0.1085507;3.133235;
HipRight;0.9193786;-0.1577662;3.073919;
HipLeft;0.8765195;-0.1584592;3.172328;
KneeRight;1.03943;-0.644108;3.239325;
KneeLeft;0.739732;-0.6827426;3.074457;
AnkleRight;1.058805;-1.000158;3.206235;
AnkleLeft;0.4532376;-0.9058851;3.039993;
FootRight;1.179062;-1.053258;3.234356;
FootLeft;0.4417756;-1.002659;3.0594;
Head;1.038944;0.6327745;3.266497;
ShoulderCenter;0.9840822;0.3987844;3.224638;
ShoulderRight;1.026994;0.229883;3.069753;
ShoulderLeft;0.8384463;0.2306;3.181547;
ElbowRight;1.102197;0.004499197;2.960596;
ElbowLeft;1.018854;0.03171177;2.965783;
WristRight;1.272434;-0.1690086;2.913389;
WristLeft;1.226875;-0.139233;2.909301;
HandRight;1.341869;-0.1947666;2.918169;
HandLeft;1.318336;-0.1783798;2.919951;
Spine;0.9653601;-0.03346461;3.19456;
HipCenter;0.9312428;-0.1070212;3.141578;
HipRight;0.9777193;-0.1690031;3.085038;
HipLeft;0.8806459;-0.1595442;3.174715;
KneeRight;1.080309;-0.6443259;3.207498;
KneeLeft;0.9137057;-0.598429;3.084051;
AnkleRight;1.065768;-0.9989669;3.204444;
AnkleLeft;0.5542518;-0.8787084;3.050789;
FootRight;1.012533;-1.04669;3.111034;
FootLeft;0.5704017;-1.006368;3.092521;
Head;1.106511;0.6360761;3.314302;
ShoulderCenter;1.021296;0.4141672;3.236977;
ShoulderRight;1.068957;0.2823653;3.098379;
ShoulderLeft;0.9376426;0.2707037;3.120241;
ElbowRight;1.123836;-0.01590937;2.951222;
ElbowLeft;1.063587;0.01322086;2.963172;
WristRight;1.311062;-0.2208553;2.934837;
WristLeft;1.24994;-0.1823183;2.926822;
HandRight;1.35851;-0.2748179;2.918802;
HandLeft;1.337392;-0.2298885;2.930137;
Spine;1.031565;-0.02047489;3.223662;
HipCenter;1.022294;-0.0977834;3.165765;
HipRight;1.049668;-0.1341042;3.130641;
HipLeft;0.994562;-0.1399215;3.187509;
KneeRight;1.090223;-0.672723;3.146857;
KneeLeft;1.027328;-0.5829092;3.09969;
AnkleRight;1.07137;-1.014801;3.210367;
AnkleLeft;0.673153;-0.865611;3.063942;
FootRight;1.154006;-1.067514;3.223801;
FootLeft;0.6759103;-0.9644881;3.06207;
Head;1.219766;0.6132616;3.338063;
ShoulderCenter;1.077517;0.4269606;3.244393;
ShoulderRight;1.088876;0.282819;3.091204;
ShoulderLeft;0.9923234;0.2893552;3.129222;
ElbowRight;1.13025;-0.01861268;2.950653;
ElbowLeft;1.083281;0.0144198;2.970105;
WristRight;1.250165;-0.2393391;2.928914;
WristLeft;1.257856;-0.193782;2.93595;
HandRight;1.287706;-0.2996917;2.910648;
HandLeft;1.307748;-0.2706473;2.929371;
Spine;1.075529;-0.02034192;3.219476;
HipCenter;1.053816;-0.09803472;3.162364;
HipRight;1.072035;-0.1290307;3.133647;
HipLeft;1.036624;-0.1318166;3.177063;
KneeRight;1.107711;-0.6690566;3.133691;
KneeLeft;1.072615;-0.6110171;3.109658;
AnkleRight;1.071867;-1.004851;3.208459;
AnkleLeft;0.7850646;-0.8805868;3.066357;
FootRight;1.035904;-1.051681;3.108888;
FootLeft;0.800847;-0.9771373;3.05582;
Head;1.213829;0.6587132;3.312219;
ShoulderCenter;1.118816;0.439537;3.257541;
ShoulderRight;1.104681;0.2856882;3.087525;
ShoulderLeft;1.023172;0.3012642;3.140961;
ElbowRight;1.1877;-0.01651776;2.969322;
ElbowLeft;1.1062;0.02405712;2.981856;
WristRight;1.310597;-0.2233421;2.95947;
WristLeft;1.245839;-0.2044483;2.939879;
HandRight;1.29688;-0.3204333;2.940447;
HandLeft;1.264471;-0.2841651;2.935704;
Spine;1.094708;-0.02090569;3.212248;
HipCenter;1.062091;-0.09726371;3.157317;
HipRight;1.081429;-0.1240019;3.141999;
HipLeft;1.048915;-0.1154017;3.148296;
KneeRight;1.095409;-0.6808997;3.082847;
KneeLeft;1.17384;-0.6084647;3.115224;
AnkleRight;1.0728;-0.9979496;3.204231;
AnkleLeft;0.8862891;-0.8780344;3.071845;
FootRight;1.019846;-1.044767;3.11286;
FootLeft;0.9239576;-0.9763148;3.078459;
Head;1.318357;0.6297451;3.302896;
ShoulderCenter;1.171203;0.4421648;3.244519;
ShoulderRight;1.184115;0.2650455;3.076737;
ShoulderLeft;1.088375;0.3024332;3.142411;
ElbowRight;1.161037;0.03996617;2.965944;
ElbowLeft;1.122559;0.02463634;2.988118;
WristRight;1.29146;-0.1613998;2.962903;
WristLeft;1.228445;-0.2076309;2.96225;
HandRight;1.277243;-0.2591383;2.948137;
HandLeft;1.239414;-0.3068697;2.960173;
Spine;1.114032;-0.02307885;3.22044;
HipCenter;1.074571;-0.1002738;3.165039;
HipRight;1.090596;-0.126551;3.14795;
HipLeft;1.05741;-0.1250203;3.170877;
KneeRight;1.119175;-0.6224282;3.279996;
KneeLeft;1.245938;-0.5967224;3.122762;
AnkleRight;1.088713;-1.009734;3.119489;
AnkleLeft;0.9827203;-0.9373288;3.083796;
FootRight;1.037541;-1.056419;3.027296;
FootLeft;0.9315488;-0.9840137;2.991602;
Head;1.306489;0.6631193;3.263785;
ShoulderCenter;1.223895;0.4406808;3.244519;
ShoulderRight;1.251992;0.2840454;3.087061;
ShoulderLeft;1.100901;0.3207744;3.214027;
ElbowRight;1.034491;0.2080364;2.990379;
ElbowLeft;1.150937;0.03955606;3.029988;
WristRight;1.229184;0.06579664;3.008924;
WristLeft;1.222073;-0.2230732;2.977274;
HandRight;1.214893;-0.03245097;2.994082;
HandLeft;1.224589;-0.319644;2.962457;
Spine;1.176809;0.006665488;3.239296;
HipCenter;1.129674;-0.06673093;3.19324;
HipRight;1.151048;-0.1050961;3.174294;
HipLeft;1.094252;-0.104018;3.202253;
KneeRight;1.128688;-0.6169996;3.283349;
KneeLeft;1.340949;-0.594802;3.108107;
AnkleRight;1.170416;-0.9930316;3.117546;
AnkleLeft;1.032087;-0.9481407;3.131909;
FootRight;1.270609;-1.052962;3.108761;
FootLeft;1.153571;-0.9997015;3.12007;
Head;1.342757;0.6552269;3.28081;
ShoulderCenter;1.267621;0.4293549;3.238295;
ShoulderRight;1.252776;0.2843058;3.086851;
ShoulderLeft;1.19081;0.3001757;3.142466;
ElbowRight;1.08199;0.1359745;2.981375;
ElbowLeft;1.186455;0.01392521;3.006964;
WristRight;1.278629;0.007742539;3.007767;
WristLeft;1.214783;-0.223625;2.976699;
HandRight;1.264363;-0.09033109;2.992951;
HandLeft;1.209362;-0.3126867;2.958166;
Spine;1.281066;-0.006681436;3.245227;
HipCenter;1.242544;-0.08716711;3.203076;
HipRight;1.256899;-0.1321431;3.165211;
HipLeft;1.224332;-0.1155117;3.233797;
KneeRight;1.157465;-0.6060058;3.291499;
KneeLeft;1.311366;-0.5963433;3.18076;
AnkleRight;1.191709;-0.9881331;3.176486;
AnkleLeft;1.035896;-0.9817982;3.188597;
FootRight;1.309611;-1.018122;3.124989;
FootLeft;0.9690399;-1.030618;3.108952;
Head;1.446932;0.631781;3.290443;
ShoulderCenter;1.334578;0.4222202;3.252047;
ShoulderRight;1.302748;0.2841431;3.096648;
ShoulderLeft;1.229038;0.2942818;3.149542;
ElbowRight;1.231986;0.03573205;2.99103;
ElbowLeft;1.230713;0.04011513;3.013891;
WristRight;1.35529;-0.1680034;2.983284;
WristLeft;1.212659;-0.2108788;2.978807;
HandRight;1.340976;-0.2664063;2.968418;
HandLeft;1.207459;-0.2937326;2.959416;
Spine;1.311797;-0.006262954;3.252582;
HipCenter;1.270572;-0.08193687;3.205194;
HipRight;1.28084;-0.1357384;3.153586;
HipLeft;1.251013;-0.1238116;3.246365;
KneeRight;1.22627;-0.5814149;3.275911;
KneeLeft;1.476878;-0.5853176;3.141112;
AnkleRight;1.098807;-0.9956485;3.192356;
AnkleLeft;1.475222;-0.9713217;3.100284;
FootRight;1.040789;-1.042828;3.10534;
FootLeft;1.417205;-1.018501;3.013268;
Head;1.524068;0.6035948;3.303962;
ShoulderCenter;1.382084;0.4133936;3.248697;
ShoulderRight;1.382846;0.2703223;3.088339;
ShoulderLeft;1.294093;0.28181;3.147284;
ElbowRight;1.258763;-0.02354971;3.019956;
ElbowLeft;1.246551;0.02621443;3.013137;
WristRight;1.197686;-0.3212218;3.029947;
WristLeft;1.223488;-0.2153559;2.979226;
HandRight;1.170684;-0.3894654;3.039938;
HandLeft;1.219136;-0.2986051;2.959225;
Spine;1.350607;-0.02635274;3.250145;
HipCenter;1.31149;-0.1037042;3.201065;
HipRight;1.327367;-0.1472511;3.162515;
HipLeft;1.282342;-0.1361843;3.23226;
KneeRight;1.209864;-0.5967202;3.288846;
KneeLeft;1.505547;-0.5692512;3.160874;
AnkleRight;1.100373;-0.9948463;3.193702;
AnkleLeft;1.622771;-1.0109;3.12269;
FootRight;1.045601;-1.041829;3.104764;
FootLeft;1.679889;-1.056677;3.058509;
Head;1.535943;0.5307403;3.321607;
ShoulderCenter;1.431504;0.323139;3.254129;
ShoulderRight;1.42651;0.2678395;3.092565;
ShoulderLeft;1.346758;0.2777698;3.156474;
ElbowRight;1.302194;-0.02301612;3.018953;
ElbowLeft;1.309866;-0.001303722;3.022247;
WristRight;1.218471;-0.3130736;3.047176;
WristLeft;1.242029;-0.2482469;3.035326;
HandRight;1.177261;-0.3744275;3.045296;
HandLeft;1.237679;-0.3315409;3.014691;
Spine;1.397222;-0.05618723;3.240834;
HipCenter;1.347535;-0.1146676;3.193387;
HipRight;1.348269;-0.1566966;3.156663;
HipLeft;1.332887;-0.1526939;3.216276;
KneeRight;1.236651;-0.6007319;3.290889;
KneeLeft;1.525998;-0.5779443;3.157108;
AnkleRight;1.101181;-0.9941301;3.193951;
AnkleLeft;1.663291;-0.9022444;3.106405;
FootRight;1.039493;-1.040603;3.110132;
FootLeft;1.703449;-0.8732228;3.023154;
Head;1.59111;0.598074;3.288201;
ShoulderCenter;1.478568;0.3945508;3.254502;
ShoulderRight;1.471047;0.2568733;3.102509;
ShoulderLeft;1.401003;0.2618887;3.157421;
ElbowRight;1.347837;0.00497942;3.012528;
ElbowLeft;1.364814;-0.005968587;3.03035;
WristRight;1.244616;-0.2928469;3.049967;
WristLeft;1.296977;-0.2529117;3.043419;
HandRight;1.202221;-0.3510594;3.066234;
HandLeft;1.292626;-0.3362058;3.022784;
Spine;1.430042;-0.03580404;3.254668;
HipCenter;1.381878;-0.106683;3.208135;
HipRight;1.385363;-0.1601697;3.154658;
HipLeft;1.362131;-0.1550414;3.252357;
KneeRight;1.270576;-0.5804353;3.287621;
KneeLeft;1.535531;-0.5742228;3.179764;
AnkleRight;1.103314;-0.9935483;3.194283;
AnkleLeft;1.763615;-0.9739506;3.129841;
FootRight;1.041716;-1.039873;3.111084;
FootLeft;1.702017;-1.020275;3.046642;
Head;1.582649;0.6026086;3.261018;
ShoulderCenter;1.54308;0.3757488;3.25164;
ShoulderRight;1.526866;0.2308117;3.079427;
ShoulderLeft;1.420104;0.2322474;3.199188;
ElbowRight;1.397878;-0.0005385739;3.011261;
ElbowLeft;1.409932;-0.009087103;3.026932;
WristRight;1.306049;-0.2746129;3.051017;
WristLeft;1.342095;-0.2560303;3.039981;
HandRight;1.258935;-0.3385834;3.085352;
HandLeft;1.272294;-0.3233595;3.065231;
Spine;1.502757;-0.04941028;3.236434;
HipCenter;1.447898;-0.1193813;3.19523;
HipRight;1.456355;-0.1793064;3.136216;
HipLeft;1.417532;-0.1734273;3.237744;
KneeRight;1.33807;-0.6105852;3.299789;
KneeLeft;1.264516;-0.7497783;3.263066;
AnkleRight;1.109938;-0.9926473;3.19874;
AnkleLeft;1.411765;-1.020709;3.208784;
FootRight;1.033903;-1.039315;3.128711;
FootLeft;1.299147;-1.056576;3.263943;
Head;1.681227;0.5812476;3.280586;
ShoulderCenter;1.60085;0.3623609;3.244145;
ShoulderRight;1.560485;0.2267114;3.080892;
ShoulderLeft;1.473687;0.2482694;3.240785;
ElbowRight;1.450816;-0.004682843;3.01139;
ElbowLeft;1.433175;-0.01274228;3.030427;
WristRight;1.358971;-0.2685052;3.062518;
WristLeft;1.364193;-0.2670634;3.038356;
HandRight;1.291927;-0.3404945;3.082787;
HandLeft;1.304933;-0.3444292;3.062666;
Spine;1.556738;-0.0550877;3.229319;
HipCenter;1.49235;-0.1224469;3.198438;
HipRight;1.489823;-0.1811504;3.134514;
HipLeft;1.466016;-0.1856979;3.247824;
KneeRight;1.363716;-0.6036001;3.30705;
KneeLeft;1.297675;-0.7862641;3.269329;
AnkleRight;1.126454;-0.9854204;3.204675;
AnkleLeft;1.444925;-1.057195;3.215002;
FootRight;1.037902;-1.032545;3.151662;
FootLeft;1.315136;-1.054626;3.228118;
Head;1.847722;0.5045056;3.333276;
ShoulderCenter;1.660721;0.370977;3.245212;
ShoulderRight;1.603301;0.2258451;3.079097;
ShoulderLeft;1.562375;0.2473222;3.159682;
ElbowRight;1.525636;0.008757114;2.99664;
ElbowLeft;1.529725;-0.05654132;3.035116;
WristRight;1.424693;-0.2827792;3.065853;
WristLeft;1.460531;-0.3161163;3.044187;
HandRight;1.347134;-0.3716374;3.108774;
HandLeft;1.374483;-0.3451689;3.08747;
Spine;1.595936;-0.05458191;3.231146;
HipCenter;1.529519;-0.1214613;3.200183;
HipRight;1.514914;-0.1761156;3.13955;
HipLeft;1.518648;-0.177013;3.246186;
KneeRight;1.372811;-0.6557066;3.315172;
KneeLeft;1.365627;-0.7598332;3.286055;
AnkleRight;1.171029;-0.9561893;3.218273;
AnkleLeft;1.512877;-1.030764;3.231674;
FootRight;1.18029;-1.053464;3.243412;
FootLeft;1.382492;-1.037542;3.232819;
Head;1.835064;0.5336663;3.315567;
ShoulderCenter;1.682424;0.3597468;3.237137;
ShoulderRight;1.617322;0.2112564;3.075547;
ShoulderLeft;1.602006;0.2710717;3.222132;
ElbowRight;1.580912;-0.01434563;2.986302;
ElbowLeft;1.584948;-0.00145638;3.026429;
WristRight;1.513717;-0.3066555;3.080737;
WristLeft;1.515886;-0.2679747;3.02754;
HandRight;1.425125;-0.3539599;3.0872;
HandLeft;1.429811;-0.2970363;3.070837;
Spine;1.651352;-0.04656914;3.229067;
HipCenter;1.581572;-0.1129021;3.219633;
HipRight;1.577632;-0.1498558;3.248745;
HipLeft;1.568283;-0.1496817;3.185852;
KneeRight;1.401685;-0.6660398;3.316823;
KneeLeft;1.508144;-0.6414508;3.318226;
AnkleRight;1.222621;-0.956224;3.214689;
AnkleLeft;1.674057;-0.9467204;3.260784;
FootRight;1.249993;-1.044478;3.242365;
FootLeft;1.547427;-0.9782667;3.260199;
Head;1.801935;0.6183324;3.287924;
ShoulderCenter;1.752681;0.3905318;3.258499;
ShoulderRight;1.654845;0.206505;3.093597;
ShoulderLeft;1.65129;0.2843406;3.193246;
ElbowRight;1.628288;-0.09071867;3.029206;
ElbowLeft;1.623603;-0.01381874;3.054511;
WristRight;1.600813;-0.324304;3.0621;
WristLeft;1.688339;-0.3227941;3.081892;
HandRight;1.552184;-0.3809853;3.062676;
HandLeft;1.601916;-0.3519732;3.125364;
Spine;1.672837;-0.04788058;3.262981;
HipCenter;1.598149;-0.1155975;3.249728;
HipRight;1.589597;-0.1403029;3.263355;
HipLeft;1.593206;-0.1435382;3.238917;
KneeRight;1.397406;-0.628624;3.397979;
KneeLeft;1.690086;-0.554407;3.303097;
AnkleRight;1.294777;-0.9311216;3.232581;
AnkleLeft;1.539347;-0.8657295;3.299768;
FootRight;1.29711;-1.034736;3.266587;
FootLeft;1.428592;-0.9321573;3.282129;
Head;1.723838;0.3960113;3.291638;
ShoulderCenter;1.667701;0.1770106;3.295918;
ShoulderRight;1.671643;0.080682;3.172653;
ShoulderLeft;1.56631;0.07081938;3.230666;
ElbowRight;1.675574;-0.1112719;3.00887;
ElbowLeft;1.716221;-0.02933437;3.051493;
WristRight;1.676311;-0.3174343;3.10445;
WristLeft;1.693638;-0.3412023;3.086329;
HandRight;1.62803;-0.3737091;3.105021;
HandLeft;1.694566;-0.4098316;3.05827;
Spine;1.673028;-0.1154359;3.339538;
HipCenter;1.64521;-0.1704116;3.300141;
HipRight;1.671515;-0.2424131;3.220484;
HipLeft;1.61037;-0.2302418;3.375618;
KneeRight;1.43578;-0.6762294;3.456534;
KneeLeft;1.763411;-0.6237365;3.296989;
AnkleRight;1.370438;-0.9499093;3.22661;
AnkleLeft;1.499637;-0.8945707;3.283827;
FootRight;1.375018;-1.033922;3.281799;
FootLeft;1.451455;-0.9434249;3.194516;
Head;1.735256;0.4039199;3.302837;
ShoulderCenter;1.70856;0.1889641;3.33321;
ShoulderRight;1.715353;0.02775172;3.186264;
ShoulderLeft;1.60717;0.08277287;3.267957;
ElbowRight;1.715416;-0.2014486;3.114767;
ElbowLeft;1.731936;-0.0544568;3.097158;
WristRight;1.659161;-0.3142864;3.295451;
WristLeft;1.721861;-0.3181436;3.135872;
HandRight;1.64041;-0.3518989;3.360746;
HandLeft;1.739402;-0.3806452;3.100533;
Spine;1.693182;-0.1825097;3.356731;
HipCenter;1.658203;-0.2499239;3.318268;
HipRight;1.685896;-0.2906242;3.289421;
HipLeft;1.622675;-0.2775116;3.342424;
KneeRight;1.455385;-0.7394;3.512101;
KneeLeft;1.854572;-0.7215554;3.360293;
AnkleRight;1.387898;-0.8809709;3.175382;
AnkleLeft;1.480642;-0.8809481;3.27297;
FootRight;1.331779;-0.9280877;3.090373;
FootLeft;1.52488;-0.9863238;3.310223;
Head;1.774395;0.412036;3.311244;
ShoulderCenter;1.758652;0.2150883;3.381706;
ShoulderRight;1.742266;0.06743239;3.296223;
ShoulderLeft;1.657261;0.1088971;3.316453;
ElbowRight;1.735113;-0.1952652;3.198256;
ElbowLeft;1.735834;-0.09821941;3.215413;
WristRight;1.720166;-0.426948;3.198669;
WristLeft;1.729269;-0.3231977;3.141187;
HandRight;1.672155;-0.4829087;3.199238;
HandLeft;1.746768;-0.385551;3.105932;
Spine;1.713558;-0.1790171;3.374535;
HipCenter;1.694614;-0.2471046;3.320881;
HipRight;1.718264;-0.2867635;3.299988;
HipLeft;1.669878;-0.2602454;3.331805;
KneeRight;1.504523;-0.7669894;3.522897;
KneeLeft;1.942582;-0.6695028;3.416273;
AnkleRight;1.4371;-0.9084268;3.186491;
AnkleLeft;2.162722;-0.9998763;3.466904;
FootRight;1.423812;-0.9532751;3.08481;
FootLeft;2.149435;-1.044725;3.365223;
Head;1.822332;0.4023535;3.322826;
ShoulderCenter;1.806621;0.2058119;3.393224;
ShoulderRight;1.782974;-0.01191201;3.306572;
ShoulderLeft;1.70523;0.0996207;3.327971;
ElbowRight;1.773494;-0.2580015;3.273453;
ElbowLeft;1.785776;-0.1181002;3.290469;
WristRight;1.758573;-0.4892713;3.273897;
WristLeft;1.781378;-0.3433841;3.218958;
HandRight;1.710667;-0.54511;3.274465;
HandLeft;1.798839;-0.4056012;3.18378;
Spine;1.849135;-0.07291345;3.525591;
HipCenter;1.826555;-0.1427068;3.516056;
HipRight;1.851825;-0.2157057;3.558659;
HipLeft;1.806644;-0.1634251;3.502414;
KneeRight;1.584512;-0.5742441;3.593428;
KneeLeft;2.032633;-0.5993962;3.589412;
AnkleRight;1.517021;-0.7158248;3.256827;
AnkleLeft;2.215326;-0.9518439;3.642274;
FootRight;1.46108;-0.779788;3.183932;
FootLeft;2.159385;-1.015807;3.569379;
