Floor;-0.02685815;0.9996341;0.003183006;1.061754;
Head;-1.252215;0.5671074;3.095242;
ShoulderCenter;-1.31285;0.3951504;3.059741;
ShoulderRight;-1.23232;0.2016254;3.161096;
ShoulderLeft;-1.355796;0.2745864;2.923249;
ElbowRight;-1.213807;-0.004204857;3.141977;
ElbowLeft;-1.304778;0.01869633;2.822406;
WristRight;-1.171441;-0.2015628;3.147963;
WristLeft;-1.158808;-0.2112069;2.842395;
HandRight;-1.13182;-0.2359296;3.066791;
HandLeft;-1.112168;-0.2653107;2.842329;
Spine;-1.282132;-0.01221409;3.06921;
HipCenter;-1.275989;-0.093687;3.074744;
HipRight;-1.243602;-0.1711703;3.126806;
HipLeft;-1.299166;-0.1383378;3.022709;
KneeRight;-1.242457;-0.6781081;3.274557;
KneeLeft;-1.396698;-0.6869004;3.086079;
AnkleRight;-1.336582;-1.079236;3.269059;
AnkleLeft;-1.450082;-1.059623;3.082213;
FootRight;-1.250548;-1.122295;3.226884;
FootLeft;-1.397121;-1.130724;3.071617;
Head;-1.196335;0.558618;3.100542;
ShoulderCenter;-1.282533;0.3948639;3.055829;
ShoulderRight;-1.198967;0.2399165;3.145846;
ShoulderLeft;-1.321083;0.2768326;2.924082;
ElbowRight;-1.168854;-0.01071703;3.138649;
ElbowLeft;-1.246316;0.02762589;2.817549;
WristRight;-1.173941;-0.2289141;2.973974;
WristLeft;-1.062355;-0.1925689;2.827467;
HandRight;-1.103053;-0.2468308;2.905731;
HandLeft;-1.002147;-0.234224;2.817227;
Spine;-1.25819;0.03102029;3.050824;
HipCenter;-1.255044;-0.04173215;3.05327;
HipRight;-1.226785;-0.1031902;3.096845;
HipLeft;-1.278716;-0.08638242;3.005647;
KneeRight;-1.167083;-0.6649035;3.261513;
KneeLeft;-1.394685;-0.6849376;3.081595;
AnkleRight;-1.233135;-1.052103;3.28139;
AnkleLeft;-1.450178;-1.060822;3.078996;
FootRight;-1.145489;-1.111492;3.331767;
FootLeft;-1.397027;-1.128888;3.071786;
Head;-1.137464;0.5723851;3.133928;
ShoulderCenter;-1.229268;0.3970305;3.059147;
ShoulderRight;-1.165015;0.2388266;3.159115;
ShoulderLeft;-1.27961;0.2739562;2.930382;
ElbowRight;-1.133447;-0.006746862;3.159825;
ElbowLeft;-1.184639;0.02440053;2.817508;
WristRight;-1.010323;-0.1341056;2.911062;
WristLeft;-0.9684598;-0.1740787;2.810414;
HandRight;-0.8976188;-0.2726723;2.815551;
HandLeft;-0.8838999;-0.2430678;2.813974;
Spine;-1.219993;-0.03817527;3.037199;
HipCenter;-1.218138;-0.1252164;3.036393;
HipRight;-1.19054;-0.193054;3.085568;
HipLeft;-1.24318;-0.1772771;2.978629;
KneeRight;-1.101092;-0.6530882;3.25425;
KneeLeft;-1.381157;-0.6833017;3.083245;
AnkleRight;-1.085938;-1.052975;3.290571;
AnkleLeft;-1.45065;-1.061465;3.08083;
FootRight;-0.9943576;-1.091248;3.324587;
FootLeft;-1.400724;-1.125351;3.065698;
Head;-1.087593;0.5592253;3.132818;
ShoulderCenter;-1.185177;0.3783734;3.066628;
ShoulderRight;-1.10981;0.1751651;3.214079;
ShoulderLeft;-1.23492;0.2610705;2.937846;
ElbowRight;-1.076155;-0.02065629;3.113574;
ElbowLeft;-1.126435;0.02386895;2.823415;
WristRight;-0.9424822;-0.1581978;2.887113;
WristLeft;-0.9215942;-0.1496291;2.814642;
HandRight;-0.8979247;-0.204045;2.816646;
HandLeft;-0.8407476;-0.209739;2.824209;
Spine;-1.173514;-0.07136337;3.064289;
HipCenter;-1.171345;-0.1612414;3.067482;
HipRight;-1.142092;-0.2400626;3.115011;
HipLeft;-1.197723;-0.201598;3.01679;
KneeRight;-1.055523;-0.6601961;3.256705;
KneeLeft;-1.32491;-0.6731203;3.097176;
AnkleRight;-0.9254128;-1.06616;3.305416;
AnkleLeft;-1.450565;-1.061904;3.082488;
FootRight;-0.8309207;-1.097077;3.348968;
FootLeft;-1.402559;-1.123964;3.064672;
Head;-1.052307;0.5580814;3.120704;
ShoulderCenter;-1.133037;0.3646269;3.076686;
ShoulderRight;-1.053055;0.2101109;3.151747;
ShoulderLeft;-1.181124;0.2559225;2.948521;
ElbowRight;-1.01986;0.01696737;3.052092;
ElbowLeft;-1.067763;0.01751412;2.820992;
WristRight;-0.8704916;-0.1502897;2.866743;
WristLeft;-0.8410734;-0.1490306;2.817605;
HandRight;-0.7377723;-0.2008695;2.862719;
HandLeft;-0.7828424;-0.1899085;2.838374;
Spine;-1.129773;-0.07015212;3.062973;
HipCenter;-1.129006;-0.1573302;3.064099;
HipRight;-1.096027;-0.2144081;3.09715;
HipLeft;-1.157624;-0.1944954;3.024633;
KneeRight;-0.9829575;-0.6677477;3.258405;
KneeLeft;-1.267779;-0.6532896;3.117252;
AnkleRight;-0.7955923;-1.041308;3.28663;
AnkleLeft;-1.450033;-1.061858;3.082682;
FootRight;-0.7055271;-1.063629;3.332872;
FootLeft;-1.37812;-1.114305;3.062441;
Head;-0.9834763;0.5453475;3.149706;
ShoulderCenter;-1.08144;0.3582805;3.074451;
ShoulderRight;-0.9994101;0.1756171;3.161342;
ShoulderLeft;-1.147877;0.24338;2.954618;
ElbowRight;-0.9666882;-0.01477283;3.062696;
ElbowLeft;-1.025019;0.02363624;2.827702;
WristRight;-0.8122663;-0.1625514;2.870566;
WristLeft;-0.8009405;-0.1397526;2.823175;
HandRight;-0.6795275;-0.2050854;2.868296;
HandLeft;-0.7067949;-0.2041688;2.846252;
Spine;-1.085846;-0.06485733;3.063767;
HipCenter;-1.086732;-0.1496858;3.065291;
HipRight;-1.056366;-0.2145908;3.099287;
HipLeft;-1.121543;-0.1864318;3.026133;
KneeRight;-0.9450551;-0.6686613;3.256875;
KneeLeft;-1.266552;-0.6591964;3.113713;
AnkleRight;-0.7249097;-1.039282;3.277364;
AnkleLeft;-1.448153;-1.061829;3.084387;
FootRight;-0.6213373;-1.034074;3.313625;
FootLeft;-1.384147;-1.107913;3.06507;
Head;-0.9259014;0.5450354;3.122896;
ShoulderCenter;-1.03474;0.3586657;3.07196;
ShoulderRight;-0.9513775;0.1759228;3.187653;
ShoulderLeft;-1.094779;0.2356142;2.96091;
ElbowRight;-0.9189118;-0.01297595;3.089592;
ElbowLeft;-0.9633663;0.01467358;2.832626;
WristRight;-0.7340918;-0.1230915;2.902646;
WristLeft;-0.7445201;-0.1515131;2.835018;
HandRight;-0.641952;-0.1774753;2.839625;
HandLeft;-0.6519439;-0.2070196;2.851294;
Spine;-1.031531;-0.05781913;3.067096;
HipCenter;-1.031207;-0.1411187;3.069829;
HipRight;-0.9987306;-0.208723;3.109406;
HipLeft;-1.063261;-0.1818618;3.026536;
KneeRight;-0.9018731;-0.6470473;3.249918;
KneeLeft;-1.250585;-0.6627242;3.096433;
AnkleRight;-0.7208942;-1.037911;3.267405;
AnkleLeft;-1.445043;-1.061261;3.084193;
FootRight;-0.617264;-1.050885;3.30444;
FootLeft;-1.382246;-1.110218;3.065007;
Head;-0.8755479;0.5345128;3.136612;
ShoulderCenter;-0.9760374;0.3426227;3.082246;
ShoulderRight;-0.8993722;0.1717157;3.171909;
ShoulderLeft;-1.036667;0.2239538;2.967837;
ElbowRight;-0.86687;-0.01739527;3.073747;
ElbowLeft;-0.9009453;0.004031077;2.842263;
WristRight;-0.7116708;-0.1587298;2.879966;
WristLeft;-0.6827781;-0.1634564;2.845567;
HandRight;-0.5996488;-0.2051536;2.865329;
HandLeft;-0.6138673;-0.2108182;2.858598;
Spine;-0.98088;-0.08455605;3.076655;
HipCenter;-0.9818485;-0.1699918;3.079229;
HipRight;-0.9515181;-0.2312225;3.114344;
HipLeft;-1.013301;-0.2077154;3.040616;
KneeRight;-0.8576462;-0.6498564;3.250831;
KneeLeft;-1.200323;-0.6703848;3.088027;
AnkleRight;-0.7262741;-1.048212;3.249815;
AnkleLeft;-1.439686;-1.058077;3.083596;
FootRight;-0.6216201;-1.072366;3.289542;
FootLeft;-1.382714;-1.127165;3.118323;
Head;-0.804976;0.5261636;3.170445;
ShoulderCenter;-0.9274425;0.3477126;3.098653;
ShoulderRight;-0.8426258;0.157585;3.194456;
ShoulderLeft;-0.9979699;0.2310953;2.980635;
ElbowRight;-0.8273768;-0.1177235;3.148676;
ElbowLeft;-0.8758841;0.005776122;2.847918;
WristRight;-0.6430156;-0.1713731;2.935004;
WristLeft;-0.660359;-0.1654215;2.855725;
HandRight;-0.5796136;-0.2194359;2.869191;
HandLeft;-0.5764475;-0.2189823;2.86854;
Spine;-0.9302953;-0.0819088;3.082382;
HipCenter;-0.9308658;-0.1678331;3.082826;
HipRight;-0.8971246;-0.2361065;3.114785;
HipLeft;-0.9668026;-0.2028638;3.04455;
KneeRight;-0.8279295;-0.6564885;3.254417;
KneeLeft;-1.175307;-0.6837187;3.087032;
AnkleRight;-0.7271849;-1.04682;3.248032;
AnkleLeft;-1.416892;-1.050752;3.0913;
FootRight;-0.6331626;-1.090924;3.295284;
FootLeft;-1.376417;-1.123859;3.102666;
Head;-0.7860518;0.552307;3.170663;
ShoulderCenter;-0.8809684;0.3572275;3.107609;
ShoulderRight;-0.7872875;0.171469;3.182426;
ShoulderLeft;-0.9376376;0.2382603;2.990568;
ElbowRight;-0.771629;-0.02611233;3.197091;
ElbowLeft;-0.8534512;0.0002754331;2.852113;
WristRight;-0.6603624;-0.1462802;2.961207;
WristLeft;-0.6429008;-0.1749445;2.859154;
HandRight;-0.6042958;-0.1842522;2.981039;
HandLeft;-0.561109;-0.2290223;2.870935;
Spine;-0.8767093;-0.07995479;3.097327;
HipCenter;-0.8760269;-0.1674259;3.098952;
HipRight;-0.8416935;-0.2256889;3.131584;
HipLeft;-0.9095606;-0.211693;3.06163;
KneeRight;-0.7665772;-0.6588907;3.25315;
KneeLeft;-1.084783;-0.732546;3.101457;
AnkleRight;-0.7256296;-1.046254;3.245177;
AnkleLeft;-1.406488;-1.049789;3.091915;
FootRight;-0.648336;-1.103518;3.302729;
FootLeft;-1.412844;-1.131465;3.079525;
Head;-0.764631;0.564697;3.180397;
ShoulderCenter;-0.8330576;0.368344;3.132288;
ShoulderRight;-0.7431625;0.1699785;3.197442;
ShoulderLeft;-0.8902237;0.2484987;3.003428;
ElbowRight;-0.7275745;-0.02671407;3.211722;
ElbowLeft;-0.8186127;0.00120227;2.880878;
WristRight;-0.6369975;-0.1497336;2.969478;
WristLeft;-0.6230676;-0.1900766;2.870507;
HandRight;-0.5891993;-0.1978464;2.986078;
HandLeft;-0.5492839;-0.2606623;2.875427;
Spine;-0.8288578;-0.08651804;3.108238;
HipCenter;-0.8276722;-0.1775379;3.107238;
HipRight;-0.7938383;-0.2314307;3.132614;
HipLeft;-0.8614541;-0.2185183;3.074835;
KneeRight;-0.7273974;-0.6752959;3.254859;
KneeLeft;-1.020929;-0.7254226;3.085185;
AnkleRight;-0.7243162;-1.046621;3.244153;
AnkleLeft;-1.311136;-1.002916;3.083639;
FootRight;-0.6645049;-1.104711;3.241988;
FootLeft;-1.295201;-1.096032;3.145356;
Head;-0.720665;0.5644718;3.175141;
ShoulderCenter;-0.801511;0.3724772;3.136696;
ShoulderRight;-0.7089323;0.1742382;3.202466;
ShoulderLeft;-0.8530788;0.2491305;3.009793;
ElbowRight;-0.6933686;-0.02214581;3.216492;
ElbowLeft;-0.780091;-0.003828883;2.906815;
WristRight;-0.6306797;-0.1528329;2.969587;
WristLeft;-0.6053012;-0.2134929;2.881216;
HandRight;-0.5886993;-0.2064603;2.984518;
HandLeft;-0.5494858;-0.2862875;2.90321;
Spine;-0.7940829;-0.0765223;3.100517;
HipCenter;-0.7922317;-0.1661353;3.096741;
HipRight;-0.7618869;-0.2312517;3.123025;
HipLeft;-0.8190128;-0.1923551;3.059589;
KneeRight;-0.6993381;-0.6553872;3.247794;
KneeLeft;-0.8353664;-0.6195841;3.063254;
AnkleRight;-0.7161564;-1.046334;3.241754;
AnkleLeft;-1.192283;-0.9390042;3.08653;
FootRight;-0.6619418;-1.112129;3.315749;
FootLeft;-1.22209;-1.044374;3.118598;
Head;-0.6605111;0.5667945;3.169721;
ShoulderCenter;-0.748836;0.3783265;3.145891;
ShoulderRight;-0.6442904;0.1851952;3.203927;
ShoulderLeft;-0.8028299;0.2596882;3.019919;
ElbowRight;-0.6230285;-0.01654372;3.192373;
ElbowLeft;-0.7698311;-0.001254201;2.913484;
WristRight;-0.5943451;-0.2374455;3.210263;
WristLeft;-0.6102493;-0.2237351;2.893728;
HandRight;-0.5522647;-0.2910977;3.223627;
HandLeft;-0.5495295;-0.2937951;2.902449;
Spine;-0.759959;-0.06019808;3.090021;
HipCenter;-0.7612312;-0.1479152;3.082914;
HipRight;-0.7255541;-0.2239329;3.113886;
HipLeft;-0.7998322;-0.1773403;3.038351;
KneeRight;-0.6717774;-0.663835;3.229106;
KneeLeft;-0.8051845;-0.6629408;3.06892;
AnkleRight;-0.7008054;-1.042845;3.241557;
AnkleLeft;-1.12957;-0.9422827;3.106906;
FootRight;-0.6498038;-1.113852;3.315606;
FootLeft;-1.115657;-1.042954;3.144535;
Head;-0.6232349;0.5660267;3.185819;
ShoulderCenter;-0.7160215;0.3855139;3.141949;
ShoulderRight;-0.6087708;0.1850646;3.214219;
ShoulderLeft;-0.7807855;0.2640893;3.022241;
ElbowRight;-0.5766108;-0.01521221;3.220912;
ElbowLeft;-0.7503577;0.003580475;2.923229;
WristRight;-0.5566103;-0.2417227;3.220124;
WristLeft;-0.6108566;-0.2275401;2.896859;
HandRight;-0.5418494;-0.3057356;3.19889;
HandLeft;-0.5702971;-0.3041592;2.909261;
Spine;-0.6715778;-0.04470107;3.149058;
HipCenter;-0.6641092;-0.1310551;3.154394;
HipRight;-0.6166816;-0.1937715;3.198782;
HipLeft;-0.7015398;-0.1839262;3.109533;
KneeRight;-0.6293599;-0.7173761;3.229602;
KneeLeft;-0.6968598;-0.6186902;3.074548;
AnkleRight;-0.7048336;-1.060657;3.244394;
AnkleLeft;-1.021848;-0.9365013;3.094163;
FootRight;-0.6298133;-1.101014;3.239388;
FootLeft;-0.9812106;-1.03674;3.134531;
Head;-0.5879773;0.5753655;3.210928;
ShoulderCenter;-0.6667351;0.3962697;3.139838;
ShoulderRight;-0.5680704;0.2184253;3.248168;
ShoulderLeft;-0.7234119;0.2710234;3.035418;
ElbowRight;-0.541651;0.01816967;3.253497;
ElbowLeft;-0.7297043;0.01101112;2.932353;
WristRight;-0.506713;-0.1870548;3.21789;
WristLeft;-0.6235687;-0.2413073;2.924633;
HandRight;-0.4944049;-0.2485146;3.188914;
HandLeft;-0.5879654;-0.3124959;2.916209;
Spine;-0.6352756;-0.01721357;3.147832;
HipCenter;-0.6272301;-0.09862303;3.15313;
HipRight;-0.5773996;-0.1519626;3.206776;
HipLeft;-0.6711203;-0.1600646;3.100093;
KneeRight;-0.7449262;-0.5731958;3.258875;
KneeLeft;-0.6055564;-0.6120734;3.094511;
AnkleRight;-0.7075146;-1.044014;3.238228;
AnkleLeft;-0.9028496;-0.9573117;3.101393;
FootRight;-0.6468381;-1.09696;3.20964;
FootLeft;-0.8768808;-1.037799;3.113619;
Head;-0.5586006;0.5801377;3.194179;
ShoulderCenter;-0.632428;0.4019388;3.142721;
ShoulderRight;-0.5344495;0.2174061;3.245074;
ShoulderLeft;-0.6943938;0.2770156;3.036402;
ElbowRight;-0.50803;0.01715048;3.250452;
ElbowLeft;-0.6973974;0.009036928;2.947977;
WristRight;-0.4682074;-0.1797887;3.20797;
WristLeft;-0.6213646;-0.2483307;2.928431;
HandRight;-0.4574128;-0.2337635;3.180032;
HandLeft;-0.6099634;-0.3290473;2.936812;
Spine;-0.5812411;-0.01952957;3.164527;
HipCenter;-0.5723549;-0.1040465;3.172476;
HipRight;-0.5285798;-0.1577756;3.219644;
HipLeft;-0.604524;-0.1606992;3.128355;
KneeRight;-0.6999871;-0.6102411;3.24585;
KneeLeft;-0.5470352;-0.6056533;3.103895;
AnkleRight;-0.6782587;-1.030079;3.205453;
AnkleLeft;-0.7731147;-0.9949811;3.132503;
FootRight;-0.6308961;-1.098644;3.285699;
FootLeft;-0.7340642;-1.069748;3.146532;
Head;-0.4972942;0.5778403;3.205385;
ShoulderCenter;-0.5807141;0.4021831;3.152772;
ShoulderRight;-0.4896294;0.2561201;3.279974;
ShoulderLeft;-0.6526479;0.2806765;3.042009;
ElbowRight;-0.46321;0.05586444;3.28537;
ElbowLeft;-0.6837555;0.01526809;2.948968;
WristRight;-0.4108153;-0.1998148;3.201742;
WristLeft;-0.6240655;-0.2421334;2.944752;
HandRight;-0.3985072;-0.2612746;3.172766;
HandLeft;-0.6225702;-0.3321401;2.946916;
Spine;-0.5273179;-0.008942924;3.162677;
HipCenter;-0.5166387;-0.09116814;3.168362;
HipRight;-0.4732694;-0.1457871;3.217205;
HipLeft;-0.54496;-0.1524114;3.119623;
KneeRight;-0.6489055;-0.6478896;3.246388;
KneeLeft;-0.4883432;-0.6183772;3.121628;
AnkleRight;-0.7635954;-1.052867;3.233717;
AnkleLeft;-0.6568174;-1.0394;3.134948;
FootRight;-0.7174479;-1.121781;3.314986;
FootLeft;-0.588483;-1.093607;3.133417;
Head;-0.4681551;0.5839312;3.221549;
ShoulderCenter;-0.5454099;0.404015;3.159672;
ShoulderRight;-0.4552246;0.2949547;3.365394;
ShoulderLeft;-0.6096437;0.2819932;3.045593;
ElbowRight;-0.4194209;0.03771442;3.231004;
ElbowLeft;-0.6666846;0.01606527;2.949254;
WristRight;-0.3630918;-0.2306647;3.205213;
WristLeft;-0.6208273;-0.2198789;2.958371;
HandRight;-0.3507837;-0.2921245;3.176237;
HandLeft;-0.6343197;-0.3116837;2.95822;
Spine;-0.5094396;-0.004071069;3.156465;
HipCenter;-0.5007082;-0.08570282;3.16006;
HipRight;-0.4602208;-0.1447141;3.206682;
HipLeft;-0.5277254;-0.1430818;3.110284;
KneeRight;-0.5269363;-0.6337771;3.210351;
KneeLeft;-0.3748058;-0.6142656;3.134223;
AnkleRight;-0.7420275;-1.059268;3.248553;
AnkleLeft;-0.5530425;-1.02715;3.141583;
FootRight;-0.6956772;-1.128485;3.330179;
FootLeft;-0.4570914;-1.069266;3.192787;
Head;-0.4212219;0.5661806;3.233209;
ShoulderCenter;-0.489311;0.3860492;3.174927;
ShoulderRight;-0.3912119;0.2004364;3.263658;
ShoulderLeft;-0.561874;0.264996;3.047984;
ElbowRight;-0.3768918;-0.03285041;3.190482;
ElbowLeft;-0.6181312;-0.004284292;2.958698;
WristRight;-0.3409991;-0.232423;3.370531;
WristLeft;-0.6203555;-0.2184986;2.959123;
HandRight;-0.3226134;-0.2909701;3.401067;
HandLeft;-0.6369958;-0.3096099;2.963786;
Spine;-0.4609669;-0.03607077;3.141857;
HipCenter;-0.4552981;-0.1204948;3.138947;
HipRight;-0.4124219;-0.1864713;3.175483;
HipLeft;-0.4903398;-0.1711954;3.090631;
KneeRight;-0.4609397;-0.6423671;3.200702;
KneeLeft;-0.3000245;-0.6080285;3.15285;
AnkleRight;-0.5869618;-1.047631;3.212602;
AnkleLeft;-0.3689376;-1.022446;3.111495;
FootRight;-0.5401568;-1.117527;3.29503;
FootLeft;-0.2792992;-1.079577;3.14689;
Head;-0.3763835;0.5630885;3.214391;
ShoulderCenter;-0.4564071;0.390723;3.183803;
ShoulderRight;-0.3304752;0.1828146;3.262398;
ShoulderLeft;-0.5344434;0.2691544;3.059578;
ElbowRight;-0.3102406;-0.04722209;3.188216;
ElbowLeft;-0.6005361;0.001953363;2.964996;
WristRight;-0.2892169;-0.2290141;3.388629;
WristLeft;-0.6193725;-0.2205339;2.959045;
HandRight;-0.2663015;-0.2918057;3.405078;
HandLeft;-0.6348035;-0.3119277;2.968132;
Spine;-0.4496153;-0.03195734;3.143106;
HipCenter;-0.4467618;-0.1166446;3.139345;
HipRight;-0.4009796;-0.183108;3.17197;
HipLeft;-0.4865237;-0.1684918;3.092616;
KneeRight;-0.5070486;-0.6139936;3.270722;
KneeLeft;-0.2469051;-0.6257515;3.143021;
AnkleRight;-0.6774696;-1.059339;3.222339;
AnkleLeft;-0.2276388;-1.03138;3.127601;
FootRight;-0.6302216;-1.129897;3.305547;
FootLeft;-0.1282844;-1.074021;3.17411;
Head;-0.3240722;0.5533336;3.218351;
ShoulderCenter;-0.4058411;0.3794563;3.186516;
ShoulderRight;-0.2898534;0.1919969;3.224326;
ShoulderLeft;-0.4790197;0.257818;3.065561;
ElbowRight;-0.2688896;-0.07941139;3.177548;
ElbowLeft;-0.561556;-0.007947266;2.975001;
WristRight;-0.239591;-0.2325044;3.400841;
WristLeft;-0.5960474;-0.2498078;2.970657;
HandRight;-0.2047315;-0.340276;3.477312;
HandLeft;-0.6202968;-0.3376466;2.977422;
Spine;-0.4309413;-0.04677932;3.191161;
HipCenter;-0.3922214;-0.1254425;3.146405;
HipRight;-0.3439823;-0.1904965;3.177058;
HipLeft;-0.4374121;-0.173397;3.103385;
KneeRight;-0.5252683;-0.6510243;3.27992;
KneeLeft;-0.1864812;-0.6889848;3.160799;
AnkleRight;-0.6776463;-1.059029;3.222936;
AnkleLeft;-0.09481496;-1.037113;3.154982;
FootRight;-0.6139841;-1.100898;3.152448;
FootLeft;-0.0009619195;-1.062353;3.153732;
Head;-0.2614661;0.5314574;3.203285;
ShoulderCenter;-0.3551967;0.3620484;3.174478;
ShoulderRight;-0.236986;0.1590142;3.205642;
ShoulderLeft;-0.4266284;0.2344732;3.060859;
ElbowRight;-0.2160222;-0.1123941;3.158897;
ElbowLeft;-0.533026;-0.02612171;2.976895;
WristRight;-0.1859212;-0.2356314;3.400842;
WristLeft;-0.5705422;-0.2489614;2.976405;
HandRight;-0.153664;-0.2952169;3.413052;
HandLeft;-0.5962961;-0.3375065;2.989553;
Spine;-0.3982401;-0.07016159;3.188066;
HipCenter;-0.3659245;-0.1525815;3.143261;
HipRight;-0.318283;-0.2203521;3.174608;
HipLeft;-0.4155059;-0.1981721;3.10139;
KneeRight;-0.5222168;-0.6547918;3.290241;
KneeLeft;-0.2961229;-0.6490749;3.187969;
AnkleRight;-0.6777437;-1.057415;3.223089;
AnkleLeft;0.01107335;-1.029772;3.167646;
FootRight;-0.6182268;-1.100798;3.149506;
FootLeft;0.1073521;-1.052659;3.159253;
Head;-0.2271915;0.5339829;3.193465;
ShoulderCenter;-0.3086862;0.3572047;3.171175;
ShoulderRight;-0.197661;0.1841662;3.241635;
ShoulderLeft;-0.3731924;0.2263111;3.062982;
ElbowRight;-0.286135;-0.01385226;3.160607;
ElbowLeft;-0.47632;-0.0426605;2.992401;
WristRight;-0.1739423;-0.1782212;3.357762;
WristLeft;-0.5224542;-0.2701883;2.992758;
HandRight;-0.08543412;-0.3427047;3.51556;
HandLeft;-0.5568655;-0.356121;3.001094;
Spine;-0.3498013;-0.07577818;3.178941;
HipCenter;-0.3114275;-0.158455;3.13904;
HipRight;-0.2681007;-0.2202202;3.172704;
HipLeft;-0.3556562;-0.2056171;3.095418;
KneeRight;-0.4909163;-0.6600682;3.306796;
KneeLeft;-0.2562078;-0.6514835;3.180829;
AnkleRight;-0.6763545;-1.047997;3.22284;
AnkleLeft;0.02723695;-1.037687;3.168293;
FootRight;-0.633616;-1.106323;3.273236;
FootLeft;0.1288209;-1.059726;3.163892;
Head;-0.1550468;0.5282315;3.192564;
ShoulderCenter;-0.2414681;0.3516458;3.168354;
ShoulderRight;-0.1319699;0.1787663;3.238919;
ShoulderLeft;-0.31717;0.2200808;3.062468;
ElbowRight;-0.2246874;-0.01064338;3.155854;
ElbowLeft;-0.4261122;-0.04964113;2.98796;
WristRight;-0.1206966;-0.1793828;3.358356;
WristLeft;-0.4721125;-0.2903249;2.995991;
HandRight;-0.03521015;-0.3490767;3.519486;
HandLeft;-0.5046137;-0.3738328;3.008266;
Spine;-0.2800573;-0.0841811;3.185552;
HipCenter;-0.2440044;-0.1684254;3.147423;
HipRight;-0.1981805;-0.2275047;3.178902;
HipLeft;-0.2903575;-0.2178906;3.108427;
KneeRight;-0.4624877;-0.6742817;3.303572;
KneeLeft;-0.1969103;-0.6715656;3.181554;
AnkleRight;-0.6356606;-1.011755;3.228798;
AnkleLeft;0.03105065;-1.037942;3.170807;
FootRight;-0.5700762;-1.054954;3.162154;
FootLeft;0.1298765;-1.060683;3.164359;
Head;-0.1543979;0.5445916;3.182037;
ShoulderCenter;-0.1984554;0.3527171;3.168687;
ShoulderRight;-0.08894093;0.1575789;3.234956;
ShoulderLeft;-0.2717015;0.2212688;3.058759;
ElbowRight;-0.172059;-0.03842126;3.150847;
ElbowLeft;-0.3658656;-0.05526865;2.977708;
WristRight;-0.06711902;-0.2050211;3.358591;
WristLeft;-0.4079942;-0.2844397;2.986062;
HandRight;-0.04867008;-0.2619677;3.390491;
HandLeft;-0.4330506;-0.3722237;2.995435;
Spine;-0.2330802;-0.07213463;3.177142;
HipCenter;-0.1962017;-0.1528722;3.137966;
HipRight;-0.1537077;-0.2249832;3.175386;
HipLeft;-0.2415241;-0.1958089;3.090329;
KneeRight;-0.4447342;-0.6800079;3.309172;
KneeLeft;-0.308519;-0.5892197;3.285547;
AnkleRight;-0.6341894;-1.007102;3.231162;
AnkleLeft;-0.006216109;-0.9698679;3.187129;
FootRight;-0.6364562;-1.094664;3.223444;
FootLeft;0.06090665;-1.012533;3.12098;
Head;-0.07510387;0.5459683;3.189872;
ShoulderCenter;-0.1431494;0.3579986;3.167431;
ShoulderRight;-0.04187832;0.1862666;3.207786;
ShoulderLeft;-0.2196746;0.226689;3.057795;
ElbowRight;-0.179613;0.01013619;2.975895;
ElbowLeft;-0.3041423;-0.0559909;2.965853;
WristRight;-0.08105663;-0.1436873;3.200762;
WristLeft;-0.3350137;-0.2899683;2.98425;
HandRight;-0.04931949;-0.1941504;3.23229;
HandLeft;-0.3589099;-0.3706235;2.987859;
Spine;-0.1699412;-0.06848065;3.182918;
HipCenter;-0.1352301;-0.1495748;3.143329;
HipRight;-0.0917546;-0.2123836;3.174206;
HipLeft;-0.1770985;-0.1897713;3.104507;
KneeRight;-0.3947045;-0.6864893;3.305699;
KneeLeft;-0.3123517;-0.5927957;3.279171;
AnkleRight;-0.6081358;-0.9761119;3.224762;
AnkleLeft;-0.002508253;-0.9695568;3.187939;
FootRight;-0.6192695;-1.061599;3.238926;
FootLeft;0.05937704;-1.01198;3.117692;
Head;-0.03023553;0.5370831;3.207503;
ShoulderCenter;-0.09409916;0.3500236;3.1766;
ShoulderRight;0.01748895;0.150046;3.202717;
ShoulderLeft;-0.1827464;0.2320518;3.066968;
ElbowRight;-0.1197571;-0.02545948;2.971567;
ElbowLeft;-0.2398974;-0.04813525;2.96182;
WristRight;-0.02626403;-0.1729954;3.201035;
WristLeft;-0.2497048;-0.3296066;2.995659;
HandRight;0.004417844;-0.2234799;3.168426;
HandLeft;-0.2576647;-0.3944913;2.978925;
Spine;-0.1163425;-0.06928593;3.188594;
HipCenter;-0.08526579;-0.1479681;3.145526;
HipRight;-0.03688685;-0.2111428;3.170146;
HipLeft;-0.1353587;-0.1932375;3.110323;
KneeRight;-0.05463791;-0.6513615;3.224911;
KneeLeft;-0.2498277;-0.5647076;3.271305;
AnkleRight;-0.4668929;-0.9112779;3.244846;
AnkleLeft;-0.03849217;-1.00642;3.228203;
FootRight;-0.4107378;-0.9536404;3.168689;
FootLeft;0.07003654;-1.053839;3.214527;
Head;0.05083213;0.5200869;3.19941;
ShoulderCenter;-0.06483994;0.3605551;3.17931;
ShoulderRight;0.04674817;0.1605775;3.205427;
ShoulderLeft;-0.1412988;0.2375431;3.072903;
ElbowRight;-0.09000294;-0.01429504;2.97503;
ElbowLeft;-0.1711672;-0.02158151;2.973364;
WristRight;0.009412698;-0.1662053;3.198081;
WristLeft;-0.1657732;-0.3086817;3.001223;
HandRight;0.03802506;-0.2171483;3.165083;
HandLeft;-0.1698824;-0.3956372;2.977892;
Spine;-0.05496905;-0.06455282;3.206801;
HipCenter;-0.02004367;-0.1448587;3.169928;
HipRight;0.03094845;-0.2007823;3.190688;
HipLeft;-0.06366568;-0.1900912;3.144162;
KneeRight;-0.04105748;-0.6524282;3.230208;
KneeLeft;-0.2244602;-0.5505727;3.283608;
AnkleRight;-0.4305256;-0.9370512;3.274609;
AnkleLeft;-0.03951521;-1.001298;3.225851;
FootRight;-0.4275905;-1.037257;3.338933;
FootLeft;0.06792095;-1.051342;3.213992;
Head;0.06087177;0.5477089;3.191337;
ShoulderCenter;-0.02174404;0.3700063;3.181518;
ShoulderRight;0.1100865;0.1698876;3.206185;
ShoulderLeft;-0.09057181;0.2465611;3.08338;
ElbowRight;-0.02621891;-0.00441508;2.976477;
ElbowLeft;-0.1035101;0.01038069;2.981059;
WristRight;0.06944836;-0.1578386;3.198886;
WristLeft;-0.01682391;-0.2460772;3.00545;
HandRight;0.09792519;-0.2085403;3.166044;
HandLeft;-0.02093317;-0.3330326;2.982119;
Spine;-0.001389708;-0.0459577;3.223458;
HipCenter;0.03043379;-0.1258355;3.191385;
HipRight;0.08582344;-0.182398;3.220916;
HipLeft;-0.01387145;-0.1806049;3.160668;
KneeRight;-0.01665764;-0.6557709;3.244307;
KneeLeft;-0.1662644;-0.5628948;3.235873;
AnkleRight;-0.3495798;-0.9139425;3.283899;
AnkleLeft;-0.02621016;-1.02857;3.202321;
FootRight;-0.3219573;-1.025267;3.320728;
FootLeft;0.08769522;-1.067711;3.204778;
Head;0.1140869;0.5470611;3.192158;
ShoulderCenter;0.01947831;0.3767353;3.173056;
ShoulderRight;0.1424571;0.1748239;3.204412;
ShoulderLeft;-0.05005586;0.2494323;3.080958;
ElbowRight;0.006594315;0.001087189;2.975392;
ElbowLeft;-0.02910091;-0.02078329;2.983903;
WristRight;0.1018035;-0.1521805;3.196887;
WristLeft;0.05511265;-0.2558868;2.998859;
HandRight;0.1301568;-0.2026623;3.164187;
HandLeft;0.07144892;-0.3362582;3.010809;
Spine;0.02571401;-0.04035588;3.222615;
HipCenter;0.05384779;-0.1224572;3.1961;
HipRight;0.106304;-0.1782602;3.224126;
HipLeft;0.01084132;-0.1743938;3.169592;
KneeRight;0.0844235;-0.63538;3.179038;
KneeLeft;-0.1360382;-0.5598795;3.22965;
AnkleRight;-0.2651939;-0.9281263;3.286088;
AnkleLeft;-0.01419943;-1.028883;3.195011;
FootRight;-0.2139967;-1.025898;3.336012;
FootLeft;0.09890232;-1.071161;3.204676;
Head;0.1349707;0.5687996;3.191736;
ShoulderCenter;0.06051251;0.387239;3.173999;
ShoulderRight;0.1953278;0.1731425;3.21362;
ShoulderLeft;-0.009308936;0.257924;3.087129;
ElbowRight;0.05836107;-0.00200583;2.982988;
ElbowLeft;0.02390332;0.03074816;2.975759;
WristRight;0.1512179;-0.1428684;3.215914;
WristLeft;0.120391;-0.1826377;2.994595;
HandRight;0.1799172;-0.1939663;3.182815;
HandLeft;0.1732814;-0.256673;2.990896;
Spine;0.08365075;-0.03405485;3.232925;
HipCenter;0.1100969;-0.1179476;3.212279;
HipRight;0.1645748;-0.1916615;3.249557;
HipLeft;0.06618475;-0.160374;3.180328;
KneeRight;-0.02340323;-0.7162868;3.335908;
KneeLeft;-0.106086;-0.5389137;3.213382;
AnkleRight;-0.1877784;-1.034513;3.302884;
AnkleLeft;-0.003449902;-1.012529;3.182687;
FootRight;-0.07300588;-1.053948;3.341334;
FootLeft;0.1025393;-1.069531;3.206053;
Head;0.1837226;0.5798414;3.210582;
ShoulderCenter;0.1019273;0.3991729;3.179512;
ShoulderRight;0.2304703;0.1833671;3.218609;
ShoulderLeft;0.03104791;0.2677111;3.085299;
ElbowRight;0.09374779;0.008530974;2.988452;
ElbowLeft;0.08739849;0.02832885;2.978075;
WristRight;0.1863574;-0.132276;3.220915;
WristLeft;0.2547262;-0.2186883;2.987405;
HandRight;0.2148666;-0.1830353;3.188035;
HandLeft;0.2948064;-0.3091058;2.97141;
Spine;0.09427737;-0.03034704;3.225156;
HipCenter;0.1169632;-0.1155902;3.207193;
HipRight;0.1829193;-0.1859696;3.227691;
HipLeft;0.06717253;-0.1527671;3.180516;
KneeRight;0.2416141;-0.6354628;3.356301;
KneeLeft;0.08660904;-0.6356094;3.165866;
AnkleRight;-0.04983678;-0.9354842;3.310158;
AnkleLeft;0.06041574;-1.026947;3.170803;
FootRight;-0.02325291;-1.022064;3.312943;
FootLeft;0.1192314;-1.093729;3.187874;
Head;0.2202416;0.5812658;3.220022;
ShoulderCenter;0.1504352;0.395055;3.189727;
ShoulderRight;0.2818493;0.1800396;3.229294;
ShoulderLeft;0.07594611;0.2697606;3.09358;
ElbowRight;0.145405;0.0055594;2.999482;
ElbowLeft;0.1591279;0.03149024;2.984465;
WristRight;0.2377333;-0.1351835;3.231316;
WristLeft;0.3502595;-0.198024;2.963855;
HandRight;0.2660396;-0.1855817;3.19867;
HandLeft;0.4064378;-0.2561857;2.94946;
Spine;0.1547185;-0.02662817;3.210285;
HipCenter;0.1761897;-0.1089199;3.188078;
HipRight;0.2193624;-0.1812925;3.210866;
HipLeft;0.1344973;-0.1459341;3.163589;
KneeRight;0.2761373;-0.654315;3.358721;
KneeLeft;0.09509975;-0.6361736;3.169694;
AnkleRight;0.1692489;-1.003947;3.325377;
AnkleLeft;0.06502583;-1.024295;3.177437;
FootRight;0.2012474;-1.089925;3.356289;
FootLeft;0.1220661;-1.092655;3.188756;
Head;0.2681777;0.579354;3.221781;
ShoulderCenter;0.1783773;0.4013806;3.191877;
ShoulderRight;0.3095834;0.1863513;3.231414;
ShoulderLeft;0.1136549;0.2779265;3.094747;
ElbowRight;0.1734379;0.01225317;3.001988;
ElbowLeft;0.2205631;0.03603228;2.984516;
WristRight;0.4032987;-0.1698324;2.933537;
WristLeft;0.4339248;-0.1696499;2.937571;
HandRight;0.4316495;-0.2203098;2.90084;
HandLeft;0.4830112;-0.2144979;2.937726;
Spine;0.202014;-0.009558514;3.230429;
HipCenter;0.2241253;-0.09081306;3.215088;
HipRight;0.2707231;-0.157696;3.2393;
HipLeft;0.185743;-0.1341968;3.192569;
KneeRight;0.3358154;-0.6382684;3.367451;
KneeLeft;0.1159636;-0.6372065;3.181036;
AnkleRight;0.2569444;-1.025712;3.363145;
AnkleLeft;0.06681876;-1.021396;3.179148;
FootRight;0.327595;-1.071917;3.390267;
FootLeft;0.1218681;-1.089694;3.192071;
Head;0.3175645;0.5837462;3.257871;
ShoulderCenter;0.2373072;0.4001062;3.207832;
ShoulderRight;0.3685797;0.1851028;3.247369;
ShoulderLeft;0.1534202;0.2775262;3.105348;
ElbowRight;0.2326466;0.01127627;3.018221;
ElbowLeft;0.2894259;0.03063481;2.9804;
WristRight;0.4560308;-0.1746846;2.939259;
WristLeft;0.513716;-0.1586263;2.935924;
HandRight;0.4844419;-0.2252693;2.906492;
HandLeft;0.5712737;-0.1914888;2.942768;
Spine;0.2327845;-0.002564691;3.230505;
HipCenter;0.2500166;-0.08273064;3.214133;
HipRight;0.2966821;-0.1522298;3.237953;
HipLeft;0.2068484;-0.1286099;3.189499;
KneeRight;0.3857478;-0.6379285;3.370583;
KneeLeft;0.1246265;-0.6398835;3.180196;
AnkleRight;0.3725584;-1.007322;3.36725;
AnkleLeft;0.06789474;-1.021509;3.179337;
FootRight;0.4469727;-1.056809;3.388104;
FootLeft;0.1200688;-1.09126;3.191968;
Head;0.3683163;0.572698;3.26377;
ShoulderCenter;0.2737157;0.3980798;3.212739;
ShoulderRight;0.4049883;0.1830764;3.252277;
ShoulderLeft;0.1990499;0.2692904;3.114916;
ElbowRight;0.2691733;0.009400845;3.023284;
ElbowLeft;0.3416629;0.03294121;2.974905;
WristRight;0.5310719;-0.1196764;2.951996;
WristLeft;0.5543787;-0.1247477;2.937328;
HandRight;0.665954;-0.1535351;2.965822;
HandLeft;0.637525;-0.1563348;2.953618;
Spine;0.2749281;-0.01840889;3.227765;
HipCenter;0.2916547;-0.1003583;3.21001;
HipRight;0.3422444;-0.1682864;3.220906;
HipLeft;0.2423645;-0.1380631;3.194015;
KneeRight;0.4366204;-0.6449919;3.356269;
KneeLeft;0.1700208;-0.630588;3.186538;
AnkleRight;0.4920139;-1.006186;3.369263;
AnkleLeft;0.06798641;-1.021444;3.179288;
FootRight;0.5973635;-1.045858;3.410754;
FootLeft;0.1213183;-1.09129;3.191157;
Head;0.4071336;0.5590113;3.211372;
ShoulderCenter;0.3236008;0.3827798;3.208238;
ShoulderRight;0.4548733;0.1677765;3.247776;
ShoulderLeft;0.253843;0.254009;3.118991;
ElbowRight;0.3192218;-0.005690023;3.01901;
ElbowLeft;0.3971437;0.02643979;2.963481;
WristRight;0.5939729;-0.1142259;2.973367;
WristLeft;0.6150943;-0.1021039;2.951094;
HandRight;0.6468844;-0.08885518;2.941551;
HandLeft;0.6997351;-0.1330656;2.956835;
Spine;0.3086481;-0.07639418;3.240355;
HipCenter;0.319959;-0.1685145;3.227934;
HipRight;0.3768267;-0.2377504;3.235782;
HipLeft;0.2624372;-0.1982784;3.220925;
KneeRight;0.4883279;-0.66347;3.360153;
KneeLeft;0.1896576;-0.6322326;3.193344;
AnkleRight;0.6352291;-1.012237;3.384347;
AnkleLeft;0.06889167;-1.021096;3.179896;
FootRight;0.7474844;-1.037089;3.418307;
FootLeft;0.1166219;-1.095727;3.17795;
Head;0.4511234;0.5553982;3.211106;
ShoulderCenter;0.3665297;0.3827852;3.222248;
ShoulderRight;0.4978022;0.1677818;3.261786;
ShoulderLeft;0.294147;0.2483978;3.122572;
ElbowRight;0.3622366;-0.005574778;3.033143;
ElbowLeft;0.4478571;0.02752532;2.967855;
WristRight;0.6411164;-0.09753019;2.97494;
WristLeft;0.6685181;-0.09087743;2.958235;
HandRight;0.6993467;-0.1228895;2.99607;
HandLeft;0.7356062;-0.1314476;2.964044;
Spine;0.3308823;-0.06694942;3.228605;
HipCenter;0.3420517;-0.1559274;3.211025;
HipRight;0.3824412;-0.2345745;3.234105;
HipLeft;0.300115;-0.1835085;3.175042;
KneeRight;0.5367366;-0.6536517;3.368084;
KneeLeft;0.2039012;-0.6469139;3.189011;
AnkleRight;0.7408873;-1.010861;3.396689;
AnkleLeft;0.06892737;-1.020898;3.180131;
FootRight;0.8506095;-1.025482;3.418213;
FootLeft;0.1155457;-1.095845;3.179537;
Head;0.5087646;0.5565631;3.236177;
ShoulderCenter;0.4174763;0.3799074;3.218833;
ShoulderRight;0.5487488;0.164904;3.258371;
ShoulderLeft;0.3461109;0.2489111;3.139422;
ElbowRight;0.4133486;-0.008241057;3.029959;
ElbowLeft;0.4662592;0.0262771;2.967893;
WristRight;0.6934754;-0.1001077;2.983804;
WristLeft;0.7344347;-0.09095804;2.96464;
HandRight;0.7546502;-0.08568221;3.007195;
HandLeft;0.7983708;-0.1084143;2.97489;
Spine;0.3818139;-0.05190901;3.22782;
HipCenter;0.3885434;-0.1379844;3.209781;
HipRight;0.4279164;-0.2133779;3.229403;
HipLeft;0.3402615;-0.1707735;3.184451;
KneeRight;0.5551701;-0.6511648;3.374592;
KneeLeft;0.2385646;-0.6411722;3.186526;
AnkleRight;0.7089452;-1.010911;3.384987;
AnkleLeft;0.07381466;-1.02096;3.185365;
FootRight;0.8247725;-1.028849;3.409174;
FootLeft;0.1303103;-1.088693;3.192088;
Head;0.5583923;0.5443037;3.263855;
ShoulderCenter;0.4653849;0.3655356;3.228268;
ShoulderRight;0.4487111;0.1787585;3.046085;
ShoulderLeft;0.3765909;0.2457342;3.144667;
ElbowRight;0.6538359;0.01919129;3.009796;
ElbowLeft;0.4981569;0.03110815;2.985189;
WristRight;0.8244781;-0.1161809;2.957563;
WristLeft;0.736955;-0.09016284;2.963866;
HandRight;0.8748724;-0.1530916;2.983383;
HandLeft;0.8221029;-0.11895;2.980714;
Spine;0.4496307;-0.08127304;3.219654;
HipCenter;0.4261767;-0.1682692;3.204319;
HipRight;0.4314755;-0.213132;3.227553;
HipLeft;0.4089814;-0.1790704;3.181489;
KneeRight;0.6209671;-0.6469685;3.381604;
KneeLeft;0.3616822;-0.6528293;3.236546;
AnkleRight;0.7234581;-1.001796;3.388637;
AnkleLeft;0.08179311;-1.011442;3.178746;
FootRight;0.6516026;-1.046276;3.328182;
FootLeft;0.1286968;-1.086187;3.182454;
Head;0.609984;0.5479212;3.267617;
ShoulderCenter;0.5180406;0.3692581;3.248967;
ShoulderRight;0.4972874;0.1691337;3.060297;
ShoulderLeft;0.4502827;0.2415923;3.145291;
ElbowRight;0.6988557;0.002307072;3.022015;
ElbowLeft;0.5406667;0.02567618;2.999786;
WristRight;0.8708293;-0.1338277;2.96943;
WristLeft;0.7794609;-0.09549461;2.978144;
HandRight;0.9154502;-0.1768203;2.99688;
HandLeft;0.8397418;-0.1259164;2.983944;
Spine;0.5174155;-0.09931399;3.242023;
HipCenter;0.4941331;-0.1911653;3.22991;
HipRight;0.5069043;-0.2295921;3.246868;
HipLeft;0.47925;-0.2022413;3.209941;
KneeRight;0.6539946;-0.6525503;3.388591;
KneeLeft;0.346847;-0.6583471;3.196289;
AnkleRight;0.7357038;-0.9974126;3.389744;
AnkleLeft;0.08877978;-1.01588;3.182883;
FootRight;0.6570283;-1.042829;3.339806;
FootLeft;0.1388814;-1.088208;3.18764;
Head;0.6585094;0.5500494;3.289592;
ShoulderCenter;0.5590824;0.373425;3.26065;
ShoulderRight;0.5383292;0.1733006;3.07198;
ShoulderLeft;0.4794239;0.2432169;3.161834;
ElbowRight;0.7305193;-0.004075825;3.034717;
ElbowLeft;0.5964491;0.01187966;3.011055;
WristRight;0.8995793;-0.1720257;3.005843;
WristLeft;0.8166502;-0.1291694;2.989912;
HandRight;0.9477022;-0.1453659;3.045715;
HandLeft;0.9018452;-0.1533417;3.013017;
Spine;0.6079053;-0.05837739;3.264107;
HipCenter;0.5938392;-0.1457475;3.253827;
HipRight;0.605175;-0.1856033;3.275492;
HipLeft;0.5865954;-0.1734337;3.2292;
KneeRight;0.7188932;-0.6581758;3.41005;
KneeLeft;0.4463936;-0.6168248;3.207994;
AnkleRight;0.7486864;-1.008549;3.39238;
AnkleLeft;0.1448011;-0.9850607;3.184294;
FootRight;0.7945388;-1.083226;3.402733;
FootLeft;0.1470031;-1.073224;3.181353;
Head;0.7104926;0.5559462;3.319205;
ShoulderCenter;0.6157177;0.3758607;3.289092;
ShoulderRight;0.5949646;0.1757363;3.100422;
ShoulderLeft;0.5279577;0.2455612;3.179638;
ElbowRight;0.7658503;-0.02065027;3.045485;
ElbowLeft;0.6183908;0.008829008;3.018766;
WristRight;0.9338314;-0.1882995;3.016595;
WristLeft;0.8311009;-0.1427002;2.999717;
HandRight;0.9898251;-0.2441826;3.011973;
HandLeft;0.9074942;-0.1710798;3.015523;
Spine;0.6317533;-0.05483552;3.269155;
HipCenter;0.6158084;-0.139545;3.251902;
HipRight;0.6325896;-0.1881057;3.280292;
HipLeft;0.6030968;-0.1700689;3.217821;
KneeRight;0.7356401;-0.6506045;3.398259;
KneeLeft;0.4992029;-0.6381593;3.188601;
AnkleRight;0.7498181;-1.001164;3.393141;
AnkleLeft;0.1961339;-0.9439222;3.179469;
FootRight;0.6824581;-1.046136;3.329141;
FootLeft;0.1791961;-1.029805;3.173458;
Head;0.7874503;0.5521766;3.367547;
ShoulderCenter;0.6694793;0.3856057;3.308495;
ShoulderRight;0.6487261;0.1854813;3.119824;
ShoulderLeft;0.5549984;0.2562692;3.188026;
ElbowRight;0.5114216;0.009900913;2.888617;
ElbowLeft;0.6400872;0.01436371;3.033813;
WristRight;0.7800432;-0.08469971;2.96983;
WristLeft;0.8649137;-0.1772342;3.016692;
HandRight;0.8695838;-0.1162332;3.00191;
HandLeft;0.9138021;-0.2260643;3.017178;
Spine;0.6925923;-0.06666707;3.285069;
HipCenter;0.6803208;-0.1542801;3.257891;
HipRight;0.7008449;-0.1944326;3.266103;
HipLeft;0.6609061;-0.1693786;3.242964;
KneeRight;0.7913235;-0.6670966;3.394589;
KneeLeft;0.5809328;-0.6274948;3.204118;
AnkleRight;0.7533777;-1.014812;3.39167;
AnkleLeft;0.2564685;-0.9162032;3.181191;
FootRight;0.826239;-1.062271;3.398412;
FootLeft;0.2820789;-1.000407;3.185086;
Head;0.8206099;0.5651639;3.386194;
ShoulderCenter;0.7009649;0.4001421;3.318204;
ShoulderRight;0.6802118;0.2000177;3.129534;
ShoulderLeft;0.6259395;0.2631777;3.203214;
ElbowRight;0.5430217;0.02458365;2.898464;
ElbowLeft;0.6723127;0.02094551;3.052111;
WristRight;0.8114104;-0.07003891;2.979508;
WristLeft;0.861032;-0.1804943;3.022349;
HandRight;0.9008734;-0.1015798;3.011536;
HandLeft;0.9108891;-0.2560734;3.039562;
Spine;0.6928489;-0.06397198;3.265914;
HipCenter;0.6675516;-0.1493582;3.232172;
HipRight;0.6851483;-0.1918487;3.251467;
HipLeft;0.6455104;-0.1655694;3.192456;
KneeRight;0.8137139;-0.6783952;3.360525;
KneeLeft;0.6758155;-0.6174257;3.22377;
AnkleRight;0.7637604;-1.019206;3.394166;
AnkleLeft;0.3523535;-0.9004744;3.192035;
FootRight;0.6962978;-1.061943;3.32933;
FootLeft;0.2848908;-0.9432116;3.127199;
Head;0.8315571;0.5132685;3.37973;
ShoulderCenter;0.7347695;0.3352821;3.316946;
ShoulderRight;0.7140163;0.1351577;3.128276;
ShoulderLeft;0.6550902;0.2703844;3.214991;
ElbowRight;0.5770927;-0.03993553;2.897598;
ElbowLeft;0.6931568;0.01718675;3.063565;
WristRight;0.8449391;-0.1346086;2.978283;
WristLeft;0.8576056;-0.2193183;3.058312;
HandRight;0.9342213;-0.1661664;3.010192;
HandLeft;0.8986073;-0.2923005;3.057059;
Spine;0.692758;-0.07214426;3.275037;
HipCenter;0.6666652;-0.1526302;3.240797;
HipRight;0.6807317;-0.2022412;3.258592;
HipLeft;0.6443129;-0.1736677;3.217614;
KneeRight;0.7714006;-0.7549122;3.39226;
KneeLeft;0.7370855;-0.6308319;3.234339;
AnkleRight;0.7678276;-0.9995946;3.389626;
AnkleLeft;0.4382798;-0.9016776;3.191571;
FootRight;0.7108395;-1.041541;3.315081;
FootLeft;0.3812917;-0.943624;3.117026;
Head;0.9369302;0.5750597;3.398224;
ShoulderCenter;0.7924188;0.431056;3.345024;
ShoulderRight;0.7716656;0.2309316;3.156354;
ShoulderLeft;0.7106226;0.2858697;3.22908;
ElbowRight;0.6347085;0.05579554;2.925616;
ElbowLeft;0.7343159;0.008118123;3.089069;
WristRight;0.9026231;-0.03887124;3.006341;
WristLeft;0.8479427;-0.2473579;3.077484;
HandRight;0.9919279;-0.07042684;3.038265;
HandLeft;0.8836479;-0.304049;3.065686;
Spine;0.8316231;-0.0360842;3.336708;
HipCenter;0.8130978;-0.1286942;3.315974;
HipRight;0.8243322;-0.1593849;3.324954;
HipLeft;0.8034472;-0.1408788;3.303617;
KneeRight;0.7491296;-0.5886291;3.412685;
KneeLeft;0.8151715;-0.6260715;3.25161;
AnkleRight;0.7656576;-0.9993426;3.389605;
AnkleLeft;0.5557516;-0.9200277;3.218191;
FootRight;0.8153255;-1.069269;3.407061;
FootLeft;0.6079904;-1.018385;3.258449;
Head;0.9541368;0.5779462;3.404577;
ShoulderCenter;0.8152819;0.4281484;3.344102;
ShoulderRight;0.7945287;0.228024;3.155432;
ShoulderLeft;0.7407481;0.2851157;3.235478;
ElbowRight;0.6575806;0.05289941;2.924681;
ElbowLeft;0.7466265;0.007784545;3.092104;
WristRight;0.925477;-0.0417691;3.005381;
WristLeft;0.8387583;-0.2403188;3.081646;
HandRight;1.014776;-0.07332528;3.037301;
HandLeft;0.8424039;-0.3084267;3.081129;
Spine;0.8553399;-0.03762821;3.328489;
HipCenter;0.8348342;-0.1300268;3.30922;
HipRight;0.8459868;-0.1605981;3.316764;
HipLeft;0.8251466;-0.1409827;3.297945;
KneeRight;0.7738614;-0.5974596;3.412982;
KneeLeft;0.9035095;-0.6211762;3.26358;
AnkleRight;0.7936817;-1.000099;3.365111;
AnkleLeft;0.6596001;-0.9206016;3.238086;
FootRight;0.7188629;-1.046358;3.312362;
FootLeft;0.6482546;-1.006749;3.245207;
Head;1.006552;0.5786959;3.417589;
ShoulderCenter;0.8805641;0.417051;3.358659;
ShoulderRight;0.8598109;0.2169266;3.169988;
ShoulderLeft;0.7941883;0.3101318;3.260764;
ElbowRight;0.7229173;0.0418717;2.939304;
ElbowLeft;0.780339;0.03545126;3.112076;
WristRight;0.9907026;-0.05280703;3.019923;
WristLeft;0.8332585;-0.2466079;3.08736;
HandRight;1.079964;-0.0843666;3.051819;
HandLeft;0.8328089;-0.3148871;3.084232;
Spine;0.8981767;-0.0368051;3.320698;
HipCenter;0.8743117;-0.1243076;3.294869;
HipRight;0.8912768;-0.1565647;3.294081;
HipLeft;0.8566511;-0.1424392;3.287846;
KneeRight;0.824138;-0.6374833;3.427754;
KneeLeft;0.9773471;-0.6342607;3.262874;
AnkleRight;0.7288349;-1.007979;3.365563;
AnkleLeft;0.7866872;-0.9926203;3.263225;
FootRight;0.6595063;-1.051751;3.304252;
FootLeft;0.8465494;-1.057723;3.261926;
Head;1.045404;0.5986704;3.409478;
ShoulderCenter;0.9305835;0.4274728;3.366051;
ShoulderRight;0.9098303;0.2273484;3.17738;
ShoulderLeft;0.8224851;0.3001038;3.25724;
ElbowRight;0.7719284;0.05100416;2.945218;
ElbowLeft;0.7997007;0.03316553;3.103581;
WristRight;1.041765;-0.04347963;3.027199;
WristLeft;0.8301368;-0.1878877;3.08544;
HandRight;1.131711;-0.07497422;3.059548;
HandLeft;0.8274738;-0.2803239;3.086666;
Spine;0.9432462;-0.04248115;3.337161;
HipCenter;0.9229887;-0.1322321;3.305604;
HipRight;0.9419143;-0.1589005;3.308408;
HipLeft;0.9024349;-0.1541044;3.296045;
KneeRight;0.8876193;-0.6153111;3.399777;
KneeLeft;1.052421;-0.6313008;3.275261;
AnkleRight;0.7923163;-0.9858065;3.33759;
AnkleLeft;0.8414617;-1.004894;3.298438;
FootRight;0.7978734;-1.06874;3.363745;
FootLeft;0.9480135;-1.047239;3.271016;
Head;1.091609;0.5782083;3.427677;
ShoulderCenter;0.9708902;0.4109241;3.368974;
ShoulderRight;0.950137;0.2107997;3.180304;
ShoulderLeft;0.8716333;0.2837876;3.260644;
ElbowRight;0.811415;0.03340662;2.946933;
ElbowLeft;0.8240936;0.03620883;3.114197;
WristRight;0.8357822;-0.2231458;3.092588;
WristLeft;0.8472753;-0.2202376;3.105135;
HandRight;0.799866;-0.2718986;3.061014;
HandLeft;0.8130803;-0.3058582;3.099098;
Spine;0.9517429;-0.04330384;3.33615;
HipCenter;0.9268458;-0.1298066;3.302967;
HipRight;0.943943;-0.1611755;3.309453;
HipLeft;0.9100401;-0.1472194;3.282292;
KneeRight;0.8431811;-0.7041026;3.428292;
KneeLeft;1.129819;-0.6054963;3.302189;
AnkleRight;0.7522558;-1.038931;3.384202;
AnkleLeft;0.9986584;-1.001017;3.265423;
FootRight;0.6940963;-1.081275;3.311343;
FootLeft;0.9404988;-1.043361;3.192564;
Head;1.149677;0.5868588;3.444839;
ShoulderCenter;1.029304;0.4177569;3.396291;
ShoulderRight;1.008551;0.2176325;3.207621;
ShoulderLeft;0.9182808;0.2780085;3.266807;
ElbowRight;0.8690678;0.03926614;2.97309;
ElbowLeft;0.8526921;0.02860537;3.12199;
WristRight;0.8465452;-0.2266686;3.106431;
WristLeft;0.8479763;-0.2219771;3.105015;
HandRight;0.8017875;-0.3361315;3.145231;
HandLeft;0.8138092;-0.3078804;3.100187;
Spine;1.001891;-0.05183546;3.348751;
HipCenter;0.9774837;-0.1366494;3.30478;
HipRight;0.9944561;-0.1694496;3.308891;
HipLeft;0.9531426;-0.153664;3.290511;
KneeRight;0.8494357;-0.7032838;3.425955;
KneeLeft;1.15484;-0.6229576;3.305762;
AnkleRight;0.7617983;-1.038275;3.381503;
AnkleLeft;1.168926;-0.9962468;3.251716;
FootRight;0.7216387;-1.079647;3.297017;
FootLeft;1.267176;-1.051933;3.255399;
Head;1.202799;0.5662118;3.43672;
ShoulderCenter;1.081331;0.396766;3.385944;
ShoulderRight;1.060578;0.1966416;3.197273;
ShoulderLeft;0.9477957;0.2766515;3.278757;
ElbowRight;0.9203785;0.0173596;2.961653;
ElbowLeft;0.901446;0.02644245;3.137792;
WristRight;0.8614185;-0.2348522;3.111265;
WristLeft;0.8883067;-0.2286871;3.11698;
HandRight;0.8306774;-0.3127467;3.151277;
HandLeft;0.8509401;-0.313586;3.113912;
Spine;1.012632;-0.05747417;3.351449;
HipCenter;0.982133;-0.139012;3.306934;
HipRight;1.000649;-0.1774848;3.304091;
HipLeft;0.9596438;-0.1575565;3.302789;
KneeRight;0.9360914;-0.5956848;3.420851;
KneeLeft;1.190324;-0.5551847;3.31081;
AnkleRight;0.7825593;-1.009236;3.381204;
AnkleLeft;1.268032;-0.9776001;3.272119;
FootRight;0.7401368;-1.050695;3.297453;
FootLeft;1.372433;-1.020207;3.276247;
Head;1.262855;0.5471933;3.423736;
ShoulderCenter;1.128067;0.3882297;3.397192;
ShoulderRight;1.107314;0.1881053;3.208521;
ShoulderLeft;1.020762;0.2577603;3.283153;
ElbowRight;0.9663576;0.007854745;2.971765;
ElbowLeft;0.9497455;-0.01057699;3.152424;
WristRight;0.9170436;-0.2456334;3.12562;
WristLeft;0.9108686;-0.2344231;3.157617;
HandRight;0.8881342;-0.2924256;3.166595;
HandLeft;0.8747047;-0.3198487;3.155291;
Spine;1.084343;-0.06969507;3.360561;
HipCenter;1.050074;-0.1506589;3.31754;
HipRight;1.06367;-0.1915678;3.29083;
HipLeft;1.027203;-0.1733609;3.333045;
KneeRight;0.9409521;-0.605545;3.433114;
KneeLeft;1.201646;-0.5572948;3.324167;
AnkleRight;0.7891444;-1.005811;3.376753;
AnkleLeft;1.397862;-0.9842281;3.284496;
FootRight;0.7396271;-1.047467;3.297224;
FootLeft;1.512279;-1.012569;3.287246;
Head;1.309253;0.547726;3.428697;
ShoulderCenter;1.181917;0.3809167;3.392647;
ShoulderRight;1.161164;0.1807923;3.203976;
ShoulderLeft;1.079847;0.2486312;3.287714;
ElbowRight;1.019418;-0.0004682392;2.966044;
ElbowLeft;0.9872248;-0.02010267;3.159189;
WristRight;0.957279;-0.2450978;3.131488;
WristLeft;0.9403834;-0.2437772;3.163844;
HandRight;0.8906935;-0.3824899;3.212762;
HandLeft;0.9041571;-0.3293504;3.161513;
Spine;1.119609;-0.07658701;3.360651;
HipCenter;1.077756;-0.1559262;3.319202;
HipRight;1.090008;-0.198647;3.291538;
HipLeft;1.053557;-0.1768592;3.336132;
KneeRight;0.9655638;-0.6133642;3.442836;
KneeLeft;1.236184;-0.5565252;3.343765;
AnkleRight;0.8012571;-0.994246;3.370638;
AnkleLeft;1.455433;-0.9720986;3.28807;
FootRight;0.8268324;-1.07638;3.386079;
FootLeft;1.554081;-1.012808;3.267867;
Head;1.371185;0.5273743;3.440492;
ShoulderCenter;1.233128;0.3681751;3.388628;
ShoulderRight;1.212374;0.1680507;3.199958;
ShoulderLeft;1.123817;0.2396768;3.288074;
ElbowRight;1.07018;-0.01378304;2.961361;
ElbowLeft;1.08655;0.01047652;3.173994;
WristRight;1.014635;-0.2391224;3.153734;
WristLeft;1.009907;-0.2064912;3.158823;
HandRight;0.9532803;-0.3574289;3.23024;
HandLeft;0.973627;-0.292192;3.156489;
Spine;1.171375;-0.071733;3.36287;
HipCenter;1.129088;-0.1472241;3.321177;
HipRight;1.14103;-0.2029069;3.280385;
HipLeft;1.100115;-0.1723601;3.348831;
KneeRight;1.007164;-0.630492;3.457909;
KneeLeft;1.327548;-0.5608749;3.323314;
AnkleRight;0.8035626;-0.9946764;3.374276;
AnkleLeft;1.464541;-0.9868327;3.287643;
FootRight;0.8251061;-1.077662;3.392452;
FootLeft;1.554308;-1.013059;3.268075;
Head;1.425828;0.5236674;3.428784;
ShoulderCenter;1.285366;0.3657781;3.387663;
ShoulderRight;1.264613;0.1656537;3.198993;
ShoulderLeft;1.145541;0.2738874;3.3352;
ElbowRight;1.122485;-0.01609454;2.96046;
ElbowLeft;1.120097;-0.004253772;3.170129;
WristRight;1.121149;-0.1462755;3.160902;
WristLeft;1.04349;-0.2211194;3.15494;
HandRight;1.072368;-0.2135723;3.190436;
HandLeft;1.007157;-0.3069454;3.152603;
Spine;1.237096;-0.06382135;3.38012;
HipCenter;1.192825;-0.1388025;3.343359;
HipRight;1.205417;-0.2005008;3.304752;
HipLeft;1.16227;-0.1750439;3.370427;
KneeRight;1.028197;-0.6439695;3.461057;
KneeLeft;1.364272;-0.5710741;3.358956;
AnkleRight;0.8190501;-1.007119;3.388781;
AnkleLeft;1.482582;-0.9903392;3.297522;
FootRight;0.8350663;-1.091298;3.407853;
FootLeft;1.562562;-1.02028;3.277198;
Head;1.484275;0.5294304;3.420609;
ShoulderCenter;1.348591;0.3667417;3.37965;
ShoulderRight;1.327838;0.1666173;3.19098;
ShoulderLeft;1.241229;0.2324394;3.280307;
ElbowRight;1.185192;-0.01579426;2.951653;
ElbowLeft;1.178186;-0.006653692;3.161688;
WristRight;1.184374;-0.1453118;3.152841;
WristLeft;1.074859;-0.1721267;3.390409;
HandRight;1.135594;-0.2126087;3.182375;
HandLeft;1.03279;-0.272157;3.401144;
Spine;1.305482;-0.08280721;3.373873;
HipCenter;1.262285;-0.1624619;3.335345;
HipRight;1.272414;-0.215635;3.297516;
HipLeft;1.238913;-0.1904851;3.364049;
KneeRight;1.053371;-0.6628205;3.46812;
KneeLeft;1.462924;-0.5780872;3.334704;
AnkleRight;0.8317987;-0.992323;3.390767;
AnkleLeft;1.492597;-0.9833955;3.291615;
FootRight;0.8451807;-1.076931;3.409493;
FootLeft;1.433097;-1.025805;3.218797;
Head;1.578641;0.4869913;3.452158;
ShoulderCenter;1.398141;0.3763944;3.392213;
ShoulderRight;1.377388;0.17627;3.203543;
ShoulderLeft;1.287768;0.2390025;3.280503;
ElbowRight;1.234898;-0.005940542;2.96441;
ElbowLeft;1.240144;-0.01753067;3.165721;
WristRight;1.233924;-0.1356592;3.165349;
WristLeft;1.133113;-0.1840173;3.39168;
HandRight;1.185143;-0.202956;3.194883;
HandLeft;1.091157;-0.2831088;3.400379;
Spine;1.331103;-0.08105482;3.373066;
HipCenter;1.288746;-0.1594135;3.328391;
HipRight;1.30101;-0.2103066;3.28843;
HipLeft;1.261888;-0.1882105;3.35706;
KneeRight;1.132054;-0.6822168;3.476685;
KneeLeft;1.51902;-0.6050095;3.30854;
AnkleRight;0.871821;-0.9573404;3.392391;
AnkleLeft;1.496231;-0.9835159;3.292563;
FootRight;0.8255365;-1.018704;3.434759;
FootLeft;1.554284;-1.044546;3.267907;
Head;1.62614;0.4679723;3.435986;
ShoulderCenter;1.441598;0.3648118;3.369823;
ShoulderRight;1.379334;0.1935426;3.200408;
ShoulderLeft;1.324936;0.2382682;3.279003;
ElbowRight;1.237033;0.01157318;2.961562;
ElbowLeft;1.308272;-0.05912062;3.1664;
WristRight;1.23587;-0.1183866;3.162229;
WristLeft;1.196223;-0.2278359;3.387962;
HandRight;1.187089;-0.1856834;3.191763;
HandLeft;1.150433;-0.3318824;3.402457;
Spine;1.385777;-0.08708273;3.366125;
HipCenter;1.33339;-0.1656033;3.333384;
HipRight;1.344016;-0.1938784;3.316215;
HipLeft;1.319508;-0.176616;3.347313;
KneeRight;1.438868;-0.6107225;3.353444;
KneeLeft;1.517522;-0.6130664;3.308968;
AnkleRight;1.050586;-0.8706301;3.390017;
AnkleLeft;1.510546;-0.9775639;3.286905;
FootRight;0.9798878;-0.9132292;3.327868;
FootLeft;1.561767;-1.044038;3.26101;
Head;1.671529;0.4983146;3.434957;
ShoulderCenter;1.492495;0.3840212;3.378337;
ShoulderRight;1.43156;0.2245445;3.206799;
ShoulderLeft;1.378445;0.2518411;3.279574;
ElbowRight;1.289446;0.04281372;2.968241;
ElbowLeft;1.368136;-0.04688152;3.163676;
WristRight;1.288096;-0.08738466;3.168641;
WristLeft;1.233417;-0.20647;3.379142;
HandRight;1.239315;-0.1546815;3.198175;
HandLeft;1.192944;-0.2976984;3.376396;
Spine;1.449732;-0.05360549;3.372396;
HipCenter;1.399032;-0.129813;3.339909;
HipRight;1.403574;-0.1792981;3.295158;
HipLeft;1.380313;-0.1582781;3.37653;
KneeRight;1.389981;-0.5692352;3.42813;
KneeLeft;1.550455;-0.6102819;3.305143;
AnkleRight;1.078189;-0.9224246;3.435443;
AnkleLeft;1.509192;-0.9775484;3.288422;
FootRight;1.061824;-1.02661;3.489968;
FootLeft;1.559026;-1.046955;3.268429;
Head;1.719976;0.4980429;3.437479;
ShoulderCenter;1.532058;0.3979433;3.38307;
ShoulderRight;1.487301;0.2243359;3.196777;
ShoulderLeft;1.415714;0.2639229;3.279478;
ElbowRight;1.345281;0.04272504;2.958317;
ElbowLeft;1.437553;-0.02923101;3.148333;
WristRight;1.343837;-0.08759329;3.158559;
WristLeft;1.305687;-0.1922728;3.362733;
HandRight;1.295056;-0.1548901;3.188093;
HandLeft;1.248826;-0.3045399;3.388955;
Spine;1.442921;-0.05272559;3.377498;
HipCenter;1.390147;-0.1251578;3.342319;
HipRight;1.394771;-0.179159;3.29709;
HipLeft;1.360347;-0.1510955;3.37989;
KneeRight;1.488663;-0.61307;3.35587;
KneeLeft;1.553333;-0.6146178;3.302699;
AnkleRight;1.123562;-0.8949541;3.430079;
AnkleLeft;1.508682;-0.9784304;3.289041;
FootRight;1.059491;-0.9374524;3.360732;
FootLeft;1.55821;-1.048166;3.268322;
Head;1.64896;0.5872117;3.352545;
ShoulderCenter;1.567246;0.4057175;3.384746;
ShoulderRight;1.493949;0.2268763;3.196257;
ShoulderLeft;1.458238;0.2780358;3.289558;
ElbowRight;1.398828;0.04589705;2.932429;
ElbowLeft;1.492828;-0.002747566;3.131201;
WristRight;1.541717;-0.2029589;3.036419;
WristLeft;1.379525;-0.1793073;3.345222;
HandRight;1.546503;-0.3635456;3.110635;
HandLeft;1.311494;-0.3190773;3.402887;
Spine;1.5157;-0.01395289;3.346488;
HipCenter;1.457117;-0.08306564;3.316217;
HipRight;1.456342;-0.1408755;3.353691;
HipLeft;1.434235;-0.1248993;3.261664;
KneeRight;1.611857;-0.5635205;3.277929;
KneeLeft;1.55314;-0.616654;3.299827;
AnkleRight;1.765045;-0.9798403;3.188437;
AnkleLeft;1.509154;-0.9796665;3.288721;
FootRight;1.683171;-1.023181;3.141409;
FootLeft;1.553929;-1.054037;3.272519;
Head;1.721435;0.5898307;3.374449;
ShoulderCenter;1.620419;0.4110466;3.387755;
ShoulderRight;1.565683;0.2592669;3.199239;
ShoulderLeft;1.489631;0.294551;3.286045;
ElbowRight;1.6354;-0.04156661;3.141659;
ElbowLeft;1.546926;0.02521116;3.113704;
WristRight;1.662766;-0.2599984;3.062765;
WristLeft;1.656246;-0.2060483;3.092253;
HandRight;1.67178;-0.3282363;3.059361;
HandLeft;1.630755;-0.2795298;3.063859;
Spine;1.536899;-0.005396639;3.356035;
HipCenter;1.485003;-0.07153317;3.314693;
HipRight;1.495139;-0.1202691;3.345727;
HipLeft;1.456865;-0.1108547;3.265497;
KneeRight;1.624331;-0.5588187;3.279197;
KneeLeft;1.554598;-0.6145425;3.298111;
AnkleRight;1.348523;-0.9032869;3.423911;
AnkleLeft;1.510287;-0.9806625;3.288231;
FootRight;1.401839;-1.009621;3.413893;
FootLeft;1.553597;-1.056144;3.273683;
Head;1.743997;0.6239459;3.373941;
ShoulderCenter;1.669387;0.4326111;3.387063;
ShoulderRight;1.63033;0.2726476;3.201077;
ShoulderLeft;1.508593;0.3163107;3.35843;
ElbowRight;1.663673;-0.03340054;3.141134;
ElbowLeft;1.579913;0.07326686;3.151086;
WristRight;1.677092;-0.2522575;3.061182;
WristLeft;1.703508;-0.1179311;3.114869;
HandRight;1.681565;-0.3252099;3.039588;
HandLeft;1.674016;-0.1852249;3.087156;
Spine;1.5871;0.003512991;3.356268;
HipCenter;1.529608;-0.06530888;3.31821;
HipRight;1.539167;-0.1473984;3.233274;
HipLeft;1.483568;-0.1313711;3.378467;
KneeRight;1.53304;-0.6451817;3.449596;
KneeLeft;1.561348;-0.6124388;3.293661;
AnkleRight;1.422962;-0.9766223;3.43635;
AnkleLeft;1.478535;-0.9670026;3.346457;
FootRight;1.353493;-1.020137;3.372267;
FootLeft;1.553814;-1.03991;3.292797;
Head;1.839628;0.5973794;3.442411;
ShoulderCenter;1.712517;0.4254816;3.40202;
ShoulderRight;1.643702;0.2594984;3.194389;
ShoulderLeft;1.575543;0.3078021;3.286872;
ElbowRight;1.685256;-0.04368936;3.134516;
ElbowLeft;1.643897;0.0292218;3.139136;
WristRight;1.62554;-0.2632753;3.147041;
WristLeft;1.771355;-0.161302;3.121478;
HandRight;1.605635;-0.3364706;3.156274;
HandLeft;1.731191;-0.212851;3.09337;
Spine;1.640165;-0.0184429;3.362077;
HipCenter;1.586704;-0.09083471;3.320666;
HipRight;1.591249;-0.1520341;3.244442;
HipLeft;1.55365;-0.1449685;3.375181;
KneeRight;1.797681;-0.5782746;3.441007;
KneeLeft;1.568453;-0.6099221;3.292975;
AnkleRight;1.498092;-0.895227;3.391856;
AnkleLeft;1.516445;-0.9769689;3.281077;
FootRight;1.430824;-0.9383785;3.325334;
FootLeft;1.546466;-1.059478;3.270943;
Head;1.892198;0.5878015;3.477615;
ShoulderCenter;1.750478;0.4300892;3.403802;
ShoulderRight;1.690301;0.2725483;3.205542;
ShoulderLeft;1.60753;0.3195384;3.29921;
ElbowRight;1.715965;0.01351853;3.150304;
ElbowLeft;1.669859;0.06847259;3.148149;
WristRight;1.656238;-0.2061079;3.162838;
WristLeft;1.80455;-0.1169083;3.140901;
HandRight;1.636329;-0.2793167;3.172072;
HandLeft;1.849447;-0.178702;3.143541;
Spine;1.707374;-0.009051769;3.357088;
HipCenter;1.660394;-0.08189897;3.310882;
HipRight;1.669756;-0.1294341;3.241875;
HipLeft;1.632368;-0.1345448;3.358716;
KneeRight;1.820239;-0.629242;3.444775;
KneeLeft;1.59028;-0.6028238;3.291306;
AnkleRight;1.731286;-0.9794136;3.434272;
AnkleLeft;1.520907;-0.9749829;3.287288;
FootRight;1.668475;-1.021937;3.363766;
FootLeft;1.539635;-1.058878;3.268335;
Head;1.933083;0.538008;3.499446;
ShoulderCenter;1.7556;0.4302249;3.40224;
ShoulderRight;1.692897;0.2699724;3.208403;
ShoulderLeft;1.643849;0.3014482;3.306717;
ElbowRight;1.734625;0.03767567;3.155967;
ElbowLeft;1.676748;0.01374983;3.195031;
WristRight;1.6749;-0.1819439;3.168497;
WristLeft;1.811435;-0.1716253;3.18778;
HandRight;1.654992;-0.2551504;3.177731;
HandLeft;1.85633;-0.233417;3.19042;
Spine;1.714896;-0.007539297;3.348744;
HipCenter;1.658417;-0.07991721;3.314112;
HipRight;1.661488;-0.1354563;3.241132;
HipLeft;1.630064;-0.1351856;3.368185;
KneeRight;1.826215;-0.634472;3.438617;
KneeLeft;1.602781;-0.6098603;3.292386;
AnkleRight;1.811101;-0.9884824;3.460901;
AnkleLeft;1.52076;-0.9758295;3.287451;
FootRight;1.730862;-1.031544;3.411539;
FootLeft;1.440521;-1.018891;3.238089;
Head;1.941633;0.5307608;3.50805;
ShoulderCenter;1.765875;0.4238231;3.403982;
ShoulderRight;1.703333;0.2510455;3.225459;
ShoulderLeft;1.66832;0.2767701;3.311215;
ElbowRight;1.774022;0.03332332;3.191179;
ElbowLeft;1.732416;-0.0007290331;3.205994;
WristRight;1.668518;-0.1663301;3.213785;
WristLeft;1.866914;-0.1858443;3.198728;
HandRight;1.63335;-0.2328812;3.226378;
HandLeft;1.911746;-0.2475494;3.201365;
Spine;1.721168;-0.01232107;3.35396;
HipCenter;1.662619;-0.08506337;3.324028;
HipRight;1.661091;-0.1479827;3.243941;
HipLeft;1.641459;-0.1504465;3.39275;
KneeRight;1.833091;-0.6352454;3.42748;
KneeLeft;1.614063;-0.6149007;3.292415;
AnkleRight;1.89113;-0.9669554;3.482244;
AnkleLeft;1.521454;-0.9764777;3.288435;
FootRight;1.890175;-0.9941192;3.565934;
FootLeft;1.437644;-1.019624;3.245646;
Head;1.966102;0.5231549;3.524287;
ShoulderCenter;1.792294;0.416731;3.414893;
ShoulderRight;1.741448;0.2425653;3.277406;
ShoulderLeft;1.744689;0.3257871;3.332258;
ElbowRight;1.78162;0.01749027;3.235738;
ElbowLeft;1.734169;0.02614781;3.224777;
WristRight;1.70529;-0.1956296;3.254806;
WristLeft;1.851895;-0.1702043;3.208141;
HandRight;1.679846;-0.2666696;3.266205;
HandLeft;1.815472;-0.2254521;3.179887;
Spine;1.762239;-0.01423978;3.374634;
HipCenter;1.701894;-0.08832616;3.355761;
HipRight;1.67939;-0.1640528;3.255568;
HipLeft;1.687816;-0.1603903;3.427996;
KneeRight;1.86132;-0.6711053;3.421262;
KneeLeft;1.643728;-0.6235487;3.291596;
AnkleRight;1.972225;-0.9802048;3.501795;
AnkleLeft;1.521632;-0.9766703;3.288522;
FootRight;1.877681;-1.011879;3.472275;
FootLeft;1.431246;-1.019934;3.263135;
Head;1.801521;0.3979461;3.413432;
ShoulderCenter;1.735362;0.2097302;3.443258;
ShoulderRight;1.746575;0.1577697;3.300341;
ShoulderLeft;1.699802;0.1979149;3.544266;
ElbowRight;1.802956;-0.06299363;3.256959;
ElbowLeft;1.742043;0.002351493;3.279367;
WristRight;1.732753;-0.2779245;3.273166;
WristLeft;1.865861;-0.1875755;3.237793;
HandRight;1.709352;-0.3495681;3.283602;
HandLeft;1.829877;-0.2449625;3.211642;
Spine;1.758669;-0.07669982;3.409696;
HipCenter;1.707865;-0.1272496;3.394931;
HipRight;1.715034;-0.1934922;3.300818;
HipLeft;1.689289;-0.200811;3.462729;
KneeRight;1.869722;-0.6720161;3.435546;
KneeLeft;1.663218;-0.625214;3.290297;
AnkleRight;1.980731;-1.015421;3.513425;
AnkleLeft;1.522527;-0.9763607;3.288342;
FootRight;1.889649;-1.05978;3.493646;
FootLeft;1.558549;-1.056308;3.285336;
Head;1.804628;0.381739;3.439999;
ShoulderCenter;1.770162;0.1868841;3.471718;
ShoulderRight;1.768626;0.1306573;3.348388;
ShoulderLeft;1.734602;0.1750687;3.572727;
ElbowRight;1.7857;-0.08753331;3.254264;
ElbowLeft;1.774901;-0.0266874;3.312982;
WristRight;1.710803;-0.2976754;3.287075;
WristLeft;1.904983;-0.2140633;3.292302;
HandRight;1.685838;-0.3677228;3.303038;
HandLeft;1.859184;-0.258293;3.264782;
Spine;1.797103;-0.1147591;3.437862;
HipCenter;1.746462;-0.1697128;3.425215;
HipRight;1.751608;-0.2351004;3.325835;
HipLeft;1.731749;-0.2482819;3.499735;
KneeRight;1.910439;-0.7086388;3.442168;
KneeLeft;1.680487;-0.6305131;3.291471;
AnkleRight;1.95727;-1.004409;3.498088;
AnkleLeft;1.52919;-0.9781904;3.292152;
FootRight;1.865847;-1.049243;3.482069;
FootLeft;1.437767;-1.023025;3.276133;
Head;1.835306;0.3544479;3.453575;
ShoulderCenter;1.822984;0.1825202;3.53229;
ShoulderRight;1.80494;0.005397591;3.373752;
ShoulderLeft;1.787425;0.1707049;3.633299;
ElbowRight;1.807265;-0.1290857;3.160605;
ElbowLeft;1.80584;-0.06085081;3.401632;
WristRight;1.742235;-0.2907922;3.344308;
WristLeft;1.92598;-0.2531449;3.367087;
HandRight;1.720558;-0.3446944;3.410564;
HandLeft;1.890389;-0.3104604;3.34033;
Spine;1.84231;-0.1534319;3.496503;
HipCenter;1.789886;-0.2147598;3.485495;
HipRight;1.791832;-0.2791748;3.439096;
HipLeft;1.778998;-0.2576629;3.515184;
KneeRight;1.941865;-0.7859738;3.484834;
KneeLeft;1.700204;-0.644766;3.29133;
AnkleRight;1.988696;-1.081744;3.540777;
AnkleLeft;1.533716;-0.9755783;3.29003;
FootRight;1.896757;-1.126359;3.528105;
FootLeft;1.441778;-1.020194;3.277359;
Head;1.865187;0.2830369;3.523673;
ShoulderCenter;1.861577;0.08417775;3.550298;
ShoulderRight;1.850574;-0.02263233;3.454036;
ShoulderLeft;1.826017;0.07236237;3.651307;
ElbowRight;1.838143;-0.2362117;3.348081;
ElbowLeft;1.84864;-0.1274021;3.469792;
WristRight;1.764563;-0.4474008;3.373096;
WristLeft;1.982105;-0.3110957;3.462619;
HandRight;1.740036;-0.5177972;3.386442;
HandLeft;2.026594;-0.3723269;3.465235;
Spine;1.927333;-0.1675498;3.649308;
HipCenter;1.883832;-0.2234591;3.668409;
HipRight;1.895257;-0.2637889;3.621628;
HipLeft;1.877235;-0.2498655;3.737552;
KneeRight;2.050756;-0.6230751;3.759008;
KneeLeft;1.743153;-0.6401473;3.33168;
AnkleRight;2.102402;-0.9492538;3.823828;
AnkleLeft;1.547418;-0.9769984;3.289411;
FootRight;2.064117;-0.8731691;3.804173;
FootLeft;1.5842;-1.040894;3.24245;
Head;1.930259;0.2697625;3.614422;
ShoulderCenter;1.926659;0.07146514;3.640864;
ShoulderRight;1.915656;-0.03534494;3.544602;
ShoulderLeft;1.891099;0.05964976;3.741873;
ElbowRight;1.903245;-0.2485744;3.438784;
ElbowLeft;1.913722;-0.1401147;3.560369;
WristRight;1.829872;-0.4594844;3.463545;
WristLeft;2.046969;-0.3235074;3.55319;
HandRight;1.805414;-0.5297877;3.476804;
HandLeft;1.996067;-0.3620158;3.523301;
Spine;1.987828;-0.2211236;3.759063;
HipCenter;1.943354;-0.284048;3.781436;
HipRight;1.951312;-0.3041935;3.781706;
HipLeft;1.937378;-0.3061109;3.796073;
KneeRight;2.097521;-0.6856763;3.861321;
KneeLeft;1.775681;-0.6569297;3.365503;
AnkleRight;2.14906;-1.011186;3.92596;
AnkleLeft;1.567341;-0.9282522;3.357222;
FootRight;2.128822;-1.020809;4.010334;
FootLeft;1.551713;-1.001516;3.265908;
Head;1.699112;-0.6908185;3.278372;
ShoulderCenter;1.695521;-0.8886089;3.304759;
ShoulderRight;1.684518;-0.995419;3.208497;
ShoulderLeft;1.659961;-0.9004243;3.405768;
ElbowRight;1.672127;-1.208305;3.102885;
ElbowLeft;1.682584;-1.100189;3.224348;
WristRight;1.598957;-1.41894;3.127436;
WristLeft;1.815616;-1.283286;3.217198;
HandRight;1.574567;-1.489151;3.14061;
HandLeft;1.764929;-1.32209;3.187322;
Spine;1.631391;-0.7295098;3.252512;
HipCenter;1.675098;-0.690576;3.249334;
HipRight;1.640278;-0.4664506;3.187912;
HipLeft;1.671312;-0.5403471;3.177678;
KneeRight;1.954973;-0.3417275;3.530658;
KneeLeft;2.0496;-0.629536;3.465186;
AnkleRight;2.212119;-0.2398126;3.793569;
AnkleLeft;2.358711;-0.702415;3.68296;
FootRight;2.306289;-0.2800652;3.79933;
FootLeft;2.452881;-0.7426676;3.688721;
