Floor;-0.02685815;0.9996341;0.003183006;1.061754;
Head;1.172967;0.6012795;3.37558;
ShoulderCenter;1.261224;0.3830878;3.308669;
ShoulderRight;1.309767;0.2489769;3.153174;
ShoulderLeft;1.175417;0.2165841;3.431478;
ElbowRight;1.349751;-0.02536666;3.043045;
ElbowLeft;1.152517;-0.02125978;3.499863;
WristRight;1.286311;-0.2703929;3.011306;
WristLeft;1.015255;-0.2079749;3.46647;
HandRight;1.266751;-0.3606704;3.001013;
HandLeft;0.9440542;-0.2589363;3.437852;
Spine;1.205054;-0.01381351;3.263197;
HipCenter;1.19382;-0.09319378;3.257798;
HipRight;1.213713;-0.1589386;3.180032;
HipLeft;1.153255;-0.1735153;3.315327;
KneeRight;1.2054;-0.6366703;3.221067;
KneeLeft;1.37445;-0.7072937;3.330256;
AnkleRight;1.187196;-1.007154;3.17949;
AnkleLeft;1.603332;-0.8806196;3.316999;
FootRight;1.113373;-1.066394;3.186534;
FootLeft;1.603598;-1.007167;3.338814;
Head;1.139036;0.6148456;3.369715;
ShoulderCenter;1.211913;0.3969236;3.32051;
ShoulderRight;1.250213;0.273774;3.160168;
ShoulderLeft;1.126106;0.2304199;3.443319;
ElbowRight;1.28941;-0.01306356;3.035615;
ElbowLeft;1.103572;-0.02851515;3.462633;
WristRight;1.218785;-0.2562882;3.021584;
WristLeft;1.00608;-0.2432698;3.469584;
HandRight;1.201008;-0.3483783;2.995045;
HandLeft;0.9786011;-0.2927319;3.452238;
Spine;1.159691;-0.0003618232;3.26;
HipCenter;1.14915;-0.07979457;3.251715;
HipRight;1.164608;-0.1524973;3.157289;
HipLeft;1.113636;-0.172172;3.316392;
KneeRight;1.164297;-0.6164746;3.188916;
KneeLeft;1.104459;-0.5787923;3.358078;
AnkleRight;1.191663;-0.9918693;3.174524;
AnkleLeft;1.4375;-0.8774651;3.304888;
FootRight;1.124592;-1.057247;3.187154;
FootLeft;1.422174;-1.001848;3.330266;
Head;1.053606;0.6188217;3.379874;
ShoulderCenter;1.165432;0.4242616;3.304027;
ShoulderRight;1.208071;0.2931394;3.161058;
ShoulderLeft;1.079625;0.2577579;3.426835;
ElbowRight;1.23226;0.03467009;3.023511;
ElbowLeft;1.044379;0.0296808;3.391635;
WristRight;1.163205;-0.2447785;3.018526;
WristLeft;1.016015;-0.2573811;3.45365;
HandRight;1.131127;-0.3260836;3.004811;
HandLeft;0.9879789;-0.3256714;3.46072;
Spine;1.098539;-0.01428001;3.262158;
HipCenter;1.08516;-0.1019883;3.257578;
HipRight;1.105301;-0.1489034;3.203538;
HipLeft;1.048227;-0.1651588;3.298655;
KneeRight;1.163531;-0.6173014;3.187396;
KneeLeft;1.061285;-0.6071149;3.364094;
AnkleRight;1.190241;-0.9943348;3.18192;
AnkleLeft;1.369714;-0.9479166;3.294121;
FootRight;1.122107;-1.060889;3.183168;
FootLeft;1.31001;-1.057314;3.326922;
Head;1.001252;0.6140461;3.350414;
ShoulderCenter;1.106862;0.4139543;3.301;
ShoulderRight;1.163241;0.2993572;3.156054;
ShoulderLeft;1.002001;0.2184101;3.35033;
ElbowRight;1.177729;0.05636416;3.022038;
ElbowLeft;0.9738407;0.01116964;3.389985;
WristRight;1.083027;-0.2127316;3.018767;
WristLeft;0.9512464;-0.23354;3.437639;
HandRight;1.051282;-0.3070907;3.012331;
HandLeft;0.9360967;-0.3049339;3.448162;
Spine;1.057765;0.02357768;3.237484;
HipCenter;1.047946;-0.05449764;3.228529;
HipRight;1.075867;-0.09874491;3.166867;
HipLeft;1.004296;-0.135308;3.266752;
KneeRight;1.15591;-0.6132256;3.182307;
KneeLeft;1.004472;-0.5900555;3.346853;
AnkleRight;1.189668;-0.992453;3.181542;
AnkleLeft;1.179441;-0.9477397;3.288381;
FootRight;1.123331;-1.052471;3.189173;
FootLeft;1.133796;-1.043173;3.305679;
Head;0.9571466;0.6149663;3.36454;
ShoulderCenter;1.055201;0.4150663;3.291705;
ShoulderRight;1.110469;0.2912912;3.148417;
ShoulderLeft;0.950069;0.2244842;3.349811;
ElbowRight;1.123091;0.04673463;3.017013;
ElbowLeft;0.9227019;0.023082;3.387257;
WristRight;0.998341;-0.214897;2.997436;
WristLeft;0.8993143;-0.2274659;3.436751;
HandRight;0.9573993;-0.2968203;2.998631;
HandLeft;0.8846773;-0.2964438;3.446918;
Spine;1.009688;-0.02161177;3.228567;
HipCenter;1.000585;-0.1089474;3.219718;
HipRight;1.030683;-0.1514064;3.166481;
HipLeft;0.9585032;-0.1814696;3.253766;
KneeRight;1.133003;-0.6127642;3.180675;
KneeLeft;0.9389717;-0.6203777;3.343765;
AnkleRight;1.18712;-0.9909625;3.18539;
AnkleLeft;1.076086;-0.9832458;3.292542;
FootRight;1.133226;-1.06212;3.18265;
FootLeft;1.013382;-1.039475;3.322243;
Head;0.8760397;0.6007559;3.291769;
ShoulderCenter;0.9997162;0.4186328;3.283719;
ShoulderRight;1.06696;0.2917247;3.151311;
ShoulderLeft;0.8945843;0.2280506;3.341825;
ElbowRight;1.066857;0.03964323;3.015033;
ElbowLeft;0.8677042;0.03023182;3.378213;
WristRight;0.9237491;-0.2055781;2.978349;
WristLeft;0.8261862;-0.1692784;3.163987;
HandRight;0.8718307;-0.2846994;2.96784;
HandLeft;0.811727;-0.2374181;3.174031;
Spine;0.9661968;0.02083204;3.215669;
HipCenter;0.9594929;-0.0587281;3.205819;
HipRight;0.9920681;-0.1098994;3.139835;
HipLeft;0.9158785;-0.1385665;3.246203;
KneeRight;1.108574;-0.6171242;3.178748;
KneeLeft;0.8674166;-0.6250517;3.335593;
AnkleRight;1.18366;-0.9921265;3.184711;
AnkleLeft;0.9476309;-1.012493;3.323059;
FootRight;1.13611;-1.063972;3.183606;
FootLeft;0.8516206;-1.064354;3.317141;
Head;0.8605372;0.6127005;3.321103;
ShoulderCenter;0.945399;0.4054596;3.26821;
ShoulderRight;1.01248;0.2858885;3.140285;
ShoulderLeft;0.8402671;0.2148775;3.326315;
ElbowRight;0.9920387;0.04154878;2.998451;
ElbowLeft;0.8137772;0.01993053;3.361955;
WristRight;0.8619614;-0.2001826;2.971971;
WristLeft;0.7726918;-0.1784177;3.152519;
HandRight;0.7962469;-0.2641955;2.944693;
HandLeft;0.7581578;-0.2469096;3.162614;
Spine;0.9183728;0.01097753;3.206198;
HipCenter;0.9143785;-0.06764195;3.197755;
HipRight;0.9515225;-0.1076124;3.148711;
HipLeft;0.8701823;-0.1393504;3.225231;
KneeRight;1.088072;-0.6081288;3.176956;
KneeLeft;0.7969971;-0.5988342;3.318109;
AnkleRight;1.177591;-0.9861698;3.183998;
AnkleLeft;0.7695739;-0.985533;3.307202;
FootRight;1.1591;-1.062302;3.151044;
FootLeft;0.6791862;-1.037161;3.356065;
Head;0.7894165;0.5913486;3.321657;
ShoulderCenter;0.8862398;0.3917624;3.255498;
ShoulderRight;0.9427232;0.2657446;3.128892;
ShoulderLeft;0.7811079;0.2011802;3.313603;
ElbowRight;0.9222121;0.02814499;2.978148;
ElbowLeft;0.7549134;0.008407697;3.348796;
WristRight;0.7707114;-0.2041009;2.953363;
WristLeft;0.714162;-0.1890059;3.143011;
HandRight;0.7223557;-0.2481984;2.933703;
HandLeft;0.7001228;-0.2551664;3.152763;
Spine;0.8799503;0.02002586;3.19717;
HipCenter;0.8781051;-0.05474175;3.189083;
HipRight;0.9081283;-0.1025936;3.124236;
HipLeft;0.845045;-0.1337947;3.227165;
KneeRight;1.05705;-0.6120673;3.168404;
KneeLeft;0.7311918;-0.6364918;3.313448;
AnkleRight;1.169276;-0.9885358;3.183175;
AnkleLeft;0.6111647;-1.008986;3.267082;
FootRight;1.133458;-1.066826;3.17422;
FootLeft;0.5140862;-1.049773;3.318336;
Head;0.7144611;0.5698009;3.311301;
ShoulderCenter;0.8379439;0.3848669;3.25696;
ShoulderRight;0.8843055;0.2570103;3.115134;
ShoulderLeft;0.732812;0.1942848;3.315066;
ElbowRight;0.849061;0.009154275;2.967591;
ElbowLeft;0.7066828;0.001992181;3.350255;
WristRight;0.692961;-0.2190813;2.940617;
WristLeft;0.705186;-0.169519;3.201533;
HandRight;0.6236678;-0.2775479;2.912875;
HandLeft;0.69126;-0.235146;3.211206;
Spine;0.8346251;-0.008582167;3.18258;
HipCenter;0.8340773;-0.08725543;3.171377;
HipRight;0.8725471;-0.1171094;3.1318;
HipLeft;0.7995415;-0.1472386;3.190368;
KneeRight;0.967585;-0.6110236;3.196073;
KneeLeft;0.6383582;-0.6656637;3.293362;
AnkleRight;1.164202;-0.988567;3.18253;
AnkleLeft;0.4719089;-1.016417;3.262898;
FootRight;1.13225;-1.068383;3.171382;
FootLeft;0.4087037;-1.07192;3.283882;
Head;0.7518904;0.6160667;3.313377;
ShoulderCenter;0.7690657;0.3947137;3.250299;
ShoulderRight;0.8269362;0.2550638;3.119711;
ShoulderLeft;0.6639338;0.2041316;3.308404;
ElbowRight;0.7862725;0.01439096;2.960014;
ElbowLeft;0.6378048;0.0118406;3.3439;
WristRight;0.6277184;-0.2103408;2.914206;
WristLeft;0.6368874;-0.1595894;3.195312;
HandRight;0.560636;-0.2872685;2.908526;
HandLeft;0.6230683;-0.2247126;3.204911;
Spine;0.7889492;-0.007328951;3.173204;
HipCenter;0.7958936;-0.08763215;3.162135;
HipRight;0.8403978;-0.1176137;3.109145;
HipLeft;0.7504557;-0.1623681;3.193279;
KneeRight;0.9635671;-0.6143863;3.182395;
KneeLeft;0.5919184;-0.6630992;3.277152;
AnkleRight;1.159583;-0.9898074;3.177633;
AnkleLeft;0.4144917;-1.005978;3.265758;
FootRight;1.12954;-1.070255;3.172201;
FootLeft;0.2985174;-1.011882;3.273985;
Head;0.6893297;0.5971447;3.302079;
ShoulderCenter;0.7034071;0.3754183;3.242636;
ShoulderRight;0.7663868;0.2477052;3.107239;
ShoulderLeft;0.5982752;0.1848362;3.300741;
ElbowRight;0.7256718;0.001833722;2.95804;
ElbowLeft;0.5721484;-0.007438779;3.336577;
WristRight;0.5652144;-0.221084;2.909443;
WristLeft;0.5712289;-0.1788848;3.18817;
HandRight;0.4988402;-0.2986158;2.894545;
HandLeft;0.5575599;-0.2433005;3.197665;
Spine;0.7153339;-0.01637075;3.16976;
HipCenter;0.7177193;-0.09472856;3.158781;
HipRight;0.7661969;-0.1271862;3.108101;
HipLeft;0.6723601;-0.1647136;3.187984;
KneeRight;0.9322904;-0.6224024;3.159677;
KneeLeft;0.5420106;-0.6480604;3.261257;
AnkleRight;1.157634;-0.9905648;3.176831;
AnkleLeft;0.3770031;-1.010351;3.251698;
FootRight;1.107523;-1.062294;3.178004;
FootLeft;0.2714897;-1.0486;3.28657;
Head;0.5465888;0.5645955;3.298222;
ShoulderCenter;0.6511436;0.3690639;3.239922;
ShoulderRight;0.6951782;0.2284243;3.097879;
ShoulderLeft;0.5460117;0.1784818;3.298028;
ElbowRight;0.6726272;-0.02074668;2.952937;
ElbowLeft;0.5199805;-0.01308984;3.333467;
WristRight;0.5158106;-0.2466321;2.917845;
WristLeft;0.5189654;-0.1852392;3.185216;
HandRight;0.4648049;-0.3058616;2.892163;
HandLeft;0.5054849;-0.2487665;3.19458;
Spine;0.659667;-0.0398802;3.166259;
HipCenter;0.6613717;-0.121669;3.155142;
HipRight;0.6914362;-0.1529657;3.115203;
HipLeft;0.6369801;-0.181993;3.177296;
KneeRight;0.8761051;-0.6263408;3.139092;
KneeLeft;0.5002649;-0.6333495;3.254721;
AnkleRight;1.141395;-0.98303;3.1717;
AnkleLeft;0.3794471;-1.007989;3.248581;
FootRight;1.121823;-1.066805;3.17732;
FootLeft;0.2734249;-1.05086;3.271536;
Head;0.4724392;0.5492965;3.296528;
ShoulderCenter;0.588847;0.3615893;3.229787;
ShoulderRight;0.6425391;0.230023;3.102909;
ShoulderLeft;0.4837151;0.1710071;3.287892;
ElbowRight;0.6120597;-0.01571828;2.953382;
ElbowLeft;0.4577187;-0.02030781;3.323201;
WristRight;0.4658583;-0.2467002;2.905449;
WristLeft;0.4566687;-0.1927138;3.175013;
HandRight;0.4150275;-0.3143207;2.897871;
HandLeft;0.4433727;-0.2553723;3.184249;
Spine;0.6000787;-0.06582864;3.152718;
HipCenter;0.6023251;-0.1513122;3.140926;
HipRight;0.6410945;-0.1845579;3.092717;
HipLeft;0.5662231;-0.2195725;3.168618;
KneeRight;0.8325194;-0.6624059;3.13652;
KneeLeft;0.4567599;-0.6243154;3.25419;
AnkleRight;1.112428;-0.9835851;3.162453;
AnkleLeft;0.3782351;-1.007666;3.247943;
FootRight;1.119877;-1.0679;3.153345;
FootLeft;0.2744451;-1.057186;3.254387;
Head;0.4395591;0.5340431;3.273347;
ShoulderCenter;0.528855;0.3415436;3.209498;
ShoulderRight;0.5648701;0.2268199;3.080462;
ShoulderLeft;0.4237231;0.1509614;3.267604;
ElbowRight;0.5541084;-0.02604224;2.944663;
ElbowLeft;0.3977875;-0.03990611;3.302887;
WristRight;0.4429847;-0.2605343;2.907221;
WristLeft;0.3966767;-0.2127596;3.154915;
HandRight;0.3915369;-0.3177576;2.902423;
HandLeft;0.3834921;-0.2748927;3.164073;
Spine;0.536903;-0.07855079;3.152084;
HipCenter;0.5385126;-0.1625697;3.144208;
HipRight;0.5766557;-0.1828293;3.108983;
HipLeft;0.5019724;-0.2259727;3.166149;
KneeRight;0.7632024;-0.679875;3.133905;
KneeLeft;0.3875103;-0.6307807;3.263463;
AnkleRight;1.050576;-0.9466929;3.159766;
AnkleLeft;0.3638763;-1.007309;3.243274;
FootRight;1.068837;-1.028504;3.16166;
FootLeft;0.2976366;-1.061202;3.259563;
Head;0.3941488;0.5474827;3.264891;
ShoulderCenter;0.4782627;0.361303;3.19328;
ShoulderRight;0.5372565;0.2284423;3.081631;
ShoulderLeft;0.3731308;0.1707208;3.251385;
ElbowRight;0.5227032;-0.02330826;2.945007;
ElbowLeft;0.3472461;-0.0197719;3.286506;
WristRight;0.4172213;-0.2515267;2.91667;
WristLeft;0.3460844;-0.1930002;3.13864;
HandRight;0.3647773;-0.3206671;2.912616;
HandLeft;0.332892;-0.2551703;3.147804;
Spine;0.4724148;-0.05206488;3.16583;
HipCenter;0.4712452;-0.1347384;3.163951;
HipRight;0.501271;-0.1815305;3.102462;
HipLeft;0.4393795;-0.2179972;3.213877;
KneeRight;0.626799;-0.6257598;3.113125;
KneeLeft;0.3438766;-0.6388943;3.267873;
AnkleRight;0.958038;-0.9132879;3.142857;
AnkleLeft;0.3563128;-1.002172;3.244309;
FootRight;0.9811946;-1.006739;3.150946;
FootLeft;0.2992923;-1.061174;3.258864;
Head;0.3375724;0.5613053;3.272964;
ShoulderCenter;0.4130183;0.370064;3.205665;
ShoulderRight;0.4814561;0.2369666;3.078967;
ShoulderLeft;0.3078865;0.1794818;3.26377;
ElbowRight;0.4789532;-0.01447622;2.938748;
ElbowLeft;0.3228383;-0.02209272;3.320647;
WristRight;0.3981837;-0.2397676;2.922036;
WristLeft;0.3181325;-0.2214029;3.181532;
HandRight;0.3527035;-0.3141235;2.922051;
HandLeft;0.3048964;-0.2837788;3.190726;
Spine;0.4087791;-0.02747779;3.176556;
HipCenter;0.4079312;-0.1069861;3.174352;
HipRight;0.4439312;-0.156688;3.122825;
HipLeft;0.3705945;-0.1826412;3.213761;
KneeRight;0.4980893;-0.6176656;3.090507;
KneeLeft;0.3285946;-0.6417117;3.267173;
AnkleRight;0.8602437;-0.8957558;3.12372;
AnkleLeft;0.3509923;-0.9990927;3.242742;
FootRight;0.8624664;-1.00679;3.142297;
FootLeft;0.3021857;-1.063715;3.261936;
Head;0.2933122;0.5674213;3.263652;
ShoulderCenter;0.3821171;0.3798839;3.210909;
ShoulderRight;0.4549557;0.2519684;3.075115;
ShoulderLeft;0.2769852;0.1893018;3.269014;
ElbowRight;0.4501056;-0.004404575;2.94484;
ElbowLeft;0.2919371;-0.0122728;3.325824;
WristRight;0.3632038;-0.2303222;2.935098;
WristLeft;0.2872313;-0.211583;3.186676;
HandRight;0.3244573;-0.308852;2.933623;
HandLeft;0.2739316;-0.2742584;3.195914;
Spine;0.3584278;-0.02080519;3.178399;
HipCenter;0.3551379;-0.1014032;3.175285;
HipRight;0.3898942;-0.1514698;3.135874;
HipLeft;0.3158599;-0.1621137;3.202866;
KneeRight;0.4336094;-0.6173093;3.086285;
KneeLeft;0.2802075;-0.6484024;3.263119;
AnkleRight;0.7687711;-0.914574;3.130576;
AnkleLeft;0.3491535;-0.9990032;3.24321;
FootRight;0.7429836;-1.005291;3.136595;
FootLeft;0.2988188;-1.063398;3.263728;
Head;0.2338021;0.5735189;3.268211;
ShoulderCenter;0.3236402;0.3858815;3.211776;
ShoulderRight;0.4008185;0.2708713;3.086239;
ShoulderLeft;0.2185083;0.1952994;3.269882;
ElbowRight;0.421807;0.02196732;2.949448;
ElbowLeft;0.2334601;-0.006275199;3.326696;
WristRight;0.3437077;-0.2314592;2.944046;
WristLeft;0.2287543;-0.2055854;3.187548;
HandRight;0.3102209;-0.3121953;2.936687;
HandLeft;0.2154343;-0.2683566;3.1968;
Spine;0.3122828;-0.01521135;3.172698;
HipCenter;0.3101493;-0.09546787;3.168575;
HipRight;0.3524811;-0.1444012;3.132453;
HipLeft;0.2657942;-0.1538374;3.191647;
KneeRight;0.3753612;-0.6363803;3.081277;
KneeLeft;0.2587121;-0.7077697;3.234562;
AnkleRight;0.6429083;-0.9402151;3.126242;
AnkleLeft;0.3560725;-1.029484;3.248087;
FootRight;0.586154;-1.03907;3.13971;
FootLeft;0.2716705;-1.078206;3.308728;
Head;0.1890739;0.5866104;3.2554;
ShoulderCenter;0.2751814;0.4028972;3.201973;
ShoulderRight;0.3500722;0.2778281;3.077996;
ShoulderLeft;0.1700495;0.212315;3.260079;
ElbowRight;0.3820926;0.03244761;2.957826;
ElbowLeft;0.1850014;0.01074047;3.316862;
WristRight;0.2899614;-0.2277932;2.949377;
WristLeft;0.1399942;-0.2011206;3.154822;
HandRight;0.290114;-0.2906753;2.936286;
HandLeft;0.1267979;-0.2633089;3.163989;
Spine;0.2590073;0.003370702;3.173334;
HipCenter;0.2557725;-0.07653458;3.171236;
HipRight;0.2928484;-0.1261602;3.132134;
HipLeft;0.2142153;-0.1376082;3.199812;
KneeRight;0.2489207;-0.6117225;3.086726;
KneeLeft;0.3694881;-0.591009;3.259855;
AnkleRight;0.5125946;-0.9548855;3.108312;
AnkleLeft;0.3619146;-1.00175;3.214217;
FootRight;0.4339173;-1.039812;3.118421;
FootLeft;0.2796353;-1.060748;3.268072;
Head;0.1485389;0.5944347;3.247658;
ShoulderCenter;0.2433375;0.4132222;3.197656;
ShoulderRight;0.3147371;0.2845995;3.076023;
ShoulderLeft;0.1382056;0.2226401;3.255762;
ElbowRight;0.3449281;0.02553786;2.96908;
ElbowLeft;0.1531575;0.02106549;3.312509;
WristRight;0.2788431;-0.2428788;2.949489;
WristLeft;0.1081503;-0.1907956;3.15045;
HandRight;0.2424704;-0.3148951;2.952453;
HandLeft;0.09314793;-0.261416;3.101386;
Spine;0.2250912;-0.001410308;3.173025;
HipCenter;0.2205743;-0.08456001;3.171749;
HipRight;0.2491651;-0.1214702;3.127529;
HipLeft;0.1802233;-0.1620931;3.206836;
KneeRight;0.1620335;-0.6238921;3.085609;
KneeLeft;0.3277902;-0.6395379;3.254728;
AnkleRight;0.3814579;-0.9833681;3.110939;
AnkleLeft;0.2943522;-1.025503;3.127317;
FootRight;0.2831959;-1.047925;3.124447;
FootLeft;0.2147664;-1.080651;3.195363;
Head;0.1030595;0.6066359;3.237143;
ShoulderCenter;0.1891972;0.419994;3.183091;
ShoulderRight;0.2643721;0.2870438;3.07968;
ShoulderLeft;0.0840653;0.2294119;3.241197;
ElbowRight;0.2929602;0.0229862;2.972098;
ElbowLeft;0.09901713;0.02783728;3.297899;
WristRight;0.2413678;-0.2175635;2.946193;
WristLeft;0.008484289;-0.1655438;3.459336;
HandRight;0.2304229;-0.3037407;2.936098;
HandLeft;-0.02745688;-0.2190461;3.46424;
Spine;0.1987798;-0.006952698;3.18842;
HipCenter;0.1690602;-0.08849902;3.15918;
HipRight;0.2031902;-0.1314865;3.107852;
HipLeft;0.1300966;-0.1675707;3.201195;
KneeRight;0.08237188;-0.6141918;3.078915;
KneeLeft;0.2874634;-0.6493732;3.263621;
AnkleRight;0.2035469;-1.021547;3.086634;
AnkleLeft;0.3511777;-1.008371;3.216672;
FootRight;0.09836936;-1.079374;3.093309;
FootLeft;0.2703362;-1.06439;3.285791;
Head;0.03430328;0.5871661;3.198739;
ShoulderCenter;0.148569;0.4161828;3.178899;
ShoulderRight;0.2073719;0.2805119;3.063664;
ShoulderLeft;0.04343709;0.2256007;3.237005;
ElbowRight;0.2457929;0.01178935;2.974669;
ElbowLeft;0.05838892;0.02402612;3.293674;
WristRight;0.2084692;-0.2204213;2.945425;
WristLeft;-0.06833269;-0.1402765;3.463708;
HandRight;0.2040794;-0.3083278;2.940993;
HandLeft;-0.1675269;-0.2256519;3.508898;
Spine;0.1603775;-0.02491252;3.164562;
HipCenter;0.1287502;-0.1084124;3.134193;
HipRight;0.1700648;-0.1344829;3.104766;
HipLeft;0.09219358;-0.1703484;3.154323;
KneeRight;0.00719528;-0.6064606;3.082386;
KneeLeft;0.2183511;-0.641129;3.238799;
AnkleRight;0.05567265;-1.038292;3.064412;
AnkleLeft;0.3435391;-1.00809;3.224065;
FootRight;-0.02322235;-1.079322;3.061638;
FootLeft;0.2642975;-1.06903;3.291119;
Head;0.003819361;0.5872264;3.195666;
ShoulderCenter;0.09591737;0.4021323;3.171506;
ShoulderRight;0.1742955;0.2801604;3.065424;
ShoulderLeft;-0.009214498;0.2115502;3.229612;
ElbowRight;0.2028518;0.01210043;2.964352;
ElbowLeft;0.005737327;0.00997562;3.286263;
WristRight;0.157097;-0.2561637;2.926137;
WristLeft;-0.158771;-0.1243399;3.45224;
HandRight;0.1457464;-0.3305358;2.919549;
HandLeft;-0.2658612;-0.2012004;3.498141;
Spine;0.1098733;-0.001277306;3.174852;
HipCenter;0.08071854;-0.07801758;3.145109;
HipRight;0.1132229;-0.1218152;3.093145;
HipLeft;0.04431112;-0.1575241;3.186464;
KneeRight;-0.06095248;-0.5977727;3.084263;
KneeLeft;0.08484248;-0.6299331;3.172019;
AnkleRight;-0.1144223;-1.034347;3.055651;
AnkleLeft;0.3411765;-1.006686;3.225675;
FootRight;-0.2294136;-1.06538;3.073112;
FootLeft;0.2851306;-1.064617;3.315083;
Head;-0.05720878;0.5779598;3.2016;
ShoulderCenter;0.04221989;0.3956001;3.168654;
ShoulderRight;0.1169607;0.2614621;3.057452;
ShoulderLeft;-0.06291197;0.2050179;3.22676;
ElbowRight;0.153046;-0.005222589;2.956264;
ElbowLeft;-0.1226308;0.04019605;3.413987;
WristRight;0.1116402;-0.264836;2.921371;
WristLeft;-0.3020896;-0.1352961;3.486652;
HandRight;0.1151572;-0.3420533;2.91657;
HandLeft;-0.375514;-0.1669365;3.489031;
Spine;0.05521487;-0.01553035;3.177153;
HipCenter;0.02562487;-0.094363;3.14943;
HipRight;0.06200233;-0.1398112;3.101463;
HipLeft;-0.01469267;-0.1652446;3.189294;
KneeRight;-0.09818824;-0.5517436;3.094812;
KneeLeft;0.1868638;-0.6218701;3.26162;
AnkleRight;-0.2333267;-0.9960213;3.040328;
AnkleLeft;0.3407169;-1.006484;3.227699;
FootRight;-0.3461103;-1.0384;3.046176;
FootLeft;0.2766521;-1.068405;3.230947;
Head;-0.03742794;0.5869254;3.198627;
ShoulderCenter;-0.007215816;0.3815254;3.170936;
ShoulderRight;0.0663016;0.2508583;3.056746;
ShoulderLeft;-0.1123477;0.1909432;3.229042;
ElbowRight;0.1011038;-0.01499605;2.953471;
ElbowLeft;-0.195973;0.02826412;3.409351;
WristRight;0.06266503;-0.2746939;2.913665;
WristLeft;-0.3696883;-0.1084721;3.49;
HandRight;0.05710227;-0.3473521;2.909845;
HandLeft;-0.4525188;-0.1369096;3.504168;
Spine;0.006969459;-0.02601833;3.165073;
HipCenter;-0.02293026;-0.1030769;3.135146;
HipRight;0.008853287;-0.1392054;3.103854;
HipLeft;-0.05784643;-0.1635523;3.156333;
KneeRight;-0.1055793;-0.5435;3.084234;
KneeLeft;0.1678744;-0.6288137;3.258883;
AnkleRight;-0.3182168;-0.9556979;3.054035;
AnkleLeft;0.335915;-1.00588;3.230258;
FootRight;-0.4252101;-1.010318;3.045517;
FootLeft;0.2797985;-1.06708;3.263319;
Head;-0.1531823;0.5605336;3.173011;
ShoulderCenter;-0.0738208;0.3703608;3.16106;
ShoulderRight;0.009859842;0.2366192;3.050907;
ShoulderLeft;-0.1789527;0.1797786;3.219166;
ElbowRight;0.05092195;-0.0243575;2.935626;
ElbowLeft;-0.2586948;0.01771003;3.401028;
WristRight;0.006547937;-0.2793549;2.909778;
WristLeft;-0.4823852;-0.1015183;3.49989;
HandRight;0.007465879;-0.3449971;2.889704;
HandLeft;-0.552986;-0.1345589;3.52586;
Spine;-0.04197114;-0.02254229;3.143441;
HipCenter;-0.06834257;-0.09641967;3.108408;
HipRight;-0.03732732;-0.1303358;3.074488;
HipLeft;-0.09768234;-0.1614154;3.128378;
KneeRight;-0.09557377;-0.5529346;3.093138;
KneeLeft;0.1469248;-0.6353436;3.25616;
AnkleRight;-0.3695868;-0.925751;3.066137;
AnkleLeft;0.3102328;-0.9971575;3.230715;
FootRight;-0.4329253;-0.9702807;2.996411;
FootLeft;0.2771258;-1.071383;3.265904;
Head;-0.2211033;0.5441157;3.171928;
ShoulderCenter;-0.11122;0.3680624;3.153408;
ShoulderRight;-0.05403009;0.2200842;3.032303;
ShoulderLeft;-0.2163519;0.1774802;3.211513;
ElbowRight;-0.008342136;-0.04683019;2.927111;
ElbowLeft;-0.2964153;0.01676694;3.398689;
WristRight;-0.03330987;-0.2733198;2.89343;
WristLeft;-0.5365912;-0.09018702;3.483619;
HandRight;-0.04262706;-0.3618483;2.884689;
HandLeft;-0.6183023;-0.1222736;3.500773;
Spine;-0.09214243;-0.05076413;3.129122;
HipCenter;-0.1234383;-0.1290349;3.09665;
HipRight;-0.1028057;-0.155386;3.076868;
HipLeft;-0.1451453;-0.1804678;3.105382;
KneeRight;-0.238326;-0.5519184;3.068155;
KneeLeft;0.1081535;-0.636535;3.250751;
AnkleRight;-0.4350765;-0.9725235;3.061423;
AnkleLeft;0.3004571;-0.9994562;3.231923;
FootRight;-0.5405585;-1.02897;3.068413;
FootLeft;0.2769037;-1.078143;3.265082;
Head;-0.1930895;0.5677876;3.180112;
ShoulderCenter;-0.1737972;0.3594232;3.128273;
ShoulderRight;-0.1124259;0.217305;3.011856;
ShoulderLeft;-0.2789291;0.168841;3.186378;
ElbowRight;-0.06662925;-0.05097905;2.913152;
ElbowLeft;-0.3895404;0.01755102;3.366322;
WristRight;-0.09481692;-0.2891604;2.87463;
WristLeft;-0.5497932;-0.08488251;3.464558;
HandRight;-0.09825578;-0.3696028;2.870224;
HandLeft;-0.6327915;-0.1143379;3.445138;
Spine;-0.1495555;-0.05912;3.107446;
HipCenter;-0.1801242;-0.1379007;3.074505;
HipRight;-0.1529107;-0.168594;3.037868;
HipLeft;-0.2084832;-0.1972434;3.098708;
KneeRight;-0.2595735;-0.6109911;3.075636;
KneeLeft;-0.1328139;-0.6315643;3.166464;
AnkleRight;-0.4587428;-1.029447;3.065288;
AnkleLeft;0.2109527;-0.9321524;3.218454;
FootRight;-0.568053;-1.067427;3.067403;
FootLeft;0.1425996;-0.9764496;3.154382;
Head;-0.2564234;0.5620519;3.15748;
ShoulderCenter;-0.2407697;0.3526071;3.107538;
ShoulderRight;-0.1710331;0.2255974;3.006351;
ShoulderLeft;-0.3459015;0.1620249;3.165644;
ElbowRight;-0.1292907;-0.04060706;2.897434;
ElbowLeft;-0.429325;0.01363884;3.359928;
WristRight;-0.1524714;-0.2973795;2.873193;
WristLeft;-0.5854706;-0.08329915;3.441736;
HandRight;-0.1585961;-0.384746;2.854142;
HandLeft;-0.6712992;-0.1151443;3.445823;
Spine;-0.1940543;-0.009864002;3.105978;
HipCenter;-0.2183623;-0.08001133;3.073305;
HipRight;-0.1812147;-0.1463442;2.996829;
HipLeft;-0.2473861;-0.1705268;3.131964;
KneeRight;-0.4272757;-0.6193702;3.074491;
KneeLeft;-0.08477916;-0.6391851;3.213171;
AnkleRight;-0.4630469;-1.034542;3.067469;
AnkleLeft;0.2424208;-0.9661971;3.238125;
FootRight;-0.5694909;-1.077046;3.076473;
FootLeft;0.1800155;-1.011635;3.169762;
Head;-0.2849594;0.5795913;3.156764;
ShoulderCenter;-0.2957059;0.3700279;3.09938;
ShoulderRight;-0.2316214;0.2292525;2.992056;
ShoulderLeft;-0.4008377;0.1794458;3.157486;
ElbowRight;-0.1911214;-0.03720394;2.884824;
ElbowLeft;-0.4754516;0.01623534;3.343893;
WristRight;-0.2250094;-0.3028368;2.860204;
WristLeft;-0.6422032;-0.1053507;3.432447;
HandRight;-0.2159254;-0.3692611;2.854265;
HandLeft;-0.7117312;-0.1311711;3.435525;
Spine;-0.2707018;-0.008208105;3.107682;
HipCenter;-0.3005925;-0.08069909;3.078246;
HipRight;-0.2756512;-0.138416;3.009699;
HipLeft;-0.3270928;-0.1667767;3.135295;
KneeRight;-0.4492685;-0.6345329;3.065946;
KneeLeft;-0.1522152;-0.6432012;3.234974;
AnkleRight;-0.4654957;-1.034654;3.068479;
AnkleLeft;0.1995213;-0.947266;3.249454;
FootRight;-0.5729949;-1.081946;3.086852;
FootLeft;0.1935317;-1.047633;3.267281;
Head;-0.3437947;0.5833671;3.150371;
ShoulderCenter;-0.351548;0.3733409;3.096336;
ShoulderRight;-0.2850382;0.2374464;2.983152;
ShoulderLeft;-0.4566798;0.1827588;3.154441;
ElbowRight;-0.2439714;-0.02799813;2.874191;
ElbowLeft;-0.5322204;0.01965939;3.340132;
WristRight;-0.2857874;-0.2668936;2.854643;
WristLeft;-0.726289;-0.1440977;3.428352;
HandRight;-0.2864405;-0.3566976;2.843532;
HandLeft;-0.776127;-0.1872077;3.416895;
Spine;-0.3320318;-0.03534295;3.104503;
HipCenter;-0.3634334;-0.1137004;3.075479;
HipRight;-0.3312514;-0.1602728;3.037808;
HipLeft;-0.3981167;-0.1696294;3.105626;
KneeRight;-0.4920961;-0.6416754;3.056456;
KneeLeft;-0.2656704;-0.6133638;3.230491;
AnkleRight;-0.4764236;-1.036618;3.068107;
AnkleLeft;0.102324;-0.8949431;3.222049;
FootRight;-0.5761025;-1.092165;3.087318;
FootLeft;0.1036447;-1.007453;3.260199;
Head;-0.392661;0.598413;3.139985;
ShoulderCenter;-0.405951;0.3882558;3.092758;
ShoulderRight;-0.3360045;0.2453708;2.983964;
ShoulderLeft;-0.5110829;0.1976737;3.150863;
ElbowRight;-0.302752;-0.01828359;2.866888;
ElbowLeft;-0.58654;0.03475443;3.336286;
WristRight;-0.3682246;-0.2817046;2.871176;
WristLeft;-0.6964106;-0.166175;3.402826;
HandRight;-0.36459;-0.355297;2.858208;
HandLeft;-0.7539014;-0.1989711;3.396362;
Spine;-0.3538595;0.01932066;3.103516;
HipCenter;-0.3769009;-0.0540284;3.074338;
HipRight;-0.3408149;-0.1033295;3.037725;
HipLeft;-0.4060694;-0.1100459;3.103014;
KneeRight;-0.4925396;-0.6384874;3.057255;
KneeLeft;-0.2891634;-0.6463425;3.230836;
AnkleRight;-0.4795339;-1.03711;3.068293;
AnkleLeft;0.001828437;-0.9039512;3.21585;
FootRight;-0.5704643;-1.092652;3.085209;
FootLeft;-0.01231096;-1.003949;3.278368;
Head;-0.4219091;0.6151932;3.1514;
ShoulderCenter;-0.4520358;0.4072627;3.089768;
ShoulderRight;-0.3876898;0.2624423;2.975666;
ShoulderLeft;-0.5571677;0.2166806;3.147873;
ElbowRight;-0.3689308;-0.005095154;2.86727;
ElbowLeft;-0.6325554;0.0539114;3.333074;
WristRight;-0.4343199;-0.2676079;2.862917;
WristLeft;-0.7181244;-0.2063794;3.373935;
HandRight;-0.4377938;-0.3457364;2.855701;
HandLeft;-0.7660759;-0.24604;3.395967;
Spine;-0.4208128;0.02647111;3.095761;
HipCenter;-0.4493534;-0.04711521;3.067053;
HipRight;-0.4174631;-0.09733886;3.031177;
HipLeft;-0.4806232;-0.1010024;3.094305;
KneeRight;-0.4998893;-0.6404674;3.051632;
KneeLeft;-0.3120446;-0.6115208;3.267766;
AnkleRight;-0.4805103;-1.037406;3.067654;
AnkleLeft;-0.08611311;-0.8532768;3.148505;
FootRight;-0.5708911;-1.094113;3.088822;
FootLeft;-0.1116426;-0.9577448;3.199664;
Head;-0.4779769;0.6316698;3.137735;
ShoulderCenter;-0.4980484;0.4213534;3.088068;
ShoulderRight;-0.4434432;0.2738331;2.965436;
ShoulderLeft;-0.6031802;0.2307713;3.146174;
ElbowRight;-0.4324675;0.003065556;2.866945;
ElbowLeft;-0.6785848;0.06796554;3.3314;
WristRight;-0.5037363;-0.2623402;2.858347;
WristLeft;-0.7641217;-0.1924081;3.372226;
HandRight;-0.5187003;-0.3322668;2.846749;
HandLeft;-0.812189;-0.2321646;3.394311;
Spine;-0.47552;-0.001743132;3.075414;
HipCenter;-0.5074683;-0.08213055;3.045189;
HipRight;-0.4721113;-0.1276243;3.066004;
HipLeft;-0.5443926;-0.1290169;3.013777;
KneeRight;-0.5115365;-0.6452066;3.043314;
KneeLeft;-0.4645132;-0.659002;3.195954;
AnkleRight;-0.4809079;-1.037671;3.067778;
AnkleLeft;-0.2105986;-0.9116541;3.201671;
FootRight;-0.5699784;-1.094033;3.089076;
FootLeft;-0.2722147;-1.014608;3.20433;
Head;-0.5274708;0.6382959;3.097158;
ShoulderCenter;-0.5503314;0.4283053;3.067368;
ShoulderRight;-0.4872011;0.2843108;2.960694;
ShoulderLeft;-0.6554633;0.2377232;3.125473;
ElbowRight;-0.4937346;0.0146406;2.857641;
ElbowLeft;-0.7308562;0.07494268;3.310629;
WristRight;-0.569966;-0.2479018;2.843545;
WristLeft;-0.8164054;-0.185377;3.351452;
HandRight;-0.5987228;-0.3209249;2.81591;
HandLeft;-0.8641648;-0.2248788;3.373396;
Spine;-0.5291558;0.0125464;3.072714;
HipCenter;-0.5591708;-0.0673205;3.043394;
HipRight;-0.5245489;-0.1189422;3.075421;
HipLeft;-0.5957541;-0.1256818;3.002728;
KneeRight;-0.5145336;-0.645933;3.040417;
KneeLeft;-0.6264212;-0.6270455;3.207876;
AnkleRight;-0.474876;-1.03341;3.077438;
AnkleLeft;-0.354086;-0.960071;3.188673;
FootRight;-0.5716898;-1.096963;3.102401;
FootLeft;-0.4162411;-1.063926;3.191355;
Head;-0.6050167;0.6424804;3.079762;
ShoulderCenter;-0.5898801;0.4318901;3.053645;
ShoulderRight;-0.532649;0.2896047;2.946278;
ShoulderLeft;-0.5887679;0.2974252;2.908697;
ElbowRight;-0.5545851;0.02234817;2.838455;
ElbowLeft;-0.4829812;0.2090355;3.122399;
WristRight;-0.6532751;-0.227309;2.812476;
WristLeft;-0.4826907;-0.04068155;3.202213;
HandRight;-0.6767076;-0.2993314;2.799059;
HandLeft;-0.5301214;-0.07991143;3.224005;
Spine;-0.6271096;-0.000172634;3.075988;
HipCenter;-0.6080132;-0.08587681;3.04596;
HipRight;-0.5907748;-0.1049909;3.072733;
HipLeft;-0.6200379;-0.13884;3.012937;
KneeRight;-0.5183735;-0.6472337;3.039742;
KneeLeft;-0.7407523;-0.6166517;3.184393;
AnkleRight;-0.4770326;-1.033267;3.076567;
AnkleLeft;-0.4139234;-0.9222233;3.199486;
FootRight;-0.423269;-1.078682;2.998346;
FootLeft;-0.5090934;-0.996384;3.20871;
Head;-0.7359518;0.6159346;3.060976;
ShoulderCenter;-0.6370266;0.4301038;3.04384;
ShoulderRight;-0.469461;0.32592;3.118844;
ShoulderLeft;-0.6716161;0.2778811;2.905314;
ElbowRight;-0.5698338;0.1108121;2.942319;
ElbowLeft;-0.5425653;0.1744524;3.101202;
WristRight;-0.6888305;-0.132509;2.859072;
WristLeft;-0.5320565;-0.08151091;3.167369;
HandRight;-0.7253002;-0.207996;2.832289;
HandLeft;-0.5793087;-0.1205933;3.18908;
Spine;-0.6707938;0.0281503;3.068536;
HipCenter;-0.645409;-0.0507131;3.045225;
HipRight;-0.5927233;-0.1005104;3.070615;
HipLeft;-0.6957193;-0.1195981;3.020702;
KneeRight;-0.530779;-0.6527541;3.038269;
KneeLeft;-0.7754382;-0.666231;3.178118;
AnkleRight;-0.4821932;-1.033112;3.075767;
AnkleLeft;-0.693333;-1.040029;3.184004;
FootRight;-0.5518322;-1.090099;3.07591;
FootLeft;-0.6235999;-1.085886;3.118878;
Head;-0.7020769;0.6350148;3.058957;
ShoulderCenter;-0.6913323;0.4240106;3.038605;
ShoulderRight;-0.5228674;0.3198609;3.113791;
ShoulderLeft;-0.6701365;0.2893616;2.893204;
ElbowRight;-0.6206163;0.1217643;2.913649;
ElbowLeft;-0.5785576;0.1699955;3.099387;
WristRight;-0.7521641;-0.1136725;2.826039;
WristLeft;-0.5872842;-0.09464142;3.171649;
HandRight;-0.7895246;-0.1931515;2.826815;
HandLeft;-0.6344377;-0.1336421;3.193314;
Spine;-0.7384512;0.005352006;3.048931;
HipCenter;-0.7093776;-0.07850885;3.028945;
HipRight;-0.6734514;-0.1086861;3.039528;
HipLeft;-0.7479345;-0.1215931;3.014787;
KneeRight;-0.5892177;-0.6559408;3.028105;
KneeLeft;-0.8571116;-0.6621717;3.182022;
AnkleRight;-0.4851007;-1.034738;3.07727;
AnkleLeft;-0.8367105;-1.047436;3.202952;
FootRight;-0.4046161;-1.081367;3.024257;
FootLeft;-0.7562259;-1.094065;3.14994;
Head;-0.7292784;0.6198798;3.068001;
ShoulderCenter;-0.7512567;0.4089211;3.044427;
ShoulderRight;-0.5827917;0.3047714;3.119614;
ShoulderLeft;-0.6995355;0.2519159;2.87594;
ElbowRight;-0.6837421;0.1112361;2.915902;
ElbowLeft;-0.6218087;0.1178091;3.079299;
WristRight;-0.8143456;-0.1173634;2.807279;
WristLeft;-0.6329294;-0.1456702;3.156947;
HandRight;-0.8591523;-0.1922401;2.816787;
HandLeft;-0.6800562;-0.1846488;3.1786;
Spine;-0.7405235;5.714921E-05;3.034972;
HipCenter;-0.7022833;-0.07676441;3.011927;
HipRight;-0.6710185;-0.1107686;3.037866;
HipLeft;-0.7194134;-0.140205;2.956068;
KneeRight;-0.6007578;-0.6505739;3.026225;
KneeLeft;-0.9278384;-0.6359343;3.170372;
AnkleRight;-0.4903679;-1.036115;3.076457;
AnkleLeft;-1.00721;-1.041402;3.190377;
FootRight;-0.4016608;-1.078349;3.031642;
FootLeft;-0.9185027;-1.083636;3.145562;
Head;-0.796963;0.6177415;3.081381;
ShoulderCenter;-0.8032428;0.4046835;3.049075;
ShoulderRight;-0.6329386;0.3153009;3.109327;
ShoulderLeft;-0.7823287;0.2552473;2.899337;
ElbowRight;-0.7368278;0.1173459;2.912319;
ElbowLeft;-0.6892922;0.1137567;3.092524;
WristRight;-0.8764695;-0.1095183;2.812773;
WristLeft;-0.6742755;-0.1403121;3.193226;
HandRight;-1.002389;-0.3002768;2.780075;
HandLeft;-0.7212031;-0.1791259;3.214787;
Spine;-0.7903672;0.02113609;3.034799;
HipCenter;-0.751645;-0.04798757;3.007696;
HipRight;-0.706166;-0.1169859;2.924619;
HipLeft;-0.7778727;-0.1478818;3.069783;
KneeRight;-0.6196252;-0.6436247;3.01757;
KneeLeft;-0.9983199;-0.6541027;3.167787;
AnkleRight;-0.4972194;-1.032576;3.075172;
AnkleLeft;-1.161857;-1.047496;3.182736;
FootRight;-0.4175013;-1.074393;3.014696;
FootLeft;-1.082139;-1.089313;3.12226;
Head;-0.8270761;0.6089822;3.107885;
ShoulderCenter;-0.854718;0.3970103;3.055953;
ShoulderRight;-0.7348183;0.2801359;3.042885;
ShoulderLeft;-0.8662885;0.2502813;2.889915;
ElbowRight;-0.8300747;0.0673392;2.85923;
ElbowLeft;-0.7605116;0.1164394;3.082261;
WristRight;-0.9764753;-0.1647414;2.790421;
WristLeft;-0.7313867;-0.1320842;3.192223;
HandRight;-1.087402;-0.3008133;2.789638;
HandLeft;-0.7781206;-0.1707378;3.213696;
Spine;-0.8412632;-0.02279594;3.023456;
HipCenter;-0.804877;-0.09837402;2.990002;
HipRight;-0.7727329;-0.146738;2.947082;
HipLeft;-0.8276009;-0.1436401;3.017642;
KneeRight;-0.7219456;-0.6526248;3.046847;
KneeLeft;-1.05921;-0.6588216;3.161427;
AnkleRight;-0.4991556;-1.031856;3.074968;
AnkleLeft;-1.301753;-1.045499;3.181058;
FootRight;-0.4243581;-1.073419;3.008319;
FootLeft;-1.226956;-1.087063;3.114409;
Head;-0.9637758;0.5966409;3.076171;
ShoulderCenter;-0.9089128;0.3899193;3.045129;
ShoulderRight;-0.8097246;0.2244784;3.029775;
ShoulderLeft;-0.8902699;0.2397994;2.888063;
ElbowRight;-0.9069172;0.02068084;2.835406;
ElbowLeft;-0.7990689;0.1035971;3.085454;
WristRight;-1.060078;-0.2118422;2.793756;
WristLeft;-0.7832034;-0.1473935;3.19299;
HandRight;-1.146484;-0.3095933;2.794102;
HandLeft;-0.8297691;-0.1859079;3.214385;
Spine;-0.907299;-0.01985447;3.023018;
HipCenter;-0.8668212;-0.09559295;3.000089;
HipRight;-0.839618;-0.1475993;2.937117;
HipLeft;-0.8832434;-0.1679402;3.047707;
KneeRight;-0.7385473;-0.6520188;3.037096;
KneeLeft;-1.125498;-0.6578624;3.162493;
AnkleRight;-0.5057415;-1.03057;3.073211;
AnkleLeft;-1.374033;-1.050904;3.169092;
FootRight;-0.4180578;-1.072976;3.02549;
FootLeft;-1.286349;-1.09331;3.121372;
Head;-1.061866;0.570042;3.094623;
ShoulderCenter;-0.9681677;0.377116;3.04352;
ShoulderRight;-0.8656186;0.2251625;3.036912;
ShoulderLeft;-0.9638434;0.2126368;2.882304;
ElbowRight;-0.9675289;0.0176539;2.85013;
ElbowLeft;-0.8606205;0.09943298;3.087064;
WristRight;-1.120048;-0.214471;2.801963;
WristLeft;-0.8420016;-0.1512537;3.194857;
HandRight;-1.182562;-0.2740539;2.807236;
HandLeft;-0.8884552;-0.1896755;3.216201;
Spine;-0.9706416;-0.07071313;3.017724;
HipCenter;-0.9325868;-0.1545455;2.991256;
HipRight;-0.9076902;-0.1843807;3.01218;
HipLeft;-0.9528551;-0.1938666;2.961594;
KneeRight;-0.7541343;-0.6527507;3.023697;
KneeLeft;-1.127187;-0.6552783;3.158656;
AnkleRight;-0.5173218;-1.02716;3.071687;
AnkleLeft;-1.366765;-1.055807;3.161601;
FootRight;-0.433878;-1.069606;3.018445;
FootLeft;-1.441643;-1.098512;3.130779;
Head;-1.14256;0.5625252;3.108028;
ShoulderCenter;-1.035385;0.3769003;3.053043;
ShoulderRight;-0.9693148;0.2412868;2.957155;
ShoulderLeft;-1.048649;0.2151791;2.90015;
ElbowRight;-1.04231;-0.01006617;2.829876;
ElbowLeft;-0.9424281;0.09718581;3.100814;
WristRight;-1.193208;-0.2448068;2.799835;
WristLeft;-0.9152942;-0.1490575;3.215216;
HandRight;-1.258464;-0.3012253;2.802333;
HandLeft;-0.9616289;-0.1873809;3.236505;
Spine;-1.027207;-0.03477788;3.036304;
HipCenter;-0.9994727;-0.1093417;2.996728;
HipRight;-0.9818028;-0.1495853;2.944718;
HipLeft;-1.009823;-0.1682122;3.034213;
KneeRight;-0.8535165;-0.5932612;3.000532;
KneeLeft;-1.138081;-0.6549568;3.156918;
AnkleRight;-0.5836432;-0.9668797;3.046846;
AnkleLeft;-1.34786;-1.059491;3.149649;
FootRight;-0.5915258;-1.079064;3.073884;
FootLeft;-1.429815;-1.094825;3.132454;
Head;-1.170447;0.5752934;3.114944;
ShoulderCenter;-1.0948;0.3747548;3.057176;
ShoulderRight;-0.9867819;0.2092224;3.046785;
ShoulderLeft;-1.104947;0.2451144;2.915558;
ElbowRight;-1.087024;-0.002983779;2.865934;
ElbowLeft;-0.9985077;0.1035441;3.102194;
WristRight;-1.223649;-0.2420239;2.803843;
WristLeft;-0.97432;-0.1510701;3.199549;
HandRight;-1.287943;-0.3396848;2.799213;
HandLeft;-1.020494;-0.1892603;3.220764;
Spine;-1.08674;-0.03459634;3.034335;
HipCenter;-1.048238;-0.1085566;3.002709;
HipRight;-1.01121;-0.1417268;2.960465;
HipLeft;-1.071764;-0.1632218;3.029418;
KneeRight;-0.9409036;-0.6649691;3.00674;
KneeLeft;-1.282349;-0.6882069;3.171876;
AnkleRight;-0.6082609;-0.9843322;3.041612;
AnkleLeft;-1.337183;-1.028704;3.130209;
FootRight;-0.6095037;-1.073165;3.058802;
FootLeft;-1.261481;-1.069799;3.067649;
Head;-1.25472;0.5798702;3.119485;
ShoulderCenter;-1.162093;0.3862297;3.066041;
ShoulderRight;-1.03789;0.2688754;3.014652;
ShoulderLeft;-1.175696;0.2293041;2.905604;
ElbowRight;-1.129979;0.03065245;2.872555;
ElbowLeft;-1.068471;0.08932038;3.09263;
WristRight;-1.260944;-0.213077;2.820481;
WristLeft;-1.044078;-0.1650844;3.18997;
HandRight;-1.303935;-0.2867383;2.810532;
HandLeft;-1.090181;-0.2032156;3.211153;
Spine;-1.13944;-0.05398666;3.044385;
HipCenter;-1.105949;-0.1329683;3.003828;
HipRight;-1.07136;-0.1664733;3.027441;
HipLeft;-1.131191;-0.1858846;2.967367;
KneeRight;-1.070359;-0.6542488;2.987624;
KneeLeft;-1.328704;-0.6973888;3.163955;
AnkleRight;-0.698005;-0.9298441;3.017495;
AnkleLeft;-1.351591;-1.041818;3.132945;
FootRight;-0.7076293;-1.046407;3.054632;
FootLeft;-1.441745;-1.10747;3.120587;
Head;-1.288287;0.5856835;3.088952;
ShoulderCenter;-1.21216;0.3867816;3.074734;
ShoulderRight;-1.127189;0.2484434;2.961638;
ShoulderLeft;-1.183212;0.2286766;2.895527;
ElbowRight;-1.191204;-0.009529844;2.846777;
ElbowLeft;-1.104862;0.08600092;3.092889;
WristRight;-1.312038;-0.2558702;2.813796;
WristLeft;-1.101556;-0.1688813;3.191751;
HandRight;-1.344425;-0.3349105;2.806338;
HandLeft;-1.147592;-0.2069572;3.212903;
Spine;-1.195195;-0.01830079;3.047006;
HipCenter;-1.155772;-0.08957141;3.011682;
HipRight;-1.133213;-0.1575075;2.92883;
HipLeft;-1.160572;-0.1716483;3.069952;
KneeRight;-1.129588;-0.6531675;3.002961;
KneeLeft;-1.31218;-0.6900505;3.103073;
AnkleRight;-0.7762116;-0.9186187;3.01502;
AnkleLeft;-1.359624;-1.051704;3.136104;
FootRight;-0.8066818;-1.015469;3.034436;
FootLeft;-1.442655;-1.10817;3.120936;
Head;-1.292237;0.6161087;3.117273;
ShoulderCenter;-1.26162;0.4030594;3.068577;
ShoulderRight;-1.175368;0.269863;2.966743;
ShoulderLeft;-1.247171;0.2508115;2.893781;
ElbowRight;-1.220716;0.008081824;2.847795;
ElbowLeft;-1.32225;0.04603908;2.916613;
WristRight;-1.336468;-0.2374942;2.803278;
WristLeft;-1.352006;-0.2232864;2.829725;
HandRight;-1.371502;-0.3156223;2.802678;
HandLeft;-1.377626;-0.2808094;2.823389;
Spine;-1.231771;-0.02334994;3.043936;
HipCenter;-1.191845;-0.09753843;3.00567;
HipRight;-1.180361;-0.1192667;2.9792;
HipLeft;-1.207552;-0.1329293;3.021628;
KneeRight;-1.181043;-0.6439191;3.020808;
KneeLeft;-1.301572;-0.6716784;3.004798;
AnkleRight;-0.8979403;-0.9118938;3.018261;
AnkleLeft;-1.360727;-1.050651;3.137126;
FootRight;-0.8292772;-0.9526901;2.946775;
FootLeft;-1.292064;-1.091447;3.06564;
Head;-1.288314;0.629833;3.097878;
ShoulderCenter;-1.29856;0.414643;3.059129;
ShoulderRight;-1.217425;0.2832114;2.965294;
ShoulderLeft;-1.27591;0.2821277;2.905516;
ElbowRight;-1.252767;0.01830599;2.846277;
ElbowLeft;-1.273087;0.03218187;2.80365;
WristRight;-1.357415;-0.2332459;2.806566;
WristLeft;-1.303003;-0.2385885;2.716362;
HandRight;-1.385213;-0.3139399;2.802962;
HandLeft;-1.328563;-0.2959763;2.710042;
Spine;-1.251834;-0.01356745;3.043018;
HipCenter;-1.207292;-0.08801844;3.007348;
HipRight;-1.191553;-0.1116421;2.982668;
HipLeft;-1.218886;-0.1157345;3.023784;
KneeRight;-1.336642;-0.6243032;3.004837;
KneeLeft;-1.308152;-0.59904;3.172356;
AnkleRight;-1.040569;-0.9237409;3.010604;
AnkleLeft;-1.360162;-1.050025;3.136172;
FootRight;-0.9691341;-0.9643118;2.94176;
FootLeft;-1.288727;-1.090596;3.067328;
Head;-1.351618;0.6446274;3.113384;
ShoulderCenter;-1.351272;0.429844;3.045817;
ShoulderRight;-1.278564;0.2862065;2.93617;
ShoulderLeft;-1.333151;0.2947034;2.88805;
ElbowRight;-1.296325;0.01704478;2.821498;
ElbowLeft;-1.296697;0.02129775;2.803433;
WristRight;-1.393878;-0.2318857;2.814483;
WristLeft;-1.326721;-0.250451;2.715867;
HandRight;-1.42754;-0.2882102;2.797967;
HandLeft;-1.352365;-0.3080278;2.709525;
Spine;-1.324988;0.01369546;3.042068;
HipCenter;-1.284318;-0.06041598;3.006441;
HipRight;-1.268633;-0.09554612;2.972704;
HipLeft;-1.290482;-0.09501089;3.032435;
KneeRight;-1.401371;-0.6519554;2.997952;
KneeLeft;-1.350567;-0.6309324;3.174908;
AnkleRight;-1.191419;-0.9687266;3.044071;
AnkleLeft;-1.364061;-1.045575;3.125233;
FootRight;-1.123659;-1.01018;2.971812;
FootLeft;-1.296301;-1.087029;3.052974;
Head;-1.429067;0.5893857;3.082607;
ShoulderCenter;-1.398893;0.3754442;3.025694;
ShoulderRight;-1.321284;0.2907614;2.937846;
ShoulderLeft;-1.371814;0.2939314;2.880476;
ElbowRight;-1.338397;0.01939866;2.826431;
ElbowLeft;-1.324301;0.04399176;2.793144;
WristRight;-1.433381;-0.2340464;2.816051;
WristLeft;-1.354441;-0.2288144;2.705297;
HandRight;-1.45197;-0.308073;2.812008;
HandLeft;-1.38016;-0.286559;2.698936;
Spine;-1.371057;-0.002224689;3.041719;
HipCenter;-1.324451;-0.0691106;3.013713;
HipRight;-1.307476;-0.09197148;2.981068;
HipLeft;-1.332751;-0.1128783;3.042569;
KneeRight;-1.457172;-0.658147;2.988351;
KneeLeft;-1.376998;-0.6417918;3.167648;
AnkleRight;-1.326681;-1.017233;3.020172;
AnkleLeft;-1.319557;-1.081078;3.145476;
FootRight;-1.251489;-1.05861;2.956023;
FootLeft;-1.3562;-1.154232;3.105465;
Head;-1.51139;0.6396762;3.033023;
ShoulderCenter;-1.451965;0.4350399;3.028228;
ShoulderRight;-1.33287;0.3107749;3.002415;
ShoulderLeft;-1.415059;0.284346;2.873396;
ElbowRight;-1.361482;0.054483;2.851288;
ElbowLeft;-1.35108;0.06181847;2.789663;
WristRight;-1.447976;-0.2166736;2.820051;
WristLeft;-1.434015;-0.2108005;2.782849;
HandRight;-1.464573;-0.3114364;2.806552;
HandLeft;-1.479993;-0.322274;2.801329;
Spine;-1.414174;0.0008485741;3.042469;
HipCenter;-1.364533;-0.07606474;3.019625;
HipRight;-1.347766;-0.09180981;3.008082;
HipLeft;-1.381629;-0.1065518;3.029904;
KneeRight;-1.469571;-0.6655204;3.000197;
KneeLeft;-1.452954;-0.6679291;3.096071;
AnkleRight;-1.412632;-1.053202;3.042914;
AnkleLeft;-1.473269;-1.052328;3.00314;
FootRight;-1.517608;-1.101634;3.00189;
FootLeft;-1.509749;-1.125156;2.963307;
Head;-1.552085;0.6225103;3.009528;
ShoulderCenter;-1.468755;0.4304984;3.023681;
ShoulderRight;-1.358116;0.3007634;3.014885;
ShoulderLeft;-1.42348;0.2867484;2.873604;
ElbowRight;-1.407043;0.05775002;2.84288;
ElbowLeft;-1.41025;0.03867887;2.795803;
WristRight;-1.470314;-0.196508;2.802907;
WristLeft;-1.487401;-0.236415;2.789652;
HandRight;-1.474512;-0.282477;2.805945;
HandLeft;-1.504298;-0.3580891;2.837046;
Spine;-1.432941;0.001390639;3.044489;
HipCenter;-1.37947;-0.07521847;3.029845;
HipRight;-1.358401;-0.09104324;3.011524;
HipLeft;-1.393289;-0.1096176;3.048636;
KneeRight;-1.509002;-0.6572432;3.025101;
KneeLeft;-1.454352;-0.6520848;3.145705;
AnkleRight;-1.369283;-1.050479;3.122566;
AnkleLeft;-1.551133;-1.017368;2.994201;
FootRight;-1.279881;-1.091612;3.080122;
FootLeft;-1.538409;-1.100548;3.084254;
Head;-1.541641;0.6286009;3.028735;
ShoulderCenter;-1.500695;0.4189294;3.027979;
ShoulderRight;-1.385556;0.2898158;3.024286;
ShoulderLeft;-1.45958;0.2721828;2.862598;
ElbowRight;-1.422923;0.04656424;2.847282;
ElbowLeft;-1.444593;-0.001586834;2.806969;
WristRight;-1.476426;-0.1703668;2.803645;
WristLeft;-1.503057;-0.2694877;2.876058;
HandRight;-1.488246;-0.2558801;2.807004;
HandLeft;-1.508889;-0.3558911;2.927615;
Spine;-1.476886;-0.005139205;3.054679;
HipCenter;-1.424178;-0.08231711;3.041157;
HipRight;-1.406413;-0.1026227;3.026828;
HipLeft;-1.43338;-0.1076994;3.055333;
KneeRight;-1.550455;-0.6713117;3.040833;
KneeLeft;-1.451139;-0.6561518;3.163241;
AnkleRight;-1.367954;-1.049791;3.119948;
AnkleLeft;-1.54792;-1.021435;3.011746;
FootRight;-1.277967;-1.091838;3.077768;
FootLeft;-1.45132;-1.078409;3.064872;
Head;-1.576767;0.5471696;2.94995;
ShoulderCenter;-1.520462;0.3723645;3.023252;
ShoulderRight;-1.406071;0.2427073;3.021202;
ShoulderLeft;-1.476513;0.2269785;2.85583;
ElbowRight;-1.472521;-0.008276769;2.877715;
ElbowLeft;-1.462972;0.0003608203;2.805168;
WristRight;-1.51414;-0.2071456;2.801841;
WristLeft;-1.521452;-0.2676108;2.874281;
HandRight;-1.527175;-0.2926998;2.805153;
HandLeft;-1.527268;-0.3539434;2.925815;
Spine;-1.508479;-0.09386522;3.091495;
HipCenter;-1.457432;-0.1834671;3.087766;
HipRight;-1.433999;-0.2172519;3.129529;
HipLeft;-1.473676;-0.2130791;3.051639;
KneeRight;-1.595039;-0.7832391;3.090161;
KneeLeft;-1.428741;-0.7211251;3.183627;
AnkleRight;-1.367926;-1.049389;3.119547;
AnkleLeft;-1.525523;-1.086408;3.032135;
FootRight;-1.277415;-1.093552;3.080778;
FootLeft;-1.422345;-1.094821;3.100581;
Head;-1.451219;0.2517079;3.004493;
ShoulderCenter;-1.568727;0.3978687;3.071468;
ShoulderRight;-1.454336;0.2682115;3.069417;
ShoulderLeft;-1.524994;0.2519034;2.903959;
ElbowRight;-1.513892;0.0078457;2.934095;
ElbowLeft;-1.5168;0.01021943;2.897227;
WristRight;-1.548595;-0.2767573;2.936206;
WristLeft;-1.526619;-0.2717615;2.935874;
HandRight;-1.571953;-0.3801804;2.957588;
HandLeft;-1.528504;-0.3441629;2.98243;
Spine;-1.547617;-0.08678559;3.161901;
HipCenter;-1.494749;-0.1802668;3.162568;
HipRight;-1.47569;-0.1953051;3.161428;
HipLeft;-1.509526;-0.1986865;3.168105;
KneeRight;-1.512374;-0.6786093;3.149843;
KneeLeft;-1.437973;-0.7212196;3.185578;
AnkleRight;-1.367254;-1.049825;3.119367;
AnkleLeft;-1.427694;-1.065337;3.156914;
FootRight;-1.276813;-1.094124;3.080542;
FootLeft;-1.360505;-1.104522;3.108264;
Head;-1.562603;0.3403041;3.111017;
ShoulderCenter;-1.5623;0.1320547;3.128602;
ShoulderRight;-1.44791;0.002397433;3.126551;
ShoulderLeft;-1.518568;-0.0139107;2.961093;
ElbowRight;-1.550255;-0.2112295;3.050789;
ElbowLeft;-1.555665;-0.2494352;2.985287;
WristRight;-1.58326;-0.4954214;3.060091;
WristLeft;-1.565482;-0.5313303;3.023934;
HandRight;-1.604482;-0.5824915;3.081101;
HandLeft;-1.56737;-0.6038175;3.070506;
Spine;-1.572457;-0.2843764;3.206328;
HipCenter;-1.525662;-0.3666346;3.204612;
HipRight;-1.493105;-0.3591866;3.185215;
HipLeft;-1.555329;-0.4134131;3.228812;
KneeRight;-1.53539;-0.7910873;3.135806;
KneeLeft;-1.48472;-1.069523;3.190348;
AnkleRight;-1.368976;-1.050799;3.120919;
AnkleLeft;-1.463473;-1.378094;3.159114;
FootRight;-1.279164;-1.096778;3.082778;
FootLeft;-1.397487;-1.445521;3.111224;
Head;-1.579253;-0.333046;3.192962;
ShoulderCenter;-1.578952;-0.5405567;3.210426;
ShoulderRight;-1.464561;-0.6702139;3.208375;
ShoulderLeft;-1.535219;-0.6865221;3.042917;
ElbowRight;-1.439496;-0.945412;3.103117;
ElbowLeft;-1.591962;-0.4583026;3.079488;
WristRight;-1.464766;-1.230606;3.098865;
WristLeft;-1.601757;-0.7395838;3.118052;
HandRight;-1.489417;-1.363951;3.12046;
HandLeft;-1.603667;-0.8126849;3.164741;
Spine;-1.504011;-0.8527718;3.210022;
HipCenter;-1.444082;-0.8962225;3.19256;
HipRight;-1.420191;-0.9193903;3.198239;
HipLeft;-1.456444;-0.9034546;3.184065;
KneeRight;-1.728373;-0.5244612;3.08671;
KneeLeft;-1.508947;-1.259799;3.153889;
AnkleRight;-1.972124;-0.2120984;2.980842;
AnkleLeft;-1.4877;-1.56837;3.12272;
FootRight;-1.881376;-0.2532137;2.939048;
FootLeft;-1.421715;-1.635797;3.074831;
Head;-1.633086;-0.339172;3.1937;
ShoulderCenter;-1.632785;-0.5461085;3.211017;
ShoulderRight;-1.547897;-0.7342553;3.167425;
ShoulderLeft;-1.589053;-0.6920739;3.043508;
ElbowRight;-1.45465;-0.9934186;3.094379;
ElbowLeft;-1.658671;-0.4463585;3.143982;
WristRight;-1.487617;-1.277289;3.103696;
WristLeft;-1.668476;-0.7279346;3.18261;
HandRight;-1.508877;-1.364681;3.124733;
HandLeft;-1.670376;-0.8007408;3.229243;
Spine;-1.732505;-0.8968596;3.330967;
HipCenter;-1.705078;-0.9801297;3.338438;
HipRight;-1.709637;-1.080821;3.301406;
HipLeft;-1.714864;-0.9655613;3.397767;
KneeRight;-2.00952;-0.8051139;3.432016;
KneeLeft;-1.599794;-1.334903;3.145708;
AnkleRight;-1.607911;-0.9421089;3.216423;
AnkleLeft;-1.578547;-1.643474;3.114556;
FootRight;-1.554848;-1.043234;3.16727;
FootLeft;-1.512561;-1.710901;3.066667;
