Floor;-0.02685815;0.9996341;0.003183006;1.061754;
Head;-0.940717;0.5247719;2.972353;
ShoulderCenter;-1.076577;0.3355791;2.930553;
ShoulderRight;-0.9827311;0.1221614;3.056405;
ShoulderLeft;-1.147371;0.2092123;2.817955;
ElbowRight;-1.006289;-0.1549838;3.229406;
ElbowLeft;-1.277609;-0.06484289;2.754496;
WristRight;-0.8690076;-0.3682644;3.323149;
WristLeft;-1.334171;-0.3333427;2.766538;
HandRight;-0.823247;-0.439358;3.359116;
HandLeft;-1.36732;-0.3791944;2.780052;
Spine;-1.073296;-0.04730951;2.934081;
HipCenter;-1.07264;-0.1238872;2.938247;
HipRight;-1.03504;-0.2083761;2.986908;
HipLeft;-1.109128;-0.1692032;2.88776;
KneeRight;-0.9286159;-0.6868024;2.965222;
KneeLeft;-1.371726;-0.7429216;3.077806;
AnkleRight;-0.7714225;-1.042662;3.010276;
AnkleLeft;-1.541101;-1.048025;3.032218;
FootRight;-0.6654184;-1.085887;3.024628;
FootLeft;-1.469833;-1.104258;3.04327;
Head;-0.8829848;0.5248166;2.957165;
ShoulderCenter;-1.018459;0.3308305;2.921277;
ShoulderRight;-0.9258434;0.1524777;3.035317;
ShoulderLeft;-1.087324;0.2065361;2.816571;
ElbowRight;-0.9415138;-0.1225981;3.208557;
ElbowLeft;-1.221074;-0.08145573;2.756654;
WristRight;-0.8792455;-0.340595;3.304576;
WristLeft;-1.270864;-0.3277931;2.761672;
HandRight;-0.8584893;-0.4132606;3.341283;
HandLeft;-1.302637;-0.3866658;2.78042;
Spine;-1.019538;-0.04456328;2.928514;
HipCenter;-1.019754;-0.119642;2.933409;
HipRight;-0.9836217;-0.201879;2.991775;
HipLeft;-1.056288;-0.1775527;2.874431;
KneeRight;-0.8813525;-0.6629258;2.966127;
KneeLeft;-1.264368;-0.6457948;3.076813;
AnkleRight;-0.7628224;-1.045106;3.011014;
AnkleLeft;-1.52551;-1.034268;3.035647;
FootRight;-0.6385052;-1.087825;3.026276;
FootLeft;-1.47012;-1.112839;3.053702;
Head;-0.8312354;0.5179332;2.942402;
ShoulderCenter;-0.9459125;0.3199679;2.91784;
ShoulderRight;-0.8731788;0.1551584;3.046894;
ShoulderLeft;-1.026371;0.2042582;2.811832;
ElbowRight;-0.8524525;-0.09053473;3.004551;
ElbowLeft;-1.15712;-0.0997173;2.758884;
WristRight;-0.840695;-0.2842168;3.262577;
WristLeft;-1.206247;-0.3401999;2.772519;
HandRight;-0.7854549;-0.3393068;3.275778;
HandLeft;-1.237722;-0.3963344;2.781481;
Spine;-0.9457362;-0.05366014;2.932531;
HipCenter;-0.945701;-0.1283857;2.938905;
HipRight;-0.9112004;-0.2081077;2.99835;
HipLeft;-0.9801369;-0.1860128;2.881607;
KneeRight;-0.8278602;-0.6581203;2.959575;
KneeLeft;-1.138496;-0.5560088;3.06708;
AnkleRight;-0.7554904;-1.04492;3.008937;
AnkleLeft;-1.413668;-0.9169633;3.047709;
FootRight;-0.7052194;-1.114316;2.994964;
FootLeft;-1.336502;-0.9616566;2.997894;
Head;-0.7803251;0.4895868;2.960818;
ShoulderCenter;-0.8956961;0.3287903;2.919988;
ShoulderRight;-0.8154197;0.1482627;3.059809;
ShoulderLeft;-0.9679033;0.2103545;2.806222;
ElbowRight;-0.7931061;-0.09223826;2.997995;
ElbowLeft;-1.088833;-0.09065423;2.755232;
WristRight;-0.8005037;-0.2847671;3.25185;
WristLeft;-1.120151;-0.3314376;2.764524;
HandRight;-0.7642733;-0.3465827;3.268108;
HandLeft;-1.144712;-0.3987296;2.782621;
Spine;-0.891898;-0.05534628;2.925619;
HipCenter;-0.8911384;-0.1321736;2.930191;
HipRight;-0.8561842;-0.2114135;2.983385;
HipLeft;-0.9248018;-0.1834721;2.875895;
KneeRight;-0.8167253;-0.6563376;2.964694;
KneeLeft;-1.066466;-0.5295899;3.05353;
AnkleRight;-0.7479268;-1.043573;3.006982;
AnkleLeft;-1.328443;-0.8896337;3.052057;
FootRight;-0.6683562;-1.087498;2.960008;
FootLeft;-1.248872;-0.9335585;3.005082;
Head;-0.740172;0.5199178;2.960454;
ShoulderCenter;-0.8412057;0.3401585;2.918903;
ShoulderRight;-0.7673758;0.1574226;3.063529;
ShoulderLeft;-0.9166517;0.2186269;2.803945;
ElbowRight;-0.7508192;-0.1239978;2.983234;
ElbowLeft;-1.003382;-0.07570795;2.741083;
WristRight;-0.7401488;-0.2875634;3.189878;
WristLeft;-1.029794;-0.3195373;2.74514;
HandRight;-0.7440527;-0.3541954;3.266486;
HandLeft;-1.042008;-0.402651;2.773789;
Spine;-0.8319303;-0.04324698;2.924391;
HipCenter;-0.8300752;-0.1199281;2.928941;
HipRight;-0.7947625;-0.2006612;2.984607;
HipLeft;-0.8621471;-0.1731594;2.872085;
KneeRight;-0.7962245;-0.6572088;2.978302;
KneeLeft;-1.010923;-0.5094395;3.06491;
AnkleRight;-0.7452151;-1.043766;3.006692;
AnkleLeft;-1.283463;-0.8884659;3.072445;
FootRight;-0.6627148;-1.088132;2.960383;
FootLeft;-1.200963;-0.9328322;3.026136;
Head;-0.6631645;0.5154763;2.976472;
ShoulderCenter;-0.7881271;0.3439517;2.937691;
ShoulderRight;-0.7139372;0.1650267;3.044166;
ShoulderLeft;-0.8633983;0.2376664;2.811434;
ElbowRight;-0.7218331;-0.1220315;2.967257;
ElbowLeft;-0.9270261;-0.05855129;2.724766;
WristRight;-0.7111626;-0.2855971;3.173862;
WristLeft;-0.9211802;-0.3041263;2.740447;
HandRight;-0.7124178;-0.3570617;3.25175;
HandLeft;-0.9313865;-0.4093452;2.740378;
Spine;-0.7721784;-0.04920062;2.930117;
HipCenter;-0.7689887;-0.1278311;2.932064;
HipRight;-0.7329406;-0.203816;2.976158;
HipLeft;-0.800198;-0.1711282;2.882967;
KneeRight;-0.7987989;-0.6659127;2.992019;
KneeLeft;-0.9211045;-0.6662916;3.113353;
AnkleRight;-0.7445475;-1.045311;3.007537;
AnkleLeft;-1.250646;-0.9586051;3.114049;
FootRight;-0.6657675;-1.087343;2.959221;
FootLeft;-1.235343;-1.064939;3.159772;
Head;-0.6168576;0.5227138;2.960876;
ShoulderCenter;-0.7562226;0.3601216;2.937686;
ShoulderRight;-0.6657435;0.1773764;3.032056;
ShoulderLeft;-0.8343437;0.2466018;2.812961;
ElbowRight;-0.6426165;-0.06071676;2.979841;
ElbowLeft;-0.8521119;-0.01060417;2.727609;
WristRight;-0.6354128;-0.1885916;3.190122;
WristLeft;-0.8183518;-0.2455744;2.751797;
HandRight;-0.6364251;-0.2601346;3.267461;
HandLeft;-0.8216779;-0.3507397;2.757258;
Spine;-0.7175276;-0.02196347;2.948094;
HipCenter;-0.710952;-0.09897012;2.953633;
HipRight;-0.6697624;-0.1747894;2.998853;
HipLeft;-0.74195;-0.1425055;2.908874;
KneeRight;-0.7938789;-0.6604121;3.010284;
KneeLeft;-0.7157424;-0.6373864;2.939351;
AnkleRight;-0.735574;-1.040918;3.004957;
AnkleLeft;-1.080672;-0.8893702;3.090713;
FootRight;-0.6614459;-1.081911;2.950955;
FootLeft;-1.090061;-0.9971217;3.131305;
Head;-0.571973;0.5457599;2.969803;
ShoulderCenter;-0.698669;0.3721967;2.936173;
ShoulderRight;-0.6238105;0.1829605;3.033808;
ShoulderLeft;-0.7780527;0.2632957;2.822608;
ElbowRight;-0.6033319;-0.04973757;2.991763;
ElbowLeft;-0.7897778;0.02038924;2.739007;
WristRight;-0.5961618;-0.1735288;3.20074;
WristLeft;-0.7054458;-0.2369612;2.761383;
HandRight;-0.5971659;-0.2444892;3.277448;
HandLeft;-0.6638172;-0.3305127;2.782258;
Spine;-0.6706917;-0.03105599;2.958951;
HipCenter;-0.6644427;-0.1118334;2.967128;
HipRight;-0.626264;-0.1873778;3.01116;
HipLeft;-0.6958656;-0.1518638;2.926711;
KneeRight;-0.6156034;-0.6002555;3.133801;
KneeLeft;-0.7148508;-0.6391597;2.940054;
AnkleRight;-0.7269901;-1.045914;3.000531;
AnkleLeft;-0.9931602;-0.959251;3.110452;
FootRight;-0.6539005;-1.087374;2.949148;
FootLeft;-0.9645526;-1.053928;3.150598;
Head;-0.5205737;0.5422192;3.026215;
ShoulderCenter;-0.663461;0.386579;2.938987;
ShoulderRight;-0.5676305;0.1887467;3.048979;
ShoulderLeft;-0.7473698;0.2704095;2.819603;
ElbowRight;-0.5520945;-0.04032427;3.023974;
ElbowLeft;-0.7129819;0.01277842;2.743359;
WristRight;-0.5442122;-0.1627803;3.229942;
WristLeft;-0.6115599;-0.1930798;2.73683;
HandRight;-0.5452116;-0.2334091;3.306292;
HandLeft;-0.5538051;-0.2794741;2.741205;
Spine;-0.643566;-0.02044242;2.956199;
HipCenter;-0.6395474;-0.1019131;2.963386;
HipRight;-0.5961353;-0.1785777;3.005367;
HipLeft;-0.6760849;-0.1432345;2.923738;
KneeRight;-0.5819294;-0.6029583;3.139641;
KneeLeft;-0.7155256;-0.6436044;2.940887;
AnkleRight;-0.7277921;-1.045236;3.001989;
AnkleLeft;-0.7475183;-1.047028;3.002654;
FootRight;-0.6563437;-1.087422;2.947621;
FootLeft;-0.6838674;-1.101838;2.995296;
Head;-0.4831681;0.555208;3.039362;
ShoulderCenter;-0.6110732;0.3854541;2.945592;
ShoulderRight;-0.5224431;0.1856738;3.054935;
ShoulderLeft;-0.6834883;0.2918335;2.831905;
ElbowRight;-0.5022386;-0.03773667;3.009482;
ElbowLeft;-0.6219785;0.03073509;2.722617;
WristRight;-0.4982198;-0.1277513;3.221749;
WristLeft;-0.4465857;-0.216248;2.738441;
HandRight;-0.4992374;-0.1996652;3.299488;
HandLeft;-0.3766896;-0.2931675;2.745345;
Spine;-0.5993499;-0.006901316;2.964776;
HipCenter;-0.5969327;-0.08547509;2.972095;
HipRight;-0.5557398;-0.1566465;3.013934;
HipLeft;-0.6348471;-0.1282106;2.933122;
KneeRight;-0.5419276;-0.6628544;3.14271;
KneeLeft;-0.7019883;-0.6448402;2.945658;
AnkleRight;-0.6728877;-1.01287;3.083192;
AnkleLeft;-0.645764;-1.054697;3.121882;
FootRight;-0.634463;-1.094327;3.139578;
FootLeft;-0.6771764;-1.090437;3.015162;
Head;-0.4131421;0.5476028;3.055202;
ShoulderCenter;-0.5629663;0.396126;2.959994;
ShoulderRight;-0.4722518;0.196204;3.069614;
ShoulderLeft;-0.6378325;0.2927108;2.841294;
ElbowRight;-0.4594538;-0.02366038;3.00713;
ElbowLeft;-0.5513603;0.03641706;2.721777;
WristRight;-0.4506908;-0.154457;3.218647;
WristLeft;-0.337949;-0.1764617;2.716083;
HandRight;-0.451715;-0.2268395;3.296893;
HandLeft;-0.2521336;-0.2445124;2.728889;
Spine;-0.5721055;-0.01230391;2.952451;
HipCenter;-0.5709141;-0.09384213;2.954412;
HipRight;-0.5323864;-0.1686009;2.988692;
HipLeft;-0.6078308;-0.1298827;2.914853;
KneeRight;-0.4647999;-0.6378075;3.148177;
KneeLeft;-0.6742876;-0.6473393;2.951422;
AnkleRight;-0.5633631;-1.032993;3.138958;
AnkleLeft;-0.7385917;-1.048529;3.012482;
FootRight;-0.4870161;-1.08091;3.184604;
FootLeft;-0.6751798;-1.10422;3.007198;
Head;-0.364422;0.54585;3.078992;
ShoulderCenter;-0.5144501;0.395824;2.978353;
ShoulderRight;-0.4237356;0.195902;3.087973;
ShoulderLeft;-0.5956435;0.2827522;2.848669;
ElbowRight;-0.4251137;-0.0220287;3.020465;
ElbowLeft;-0.476085;0.03556884;2.721957;
WristRight;-0.4142438;-0.1540458;3.232412;
WristLeft;-0.2390877;-0.1476051;2.711266;
HandRight;-0.4152603;-0.2258921;3.310078;
HandLeft;-0.1771135;-0.1882412;2.736243;
Spine;-0.51107;-0.01448742;2.973955;
HipCenter;-0.5103939;-0.09654972;2.976614;
HipRight;-0.4751193;-0.1607081;3.001557;
HipLeft;-0.5448284;-0.1343601;2.948314;
KneeRight;-0.3960789;-0.6213097;3.148483;
KneeLeft;-0.657833;-0.6469147;2.952893;
AnkleRight;-0.4517659;-1.014574;3.130394;
AnkleLeft;-0.7373412;-1.048834;3.011416;
FootRight;-0.3845016;-1.060282;3.118257;
FootLeft;-0.6740878;-1.101185;3.007024;
Head;-0.3042509;0.5323741;3.08595;
ShoulderCenter;-0.4573597;0.3805652;2.995246;
ShoulderRight;-0.3666451;0.1806432;3.104866;
ShoulderLeft;-0.5520699;0.2721397;2.853246;
ElbowRight;-0.3623381;-0.03591764;3.039548;
ElbowLeft;-0.4336002;0.04043693;2.72912;
WristRight;-0.352269;-0.1692495;3.250888;
WristLeft;-0.1801482;-0.09937494;2.702473;
HandRight;-0.3533012;-0.2422007;3.329748;
HandLeft;-0.0938296;-0.156317;2.731604;
Spine;-0.4608746;-0.01358765;2.980631;
HipCenter;-0.4623883;-0.09248684;2.981196;
HipRight;-0.4246775;-0.1576152;3.001584;
HipLeft;-0.5030738;-0.1310149;2.954224;
KneeRight;-0.3351947;-0.6228518;3.137;
KneeLeft;-0.6241925;-0.6449741;2.952481;
AnkleRight;-0.299564;-1.015118;3.118244;
AnkleLeft;-0.7373323;-1.048789;3.011579;
FootRight;-0.2119205;-1.060093;3.174961;
FootLeft;-0.6723208;-1.101878;3.007848;
Head;-0.2551991;0.5233564;3.093342;
ShoulderCenter;-0.4161833;0.3784693;3.001139;
ShoulderRight;-0.3254687;0.1785473;3.110759;
ShoulderLeft;-0.4908999;0.2556443;2.865958;
ElbowRight;-0.321165;-0.03784738;3.04533;
ElbowLeft;-0.3248943;0.03731388;2.723274;
WristRight;-0.3110926;-0.1713454;3.256571;
WristLeft;-0.08360834;-0.1046975;2.718524;
HandRight;-0.3121329;-0.2448728;3.336055;
HandLeft;-0.001346349;-0.1354797;2.74433;
Spine;-0.4213546;-0.03391608;2.978747;
HipCenter;-0.4209616;-0.11744;2.977634;
HipRight;-0.3849077;-0.188182;3.015467;
HipLeft;-0.4577334;-0.1676845;2.930295;
KneeRight;-0.2819261;-0.6510587;3.13194;
KneeLeft;-0.5951545;-0.6520724;2.959273;
AnkleRight;-0.13832;-1.029575;3.146596;
AnkleLeft;-0.7362027;-1.044679;3.009259;
FootRight;-0.02752566;-1.055292;3.157492;
FootLeft;-0.6735411;-1.101292;3.008333;
Head;-0.2071851;0.5271248;3.048495;
ShoulderCenter;-0.3569375;0.3615251;3.002762;
ShoulderRight;-0.2662229;0.1616031;3.112382;
ShoulderLeft;-0.4466133;0.244876;2.869123;
ElbowRight;-0.2619187;-0.05481867;3.046887;
ElbowLeft;-0.2684767;0.03510526;2.72854;
WristRight;-0.2518468;-0.1882896;3.258101;
WristLeft;-0.02228646;-0.07153687;2.727689;
HandRight;-0.2529033;-0.2629569;3.338817;
HandLeft;0.07984756;-0.1087404;2.744298;
Spine;-0.3747849;-0.07186106;2.988665;
HipCenter;-0.3783544;-0.1585383;2.989429;
HipRight;-0.3349806;-0.2356853;3.040112;
HipLeft;-0.4272193;-0.2058372;2.932008;
KneeRight;-0.2053904;-0.6594696;3.140204;
KneeLeft;-0.539786;-0.644444;2.977817;
AnkleRight;-0.008012125;-1.01334;3.133116;
AnkleLeft;-0.7354782;-1.045346;3.009908;
FootRight;0.09614524;-1.049029;3.165632;
FootLeft;-0.6726446;-1.102271;3.006469;
Head;-0.1553669;0.5193778;3.057755;
ShoulderCenter;-0.3002791;0.3489763;3.001978;
ShoulderRight;-0.2095646;0.1490542;3.111598;
ShoulderLeft;-0.3864189;0.232692;2.885814;
ElbowRight;-0.2052669;-0.06703877;3.046179;
ElbowLeft;-0.211159;0.02743241;2.734088;
WristRight;-0.1951884;-0.2008385;3.257349;
WristLeft;0.06532772;-0.07885342;2.734531;
HandRight;-0.1962522;-0.2760197;3.33862;
HandLeft;0.1635751;-0.1027452;2.770832;
Spine;-0.337515;-0.08282798;2.985549;
HipCenter;-0.3457678;-0.1688104;2.986045;
HipRight;-0.2915711;-0.2404151;3.019476;
HipLeft;-0.4044547;-0.2040848;2.941459;
KneeRight;-0.1502286;-0.6254493;3.143933;
KneeLeft;-0.5349194;-0.643294;2.968557;
AnkleRight;0.03359895;-1.009798;3.10865;
AnkleLeft;-0.7285404;-1.041716;3.005537;
FootRight;0.1360641;-1.043249;3.135931;
FootLeft;-0.672342;-1.104542;3.00161;
Head;-0.0816431;0.5058466;3.081775;
ShoulderCenter;-0.2309822;0.3391813;3.018959;
ShoulderRight;-0.1402677;0.1392593;3.128579;
ShoulderLeft;-0.3216313;0.2212089;2.888878;
ElbowRight;-0.1359849;-0.07608463;3.063311;
ElbowLeft;-0.1540492;0.01089594;2.737712;
WristRight;-0.1258915;-0.2106334;3.274365;
WristLeft;0.1264696;-0.0772654;2.75303;
HandRight;-0.1269585;-0.2860441;3.355884;
HandLeft;0.222073;-0.1058663;2.768105;
Spine;-0.2853428;-0.06942078;2.972898;
HipCenter;-0.296215;-0.1511412;2.967264;
HipRight;-0.2783032;-0.2378314;3.013861;
HipLeft;-0.3419509;-0.1910273;2.908554;
KneeRight;-0.1121644;-0.6634885;3.128294;
KneeLeft;-0.501045;-0.6508992;2.962897;
AnkleRight;0.04780952;-1.018852;3.099955;
AnkleLeft;-0.7193305;-1.037489;3.001177;
FootRight;0.1426073;-1.055277;3.117405;
FootLeft;-0.6678368;-1.103554;3.00181;
Head;-0.01075147;0.4860505;3.118017;
ShoulderCenter;-0.1696971;0.3294654;3.041797;
ShoulderRight;-0.07898253;0.1295434;3.151417;
ShoulderLeft;-0.2638286;0.2186681;2.902857;
ElbowRight;-0.0746984;-0.08586736;3.086167;
ElbowLeft;-0.08317111;0.01104715;2.766122;
WristRight;-0.0646064;-0.2203493;3.297248;
WristLeft;0.1926064;-0.09463286;2.765402;
HandRight;-0.06567392;-0.2957973;3.378807;
HandLeft;0.2686802;-0.1090285;2.792789;
Spine;-0.2176745;-0.0668697;2.999284;
HipCenter;-0.22727;-0.1461367;2.994356;
HipRight;-0.1999522;-0.2319266;3.046077;
HipLeft;-0.2715901;-0.2008004;2.924307;
KneeRight;-0.04254315;-0.6972399;3.127558;
KneeLeft;-0.4628003;-0.6732438;2.960927;
AnkleRight;0.05379222;-1.036154;3.094249;
AnkleLeft;-0.6856753;-1.01851;2.98744;
FootRight;0.1469866;-1.063443;3.118111;
FootLeft;-0.6752571;-1.101;2.986696;
Head;0.0411156;0.4996431;3.105835;
ShoulderCenter;-0.1100544;0.3320237;3.055865;
ShoulderRight;-0.01933984;0.1321016;3.165485;
ShoulderLeft;-0.197508;0.2207078;2.915118;
ElbowRight;-0.01506834;-0.08267386;3.100336;
ElbowLeft;-0.05434059;-0.005179301;2.762401;
WristRight;-0.004963703;-0.2177911;3.311305;
WristLeft;0.215688;-0.1042821;2.766568;
HandRight;-0.006031858;-0.2932838;3.392913;
HandLeft;0.2918882;-0.1183529;2.793919;
Spine;-0.1493321;-0.05938574;3.015864;
HipCenter;-0.1571876;-0.1376676;3.011438;
HipRight;-0.1337499;-0.2466112;3.075384;
HipLeft;-0.1974349;-0.196235;2.926432;
KneeRight;-0.003236544;-0.6752725;3.128029;
KneeLeft;-0.3648067;-0.6652042;2.959169;
AnkleRight;0.05420396;-1.025996;3.093531;
AnkleLeft;-0.6557423;-1.016637;2.983759;
FootRight;0.09511934;-1.08432;3.049949;
FootLeft;-0.6534256;-1.099806;2.976503;
Head;0.09478547;0.5132725;3.100285;
ShoulderCenter;-0.05799776;0.3473972;3.075711;
ShoulderRight;0.03271682;0.1474752;3.185332;
ShoulderLeft;-0.1543073;0.2344048;2.93336;
ElbowRight;0.036989;-0.06733461;3.120126;
ElbowLeft;-0.005560338;0.006929308;2.790333;
WristRight;0.04709295;-0.2024175;3.331074;
WristLeft;0.2295152;-0.1182932;2.773039;
HandRight;0.04602339;-0.27801;3.41279;
HandLeft;0.3072035;-0.1417305;2.786661;
Spine;-0.09896629;-0.05059322;3.023314;
HipCenter;-0.10716;-0.1301913;3.016416;
HipRight;-0.08124508;-0.2353259;3.068982;
HipLeft;-0.1484351;-0.1742741;2.940745;
KneeRight;0.05288488;-0.6731144;3.13768;
KneeLeft;-0.2793766;-0.6610557;2.956492;
AnkleRight;0.06711962;-1.027529;3.084461;
AnkleLeft;-0.5742434;-0.9463414;2.960382;
FootRight;0.1013079;-1.09552;3.052527;
FootLeft;-0.5867545;-1.034857;3.009284;
Head;0.1606173;0.5075318;3.109958;
ShoulderCenter;-0.005002705;0.3526658;3.07354;
ShoulderRight;0.08571187;0.1527437;3.18316;
ShoulderLeft;-0.1019532;0.2371317;2.943575;
ElbowRight;0.08998296;-0.06201114;3.117913;
ElbowLeft;0.02508795;-0.00178428;2.797876;
WristRight;0.100088;-0.197149;3.328826;
WristLeft;0.2315883;-0.1353401;2.783752;
HandRight;0.09901933;-0.2726778;3.410473;
HandLeft;0.2879568;-0.1949519;2.778461;
Spine;-0.01563958;-0.03869239;3.049962;
HipCenter;-0.01776696;-0.116964;3.048834;
HipRight;0.01821487;-0.2042824;3.086994;
HipLeft;-0.05733657;-0.1616492;2.999605;
KneeRight;0.06000783;-0.6703542;3.128844;
KneeLeft;-0.1468972;-0.6332256;2.967284;
AnkleRight;0.06968807;-1.025277;3.083472;
AnkleLeft;-0.482612;-0.9221265;2.959368;
FootRight;0.1119539;-1.09472;3.06675;
FootLeft;-0.4951032;-1.010236;2.972284;
Head;0.2101651;0.5227901;3.100858;
ShoulderCenter;0.04512901;0.3676186;3.074563;
ShoulderRight;0.1358436;0.1676966;3.184183;
ShoulderLeft;-0.05178535;0.2438088;2.950252;
ElbowRight;0.1401105;-0.04684936;3.118919;
ElbowLeft;0.06028508;-0.005739883;2.812394;
WristRight;0.1502197;-0.1821961;3.32977;
WristLeft;0.2490263;-0.1631379;2.797941;
HandRight;0.149151;-0.2577321;3.411425;
HandLeft;0.3115563;-0.2163348;2.793432;
Spine;0.01519672;-0.03712204;3.044253;
HipCenter;0.009903885;-0.1174273;3.042164;
HipRight;0.04786504;-0.2004945;3.075356;
HipLeft;-0.03466764;-0.158391;2.996615;
KneeRight;0.07754716;-0.6550237;3.082619;
KneeLeft;-0.04324183;-0.6092241;2.977482;
AnkleRight;0.07678495;-1.021787;3.084531;
AnkleLeft;-0.4018627;-0.8945363;2.955794;
FootRight;0.1070932;-1.096016;3.064914;
FootLeft;-0.3809125;-0.999917;2.986249;
Head;0.2535893;0.5205848;3.150974;
ShoulderCenter;0.074394;0.3835577;3.077482;
ShoulderRight;0.1651086;0.1836357;3.187102;
ShoulderLeft;-0.009529067;0.2694189;2.959704;
ElbowRight;0.169373;-0.03078365;3.121845;
ElbowLeft;0.07684699;0.008588135;2.825384;
WristRight;0.1794847;-0.166257;3.332669;
WristLeft;0.2490534;-0.1879343;2.804067;
HandRight;0.1784079;-0.2423591;3.414935;
HandLeft;0.3104066;-0.2730066;2.814013;
Spine;0.05384862;-0.01408401;3.030848;
HipCenter;0.04983613;-0.0934881;3.02451;
HipRight;0.08390483;-0.1753349;3.062093;
HipLeft;0.006161249;-0.139684;2.969363;
KneeRight;0.1085604;-0.6236789;3.013073;
KneeLeft;0.05138055;-0.5949866;2.974771;
AnkleRight;0.08042327;-1.01999;3.086574;
AnkleLeft;-0.276548;-0.8904945;2.947807;
FootRight;0.1033061;-1.095727;3.06563;
FootLeft;-0.2509066;-0.9961602;2.967604;
Head;0.2032031;0.5145339;3.13407;
ShoulderCenter;0.1202214;0.3086829;3.072963;
ShoulderRight;0.210936;0.1087608;3.182583;
ShoulderLeft;0.03631832;0.2747023;2.965602;
ElbowRight;0.2151817;-0.1047188;3.117483;
ElbowLeft;0.08816074;0.02984165;2.838663;
WristRight;0.2253121;-0.2411319;3.328145;
WristLeft;0.2454595;-0.2173658;2.824072;
HandRight;0.2242374;-0.3170908;3.410257;
HandLeft;0.2761839;-0.2941246;2.823546;
Spine;0.05820332;-0.04766427;3.020557;
HipCenter;0.04765735;-0.1170853;3.015109;
HipRight;0.07315445;-0.2239573;3.039547;
HipLeft;0.002140856;-0.1504873;2.964668;
KneeRight;0.06107146;-0.6184599;3.131414;
KneeLeft;0.1021788;-0.6460025;2.987547;
AnkleRight;0.08045164;-1.01973;3.086519;
AnkleLeft;-0.1441975;-0.9115515;2.958447;
FootRight;0.148062;-1.062964;3.031373;
FootLeft;-0.1117856;-0.9983945;3.021271;
Head;0.2962891;0.4982645;3.142159;
ShoulderCenter;0.1709974;0.3196284;3.074962;
ShoulderRight;0.261712;0.1197063;3.184582;
ShoulderLeft;0.08645515;0.2848505;2.970087;
ElbowRight;0.265943;-0.09303428;3.119599;
ElbowLeft;0.1080778;0.03111278;2.848682;
WristRight;0.2760881;-0.2301864;3.330132;
WristLeft;0.2449234;-0.226801;2.837807;
HandRight;0.2750124;-0.3062132;3.412317;
HandLeft;0.2692867;-0.3058318;2.840801;
Spine;0.1216084;-0.05733022;3.029041;
HipCenter;0.1117306;-0.1327219;3.023454;
HipRight;0.1435966;-0.2196122;3.042086;
HipLeft;0.06440742;-0.1638071;2.98755;
KneeRight;0.0828127;-0.6063201;3.138006;
KneeLeft;0.2000004;-0.6434317;3.014057;
AnkleRight;0.1113046;-1.014928;3.083048;
AnkleLeft;-0.005204178;-0.9676028;3.004026;
FootRight;0.1698118;-1.06727;3.111208;
FootLeft;0.07892837;-1.035792;3.035715;
Head;0.3800123;0.5680079;3.158828;
ShoulderCenter;0.2286622;0.409361;3.096946;
ShoulderRight;0.3193768;0.209439;3.206566;
ShoulderLeft;0.1267428;0.2804643;2.971315;
ElbowRight;0.3236028;-0.003050014;3.141596;
ElbowLeft;0.1577831;0.0007359385;2.865925;
WristRight;0.3337529;-0.1404537;3.352071;
WristLeft;0.2337498;-0.2339803;2.849466;
HandRight;0.3326758;-0.2165791;3.434363;
HandLeft;0.2393492;-0.3166285;2.847446;
Spine;0.2128711;-0.01749069;3.087222;
HipCenter;0.2097128;-0.102861;3.088878;
HipRight;0.2457047;-0.1701415;3.120486;
HipLeft;0.1695617;-0.1480117;3.052265;
KneeRight;0.1455676;-0.6217437;3.142831;
KneeLeft;0.2851067;-0.6231161;3.025553;
AnkleRight;0.1482164;-1.034423;3.018171;
AnkleLeft;0.0799021;-0.9472873;3.015492;
FootRight;0.1992975;-1.092667;3.049855;
FootLeft;0.1555796;-1.031425;3.019616;
Head;0.4304145;0.5688953;3.158494;
ShoulderCenter;0.2789787;0.4087393;3.108904;
ShoulderRight;0.3696933;0.2088173;3.218524;
ShoulderLeft;0.1647564;0.2888195;2.988645;
ElbowRight;0.3739123;-0.003319591;3.153579;
ElbowLeft;0.1688085;0.01079702;2.873291;
WristRight;0.3840694;-0.1410754;3.363976;
WristLeft;0.228594;-0.2204687;2.860077;
HandRight;0.3829875;-0.2175374;3.446631;
HandLeft;0.2338001;-0.320911;2.855639;
Spine;0.2506458;-0.02259951;3.080365;
HipCenter;0.2458651;-0.1088296;3.078638;
HipRight;0.2977754;-0.1684609;3.078412;
HipLeft;0.1892584;-0.1483638;3.062128;
KneeRight;0.246535;-0.6129907;3.099955;
KneeLeft;0.3020574;-0.6255194;3.065502;
AnkleRight;0.1405774;-0.9931145;3.07884;
AnkleLeft;0.15176;-1.007528;3.054534;
FootRight;0.2425972;-1.038248;3.057342;
FootLeft;0.2608187;-1.039065;3.058875;
Head;0.5009083;0.5210228;3.179544;
ShoulderCenter;0.317032;0.4014365;3.109031;
ShoulderRight;0.4077466;0.2015144;3.218651;
ShoulderLeft;0.2068285;0.282522;2.990656;
ElbowRight;0.4119555;-0.01011132;3.153764;
ElbowLeft;0.1996002;0.01464842;2.88292;
WristRight;0.4221228;-0.1483783;3.36406;
WristLeft;0.2278596;-0.2145371;2.864867;
HandRight;0.4210352;-0.225241;3.447149;
HandLeft;0.2252688;-0.3257753;2.866819;
Spine;0.2812005;-0.02300983;3.079677;
HipCenter;0.2738189;-0.1080876;3.07755;
HipRight;0.3145246;-0.1745875;3.081752;
HipLeft;0.2295152;-0.1370587;3.061401;
KneeRight;0.1841488;-0.6226133;3.166924;
KneeLeft;0.4567404;-0.6174583;3.041816;
AnkleRight;0.08224397;-1.044057;3.070951;
AnkleLeft;0.4274787;-1.027732;3.027292;
FootRight;0.149458;-1.087307;3.01249;
FootLeft;0.5157479;-1.063085;3.089959;
Head;0.5448475;0.5122668;3.184992;
ShoulderCenter;0.3595946;0.3983971;3.10158;
ShoulderRight;0.4503091;0.1984751;3.2112;
ShoulderLeft;0.278127;0.2701176;2.999075;
ElbowRight;0.4545062;-0.01255824;3.146361;
ElbowLeft;0.2400589;0.01769904;2.89519;
WristRight;0.4646853;-0.1514176;3.35653;
WristLeft;0.23108;-0.2495378;2.870026;
HandRight;0.4635977;-0.2282836;3.439622;
HandLeft;0.2210522;-0.3325514;2.872957;
Spine;0.3337322;-0.04597174;3.073507;
HipCenter;0.327929;-0.1348005;3.07162;
HipRight;0.3629665;-0.1936129;3.08308;
HipLeft;0.2871127;-0.1644435;3.052827;
KneeRight;0.1942294;-0.6233445;3.169036;
KneeLeft;0.5035928;-0.5204673;3.053393;
AnkleRight;0.08444379;-1.042757;3.071252;
AnkleLeft;0.5560344;-0.9903294;3.058051;
FootRight;0.1539108;-1.085384;3.015866;
FootLeft;0.6556554;-1.037233;3.084841;
Head;0.6095142;0.5007338;3.192806;
ShoulderCenter;0.4328369;0.3741321;3.109858;
ShoulderRight;0.5235515;0.17421;3.219478;
ShoulderLeft;0.3309324;0.2575242;2.998744;
ElbowRight;0.5277388;-0.0363324;3.154686;
ElbowLeft;0.2591172;0.005389407;2.901332;
WristRight;0.5379276;-0.1756827;3.364753;
WristLeft;0.2600556;-0.2677097;2.901611;
HandRight;0.5368441;-0.2522637;3.447537;
HandLeft;0.2217815;-0.340098;2.886002;
Spine;0.3815485;-0.07418581;3.07357;
HipCenter;0.3712908;-0.1638494;3.069933;
HipRight;0.4110106;-0.2313666;3.084787;
HipLeft;0.3176365;-0.1930734;3.04561;
KneeRight;0.223379;-0.6238635;3.172544;
KneeLeft;0.5759323;-0.5406452;3.074453;
AnkleRight;0.08843319;-1.03292;3.067887;
AnkleLeft;0.7085567;-0.9910052;3.10003;
FootRight;0.1546086;-1.07619;3.010378;
FootLeft;0.8101787;-1.038998;3.103356;
Head;0.6547819;0.4887381;3.214136;
ShoulderCenter;0.4768225;0.3701194;3.114649;
ShoulderRight;0.5675371;0.1701973;3.224269;
ShoulderLeft;0.3861432;0.2505056;3.001354;
ElbowRight;0.571714;-0.0398225;3.159492;
ElbowLeft;0.3325424;0.00473823;2.907116;
WristRight;0.5819132;-0.1796954;3.369432;
WristLeft;0.2867415;-0.2029153;2.905603;
HandRight;0.5808331;-0.2560321;3.451952;
HandLeft;0.2518727;-0.3097437;2.902454;
Spine;0.4290289;-0.07704822;3.073946;
HipCenter;0.4195467;-0.1664746;3.069396;
HipRight;0.4487855;-0.2265891;3.082775;
HipLeft;0.3758411;-0.2036608;3.045449;
KneeRight;0.2448127;-0.6543218;3.179412;
KneeLeft;0.5617434;-0.6403104;3.097443;
AnkleRight;0.09293289;-1.026053;3.069557;
AnkleLeft;0.8321875;-1.010085;3.115961;
FootRight;0.1613911;-1.06912;3.014272;
FootLeft;0.9248666;-1.026056;3.105994;
Head;0.7210816;0.4945188;3.217506;
ShoulderCenter;0.5473237;0.3633632;3.1332;
ShoulderRight;0.6380383;0.1634412;3.24282;
ShoulderLeft;0.4480693;0.240911;2.9969;
ElbowRight;0.4867573;0.09223513;2.978754;
ElbowLeft;0.3875268;-0.002187159;2.896677;
WristRight;0.4248228;-0.1055047;3.071926;
WristLeft;0.3370518;-0.2079389;2.90475;
HandRight;0.4237388;-0.182119;3.154746;
HandLeft;0.3116388;-0.3161861;2.923904;
Spine;0.4701403;-0.08478755;3.082925;
HipCenter;0.4515759;-0.1735873;3.075945;
HipRight;0.4845261;-0.2376342;3.083831;
HipLeft;0.4038382;-0.2034519;3.055659;
KneeRight;0.2561919;-0.68945;3.17834;
KneeLeft;0.6123296;-0.5664207;3.11372;
AnkleRight;0.09719817;-1.023232;3.070706;
AnkleLeft;0.8040449;-0.969752;3.118012;
FootRight;0.1656004;-1.067959;3.017051;
FootLeft;0.9055763;-1.017905;3.114338;
Head;0.7856688;0.4731578;3.235821;
ShoulderCenter;0.6006261;0.358454;3.147167;
ShoulderRight;0.6913407;0.1585319;3.256787;
ShoulderLeft;0.4946593;0.236223;3.007463;
ElbowRight;0.5301887;0.08418799;2.996385;
ElbowLeft;0.411772;-0.006871109;2.893867;
WristRight;0.4622558;-0.1156395;3.089505;
WristLeft;0.3685199;-0.2467718;2.905903;
HandRight;0.461172;-0.1922435;3.172315;
HandLeft;0.3454871;-0.3247891;2.924221;
Spine;0.5487299;-0.08751386;3.08762;
HipCenter;0.5383506;-0.1767074;3.079356;
HipRight;0.5676352;-0.2449808;3.094469;
HipLeft;0.49732;-0.2093732;3.04864;
KneeRight;0.26579;-0.693094;3.180128;
KneeLeft;0.6030136;-0.5878798;3.136514;
AnkleRight;0.1239008;-1.006209;3.087087;
AnkleLeft;0.835219;-0.997596;3.151588;
FootRight;0.1932397;-1.048421;3.033269;
FootLeft;0.9310634;-1.030736;3.141654;
Head;0.7986958;0.4657772;3.24686;
ShoulderCenter;0.6584758;0.3061177;3.147953;
ShoulderRight;0.7491903;0.1061956;3.257573;
ShoulderLeft;0.5384876;0.2408062;3.01917;
ElbowRight;0.5857722;0.05487296;2.992758;
ElbowLeft;0.4739121;-0.005916596;2.898901;
WristRight;0.5232293;-0.1316858;3.093087;
WristLeft;0.4301693;-0.2921081;2.915525;
HandRight;0.5221484;-0.2080831;3.175673;
HandLeft;0.3773028;-0.355394;2.904786;
Spine;0.5953574;-0.0983258;3.097531;
HipCenter;0.5803408;-0.1791842;3.090431;
HipRight;0.6213162;-0.2522012;3.09309;
HipLeft;0.5222548;-0.2155342;3.068278;
KneeRight;0.3189554;-0.696733;3.191068;
KneeLeft;0.6173887;-0.5930696;3.168603;
AnkleRight;0.1483531;-0.9952404;3.099117;
AnkleLeft;0.841446;-1.008592;3.165933;
FootRight;0.1579349;-1.069288;3.165419;
FootLeft;0.9469135;-1.045151;3.181815;
Head;0.8804237;0.476045;3.276737;
ShoulderCenter;0.7178636;0.3490715;3.155699;
ShoulderRight;0.8085782;0.1491495;3.265319;
ShoulderLeft;0.6087785;0.2266523;3.026289;
ElbowRight;0.6512111;0.07993555;2.998277;
ElbowLeft;0.5547428;-0.007566075;2.906605;
WristRight;0.5253692;-0.1810348;2.937337;
WristLeft;0.5106806;-0.2958471;2.92343;
HandRight;0.4833205;-0.2846094;2.926144;
HandLeft;0.4578915;-0.3590404;2.912707;
Spine;0.6535167;-0.06918544;3.10617;
HipCenter;0.6406473;-0.1528368;3.099918;
HipRight;0.6753185;-0.2048247;3.066203;
HipLeft;0.589164;-0.2101282;3.118233;
KneeRight;0.7471398;-0.7294919;3.186769;
KneeLeft;0.420367;-0.7237037;3.207268;
AnkleRight;0.5828776;-1.032832;3.101409;
AnkleLeft;0.8276975;-0.9631833;3.160786;
FootRight;0.6937391;-1.03556;3.124096;
FootLeft;0.8953359;-1.007036;3.104306;
Head;0.9479576;0.4993333;3.292865;
ShoulderCenter;0.7763241;0.3789216;3.179591;
ShoulderRight;0.8670387;0.1789996;3.289211;
ShoulderLeft;0.6689485;0.236629;3.04538;
ElbowRight;0.7461627;-0.01844411;3.152414;
ElbowLeft;0.6183215;-0.03655383;2.921419;
WristRight;0.7429919;-0.2284803;2.932477;
WristLeft;0.7891491;-0.2631944;2.981188;
HandRight;0.6483896;-0.2880183;2.942152;
HandLeft;0.7364293;-0.3263047;2.970478;
Spine;0.70289;-0.05539712;3.11684;
HipCenter;0.6875842;-0.1423985;3.107848;
HipRight;0.7229125;-0.195792;3.07484;
HipLeft;0.6355242;-0.1924774;3.123759;
KneeRight;0.8270822;-0.6148189;3.154881;
KneeLeft;0.5177618;-0.7143659;3.239926;
AnkleRight;0.6631838;-0.9174868;3.069591;
AnkleLeft;0.856154;-0.9858351;3.163667;
FootRight;0.7568719;-0.9648619;3.112993;
FootLeft;0.9356392;-1.038474;3.225447;
Head;0.9559954;0.4593039;3.275499;
ShoulderCenter;0.8117496;0.304137;3.175671;
ShoulderRight;0.9024642;0.104215;3.285291;
ShoulderLeft;0.7189355;0.2478089;3.064054;
ElbowRight;0.9593813;0.02311318;2.979914;
ElbowLeft;0.6954813;0.01354537;2.921978;
WristRight;0.682239;-0.03617787;2.889742;
WristLeft;0.8886729;-0.1959556;2.969568;
HandRight;0.5827975;-0.0692232;2.929059;
HandLeft;0.8360821;-0.2589115;2.958884;
Spine;0.729997;-0.06414729;3.106214;
HipCenter;0.7147464;-0.1411413;3.09593;
HipRight;0.7424515;-0.2040799;3.072173;
HipLeft;0.671951;-0.1777336;3.090885;
KneeRight;0.7929997;-0.6182131;3.196543;
KneeLeft;0.5343175;-0.6871501;3.233777;
AnkleRight;0.6294572;-0.920224;3.111363;
AnkleLeft;0.8547174;-0.989638;3.167838;
FootRight;0.7320484;-0.9635774;3.134834;
FootLeft;0.9325793;-1.043915;3.230662;
Head;1.048592;0.5238096;3.295653;
ShoulderCenter;0.8769318;0.3931977;3.209083;
ShoulderRight;0.9676464;0.1932757;3.318703;
ShoulderLeft;0.7691569;0.2668412;3.074246;
ElbowRight;1.02463;0.1120796;3.012997;
ElbowLeft;0.7606732;-0.004740328;2.933707;
WristRight;0.7470657;0.05280339;2.923034;
WristLeft;0.8337629;-0.2845236;2.969281;
HandRight;0.6476792;0.01977636;2.962329;
HandLeft;0.7746379;-0.3422087;2.965753;
Spine;0.8266879;-0.01999937;3.152659;
HipCenter;0.8166392;-0.1026388;3.145037;
HipRight;0.8565844;-0.155678;3.123731;
HipLeft;0.7647147;-0.1481158;3.15064;
KneeRight;0.8422889;-0.6110741;3.20252;
KneeLeft;0.643912;-0.6711537;3.265516;
AnkleRight;0.6794698;-0.9117491;3.117578;
AnkleLeft;0.8567519;-0.9905006;3.16806;
FootRight;0.7762042;-0.9673328;3.142402;
FootLeft;0.9345639;-1.045152;3.231478;
Head;1.115708;0.50099;3.325603;
ShoulderCenter;0.9274635;0.404497;3.218591;
ShoulderRight;0.8957537;0.2357305;3.03195;
ShoulderLeft;0.807374;0.2705732;3.074234;
ElbowRight;0.9528092;0.1544316;2.725829;
ElbowLeft;0.8219727;0.01082438;2.937279;
WristRight;0.6747856;0.09517178;2.636068;
WristLeft;0.9289497;-0.2600386;2.962069;
HandRight;0.5754385;0.06215783;2.675348;
HandLeft;0.969311;-0.3309989;2.974952;
Spine;0.8343122;-0.06654265;3.157183;
HipCenter;0.7952415;-0.1398032;3.088588;
HipRight;0.8129279;-0.1638408;3.087746;
HipLeft;0.7682269;-0.1541652;3.079198;
KneeRight;0.8599154;-0.6148413;3.22102;
KneeLeft;0.6707748;-0.6679726;3.248036;
AnkleRight;0.6979452;-0.9139485;3.136303;
AnkleLeft;0.8696294;-0.9403341;3.147657;
FootRight;0.793876;-0.974384;3.154096;
FootLeft;0.841993;-0.9808637;3.060748;
Head;1.143737;0.5485499;3.343167;
ShoulderCenter;0.9771057;0.4157529;3.237689;
ShoulderRight;0.9453959;0.2469864;3.051047;
ShoulderLeft;0.8605926;0.2838044;3.092206;
ElbowRight;1.004602;-0.04190737;2.986348;
ElbowLeft;0.9125116;0.02237686;2.958994;
WristRight;0.7467291;-0.154669;3.066097;
WristLeft;1.021196;-0.2524901;2.972865;
HandRight;0.6607716;-0.1922562;3.097697;
HandLeft;1.044938;-0.3288598;2.951869;
Spine;0.9201575;-0.02996346;3.176517;
HipCenter;0.8884371;-0.09863419;3.10776;
HipRight;0.900125;-0.1531441;3.139693;
HipLeft;0.8600757;-0.1408513;3.048566;
KneeRight;0.9289063;-0.6472386;3.153217;
KneeLeft;0.7393149;-0.6455674;3.234027;
AnkleRight;0.7679237;-0.9445223;3.06877;
AnkleLeft;0.8983973;-0.9378081;3.12327;
FootRight;0.7403472;-0.9851256;2.981298;
FootLeft;0.8708209;-0.9784114;3.035797;
Head;1.208405;0.5261562;3.363074;
ShoulderCenter;1.026903;0.4200104;3.247555;
ShoulderRight;0.9519712;0.2262428;3.038401;
ShoulderLeft;0.8794298;0.290059;3.106949;
ElbowRight;1.055078;-0.05083118;2.982555;
ElbowLeft;0.9874243;0.03356913;2.974208;
WristRight;1.123235;-0.2650697;2.936659;
WristLeft;1.127849;-0.2276213;2.946847;
HandRight;1.15351;-0.3414427;2.935285;
HandLeft;1.18913;-0.2818477;2.954287;
Spine;0.9834659;0.0099459;3.211291;
HipCenter;0.9402443;-0.0533205;3.153725;
HipRight;0.9406509;-0.1367063;3.210678;
HipLeft;0.9113263;-0.1256647;3.060942;
KneeRight;1.104702;-0.6252551;3.335547;
KneeLeft;0.9166628;-0.6118508;3.157684;
AnkleRight;0.7930263;-0.9280125;3.299001;
AnkleLeft;0.8515354;-0.9820436;3.180084;
FootRight;0.8797948;-0.9855767;3.248857;
FootLeft;0.8035038;-1.023038;3.101904;
Head;1.243266;0.5452334;3.318033;
ShoulderCenter;1.058976;0.4221836;3.25788;
ShoulderRight;1.030484;0.2137653;3.056117;
ShoulderLeft;0.9450717;0.2866912;3.131273;
ElbowRight;1.161604;-0.04014133;2.971769;
ElbowLeft;1.06747;0.04245932;2.98251;
WristRight;1.233356;-0.2477775;2.940371;
WristLeft;1.231053;-0.200621;2.948416;
HandRight;1.293318;-0.3032886;2.94558;
HandLeft;1.297015;-0.2532652;2.957527;
Spine;1.058462;-0.04617425;3.232229;
HipCenter;1.019739;-0.1277623;3.176218;
HipRight;1.034431;-0.1760847;3.130074;
HipLeft;0.9982126;-0.1608426;3.207723;
KneeRight;1.149816;-0.6229212;3.341715;
KneeLeft;0.9203787;-0.6115508;3.158438;
AnkleRight;1.044158;-0.9801168;3.30273;
AnkleLeft;0.865082;-0.9861347;3.178722;
FootRight;0.9932738;-1.021378;3.226282;
FootLeft;0.919633;-1.052067;3.178021;
Head;1.276312;0.583616;3.301222;
ShoulderCenter;1.143553;0.4054321;3.266668;
ShoulderRight;1.097603;0.2471251;3.076805;
ShoulderLeft;0.9965681;0.2792821;3.141967;
ElbowRight;1.228274;-0.0121142;2.972475;
ElbowLeft;1.134375;0.04475978;2.986373;
WristRight;1.359537;-0.1887376;2.986217;
WristLeft;1.321991;-0.1632584;2.968999;
HandRight;1.425917;-0.2228352;2.953003;
HandLeft;1.423489;-0.2068706;2.965971;
Spine;1.08552;-0.04790646;3.233481;
HipCenter;1.041608;-0.1227795;3.174522;
HipRight;1.062088;-0.1671594;3.127429;
HipLeft;1.008252;-0.1586146;3.206201;
KneeRight;1.189732;-0.6232022;3.339012;
KneeLeft;0.9566482;-0.6108954;3.176013;
AnkleRight;1.126126;-0.9968359;3.336678;
AnkleLeft;0.8673178;-0.9867339;3.177808;
FootRight;1.207276;-1.035225;3.323588;
FootLeft;0.9203056;-1.05413;3.17942;
Head;1.337575;0.5370495;3.328946;
ShoulderCenter;1.157212;0.4074257;3.269224;
ShoulderRight;1.120997;0.2475405;3.086302;
ShoulderLeft;1.044585;0.2827378;3.162438;
ElbowRight;1.308973;0.01758686;3.018284;
ElbowLeft;1.184208;0.05785178;2.992751;
WristRight;1.445831;-0.164212;2.968786;
WristLeft;1.40706;-0.1319509;2.964798;
HandRight;1.50741;-0.2118126;2.944454;
HandLeft;1.5092;-0.1726487;2.973922;
Spine;1.12218;-0.03872195;3.233225;
HipCenter;1.075138;-0.1108434;3.180684;
HipRight;1.084966;-0.1576838;3.130644;
HipLeft;1.050655;-0.1485262;3.214041;
KneeRight;1.226987;-0.6302645;3.334643;
KneeLeft;1.000142;-0.6293902;3.198082;
AnkleRight;1.273699;-0.9872658;3.318105;
AnkleLeft;0.8750181;-0.9855837;3.178472;
FootRight;1.215698;-1.028367;3.247016;
FootLeft;0.9168658;-1.060089;3.178279;
Head;1.38433;0.5429748;3.325819;
ShoulderCenter;1.213526;0.3996373;3.278816;
ShoulderRight;1.212756;0.2197782;3.086063;
ShoulderLeft;1.092708;0.2768866;3.178215;
ElbowRight;1.376095;-0.02033793;2.987165;
ElbowLeft;1.247817;0.06048253;3.007843;
WristRight;1.556311;-0.1508646;2.965888;
WristLeft;1.487645;-0.1190802;2.96202;
HandRight;1.631998;-0.1764606;2.951658;
HandLeft;1.576683;-0.14944;2.961125;
Spine;1.139035;-0.03400348;3.2448;
HipCenter;1.09233;-0.1025924;3.186581;
HipRight;1.109526;-0.1529542;3.126971;
HipLeft;1.055178;-0.1497939;3.221782;
KneeRight;1.303555;-0.6338173;3.329663;
KneeLeft;1.102388;-0.6255215;3.235451;
AnkleRight;1.414159;-0.9934675;3.332674;
AnkleLeft;0.879459;-0.9851203;3.178782;
FootRight;1.368745;-1.03441;3.25332;
FootLeft;0.9126438;-1.063472;3.175519;
Head;1.459799;0.5202963;3.364923;
ShoulderCenter;1.279405;0.391765;3.29243;
ShoulderRight;1.23708;0.2236614;3.096038;
ShoulderLeft;1.111132;0.2740076;3.246761;
ElbowRight;1.415979;0.01090446;2.985508;
ElbowLeft;1.274266;0.08425446;3.04996;
WristRight;1.598629;-0.1149887;2.987016;
WristLeft;1.515669;-0.0749636;2.973934;
HandRight;1.658546;-0.1608005;2.957341;
HandLeft;1.595074;-0.09064717;2.978216;
Spine;1.213311;-0.0368254;3.251964;
HipCenter;1.154942;-0.1016755;3.202856;
HipRight;1.174691;-0.148749;3.141861;
HipLeft;1.109046;-0.1582642;3.241867;
KneeRight;1.315539;-0.5557804;3.314228;
KneeLeft;1.152977;-0.6330304;3.251984;
AnkleRight;1.522098;-0.9652171;3.341821;
AnkleLeft;0.8829159;-0.9842623;3.178844;
FootRight;1.458242;-1.007288;3.276444;
FootLeft;0.9093606;-1.065292;3.171937;
Head;1.505984;0.5294924;3.371037;
ShoulderCenter;1.342724;0.3779523;3.311698;
ShoulderRight;1.295277;0.2230203;3.114781;
ShoulderLeft;1.211241;0.2530568;3.192468;
ElbowRight;1.418132;0.04171944;2.989739;
ElbowLeft;1.364668;0.03768352;3.017702;
WristRight;1.601197;-0.08446048;2.991267;
WristLeft;1.564572;-0.05732588;2.975737;
HandRight;1.666509;-0.130314;3.00314;
HandLeft;1.641143;-0.06734752;2.999094;
Spine;1.2492;-0.06972311;3.273005;
HipCenter;1.191936;-0.1374763;3.218822;
HipRight;1.196646;-0.1959656;3.149767;
HipLeft;1.156739;-0.1831959;3.266049;
KneeRight;1.36713;-0.5926987;3.325189;
KneeLeft;1.075578;-0.6317089;3.194726;
AnkleRight;1.616721;-0.9810243;3.328236;
AnkleLeft;0.8925883;-0.9823836;3.178282;
FootRight;1.562703;-1.022797;3.255208;
FootLeft;0.8385704;-1.024157;3.105254;
Head;1.489758;0.5608788;3.295025;
ShoulderCenter;1.403962;0.3672478;3.321264;
ShoulderRight;1.319085;0.2308288;3.149123;
ShoulderLeft;1.25181;0.2439119;3.198303;
ElbowRight;1.479879;0.01333708;3.0025;
ElbowLeft;1.424906;0.03748465;3.030315;
WristRight;1.663676;-0.1133472;3.004097;
WristLeft;1.612397;-0.07069695;2.958196;
HandRight;1.725543;-0.1631675;3.016717;
HandLeft;1.687713;-0.09358996;2.974696;
Spine;1.313885;-0.06724194;3.287191;
HipCenter;1.26113;-0.1330223;3.230924;
HipRight;1.262395;-0.1927057;3.152044;
HipLeft;1.227144;-0.1879403;3.285653;
KneeRight;1.443909;-0.5564936;3.328377;
KneeLeft;1.109261;-0.6312484;3.194774;
AnkleRight;1.56922;-0.955745;3.313316;
AnkleLeft;0.9061266;-0.9813404;3.18156;
FootRight;1.673933;-1.003174;3.312376;
FootLeft;0.9014231;-1.062397;3.156512;
Head;1.592401;0.5414686;3.338891;
ShoulderCenter;1.460611;0.3652646;3.33166;
ShoulderRight;1.414817;0.1816314;3.111668;
ShoulderLeft;1.313713;0.2406442;3.219675;
ElbowRight;1.5102;-0.002649277;2.997911;
ElbowLeft;1.459973;0.02635981;3.033652;
WristRight;1.698924;-0.120086;3.009862;
WristLeft;1.6484;-0.07172903;2.94777;
HandRight;1.760644;-0.1697877;3.022452;
HandLeft;1.716728;-0.113305;2.917684;
Spine;1.369635;-0.08835989;3.2959;
HipCenter;1.311285;-0.1578998;3.24327;
HipRight;1.329481;-0.2112534;3.192123;
HipLeft;1.263948;-0.1866518;3.27922;
KneeRight;1.501232;-0.6343592;3.341122;
KneeLeft;1.135879;-0.7226921;3.197504;
AnkleRight;1.614736;-0.9712001;3.316509;
AnkleLeft;0.9224362;-0.9925538;3.196293;
FootRight;1.558708;-1.012708;3.245311;
FootLeft;0.9345936;-1.056851;3.142504;
Head;1.682438;0.4968617;3.362814;
ShoulderCenter;1.505605;0.3621748;3.335445;
ShoulderRight;1.476557;0.1728419;3.125153;
ShoulderLeft;1.37065;0.2354203;3.230616;
ElbowRight;1.590645;-0.009854354;3.011499;
ElbowLeft;1.507191;0.02335501;3.032992;
WristRight;1.774569;-0.1366259;3.013117;
WristLeft;1.674654;-0.09631439;2.929522;
HandRight;1.83611;-0.1861838;3.02567;
HandLeft;1.73306;-0.1430296;2.894521;
Spine;1.421595;-0.07612088;3.305839;
HipCenter;1.365848;-0.1432852;3.252774;
HipRight;1.377127;-0.2052254;3.185359;
HipLeft;1.323562;-0.1891275;3.29942;
KneeRight;1.565773;-0.6328013;3.341985;
KneeLeft;1.19679;-0.7322515;3.192578;
AnkleRight;1.620387;-0.9738328;3.317321;
AnkleLeft;0.9563559;-0.9723586;3.183152;
FootRight;1.567117;-1.014874;3.244301;
FootLeft;0.9839528;-1.051176;3.195225;
Head;1.720465;0.5276009;3.371923;
ShoulderCenter;1.561183;0.3719291;3.337401;
ShoulderRight;1.496774;0.2332065;3.175478;
ShoulderLeft;1.428583;0.2458902;3.243006;
ElbowRight;1.611151;-0.005890021;3.020343;
ElbowLeft;1.539147;0.02516513;3.036166;
WristRight;1.795586;-0.1330141;3.022007;
WristLeft;1.675208;-0.1229256;2.921019;
HandRight;1.856959;-0.1824365;3.034526;
HandLeft;1.720818;-0.1769331;2.883303;
Spine;1.488235;-0.06190952;3.305229;
HipCenter;1.430731;-0.1283279;3.255322;
HipRight;1.433745;-0.1885453;3.180672;
HipLeft;1.399545;-0.1761435;3.308992;
KneeRight;1.595867;-0.63788;3.328256;
KneeLeft;1.374817;-0.6085062;3.191297;
AnkleRight;1.628779;-0.9763914;3.315633;
AnkleLeft;1.035064;-0.9193027;3.177021;
FootRight;1.569449;-1.017424;3.248144;
FootLeft;1.009559;-0.9990544;3.183323;
Head;1.780506;0.4810716;3.388569;
ShoulderCenter;1.582252;0.3798953;3.337545;
ShoulderRight;1.562124;0.2017638;3.146247;
ShoulderLeft;1.437868;0.24751;3.267877;
ElbowRight;1.62162;-0.001482151;3.026576;
ElbowLeft;1.564566;0.04486497;3.050289;
WristRight;1.806148;-0.1286705;3.028243;
WristLeft;1.68873;-0.1123914;2.933412;
HandRight;1.867342;-0.1779489;3.040725;
HandLeft;1.730347;-0.1669335;2.895636;
Spine;1.541228;-0.05192539;3.316074;
HipCenter;1.488721;-0.1227298;3.266161;
HipRight;1.506227;-0.1881087;3.196122;
HipLeft;1.447679;-0.1701451;3.316874;
KneeRight;1.591527;-0.6117493;3.256054;
KneeLeft;1.480816;-0.5954136;3.195609;
AnkleRight;1.637613;-0.9708039;3.309248;
AnkleLeft;1.130168;-0.8945128;3.185656;
FootRight;1.579725;-1.011426;3.239487;
FootLeft;1.142735;-1.001732;3.223021;
Head;1.810446;0.5297817;3.377588;
ShoulderCenter;1.636251;0.3911398;3.341525;
ShoulderRight;1.60647;0.2162017;3.15067;
ShoulderLeft;1.479212;0.2549689;3.326747;
ElbowRight;1.629053;0.0006925036;3.032724;
ElbowLeft;1.587316;0.07694882;3.075122;
WristRight;1.813805;-0.1266501;3.034421;
WristLeft;1.66722;-0.05463123;2.895935;
HandRight;1.874854;-0.1758113;3.046874;
HandLeft;1.694464;-0.09949593;2.839978;
Spine;1.585678;-0.0351564;3.313155;
HipCenter;1.526606;-0.1017945;3.270986;
HipRight;1.550545;-0.1607848;3.193696;
HipLeft;1.473284;-0.16263;3.325261;
KneeRight;1.581238;-0.5857831;3.18706;
KneeLeft;1.566321;-0.6370978;3.198526;
AnkleRight;1.649349;-0.9704595;3.30532;
AnkleLeft;1.197015;-0.8860489;3.154348;
FootRight;1.57949;-1.011713;3.247603;
FootLeft;1.127156;-0.9273027;3.096632;
Head;1.886319;0.5022502;3.37894;
ShoulderCenter;1.686086;0.4053973;3.33469;
ShoulderRight;1.645558;0.2456986;3.159174;
ShoulderLeft;1.568522;0.2810629;3.246155;
ElbowRight;1.653239;0.002819658;3.062288;
ElbowLeft;1.643232;0.02221537;3.073954;
WristRight;1.838237;-0.124692;3.064011;
WristLeft;1.698453;-0.1691067;2.95347;
HandRight;1.899141;-0.173737;3.076434;
HandLeft;1.716888;-0.2329785;2.918278;
Spine;1.640425;-0.03810085;3.316055;
HipCenter;1.586014;-0.1107622;3.26939;
HipRight;1.593634;-0.1664885;3.198786;
HipLeft;1.555276;-0.1585704;3.32346;
KneeRight;1.668655;-0.6339344;3.182305;
KneeLeft;1.539958;-0.7076629;3.196233;
AnkleRight;1.65124;-0.9695117;3.307013;
AnkleLeft;1.277184;-0.9241239;3.164621;
FootRight;1.669936;-1.052432;3.303913;
FootLeft;1.214592;-0.9651675;3.098202;
Head;1.928215;0.5436448;3.372699;
ShoulderCenter;1.741333;0.4236152;3.339098;
ShoulderRight;1.665329;0.2567223;3.167613;
ShoulderLeft;1.615186;0.3017993;3.251605;
ElbowRight;1.667198;0.04413696;3.064519;
ElbowLeft;1.663983;0.06487858;3.09303;
WristRight;1.864717;-0.05942379;3.078723;
WristLeft;1.707635;-0.1470563;2.96258;
HandRight;1.925487;-0.1083605;3.091119;
HandLeft;1.722748;-0.2204368;2.922636;
Spine;1.673806;-0.01478943;3.31983;
HipCenter;1.610473;-0.08411203;3.279352;
HipRight;1.602374;-0.1609252;3.199269;
HipLeft;1.578357;-0.1389153;3.339857;
KneeRight;1.666016;-0.5798646;3.402199;
KneeLeft;1.66052;-0.6272661;3.218523;
AnkleRight;1.651199;-0.9749581;3.302077;
AnkleLeft;1.723168;-0.9996322;3.1079;
FootRight;1.581204;-1.016356;3.244504;
FootLeft;1.653173;-1.04103;3.050327;
Head;1.952216;0.5281667;3.408579;
ShoulderCenter;1.749801;0.4364179;3.352649;
ShoulderRight;1.669707;0.2560548;3.167757;
ShoulderLeft;1.644588;0.308255;3.25326;
ElbowRight;1.669653;0.03270184;3.106053;
ElbowLeft;1.665513;0.01684126;3.13808;
WristRight;1.854406;-0.0946415;3.107728;
WristLeft;1.698044;-0.2497388;3.131654;
HandRight;1.91503;-0.1434603;3.120094;
HandLeft;1.772941;-0.2719585;3.142051;
Spine;1.707905;0.02821551;3.34224;
HipCenter;1.639827;-0.03820365;3.314894;
HipRight;1.615026;-0.1519765;3.206457;
HipLeft;1.611999;-0.1139513;3.395283;
KneeRight;1.68006;-0.5967535;3.386881;
KneeLeft;1.682905;-0.6112655;3.279428;
AnkleRight;1.651033;-1.033564;3.305107;
AnkleLeft;1.573519;-0.93791;3.207493;
FootRight;1.569643;-1.074944;3.266077;
FootLeft;1.601229;-1.017585;3.210301;
Head;1.94828;0.5488527;3.413576;
ShoulderCenter;1.757186;0.4365419;3.351297;
ShoulderRight;1.682075;0.2504586;3.182603;
ShoulderLeft;1.697643;0.3398147;3.259185;
ElbowRight;1.691076;0.02304894;3.112034;
ElbowLeft;1.683932;0.04133216;3.169519;
WristRight;1.876032;-0.1044346;3.113722;
WristLeft;1.730599;-0.2588637;3.178644;
HandRight;1.936589;-0.1531998;3.126074;
HandLeft;1.77807;-0.4179825;3.214838;
Spine;1.72709;0.01405984;3.337927;
HipCenter;1.656474;-0.06090624;3.340376;
HipRight;1.643733;-0.1456179;3.277447;
HipLeft;1.636429;-0.1116009;3.402763;
KneeRight;1.703859;-0.6243962;3.37906;
KneeLeft;1.695468;-0.5956529;3.321578;
AnkleRight;1.648998;-0.957382;3.318363;
AnkleLeft;1.674621;-0.9307664;3.194728;
FootRight;1.678008;-0.9729458;3.208701;
FootLeft;1.702405;-1.010654;3.197544;
Head;1.757668;0.4393013;3.367473;
ShoulderCenter;1.695759;0.2288595;3.3521;
ShoulderRight;1.72021;0.09414081;3.218541;
ShoulderLeft;1.624551;0.1319366;3.262177;
ElbowRight;1.745712;-0.1230348;3.139922;
ElbowLeft;1.737856;-0.05664249;3.189933;
WristRight;1.958686;-0.09567532;3.188978;
WristLeft;1.759681;-0.2801166;3.201694;
HandRight;2.019191;-0.1443989;3.20132;
HandLeft;1.793025;-0.3483583;3.230553;
Spine;1.708621;-0.08632764;3.407198;
HipCenter;1.686393;-0.1487207;3.366975;
HipRight;1.710954;-0.2182211;3.299693;
HipLeft;1.658842;-0.199708;3.434192;
KneeRight;1.703379;-0.6333058;3.392856;
KneeLeft;1.730138;-0.6097065;3.377615;
AnkleRight;1.693902;-0.9786061;3.300142;
AnkleLeft;1.707082;-0.9352255;3.250356;
FootRight;1.760571;-0.9956474;3.25128;
FootLeft;1.713137;-1.028399;3.285201;
Head;1.761217;0.4298319;3.358922;
ShoulderCenter;1.744665;0.2303831;3.408146;
ShoulderRight;1.739571;0.07873721;3.31676;
ShoulderLeft;1.673457;0.1334602;3.318223;
ElbowRight;1.741969;-0.1941449;3.241497;
ElbowLeft;1.763265;-0.0690579;3.256293;
WristRight;1.925802;-0.3208541;3.243138;
WristLeft;1.777982;-0.2922335;3.231022;
HandRight;1.986256;-0.3695368;3.25547;
HandLeft;1.81042;-0.3467539;3.260509;
Spine;1.715149;-0.1067498;3.465958;
HipCenter;1.707741;-0.1745458;3.426976;
HipRight;1.719948;-0.2357783;3.367623;
HipLeft;1.685431;-0.2241026;3.487365;
KneeRight;1.70308;-0.6906442;3.381249;
KneeLeft;1.760387;-0.6331238;3.389727;
AnkleRight;1.684244;-1.021879;3.289886;
AnkleLeft;1.739096;-0.9687895;3.261496;
FootRight;1.605233;-1.027451;3.31816;
FootLeft;1.675467;-1.021386;3.300835;
Head;1.799331;0.3939675;3.42952;
ShoulderCenter;1.797917;0.1884002;3.462149;
ShoulderRight;1.788071;0.1364811;3.337958;
ShoulderLeft;1.726709;0.09147732;3.372225;
ElbowRight;1.771835;-0.1627493;3.267785;
ElbowLeft;1.817711;-0.09122446;3.251617;
WristRight;1.951545;-0.294794;3.268045;
WristLeft;1.779224;-0.3107675;3.253462;
HandRight;2.011946;-0.3434339;3.280366;
HandLeft;1.817604;-0.3502792;3.280114;
Spine;1.78763;-0.2015989;3.46455;
HipCenter;1.754506;-0.2714494;3.423774;
HipRight;1.773963;-0.3114482;3.3615;
HipLeft;1.727633;-0.3100196;3.476925;
KneeRight;1.75066;-0.8241549;3.399132;
KneeLeft;1.76773;-0.7146151;3.366373;
AnkleRight;1.691039;-0.966723;3.292921;
AnkleLeft;1.747386;-0.9589162;3.267437;
FootRight;1.663908;-1.046038;3.292182;
FootLeft;1.674664;-1.015265;3.288803;
Head;1.819936;0.3140513;3.460144;
ShoulderCenter;1.821818;0.1008824;3.463975;
ShoulderRight;1.811972;0.0489633;3.339784;
ShoulderLeft;1.75061;0.003959499;3.374051;
ElbowRight;1.811959;-0.2257169;3.348893;
ElbowLeft;1.795469;-0.2321587;3.314944;
WristRight;1.994765;-0.3517174;3.35047;
WristLeft;1.806899;-0.5072479;3.284005;
HandRight;2.055113;-0.4003149;3.36278;
HandLeft;1.840243;-0.5754895;3.312865;
Spine;1.831157;-0.2925362;3.517216;
HipCenter;1.80889;-0.3713957;3.488085;
HipRight;1.827039;-0.3954772;3.504461;
HipLeft;1.789495;-0.3928173;3.472584;
KneeRight;1.801137;-0.8397232;3.491762;
KneeLeft;1.775342;-0.6411091;3.377866;
AnkleRight;1.657481;-1.008311;3.211317;
AnkleLeft;1.762822;-0.9595279;3.274212;
FootRight;1.615878;-1.052968;3.134137;
FootLeft;1.669216;-1.009903;3.288252;
Head;1.735414;-0.5093818;3.389582;
ShoulderCenter;1.737286;-0.7215073;3.393451;
ShoulderRight;1.72744;-0.7734264;3.26926;
ShoulderLeft;1.666078;-0.8184302;3.303527;
ElbowRight;1.796457;-0.4984695;3.336754;
ElbowLeft;1.749768;-0.5364718;3.331052;
WristRight;2.009894;-0.5214471;3.376047;
WristLeft;1.952343;-0.5679855;3.39975;
HandRight;2.069873;-0.5697477;3.388281;
HandLeft;2.019868;-0.57849;3.427625;
Spine;1.784207;-0.8236969;3.452038;
HipCenter;1.778371;-0.8544362;3.426619;
HipRight;1.816369;-0.8408152;3.433666;
HipLeft;1.751539;-0.904186;3.424531;
KneeRight;1.786296;-1.168991;3.401493;
KneeLeft;1.854216;-0.4312334;3.339985;
AnkleRight;1.696596;-1.275864;3.198776;
AnkleLeft;1.936636;-0.05159101;3.254803;
FootRight;1.677714;-1.35723;3.200958;
FootLeft;1.908776;-0.1056267;3.177554;
Head;1.789338;-0.5278983;3.400266;
ShoulderCenter;1.753318;-0.7361617;3.401013;
ShoulderRight;1.743472;-0.7880809;3.276822;
ShoulderLeft;1.68211;-0.8330846;3.311089;
ElbowRight;1.812157;-0.5144452;3.344011;
ElbowLeft;1.800697;-0.566695;3.343974;
WristRight;2.024615;-0.5357683;3.38357;
WristLeft;1.848805;-0.7817194;3.330766;
HandRight;2.084545;-0.5840293;3.395795;
HandLeft;1.878823;-0.8351015;3.359513;
Spine;1.802596;-0.9523566;3.402332;
HipCenter;1.786185;-0.9899353;3.366764;
HipRight;1.816671;-1.007235;3.342958;
HipLeft;1.759605;-1.010705;3.382422;
KneeRight;1.835861;-1.491579;3.384586;
KneeLeft;1.855927;-0.607784;3.34667;
AnkleRight;1.741236;-1.47416;3.167536;
AnkleLeft;1.853547;-0.9311503;3.24016;
FootRight;1.694407;-1.515948;3.092052;
FootLeft;1.772096;-1.008343;3.252494;
