Floor;-0.02685815;0.9996341;0.003183006;1.061754;
Head;-1.183419;0.5757349;3.116763;
ShoulderCenter;-1.295442;0.3648447;3.0736;
ShoulderRight;-1.214305;0.1911135;3.201709;
ShoulderLeft;-1.340063;0.2512921;2.953366;
ElbowRight;-1.187595;-0.1086024;3.156308;
ElbowLeft;-1.178592;0.02297747;2.827177;
WristRight;-0.9513692;-0.06837717;2.895509;
WristLeft;-0.9275243;-0.06147381;2.821539;
HandRight;-0.8541848;-0.1082383;2.830463;
HandLeft;-0.8528686;-0.07980465;2.843563;
Spine;-1.289695;-0.02245722;3.089923;
HipCenter;-1.288546;-0.0999176;3.09674;
HipRight;-1.259163;-0.1867317;3.16434;
HipLeft;-1.315754;-0.1596514;3.031854;
KneeRight;-1.15628;-0.6590096;3.275336;
KneeLeft;-1.402031;-0.6550316;3.158206;
AnkleRight;-0.9767653;-1.040629;3.269032;
AnkleLeft;-1.607366;-1.057058;3.138868;
FootRight;-0.9029092;-1.070611;3.29882;
FootLeft;-1.537491;-1.111;3.116149;
Head;-1.129553;0.5697764;3.140424;
ShoulderCenter;-1.243616;0.3534682;3.081336;
ShoulderRight;-1.177051;0.2349078;3.212157;
ShoulderLeft;-1.308613;0.2425752;2.956898;
ElbowRight;-1.141827;-0.01705854;3.192035;
ElbowLeft;-1.12027;0.01138249;2.827484;
WristRight;-0.93366;-0.0484589;2.915981;
WristLeft;-0.8845637;-0.06600945;2.818639;
HandRight;-0.7850512;-0.08624119;2.858835;
HandLeft;-0.7858593;-0.07242072;2.851225;
Spine;-1.241116;-0.04518213;3.096118;
HipCenter;-1.240616;-0.1249122;3.102625;
HipRight;-1.214474;-0.1854151;3.156016;
HipLeft;-1.268189;-0.1828189;3.051311;
KneeRight;-1.128834;-0.627327;3.258281;
KneeLeft;-1.345107;-0.639529;3.170578;
AnkleRight;-0.9159194;-1.025928;3.259142;
AnkleLeft;-1.607764;-1.056145;3.139091;
FootRight;-0.8318752;-1.065159;3.279734;
FootLeft;-1.536507;-1.108786;3.120089;
Head;-1.106049;0.5258408;3.114457;
ShoulderCenter;-1.20013;0.3500678;3.087118;
ShoulderRight;-1.106584;0.178823;3.198537;
ShoulderLeft;-1.252817;0.2353055;2.963964;
ElbowRight;-1.08386;-0.1114291;3.162477;
ElbowLeft;-1.110123;0.01560627;2.830181;
WristRight;-0.8515985;-0.07299683;2.911468;
WristLeft;-0.8197699;-0.06155814;2.822421;
HandRight;-0.734844;-0.06453849;2.878254;
HandLeft;-0.7467296;-0.07584338;2.860218;
Spine;-1.195869;-0.0499213;3.098516;
HipCenter;-1.194975;-0.1299286;3.104343;
HipRight;-1.159549;-0.2049453;3.155816;
HipLeft;-1.231341;-0.1799882;3.053321;
KneeRight;-1.06316;-0.6533141;3.250677;
KneeLeft;-1.345156;-0.6473885;3.162583;
AnkleRight;-0.8938493;-1.036359;3.248306;
AnkleLeft;-1.604517;-1.058433;3.139894;
FootRight;-0.78469;-1.058647;3.251334;
FootLeft;-1.522921;-1.115805;3.114927;
Head;-1.061214;0.5008854;3.113099;
ShoulderCenter;-1.146112;0.3373933;3.082637;
ShoulderRight;-1.056406;0.1780068;3.166273;
ShoulderLeft;-1.197217;0.2277752;2.970393;
ElbowRight;-1.040048;-0.1183436;3.201032;
ElbowLeft;-1.071013;0.0121406;2.840038;
WristRight;-0.833361;-0.09185727;2.927094;
WristLeft;-0.789817;-0.07067706;2.828833;
HandRight;-0.7268692;-0.1134521;2.826946;
HandLeft;-0.7155169;-0.08695717;2.855535;
Spine;-1.142473;-0.07550427;3.101716;
HipCenter;-1.141745;-0.1580838;3.109103;
HipRight;-1.109622;-0.2193008;3.147372;
HipLeft;-1.172987;-0.196905;3.073227;
KneeRight;-1.025644;-0.6738448;3.241268;
KneeLeft;-1.352393;-0.6661549;3.124973;
AnkleRight;-0.8886487;-1.046708;3.244733;
AnkleLeft;-1.596493;-1.055242;3.135498;
FootRight;-0.8013601;-1.088877;3.253628;
FootLeft;-1.527644;-1.114657;3.127025;
Head;-1.005129;0.5023596;3.133791;
ShoulderCenter;-1.093098;0.3372716;3.081718;
ShoulderRight;-0.9995076;0.1641522;3.196462;
ShoulderLeft;-1.153769;0.2179342;2.98603;
ElbowRight;-0.9746844;-0.1392385;3.215193;
ElbowLeft;-1.011053;0.001200603;2.841211;
WristRight;-0.7796737;-0.1171052;2.929947;
WristLeft;-0.7475231;-0.1053123;2.839124;
HandRight;-0.6772575;-0.1212354;2.879848;
HandLeft;-0.6884072;-0.1259878;2.866018;
Spine;-1.087955;-0.06593306;3.098602;
HipCenter;-1.086927;-0.146574;3.105559;
HipRight;-1.051693;-0.2225921;3.159373;
HipLeft;-1.120529;-0.198522;3.054178;
KneeRight;-0.9746166;-0.6714444;3.240095;
KneeLeft;-1.313123;-0.6728671;3.117347;
AnkleRight;-0.8926708;-1.044001;3.242756;
AnkleLeft;-1.573084;-1.054142;3.123349;
FootRight;-0.806553;-1.101894;3.28428;
FootLeft;-1.521693;-1.117471;3.136501;
Head;-0.9559239;0.4992309;3.110916;
ShoulderCenter;-1.037639;0.3346991;3.077698;
ShoulderRight;-0.9478045;0.1816733;3.227508;
ShoulderLeft;-1.101862;0.2141393;2.986295;
ElbowRight;-0.9107355;-0.05093126;3.173924;
ElbowLeft;-0.9971945;-0.000827799;2.846117;
WristRight;-0.7278103;-0.1118452;2.903272;
WristLeft;-0.7294299;-0.1307777;2.843215;
HandRight;-0.6611032;-0.1543765;2.857716;
HandLeft;-0.6721458;-0.1529343;2.858564;
Spine;-1.025677;-0.08112504;3.108616;
HipCenter;-1.023284;-0.1642899;3.118402;
HipRight;-0.9867862;-0.2353917;3.174915;
HipLeft;-1.056112;-0.2207821;3.068528;
KneeRight;-0.9221594;-0.6717182;3.251496;
KneeLeft;-1.239411;-0.6768181;3.105344;
AnkleRight;-0.892222;-1.043874;3.24279;
AnkleLeft;-1.542627;-1.040837;3.114053;
FootRight;-0.8315595;-1.098574;3.24123;
FootLeft;-1.511209;-1.11295;3.136324;
Head;-0.9026518;0.5010628;3.125836;
ShoulderCenter;-0.9882117;0.3435667;3.088023;
ShoulderRight;-0.9053747;0.1953926;3.22847;
ShoulderLeft;-1.053738;0.2222564;2.995124;
ElbowRight;-0.8790796;-0.03611934;3.210116;
ElbowLeft;-0.9431279;-0.01931959;2.862881;
WristRight;-0.7303379;-0.1309251;2.933589;
WristLeft;-0.7281706;-0.1455481;2.852492;
HandRight;-0.6621708;-0.222842;2.836965;
HandLeft;-0.6567661;-0.1930231;2.859746;
Spine;-0.9866382;-0.08866525;3.106931;
HipCenter;-0.9853444;-0.1748976;3.114563;
HipRight;-0.9510553;-0.2381955;3.162024;
HipLeft;-1.019844;-0.2259779;3.070179;
KneeRight;-0.8790582;-0.6737364;3.254235;
KneeLeft;-1.134328;-0.626381;3.081935;
AnkleRight;-0.8904339;-1.04952;3.2434;
AnkleLeft;-1.464234;-1.007754;3.123859;
FootRight;-0.8094549;-1.109085;3.288497;
FootLeft;-1.449716;-1.107889;3.124989;
Head;-0.8583996;0.4888005;3.147613;
ShoulderCenter;-0.9544621;0.3403558;3.097868;
ShoulderRight;-0.855894;0.1784054;3.25327;
ShoulderLeft;-1.017976;0.2269535;2.996494;
ElbowRight;-0.838237;-0.07526746;3.235737;
ElbowLeft;-0.9367949;-0.02224961;2.870105;
WristRight;-0.711155;-0.1559553;2.944615;
WristLeft;-0.7003068;-0.2027947;2.871449;
HandRight;-0.6700655;-0.2632692;2.849364;
HandLeft;-0.6464862;-0.2410685;2.872408;
Spine;-0.9425268;-0.08186535;3.116235;
HipCenter;-0.9406149;-0.1661324;3.123385;
HipRight;-0.9026072;-0.2452777;3.182616;
HipLeft;-0.9751801;-0.2232107;3.067441;
KneeRight;-0.8608966;-0.6664111;3.251531;
KneeLeft;-1.017622;-0.6209148;3.080194;
AnkleRight;-0.8808929;-1.04797;3.241569;
AnkleLeft;-1.368334;-0.975588;3.110053;
FootRight;-0.8197296;-1.102933;3.237119;
FootLeft;-1.294006;-1.017224;3.06392;
Head;-0.8342953;0.5212001;3.128279;
ShoulderCenter;-0.9080774;0.3584225;3.108522;
ShoulderRight;-0.8204064;0.2258199;3.245935;
ShoulderLeft;-0.9771939;0.2343876;2.991236;
ElbowRight;-0.7941978;-0.01032411;3.233181;
ElbowLeft;-0.9235898;-0.01423785;2.885978;
WristRight;-0.7270725;-0.2018899;2.981869;
WristLeft;-0.7340809;-0.2189214;2.882657;
HandRight;-0.7081506;-0.2558902;2.915271;
HandLeft;-0.6724988;-0.2812229;2.876687;
Spine;-0.8978967;-0.07556421;3.100953;
HipCenter;-0.8946503;-0.1621907;3.102686;
HipRight;-0.859655;-0.2381976;3.165514;
HipLeft;-0.9271747;-0.2338122;3.034496;
KneeRight;-0.8230043;-0.6673505;3.240978;
KneeLeft;-0.9334644;-0.6399764;3.092026;
AnkleRight;-0.8727331;-1.049486;3.239487;
AnkleLeft;-1.309364;-0.9341059;3.102803;
FootRight;-0.8382666;-1.121411;3.259585;
FootLeft;-1.300606;-1.03416;3.150715;
Head;-0.7996921;0.5320855;3.121436;
ShoulderCenter;-0.8708087;0.3660032;3.105926;
ShoulderRight;-0.7856142;0.2456543;3.257639;
ShoulderLeft;-0.9373766;0.2400455;2.997429;
ElbowRight;-0.7439248;-0.003037018;3.19633;
ElbowLeft;-0.9174272;0.0009237886;2.903666;
WristRight;-0.7104366;-0.2377473;3.174377;
WristLeft;-0.7552146;-0.2309392;2.901192;
HandRight;-0.702974;-0.2985898;3.196252;
HandLeft;-0.7111776;-0.307171;2.903009;
Spine;-0.8358663;-0.02741736;3.124469;
HipCenter;-0.8299656;-0.1063227;3.131871;
HipRight;-0.7882202;-0.1813895;3.199506;
HipLeft;-0.8611237;-0.1728318;3.06762;
KneeRight;-0.7971047;-0.6711978;3.237134;
KneeLeft;-0.8725607;-0.622322;3.074002;
AnkleRight;-0.8696414;-1.049143;3.240511;
AnkleLeft;-1.215575;-0.9541924;3.121149;
FootRight;-0.8282587;-1.118467;3.258586;
FootLeft;-1.183797;-1.04457;3.179041;
Head;-0.7476124;0.5429615;3.145301;
ShoulderCenter;-0.8354521;0.3791074;3.112886;
ShoulderRight;-0.737986;0.2534471;3.220255;
ShoulderLeft;-0.9000924;0.2504174;3.003945;
ElbowRight;-0.6839986;-0.05219829;3.197925;
ElbowLeft;-0.8985335;0.007789663;2.911175;
WristRight;-0.6477135;-0.2786627;3.175915;
WristLeft;-0.7852539;-0.2354534;2.915829;
HandRight;-0.6625681;-0.3290878;3.248216;
HandLeft;-0.7455633;-0.3155449;2.916753;
Spine;-0.7817402;-0.03304026;3.134629;
HipCenter;-0.7719976;-0.1158403;3.142406;
HipRight;-0.728424;-0.1841;3.196786;
HipLeft;-0.8009911;-0.1714916;3.091431;
KneeRight;-0.7798191;-0.728086;3.240239;
KneeLeft;-0.7903253;-0.6162961;3.079541;
AnkleRight;-0.8885965;-1.076722;3.241378;
AnkleLeft;-1.113633;-0.9503098;3.112187;
FootRight;-0.7819817;-1.106976;3.27406;
FootLeft;-1.053281;-1.037823;3.157456;
Head;-0.7083854;0.560688;3.147055;
ShoulderCenter;-0.7924001;0.3911643;3.119227;
ShoulderRight;-0.6842301;0.2570374;3.22839;
ShoulderLeft;-0.8585992;0.2632367;3.009089;
ElbowRight;-0.6486788;0.01900806;3.263402;
ElbowLeft;-0.8730677;-0.01247072;2.921361;
WristRight;-0.6355135;-0.2318961;3.329331;
WristLeft;-0.7891318;-0.2424403;2.924428;
HandRight;-0.6385947;-0.2844172;3.403465;
HandLeft;-0.7693838;-0.3246825;2.926457;
Spine;-0.7402008;-0.01862457;3.148326;
HipCenter;-0.7287151;-0.1001976;3.158182;
HipRight;-0.6911364;-0.1807031;3.217736;
HipLeft;-0.7511713;-0.153615;3.103934;
KneeRight;-0.855359;-0.584815;3.234549;
KneeLeft;-0.7151497;-0.6173168;3.105376;
AnkleRight;-0.8660449;-1.022765;3.227466;
AnkleLeft;-0.9812629;-0.9616273;3.10594;
FootRight;-0.8262687;-1.095647;3.242463;
FootLeft;-0.9379004;-1.044211;3.120538;
Head;-0.6744236;0.5656095;3.138155;
ShoulderCenter;-0.751674;0.3914135;3.127758;
ShoulderRight;-0.6510301;0.2630813;3.23279;
ShoulderLeft;-0.8225877;0.2687888;3.016474;
ElbowRight;-0.6080717;-0.0174817;3.222624;
ElbowLeft;-0.8588112;-0.006841651;2.925631;
WristRight;-0.6027674;-0.2262964;3.43892;
WristLeft;-0.8084741;-0.2294273;2.941106;
HandRight;-0.5868946;-0.3138435;3.512359;
HandLeft;-0.8056287;-0.324369;2.955605;
Spine;-0.6996441;-0.01098689;3.138747;
HipCenter;-0.6889556;-0.09138179;3.144482;
HipRight;-0.6438633;-0.1740634;3.208219;
HipLeft;-0.71209;-0.1438195;3.079607;
KneeRight;-0.813633;-0.6241361;3.239889;
KneeLeft;-0.6565686;-0.6482173;3.125925;
AnkleRight;-0.7966319;-1.028796;3.159716;
AnkleLeft;-0.8904248;-0.993751;3.114059;
FootRight;-0.7615163;-1.104621;3.177251;
FootLeft;-0.7978016;-1.050941;3.152714;
Head;-0.6132565;0.5595812;3.146214;
ShoulderCenter;-0.7106481;0.3907129;3.129621;
ShoulderRight;-0.6039286;0.2583274;3.265553;
ShoulderLeft;-0.7792491;0.2664934;3.017771;
ElbowRight;-0.5674964;-0.02375472;3.235523;
ElbowLeft;-0.8349531;-0.003334056;2.936782;
WristRight;-0.5514104;-0.2137117;3.468328;
WristLeft;-0.8129528;-0.2319813;2.945784;
HandRight;-0.5269299;-0.2819167;3.473731;
HandLeft;-0.8168231;-0.3286693;2.963162;
Spine;-0.6682517;-0.01863899;3.133405;
HipCenter;-0.6593701;-0.100348;3.137906;
HipRight;-0.6211039;-0.1802568;3.196096;
HipLeft;-0.6856677;-0.1509775;3.078899;
KneeRight;-0.7133595;-0.6446078;3.206868;
KneeLeft;-0.5477459;-0.6278064;3.120816;
AnkleRight;-0.887276;-1.052832;3.229139;
AnkleLeft;-0.8175032;-1.037506;3.181814;
FootRight;-0.8511925;-1.130747;3.247157;
FootLeft;-0.7046077;-1.074033;3.178639;
Head;-0.5963387;0.5724069;3.147685;
ShoulderCenter;-0.6605773;0.3845344;3.126897;
ShoulderRight;-0.5787126;0.2649048;3.275035;
ShoulderLeft;-0.7364874;0.2629677;3.026496;
ElbowRight;-0.5174229;-0.02522466;3.249348;
ElbowLeft;-0.8205941;-0.006322534;2.943946;
WristRight;-0.4871942;-0.2126664;3.484483;
WristLeft;-0.8178242;-0.2359811;2.961637;
HandRight;-0.4522226;-0.2759576;3.499934;
HandLeft;-0.8374052;-0.327924;2.995859;
Spine;-0.6395271;-0.01972942;3.125886;
HipCenter;-0.634592;-0.100798;3.129742;
HipRight;-0.5872694;-0.1733501;3.185985;
HipLeft;-0.6680856;-0.1600091;3.069612;
KneeRight;-0.6299022;-0.6355333;3.195032;
KneeLeft;-0.4841538;-0.6207927;3.142739;
AnkleRight;-0.8038187;-1.043757;3.21728;
AnkleLeft;-0.5725641;-1.021316;3.118405;
FootRight;-0.7883015;-1.116494;3.313944;
FootLeft;-0.5010377;-1.074738;3.201503;
Head;-0.5355883;0.572062;3.166244;
ShoulderCenter;-0.6208609;0.3888849;3.132696;
ShoulderRight;-0.5370002;0.3013659;3.271863;
ShoulderLeft;-0.6849118;0.2532265;3.02837;
ElbowRight;-0.4795112;-0.009483486;3.246906;
ElbowLeft;-0.7939028;-0.01270231;2.958645;
WristRight;-0.4294021;-0.2038177;3.476454;
WristLeft;-0.8059498;-0.2429071;2.982173;
HandRight;-0.3686782;-0.2916223;3.500899;
HandLeft;-0.8372183;-0.3371627;3.003986;
Spine;-0.59137;-0.02294339;3.131646;
HipCenter;-0.58599;-0.1054199;3.134956;
HipRight;-0.5522164;-0.1725344;3.19007;
HipLeft;-0.6175745;-0.1664088;3.075778;
KneeRight;-0.7689513;-0.6581539;3.244457;
KneeLeft;-0.4348561;-0.6177428;3.15095;
AnkleRight;-0.8640839;-1.055014;3.222339;
AnkleLeft;-0.431963;-1.0268;3.134989;
FootRight;-0.7873787;-1.110185;3.301097;
FootLeft;-0.3446476;-1.07374;3.17518;
Head;-0.4841798;0.5573598;3.168712;
ShoulderCenter;-0.5659723;0.3714748;3.141541;
ShoulderRight;-0.476271;0.2492321;3.255945;
ShoulderLeft;-0.6398253;0.2450821;3.030878;
ElbowRight;-0.4200527;-0.04122888;3.228821;
ElbowLeft;-0.7611311;-0.02298723;2.971738;
WristRight;-0.3603047;-0.2088732;3.476879;
WristLeft;-0.7978382;-0.2508506;2.999037;
HandRight;-0.3143567;-0.2682421;3.48002;
HandLeft;-0.8356705;-0.3441945;3.012817;
Spine;-0.5457113;-0.04598652;3.140638;
HipCenter;-0.5416591;-0.1294788;3.144063;
HipRight;-0.5014499;-0.193701;3.19499;
HipLeft;-0.5757788;-0.1907222;3.090075;
KneeRight;-0.7409905;-0.5735347;3.23537;
KneeLeft;-0.4862871;-0.6079778;3.178965;
AnkleRight;-0.8537619;-1.056961;3.225571;
AnkleLeft;-0.2958428;-1.030983;3.146966;
FootRight;-0.7793573;-1.114654;3.28528;
FootLeft;-0.1924816;-1.069868;3.174332;
Head;-0.4284612;0.5403383;3.184614;
ShoulderCenter;-0.5236826;0.3648004;3.150186;
ShoulderRight;-0.4120622;0.1968352;3.301641;
ShoulderLeft;-0.5950305;0.2400712;3.039358;
ElbowRight;-0.4055736;-0.07822531;3.427658;
ElbowLeft;-0.7170344;-0.03377885;2.975793;
WristRight;-0.2883985;-0.2474034;3.523023;
WristLeft;-0.7763712;-0.2546175;3.007803;
HandRight;-0.2344325;-0.2986524;3.524502;
HandLeft;-0.804229;-0.3261991;3.023026;
Spine;-0.5063916;-0.0533336;3.146928;
HipCenter;-0.5029075;-0.1369544;3.149904;
HipRight;-0.4508478;-0.2087405;3.202328;
HipLeft;-0.5486646;-0.1979851;3.09371;
KneeRight;-0.4169799;-0.6637101;3.184031;
KneeLeft;-0.7284951;-0.7050862;3.241999;
AnkleRight;-0.7791337;-0.9981545;3.213634;
AnkleLeft;-0.3036895;-0.960058;3.181935;
FootRight;-0.7906365;-1.104857;3.234415;
FootLeft;-0.2234915;-1.004403;3.127561;
Head;-0.4062575;0.5419934;3.180219;
ShoulderCenter;-0.4652955;0.3554238;3.146622;
ShoulderRight;-0.3707726;0.187364;3.232315;
ShoulderLeft;-0.5467892;0.2328367;3.041561;
ElbowRight;-0.3443572;-0.04943073;3.406752;
ElbowLeft;-0.6744875;-0.03329201;2.975691;
WristRight;-0.2179801;-0.2508212;3.504572;
WristLeft;-0.7159235;-0.2600747;3.008904;
HandRight;-0.1986307;-0.3073946;3.545811;
HandLeft;-0.7523789;-0.3283333;3.02019;
Spine;-0.4681015;-0.07093284;3.139339;
HipCenter;-0.4692825;-0.1555188;3.141792;
HipRight;-0.4267141;-0.2177208;3.185843;
HipLeft;-0.5172296;-0.2072545;3.0953;
KneeRight;-0.3140302;-0.6750829;3.171435;
KneeLeft;-0.7149844;-0.7121072;3.241766;
AnkleRight;-0.7101722;-0.9621121;3.204289;
AnkleLeft;-0.2856534;-0.954079;3.196809;
FootRight;-0.6393238;-1.007306;3.140385;
FootLeft;-0.214805;-0.9992728;3.132905;
Head;-0.3477479;0.5270943;3.16893;
ShoulderCenter;-0.4213392;0.3505549;3.15187;
ShoulderRight;-0.3079124;0.1862798;3.25451;
ShoulderLeft;-0.5031054;0.2240405;3.047935;
ElbowRight;-0.2783075;-0.06036736;3.413158;
ElbowLeft;-0.6202514;-0.03815296;2.974781;
WristRight;-0.1459629;-0.3050787;3.535021;
WristLeft;-0.6663367;-0.2624193;2.982823;
HandRight;-0.1018481;-0.3866491;3.580556;
HandLeft;-0.6942967;-0.3375391;3.001489;
Spine;-0.4287491;-0.07254442;3.138169;
HipCenter;-0.4295536;-0.1571544;3.139113;
HipRight;-0.378318;-0.222386;3.178708;
HipLeft;-0.477623;-0.2143561;3.092447;
KneeRight;-0.2521673;-0.6681299;3.170639;
KneeLeft;-0.669217;-0.7247349;3.239203;
AnkleRight;-0.6579498;-0.9372388;3.199751;
AnkleLeft;-0.3104621;-0.949668;3.210887;
FootRight;-0.5879313;-0.9821618;3.135076;
FootLeft;-0.2404436;-0.9945909;3.146212;
Head;-0.279985;0.5077957;3.170518;
ShoulderCenter;-0.3675349;0.3402063;3.147089;
ShoulderRight;-0.2522031;0.1765068;3.229692;
ShoulderLeft;-0.4458159;0.2031027;3.039658;
ElbowRight;-0.2227716;-0.06869553;3.387251;
ElbowLeft;-0.570231;-0.07152092;2.979509;
WristRight;-0.1740966;-0.2548152;3.539823;
WristLeft;-0.6058748;-0.2959686;2.990708;
HandRight;-0.1264846;-0.3173209;3.544317;
HandLeft;-0.6202556;-0.3499496;3.003976;
Spine;-0.3852326;-0.08147188;3.153333;
HipCenter;-0.3678768;-0.1647837;3.13704;
HipRight;-0.3205829;-0.2309753;3.178689;
HipLeft;-0.4152536;-0.2210014;3.089382;
KneeRight;-0.2341222;-0.6606335;3.176306;
KneeLeft;-0.6328867;-0.7217863;3.240764;
AnkleRight;-0.6426674;-0.9213074;3.202765;
AnkleLeft;-0.2928106;-0.9492579;3.21189;
FootRight;-0.5751167;-0.9658448;3.135553;
FootLeft;-0.2252599;-0.9937952;3.144678;
Head;-0.2309186;0.4994464;3.164302;
ShoulderCenter;-0.3123477;0.3270255;3.143986;
ShoulderRight;-0.2019245;0.1720504;3.236528;
ShoulderLeft;-0.3871935;0.2073849;3.04505;
ElbowRight;-0.1849899;-0.1373174;3.175525;
ElbowLeft;-0.5065113;-0.07165471;2.978389;
WristRight;-0.136007;-0.2529925;3.445833;
WristLeft;-0.5365638;-0.2966044;3.002401;
HandRight;-0.1041535;-0.3078804;3.475847;
HandLeft;-0.5555058;-0.3734881;3.003212;
Spine;-0.3157346;-0.08891006;3.148707;
HipCenter;-0.2949078;-0.1702756;3.132781;
HipRight;-0.2472669;-0.232384;3.173038;
HipLeft;-0.3384235;-0.2258024;3.086389;
KneeRight;-0.179172;-0.6495134;3.182312;
KneeLeft;-0.5710466;-0.721305;3.24018;
AnkleRight;-0.5942618;-0.9107025;3.207139;
AnkleLeft;-0.2805478;-0.9655172;3.216201;
FootRight;-0.524103;-0.9544199;3.141462;
FootLeft;-0.210389;-1.009235;3.150524;
Head;-0.1783003;0.522634;3.165642;
ShoulderCenter;-0.2559329;0.346346;3.141617;
ShoulderRight;-0.1431189;0.1606219;3.263132;
ShoulderLeft;-0.3311937;0.2159943;3.043087;
ElbowRight;-0.1421707;-0.07609688;3.169372;
ElbowLeft;-0.430803;-0.07339301;2.972373;
WristRight;-0.1068795;-0.246111;3.413603;
WristLeft;-0.4530275;-0.3002377;2.991614;
HandRight;-0.0673818;-0.2972854;3.441513;
HandLeft;-0.4692209;-0.3781562;2.995664;
Spine;-0.2646679;-0.0761264;3.13695;
HipCenter;-0.243615;-0.1587199;3.120607;
HipRight;-0.1962523;-0.2304141;3.158759;
HipLeft;-0.2881661;-0.2023063;3.0743;
KneeRight;-0.1689449;-0.6526251;3.188412;
KneeLeft;-0.4980773;-0.7049772;3.245395;
AnkleRight;-0.5907899;-0.9009742;3.207779;
AnkleLeft;-0.1830045;-0.5544412;3.317756;
FootRight;-0.5162933;-0.9446332;3.146626;
FootLeft;-0.1477545;-0.6687172;3.295292;
Head;-0.1378381;0.5314035;3.167613;
ShoulderCenter;-0.2242694;0.3569276;3.141389;
ShoulderRight;-0.1035106;0.1903337;3.221956;
ShoulderLeft;-0.280979;0.229988;3.037148;
ElbowRight;-0.08240488;-0.05235298;3.192808;
ElbowLeft;-0.3448994;-0.06064486;2.958577;
WristRight;-0.05124231;-0.2527512;3.414978;
WristLeft;-0.3178268;-0.2857379;2.998295;
HandRight;-0.04167689;-0.3142639;3.487693;
HandLeft;-0.3510035;-0.374446;2.984402;
Spine;-0.2054434;-0.05435071;3.150258;
HipCenter;-0.1814401;-0.1343414;3.135433;
HipRight;-0.1350341;-0.2028614;3.183332;
HipLeft;-0.2189449;-0.1887522;3.082397;
KneeRight;-0.1578367;-0.6450663;3.204111;
KneeLeft;-0.4253677;-0.6797458;3.291085;
AnkleRight;-0.5697287;-0.9057199;3.219009;
AnkleLeft;-0.06579858;-0.6560463;3.293774;
FootRight;-0.4981351;-0.9486835;3.153337;
FootLeft;-0.05252494;-0.7754831;3.271812;
Head;-0.1029299;0.5537408;3.178469;
ShoulderCenter;-0.1757185;0.3747771;3.138634;
ShoulderRight;-0.05743266;0.1967944;3.248398;
ShoulderLeft;-0.2294528;0.2384072;3.036594;
ElbowRight;-0.01819351;-0.05001643;3.227719;
ElbowLeft;-0.2785102;-0.04009646;2.944805;
WristRight;0.002607696;-0.2709402;3.275195;
WristLeft;-0.2335393;-0.2619708;2.973192;
HandRight;0.0121686;-0.3324238;3.347876;
HandLeft;-0.2433964;-0.3564596;2.984544;
Spine;-0.1535157;-0.05177089;3.168847;
HipCenter;-0.1258453;-0.1350492;3.160023;
HipRight;-0.07910212;-0.1986368;3.204302;
HipLeft;-0.1615254;-0.1845547;3.11722;
KneeRight;-0.1467565;-0.6555177;3.211204;
KneeLeft;-0.3700998;-0.6964613;3.277181;
AnkleRight;-0.5359886;-0.9269366;3.246667;
AnkleLeft;-0.0270938;-0.6851564;3.350884;
FootRight;-0.5421556;-1.036907;3.299215;
FootLeft;-0.02515961;-0.8008925;3.312231;
Head;-0.05739462;0.5557927;3.173608;
ShoulderCenter;-0.1254062;0.378953;3.15547;
ShoulderRight;-0.007120334;0.2009702;3.265234;
ShoulderLeft;-0.2029029;0.2519664;3.047701;
ElbowRight;0.03333455;-0.04974499;3.233853;
ElbowLeft;-0.2098189;-0.02245768;2.954698;
WristRight;0.04810578;-0.272513;3.16238;
WristLeft;-0.1373179;-0.2406963;2.975078;
HandRight;0.06093066;-0.3619622;3.193792;
HandLeft;-0.1091176;-0.3298623;2.99524;
Spine;-0.1163215;-0.04823748;3.174006;
HipCenter;-0.0922504;-0.1319332;3.16207;
HipRight;-0.03889506;-0.1938498;3.197325;
HipLeft;-0.1358242;-0.1797935;3.124252;
KneeRight;-0.1459935;-0.6581423;3.22186;
KneeLeft;-0.3546537;-0.6937088;3.275397;
AnkleRight;-0.4683326;-0.9183384;3.285915;
AnkleLeft;-0.03922069;-0.7323645;3.403491;
FootRight;-0.4305323;-1.028877;3.32092;
FootLeft;-0.03334341;-0.8402235;3.346878;
Head;-0.01783369;0.5680042;3.179502;
ShoulderCenter;-0.08866735;0.3906641;3.15771;
ShoulderRight;0.02961853;0.2126814;3.267473;
ShoulderLeft;-0.1570217;0.2714545;3.061731;
ElbowRight;0.07137819;-0.02129658;3.240178;
ElbowLeft;-0.1470293;0.02796686;2.955252;
WristRight;0.08610036;-0.2433244;3.168883;
WristLeft;-0.03635706;-0.253253;2.97942;
HandRight;0.09903568;-0.3335438;3.200566;
HandLeft;0.01537769;-0.3246654;2.972092;
Spine;-0.064167;-0.0341533;3.184031;
HipCenter;-0.03799934;-0.1172477;3.173253;
HipRight;0.01131427;-0.1712344;3.19715;
HipLeft;-0.07831606;-0.1637784;3.149455;
KneeRight;-0.02788738;-0.6511616;3.277436;
KneeLeft;-0.06091703;-0.6454657;3.174593;
AnkleRight;-0.3610668;-0.9297932;3.282493;
AnkleLeft;-0.09071889;-1.041975;3.191654;
FootRight;-0.3207972;-1.031459;3.339808;
FootLeft;-0.01870985;-1.092663;3.215586;
Head;0.03673828;0.5690352;3.181058;
ShoulderCenter;-0.05382571;0.3997027;3.158648;
ShoulderRight;0.06446016;0.2217199;3.268412;
ShoulderLeft;-0.1310755;0.275068;3.061052;
ElbowRight;0.1151063;-0.01259539;3.242859;
ElbowLeft;-0.08405106;0.0381309;2.957566;
WristRight;0.1297822;-0.2339261;3.17175;
WristLeft;0.07424343;-0.2276041;2.957238;
HandRight;0.1427842;-0.3246101;3.203595;
HandLeft;0.117126;-0.2850376;2.956;
Spine;-0.03838949;-0.03165101;3.18959;
HipCenter;-0.01269626;-0.116228;3.179226;
HipRight;0.0445336;-0.1796348;3.213126;
HipLeft;-0.05715084;-0.158117;3.149263;
KneeRight;0.08182289;-0.6082509;3.334816;
KneeLeft;-0.06202857;-0.6502775;3.176278;
AnkleRight;-0.2392364;-0.9543977;3.303091;
AnkleLeft;-0.09115003;-1.041514;3.191545;
FootRight;-0.1819501;-1.054315;3.305518;
FootLeft;-0.02020069;-1.093064;3.21589;
Head;0.07157433;0.5825225;3.191169;
ShoulderCenter;-0.01019087;0.4075656;3.165507;
ShoulderRight;0.108095;0.2295828;3.275271;
ShoulderLeft;-0.07304863;0.2804573;3.06776;
ElbowRight;0.1520657;-0.00632332;3.249248;
ElbowLeft;-0.01602702;0.03207148;2.95637;
WristRight;0.1667133;-0.2272248;3.178306;
WristLeft;0.1789532;-0.2028636;2.939054;
HandRight;0.1797873;-0.3184116;3.210328;
HandLeft;0.2257082;-0.2638434;2.93628;
Spine;-0.01663972;-0.02671953;3.178903;
HipCenter;0.006358709;-0.1120544;3.166635;
HipRight;0.06779707;-0.1769491;3.190787;
HipLeft;-0.04465565;-0.1421084;3.138027;
KneeRight;0.1204652;-0.6322944;3.336468;
KneeLeft;-0.05866117;-0.6483107;3.17602;
AnkleRight;-0.09699344;-0.9797186;3.263499;
AnkleLeft;-0.09356828;-1.032971;3.191466;
FootRight;-0.0220944;-1.06854;3.306897;
FootLeft;-0.02554949;-1.090359;3.21346;
Head;0.1237222;0.5851594;3.201357;
ShoulderCenter;0.04512176;0.4073828;3.165654;
ShoulderRight;0.1634076;0.2294;3.275418;
ShoulderLeft;-0.02210094;0.2816532;3.070126;
ElbowRight;0.2017583;0.005729154;3.262009;
ElbowLeft;0.04885895;0.0406489;2.951097;
WristRight;0.2105805;-0.209924;3.175486;
WristLeft;0.2594173;-0.1764683;2.933627;
HandRight;0.2237281;-0.3016241;3.207688;
HandLeft;0.3252895;-0.2260416;2.931525;
Spine;0.05031628;-0.02382869;3.188893;
HipCenter;0.07357123;-0.1087327;3.177406;
HipRight;0.1146252;-0.1691537;3.194095;
HipLeft;0.03639757;-0.1403264;3.16011;
KneeRight;0.1515069;-0.6477024;3.338624;
KneeLeft;-0.04903772;-0.6459697;3.179328;
AnkleRight;0.05155192;-1.015925;3.319776;
AnkleLeft;-0.09491158;-1.032262;3.193463;
FootRight;0.1047972;-1.084912;3.344828;
FootLeft;-0.02614919;-1.089104;3.209669;
Head;0.1519272;0.5908059;3.215019;
ShoulderCenter;0.07087693;0.4131013;3.17038;
ShoulderRight;0.1891628;0.2351185;3.280143;
ShoulderLeft;0.008201133;0.2844445;3.076341;
ElbowRight;0.2273956;0.01213524;3.266637;
ElbowLeft;0.1109613;0.03736452;2.947423;
WristRight;0.2363663;-0.2030044;3.18078;
WristLeft;0.3496391;-0.1553075;2.926725;
HandRight;0.2495455;-0.2949251;3.21306;
HandLeft;0.4055961;-0.2005269;2.916517;
Spine;0.07270379;-0.01977866;3.186704;
HipCenter;0.09569629;-0.1048089;3.17414;
HipRight;0.1395853;-0.1641192;3.19097;
HipLeft;0.05714891;-0.1359197;3.155348;
KneeRight;0.2183652;-0.6407313;3.347077;
KneeLeft;-0.01894055;-0.6363856;3.18157;
AnkleRight;0.1583632;-1.00134;3.33427;
AnkleLeft;-0.09561328;-1.031541;3.194757;
FootRight;0.2524522;-1.059134;3.388176;
FootLeft;-0.02872957;-1.091666;3.207416;
Head;0.1545395;0.5945871;3.218024;
ShoulderCenter;0.1285964;0.4028416;3.178587;
ShoulderRight;0.2468823;0.2248588;3.288351;
ShoulderLeft;0.06082863;0.2737355;3.081593;
ElbowRight;0.284982;0.002651677;3.27475;
ElbowLeft;0.1612286;0.04658841;2.95;
WristRight;0.2941167;-0.2119041;3.189646;
WristLeft;0.375925;-0.09647399;2.917324;
HandRight;0.3072845;-0.3037447;3.221897;
HandLeft;0.4557334;-0.1531569;2.909204;
Spine;0.1335293;-0.02336586;3.200395;
HipCenter;0.1567671;-0.1071977;3.188677;
HipRight;0.1999606;-0.1668281;3.2058;
HipLeft;0.1186539;-0.1395466;3.17071;
KneeRight;0.2775622;-0.6247483;3.342077;
KneeLeft;0.003032271;-0.6325982;3.180381;
AnkleRight;0.2820133;-1.00611;3.354616;
AnkleLeft;-0.09509753;-1.031049;3.195658;
FootRight;0.397314;-1.043025;3.380721;
FootLeft;-0.02655793;-1.090757;3.206473;
Head;0.242703;0.5726129;3.207062;
ShoulderCenter;0.1674996;0.3941037;3.180173;
ShoulderRight;0.2857855;0.2161209;3.289937;
ShoulderLeft;0.1123288;0.263093;3.081008;
ElbowRight;0.3192071;-0.08948787;3.25423;
ElbowLeft;0.2228735;0.03743066;2.944938;
WristRight;0.3365366;-0.3120389;3.196675;
WristLeft;0.4593329;-0.1130708;2.9035;
HandRight;0.3497574;-0.4042496;3.229056;
HandLeft;0.5284209;-0.1440836;2.903941;
Spine;0.1627807;-0.02195948;3.19861;
HipCenter;0.1852733;-0.1043514;3.187148;
HipRight;0.225051;-0.1619633;3.207074;
HipLeft;0.1499564;-0.1399162;3.165474;
KneeRight;0.3315063;-0.6522005;3.34052;
KneeLeft;0.0171399;-0.6394534;3.179172;
AnkleRight;0.4136923;-1.0059;3.355125;
AnkleLeft;-0.09378944;-1.030632;3.197233;
FootRight;0.5315465;-1.038595;3.376629;
FootLeft;-0.02514714;-1.091095;3.204797;
Head;0.2914621;0.5624888;3.215696;
ShoulderCenter;0.2264591;0.3787329;3.187196;
ShoulderRight;0.3447449;0.2007502;3.29696;
ShoulderLeft;0.1499988;0.2508707;3.089074;
ElbowRight;0.3745177;-0.1073375;3.261032;
ElbowLeft;0.2977696;0.02034246;2.937968;
WristRight;0.3911014;-0.33133;3.202458;
WristLeft;0.5158864;-0.1008752;2.902413;
HandRight;0.404367;-0.4238529;3.234949;
HandLeft;0.5854239;-0.1292052;2.911494;
Spine;0.205361;-0.01917084;3.200738;
HipCenter;0.2216448;-0.09897091;3.186922;
HipRight;0.2644452;-0.1584041;3.209765;
HipLeft;0.1766904;-0.1399707;3.161782;
KneeRight;0.3870037;-0.6563333;3.336308;
KneeLeft;0.03937487;-0.6551682;3.172479;
AnkleRight;0.5722038;-1.007683;3.353624;
AnkleLeft;-0.0920716;-1.029758;3.198868;
FootRight;0.6904762;-1.02134;3.388659;
FootLeft;-0.02518916;-1.091828;3.208277;
Head;0.3432347;0.5556188;3.223637;
ShoulderCenter;0.2634585;0.3766205;3.193459;
ShoulderRight;0.3817444;0.1986377;3.303223;
ShoulderLeft;0.1992022;0.2448466;3.092513;
ElbowRight;0.4116895;-0.1112332;3.267253;
ElbowLeft;0.3370229;0.02354662;2.938099;
WristRight;0.4283157;-0.3364556;3.208066;
WristLeft;0.5349231;-0.09183025;2.901022;
HandRight;0.4416157;-0.429218;3.240641;
HandLeft;0.5944079;-0.1266581;2.907632;
Spine;0.2531943;-0.04537272;3.202537;
HipCenter;0.2725972;-0.1285414;3.188459;
HipRight;0.3157109;-0.1851733;3.212605;
HipLeft;0.230169;-0.1718583;3.160206;
KneeRight;0.451652;-0.6713061;3.338896;
KneeLeft;0.1452618;-0.6398085;3.213856;
AnkleRight;0.6335692;-0.9938967;3.347566;
AnkleLeft;-0.09104534;-1.029354;3.19966;
FootRight;0.7527844;-1.015935;3.374454;
FootLeft;-0.02407778;-1.092089;3.197598;
Head;0.4035378;0.5478988;3.222732;
ShoulderCenter;0.3297451;0.3655459;3.191635;
ShoulderRight;0.4480309;0.1875631;3.301399;
ShoulderLeft;0.2599949;0.2363971;3.10221;
ElbowRight;0.478143;-0.1240356;3.265382;
ElbowLeft;0.3894036;0.01540664;2.936523;
WristRight;0.4948089;-0.3504473;3.205587;
WristLeft;0.5933867;-0.09257574;2.904519;
HandRight;0.5081416;-0.4434388;3.238243;
HandLeft;0.6633761;-0.1261071;2.906053;
Spine;0.297988;-0.05905651;3.200293;
HipCenter;0.3115646;-0.1431771;3.18538;
HipRight;0.3537957;-0.1955944;3.195017;
HipLeft;0.2664577;-0.1806112;3.171285;
KneeRight;0.4765134;-0.6571708;3.323225;
KneeLeft;0.1453726;-0.6389493;3.204495;
AnkleRight;0.6340732;-0.9939842;3.346914;
AnkleLeft;-0.08499418;-1.026706;3.19798;
FootRight;0.7479718;-1.027508;3.366406;
FootLeft;-0.02292561;-1.094034;3.197192;
Head;0.4716524;0.5344933;3.250983;
ShoulderCenter;0.3661342;0.3672191;3.209121;
ShoulderRight;0.4844201;0.1892363;3.318885;
ShoulderLeft;0.3080536;0.2397335;3.112731;
ElbowRight;0.5144683;-0.1217026;3.282872;
ElbowLeft;0.4336038;0.008014782;2.93425;
WristRight;0.5311192;-0.3476605;3.223304;
WristLeft;0.6601172;-0.1344082;2.916831;
HandRight;0.5444792;-0.4408416;3.256026;
HandLeft;0.7298766;-0.1580361;2.91798;
Spine;0.3529874;-0.05721255;3.205609;
HipCenter;0.3723003;-0.1405497;3.189045;
HipRight;0.4127831;-0.1871323;3.195332;
HipLeft;0.3321658;-0.1794048;3.176563;
KneeRight;0.5038807;-0.6425101;3.316052;
KneeLeft;0.1616647;-0.6520599;3.181998;
AnkleRight;0.6298808;-0.9890399;3.337564;
AnkleLeft;-0.06948347;-1.023376;3.196597;
FootRight;0.7365581;-1.033203;3.348256;
FootLeft;-0.01936211;-1.099597;3.197717;
Head;0.4853484;0.541617;3.242571;
ShoulderCenter;0.4296024;0.3510378;3.201116;
ShoulderRight;0.5478883;0.1730551;3.31088;
ShoulderLeft;0.358544;0.2293545;3.10558;
ElbowRight;0.5781007;-0.1395827;3.274865;
ElbowLeft;0.4740275;-0.002940128;2.937363;
WristRight;0.5947896;-0.3667083;3.214716;
WristLeft;0.6988307;-0.1519832;2.920798;
HandRight;0.6081751;-0.4600675;3.247501;
HandLeft;0.7652146;-0.1841706;2.922765;
Spine;0.4045472;-0.05573905;3.200165;
HipCenter;0.4212314;-0.1361715;3.183602;
HipRight;0.4649015;-0.188518;3.203984;
HipLeft;0.3753427;-0.1827573;3.1571;
KneeRight;0.5548021;-0.6443004;3.321323;
KneeLeft;0.2072688;-0.6709426;3.167798;
AnkleRight;0.6322237;-0.9868957;3.33514;
AnkleLeft;-0.03377191;-1.005727;3.19301;
FootRight;0.734601;-1.034971;3.348727;
FootLeft;-0.01051315;-1.093547;3.19059;
Head;0.5718001;0.5264313;3.286539;
ShoulderCenter;0.4634831;0.3651394;3.199717;
ShoulderRight;0.581769;0.1871566;3.30948;
ShoulderLeft;0.424284;0.2290241;3.107783;
ElbowRight;0.6120738;-0.1264364;3.273431;
ElbowLeft;0.486689;0.0135065;2.951361;
WristRight;0.6287833;-0.3542177;3.212932;
WristLeft;0.7096295;-0.1633523;2.920178;
HandRight;0.6421549;-0.4474803;3.245683;
HandLeft;0.7912958;-0.2185276;2.922681;
Spine;0.4739979;-0.06191348;3.219293;
HipCenter;0.498554;-0.1459764;3.208833;
HipRight;0.5353073;-0.1943204;3.223785;
HipLeft;0.4664298;-0.1784262;3.193027;
KneeRight;0.6158187;-0.6441219;3.334506;
KneeLeft;0.3268857;-0.6365405;3.176353;
AnkleRight;0.6463378;-0.9914637;3.331275;
AnkleLeft;0.01245308;-0.977843;3.178156;
FootRight;0.7244953;-1.033871;3.348385;
FootLeft;0.00872972;-1.06733;3.191491;
Head;0.6129069;0.5479297;3.29932;
ShoulderCenter;0.520151;0.376378;3.214136;
ShoulderRight;0.6384369;0.1983953;3.3239;
ShoulderLeft;0.4638396;0.2386203;3.115739;
ElbowRight;0.6686529;-0.1142789;3.28784;
ElbowLeft;0.5542179;-0.0146762;2.969391;
WristRight;0.6853426;-0.3414297;3.227655;
WristLeft;0.7353832;-0.1866952;2.927055;
HandRight;0.6987415;-0.4348826;3.260473;
HandLeft;0.7973897;-0.2266772;2.923273;
Spine;0.5107691;-0.05596543;3.217098;
HipCenter;0.5321683;-0.140864;3.20299;
HipRight;0.5691913;-0.190429;3.213329;
HipLeft;0.497789;-0.173767;3.188881;
KneeRight;0.6632146;-0.6464768;3.341477;
KneeLeft;0.4107109;-0.6199327;3.157706;
AnkleRight;0.6588042;-0.9952799;3.331301;
AnkleLeft;0.08321621;-0.93767;3.158285;
FootRight;0.7312763;-1.046033;3.349293;
FootLeft;0.08315377;-1.053909;3.18205;
Head;0.6790227;0.5612934;3.311218;
ShoulderCenter;0.5823595;0.3897413;3.233632;
ShoulderRight;0.7006454;0.2117586;3.343396;
ShoulderLeft;0.5017189;0.25689;3.133888;
ElbowRight;0.7307833;-0.1001073;3.307295;
ElbowLeft;0.5695648;-0.01033301;2.980626;
WristRight;0.7474551;-0.3267027;3.247366;
WristLeft;0.7558844;-0.2185779;2.938904;
HandRight;0.7608957;-0.4204466;3.280286;
HandLeft;0.8016977;-0.2788442;2.943234;
Spine;0.5433409;-0.04794479;3.218429;
HipCenter;0.5564307;-0.1349255;3.199937;
HipRight;0.5974058;-0.1913782;3.205349;
HipLeft;0.5121131;-0.1694744;3.187119;
KneeRight;0.6856971;-0.6435223;3.324444;
KneeLeft;0.523185;-0.5979524;3.157306;
AnkleRight;0.6671237;-0.9901353;3.332084;
AnkleLeft;0.1809932;-0.8910683;3.158039;
FootRight;0.7188394;-1.063251;3.337491;
FootLeft;0.1759889;-0.9996003;3.17899;
Head;0.6917609;0.5781302;3.299095;
ShoulderCenter;0.6036389;0.4010834;3.242889;
ShoulderRight;0.7219248;0.2231006;3.352653;
ShoulderLeft;0.5263828;0.2626417;3.1375;
ElbowRight;0.7519953;-0.08806705;3.316513;
ElbowLeft;0.601006;-0.00537929;2.997762;
WristRight;0.7686512;-0.3141823;3.256802;
WristLeft;0.7493051;-0.2185234;2.943007;
HandRight;0.7821593;-0.4083962;3.289887;
HandLeft;0.7809392;-0.3076619;2.946824;
Spine;0.5569372;-0.03233056;3.209361;
HipCenter;0.5710996;-0.1157663;3.185574;
HipRight;0.6038837;-0.1871539;3.205989;
HipLeft;0.5302323;-0.1504528;3.137197;
KneeRight;0.7332627;-0.7085609;3.319033;
KneeLeft;0.5959897;-0.6141552;3.172564;
AnkleRight;0.6571559;-1.044466;3.340885;
AnkleLeft;0.2556579;-0.8938284;3.162636;
FootRight;0.7306918;-0.996984;3.323966;
FootLeft;0.2704514;-0.9982508;3.194028;
Head;0.7668247;0.5673462;3.316691;
ShoulderCenter;0.6659254;0.3971911;3.254369;
ShoulderRight;0.7842113;0.2192083;3.364133;
ShoulderLeft;0.5635051;0.2717273;3.142343;
ElbowRight;0.8144024;-0.09320804;3.327971;
ElbowLeft;0.6138912;0.01915485;3.006532;
WristRight;0.8310865;-0.3201817;3.267823;
WristLeft;0.7388738;-0.227579;2.96476;
HandRight;0.84468;-0.4149919;3.301117;
HandLeft;0.7725783;-0.3202744;2.965695;
Spine;0.668112;-0.02349492;3.252317;
HipCenter;0.6898488;-0.1052098;3.234915;
HipRight;0.7398165;-0.162165;3.2514;
HipLeft;0.6449751;-0.1552332;3.211125;
KneeRight;0.6356167;-0.5694951;3.311607;
KneeLeft;0.6753304;-0.6065845;3.176041;
AnkleRight;0.6705626;-0.9865189;3.332215;
AnkleLeft;0.3655981;-0.8861336;3.154982;
FootRight;0.73959;-1.029075;3.266531;
FootLeft;0.4059587;-0.9914994;3.174446;
Head;0.7936188;0.6026797;3.310134;
ShoulderCenter;0.7084419;0.4226557;3.26545;
ShoulderRight;0.8267278;0.244673;3.375214;
ShoulderLeft;0.632037;0.2788832;3.158133;
ElbowRight;0.8570303;-0.06889656;3.338991;
ElbowLeft;0.6253428;0.02527574;3.017073;
WristRight;0.8737394;-0.2966617;3.278413;
WristLeft;0.7354999;-0.2365613;2.994895;
HandRight;0.8873808;-0.3918062;3.311825;
HandLeft;0.7539952;-0.3209018;2.978136;
Spine;0.7091292;-0.02549527;3.264093;
HipCenter;0.7331223;-0.1127786;3.248307;
HipRight;0.7654082;-0.167583;3.25025;
HipLeft;0.6992539;-0.1452744;3.242804;
KneeRight;0.6743499;-0.5888867;3.345176;
KneeLeft;0.7636948;-0.6076156;3.191613;
AnkleRight;0.6687508;-0.98356;3.326853;
AnkleLeft;0.4834143;-0.9054959;3.150996;
FootRight;0.740638;-1.026291;3.264518;
FootLeft;0.5231886;-1.007167;3.200685;
Head;0.8070791;0.6101266;3.304518;
ShoulderCenter;0.7455015;0.420274;3.260663;
ShoulderRight;0.8637873;0.2422913;3.370426;
ShoulderLeft;0.6583612;0.2830797;3.161656;
ElbowRight;0.8941943;-0.07235958;3.334238;
ElbowLeft;0.6574581;0.02673919;3.027743;
WristRight;0.9109262;-0.3008659;3.2733;
WristLeft;0.7352991;-0.2333413;3.00237;
HandRight;0.9245872;-0.3961465;3.306759;
HandLeft;0.7397251;-0.3074453;2.989632;
Spine;0.743977;0.0002733052;3.240283;
HipCenter;0.7640728;-0.08043849;3.219417;
HipRight;0.8069191;-0.1390477;3.227381;
HipLeft;0.7236004;-0.1146588;3.20118;
KneeRight;0.7234882;-0.6198096;3.35114;
KneeLeft;0.8560594;-0.6106504;3.191247;
AnkleRight;0.5808818;-0.9338977;3.285699;
AnkleLeft;0.6050591;-0.9605312;3.202319;
FootRight;0.6783628;-1.002958;3.296662;
FootLeft;0.6829407;-1.042048;3.243325;
Head;0.8665305;0.6044339;3.300232;
ShoulderCenter;0.7981253;0.4164332;3.254251;
ShoulderRight;0.9164112;0.2384504;3.364015;
ShoulderLeft;0.7111465;0.2820092;3.161296;
ElbowRight;0.946758;-0.07557747;3.327814;
ElbowLeft;0.6932812;-0.006565596;3.033464;
WristRight;0.9634768;-0.3036569;3.267087;
WristLeft;0.7702317;-0.2551318;3.038602;
HandRight;0.9771555;-0.3990613;3.300591;
HandLeft;0.7244117;-0.3093399;3.013107;
Spine;0.7978293;-0.02191508;3.25248;
HipCenter;0.8188494;-0.1073873;3.234885;
HipRight;0.8611037;-0.1656214;3.235409;
HipLeft;0.7803208;-0.1433222;3.228208;
KneeRight;0.7668837;-0.6185734;3.338173;
KneeLeft;0.9224153;-0.613303;3.202275;
AnkleRight;0.667502;-0.9974927;3.305018;
AnkleLeft;0.7227207;-1.002382;3.23911;
FootRight;0.7381468;-1.094347;3.310677;
FootLeft;0.800633;-1.083931;3.280133;
Head;0.9409071;0.5838758;3.314672;
ShoulderCenter;0.8365581;0.4127732;3.260644;
ShoulderRight;0.954844;0.2347904;3.370408;
ShoulderLeft;0.7525462;0.2802751;3.165246;
ElbowRight;0.9853018;-0.080386;3.334176;
ElbowLeft;0.7069418;0.01076666;3.03461;
WristRight;1.002044;-0.3092521;3.273029;
WristLeft;0.804917;-0.2059664;3.05359;
HandRight;1.015723;-0.4046513;3.306531;
HandLeft;0.7446514;-0.2851876;3.031173;
Spine;0.8151925;-0.01739458;3.240397;
HipCenter;0.8347646;-0.1012354;3.219212;
HipRight;0.8798815;-0.1561253;3.219635;
HipLeft;0.7924126;-0.1394318;3.207215;
KneeRight;0.8101674;-0.600832;3.334869;
KneeLeft;1.006301;-0.6101602;3.217511;
AnkleRight;0.6937549;-1.010888;3.338431;
AnkleLeft;0.8434935;-1.001818;3.205957;
FootRight;0.7615122;-1.068262;3.337964;
FootLeft;0.9269755;-1.029117;3.175121;
Head;0.9930716;0.5847719;3.315034;
ShoulderCenter;0.8894488;0.4125144;3.268666;
ShoulderRight;1.007735;0.2345317;3.378429;
ShoulderLeft;0.7990007;0.2844563;3.165261;
ElbowRight;1.038125;-0.07995081;3.342214;
ElbowLeft;0.7422928;0.02747074;3.035038;
WristRight;1.054854;-0.3083417;3.281321;
WristLeft;0.7442664;-0.2084603;3.036295;
HandRight;1.068519;-0.4036493;3.31479;
HandLeft;0.7296571;-0.3050358;3.065453;
Spine;0.8714702;-0.01660322;3.243973;
HipCenter;0.8893397;-0.09998557;3.222218;
HipRight;0.9402183;-0.1622408;3.232705;
HipLeft;0.835387;-0.1369288;3.200372;
KneeRight;0.8377132;-0.589813;3.330338;
KneeLeft;0.9925056;-0.5802639;3.223911;
AnkleRight;0.6946931;-1.010679;3.338899;
AnkleLeft;1.025171;-0.9982049;3.183059;
FootRight;0.762246;-1.068435;3.337827;
FootLeft;1.128288;-1.042462;3.226293;
Head;1.026818;0.5858718;3.313069;
ShoulderCenter;0.9498274;0.4000062;3.279541;
ShoulderRight;1.068113;0.2220235;3.389305;
ShoulderLeft;0.8464179;0.2798246;3.174304;
ElbowRight;0.9004261;0.01030287;3.197202;
ElbowLeft;0.7567245;0.0235278;3.03816;
WristRight;0.792541;-0.2501808;3.040924;
WristLeft;0.754939;-0.22971;3.043391;
HandRight;0.7258652;-0.3372498;3.083685;
HandLeft;0.7288474;-0.3241831;3.071767;
Spine;0.9143096;-0.01825056;3.246281;
HipCenter;0.9265269;-0.1000404;3.222392;
HipRight;0.9743598;-0.170937;3.238267;
HipLeft;0.8771351;-0.1386982;3.190312;
KneeRight;0.9196568;-0.6134028;3.330962;
KneeLeft;1.1126;-0.604055;3.226606;
AnkleRight;0.7029823;-1.006094;3.338963;
AnkleLeft;1.158936;-0.999225;3.184083;
FootRight;0.7699509;-1.064054;3.336612;
FootLeft;1.274249;-1.031899;3.186072;
Head;1.08122;0.5743247;3.319816;
ShoulderCenter;0.9865642;0.3964581;3.287442;
ShoulderRight;1.10485;0.2184754;3.397206;
ShoulderLeft;0.8955467;0.2687633;3.176849;
ElbowRight;0.9269909;0.0159677;3.205352;
ElbowLeft;0.795172;0.01676893;3.041245;
WristRight;0.8091852;-0.2385188;3.047457;
WristLeft;0.7676856;-0.2557151;3.051866;
HandRight;0.736701;-0.3319345;3.085529;
HandLeft;0.7277852;-0.3313933;3.070886;
Spine;0.9492769;-0.03590558;3.245272;
HipCenter;0.9652156;-0.1211734;3.220187;
HipRight;1.009366;-0.1847897;3.223322;
HipLeft;0.9144627;-0.1562862;3.201572;
KneeRight;0.9003899;-0.5991604;3.335686;
KneeLeft;1.135064;-0.6161426;3.241732;
AnkleRight;0.7152649;-0.9953977;3.332457;
AnkleLeft;1.290506;-0.9971499;3.17478;
FootRight;0.7853608;-1.037864;3.268646;
FootLeft;1.395729;-1.02897;3.184802;
Head;1.142484;0.5645542;3.324915;
ShoulderCenter;1.043946;0.3886935;3.30136;
ShoulderRight;1.162232;0.2107107;3.411124;
ShoulderLeft;0.9318006;0.2683069;3.189192;
ElbowRight;0.9865031;0.04995441;3.176128;
ElbowLeft;0.8454567;0.0206205;3.056565;
WristRight;0.8371133;-0.2176734;3.089732;
WristLeft;0.7980784;-0.2460454;3.060997;
HandRight;0.7674669;-0.294869;3.15137;
HandLeft;0.7596198;-0.3365471;3.078554;
Spine;1.011709;-0.03111392;3.257552;
HipCenter;1.026166;-0.1122666;3.231458;
HipRight;1.072126;-0.1863087;3.249766;
HipLeft;0.9761052;-0.1537292;3.193597;
KneeRight;0.8436961;-0.5772733;3.354539;
KneeLeft;1.039914;-0.5611347;3.281193;
AnkleRight;0.7157835;-0.995532;3.332769;
AnkleLeft;1.301876;-0.9511647;3.205006;
FootRight;0.7834059;-1.037479;3.266124;
FootLeft;1.413579;-0.9884595;3.185511;
Head;1.197663;0.5484258;3.279521;
ShoulderCenter;1.108977;0.3761269;3.295762;
ShoulderRight;1.227262;0.1981441;3.405525;
ShoulderLeft;1.009169;0.2485848;3.197432;
ElbowRight;1.028539;0.06386887;3.173354;
ElbowLeft;0.8891219;-0.02726881;3.077712;
WristRight;0.8660141;-0.1945883;3.084467;
WristLeft;0.8471007;-0.2637255;3.07623;
HandRight;0.7935724;-0.2707237;3.145473;
HandLeft;0.8177012;-0.3331263;3.0743;
Spine;1.058329;-0.04300506;3.256332;
HipCenter;1.068838;-0.1240465;3.228405;
HipRight;1.109424;-0.1935424;3.242996;
HipLeft;1.015997;-0.161115;3.196467;
KneeRight;0.9556045;-0.5851703;3.368166;
KneeLeft;0.8699854;-0.6517429;3.364635;
AnkleRight;0.7198796;-0.9936351;3.333776;
AnkleLeft;1.260849;-0.8938227;3.230195;
FootRight;0.7864112;-1.036649;3.266666;
FootLeft;1.32738;-0.9368367;3.163085;
Head;1.241769;0.5283438;3.264033;
ShoulderCenter;1.137448;0.3686751;3.290345;
ShoulderRight;1.255734;0.1906924;3.400109;
ShoulderLeft;1.056384;0.2297415;3.197558;
ElbowRight;1.070655;0.04109672;3.166606;
ElbowLeft;0.9434564;-0.01209296;3.076741;
WristRight;0.912718;-0.2167076;3.075842;
WristLeft;0.9188029;-0.2534191;3.080263;
HandRight;0.8704336;-0.2448849;3.150574;
HandLeft;0.8810198;-0.3235198;3.085041;
Spine;1.104524;-0.05243781;3.254198;
HipCenter;1.121632;-0.1336812;3.227819;
HipRight;1.166635;-0.1966136;3.240335;
HipLeft;1.071765;-0.1714804;3.200026;
KneeRight;1.264208;-0.6232879;3.217907;
KneeLeft;0.8989185;-0.6536935;3.363184;
AnkleRight;0.8862362;-0.8851406;3.291179;
AnkleLeft;1.289351;-0.8955069;3.228858;
FootRight;0.9551822;-0.927416;3.226012;
FootLeft;1.358297;-0.9377823;3.16369;
Head;1.296231;0.5288461;3.275253;
ShoulderCenter;1.199587;0.3561787;3.279333;
ShoulderRight;1.324509;0.1722311;3.269338;
ShoulderLeft;1.112206;0.2235036;3.199596;
ElbowRight;1.092626;0.00633499;3.107623;
ElbowLeft;1.030047;-0.01351819;3.087704;
WristRight;0.9730079;-0.2167714;3.080497;
WristLeft;1.001356;-0.2633271;3.100918;
HandRight;0.9307234;-0.2449487;3.155229;
HandLeft;0.9635732;-0.3334277;3.105695;
Spine;1.162302;-0.07813066;3.258324;
HipCenter;1.167085;-0.1610544;3.223405;
HipRight;1.212669;-0.2240899;3.231546;
HipLeft;1.115206;-0.1982096;3.20154;
KneeRight;1.30094;-0.6385579;3.230422;
KneeLeft;0.9716422;-0.6307162;3.364592;
AnkleRight;0.9213245;-0.9000094;3.295978;
AnkleLeft;1.361648;-0.8722651;3.23037;
FootRight;0.95437;-0.942229;3.206985;
FootLeft;1.394694;-0.9144847;3.141377;
Head;1.3375;0.5324098;3.270169;
ShoulderCenter;1.239614;0.3585463;3.268895;
ShoulderRight;1.364535;0.1745987;3.258899;
ShoulderLeft;1.169702;0.2247839;3.179357;
ElbowRight;1.13329;0.02822989;3.074736;
ElbowLeft;1.110637;0.003619728;3.078763;
WristRight;1.044131;-0.1861568;3.070199;
WristLeft;1.040867;-0.2664261;3.087297;
HandRight;1.009675;-0.1955098;3.144018;
HandLeft;1.003084;-0.3365268;3.092075;
Spine;1.206807;-0.05584238;3.25808;
HipCenter;1.215186;-0.1351222;3.223549;
HipRight;1.25321;-0.1920954;3.194973;
HipLeft;1.171171;-0.1824687;3.239612;
KneeRight;1.316399;-0.6091723;3.24305;
KneeLeft;1.007124;-0.7158343;3.357312;
AnkleRight;0.9414709;-0.8755096;3.31166;
AnkleLeft;1.396807;-0.957183;3.223161;
FootRight;0.9803399;-0.9180882;3.225145;
FootLeft;1.435676;-0.9997616;3.136646;
Head;1.383133;0.5421011;3.263673;
ShoulderCenter;1.293311;0.3625776;3.258195;
ShoulderRight;1.418233;0.1786299;3.2482;
ShoulderLeft;1.222797;0.2256729;3.172789;
ElbowRight;1.184777;0.03308825;3.06616;
ElbowLeft;1.17021;-0.008615928;3.064055;
WristRight;1.094346;-0.1809877;3.060347;
WristLeft;1.124853;-0.2637935;3.073354;
HandRight;1.059434;-0.1917115;3.134335;
HandLeft;1.08707;-0.3338941;3.078131;
Spine;1.253887;-0.06077655;3.258394;
HipCenter;1.261763;-0.1426018;3.223496;
HipRight;1.306222;-0.207339;3.186463;
HipLeft;1.208349;-0.1862646;3.248608;
KneeRight;1.36212;-0.6193458;3.25358;
KneeLeft;1.149043;-0.7520472;3.305323;
AnkleRight;0.9739008;-0.871464;3.304227;
AnkleLeft;1.449781;-0.9923711;3.195722;
FootRight;1.010297;-0.9147732;3.217162;
FootLeft;1.538149;-1.055443;3.234681;
Head;1.446434;0.5462508;3.254774;
ShoulderCenter;1.346584;0.373691;3.257234;
ShoulderRight;1.471506;0.1897434;3.247239;
ShoulderLeft;1.267988;0.2337833;3.177005;
ElbowRight;1.237572;0.04390341;3.064893;
ElbowLeft;1.232357;-0.04745811;3.060035;
WristRight;1.147287;-0.1707358;3.059463;
WristLeft;1.217158;-0.2787269;3.069502;
HandRight;1.112707;-0.1805981;3.133384;
HandLeft;1.180899;-0.3256475;3.071834;
Spine;1.304908;-0.04931026;3.258;
HipCenter;1.311375;-0.1307817;3.220871;
HipRight;1.35558;-0.2027071;3.174352;
HipLeft;1.258944;-0.1767306;3.255404;
KneeRight;1.395111;-0.614458;3.251431;
KneeLeft;1.163857;-0.7001332;3.309449;
AnkleRight;1.049449;-0.8052275;3.347486;
AnkleLeft;1.44948;-0.9926582;3.196196;
FootRight;1.028304;-0.8883458;3.367355;
FootLeft;1.518708;-1.052913;3.226497;
Head;1.492401;0.5472679;3.267454;
ShoulderCenter;1.379029;0.3792887;3.255629;
ShoulderRight;1.503951;0.1953411;3.245633;
ShoulderLeft;1.300726;0.2476247;3.185977;
ElbowRight;1.26952;0.0491917;3.062979;
ElbowLeft;1.302503;-0.037314;3.058635;
WristRight;1.179392;-0.1660319;3.057955;
WristLeft;1.423076;-0.3289553;3.05934;
HandRight;1.145152;-0.1750004;3.131804;
HandLeft;1.385821;-0.400333;3.064187;
Spine;1.366339;-0.04018196;3.263683;
HipCenter;1.375658;-0.120711;3.226681;
HipRight;1.422829;-0.1917225;3.185823;
HipLeft;1.325977;-0.1652438;3.257509;
KneeRight;1.410808;-0.608788;3.257257;
KneeLeft;1.203843;-0.6794692;3.315943;
AnkleRight;1.059545;-0.8453284;3.350378;
AnkleLeft;1.448452;-0.9968711;3.195092;
FootRight;1.047311;-0.9632133;3.364344;
FootLeft;1.478067;-1.039845;3.105398;
Head;1.539489;0.5754414;3.267041;
ShoulderCenter;1.446379;0.3978367;3.268336;
ShoulderRight;1.571301;0.213889;3.258341;
ShoulderLeft;1.363518;0.2645175;3.188769;
ElbowRight;1.324283;0.08050971;3.081676;
ElbowLeft;1.363305;0.001044893;3.048186;
WristRight;1.199315;-0.1384442;3.050327;
WristLeft;1.473321;-0.2821573;3.024308;
HandRight;1.157031;-0.1666215;3.125059;
HandLeft;1.494735;-0.3541963;3.022483;
Spine;1.357613;-0.0203654;3.259964;
HipCenter;1.354625;-0.09336526;3.21649;
HipRight;1.38502;-0.1675663;3.164651;
HipLeft;1.29429;-0.135022;3.247812;
KneeRight;1.433719;-0.61833;3.26134;
KneeLeft;1.225275;-0.6898226;3.306046;
AnkleRight;1.129192;-0.8998042;3.336539;
AnkleLeft;1.449218;-0.9973806;3.196175;
FootRight;1.166597;-1.007207;3.372775;
FootLeft;1.481651;-1.04079;3.107649;
Head;1.554024;0.590516;3.228538;
ShoulderCenter;1.484548;0.4149224;3.266573;
ShoulderRight;1.60947;0.2309747;3.256577;
ShoulderLeft;1.393243;0.2814024;3.183767;
ElbowRight;1.366637;0.1008768;3.071196;
ElbowLeft;1.440854;-0.005903006;3.030205;
WristRight;1.250129;-0.1133532;3.043175;
WristLeft;1.539145;-0.2382962;2.978661;
HandRight;1.207845;-0.1415306;3.117908;
HandLeft;1.564444;-0.3317204;2.966396;
Spine;1.413563;0.01517494;3.24804;
HipCenter;1.415184;-0.0599341;3.20251;
HipRight;1.451488;-0.1446217;3.137625;
HipLeft;1.356798;-0.1195411;3.243519;
KneeRight;1.451643;-0.6227873;3.27378;
KneeLeft;1.275873;-0.6831507;3.291373;
AnkleRight;1.219101;-0.9176238;3.338902;
AnkleLeft;1.450784;-0.9980717;3.195464;
FootRight;1.241773;-1.001137;3.354346;
FootLeft;1.523884;-1.046657;3.200236;
Head;1.60223;0.6004963;3.248246;
ShoulderCenter;1.518799;0.4225911;3.265908;
ShoulderRight;1.643721;0.2386434;3.255913;
ShoulderLeft;1.445906;0.2896464;3.17933;
ElbowRight;1.601319;-0.03264385;3.070557;
ElbowLeft;1.488875;0.03304116;3.012313;
WristRight;1.525479;-0.2371936;2.972585;
WristLeft;1.599115;-0.1670492;2.949449;
HandRight;1.500198;-0.3053768;2.944913;
HandLeft;1.60053;-0.2404143;2.933209;
Spine;1.460801;0.004799634;3.242449;
HipCenter;1.4673;-0.07309282;3.19524;
HipRight;1.506799;-0.1466243;3.142628;
HipLeft;1.413224;-0.1242343;3.226414;
KneeRight;1.45997;-0.5875421;3.283431;
KneeLeft;1.324633;-0.6650412;3.296337;
AnkleRight;1.35755;-0.9504299;3.317722;
AnkleLeft;1.417946;-0.9975824;3.242173;
FootRight;1.422497;-1.048615;3.334078;
FootLeft;1.527066;-1.044099;3.249597;
Head;1.605654;0.6169302;3.225807;
ShoulderCenter;1.567735;0.4353227;3.271496;
ShoulderRight;1.692657;0.2513751;3.2615;
ShoulderLeft;1.491456;0.2866111;3.156207;
ElbowRight;1.607495;0.02963653;3.024939;
ElbowLeft;1.530609;0.04511064;3.010322;
WristRight;1.498791;-0.1576905;2.924151;
WristLeft;1.674849;-0.1122274;2.902015;
HandRight;1.462557;-0.2201328;2.895545;
HandLeft;1.676263;-0.1855221;2.88579;
Spine;1.468691;0.03794928;3.252489;
HipCenter;1.475466;-0.03529215;3.207649;
HipRight;1.507254;-0.1048107;3.23981;
HipLeft;1.421997;-0.07731543;3.158295;
KneeRight;1.443694;-0.5805678;3.294769;
KneeLeft;1.369166;-0.6319256;3.281024;
AnkleRight;1.425857;-0.9311131;3.336445;
AnkleLeft;1.452949;-0.9955608;3.205529;
FootRight;1.429922;-1.009621;3.247277;
FootLeft;1.498114;-1.038932;3.123285;
Head;1.668773;0.6285337;3.265948;
ShoulderCenter;1.603242;0.4369979;3.261335;
ShoulderRight;1.728164;0.2530502;3.251339;
ShoulderLeft;1.526336;0.2968766;3.16481;
ElbowRight;1.657074;-0.005054265;3.054891;
ElbowLeft;1.57015;0.07886455;3.018363;
WristRight;1.546344;-0.201167;2.979259;
WristLeft;1.694671;-0.1137131;2.960856;
HandRight;1.509433;-0.266538;2.95904;
HandLeft;1.696084;-0.1869615;2.944642;
Spine;1.499132;0.03940717;3.259922;
HipCenter;1.499596;-0.03733426;3.213913;
HipRight;1.52845;-0.1017629;3.240137;
HipLeft;1.450412;-0.0852862;3.175533;
KneeRight;1.729806;-0.6335214;3.308136;
KneeLeft;1.546368;-0.6271674;3.19293;
AnkleRight;1.850785;-0.9530125;3.328593;
AnkleLeft;1.456368;-0.9982954;3.207804;
FootRight;1.884245;-0.984256;3.241429;
FootLeft;1.517752;-1.060609;3.215743;
Head;1.718164;0.6351119;3.250927;
ShoulderCenter;1.6565;0.446088;3.262295;
ShoulderRight;1.620001;0.2896363;3.096907;
ShoulderLeft;1.564082;0.3038153;3.16665;
ElbowRight;1.631549;0.06666604;3.001122;
ElbowLeft;1.612749;0.05504613;3.031044;
WristRight;1.644989;-0.1928226;2.90889;
WristLeft;1.737104;-0.1372746;2.973591;
HandRight;1.64879;-0.2662029;2.887043;
HandLeft;1.738516;-0.210477;2.957386;
Spine;1.619261;0.01841087;3.234851;
HipCenter;1.572324;-0.0551643;3.19893;
HipRight;1.577973;-0.09616511;3.22927;
HipLeft;1.553184;-0.0944998;3.156033;
KneeRight;1.741586;-0.6373388;3.299998;
KneeLeft;1.546402;-0.6257146;3.192992;
AnkleRight;1.840199;-0.9635167;3.322253;
AnkleLeft;1.455746;-0.9981838;3.205605;
FootRight;1.766797;-0.9962382;3.25819;
FootLeft;1.385319;-1.040748;3.143102;
Head;1.771963;0.6218596;3.300031;
ShoulderCenter;1.685389;0.4352025;3.273413;
ShoulderRight;1.629393;0.2553321;3.088954;
ShoulderLeft;1.598545;0.3060534;3.190514;
ElbowRight;1.688362;-0.00134781;2.986849;
ElbowLeft;1.629843;0.0658121;3.05678;
WristRight;1.738486;-0.2195257;2.910079;
WristLeft;1.753826;-0.1259321;2.999443;
HandRight;1.754472;-0.2891059;2.890376;
HandLeft;1.755237;-0.1990893;2.983249;
Spine;1.63685;0.005202525;3.228914;
HipCenter;1.581028;-0.06744789;3.203041;
HipRight;1.583437;-0.113711;3.233552;
HipLeft;1.563207;-0.1034956;3.159554;
KneeRight;1.761651;-0.6070504;3.28599;
KneeLeft;1.553805;-0.6222796;3.19231;
AnkleRight;1.888538;-0.9583014;3.304574;
AnkleLeft;1.456995;-0.9985135;3.204261;
FootRight;1.803172;-1.001373;3.265544;
FootLeft;1.371629;-1.041584;3.165231;
Head;1.777992;0.6268339;3.297052;
ShoulderCenter;1.712673;0.4327479;3.278701;
ShoulderRight;1.654818;0.292484;3.142227;
ShoulderLeft;1.626016;0.3036712;3.192428;
ElbowRight;1.670088;0.05169223;2.986193;
ElbowLeft;1.654177;0.06131453;3.075677;
WristRight;1.683067;-0.1529808;2.863559;
WristLeft;1.668379;-0.251451;3.04696;
HandRight;1.68723;-0.2186261;2.829021;
HandLeft;1.669789;-0.3245559;3.030777;
Spine;1.675188;0.01630745;3.250277;
HipCenter;1.62346;-0.05423306;3.220497;
HipRight;1.615708;-0.1123643;3.256299;
HipLeft;1.607155;-0.09494735;3.167099;
KneeRight;1.787776;-0.5933982;3.2897;
KneeLeft;1.573458;-0.6167171;3.18827;
AnkleRight;1.919128;-0.9606065;3.297263;
AnkleLeft;1.456982;-0.9977696;3.202667;
FootRight;1.840503;-1.003348;3.245949;
FootLeft;1.378358;-1.040511;3.151353;
Head;1.801277;0.588168;3.365791;
ShoulderCenter;1.74673;0.3924204;3.28505;
ShoulderRight;1.678105;0.2554534;3.146444;
ShoulderLeft;1.668627;0.3223916;3.250541;
ElbowRight;1.665287;0.07982033;3.375471;
ElbowLeft;1.675949;0.02213928;3.134235;
WristRight;1.610735;-0.09105335;3.506254;
WristLeft;1.698786;-0.2026651;3.070777;
HandRight;1.573887;-0.1022011;3.566462;
HandLeft;1.700196;-0.2757249;3.054604;
Spine;1.702947;-0.03139807;3.258886;
HipCenter;1.64347;-0.1042589;3.245035;
HipRight;1.632746;-0.1780574;3.153099;
HipLeft;1.625383;-0.1690467;3.321635;
KneeRight;1.796729;-0.6015828;3.305798;
KneeLeft;1.600539;-0.606275;3.174244;
AnkleRight;1.939119;-0.9693387;3.422025;
AnkleLeft;1.45775;-0.9976085;3.202525;
FootRight;1.848249;-1.012478;3.39941;
FootLeft;1.36688;-1.040748;3.179909;
Head;1.761502;0.3634642;3.322996;
ShoulderCenter;1.690435;0.1723699;3.314773;
ShoulderRight;1.688156;0.1162193;3.18487;
ShoulderLeft;1.612332;0.1023411;3.280263;
ElbowRight;1.693953;-0.01385351;3.438546;
ElbowLeft;1.702234;-0.04525079;3.098858;
WristRight;1.603092;-0.1994884;3.525057;
WristLeft;1.699607;-0.2754562;3.085698;
HandRight;1.572805;-0.2613667;3.558868;
HandLeft;1.701015;-0.3484714;3.069535;
Spine;1.700448;-0.1438231;3.321159;
HipCenter;1.660405;-0.200534;3.293613;
HipRight;1.678717;-0.2551978;3.229433;
HipLeft;1.634108;-0.2450181;3.3482;
KneeRight;1.814011;-0.6738204;3.350891;
KneeLeft;1.606761;-0.6338529;3.162644;
AnkleRight;1.850158;-1.009364;3.381952;
AnkleLeft;1.461679;-0.9956228;3.201376;
FootRight;1.742011;-1.040849;3.34579;
FootLeft;1.388602;-1.03928;3.143618;
Head;1.764484;0.352237;3.344161;
ShoulderCenter;1.736988;0.1713583;3.393258;
ShoulderRight;1.73471;0.1152077;3.263355;
ShoulderLeft;1.658885;0.1013295;3.358748;
ElbowRight;1.710463;-0.1805379;3.152008;
ElbowLeft;1.729906;-0.02620384;3.151673;
WristRight;1.577701;-0.3667143;3.111817;
WristLeft;1.738492;-0.256099;3.137896;
HandRight;1.533447;-0.4287731;3.103389;
HandLeft;1.739899;-0.32907;3.121743;
Spine;1.750334;-0.1497234;3.390438;
HipCenter;1.710968;-0.2070197;3.361113;
HipRight;1.728032;-0.2807936;3.274858;
HipLeft;1.684263;-0.2734708;3.429931;
KneeRight;1.85913;-0.7425951;3.394565;
KneeLeft;1.634223;-0.6278053;3.173584;
AnkleRight;1.501973;-1.070448;3.187428;
AnkleLeft;1.473073;-0.992851;3.197219;
FootRight;1.475632;-0.9884806;3.201947;
FootLeft;1.521931;-1.06521;3.197891;
Head;1.805047;0.3259332;3.347544;
ShoulderCenter;1.802145;0.147894;3.404834;
ShoulderRight;1.799866;0.09174332;3.274931;
ShoulderLeft;1.724042;0.07786514;3.370324;
ElbowRight;1.764017;-0.135098;3.246397;
ElbowLeft;1.76198;-0.1290473;3.248924;
WristRight;1.626633;-0.317197;3.204878;
WristLeft;1.735477;-0.3403375;3.148017;
HandRight;1.580839;-0.3778967;3.196006;
HandLeft;1.736884;-0.4132631;3.131874;
Spine;1.876421;-0.2148198;3.579071;
HipCenter;1.852582;-0.303768;3.584418;
HipRight;1.874034;-0.3317986;3.589047;
HipLeft;1.834772;-0.3083457;3.591678;
KneeRight;2.047083;-0.8632864;3.767653;
KneeLeft;1.66961;-0.6607004;3.173579;
AnkleRight;1.689926;-1.191139;3.560522;
AnkleLeft;1.476378;-0.9952922;3.199589;
FootRight;1.663607;-1.10924;3.57503;
FootLeft;1.522296;-1.069419;3.196859;
Head;1.682068;-0.4512239;3.212572;
ShoulderCenter;1.67917;-0.6289645;3.269691;
ShoulderRight;1.676892;-0.6851151;3.139788;
ShoulderLeft;1.601068;-0.6989933;3.235181;
ElbowRight;1.641104;-0.9115676;3.111254;
ElbowLeft;1.638941;-0.9055512;3.11394;
WristRight;1.504432;-1.093733;3.069915;
WristLeft;1.61261;-1.116487;3.01316;
HandRight;1.458875;-1.154454;3.061104;
HandLeft;1.614016;-1.189368;2.997027;
Spine;1.718621;-0.4559541;3.363324;
HipCenter;1.761664;-0.4544297;3.408823;
HipRight;1.774467;-0.4201913;3.418797;
HipLeft;1.761746;-0.4614047;3.418254;
KneeRight;2.09868;-0.5430627;3.764635;
KneeLeft;1.679075;-0.7362784;3.165007;
AnkleRight;2.358754;-0.6416265;4.024756;
AnkleLeft;1.484382;-0.980386;3.199281;
FootRight;2.414779;-0.7194632;4.061082;
FootLeft;1.522219;-1.058725;3.193814;
Head;1.683208;-0.5965106;3.196707;
ShoulderCenter;1.680315;-0.7739617;3.253873;
ShoulderRight;1.678037;-0.8301123;3.12397;
ShoulderLeft;1.602212;-0.8439905;3.219363;
ElbowRight;1.642435;-1.055386;3.095572;
ElbowLeft;1.639888;-1.049473;3.098741;
WristRight;1.600869;-1.318396;3.081576;
WristLeft;1.614072;-1.259334;2.998423;
HandRight;1.589108;-1.392815;3.081813;
HandLeft;1.615469;-1.331784;2.982385;
Spine;1.562034;-0.8702844;3.044091;
HipCenter;1.524006;-0.8381416;3.001816;
HipRight;1.481914;-0.8160422;2.926067;
HipLeft;1.46446;-0.9019727;2.904026;
KneeRight;1.819165;-0.9803917;3.314377;
KneeLeft;1.365745;-1.385949;2.822911;
AnkleRight;1.493785;-1.250396;2.776795;
AnkleLeft;1.174936;-1.628511;2.855846;
FootRight;1.467587;-1.168874;2.791236;
FootLeft;1.175938;-1.730664;2.854969;
