Floor;-0.02685815;0.9996341;0.003183006;1.061754;
Head;0.4768841;0.4900529;3.202904;
ShoulderCenter;0.5695431;0.351909;3.172656;
ShoulderRight;0.6406013;0.2159025;3.071985;
ShoulderLeft;0.4671301;0.1741861;3.242634;
ElbowRight;0.6898458;-0.0234516;2.967712;
ElbowLeft;0.4502744;0.01012124;3.409122;
WristRight;0.6479635;-0.2742535;2.925851;
WristLeft;0.2980743;-0.1649103;3.502041;
HandRight;0.6379439;-0.3778975;2.91316;
HandLeft;0.2144357;-0.2174016;3.513331;
Spine;0.5438989;-0.04654671;3.13696;
HipCenter;0.5387701;-0.1262378;3.133423;
HipRight;0.5737315;-0.1800847;3.076744;
HipLeft;0.4956694;-0.1988571;3.175828;
KneeRight;0.4229528;-0.6019955;3.127127;
KneeLeft;0.5099852;-0.6188472;3.164932;
AnkleRight;0.4020544;-1.010758;3.125194;
AnkleLeft;0.3809603;-1.01491;3.13922;
FootRight;0.3121446;-1.066486;3.16354;
FootLeft;0.2944787;-1.073595;3.180895;
Head;0.4282576;0.5092324;3.197939;
ShoulderCenter;0.5260721;0.3553446;3.164342;
ShoulderRight;0.5798313;0.2169991;3.054169;
ShoulderLeft;0.4085627;0.1752548;3.240372;
ElbowRight;0.6319597;-0.04754101;2.950238;
ElbowLeft;0.41207;-0.03733974;3.409902;
WristRight;0.57925;-0.2954781;2.924567;
WristLeft;0.2735187;-0.1971882;3.517337;
HandRight;0.5795746;-0.3764707;2.911013;
HandLeft;0.2033125;-0.2480953;3.502615;
Spine;0.4923471;-0.03522313;3.137223;
HipCenter;0.4861445;-0.1133795;3.135474;
HipRight;0.5194729;-0.1695995;3.076586;
HipLeft;0.4424021;-0.1883844;3.182324;
KneeRight;0.3687313;-0.6211669;3.123346;
KneeLeft;0.6891941;-0.6621736;3.302601;
AnkleRight;0.3843985;-1.020015;3.129136;
AnkleLeft;0.3798198;-1.015566;3.140662;
FootRight;0.3058107;-1.077371;3.203722;
FootLeft;0.3081586;-1.060659;3.075891;
Head;0.3462664;0.52712;3.197706;
ShoulderCenter;0.4690947;0.3757616;3.148638;
ShoulderRight;0.5310175;0.2432372;3.055215;
ShoulderLeft;0.379801;0.1913217;3.249167;
ElbowRight;0.5690282;-0.03275476;2.942312;
ElbowLeft;0.3673517;0.008674785;3.464738;
WristRight;0.5027439;-0.2858043;2.925735;
WristLeft;0.2685274;-0.2174717;3.50873;
HandRight;0.5116514;-0.3637908;2.904127;
HandLeft;0.2095562;-0.2930153;3.508799;
Spine;0.4458227;-0.02937914;3.136531;
HipCenter;0.4422148;-0.110375;3.137544;
HipRight;0.4710993;-0.1588665;3.087572;
HipLeft;0.4063673;-0.1818029;3.181621;
KneeRight;0.3603114;-0.6224043;3.123843;
KneeLeft;0.6207348;-0.6720521;3.308384;
AnkleRight;0.3763659;-1.020933;3.133209;
AnkleLeft;0.3774855;-1.01502;3.141099;
FootRight;0.3072381;-1.078268;3.168899;
FootLeft;0.2996116;-1.062528;3.081079;
Head;0.3013956;0.5423355;3.193599;
ShoulderCenter;0.4159546;0.3775133;3.155852;
ShoulderRight;0.4780107;0.2471373;3.047339;
ShoulderLeft;0.3181739;0.1749042;3.261413;
ElbowRight;0.5065516;-0.02685313;2.931919;
ElbowLeft;0.3174209;-0.01148124;3.445346;
WristRight;0.4421147;-0.2735352;2.913176;
WristLeft;0.2380492;-0.2786282;3.479685;
HandRight;0.4302374;-0.3468067;2.897213;
HandLeft;0.2045479;-0.3326872;3.502992;
Spine;0.3831759;-0.03491297;3.152612;
HipCenter;0.3766202;-0.1173982;3.15558;
HipRight;0.4074993;-0.1651158;3.102993;
HipLeft;0.3355727;-0.1976207;3.204271;
KneeRight;0.3495704;-0.6284014;3.122821;
KneeLeft;0.420097;-0.6426775;3.180513;
AnkleRight;0.3752338;-1.02126;3.133501;
AnkleLeft;0.3686294;-1.020071;3.141896;
FootRight;0.3143649;-1.07683;3.15725;
FootLeft;0.3019906;-1.071309;3.158954;
Head;0.2649117;0.5617059;3.216277;
ShoulderCenter;0.3741173;0.3872708;3.156042;
ShoulderRight;0.4511984;0.2621986;3.046918;
ShoulderLeft;0.2763366;0.1846617;3.261602;
ElbowRight;0.4481631;-0.01605303;2.932611;
ElbowLeft;0.274509;0.001635934;3.430372;
WristRight;0.3835434;-0.2579277;2.919781;
WristLeft;0.2198939;-0.3043525;3.485087;
HandRight;0.3636549;-0.3310956;2.904506;
HandLeft;0.2059073;-0.3702493;3.497765;
Spine;0.3425985;-0.03057823;3.150127;
HipCenter;0.3361956;-0.1141094;3.152591;
HipRight;0.3715433;-0.1594939;3.103158;
HipLeft;0.2905162;-0.1950496;3.196981;
KneeRight;0.3379551;-0.6320716;3.122895;
KneeLeft;0.4796076;-0.6760793;3.254756;
AnkleRight;0.3742796;-1.022169;3.133955;
AnkleLeft;0.365188;-1.021803;3.142339;
FootRight;0.3134327;-1.078033;3.162119;
FootLeft;0.2927305;-1.066296;3.08479;
Head;0.2133333;0.5813056;3.231677;
ShoulderCenter;0.320226;0.4016216;3.167633;
ShoulderRight;0.3948277;0.2814639;3.054444;
ShoulderLeft;0.2224453;0.1990124;3.273193;
ElbowRight;0.4033221;0.03972772;2.926394;
ElbowLeft;0.2304105;-0.1016365;3.362149;
WristRight;0.3290094;-0.2260672;2.940514;
WristLeft;0.1789553;-0.4121355;3.420516;
HandRight;0.296189;-0.3112147;2.939143;
HandLeft;0.1689884;-0.4783903;3.428346;
Spine;0.289142;-0.00839863;3.153677;
HipCenter;0.2829252;-0.09040268;3.154528;
HipRight;0.3172002;-0.1313553;3.10962;
HipLeft;0.2396282;-0.1684584;3.192663;
KneeRight;0.3263043;-0.6334969;3.115518;
KneeLeft;0.4572524;-0.6864185;3.288819;
AnkleRight;0.3776391;-1.021549;3.139192;
AnkleLeft;0.3619275;-1.0236;3.143209;
FootRight;0.3007483;-1.076603;3.164538;
FootLeft;0.3835566;-1.096674;3.09899;
Head;0.1632835;0.5909732;3.209882;
ShoulderCenter;0.2716736;0.408902;3.162298;
ShoulderRight;0.3542194;0.2877297;3.05336;
ShoulderLeft;0.1738929;0.2062928;3.267858;
ElbowRight;0.3508864;0.03930114;2.933348;
ElbowLeft;0.1819488;-0.09777354;3.358108;
WristRight;0.2513207;-0.2325385;2.942434;
WristLeft;0.1293283;-0.4118158;3.416813;
HandRight;0.2143084;-0.3111829;2.923693;
HandLeft;0.1196178;-0.4763657;3.424441;
Spine;0.2550989;-0.01244047;3.146417;
HipCenter;0.2510954;-0.09632356;3.146922;
HipRight;0.2901885;-0.1296724;3.115696;
HipLeft;0.2041891;-0.1661831;3.168168;
KneeRight;0.3214612;-0.6269765;3.108631;
KneeLeft;0.1636138;-0.6054329;3.289943;
AnkleRight;0.37793;-1.015961;3.141852;
AnkleLeft;0.3543046;-1.018617;3.143942;
FootRight;0.3017824;-1.071761;3.1601;
FootLeft;0.282142;-1.063987;3.084426;
Head;0.1272455;0.5981567;3.204203;
ShoulderCenter;0.2461422;0.4203082;3.169342;
ShoulderRight;0.3134882;0.2967711;3.059076;
ShoulderLeft;0.1483614;0.2176991;3.274902;
ElbowRight;0.2951451;0.04384669;2.945849;
ElbowLeft;0.1381867;-0.0268987;3.32933;
WristRight;0.1817877;-0.2121805;2.932415;
WristLeft;0.0837792;-0.3379456;3.385388;
HandRight;0.1393889;-0.2856896;2.909675;
HandLeft;0.07418478;-0.4017247;3.392925;
Spine;0.2074931;-0.009770878;3.144709;
HipCenter;0.2000463;-0.09643838;3.142962;
HipRight;0.234324;-0.1324688;3.105149;
HipLeft;0.1614261;-0.1667381;3.17164;
KneeRight;0.3185579;-0.6275661;3.108449;
KneeLeft;0.1358431;-0.6362268;3.287888;
AnkleRight;0.3700861;-1.015471;3.144528;
AnkleLeft;0.2693397;-1.012827;3.248093;
FootRight;0.2962601;-1.070566;3.160348;
FootLeft;0.2220597;-1.082758;3.277541;
Head;0.09122098;0.617619;3.188031;
ShoulderCenter;0.182323;0.4226418;3.173112;
ShoulderRight;0.2564296;0.2917186;3.061209;
ShoulderLeft;0.0845423;0.2200326;3.278673;
ElbowRight;0.2418576;0.04678695;2.942271;
ElbowLeft;0.08250472;-0.02820047;3.330998;
WristRight;0.09190874;-0.2159315;2.923503;
WristLeft;0.02853642;-0.3367365;3.386498;
HandRight;0.059851;-0.2850078;2.899465;
HandLeft;0.0187917;-0.4015147;3.394153;
Spine;0.1757742;0.005554137;3.137722;
HipCenter;0.1738296;-0.07874909;3.134744;
HipRight;0.2115652;-0.1138135;3.100899;
HipLeft;0.1301521;-0.1426111;3.156203;
KneeRight;0.2984584;-0.6250709;3.099854;
KneeLeft;0.06736232;-0.6424329;3.283699;
AnkleRight;0.3683643;-1.0151;3.143301;
AnkleLeft;0.1771952;-1.017993;3.260888;
FootRight;0.2997212;-1.068535;3.157212;
FootLeft;0.08715524;-1.072088;3.314178;
Head;0.03588734;0.6099616;3.189097;
ShoulderCenter;0.1469123;0.4236212;3.165165;
ShoulderRight;0.2050462;0.2853084;3.058111;
ShoulderLeft;0.04913161;0.221012;3.270726;
ElbowRight;0.1892084;0.03274222;2.938186;
ElbowLeft;0.04709403;-0.02722106;3.322688;
WristRight;0.0239791;-0.2145299;2.914031;
WristLeft;-0.006590579;-0.3341352;3.377631;
HandRight;-0.02075283;-0.2769493;2.899085;
HandLeft;-0.01639846;-0.3993333;3.385337;
Spine;0.1517658;-0.02003967;3.119863;
HipCenter;0.1516894;-0.110748;3.113318;
HipRight;0.1948285;-0.1270615;3.096728;
HipLeft;0.116429;-0.1701208;3.121179;
KneeRight;0.2761035;-0.6223176;3.103748;
KneeLeft;-0.002679201;-0.6359388;3.287218;
AnkleRight;0.3678627;-1.014316;3.142508;
AnkleLeft;0.01835787;-1.021957;3.257066;
FootRight;0.2991848;-1.068698;3.157287;
FootLeft;-0.07623488;-1.070699;3.312952;
Head;-0.02655437;0.5981052;3.211371;
ShoulderCenter;0.09902505;0.4184059;3.166146;
ShoulderRight;0.1590004;0.280569;3.056757;
ShoulderLeft;0.001244354;0.2157967;3.271706;
ElbowRight;0.1324071;0.02968909;2.929773;
ElbowLeft;-0.0007932303;-0.03243635;3.323975;
WristRight;-0.04694851;-0.2069129;2.899244;
WristLeft;-0.05425729;-0.3380896;3.378788;
HandRight;-0.08568173;-0.2656171;2.884288;
HandLeft;-0.06414682;-0.4038306;3.386556;
Spine;0.09623311;-0.008402906;3.130689;
HipCenter;0.09585169;-0.0937454;3.12726;
HipRight;0.1401427;-0.1170574;3.112355;
HipLeft;0.05121976;-0.1467191;3.13413;
KneeRight;0.2262387;-0.6182438;3.117672;
KneeLeft;-0.06168127;-0.6426268;3.275547;
AnkleRight;0.3642647;-1.014899;3.141563;
AnkleLeft;-0.1388039;-1.024464;3.252053;
FootRight;0.3133115;-1.084024;3.161674;
FootLeft;-0.251498;-1.063546;3.255456;
Head;-0.09654273;0.5635703;3.21937;
ShoulderCenter;0.04767805;0.3980904;3.164908;
ShoulderRight;0.1244848;0.2715808;3.051453;
ShoulderLeft;-0.05010265;0.1954812;3.270468;
ElbowRight;0.08226663;0.02702363;2.917471;
ElbowLeft;-0.05214024;-0.05275183;3.323065;
WristRight;-0.1083715;-0.2101668;2.869077;
WristLeft;-0.1054197;-0.3573499;3.377803;
HandRight;-0.1579153;-0.28385;2.877097;
HandLeft;-0.1151559;-0.4220715;3.385452;
Spine;0.05519249;-0.01144269;3.122092;
HipCenter;0.05662234;-0.09369405;3.117329;
HipRight;0.1020831;-0.1222066;3.084427;
HipLeft;0.006166818;-0.1545131;3.137278;
KneeRight;0.2184839;-0.6152954;3.114011;
KneeLeft;-0.1298847;-0.6645242;3.264787;
AnkleRight;0.3609392;-1.014784;3.140152;
AnkleLeft;-0.2707493;-1.025854;3.220347;
FootRight;0.2843744;-1.087205;3.186484;
FootLeft;-0.3440776;-1.082391;3.254202;
Head;-0.1214094;0.5798913;3.214811;
ShoulderCenter;-0.008215108;0.3892086;3.176746;
ShoulderRight;0.06096699;0.2594976;3.063019;
ShoulderLeft;-0.1059958;0.1865995;3.282307;
ElbowRight;0.02900203;0.02098191;2.912727;
ElbowLeft;-0.1080334;-0.06163361;3.335186;
WristRight;-0.1654298;-0.2150997;2.869021;
WristLeft;-0.04906739;-0.285797;3.105678;
HandRight;-0.2170768;-0.2804449;2.87232;
HandLeft;-0.1064861;-0.2730054;3.037268;
Spine;1.998246E-05;-0.01690817;3.128788;
HipCenter;0.001667001;-0.09813154;3.122789;
HipRight;0.0493819;-0.1274079;3.096267;
HipLeft;-0.04430417;-0.1548483;3.137196;
KneeRight;0.1916755;-0.6281077;3.105932;
KneeLeft;-0.1620792;-0.6557449;3.244301;
AnkleRight;0.3598025;-1.018545;3.142042;
AnkleLeft;-0.3765565;-1.025328;3.222207;
FootRight;0.2875392;-1.079338;3.175291;
FootLeft;-0.4762895;-1.055371;3.283034;
Head;-0.1683159;0.57779;3.194687;
ShoulderCenter;-0.06755625;0.3798538;3.182099;
ShoulderRight;0.009789295;0.2528639;3.069231;
ShoulderLeft;-0.165337;0.1772447;3.287659;
ElbowRight;-0.03357192;-0.007139256;2.916007;
ElbowLeft;-0.1673745;-0.07098838;3.340824;
WristRight;-0.2282366;-0.226815;2.862709;
WristLeft;-0.09606878;-0.284265;3.104035;
HandRight;-0.2703184;-0.2963389;2.868993;
HandLeft;-0.277382;-0.2954645;2.869426;
Spine;-0.02505742;-0.01921319;3.11603;
HipCenter;-0.01826937;-0.0994171;3.107612;
HipRight;0.03600743;-0.1239602;3.087126;
HipLeft;-0.06800236;-0.162479;3.109888;
KneeRight;0.1696975;-0.6408553;3.097916;
KneeLeft;-0.2178054;-0.6498656;3.24245;
AnkleRight;0.3524583;-1.016804;3.139803;
AnkleLeft;-0.3817719;-1.027524;3.218414;
FootRight;0.2764541;-1.082306;3.17954;
FootLeft;-0.4860637;-1.062183;3.271813;
Head;-0.2085008;0.5746447;3.198274;
ShoulderCenter;-0.1015574;0.3766541;3.178286;
ShoulderRight;-0.044911;0.2372992;3.063569;
ShoulderLeft;-0.1993381;0.1740449;3.283846;
ElbowRight;-0.09119219;-0.01961411;2.912548;
ElbowLeft;-0.2013756;-0.07418816;3.336906;
WristRight;-0.2577233;-0.2294107;2.866798;
WristLeft;-0.1509481;-0.3031307;3.110174;
HandRight;-0.3171333;-0.2991534;2.87893;
HandLeft;-0.2830607;-0.3004872;2.870308;
Spine;-0.07646169;-0.05249992;3.101354;
HipCenter;-0.07004362;-0.1381991;3.089707;
HipRight;-0.03047169;-0.1655366;3.071994;
HipLeft;-0.1025572;-0.1884552;3.092406;
KneeRight;0.1183102;-0.6560841;3.093336;
KneeLeft;-0.2664406;-0.6467386;3.230989;
AnkleRight;0.3402529;-1.01148;3.136549;
AnkleLeft;-0.3895172;-1.035858;3.214725;
FootRight;0.2778095;-1.074509;3.156856;
FootLeft;-0.494255;-1.07952;3.262553;
Head;-0.2937253;0.556192;3.174863;
ShoulderCenter;-0.1670847;0.3712618;3.171023;
ShoulderRight;-0.1089552;0.2290527;3.060899;
ShoulderLeft;-0.2648654;0.1686527;3.276584;
ElbowRight;-0.146735;-0.03783069;2.911448;
ElbowLeft;-0.2669029;-0.07958042;3.329349;
WristRight;-0.3060243;-0.2351807;2.882618;
WristLeft;-0.2106864;-0.3080779;3.103067;
HandRight;-0.36853;-0.3042916;2.884792;
HandLeft;-0.2722522;-0.2957196;3.034183;
Spine;-0.1637176;-0.08273191;3.135231;
HipCenter;-0.1630442;-0.1735306;3.13168;
HipRight;-0.1333003;-0.19779;3.12995;
HipLeft;-0.1922319;-0.2242479;3.125964;
KneeRight;0.05700259;-0.6593577;3.096109;
KneeLeft;-0.3216864;-0.6605831;3.237805;
AnkleRight;0.31594;-0.9981107;3.134129;
AnkleLeft;-0.3991923;-1.03459;3.211557;
FootRight;0.276265;-1.07423;3.171021;
FootLeft;-0.4849806;-1.097055;3.252088;
Head;-0.3057308;0.583719;3.182845;
ShoulderCenter;-0.2186939;0.3757591;3.177134;
ShoulderRight;-0.1460115;0.2348988;3.062375;
ShoulderLeft;-0.3164746;0.1731499;3.282695;
ElbowRight;-0.1829795;-0.023238;2.913458;
ElbowLeft;-0.3185121;-0.07508313;3.335265;
WristRight;-0.3367206;-0.2388299;2.886816;
WristLeft;-0.2623071;-0.3035339;3.108928;
HandRight;-0.3892572;-0.3165684;2.885616;
HandLeft;-0.3189698;-0.2951823;3.034602;
Spine;-0.2000376;-0.06442675;3.122292;
HipCenter;-0.1976715;-0.1520253;3.114736;
HipRight;-0.1586884;-0.1727629;3.114126;
HipLeft;-0.234712;-0.2121649;3.103386;
KneeRight;-0.01567354;-0.6606951;3.091134;
KneeLeft;-0.3619192;-0.6591099;3.243044;
AnkleRight;0.2694313;-0.9665551;3.132211;
AnkleLeft;-0.4070942;-1.031139;3.206677;
FootRight;0.2703589;-1.056084;3.136319;
FootLeft;-0.4798993;-1.092968;3.239069;
Head;-0.3403661;0.5908979;3.180977;
ShoulderCenter;-0.2586139;0.3787422;3.171566;
ShoulderRight;-0.203229;0.2407299;3.054896;
ShoulderLeft;-0.3563946;0.176133;3.277127;
ElbowRight;-0.2331443;-0.02570477;2.912627;
ElbowLeft;-0.3584321;-0.07210004;3.329444;
WristRight;-0.3895769;-0.2586881;2.899602;
WristLeft;-0.302215;-0.3005998;3.102933;
HandRight;-0.4221235;-0.3243721;2.902235;
HandLeft;-0.3661373;-0.3014823;3.033239;
Spine;-0.2508927;-0.07040456;3.111488;
HipCenter;-0.2484623;-0.1603001;3.103273;
HipRight;-0.2138032;-0.1761017;3.084214;
HipLeft;-0.2790433;-0.2222278;3.110098;
KneeRight;-0.1669175;-0.6146803;3.096799;
KneeLeft;-0.40279;-0.6672572;3.236827;
AnkleRight;0.1799373;-0.9215653;3.113903;
AnkleLeft;-0.4082538;-1.028867;3.203682;
FootRight;0.1918832;-1.021734;3.119595;
FootLeft;-0.4705073;-1.090897;3.215251;
Head;-0.395895;0.5894916;3.164925;
ShoulderCenter;-0.3178213;0.3808725;3.180139;
ShoulderRight;-0.2361649;0.2452543;3.060759;
ShoulderLeft;-0.415602;0.1782633;3.285699;
ElbowRight;-0.2606502;-0.02031172;2.916652;
ElbowLeft;-0.4176396;-0.06996974;3.33779;
WristRight;-0.3956466;-0.2568871;2.899038;
WristLeft;-0.3614157;-0.2984967;3.111139;
HandRight;-0.4343192;-0.3283058;2.89628;
HandLeft;-0.4246422;-0.2995589;3.040205;
Spine;-0.3002253;-0.03634825;3.116532;
HipCenter;-0.2967061;-0.1197924;3.107502;
HipRight;-0.2609105;-0.149361;3.085087;
HipLeft;-0.3288228;-0.1774548;3.11463;
KneeRight;-0.2237405;-0.6398512;3.082349;
KneeLeft;-0.4281922;-0.669713;3.22655;
AnkleRight;0.1032849;-0.9144398;3.095675;
AnkleLeft;-0.4089711;-1.029034;3.203877;
FootRight;0.08912517;-1.027518;3.135586;
FootLeft;-0.4726473;-1.08956;3.219599;
Head;-0.4741926;0.5818876;3.192377;
ShoulderCenter;-0.3515964;0.3875305;3.17217;
ShoulderRight;-0.2868343;0.2565587;3.058143;
ShoulderLeft;-0.4493771;0.1849214;3.27773;
ElbowRight;-0.2972103;0.01511401;2.919443;
ElbowLeft;-0.4514146;-0.06331173;3.329844;
WristRight;-0.4120887;-0.2516843;2.902963;
WristLeft;-0.395316;-0.29133;3.103675;
HandRight;-0.4524816;-0.3318246;2.902083;
HandLeft;-0.4471369;-0.2990084;3.023963;
Spine;-0.3799208;-0.03833876;3.130319;
HipCenter;-0.3843038;-0.1237653;3.125938;
HipRight;-0.3490592;-0.1538831;3.107227;
HipLeft;-0.423952;-0.1794735;3.134633;
KneeRight;-0.2687818;-0.6199679;3.065855;
KneeLeft;-0.4470619;-0.6588092;3.168505;
AnkleRight;0.009140727;-0.9030098;3.088371;
AnkleLeft;-0.4127241;-1.029479;3.205198;
FootRight;-0.02293111;-1.016876;3.111539;
FootLeft;-0.4748263;-1.091795;3.219284;
Head;-0.5192856;0.6079564;3.190852;
ShoulderCenter;-0.4143318;0.4036124;3.170895;
ShoulderRight;-0.3365761;0.2643169;3.067248;
ShoulderLeft;-0.5121125;0.2010033;3.276455;
ElbowRight;-0.3158179;0.01526479;2.921224;
ElbowLeft;-0.51415;-0.04722979;3.328559;
WristRight;-0.4279777;-0.2324999;2.906726;
WristLeft;-0.4581109;-0.2750061;3.102608;
HandRight;-0.4598911;-0.3225444;2.904656;
HandLeft;-0.5031908;-0.2878063;3.019333;
Spine;-0.4285675;-0.01283244;3.13329;
HipCenter;-0.4314147;-0.09612142;3.129459;
HipRight;-0.3967734;-0.1291;3.102273;
HipLeft;-0.4693086;-0.1582934;3.145882;
KneeRight;-0.3226323;-0.6132843;3.078937;
KneeLeft;-0.4330293;-0.6720654;3.200648;
AnkleRight;-0.1093646;-0.9073824;3.083391;
AnkleLeft;-0.4136237;-1.029104;3.206274;
FootRight;-0.1509045;-1.019515;3.099163;
FootLeft;-0.4724914;-1.092618;3.22936;
Head;-0.5516392;0.6080701;3.163254;
ShoulderCenter;-0.4434513;0.4073666;3.163002;
ShoulderRight;-0.3686374;0.2659757;3.061297;
ShoulderLeft;-0.5412319;0.2047575;3.268563;
ElbowRight;-0.3747037;-0.01150481;2.928536;
ElbowLeft;-0.5432695;-0.04347557;3.320657;
WristRight;-0.4549446;-0.2375666;2.909452;
WristLeft;-0.4871888;-0.2714208;3.094545;
HandRight;-0.4743185;-0.3240352;2.902321;
HandLeft;-0.5331529;-0.2844721;3.009637;
Spine;-0.4626406;-0.02807015;3.1295;
HipCenter;-0.4676255;-0.1162363;3.126519;
HipRight;-0.4308697;-0.1388725;3.106781;
HipLeft;-0.5048355;-0.1780679;3.13772;
KneeRight;-0.4828505;-0.6276777;3.072713;
KneeLeft;-0.4086775;-0.5942693;3.246083;
AnkleRight;-0.224318;-0.9425145;3.086256;
AnkleLeft;-0.4147859;-1.028555;3.206447;
FootRight;-0.2645227;-1.023709;3.077793;
FootLeft;-0.4726771;-1.092217;3.226556;
Head;-0.5972282;0.6237582;3.153792;
ShoulderCenter;-0.5007496;0.4161888;3.152276;
ShoulderRight;-0.4253073;0.2673207;3.051941;
ShoulderLeft;-0.5985304;0.2135796;3.257836;
ElbowRight;-0.3990155;0.01497882;2.935728;
ElbowLeft;-0.6005679;-0.03465345;3.309921;
WristRight;-0.4800611;-0.2297331;2.903372;
WristLeft;-0.5445751;-0.2622414;3.084134;
HandRight;-0.5067818;-0.3116627;2.890781;
HandLeft;-0.5907092;-0.2753409;2.998912;
Spine;-0.5040534;0.003439143;3.119546;
HipCenter;-0.5047141;-0.07911079;3.116692;
HipRight;-0.4738656;-0.1065796;3.100911;
HipLeft;-0.5362212;-0.1339351;3.124051;
KneeRight;-0.5801415;-0.6214914;3.051326;
KneeLeft;-0.4465534;-0.6343156;3.243238;
AnkleRight;-0.3598868;-0.9824603;3.10565;
AnkleLeft;-0.4607964;-1.007685;3.157873;
FootRight;-0.4453809;-1.060748;3.13278;
FootLeft;-0.5322939;-1.052812;3.098129;
Head;-0.6349425;0.6183161;3.136584;
ShoulderCenter;-0.5335771;0.4151523;3.146397;
ShoulderRight;-0.4715233;0.2677394;3.04967;
ShoulderLeft;-0.6313577;0.2125431;3.251958;
ElbowRight;-0.4365732;0.0159371;2.935874;
ElbowLeft;-0.6333953;-0.03568995;3.304006;
WristRight;-0.5256588;-0.2383244;2.908002;
WristLeft;-0.5774801;-0.2629623;3.078494;
HandRight;-0.5228819;-0.3223892;2.890266;
HandLeft;-0.6237711;-0.2761064;2.992982;
Spine;-0.551716;-0.008624218;3.106563;
HipCenter;-0.5538741;-0.09333311;3.102561;
HipRight;-0.521342;-0.1213747;3.074758;
HipLeft;-0.5886262;-0.1524343;3.120483;
KneeRight;-0.6462397;-0.6289304;3.049294;
KneeLeft;-0.4663042;-0.6412739;3.247481;
AnkleRight;-0.4855638;-1.032381;3.11208;
AnkleLeft;-0.4083601;-1.029206;3.164713;
FootRight;-0.5912395;-1.086164;3.120414;
FootLeft;-0.4822527;-1.073541;3.107632;
Head;-0.6841365;0.6213244;3.12888;
ShoulderCenter;-0.5856961;0.413853;3.128644;
ShoulderRight;-0.5147058;0.2701608;3.03608;
ShoulderLeft;-0.6834768;0.2112439;3.234204;
ElbowRight;-0.4770992;0.01108065;2.940067;
ElbowLeft;-0.6855143;-0.0369892;3.286245;
WristRight;-0.5388859;-0.2315828;2.902106;
WristLeft;-0.8872658;-0.2035987;3.445347;
HandRight;-0.5500067;-0.32698;2.883879;
HandLeft;-0.9373719;-0.2555331;3.448959;
Spine;-0.560414;-0.002785061;3.102371;
HipCenter;-0.5593754;-0.08700775;3.099474;
HipRight;-0.5252495;-0.1166213;3.067111;
HipLeft;-0.591642;-0.1505451;3.121227;
KneeRight;-0.6646068;-0.6421478;3.095904;
KneeLeft;-0.5008338;-0.6420397;3.240165;
AnkleRight;-0.6169462;-1.031784;3.074854;
AnkleLeft;-0.4165463;-1.036967;3.189397;
FootRight;-0.7233686;-1.081219;3.093757;
FootLeft;-0.4625821;-1.108022;3.212839;
Head;-0.7118484;0.6133651;3.114698;
ShoulderCenter;-0.6131226;0.4100304;3.130694;
ShoulderRight;-0.5569251;0.262868;3.03442;
ShoulderLeft;-0.7109033;0.2074212;3.236254;
ElbowRight;-0.5228485;-0.01638909;2.929603;
ElbowLeft;-0.7129409;-0.04081182;3.288258;
WristRight;-0.575041;-0.2412858;2.887491;
WristLeft;-0.9427245;-0.1758441;3.440039;
HandRight;-0.5831961;-0.3382946;2.881422;
HandLeft;-1.00312;-0.2148162;3.434458;
Spine;-0.6428452;-0.0426061;3.108031;
HipCenter;-0.6469135;-0.1328719;3.107066;
HipRight;-0.6185645;-0.1546828;3.098017;
HipLeft;-0.6786888;-0.1870864;3.110578;
KneeRight;-0.7940207;-0.6279231;3.059372;
KneeLeft;-0.5223136;-0.6368253;3.241571;
AnkleRight;-0.7796276;-1.048667;3.080699;
AnkleLeft;-0.4177951;-1.039185;3.191412;
FootRight;-0.885268;-1.08569;3.121562;
FootLeft;-0.4947578;-1.103597;3.243704;
Head;-0.7936659;0.5887287;3.091441;
ShoulderCenter;-0.6778584;0.397414;3.116183;
ShoulderRight;-0.608008;0.250818;3.022851;
ShoulderLeft;-0.7756391;0.1948049;3.221743;
ElbowRight;-0.5597283;-0.0245827;2.918572;
ElbowLeft;-0.7776766;-0.0534282;3.273736;
WristRight;-0.6244105;-0.2652109;2.89145;
WristLeft;-1.018256;-0.1631997;3.428937;
HandRight;-0.6231213;-0.3435107;2.880303;
HandLeft;-1.083044;-0.185164;3.409075;
Spine;-0.6793228;-0.02102686;3.101005;
HipCenter;-0.6812516;-0.1041888;3.101311;
HipRight;-0.6538311;-0.1378925;3.111839;
HipLeft;-0.7091027;-0.1616079;3.083826;
KneeRight;-0.8426445;-0.613183;3.061274;
KneeLeft;-0.5489957;-0.6324497;3.240772;
AnkleRight;-0.9094387;-1.046627;3.090054;
AnkleLeft;-0.4187706;-1.039028;3.193369;
FootRight;-1.023563;-1.085744;3.089578;
FootLeft;-0.5068969;-1.104572;3.240183;
Head;-0.793365;0.59645;3.091958;
ShoulderCenter;-0.720575;0.3866418;3.121668;
ShoulderRight;-0.6333159;0.2466162;3.022614;
ShoulderLeft;-0.8183557;0.1840326;3.227228;
ElbowRight;-0.6015469;-0.03114263;2.912388;
ElbowLeft;-0.8203932;-0.06420047;3.279238;
WristRight;-0.6392487;-0.2601816;2.882693;
WristLeft;-1.082166;-0.1424512;3.420185;
HandRight;-0.6569351;-0.3350109;2.866379;
HandLeft;-1.148911;-0.1650316;3.412147;
Spine;-0.7223857;-0.03738805;3.094586;
HipCenter;-0.7220303;-0.1218752;3.09295;
HipRight;-0.6845347;-0.1512146;3.101526;
HipLeft;-0.7579074;-0.1829644;3.07752;
KneeRight;-0.8676654;-0.5901728;3.063689;
KneeLeft;-0.5575659;-0.6292537;3.239533;
AnkleRight;-1.043752;-1.02223;3.084457;
AnkleLeft;-0.4211735;-1.036911;3.19589;
FootRight;-1.157391;-1.062642;3.073425;
FootLeft;-0.506715;-1.105672;3.24385;
Head;-0.8828481;0.5834582;3.104413;
ShoulderCenter;-0.7734194;0.3799873;3.101743;
ShoulderRight;-0.7011571;0.2312198;3.015157;
ShoulderLeft;-0.8712001;0.1773782;3.207303;
ElbowRight;-0.6554889;-0.0430167;2.910097;
ElbowLeft;-0.8732376;-0.07085489;3.259352;
WristRight;-0.6988382;-0.2711111;2.880847;
WristLeft;-1.134389;-0.1319962;3.408848;
HandRight;-0.7053038;-0.3658732;2.864438;
HandLeft;-1.20244;-0.1529674;3.406616;
Spine;-0.7667955;-0.03328685;3.082416;
HipCenter;-0.7651894;-0.1160701;3.082259;
HipRight;-0.7378811;-0.1378725;3.082409;
HipLeft;-0.7879253;-0.1782946;3.075527;
KneeRight;-0.8667818;-0.5524465;3.044481;
KneeLeft;-0.5867203;-0.6410372;3.233743;
AnkleRight;-1.096433;-0.9571033;3.091937;
AnkleLeft;-0.4249331;-1.035249;3.197658;
FootRight;-1.199224;-1.019677;3.082199;
FootLeft;-0.46852;-1.110034;3.219354;
Head;-0.9345011;0.5667219;3.078366;
ShoulderCenter;-0.8237806;0.3695064;3.097263;
ShoulderRight;-0.7510667;0.2191979;3.001357;
ShoulderLeft;-0.9215613;0.1668972;3.202823;
ElbowRight;-0.7124554;-0.06025872;2.911427;
ElbowLeft;-0.9235988;-0.08133584;3.254904;
WristRight;-0.7509634;-0.3133795;2.877499;
WristLeft;-1.186356;-0.1255768;3.407333;
HandRight;-0.7400304;-0.3871939;2.861895;
HandLeft;-1.306834;-0.1606326;3.427986;
Spine;-0.8202331;-0.03415859;3.068839;
HipCenter;-0.8195236;-0.1148916;3.066847;
HipRight;-0.7861899;-0.1514509;3.082781;
HipLeft;-0.8520252;-0.1730291;3.042012;
KneeRight;-0.7332418;-0.6114147;3.211569;
KneeLeft;-0.6243765;-0.6317056;3.226205;
AnkleRight;-1.073304;-0.9341567;3.135092;
AnkleLeft;-0.4289275;-1.0341;3.201273;
FootRight;-1.144853;-0.9801763;3.074527;
FootLeft;-0.4808633;-1.100669;3.228666;
Head;-0.8852208;0.583023;3.119324;
ShoulderCenter;-0.8719158;0.352199;3.073312;
ShoulderRight;-0.8057588;0.2056764;2.99132;
ShoulderLeft;-0.9696965;0.1495898;3.178873;
ElbowRight;-0.7722784;-0.06841049;2.902685;
ElbowLeft;-0.971734;-0.09864324;3.230992;
WristRight;-0.8059048;-0.3141553;2.861613;
WristLeft;-1.226913;-0.1393054;3.395515;
HandRight;-0.8005077;-0.3748464;2.826196;
HandLeft;-1.291962;-0.1635495;3.383355;
Spine;-0.8638178;-0.04550232;3.054739;
HipCenter;-0.8612378;-0.1248469;3.054925;
HipRight;-0.8315049;-0.1577381;3.061366;
HipLeft;-0.8883831;-0.1765202;3.041176;
KneeRight;-0.7032653;-0.5276701;3.213696;
KneeLeft;-0.8662364;-0.6260024;3.139319;
AnkleRight;-1.023588;-0.8691369;3.140727;
AnkleLeft;-0.674085;-1.027261;3.1227;
FootRight;-1.093652;-0.9158909;3.07898;
FootLeft;-0.7441491;-1.074015;3.060953;
Head;-1.055023;0.5474884;3.089831;
ShoulderCenter;-0.9297376;0.3539096;3.057608;
ShoulderRight;-0.8484582;0.2146313;2.982662;
ShoulderLeft;-1.027518;0.1513004;3.163168;
ElbowRight;-0.830444;-0.07953516;2.889448;
ElbowLeft;-1.029556;-0.09693264;3.215306;
WristRight;-0.8805537;-0.3066428;2.86444;
WristLeft;-1.273013;-0.1479486;3.393394;
HandRight;-0.8620005;-0.3893591;2.820921;
HandLeft;-1.338299;-0.1697448;3.378452;
Spine;-0.8478876;-0.03415295;3.066522;
HipCenter;-0.8546905;-0.1108701;3.050246;
HipRight;-0.8065359;-0.1392843;3.006174;
HipLeft;-0.8760434;-0.1681846;3.076083;
KneeRight;-0.7650923;-0.507967;3.221751;
KneeLeft;-0.7871687;-0.6321831;3.198806;
AnkleRight;-1.055942;-0.8727018;3.141744;
AnkleLeft;-0.4928663;-0.9949278;3.213576;
FootRight;-1.118612;-0.9231507;3.075782;
FootLeft;-0.5555362;-1.045377;3.147614;
Head;-1.082985;0.5758286;3.065305;
ShoulderCenter;-0.9818473;0.3701665;3.048168;
ShoulderRight;-0.9155039;0.2203737;2.970991;
ShoulderLeft;-1.079628;0.1675574;3.153729;
ElbowRight;-0.8825141;-0.06954961;2.875551;
ElbowLeft;-1.081666;-0.08067571;3.205886;
WristRight;-0.9169941;-0.2987614;2.837414;
WristLeft;-1.316678;-0.1646128;3.383282;
HandRight;-0.91434;-0.3936836;2.828088;
HandLeft;-1.378745;-0.1931975;3.400727;
Spine;-0.9651254;-0.02317535;3.070123;
HipCenter;-0.9818312;-0.1017296;3.060222;
HipRight;-0.9533094;-0.1461621;3.022376;
HipLeft;-1.01035;-0.1620878;3.097399;
KneeRight;-0.8119262;-0.460792;3.252584;
KneeLeft;-0.8277861;-0.6400161;3.220031;
AnkleRight;-1.050265;-0.8611728;3.174429;
AnkleLeft;-0.539974;-0.9688938;3.224146;
FootRight;-1.118812;-0.9087135;3.111669;
FootLeft;-0.5377868;-1.067632;3.248839;
Head;-1.068236;0.5988882;3.061653;
ShoulderCenter;-1.032368;0.374272;3.056441;
ShoulderRight;-0.9455871;0.2315236;2.9679;
ShoulderLeft;-1.130148;0.1716629;3.162001;
ElbowRight;-0.9417744;-0.05315252;2.864608;
ElbowLeft;-1.132186;-0.07657018;3.214158;
WristRight;-1.003647;-0.3076876;2.859555;
WristLeft;-1.365765;-0.1912246;3.377099;
HandRight;-0.9936641;-0.3762613;2.849162;
HandLeft;-1.413861;-0.2413287;3.385077;
Spine;-1.011737;-0.007241826;3.066885;
HipCenter;-1.027637;-0.08289482;3.054154;
HipRight;-0.9966067;-0.1373058;3.007044;
HipLeft;-1.053476;-0.1510072;3.097167;
KneeRight;-0.9234644;-0.5201482;3.212926;
KneeLeft;-0.8959748;-0.6791163;3.237503;
AnkleRight;-1.141642;-0.9338229;3.131842;
AnkleLeft;-0.5980766;-0.9509464;3.213317;
FootRight;-1.209299;-0.981226;3.066639;
FootLeft;-0.6157557;-1.058749;3.265413;
Head;-1.121023;0.6095248;3.063451;
ShoulderCenter;-1.085392;0.3834153;3.047586;
ShoulderRight;-1.006458;0.2373509;2.965243;
ShoulderLeft;-1.183172;0.1808061;3.153147;
ElbowRight;-1.002977;-0.06059112;2.862102;
ElbowLeft;-0.9821219;0.06413741;3.335249;
WristRight;-1.093504;-0.3125054;2.879049;
WristLeft;-1.139106;-0.08072039;3.550867;
HandRight;-1.080663;-0.3784109;2.858063;
HandLeft;-1.186416;-0.1302035;3.56215;
Spine;-1.063926;-0.006543385;3.062611;
HipCenter;-1.079279;-0.08432831;3.050886;
HipRight;-1.048541;-0.1375162;3.00314;
HipLeft;-1.1084;-0.1548605;3.095517;
KneeRight;-0.9601605;-0.5196885;3.213257;
KneeLeft;-1.186773;-0.6566743;3.100106;
AnkleRight;-1.160989;-0.9440728;3.127283;
AnkleLeft;-0.8972897;-0.9002904;3.067606;
FootRight;-1.228728;-0.9918615;3.062417;
FootLeft;-0.965028;-0.9480791;3.002739;
Head;-1.190098;0.6253031;3.109329;
ShoulderCenter;-1.131579;0.4063081;3.053342;
ShoulderRight;-1.059481;0.2547776;2.963212;
ShoulderLeft;-1.22936;0.2036989;3.158902;
ElbowRight;-1.065127;-0.03584866;2.864789;
ElbowLeft;-1.016076;0.07195024;3.31777;
WristRight;-1.180161;-0.3252443;2.886988;
WristLeft;-1.187966;-0.07372276;3.520873;
HandRight;-1.218506;-0.4217095;2.899416;
HandLeft;-1.235331;-0.1232638;3.53217;
Spine;-1.11741;0.0193293;3.060769;
HipCenter;-1.135016;-0.05715967;3.048435;
HipRight;-1.103814;-0.1202811;2.992539;
HipLeft;-1.167243;-0.1321406;3.098373;
KneeRight;-1.077489;-0.5552361;3.237441;
KneeLeft;-1.189511;-0.6634215;3.126437;
AnkleRight;-1.202897;-1.003831;3.120049;
AnkleLeft;-0.9000275;-0.9070376;3.093914;
FootRight;-1.287381;-1.087834;3.098319;
FootLeft;-0.9709496;-0.9540288;3.031853;
Head;-1.28645;0.6003482;3.039899;
ShoulderCenter;-1.177629;0.4091041;3.052285;
ShoulderRight;-1.1143;0.2604832;2.954564;
ShoulderLeft;-1.177789;0.2762945;2.917938;
ElbowRight;-1.127495;-0.03250222;2.85038;
ElbowLeft;-0.964755;0.1446998;3.07658;
WristRight;-1.237101;-0.2943088;2.848737;
WristLeft;-1.136195;-0.0008972287;3.279557;
HandRight;-1.264381;-0.3547961;2.827609;
HandLeft;-1.183678;-0.05056077;3.290882;
Spine;-1.197114;0.008391446;3.059884;
HipCenter;-1.186798;-0.0707709;3.041549;
HipRight;-1.174426;-0.1029166;3.009913;
HipLeft;-1.199054;-0.1136176;3.070293;
KneeRight;-1.144196;-0.5755249;3.220444;
KneeLeft;-1.187099;-0.6661149;3.200575;
AnkleRight;-1.216687;-1.038529;3.112673;
AnkleLeft;-0.8866668;-0.9293591;3.244425;
FootRight;-1.314879;-1.107668;3.090121;
FootLeft;-0.9373009;-1.039605;3.259003;
Head;-1.347861;0.6088122;3.059664;
ShoulderCenter;-1.226758;0.4189306;3.043666;
ShoulderRight;-1.132472;0.2778956;2.960371;
ShoulderLeft;-1.232447;0.2830364;2.905117;
ElbowRight;-1.182358;-0.01821654;2.84588;
ElbowLeft;-1.139135;0.1689221;3.150845;
WristRight;-1.32562;-0.2680248;2.827955;
WristLeft;-1.24665;0.03276569;3.395409;
HandRight;-1.351645;-0.3434947;2.825646;
HandLeft;-1.293836;-0.01658761;3.406663;
Spine;-1.247018;0.03811295;3.056935;
HipCenter;-1.238049;-0.03739747;3.039766;
HipRight;-1.216213;-0.08627994;3.011781;
HipLeft;-1.259359;-0.05892776;3.06475;
KneeRight;-1.250869;-0.6491548;3.083199;
KneeLeft;-1.204249;-0.5959321;3.234354;
AnkleRight;-1.218434;-1.050639;3.112275;
AnkleLeft;-0.9807867;-0.8642038;3.193866;
FootRight;-1.322965;-1.112495;3.100164;
FootLeft;-0.9334198;-0.9098321;3.110555;
Head;-1.367465;0.6365092;3.037852;
ShoulderCenter;-1.27473;0.4346004;3.037894;
ShoulderRight;-1.20049;0.2940577;2.960799;
ShoulderLeft;-1.294222;0.2609981;2.892968;
ElbowRight;-1.241849;0.001096159;2.83518;
ElbowLeft;-1.186691;0.1614038;3.137931;
WristRight;-1.380776;-0.2171308;2.8171;
WristLeft;-1.29847;0.03074205;3.382192;
HandRight;-1.414455;-0.3043031;2.813509;
HandLeft;-1.345603;-0.01855563;3.393434;
Spine;-1.289455;0.04363631;3.056503;
HipCenter;-1.277878;-0.03399474;3.04314;
HipRight;-1.261126;-0.08177922;3.013393;
HipLeft;-1.297812;-0.06192081;3.071226;
KneeRight;-1.263668;-0.6466596;3.069964;
KneeLeft;-1.237687;-0.5961182;3.243938;
AnkleRight;-1.22022;-1.049502;3.114577;
AnkleLeft;-1.01641;-0.8637058;3.224321;
FootRight;-1.322728;-1.112605;3.09546;
FootLeft;-1.118636;-0.9293553;3.234082;
Head;-1.463837;0.6067295;3.047937;
ShoulderCenter;-1.324124;0.4309626;3.037847;
ShoulderRight;-1.245736;0.2997243;2.956593;
ShoulderLeft;-1.332375;0.2934323;2.906576;
ElbowRight;-1.290779;0.01165007;2.831353;
ElbowLeft;-1.23293;0.1524737;3.1359;
WristRight;-1.422536;-0.1803477;2.803598;
WristLeft;-1.378949;0.009199217;3.355169;
HandRight;-1.457421;-0.2673672;2.803541;
HandLeft;-1.426198;-0.0402201;3.366438;
Spine;-1.299124;0.03558847;3.047288;
HipCenter;-1.28563;-0.04151408;3.030952;
HipRight;-1.266376;-0.08366492;2.997059;
HipLeft;-1.304781;-0.08564143;3.057063;
KneeRight;-1.266922;-0.6478487;3.07106;
KneeLeft;-1.487603;-0.6068663;3.187403;
AnkleRight;-1.2262;-1.051555;3.116543;
AnkleLeft;-1.243245;-0.9815193;3.197724;
FootRight;-1.324819;-1.113724;3.093657;
FootLeft;-1.194294;-1.025219;3.114188;
Head;-1.466516;0.6281987;3.033983;
ShoulderCenter;-1.364086;0.4325736;3.043593;
ShoulderRight;-1.239807;0.3072329;3.054549;
ShoulderLeft;-1.347034;0.2984888;2.906576;
ElbowRight;-1.320492;0.06563357;2.84725;
ElbowLeft;-1.276065;0.1296954;3.127981;
WristRight;-1.449835;-0.1191682;2.78942;
WristLeft;-1.415887;-0.023903;3.343912;
HandRight;-1.465648;-0.1705759;2.777527;
HandLeft;-1.462865;-0.0730388;3.355116;
Spine;-1.359696;0.03509172;3.042109;
HipCenter;-1.337433;-0.04240188;3.030395;
HipRight;-1.297149;-0.08410145;2.989681;
HipLeft;-1.363264;-0.1006392;3.066945;
KneeRight;-1.283304;-0.6495184;3.07391;
KneeLeft;-1.517435;-0.6377428;3.184168;
AnkleRight;-1.230343;-1.057561;3.119107;
AnkleLeft;-1.468533;-1.077676;3.202029;
FootRight;-1.309273;-1.112692;3.085855;
FootLeft;-1.389709;-1.120949;3.145285;
Head;-1.474748;0.6376953;3.076729;
ShoulderCenter;-1.422707;0.4162502;3.036028;
ShoulderRight;-1.292495;0.2966477;3.055456;
ShoulderLeft;-1.412821;0.2860074;2.898314;
ElbowRight;-1.371464;0.06029975;2.841237;
ElbowLeft;-1.314523;0.1285689;3.117303;
WristRight;-1.491534;-0.1340425;2.806858;
WristLeft;-1.439793;-0.02556124;3.340504;
HandRight;-1.51108;-0.1885351;2.791718;
HandLeft;-1.48657;-0.07448703;3.351661;
Spine;-1.394411;0.01776078;3.041514;
HipCenter;-1.368305;-0.05845798;3.030589;
HipRight;-1.340417;-0.09530096;3.000051;
HipLeft;-1.389434;-0.1063963;3.05975;
KneeRight;-1.319403;-0.6650656;3.074645;
KneeLeft;-1.567524;-0.6382932;3.18064;
AnkleRight;-1.230369;-1.057014;3.118928;
AnkleLeft;-1.601817;-1.074513;3.198175;
FootRight;-1.314029;-1.112812;3.08533;
FootLeft;-1.658729;-1.143182;3.188646;
Head;-1.562185;0.6074622;3.028315;
ShoulderCenter;-1.469546;0.4075477;3.041808;
ShoulderRight;-1.375739;0.2748366;2.960132;
ShoulderLeft;-1.463105;0.2739078;2.893568;
ElbowRight;-1.422643;0.02883908;2.824285;
ElbowLeft;-1.368978;0.1385529;3.126508;
WristRight;-1.539629;-0.1680013;2.801432;
WristLeft;-1.497506;-0.004905954;3.354319;
HandRight;-1.536429;-0.1834634;2.78669;
HandLeft;-1.544091;-0.05363074;3.36543;
Spine;-1.433206;0.0006104019;3.043455;
HipCenter;-1.410897;-0.07786918;3.026434;
HipRight;-1.390536;-0.1119375;2.998146;
HipLeft;-1.417156;-0.1129938;3.052314;
KneeRight;-1.322437;-0.6781129;3.073541;
KneeLeft;-1.606854;-0.6436338;3.164819;
AnkleRight;-1.230527;-1.05706;3.119028;
AnkleLeft;-1.669104;-1.047618;3.191495;
FootRight;-1.338302;-1.11009;3.097277;
FootLeft;-1.60372;-1.115893;3.226896;
Head;-1.549397;0.6205583;3.016753;
ShoulderCenter;-1.505643;0.4128624;3.053589;
ShoulderRight;-1.380641;0.2952951;3.061774;
ShoulderLeft;-1.46411;0.2713135;2.890274;
ElbowRight;-1.452513;0.04208365;2.870641;
ElbowLeft;-1.388827;0.1381925;3.129045;
WristRight;-1.513157;-0.189365;2.899806;
WristLeft;-1.5221;-0.001604259;3.354994;
HandRight;-1.54455;-0.2630329;2.882758;
HandLeft;-1.568494;-0.05012992;3.36606;
Spine;-1.445198;0.0008084564;3.039193;
HipCenter;-1.413649;-0.07642737;3.028528;
HipRight;-1.392788;-0.110802;3.001815;
HipLeft;-1.422923;-0.1082366;3.052573;
KneeRight;-1.337323;-0.6795199;3.069992;
KneeLeft;-1.607094;-0.5606942;3.126063;
AnkleRight;-1.230632;-1.057787;3.118797;
AnkleLeft;-1.759294;-0.9346075;3.169683;
FootRight;-1.143101;-1.097883;3.074018;
FootLeft;-1.671763;-0.9747043;3.124904;
Head;-1.557241;0.6028678;3.028279;
ShoulderCenter;-1.524641;0.3910465;3.057627;
ShoulderRight;-1.453025;0.2584137;2.986216;
ShoulderLeft;-1.474462;0.2696432;2.890076;
ElbowRight;-1.490263;0.003193625;2.88618;
ElbowLeft;-1.419578;0.1192613;3.123224;
WristRight;-1.522484;-0.2752421;2.888987;
WristLeft;-1.556028;-0.02545051;3.342849;
HandRight;-1.553877;-0.34891;2.871939;
HandLeft;-1.602245;-0.07379022;3.353872;
Spine;-1.473049;-0.01419105;3.040708;
HipCenter;-1.436248;-0.08915083;3.035491;
HipRight;-1.428096;-0.1222053;3.012207;
HipLeft;-1.435038;-0.1119815;3.055599;
KneeRight;-1.376667;-0.6681648;3.057297;
KneeLeft;-1.633583;-0.6369091;3.171577;
AnkleRight;-1.233439;-1.055212;3.119649;
AnkleLeft;-1.497307;-0.6524065;2.830361;
FootRight;-1.137032;-1.095304;3.100528;
FootLeft;-1.4009;-0.6924983;2.81124;
Head;-1.636906;0.5886577;3.099588;
ShoulderCenter;-1.543704;0.3831359;3.070837;
ShoulderRight;-1.494423;0.2228616;3.002407;
ShoulderLeft;-1.50031;0.2646089;2.903474;
ElbowRight;-1.50814;-0.009146038;2.95489;
ElbowLeft;-1.463025;0.1313638;3.14752;
WristRight;-1.527004;-0.2911166;2.884497;
WristLeft;-1.614628;-0.002279937;3.363;
HandRight;-1.558396;-0.3647844;2.867449;
HandLeft;-1.660677;-0.05044358;3.373983;
Spine;-1.512178;-0.04254227;3.083698;
HipCenter;-1.477906;-0.123582;3.088688;
HipRight;-1.473798;-0.1399231;3.099874;
HipLeft;-1.477865;-0.1354824;3.077341;
KneeRight;-1.42455;-0.6593982;3.045145;
KneeLeft;-1.674699;-0.6630119;3.189658;
AnkleRight;-1.237562;-1.051354;3.114886;
AnkleLeft;-1.539438;-0.6783938;2.850784;
FootRight;-1.139928;-1.092854;3.11426;
FootLeft;-1.592261;-0.6950148;2.959496;
Head;-1.558533;0.3572659;3.115415;
ShoulderCenter;-1.526075;0.1542328;3.161465;
ShoulderRight;-1.468639;-0.002657607;3.087367;
ShoulderLeft;-1.51854;0.03877513;3.026973;
ElbowRight;-1.574303;-0.009565713;2.859419;
ElbowLeft;-1.552795;-0.1786223;2.950612;
WristRight;-1.546061;-0.3045471;2.91436;
WristLeft;-1.781389;-0.2701354;3.114722;
HandRight;-1.575608;-0.3974873;2.90188;
HandLeft;-1.827266;-0.3181197;3.125664;
Spine;-1.526237;-0.1646457;3.257724;
HipCenter;-1.507008;-0.2314963;3.26261;
HipRight;-1.486411;-0.2655258;3.321705;
HipLeft;-1.523571;-0.2790512;3.221744;
KneeRight;-1.443387;-0.6683342;3.04497;
KneeLeft;-1.697034;-0.6976027;3.366041;
AnkleRight;-1.248806;-1.046452;3.105289;
AnkleLeft;-1.533965;-0.6858204;2.983679;
FootRight;-1.330096;-1.115206;3.076499;
FootLeft;-1.46587;-0.7371158;2.920849;
Head;-1.581171;0.3109522;3.15483;
ShoulderCenter;-1.587541;0.1155856;3.266235;
ShoulderRight;-1.530106;-0.04130487;3.192136;
ShoulderLeft;-1.570895;0.00315603;3.143664;
ElbowRight;-1.581372;0.005252339;2.950263;
ElbowLeft;-1.569703;-0.01099822;2.89125;
WristRight;-1.556313;-0.2963094;2.934958;
WristLeft;-1.560103;-0.2511576;2.953408;
HandRight;-1.585515;-0.396332;2.917873;
HandLeft;-1.605842;-0.2989976;2.964317;
Spine;-1.599633;-0.2242019;3.344251;
HipCenter;-1.583087;-0.2948221;3.345091;
HipRight;-1.567533;-0.3163277;3.345452;
HipLeft;-1.598349;-0.3001437;3.348912;
KneeRight;-1.506496;-0.6148989;3.036886;
KneeLeft;-1.766937;-0.7236459;3.474569;
AnkleRight;-1.293361;-1.008645;3.084882;
AnkleLeft;-1.560985;-0.7388399;3.040676;
FootRight;-1.341908;-1.114969;3.073621;
FootLeft;-1.569119;-0.8277039;3.030326;
Head;-1.61805;0.2899274;3.196763;
ShoulderCenter;-1.638297;0.05443742;3.319188;
ShoulderRight;-1.580862;-0.102453;3.24509;
ShoulderLeft;-1.621651;-0.0579921;3.196617;
ElbowRight;-1.631866;-0.05613407;3.004408;
ElbowLeft;-1.615159;-0.1186296;2.95352;
WristRight;-1.612739;-0.3564769;2.9974;
WristLeft;-1.598647;-0.3020767;3.063549;
HandRight;-1.642436;-0.4567612;2.981045;
HandLeft;-1.644244;-0.3497686;3.074425;
Spine;-1.661334;-0.298087;3.386913;
HipCenter;-1.646952;-0.37121;3.3857;
HipRight;-1.633731;-0.3957241;3.37385;
HipLeft;-1.660853;-0.3801347;3.401611;
KneeRight;-1.501079;-0.7757121;3.040591;
KneeLeft;-1.83438;-0.8382118;3.533415;
AnkleRight;-1.299651;-1.033526;3.082717;
AnkleLeft;-1.606343;-0.8210331;3.11326;
FootRight;-1.377904;-1.112594;3.084285;
FootLeft;-1.539153;-0.8713894;3.049164;
Head;-1.667962;0.2637916;3.192442;
ShoulderCenter;-1.688209;0.02830159;3.314919;
ShoulderRight;-1.668644;-0.02470307;3.334185;
ShoulderLeft;-1.671563;-0.08412793;3.192348;
ElbowRight;-1.640163;0.08251999;3.113567;
ElbowLeft;-1.665105;-0.1444502;2.950398;
WristRight;-1.64069;-0.2169495;3.095502;
WristLeft;-1.648614;-0.3275968;3.058823;
HandRight;-1.672155;-0.3315926;3.078008;
HandLeft;-1.694075;-0.375146;3.069665;
Spine;-1.68879;-0.3377864;3.370898;
HipCenter;-1.663229;-0.41007;3.384525;
HipRight;-1.663541;-0.4363758;3.415753;
HipLeft;-1.663319;-0.4376909;3.358924;
KneeRight;-1.540399;-0.8226113;3.040663;
KneeLeft;-1.864527;-0.8731458;3.548305;
AnkleRight;-1.299501;-1.043749;3.079191;
AnkleLeft;-1.630326;-0.900825;3.133904;
FootRight;-1.203463;-1.087504;3.075035;
FootLeft;-1.534287;-0.9445794;3.129748;
Head;-1.704236;-0.2531535;3.18121;
ShoulderCenter;-1.724483;-0.4886435;3.303687;
ShoulderRight;-1.704918;-0.5416481;3.322953;
ShoulderLeft;-1.707837;-0.601073;3.181116;
ElbowRight;-1.676432;-0.4344088;3.102306;
ElbowLeft;-1.701378;-0.6614044;2.939134;
WristRight;-1.701196;-0.1711474;3.228213;
WristLeft;-1.684886;-0.8445598;3.047605;
HandRight;-1.743416;-0.1297014;3.272694;
HandLeft;-1.730223;-0.8919787;3.058418;
Spine;-1.708014;-0.8783918;3.241909;
HipCenter;-1.678386;-0.9533967;3.231397;
HipRight;-1.670665;-0.9517935;3.216604;
HipLeft;-1.683509;-0.981191;3.241282;
KneeRight;-1.489398;-1.3698;2.720361;
KneeLeft;-1.955356;-1.68242;3.633069;
AnkleRight;-1.309322;-1.535677;2.741752;
AnkleLeft;-1.577398;-1.726504;2.982668;
FootRight;-1.212573;-1.57748;2.735156;
FootLeft;-1.480648;-1.768307;2.976072;
Head;-1.051978;0.5863254;3.133428;
ShoulderCenter;-1.168668;0.3811943;3.085138;
ShoulderRight;-1.069936;0.196696;3.18186;
ShoulderLeft;-1.228857;0.2607013;2.969127;
ElbowRight;-1.07544;-0.04665594;3.310791;
ElbowLeft;-1.296237;-0.009991131;2.883152;
WristRight;-1.038943;-0.2595628;3.411717;
WristLeft;-1.307921;-0.2458602;2.906263;
HandRight;-1.006297;-0.3276608;3.413061;
HandLeft;-1.318639;-0.3455333;2.926086;
Spine;-1.146835;-0.02598216;3.069575;
HipCenter;-1.142469;-0.1074174;3.070107;
HipRight;-1.103392;-0.1837273;3.115018;
HipLeft;-1.174906;-0.154925;3.017609;
KneeRight;-1.131661;-0.68603;3.152169;
KneeLeft;-0.9850111;-0.6389713;3.095545;
AnkleRight;-1.009037;-1.087791;3.123845;
AnkleLeft;-1.367159;-1.039855;3.193694;
FootRight;-0.9262148;-1.133025;3.065262;
FootLeft;-1.284338;-1.08509;3.13511;
Head;-1.022492;0.5963;3.102425;
ShoulderCenter;-1.114969;0.3799246;3.082217;
ShoulderRight;-1.019867;0.2020222;3.188829;
ShoulderLeft;-1.181787;0.2564454;2.972666;
ElbowRight;-1.028951;-0.03556223;3.327824;
ElbowLeft;-1.277782;-0.01175395;2.8861;
WristRight;-0.9733456;-0.2627384;3.442131;
WristLeft;-1.299853;-0.2508498;2.910371;
HandRight;-0.9330367;-0.3294193;3.449265;
HandLeft;-1.311439;-0.3534765;2.933091;
Spine;-1.102179;0.001673229;3.071642;
HipCenter;-1.099621;-0.07397705;3.073059;
HipRight;-1.061265;-0.1508468;3.122021;
HipLeft;-1.133606;-0.1264036;3.017373;
KneeRight;-1.073451;-0.6728601;3.149339;
KneeLeft;-0.9211431;-0.554013;3.108435;
AnkleRight;-0.8689439;-1.046574;3.130395;
AnkleLeft;-1.272501;-0.9357777;3.168782;
FootRight;-0.9211479;-1.125392;3.132247;
FootLeft;-1.190349;-0.9818407;3.109585;
Head;-0.9622989;0.5712394;3.109088;
ShoulderCenter;-1.068901;0.363026;3.078521;
ShoulderRight;-0.9730453;0.1836897;3.199524;
ShoulderLeft;-1.133762;0.239083;2.969523;
ElbowRight;-0.9873199;-0.04807137;3.341683;
ElbowLeft;-1.228041;-0.03014125;2.900745;
WristRight;-0.9224931;-0.2533406;3.452158;
WristLeft;-1.257275;-0.273523;2.924187;
HandRight;-0.8644536;-0.3104059;3.455293;
HandLeft;-1.283337;-0.3598818;2.940514;
Spine;-1.06262;-0.02596863;3.073033;
HipCenter;-1.060994;-0.1040193;3.07548;
HipRight;-1.023268;-0.1855923;3.130194;
HipLeft;-1.09559;-0.1606653;3.015676;
KneeRight;-1.025324;-0.6889219;3.159497;
KneeLeft;-0.8532417;-0.6986362;3.117881;
AnkleRight;-0.7152807;-1.056695;3.138162;
AnkleLeft;-1.262308;-0.979107;3.168431;
FootRight;-0.634546;-1.093868;3.108516;
FootLeft;-1.179624;-1.025583;3.112271;
Head;-0.9057621;0.5574286;3.10232;
ShoulderCenter;-1.014796;0.3474936;3.069506;
ShoulderRight;-0.9228385;0.1665069;3.205248;
ShoulderLeft;-1.083048;0.2292463;2.97067;
ElbowRight;-0.919156;-0.05541068;3.36556;
ElbowLeft;-1.199621;-0.03509444;2.905925;
WristRight;-0.8564153;-0.2586912;3.44808;
WristLeft;-1.224598;-0.2759837;2.925094;
HandRight;-0.7915432;-0.3267086;3.441493;
HandLeft;-1.246756;-0.3645429;2.945615;
Spine;-1.019769;-0.03293625;3.069055;
HipCenter;-1.022053;-0.1089865;3.072492;
HipRight;-0.9876208;-0.1885642;3.124149;
HipLeft;-1.060025;-0.1608235;3.017412;
KneeRight;-1.224399;-0.6722016;3.253255;
KneeLeft;-1.241623;-0.66022;3.240757;
AnkleRight;-0.8083798;-0.9277003;3.15557;
AnkleLeft;-1.398015;-1.070793;3.191341;
FootRight;-0.725145;-0.9760748;3.099483;
FootLeft;-1.397794;-1.148177;3.136745;
Head;-0.8706262;0.5368755;3.12002;
ShoulderCenter;-0.9567263;0.3450352;3.066737;
ShoulderRight;-0.8736976;0.175387;3.201379;
ShoulderLeft;-1.032921;0.225771;2.969362;
ElbowRight;-0.8844865;-0.04903899;3.351559;
ElbowLeft;-1.143172;-0.03719923;2.910211;
WristRight;-0.7992874;-0.265045;3.460064;
WristLeft;-1.176681;-0.2913715;2.931003;
HandRight;-0.7447129;-0.3274653;3.455231;
HandLeft;-1.20541;-0.379188;2.946501;
Spine;-0.9553074;-0.03647287;3.073834;
HipCenter;-0.9550236;-0.1127745;3.078754;
HipRight;-0.9189532;-0.1900221;3.132575;
HipLeft;-0.9906037;-0.1673493;3.02427;
KneeRight;-0.8257717;-0.6633601;3.122831;
KneeLeft;-1.237648;-0.7101604;3.226352;
AnkleRight;-0.631712;-1.025903;3.131042;
AnkleLeft;-1.375268;-1.026273;3.149626;
FootRight;-0.5286392;-1.066959;3.160968;
FootLeft;-1.292297;-1.07428;3.093555;
Head;-0.8161316;0.524243;3.096556;
ShoulderCenter;-0.910895;0.3325184;3.067358;
ShoulderRight;-0.8243079;0.1660292;3.209126;
ShoulderLeft;-0.9783897;0.208011;2.95874;
ElbowRight;-0.816086;-0.1283613;3.243639;
ElbowLeft;-1.083912;-0.07369691;2.918295;
WristRight;-0.7550078;-0.2661812;3.423841;
WristLeft;-1.119692;-0.3083264;2.92461;
HandRight;-0.6961604;-0.3271858;3.443435;
HandLeft;-1.148241;-0.3909693;2.950258;
Spine;-0.9073036;-0.05173313;3.070614;
HipCenter;-0.9068218;-0.1285188;3.074754;
HipRight;-0.8727598;-0.2009061;3.125921;
HipLeft;-0.9410939;-0.1822505;3.021832;
KneeRight;-0.8065332;-0.6609811;3.128154;
KneeLeft;-1.148158;-0.6659825;3.233917;
AnkleRight;-0.6320065;-1.026949;3.143701;
AnkleLeft;-1.38754;-1.068085;3.209275;
FootRight;-0.5317693;-1.069747;3.165314;
FootLeft;-1.304006;-1.114376;3.158756;
Head;-0.7753801;0.5348871;3.097224;
ShoulderCenter;-0.8559297;0.3328625;3.066417;
ShoulderRight;-0.7719153;0.1660837;3.194172;
ShoulderLeft;-0.9224493;0.2126623;2.95983;
ElbowRight;-0.7438558;-0.07917462;3.152513;
ElbowLeft;-1.027721;-0.07200727;2.909814;
WristRight;-0.7106908;-0.2472546;3.38977;
WristLeft;-1.045113;-0.3056606;2.921126;
HandRight;-0.6759911;-0.3132165;3.400738;
HandLeft;-1.071731;-0.3997052;2.931343;
Spine;-0.8467473;-0.04545529;3.074546;
HipCenter;-0.8449109;-0.1211189;3.079655;
HipRight;-0.8094763;-0.1960538;3.133362;
HipLeft;-0.8772166;-0.1750934;3.025661;
KneeRight;-0.7068785;-0.674537;3.119849;
KneeLeft;-1.1423;-0.69885;3.24805;
AnkleRight;-0.6156712;-1.062627;3.168112;
AnkleLeft;-1.382846;-1.055987;3.224014;
FootRight;-0.5560821;-1.132638;3.178347;
FootLeft;-1.347649;-1.11779;3.283163;
Head;-0.7145364;0.5200036;3.088712;
ShoulderCenter;-0.8015308;0.3361479;3.068172;
ShoulderRight;-0.7082696;0.1780114;3.1775;
ShoulderLeft;-0.8722909;0.2093661;2.9599;
ElbowRight;-0.6828352;-0.1302507;3.194806;
ElbowLeft;-0.9514692;-0.06411964;2.890311;
WristRight;-0.6827282;-0.2945473;3.446479;
WristLeft;-0.9759474;-0.3002283;2.89689;
HandRight;-0.6475621;-0.3542014;3.474163;
HandLeft;-0.9876953;-0.3910205;2.914663;
Spine;-0.7955676;-0.06703681;3.06691;
HipCenter;-0.7943749;-0.1476738;3.07015;
HipRight;-0.7566531;-0.2099678;3.10927;
HipLeft;-0.8304627;-0.1958582;3.02822;
KneeRight;-0.6850206;-0.6638221;3.124044;
KneeLeft;-1.019262;-0.616555;3.215798;
AnkleRight;-0.6118129;-1.029307;3.154874;
AnkleLeft;-1.316176;-0.9912472;3.253595;
FootRight;-0.5350776;-1.074067;3.098209;
FootLeft;-1.23944;-1.036007;3.196929;
Head;-0.6579549;0.5272127;3.090491;
ShoulderCenter;-0.7511285;0.3446453;3.069894;
ShoulderRight;-0.6588823;0.1715191;3.202919;
ShoulderLeft;-0.8257495;0.2179141;2.966461;
ElbowRight;-0.6308973;-0.1284425;3.146271;
ElbowLeft;-0.8854047;-0.07872894;2.891635;
WristRight;-0.6275561;-0.2997958;3.399462;
WristLeft;-0.8944461;-0.3128552;2.892457;
HandRight;-0.6268765;-0.3523272;3.451814;
HandLeft;-0.9051191;-0.4015346;2.903368;
Spine;-0.726972;-0.03626443;3.081335;
HipCenter;-0.7221407;-0.1124464;3.087109;
HipRight;-0.6809893;-0.1835645;3.134298;
HipLeft;-0.7556015;-0.162599;3.040704;
KneeRight;-0.6692094;-0.6416373;3.132956;
KneeLeft;-0.8870392;-0.5524604;3.210403;
AnkleRight;-0.6079544;-1.022751;3.151829;
AnkleLeft;-1.188244;-0.9160913;3.252079;
FootRight;-0.530926;-1.065592;3.099092;
FootLeft;-1.111216;-0.9589322;3.199343;
Head;-0.6336923;0.5304726;3.08783;
ShoulderCenter;-0.7165923;0.350693;3.074477;
ShoulderRight;-0.6105966;0.1877477;3.211548;
ShoulderLeft;-0.7754801;0.2282511;2.972368;
ElbowRight;-0.5826116;-0.1122139;3.154911;
ElbowLeft;-0.8213199;-0.05866582;2.894904;
WristRight;-0.5897389;-0.3101197;3.392843;
WristLeft;-0.8073181;-0.3146131;2.913924;
HandRight;-0.5850946;-0.3650882;3.440823;
HandLeft;-0.8173051;-0.4130181;2.914739;
Spine;-0.6639686;-0.02320846;3.092334;
HipCenter;-0.6547498;-0.09821746;3.099215;
HipRight;-0.6099336;-0.1694969;3.15642;
HipLeft;-0.6834635;-0.1579572;3.044808;
KneeRight;-0.6747655;-0.6447017;3.147289;
KneeLeft;-0.8183522;-0.5636572;3.239164;
AnkleRight;-0.6051807;-1.018078;3.148448;
AnkleLeft;-1.135146;-0.9238757;3.255963;
FootRight;-0.6249061;-1.096555;3.178137;
FootLeft;-1.13755;-1.037488;3.282142;
Head;-0.5771983;0.5340832;3.09362;
ShoulderCenter;-0.6665783;0.3629267;3.069217;
ShoulderRight;-0.5755227;0.191967;3.215597;
ShoulderLeft;-0.7383742;0.2341987;2.974516;
ElbowRight;-0.53914;-0.04983436;3.166139;
ElbowLeft;-0.7590739;-0.03491785;2.895417;
WristRight;-0.5454017;-0.2467097;3.402198;
WristLeft;-0.7072642;-0.2617716;2.917043;
HandRight;-0.5342274;-0.3021604;3.447195;
HandLeft;-0.7171378;-0.3590585;2.917849;
Spine;-0.6274832;-0.02251269;3.101354;
HipCenter;-0.6179691;-0.0993204;3.111278;
HipRight;-0.5771601;-0.1676804;3.164402;
HipLeft;-0.6432918;-0.1557376;3.066592;
KneeRight;-0.6697797;-0.6480809;3.156773;
KneeLeft;-0.7768493;-0.5622077;3.237904;
AnkleRight;-0.6018693;-1.021461;3.149432;
AnkleLeft;-1.036638;-0.944138;3.248127;
FootRight;-0.6122472;-1.098207;3.184967;
FootLeft;-1.028914;-1.048628;3.29621;
Head;-0.5443943;0.5428622;3.120362;
ShoulderCenter;-0.6140147;0.3671485;3.085942;
ShoulderRight;-0.5255361;0.1963635;3.229409;
ShoulderLeft;-0.685488;0.2405392;2.979338;
ElbowRight;-0.5135781;-0.03173606;3.15521;
ElbowLeft;-0.6909305;-0.01586906;2.895913;
WristRight;-0.5199851;-0.2240919;3.390506;
WristLeft;-0.6146518;-0.2440732;2.903008;
HandRight;-0.508859;-0.279303;3.435308;
HandLeft;-0.5789751;-0.3326071;2.922226;
Spine;-0.57322;-0.02072669;3.126757;
HipCenter;-0.5650611;-0.09830174;3.138431;
HipRight;-0.525735;-0.1649487;3.191066;
HipLeft;-0.5911666;-0.1573557;3.096093;
KneeRight;-0.5516421;-0.6515563;3.21298;
KneeLeft;-0.5691885;-0.6354423;3.109545;
AnkleRight;-0.6009278;-1.021938;3.149204;
AnkleLeft;-0.9187139;-0.9257985;3.247051;
FootRight;-0.6100639;-1.098813;3.186229;
FootLeft;-0.8986256;-1.025203;3.303573;
Head;-0.4926582;0.5460412;3.134321;
ShoulderCenter;-0.5751683;0.3795392;3.092766;
ShoulderRight;-0.4752825;0.2018536;3.217108;
ShoulderLeft;-0.6484164;0.2598278;2.982752;
ElbowRight;-0.4496829;-0.0270258;3.198232;
ElbowLeft;-0.6242095;0.02120157;2.889613;
WristRight;-0.4561324;-0.2182187;3.430109;
WristLeft;-0.5423012;-0.1926809;2.901185;
HandRight;-0.4450116;-0.2734041;3.47489;
HandLeft;-0.4927601;-0.2750276;2.916557;
Spine;-0.5476987;-0.01766202;3.119177;
HipCenter;-0.5409813;-0.09664185;3.128358;
HipRight;-0.4954848;-0.1608373;3.171552;
HipLeft;-0.5742391;-0.1529711;3.089283;
KneeRight;-0.4972595;-0.6275111;3.289924;
KneeLeft;-0.5692224;-0.6394266;3.111769;
AnkleRight;-0.6208532;-1.031551;3.174944;
AnkleLeft;-0.8335598;-0.9503254;3.250206;
FootRight;-0.6271962;-1.106083;3.21746;
FootLeft;-0.7316554;-1.003722;3.232466;
Head;-0.4569839;0.5627767;3.1414;
ShoulderCenter;-0.5403668;0.3946044;3.100818;
ShoulderRight;-0.4468374;0.214521;3.223894;
ShoulderLeft;-0.5973465;0.2723285;2.983658;
ElbowRight;-0.4133965;-0.02023006;3.180835;
ElbowLeft;-0.5724992;0.04203616;2.892014;
WristRight;-0.4194732;-0.2112885;3.409351;
WristLeft;-0.4102191;-0.2197952;2.903584;
HandRight;-0.408489;-0.2657965;3.453583;
HandLeft;-0.340953;-0.2808777;2.876908;
Spine;-0.4999102;-0.01059743;3.124317;
HipCenter;-0.492477;-0.09197664;3.132375;
HipRight;-0.4557289;-0.162074;3.179688;
HipLeft;-0.5220847;-0.1380947;3.088108;
KneeRight;-0.422002;-0.6221595;3.295669;
KneeLeft;-0.5691019;-0.6390398;3.111531;
AnkleRight;-0.5797423;-1.027857;3.163174;
AnkleLeft;-0.8255503;-1.020894;3.253525;
FootRight;-0.5518053;-1.101391;3.198565;
FootLeft;-0.7155466;-1.049359;3.226918;
Head;-0.4089628;0.5785917;3.156096;
ShoulderCenter;-0.4922561;0.408401;3.107497;
ShoulderRight;-0.3962615;0.2294742;3.231175;
ShoulderLeft;-0.5564808;0.2836903;2.994267;
ElbowRight;-0.3706482;-0.01223975;3.150743;
ElbowLeft;-0.4961819;0.03114218;2.896554;
WristRight;-0.376709;-0.2027963;3.378705;
WristLeft;-0.2922617;-0.1931555;2.874214;
HandRight;-0.3658942;-0.256463;3.422254;
HandLeft;-0.2357608;-0.2545989;2.872186;
Spine;-0.4734092;0.009655774;3.106839;
HipCenter;-0.4673308;-0.06874959;3.1094;
HipRight;-0.4200497;-0.1368603;3.152737;
HipLeft;-0.5031573;-0.1027218;3.058061;
KneeRight;-0.3781515;-0.6576153;3.30285;
KneeLeft;-0.5565431;-0.6465114;3.121093;
AnkleRight;-0.5035483;-1.036433;3.279882;
AnkleLeft;-0.602985;-1.022992;3.146931;
FootRight;-0.4457405;-1.103037;3.345958;
FootLeft;-0.5582449;-1.087928;3.185044;
Head;-0.3953921;0.5922499;3.145446;
ShoulderCenter;-0.4463469;0.412679;3.114946;
ShoulderRight;-0.3611259;0.3068339;3.310562;
ShoulderLeft;-0.5220443;0.2836539;3.000713;
ElbowRight;-0.3355127;0.0651199;3.229851;
ElbowLeft;-0.4303311;0.04185429;2.888714;
WristRight;-0.3415617;-0.1250695;3.457205;
WristLeft;-0.2018541;-0.163584;2.857106;
HandRight;-0.3307192;-0.1788738;3.500865;
HandLeft;-0.1484087;-0.2057859;2.873878;
Spine;-0.4102963;0.01604506;3.135766;
HipCenter;-0.4034153;-0.0633124;3.143425;
HipRight;-0.3726259;-0.1228824;3.178803;
HipLeft;-0.4249623;-0.1103333;3.111124;
KneeRight;-0.3219295;-0.6569732;3.296994;
KneeLeft;-0.5293589;-0.6640207;3.135307;
AnkleRight;-0.3981141;-1.035302;3.291587;
AnkleLeft;-0.5991659;-1.040409;3.164259;
FootRight;-0.2918262;-1.077003;3.315277;
FootLeft;-0.5375561;-1.097526;3.183502;
Head;-0.3093144;0.55821;3.130026;
ShoulderCenter;-0.4214311;0.4097306;3.117628;
ShoulderRight;-0.338468;0.3039171;3.312984;
ShoulderLeft;-0.4762547;0.2765672;3.009734;
ElbowRight;-0.3128547;0.06220309;3.232037;
ElbowLeft;-0.3567799;0.0325972;2.875493;
WristRight;-0.3189074;-0.1281008;3.459416;
WristLeft;-0.1296354;-0.1339674;2.861434;
HandRight;-0.308216;-0.1811551;3.502468;
HandLeft;-0.06107948;-0.1764374;2.882658;
Spine;-0.3909261;0.01678087;3.131307;
HipCenter;-0.3843294;-0.06187773;3.137614;
HipRight;-0.3549745;-0.122271;3.175413;
HipLeft;-0.4036433;-0.1122404;3.100261;
KneeRight;-0.2612798;-0.6423518;3.290748;
KneeLeft;-0.5257254;-0.6637083;3.133341;
AnkleRight;-0.2564155;-1.030319;3.279921;
AnkleLeft;-0.6000925;-1.043979;3.169058;
FootRight;-0.1909886;-1.076351;3.307772;
FootLeft;-0.5173844;-1.084839;3.131361;
Head;-0.2744035;0.5582332;3.141216;
ShoulderCenter;-0.3564445;0.3880671;3.119351;
ShoulderRight;-0.2728691;0.2820686;3.314725;
ShoulderLeft;-0.4286816;0.2666399;3.015379;
ElbowRight;-0.2472558;0.04035465;3.23366;
ElbowLeft;-0.2918708;0.02465071;2.864202;
WristRight;-0.2533197;-0.1503025;3.461427;
WristLeft;-0.06569332;-0.1080951;2.866452;
HandRight;-0.2427484;-0.2027609;3.503996;
HandLeft;0.009322312;-0.1505329;2.882233;
Spine;-0.3343365;-0.006296903;3.125781;
HipCenter;-0.3299148;-0.0851697;3.130655;
HipRight;-0.2985925;-0.1395132;3.157907;
HipLeft;-0.3573644;-0.1221725;3.102693;
KneeRight;-0.199437;-0.6454633;3.285713;
KneeLeft;-0.5069527;-0.6543373;3.131268;
AnkleRight;-0.1406538;-1.034213;3.308086;
AnkleLeft;-0.6005033;-1.041236;3.168767;
FootRight;-0.06903868;-1.07064;3.280387;
FootLeft;-0.5430897;-1.102308;3.182794;
Head;-0.2191244;0.5567094;3.160086;
ShoulderCenter;-0.3047742;0.3846708;3.11771;
ShoulderRight;-0.2211988;0.2786723;3.313084;
ShoulderLeft;-0.3721256;0.2571885;3.01452;
ElbowRight;-0.1955855;0.03695837;3.231984;
ElbowLeft;-0.2377419;0.02683236;2.863629;
WristRight;-0.2016529;-0.153809;3.459875;
WristLeft;-0.009730616;-0.08980535;2.860203;
HandRight;-0.1911489;-0.2059337;3.502173;
HandLeft;0.07301924;-0.1261192;2.877052;
Spine;-0.2957242;-0.006353483;3.122805;
HipCenter;-0.2939623;-0.08465806;3.127491;
HipRight;-0.261722;-0.1388493;3.156538;
HipLeft;-0.3230234;-0.1223372;3.09751;
KneeRight;-0.1419365;-0.6511785;3.296786;
KneeLeft;-0.491107;-0.659622;3.129751;
AnkleRight;0.006195795;-1.018493;3.279627;
AnkleLeft;-0.6013328;-1.042016;3.168677;
FootRight;0.1185528;-1.036458;3.297472;
FootLeft;-0.5532832;-1.106646;3.196267;
Head;-0.1612341;0.5337249;3.169606;
ShoulderCenter;-0.2446125;0.3588977;3.121637;
ShoulderRight;-0.1610371;0.2528992;3.317011;
ShoulderLeft;-0.3412008;0.2537751;3.021464;
ElbowRight;-0.1354238;0.01118524;3.235911;
ElbowLeft;-0.1813431;0.02237213;2.863625;
WristRight;-0.1415061;-0.180048;3.464395;
WristLeft;0.07502329;-0.09576793;2.868208;
HandRight;-0.130969;-0.2323368;3.506825;
HandLeft;0.1378149;-0.1218029;2.891702;
Spine;-0.2476463;-0.02172188;3.118914;
HipCenter;-0.2501783;-0.09729033;3.122194;
HipRight;-0.2142137;-0.1469957;3.136979;
HipLeft;-0.2894007;-0.1311491;3.103206;
KneeRight;-0.1052908;-0.6288542;3.285842;
KneeLeft;-0.4704701;-0.6631325;3.130036;
AnkleRight;0.1314329;-1.035512;3.277242;
AnkleLeft;-0.6007738;-1.034802;3.165198;
FootRight;0.2298124;-1.033408;3.306522;
FootLeft;-0.5535548;-1.101255;3.187246;
Head;-0.1140067;0.5385303;3.194482;
ShoulderCenter;-0.1977873;0.3622498;3.143314;
ShoulderRight;-0.1142119;0.2562513;3.338687;
ShoulderLeft;-0.271884;0.2420473;3.020302;
ElbowRight;-0.08859864;0.01453737;3.257575;
ElbowLeft;-0.1439396;0.02344537;2.868983;
WristRight;-0.09467641;-0.1765547;3.485872;
WristLeft;0.1208713;-0.09593735;2.871177;
HandRight;-0.08416045;-0.2287386;3.528217;
HandLeft;0.2033479;-0.1166118;2.906383;
Spine;-0.1979977;-0.0138719;3.132611;
HipCenter;-0.1980398;-0.08909625;3.134064;
HipRight;-0.1672178;-0.1416354;3.161643;
HipLeft;-0.2289166;-0.13462;3.101281;
KneeRight;-0.04230039;-0.6248307;3.288203;
KneeLeft;-0.445406;-0.6599695;3.123029;
AnkleRight;0.18445;-1.030025;3.266919;
AnkleLeft;-0.5988377;-1.037554;3.167639;
FootRight;0.2771935;-1.033171;3.303516;
FootLeft;-0.5742473;-1.112396;3.222852;
Head;-0.05634466;0.5315313;3.187528;
ShoulderCenter;-0.1438928;0.35515;3.150367;
ShoulderRight;-0.06031735;0.2491515;3.345741;
ShoulderLeft;-0.2264439;0.2344532;3.02103;
ElbowRight;-0.03470407;0.007437535;3.264612;
ElbowLeft;-0.06898501;0.006815705;2.874482;
WristRight;-0.0407883;-0.1838575;3.493158;
WristLeft;0.1398692;-0.08492579;2.877161;
HandRight;-0.03028719;-0.2359677;3.535444;
HandLeft;0.2204444;-0.1195018;2.904684;
Spine;-0.1408692;-0.03519855;3.139585;
HipCenter;-0.1402644;-0.1132683;3.141024;
HipRight;-0.1068424;-0.1685764;3.166903;
HipLeft;-0.1729533;-0.1526134;3.110284;
KneeRight;0.01004265;-0.6509975;3.274372;
KneeLeft;-0.2944035;-0.6498321;3.165635;
AnkleRight;0.1382721;-1.005608;3.241508;
AnkleLeft;-0.584442;-1.032292;3.160986;
FootRight;0.2472822;-1.036306;3.266444;
FootLeft;-0.5514493;-1.105374;3.199304;
Head;-0.02809052;0.545439;3.208756;
ShoulderCenter;-0.08889885;0.3561918;3.163881;
ShoulderRight;-0.005323425;0.2501934;3.359255;
ShoulderLeft;-0.1724111;0.2368383;3.042993;
ElbowRight;0.02028985;0.008479424;3.278099;
ElbowLeft;-0.05525595;0.01152627;2.87902;
WristRight;0.01420664;-0.1827835;3.506591;
WristLeft;0.1518998;-0.08433665;2.879067;
HandRight;0.02476701;-0.2351876;3.549115;
HandLeft;0.2336611;-0.1231257;2.897815;
Spine;-0.0925853;-0.04158699;3.141621;
HipCenter;-0.0941579;-0.1209772;3.140808;
HipRight;-0.06040411;-0.1693869;3.157661;
HipLeft;-0.1292338;-0.1588733;3.116982;
KneeRight;0.03335239;-0.6478806;3.270972;
KneeLeft;-0.2956694;-0.6513742;3.144768;
AnkleRight;0.1378721;-1.001252;3.240047;
AnkleLeft;-0.5725036;-1.031607;3.15602;
FootRight;0.2385069;-1.054922;3.255339;
FootLeft;-0.5402419;-1.108045;3.174739;
Head;0.02319818;0.5424981;3.219541;
ShoulderCenter;-0.04199311;0.3535683;3.171544;
ShoulderRight;0.04158232;0.2475698;3.366918;
ShoulderLeft;-0.1182444;0.231891;3.056746;
ElbowRight;0.0671956;0.005855858;3.285694;
ElbowLeft;0.000494651;0.004479542;2.8929;
WristRight;0.06111226;-0.185411;3.514156;
WristLeft;0.1996749;-0.1067731;2.894683;
HandRight;0.0716414;-0.2376602;3.556555;
HandLeft;0.2796009;-0.1519262;2.902654;
Spine;-0.02672904;-0.05603493;3.155903;
HipCenter;-0.02391256;-0.1379424;3.156345;
HipRight;0.008974378;-0.1844163;3.170336;
HipLeft;-0.05404999;-0.1714279;3.137449;
KneeRight;0.09159401;-0.6438124;3.268224;
KneeLeft;-0.2390931;-0.6610855;3.12056;
AnkleRight;0.1445814;-0.9972481;3.239161;
AnkleLeft;-0.527104;-0.9978229;3.136238;
FootRight;0.2410988;-1.056575;3.260719;
FootLeft;-0.5544187;-1.075013;3.172076;
Head;0.06508792;0.5452451;3.209548;
ShoulderCenter;-0.007469332;0.3580395;3.167581;
ShoulderRight;0.07610609;0.252041;3.362954;
ShoulderLeft;-0.07572854;0.2304883;3.058578;
ElbowRight;0.1017193;0.01032706;3.281687;
ElbowLeft;0.05622937;-0.0141736;2.907037;
WristRight;0.09562937;-0.1811489;3.510394;
WristLeft;0.2548186;-0.160254;2.896874;
HandRight;0.1060801;-0.233009;3.552478;
HandLeft;0.3250961;-0.2069209;2.887201;
Spine;0.02361667;-0.05489022;3.156437;
HipCenter;0.02849168;-0.13765;3.157979;
HipRight;0.05979538;-0.1859526;3.169578;
HipLeft;0.001670156;-0.1654382;3.142767;
KneeRight;0.1457553;-0.6443471;3.272848;
KneeLeft;-0.1678355;-0.6530604;3.104025;
AnkleRight;0.1528352;-0.9979432;3.240247;
AnkleLeft;-0.4670346;-0.9583322;3.113711;
FootRight;0.2391684;-1.059563;3.26135;
FootLeft;-0.474535;-1.051256;3.161632;
Head;0.1223502;0.5539915;3.208593;
ShoulderCenter;0.05702017;0.366865;3.161774;
ShoulderRight;0.1405956;0.2608665;3.357148;
ShoulderLeft;-0.01945247;0.2419091;3.068177;
ElbowRight;0.1662089;0.01915256;3.275828;
ElbowLeft;0.06612086;0.005197987;2.916992;
WristRight;0.1601237;-0.1721713;3.504314;
WristLeft;0.2859389;-0.1912857;2.902018;
HandRight;0.1705006;-0.2236649;3.546099;
HandLeft;0.3488081;-0.2530143;2.887063;
Spine;0.07329267;-0.04463553;3.160422;
HipCenter;0.07612066;-0.1270307;3.163721;
HipRight;0.1078478;-0.1835459;3.187275;
HipLeft;0.04660127;-0.162242;3.13813;
KneeRight;0.1700751;-0.6400763;3.266685;
KneeLeft;-0.03658517;-0.6143962;3.10813;
AnkleRight;0.1677325;-0.9987469;3.238867;
AnkleLeft;-0.3883981;-0.9234025;3.10832;
FootRight;0.2347396;-1.065782;3.278055;
FootLeft;-0.3967181;-1.034499;3.141542;
Head;0.1775354;0.5626507;3.21143;
ShoulderCenter;0.09042811;0.383926;3.163707;
ShoulderRight;0.1740035;0.2779275;3.359081;
ShoulderLeft;0.02278188;0.2515539;3.067698;
ElbowRight;0.1996168;0.03621356;3.277711;
ElbowLeft;0.09049179;0.01999639;2.930871;
WristRight;0.1935429;-0.1547563;3.505721;
WristLeft;0.2860698;-0.1991934;2.902999;
HandRight;0.2038545;-0.2059259;3.547244;
HandLeft;0.3275968;-0.2762775;2.895382;
Spine;0.09600411;-0.04544185;3.151126;
HipCenter;0.09885029;-0.1307904;3.151984;
HipRight;0.1357682;-0.1878223;3.164972;
HipLeft;0.06605044;-0.156279;3.132269;
KneeRight;0.2135156;-0.6541585;3.252275;
KneeLeft;0.04745333;-0.6151236;3.092111;
AnkleRight;0.1756613;-1.004786;3.239362;
AnkleLeft;-0.2940618;-0.9084222;3.093405;
FootRight;0.2328048;-1.061906;3.271447;
FootLeft;-0.2998817;-1.008967;3.154155;
Head;0.2313217;0.5685292;3.201331;
ShoulderCenter;0.138905;0.3921753;3.17044;
ShoulderRight;0.2224805;0.2861769;3.365813;
ShoulderLeft;0.07055561;0.2616124;3.069701;
ElbowRight;0.2997387;-9.217858E-05;3.246629;
ElbowLeft;0.1176731;0.02430686;2.942058;
WristRight;0.2950831;-0.1955785;3.472126;
WristLeft;0.2777757;-0.2175049;2.912025;
HandRight;0.3053629;-0.2465905;3.513521;
HandLeft;0.3085966;-0.3020145;2.913197;
Spine;0.133099;-0.03020616;3.139503;
HipCenter;0.1319466;-0.1149487;3.137454;
HipRight;0.1590564;-0.183425;3.16657;
HipLeft;0.1019293;-0.1469479;3.09398;
KneeRight;0.255431;-0.6650048;3.225604;
KneeLeft;0.1363165;-0.6029583;3.091995;
AnkleRight;0.1786338;-1.006323;3.240452;
AnkleLeft;-0.2073976;-0.9040504;3.093744;
FootRight;0.2416359;-1.064884;3.293486;
FootLeft;-0.1863099;-1.009956;3.142586;
Head;0.2538181;0.5891854;3.20577;
ShoulderCenter;0.1834595;0.4019895;3.170733;
ShoulderRight;0.2670349;0.295991;3.366107;
ShoulderLeft;0.109141;0.2709054;3.072872;
ElbowRight;0.3441342;0.008905381;3.246665;
ElbowLeft;0.1411204;0.02869486;2.951413;
WristRight;0.3392899;-0.1866093;3.473156;
WristLeft;0.2631716;-0.2296538;2.932913;
HandRight;0.3495352;-0.2374503;3.514412;
HandLeft;0.2987525;-0.311625;2.925582;
Spine;0.2187141;-0.0307114;3.182252;
HipCenter;0.2253474;-0.1173436;3.188189;
HipRight;0.2655352;-0.1634082;3.205341;
HipLeft;0.1910325;-0.1479789;3.171415;
KneeRight;0.1514322;-0.5622941;3.26459;
KneeLeft;0.2161449;-0.6014467;3.100752;
AnkleRight;0.181373;-1.000788;3.240103;
AnkleLeft;-0.08526365;-0.9101833;3.093483;
FootRight;0.2339942;-1.063688;3.26906;
FootLeft;-0.05918841;-0.9919283;3.107684;
Head;0.2933745;0.5931298;3.205328;
ShoulderCenter;0.2249372;0.4044637;3.166686;
ShoulderRight;0.3085126;0.2984653;3.36206;
ShoulderLeft;0.145647;0.2773665;3.073044;
ElbowRight;0.38613;0.01065931;3.242323;
ElbowLeft;0.1647771;0.02458806;2.960512;
WristRight;0.3811015;-0.1849165;3.469858;
WristLeft;0.2605067;-0.2414076;2.938838;
HandRight;0.3912929;-0.2354899;3.510896;
HandLeft;0.2852299;-0.326601;2.929593;
Spine;0.271096;-0.02787691;3.183615;
HipCenter;0.2795459;-0.1143917;3.19072;
HipRight;0.316001;-0.1697621;3.216967;
HipLeft;0.2516446;-0.1466;3.166081;
KneeRight;0.1873364;-0.580751;3.2673;
KneeLeft;0.2939473;-0.6173038;3.112366;
AnkleRight;0.1866432;-0.9951074;3.234301;
AnkleLeft;0.03930197;-0.9403051;3.103874;
FootRight;0.2563862;-1.05982;3.305797;
FootLeft;0.09630232;-1.039822;3.135669;
Head;0.3482035;0.59532;3.201975;
ShoulderCenter;0.2656707;0.4121206;3.170566;
ShoulderRight;0.3492461;0.3061222;3.365939;
ShoulderLeft;0.1937876;0.2834365;3.075873;
ElbowRight;0.4268276;0.01748005;3.245932;
ElbowLeft;0.1834102;0.02472494;2.968576;
WristRight;0.4215961;-0.1781056;3.474519;
WristLeft;0.2536882;-0.2314007;2.943528;
HandRight;0.4317578;-0.2285314;3.515439;
HandLeft;0.2620746;-0.3195205;2.934994;
Spine;0.3027724;-0.03152063;3.182837;
HipCenter;0.311211;-0.1200963;3.189036;
HipRight;0.3505434;-0.1730246;3.213495;
HipLeft;0.2788469;-0.1508342;3.165181;
KneeRight;0.2366391;-0.6230375;3.265754;
KneeLeft;0.3987205;-0.585638;3.097966;
AnkleRight;0.240624;-1.033723;3.161916;
AnkleLeft;0.1325407;-0.9720109;3.111291;
FootRight;0.3024799;-1.102194;3.237131;
FootLeft;0.2205114;-1.04481;3.144954;
Head;0.4085487;0.5865614;3.166683;
ShoulderCenter;0.3122039;0.4131199;3.16182;
ShoulderRight;0.3957793;0.3071215;3.357194;
ShoulderLeft;0.2313699;0.2852697;3.077118;
ElbowRight;0.4737483;0.01784965;3.236996;
ElbowLeft;0.2084437;0.02831762;2.96965;
WristRight;0.4683554;-0.1777788;3.466504;
WristLeft;0.2509328;-0.2292294;2.944951;
HandRight;0.4784875;-0.2280574;3.507303;
HandLeft;0.2512701;-0.3177611;2.940037;
Spine;0.3511849;-0.02160263;3.156282;
HipCenter;0.3587241;-0.1085527;3.158863;
HipRight;0.3964945;-0.1603722;3.181512;
HipLeft;0.3279553;-0.137484;3.133488;
KneeRight;0.2922035;-0.6192005;3.262459;
KneeLeft;0.4646626;-0.5979176;3.099783;
AnkleRight;0.181112;-1.014918;3.230098;
AnkleLeft;0.2753771;-1.016794;3.154719;
FootRight;0.2430877;-1.083522;3.305459;
FootLeft;0.3890599;-1.050203;3.141051;
Head;0.4318577;0.5908759;3.18095;
ShoulderCenter;0.3463725;0.4078105;3.158908;
ShoulderRight;0.429948;0.3018121;3.354282;
ShoulderLeft;0.2878944;0.276431;3.065144;
ElbowRight;0.5079089;0.01196662;3.233919;
ElbowLeft;0.22773;0.02563088;2.976371;
WristRight;0.5023688;-0.1836433;3.464172;
WristLeft;0.247977;-0.2145254;2.950563;
HandRight;0.5124967;-0.2339015;3.504955;
HandLeft;0.2456623;-0.3030431;2.946698;
Spine;0.3690244;-0.02507221;3.145172;
HipCenter;0.3747126;-0.1118329;3.146141;
HipRight;0.4091322;-0.1672889;3.172658;
HipLeft;0.3472481;-0.1378213;3.113276;
KneeRight;0.2772663;-0.6305644;3.281742;
KneeLeft;0.5352299;-0.6162531;3.118907;
AnkleRight;0.1831252;-1.014944;3.231844;
AnkleLeft;0.4443142;-1.010526;3.106439;
FootRight;0.2457452;-1.084261;3.307988;
FootLeft;0.5527785;-1.058384;3.128096;
Head;0.4905713;0.5749274;3.172435;
ShoulderCenter;0.4013003;0.3922884;3.14798;
ShoulderRight;0.4848758;0.28629;3.343354;
ShoulderLeft;0.3329416;0.2622993;3.059066;
ElbowRight;0.5630447;-0.004098386;3.222858;
ElbowLeft;0.2464917;0.01384384;2.978891;
WristRight;0.5573711;-0.1997409;3.453873;
WristLeft;0.2499821;-0.2215469;2.957485;
HandRight;0.5674958;-0.249983;3.494642;
HandLeft;0.2411403;-0.3094701;2.963971;
Spine;0.4183575;-0.03661755;3.132237;
HipCenter;0.4217689;-0.1223987;3.132725;
HipRight;0.4568318;-0.1849688;3.167632;
HipLeft;0.3898105;-0.150362;3.09275;
KneeRight;0.2826143;-0.6275966;3.28104;
KneeLeft;0.5944387;-0.6247401;3.132374;
AnkleRight;0.1978537;-1.01564;3.235204;
AnkleLeft;0.5975326;-1.020464;3.118395;
FootRight;0.2612283;-1.085792;3.312266;
FootLeft;0.7137302;-1.053357;3.135494;
Head;0.5452573;0.571494;3.183905;
ShoulderCenter;0.4496993;0.3903446;3.148004;
ShoulderRight;0.5332748;0.2843462;3.343378;
ShoulderLeft;0.3735847;0.2641782;3.056611;
ElbowRight;0.6115854;-0.006568849;3.22273;
ElbowLeft;0.2938562;0.008156528;2.988907;
WristRight;0.6851843;-0.2284729;3.418742;
WristLeft;0.2615219;-0.2313783;2.969509;
HandRight;0.722427;-0.2675129;3.455559;
HandLeft;0.2444575;-0.3180148;2.973085;
Spine;0.4496761;-0.02464099;3.11961;
HipCenter;0.4512331;-0.1075894;3.117462;
HipRight;0.4923592;-0.1683563;3.147311;
HipLeft;0.4109033;-0.1442253;3.079309;
KneeRight;0.2894565;-0.6261598;3.28021;
KneeLeft;0.627351;-0.5530223;3.140966;
AnkleRight;0.206439;-1.015051;3.238421;
AnkleLeft;0.748231;-1.0136;3.117499;
FootRight;0.270117;-1.085539;3.315851;
FootLeft;0.8470359;-1.042574;3.105235;
Head;0.6026647;0.5674458;3.181323;
ShoulderCenter;0.5105613;0.3840233;3.144402;
ShoulderRight;0.5941368;0.2780249;3.339776;
ShoulderLeft;0.4405223;0.2553517;3.045232;
ElbowRight;0.6725085;-0.01311716;3.219056;
ElbowLeft;0.354394;0.02509692;2.976642;
WristRight;0.747551;-0.225182;3.424823;
WristLeft;0.2888231;-0.2469749;2.991895;
HandRight;0.7886962;-0.2641878;3.456784;
HandLeft;0.2727723;-0.3326302;3.004505;
Spine;0.4987336;-0.04843155;3.113888;
HipCenter;0.496368;-0.1349225;3.11142;
HipRight;0.5314251;-0.1878126;3.129884;
HipLeft;0.4578795;-0.1619218;3.086081;
KneeRight;0.3657906;-0.5947629;3.263946;
KneeLeft;0.628343;-0.5583352;3.143101;
AnkleRight;0.2073089;-1.013816;3.237501;
AnkleLeft;0.8598538;-0.9767212;3.107485;
FootRight;0.2710905;-1.084419;3.315058;
FootLeft;0.9568875;-1.033544;3.099847;
Head;0.6503695;0.5668202;3.194312;
ShoulderCenter;0.5606195;0.3811243;3.154293;
ShoulderRight;0.644195;0.2751258;3.349666;
ShoulderLeft;0.4633012;0.2495601;3.050454;
ElbowRight;0.5748327;0.01718412;3.175987;
ElbowLeft;0.3977516;0.02527566;2.964829;
WristRight;0.7343037;-0.1591475;3.367492;
WristLeft;0.3075323;-0.2494973;2.984034;
HandRight;0.8330907;-0.3047726;3.481151;
HandLeft;0.2861661;-0.3332009;2.999024;
Spine;0.5513604;-0.03220122;3.119585;
HipCenter;0.5495085;-0.1148663;3.116279;
HipRight;0.5883392;-0.1785186;3.144325;
HipLeft;0.5083923;-0.1532413;3.077354;
KneeRight;0.3782914;-0.5986946;3.266822;
KneeLeft;0.7814723;-0.6468622;3.145482;
AnkleRight;0.2127662;-1.012636;3.236716;
AnkleLeft;0.9290945;-1.008661;3.117359;
FootRight;0.2959235;-1.057642;3.186778;
FootLeft;0.9920538;-1.064961;3.083775;
Head;0.7022068;0.5501602;3.192435;
ShoulderCenter;0.6149904;0.3627431;3.155074;
ShoulderRight;0.6985658;0.2567447;3.350448;
ShoulderLeft;0.5224206;0.2336186;3.054201;
ElbowRight;0.6285607;0.009272741;3.161274;
ElbowLeft;0.4187405;-0.04746911;2.965772;
WristRight;0.791143;-0.1686036;3.347978;
WristLeft;0.379149;-0.3031322;2.99119;
HandRight;0.8134403;-0.2268835;3.366082;
HandLeft;0.3361652;-0.3515432;2.985689;
Spine;0.6051135;-0.06053631;3.116939;
HipCenter;0.6031381;-0.1451922;3.112948;
HipRight;0.6428819;-0.2045725;3.137816;
HipLeft;0.5610529;-0.1861657;3.076819;
KneeRight;0.4237419;-0.6358554;3.269014;
KneeLeft;0.7859987;-0.563234;3.142351;
AnkleRight;0.2189512;-1.011195;3.237079;
AnkleLeft;0.9285043;-1.006701;3.118968;
FootRight;0.3019636;-1.055861;3.188059;
FootLeft;1.023089;-1.039982;3.111622;
Head;0.7585529;0.5417799;3.185986;
ShoulderCenter;0.6699392;0.355473;3.16339;
ShoulderRight;0.7535146;0.2494746;3.358764;
ShoulderLeft;0.5759341;0.2257754;3.056916;
ElbowRight;0.6144712;0.1237976;3.078079;
ElbowLeft;0.4706015;-0.05134526;2.954793;
WristRight;0.7638922;-0.08143546;3.247402;
WristLeft;0.4342496;-0.2872657;2.958653;
HandRight;0.8086911;-0.1242554;3.267521;
HandLeft;0.4123313;-0.3487665;2.964845;
Spine;0.652837;-0.06511921;3.112844;
HipCenter;0.6486635;-0.149181;3.106537;
HipRight;0.6902174;-0.2045051;3.123946;
HipLeft;0.603201;-0.1868271;3.075587;
KneeRight;0.5116336;-0.629532;3.258107;
KneeLeft;0.8611233;-0.5673926;3.153029;
AnkleRight;0.2314033;-1.009029;3.239504;
AnkleLeft;0.937559;-1.001433;3.125619;
FootRight;0.3146875;-1.053783;3.190846;
FootLeft;1.005541;-1.060174;3.115766;
Head;0.8132354;0.5387887;3.17992;
ShoulderCenter;0.7261504;0.3509485;3.15379;
ShoulderRight;0.8097259;0.2449501;3.349164;
ShoulderLeft;0.6385401;0.2171325;3.057922;
ElbowRight;0.6722597;0.09531648;3.081953;
ElbowLeft;0.536783;-0.06104105;2.961898;
WristRight;0.5445302;-0.1783796;2.985162;
WristLeft;0.4968283;-0.3178232;2.95094;
HandRight;0.4428429;-0.3850167;2.958472;
HandLeft;0.4632949;-0.3757514;2.948378;
Spine;0.7248465;-0.06602121;3.115061;
HipCenter;0.7245857;-0.1494152;3.110952;
HipRight;0.7642638;-0.2018736;3.12932;
HipLeft;0.684622;-0.1882777;3.082051;
KneeRight;0.5442584;-0.6345594;3.273949;
KneeLeft;0.9166816;-0.5394257;3.145201;
AnkleRight;0.2590911;-1.00049;3.255978;
AnkleLeft;0.9440576;-1.002792;3.129813;
FootRight;0.2409727;-1.081994;3.289434;
FootLeft;1.024803;-1.058442;3.138068;
Head;0.8600127;0.5476058;3.183325;
ShoulderCenter;0.7663762;0.3617066;3.150343;
ShoulderRight;0.8499517;0.2557082;3.345717;
ShoulderLeft;0.6768419;0.228244;3.065592;
ElbowRight;0.7419181;0.03515334;3.200102;
ElbowLeft;0.6278481;-0.01129268;2.957947;
WristRight;0.6243993;-0.2185589;3.045557;
WristLeft;0.5878934;-0.2680749;2.946984;
HandRight;0.5854424;-0.2896912;3.011526;
HandLeft;0.55436;-0.326003;2.944422;
Spine;0.7685781;-0.05859001;3.119558;
HipCenter;0.7692496;-0.142645;3.11713;
HipRight;0.8095683;-0.1958278;3.132611;
HipLeft;0.7308736;-0.1770063;3.093712;
KneeRight;0.5967497;-0.668161;3.27989;
KneeLeft;0.9600888;-0.6009161;3.140795;
AnkleRight;0.3155889;-0.9651945;3.252403;
AnkleLeft;0.954751;-0.999535;3.128268;
FootRight;0.3102529;-1.05463;3.267087;
FootLeft;0.9949608;-1.078972;3.114786;
Head;0.9073993;0.5538905;3.178997;
ShoulderCenter;0.8147786;0.3675556;3.151284;
ShoulderRight;0.8983541;0.2615572;3.346657;
ShoulderLeft;0.7351202;0.2274975;3.067021;
ElbowRight;0.7613904;0.1124705;3.080275;
ElbowLeft;0.7006461;0.002723443;2.950365;
WristRight;0.6660699;-0.1785574;3.006758;
WristLeft;0.6600469;-0.2574129;2.942542;
HandRight;0.6255094;-0.2277764;2.994815;
HandLeft;0.6265135;-0.315341;2.93998;
Spine;0.8124741;-0.05601684;3.128907;
HipCenter;0.8120437;-0.1407011;3.127992;
HipRight;0.8456023;-0.18981;3.142531;
HipLeft;0.7779175;-0.1765498;3.106985;
KneeRight;0.6122146;-0.6429848;3.272917;
KneeLeft;0.9939828;-0.6165237;3.148359;
AnkleRight;0.3948708;-0.9224349;3.240774;
AnkleLeft;0.9652311;-1.002369;3.131404;
FootRight;0.4138722;-1.032798;3.288998;
FootLeft;1.048346;-1.047089;3.083099;
Head;0.9642545;0.5655338;3.188715;
ShoulderCenter;0.8721367;0.3788047;3.163356;
ShoulderRight;0.9557121;0.2728063;3.35873;
ShoulderLeft;0.7844267;0.2458699;3.069613;
ElbowRight;0.8190377;0.1240344;3.092861;
ElbowLeft;0.760569;-0.02484486;2.951716;
WristRight;0.7257826;-0.1669072;3.019099;
WristLeft;0.8199561;-0.3157077;2.974279;
HandRight;0.685294;-0.2160391;3.007178;
HandLeft;0.7864227;-0.3736358;2.971717;
Spine;0.8810393;-0.03412005;3.151704;
HipCenter;0.8828198;-0.116705;3.153013;
HipRight;0.9222577;-0.1631217;3.174893;
HipLeft;0.8453135;-0.1598858;3.126571;
KneeRight;0.7998867;-0.5533802;3.285886;
KneeLeft;0.9946682;-0.6178863;3.148586;
AnkleRight;0.4635226;-0.8932806;3.238899;
AnkleLeft;0.9664685;-1.002079;3.130711;
FootRight;0.4891696;-0.9995134;3.278665;
FootLeft;1.010107;-1.080076;3.121683;
Head;1.001745;0.5773626;3.204193;
ShoulderCenter;0.9182968;0.3861437;3.178744;
ShoulderRight;1.001872;0.2801452;3.374118;
ShoulderLeft;0.8227657;0.2572875;3.080856;
ElbowRight;0.8654276;0.1316236;3.108661;
ElbowLeft;0.8264547;-0.02646092;2.957906;
WristRight;0.7722539;-0.1587616;3.034793;
WristLeft;0.9254636;-0.2666032;2.975724;
HandRight;0.7317916;-0.2078616;3.022879;
HandLeft;0.9607562;-0.3413334;2.987898;
Spine;0.901898;-0.03115812;3.148954;
HipCenter;0.9005483;-0.1142839;3.148037;
HipRight;0.9526755;-0.148846;3.134413;
HipLeft;0.8613818;-0.1583763;3.14008;
KneeRight;0.8051738;-0.5429085;3.27731;
KneeLeft;0.9964812;-0.61972;3.147685;
AnkleRight;0.567669;-0.8915204;3.252334;
AnkleLeft;0.9673633;-1.003606;3.129749;
FootRight;0.5968853;-1.000481;3.298616;
FootLeft;1.049324;-1.069028;3.148286;
Head;1.045452;0.5931491;3.206555;
ShoulderCenter;0.9663427;0.4017392;3.197628;
ShoulderRight;1.049918;0.2957408;3.393002;
ShoulderLeft;0.8621014;0.2643455;3.085479;
ElbowRight;0.9135815;0.1473366;3.127729;
ElbowLeft;0.9021855;-0.01916772;2.96555;
WristRight;0.8204462;-0.1427874;3.053807;
WristLeft;1.040511;-0.2817237;2.966473;
HandRight;0.7800435;-0.1918151;3.041911;
HandLeft;1.070621;-0.3548506;2.960036;
Spine;0.9542625;-0.01184943;3.151674;
HipCenter;0.9518464;-0.09456717;3.146122;
HipRight;0.9841115;-0.1351358;3.143817;
HipLeft;0.9113097;-0.1397682;3.135549;
KneeRight;0.8904659;-0.5231992;3.270077;
KneeLeft;0.9965658;-0.6197574;3.147512;
AnkleRight;0.6750561;-0.9030311;3.269505;
AnkleLeft;0.9660572;-1.008654;3.129432;
FootRight;0.6917339;-0.9958253;3.284181;
FootLeft;1.044766;-1.068964;3.146987;
Head;1.091959;0.5976907;3.223516;
ShoulderCenter;0.9928353;0.4129916;3.197685;
ShoulderRight;1.076411;0.3069932;3.393059;
ShoulderLeft;0.9159767;0.2769276;3.097584;
ElbowRight;0.9403085;0.1588444;3.128151;
ElbowLeft;0.9836162;0.001105066;2.971677;
WristRight;1.050478;-0.1048601;2.993566;
WristLeft;1.119286;-0.2211027;2.929158;
HandRight;1.100947;-0.1382349;2.970485;
HandLeft;1.173561;-0.2862784;2.907184;
Spine;0.9561749;-0.01272705;3.144614;
HipCenter;0.9513644;-0.09718329;3.136013;
HipRight;0.9841791;-0.1360466;3.13379;
HipLeft;0.9106743;-0.1397287;3.125773;
KneeRight;0.7872401;-0.5596698;3.218363;
KneeLeft;1.000685;-0.6236578;3.146348;
AnkleRight;0.7712852;-0.9186766;3.282176;
AnkleLeft;0.9661742;-1.009328;3.129614;
FootRight;0.8421112;-1.012107;3.314954;
FootLeft;1.074469;-1.062385;3.146261;
Head;1.145649;0.6134876;3.232351;
ShoulderCenter;1.054975;0.42503;3.214594;
ShoulderRight;1.13855;0.3190315;3.409968;
ShoulderLeft;0.9694855;0.2863472;3.109371;
ElbowRight;1.002643;0.1710948;3.14537;
ElbowLeft;1.045928;0.02710719;2.967371;
WristRight;1.124978;-0.07491387;2.988184;
WristLeft;1.21347;-0.2019129;2.906909;
HandRight;1.17348;-0.1176615;2.986404;
HandLeft;1.254394;-0.2665239;2.892293;
Spine;1.031932;-0.003781632;3.151124;
HipCenter;1.027323;-0.08954395;3.142077;
HipRight;1.062376;-0.1281604;3.145482;
HipLeft;0.9880471;-0.1295168;3.125318;
KneeRight;0.896592;-0.5430517;3.249416;
KneeLeft;1.011484;-0.6224219;3.144329;
AnkleRight;0.9053827;-0.9467893;3.252125;
AnkleLeft;0.9436645;-0.9972721;3.151273;
FootRight;0.9762602;-1.040288;3.284926;
FootLeft;0.9887954;-1.061647;3.107373;
Head;1.189712;0.605419;3.217394;
ShoulderCenter;1.080164;0.4291078;3.2117;
ShoulderRight;1.16374;0.3231094;3.407074;
ShoulderLeft;0.9980468;0.290108;3.116105;
ElbowRight;1.187977;0.1306044;3.137399;
ElbowLeft;1.115768;0.0368064;2.954881;
WristRight;1.294754;-0.1028269;2.950625;
WristLeft;1.302296;-0.1614622;2.902672;
HandRight;1.348052;-0.1261227;2.922037;
HandLeft;1.355189;-0.2051429;2.874656;
Spine;1.071108;0.005094181;3.160171;
HipCenter;1.070087;-0.07942124;3.154276;
HipRight;1.107743;-0.1281722;3.133192;
HipLeft;1.032007;-0.115871;3.164955;
KneeRight;1.236386;-0.6411042;3.293973;
KneeLeft;1.029521;-0.624762;3.149073;
AnkleRight;1.119926;-0.9919693;3.275895;
AnkleLeft;0.9608829;-0.99068;3.136916;
FootRight;1.162662;-1.078263;3.339206;
FootLeft;1.024312;-1.053393;3.125679;
Head;1.249171;0.6092981;3.212734;
ShoulderCenter;1.137179;0.4340505;3.205616;
ShoulderRight;1.220755;0.328052;3.400989;
ShoulderLeft;1.060485;0.2908029;3.118189;
ElbowRight;1.267845;0.1398896;3.132118;
ElbowLeft;1.157151;0.05113995;2.951336;
WristRight;1.366737;-0.08277211;2.928366;
WristLeft;1.365488;-0.1098363;2.914114;
HandRight;1.407008;-0.1187013;2.892325;
HandLeft;1.418381;-0.153517;2.886098;
Spine;1.101049;0.03779855;3.16666;
HipCenter;1.095078;-0.04044034;3.162698;
HipRight;1.131611;-0.1175847;3.203505;
HipLeft;1.049457;-0.0825703;3.107602;
KneeRight;1.267199;-0.6345938;3.294199;
KneeLeft;1.036043;-0.6252621;3.147179;
AnkleRight;1.177525;-0.987057;3.272199;
AnkleLeft;0.9645573;-0.9951778;3.134693;
FootRight;1.242016;-1.042496;3.303943;
FootLeft;1.027132;-1.057915;3.123111;
Head;1.283443;0.6013716;3.215772;
ShoulderCenter;1.174424;0.4234317;3.205841;
ShoulderRight;1.257999;0.3174332;3.401215;
ShoulderLeft;1.097693;0.2914657;3.12096;
ElbowRight;1.299675;0.137517;3.125777;
ElbowLeft;1.203124;0.07166011;2.955663;
WristRight;1.438078;-0.05453673;2.914276;
WristLeft;1.405149;-0.0681919;2.883209;
HandRight;1.496814;-0.08271203;2.910368;
HandLeft;1.48864;-0.09607375;2.8763;
Spine;1.115829;0.03473297;3.168486;
HipCenter;1.105561;-0.04290147;3.164454;
HipRight;1.137047;-0.120332;3.204732;
HipLeft;1.059936;-0.08632894;3.109445;
KneeRight;1.306628;-0.6316484;3.295274;
KneeLeft;1.049266;-0.6247398;3.147613;
AnkleRight;1.291722;-0.9805706;3.280992;
AnkleLeft;0.9654487;-0.9964765;3.133648;
FootRight;1.382329;-1.034389;3.303295;
FootLeft;1.010305;-1.066747;3.102748;
Head;1.331168;0.598704;3.238345;
ShoulderCenter;1.22497;0.4161946;3.209112;
ShoulderRight;1.308545;0.3101961;3.404486;
ShoulderLeft;1.151991;0.2832887;3.110048;
ElbowRight;1.352126;0.1328955;3.12815;
ElbowLeft;1.280067;0.06067825;2.944438;
WristRight;1.444394;-0.02944513;2.869329;
WristLeft;1.50669;-0.04224845;2.886135;
HandRight;1.529153;-0.0458831;2.888093;
HandLeft;1.569921;-0.0562372;2.894552;
Spine;1.159897;0.03915077;3.176175;
HipCenter;1.145977;-0.03656361;3.172948;
HipRight;1.168537;-0.1214373;3.216723;
HipLeft;1.094435;-0.08697329;3.112347;
KneeRight;1.368058;-0.6323267;3.300954;
KneeLeft;1.067061;-0.6254775;3.143141;
AnkleRight;1.409032;-0.9813889;3.285511;
AnkleLeft;0.9673448;-0.9966431;3.133852;
FootRight;1.523553;-1.020201;3.289612;
FootLeft;1.035698;-1.053921;3.1272;
Head;1.39115;0.5881899;3.232822;
ShoulderCenter;1.282395;0.4087942;3.219967;
ShoulderRight;1.36597;0.3027957;3.41534;
ShoulderLeft;1.197491;0.278627;3.126382;
ElbowRight;1.420864;0.1509244;3.125025;
ElbowLeft;1.321265;0.07320778;2.951117;
WristRight;1.517993;0.009180784;2.855787;
WristLeft;1.512673;-0.02497157;2.864187;
HandRight;1.551804;-0.0474821;2.879316;
HandLeft;1.594792;-0.0580606;2.865899;
Spine;1.239174;0.02213569;3.176766;
HipCenter;1.230529;-0.05519601;3.171778;
HipRight;1.262165;-0.1255752;3.206965;
HipLeft;1.185668;-0.1031335;3.120494;
KneeRight;1.421944;-0.6492798;3.3053;
KneeLeft;1.184956;-0.6294834;3.189422;
AnkleRight;1.520279;-0.983335;3.281556;
AnkleLeft;0.9720229;-0.9996517;3.135881;
FootRight;1.639431;-1.003685;3.270218;
FootLeft;1.039366;-1.058278;3.126911;
Head;1.436608;0.5872035;3.271472;
ShoulderCenter;1.329532;0.4037623;3.224976;
ShoulderRight;1.413107;0.2977638;3.42035;
ShoulderLeft;1.225688;0.2701896;3.131992;
ElbowRight;1.218017;0.06590468;3.437236;
ElbowLeft;1.385358;0.06522165;2.940023;
WristRight;1.23793;-0.1429536;3.336788;
WristLeft;1.56462;-0.04153937;2.836781;
HandRight;1.257402;-0.1825428;3.384989;
HandLeft;1.624374;-0.07712638;2.807348;
Spine;1.275165;0.01690989;3.186157;
HipCenter;1.26458;-0.06045464;3.18193;
HipRight;1.302533;-0.146043;3.231219;
HipLeft;1.21259;-0.1165784;3.119256;
KneeRight;1.482613;-0.6799825;3.312172;
KneeLeft;1.239962;-0.6622711;3.198835;
AnkleRight;1.658787;-0.9795462;3.271653;
AnkleLeft;0.9766779;-0.9945512;3.135058;
FootRight;1.775181;-1.006684;3.293861;
FootLeft;1.038359;-1.059145;3.12526;
Head;1.51298;0.572865;3.264055;
ShoulderCenter;1.386777;0.4025117;3.236002;
ShoulderRight;1.470353;0.2965133;3.431376;
ShoulderLeft;1.29425;0.2688127;3.144603;
ElbowRight;1.281598;0.06709331;3.4756;
ElbowLeft;1.406559;0.06123299;2.941994;
WristRight;1.27889;-0.1531834;3.409192;
WristLeft;1.600275;-0.02208329;2.845129;
HandRight;1.298301;-0.1926488;3.457242;
HandLeft;1.663355;-0.05404377;2.814642;
Spine;1.336304;0.01458368;3.190693;
HipCenter;1.326209;-0.06300194;3.185287;
HipRight;1.355308;-0.1465731;3.225278;
HipLeft;1.279429;-0.1153335;3.126124;
KneeRight;1.503251;-0.6303954;3.285978;
KneeLeft;1.188361;-0.6779675;3.159591;
AnkleRight;1.692425;-0.9643551;3.24435;
AnkleLeft;0.9833209;-0.9932542;3.133015;
FootRight;1.809064;-0.9933408;3.261991;
FootLeft;1.016006;-1.075075;3.115734;
Head;1.522847;0.5816743;3.242033;
ShoulderCenter;1.43937;0.3914037;3.244127;
ShoulderRight;1.522945;0.2854052;3.4395;
ShoulderLeft;1.336686;0.2591841;3.151792;
ElbowRight;1.322642;0.05494352;3.424917;
ElbowLeft;1.449215;0.05874489;2.946701;
WristRight;1.289485;-0.154654;3.332337;
WristLeft;1.614156;-0.05317895;2.825329;
HandRight;1.308841;-0.1940073;3.38025;
HandLeft;1.668398;-0.0933464;2.787544;
Spine;1.383558;0.01513966;3.199534;
HipCenter;1.371894;-0.06019988;3.194168;
HipRight;1.397321;-0.1424145;3.238645;
HipLeft;1.322955;-0.1285797;3.127777;
KneeRight;1.554354;-0.6265469;3.278633;
KneeLeft;1.198412;-0.6547675;3.138713;
AnkleRight;1.687342;-0.9566975;3.239614;
AnkleLeft;0.9956418;-0.9921001;3.134246;
FootRight;1.766857;-1.004624;3.189161;
FootLeft;1.015123;-1.077458;3.114212;
Head;1.548972;0.581676;3.24398;
ShoulderCenter;1.494604;0.3810244;3.246426;
ShoulderRight;1.57818;0.2750259;3.441799;
ShoulderLeft;1.394095;0.2536247;3.160782;
ElbowRight;1.378026;0.04740693;3.448613;
ElbowLeft;1.485712;0.06237622;2.955239;
WristRight;1.373069;-0.1632367;3.352947;
WristLeft;1.619027;-0.07862927;2.810204;
HandRight;1.39237;-0.2024776;3.400724;
HandLeft;1.6646;-0.1279989;2.764668;
Spine;1.439658;0.01366635;3.203628;
HipCenter;1.428668;-0.05980526;3.198728;
HipRight;1.454377;-0.1506066;3.248896;
HipLeft;1.378756;-0.1308218;3.125554;
KneeRight;1.584946;-0.6307213;3.269287;
KneeLeft;1.229896;-0.660569;3.131697;
AnkleRight;1.690551;-0.9604356;3.23708;
AnkleLeft;1.005525;-0.9957217;3.135471;
FootRight;1.732603;-1.028514;3.196287;
FootLeft;1.003814;-1.080885;3.106986;
Head;1.668527;0.5436106;3.284494;
ShoulderCenter;1.53229;0.3797612;3.245864;
ShoulderRight;1.615865;0.2737627;3.441238;
ShoulderLeft;1.450437;0.2496335;3.160926;
ElbowRight;1.418848;0.04551651;3.455807;
ElbowLeft;1.513132;0.0631019;2.97873;
WristRight;1.452213;-0.1560224;3.346016;
WristLeft;1.578298;-0.1307855;2.804925;
HandRight;1.471455;-0.1951448;3.393648;
HandLeft;1.598694;-0.1914688;2.755213;
Spine;1.489356;-0.00615412;3.198985;
HipCenter;1.479627;-0.08329891;3.193285;
HipRight;1.508906;-0.158724;3.232151;
HipLeft;1.434247;-0.1355544;3.135809;
KneeRight;1.636948;-0.6472946;3.257931;
KneeLeft;1.321078;-0.6325855;3.121439;
AnkleRight;1.710304;-0.9851302;3.23584;
AnkleLeft;1.06325;-0.9689882;3.125246;
FootRight;1.791742;-1.031744;3.188534;
FootLeft;1.073678;-1.057389;3.117836;
Head;1.676123;0.5562219;3.266537;
ShoulderCenter;1.584412;0.3653121;3.247182;
ShoulderRight;1.667988;0.2593136;3.442556;
ShoulderLeft;1.502597;0.2415749;3.158933;
ElbowRight;1.468602;0.03530112;3.464144;
ElbowLeft;1.546729;0.01388804;2.999746;
WristRight;1.523327;-0.1570032;3.346335;
WristLeft;1.668711;0.01297909;2.795909;
HandRight;1.542521;-0.1960274;3.393848;
HandLeft;1.729361;-0.008709031;2.796036;
Spine;1.539143;-0.03438032;3.19849;
HipCenter;1.530089;-0.1143188;3.19241;
HipRight;1.564506;-0.179274;3.125885;
HipLeft;1.480832;-0.1803869;3.239884;
KneeRight;1.709571;-0.637377;3.271983;
KneeLeft;1.456274;-0.5882223;3.117646;
AnkleRight;1.712828;-0.9831768;3.233331;
AnkleLeft;1.131451;-0.9240379;3.116112;
FootRight;1.741477;-1.0231;3.159202;
FootLeft;1.132056;-1.042783;3.135542;
Head;1.773534;0.5509092;3.259992;
ShoulderCenter;1.637671;0.3898742;3.249171;
ShoulderRight;1.721246;0.2838758;3.444544;
ShoulderLeft;1.552579;0.2600886;3.16291;
ElbowRight;1.535492;0.05301341;3.481636;
ElbowLeft;1.593965;0.003241619;3.00804;
WristRight;1.575008;-0.1529481;3.386674;
WristLeft;1.626125;-0.1963506;2.895556;
HandRight;1.594164;-0.191894;3.434092;
HandLeft;1.636754;-0.2623162;2.863326;
Spine;1.577351;-0.02406596;3.20009;
HipCenter;1.564314;-0.1067858;3.193883;
HipRight;1.603754;-0.1695456;3.115776;
HipLeft;1.506422;-0.1833027;3.249953;
KneeRight;1.664409;-0.6133338;3.191649;
KneeLeft;1.523813;-0.5898676;3.108849;
AnkleRight;1.717813;-0.9569233;3.232664;
AnkleLeft;1.16991;-0.8962395;3.092491;
FootRight;1.729043;-1.032645;3.187994;
FootLeft;1.15794;-1.015168;3.102053;
Head;1.767465;0.5812218;3.257303;
ShoulderCenter;1.671258;0.3956869;3.256014;
ShoulderRight;1.754833;0.2896885;3.451388;
ShoulderLeft;1.579354;0.2691077;3.169702;
ElbowRight;1.574777;0.05638489;3.493015;
ElbowLeft;1.609381;0.01857142;3.030328;
WristRight;1.615185;-0.1508733;3.403128;
WristLeft;1.634532;-0.1912847;2.923226;
HandRight;1.634303;-0.1897431;3.450453;
HandLeft;1.64334;-0.2647758;2.89096;
Spine;1.598827;-0.01251347;3.207439;
HipCenter;1.585091;-0.09392878;3.201589;
HipRight;1.621365;-0.1600482;3.12829;
HipLeft;1.529936;-0.157858;3.255897;
KneeRight;1.677772;-0.6663686;3.189161;
KneeLeft;1.52449;-0.6708881;3.109452;
AnkleRight;1.737273;-0.9949017;3.246899;
AnkleLeft;1.25107;-0.8813481;3.083405;
FootRight;1.712908;-0.9919917;3.162148;
FootLeft;1.255773;-0.9732813;3.093765;
Head;1.778183;0.6043571;3.278959;
ShoulderCenter;1.712193;0.4074524;3.284343;
ShoulderRight;1.795768;0.301454;3.479717;
ShoulderLeft;1.609873;0.2746243;3.186503;
ElbowRight;1.578551;0.1219422;3.442869;
ElbowLeft;1.632344;-0.01612442;3.075442;
WristRight;1.751362;0.0660162;3.296169;
WristLeft;1.735831;0.1411778;2.938447;
HandRight;1.808965;0.0473742;3.252259;
HandLeft;1.796253;0.1192997;2.938546;
Spine;1.61669;-0.009114353;3.221821;
HipCenter;1.598611;-0.09188209;3.213269;
HipRight;1.636283;-0.1590766;3.145885;
HipLeft;1.536475;-0.1542588;3.261053;
KneeRight;1.6842;-0.5617492;3.247165;
KneeLeft;1.625867;-0.600306;3.134046;
AnkleRight;1.727549;-0.9347474;3.230067;
AnkleLeft;1.708584;-1.013048;3.000989;
FootRight;1.804936;-0.9840376;3.182399;
FootLeft;1.785971;-1.062338;2.953321;
Head;1.777205;0.6151204;3.274496;
ShoulderCenter;1.733947;0.4190891;3.30305;
ShoulderRight;1.817523;0.3130907;3.498424;
ShoulderLeft;1.645758;0.2869975;3.219301;
ElbowRight;1.611027;0.1150005;3.445112;
ElbowLeft;1.653973;-0.005792201;3.108328;
WristRight;1.784114;0.05898506;3.298194;
WristLeft;1.715595;0.1772978;2.97852;
HandRight;1.84181;0.04031323;3.254214;
HandLeft;1.736136;0.2383278;2.940243;
Spine;1.656852;0.02752803;3.263139;
HipCenter;1.640253;-0.05141564;3.257806;
HipRight;1.665958;-0.1193971;3.283489;
HipLeft;1.592078;-0.09029988;3.217392;
KneeRight;1.718593;-0.581745;3.257661;
KneeLeft;1.631706;-0.6552078;3.131982;
AnkleRight;1.731807;-0.9419041;3.233988;
AnkleLeft;1.414116;-0.9212307;3.098004;
FootRight;1.809676;-0.9912219;3.187478;
FootLeft;1.495357;-0.9947574;3.143724;
Head;1.820996;0.621498;3.315129;
ShoulderCenter;1.746515;0.424181;3.303191;
ShoulderRight;1.830091;0.3181825;3.498564;
ShoulderLeft;1.671469;0.2979594;3.24925;
ElbowRight;1.62449;0.1176621;3.442934;
ElbowLeft;1.67093;0.008108765;3.130874;
WristRight;1.797106;0.06179888;3.296416;
WristLeft;1.726171;0.1695227;2.970594;
HandRight;1.854645;0.0431778;3.252556;
HandLeft;1.744585;0.2233274;2.922147;
Spine;1.675085;-0.001543872;3.280517;
HipCenter;1.661519;-0.09245968;3.282498;
HipRight;1.696094;-0.1519139;3.2258;
HipLeft;1.605022;-0.1513591;3.331036;
KneeRight;1.746416;-0.6069861;3.299999;
KneeLeft;1.655726;-0.6917897;3.145031;
AnkleRight;1.714203;-0.9823241;3.191711;
AnkleLeft;1.566302;-1.022563;3.113599;
FootRight;1.791251;-1.031525;3.143995;
FootLeft;1.67556;-1.023903;3.15969;
Head;1.774128;0.4236792;3.331021;
ShoulderCenter;1.700848;0.226565;3.31882;
ShoulderRight;1.784424;0.1205665;3.514194;
ShoulderLeft;1.616883;0.09678596;3.267661;
ElbowRight;1.727923;-0.07093191;3.257762;
ElbowLeft;1.766884;-0.07579187;3.108482;
WristRight;1.773745;-0.1972989;3.064246;
WristLeft;1.904115;-0.2336772;2.974729;
HandRight;1.789019;-0.2394212;3.004715;
HandLeft;1.949859;-0.2863057;2.935119;
Spine;1.672285;-0.1235349;3.335034;
HipCenter;1.666573;-0.1935549;3.341924;
HipRight;1.715838;-0.2594716;3.286262;
HipLeft;1.607841;-0.24367;3.399845;
KneeRight;1.759542;-0.6778215;3.307799;
KneeLeft;1.698972;-0.7042456;3.202277;
AnkleRight;1.741334;-1.016697;3.252211;
AnkleLeft;1.663641;-0.9423192;3.123933;
FootRight;1.693442;-0.965106;3.156948;
FootLeft;1.754232;-1.004148;3.168664;
Head;1.755937;0.3931102;3.350792;
ShoulderCenter;1.750881;0.2045788;3.402806;
ShoulderRight;1.834457;0.09858032;3.59818;
ShoulderLeft;1.666916;0.07479976;3.351647;
ElbowRight;1.77079;-0.08468491;3.337926;
ElbowLeft;1.794105;-0.04441804;3.126384;
WristRight;1.788642;-0.2184887;3.133875;
WristLeft;1.910502;-0.1535207;2.932104;
HandRight;1.794593;-0.26309;3.070826;
HandLeft;1.949301;-0.1898882;2.872312;
Spine;1.734915;-0.1764206;3.346044;
HipCenter;1.731722;-0.2526205;3.338335;
HipRight;1.782056;-0.3074686;3.336234;
HipLeft;1.678218;-0.2733749;3.327311;
KneeRight;1.758735;-0.6266419;3.309441;
KneeLeft;1.733019;-0.7110277;3.205784;
AnkleRight;1.734875;-0.9565661;3.2233;
AnkleLeft;1.697689;-0.9491013;3.12747;
FootRight;1.812412;-0.9989111;3.170766;
FootLeft;1.727778;-1.0124;3.222655;
Head;1.804902;0.3778686;3.395359;
ShoulderCenter;1.795505;0.1984874;3.462437;
ShoulderRight;1.879081;0.09248897;3.657811;
ShoulderLeft;1.71154;0.06870842;3.411278;
ElbowRight;1.808815;-0.0656462;3.382366;
ElbowLeft;1.77619;-0.09105863;3.185132;
WristRight;1.825027;-0.1786281;3.176563;
WristLeft;1.835374;-0.2373162;2.989987;
HandRight;1.83043;-0.2162887;3.11293;
HandLeft;1.855102;-0.2860687;2.929907;
Spine;1.774768;-0.1785836;3.407698;
HipCenter;1.770621;-0.2539978;3.400393;
HipRight;1.810964;-0.3383521;3.451973;
HipLeft;1.722827;-0.3051198;3.325775;
KneeRight;1.762791;-0.6320846;3.315229;
KneeLeft;1.753716;-0.8162283;3.22366;
AnkleRight;1.739529;-0.9543349;3.225473;
AnkleLeft;1.718386;-1.054302;3.145349;
FootRight;1.816611;-0.9969327;3.173351;
FootLeft;1.729977;-1.007707;3.217883;
Head;1.841748;0.3256137;3.354434;
ShoulderCenter;1.832371;0.146613;3.421278;
ShoulderRight;1.915946;0.04061456;3.616652;
ShoulderLeft;1.748405;0.01683401;3.370119;
ElbowRight;1.845849;-0.117142;3.341797;
ElbowLeft;1.784955;-0.1989482;3.304317;
WristRight;1.794038;-0.2337447;3.145364;
WristLeft;1.830781;-0.4694963;3.24359;
HandRight;1.780569;-0.264058;3.098172;
HandLeft;1.843906;-0.5469859;3.230466;
Spine;1.820006;-0.2853827;3.389219;
HipCenter;1.817533;-0.3717818;3.386451;
HipRight;1.862157;-0.4050023;3.374941;
HipLeft;1.770701;-0.4156483;3.390565;
KneeRight;1.774415;-0.6259171;3.320555;
KneeLeft;1.842171;-0.9698936;3.207627;
AnkleRight;1.744441;-0.9523222;3.23009;
AnkleLeft;1.806841;-1.207967;3.129317;
FootRight;1.821249;-0.9955969;3.178317;
FootLeft;1.76983;-1.104971;3.172277;
