Floor;-0.03132286;0.9993287;0.01899778;1.093028;
Head;1.076401;0.5315518;3.011606;
ShoulderCenter;1.167614;0.3660341;2.961747;
ShoulderRight;1.224533;0.2420877;2.817082;
ShoulderLeft;1.134862;0.2087333;3.105123;
ElbowRight;1.283513;0.03033951;2.654821;
ElbowLeft;1.085835;-0.1316259;3.125974;
WristRight;1.19834;-0.2313989;2.625003;
WristLeft;1.015764;-0.3784432;3.098794;
HandRight;1.159711;-0.3142824;2.621029;
HandLeft;0.9924068;-0.4607157;3.09472;
Spine;1.136696;-0.02876632;2.926382;
HipCenter;1.130513;-0.1077264;2.922965;
HipRight;1.14481;-0.1752908;2.841793;
HipLeft;1.104458;-0.1903003;2.987107;
KneeRight;1.094585;-0.6931422;2.786171;
KneeLeft;1.276981;-0.6907215;2.893246;
AnkleRight;1.198653;-1.073002;2.761125;
AnkleLeft;1.331478;-1.055273;2.852917;
FootRight;1.117016;-1.128945;2.792272;
FootLeft;1.229462;-1.113523;2.901019;
Head;1.058122;0.5281344;3.014145;
ShoulderCenter;1.149434;0.3614127;2.968991;
ShoulderRight;1.200325;0.2366607;2.813365;
ShoulderLeft;1.114762;0.2418159;3.137271;
ElbowRight;1.268672;0.026548;2.657334;
ElbowLeft;1.055355;-0.09747504;3.113913;
WristRight;1.166899;-0.2436891;2.633373;
WristLeft;0.9675815;-0.3355981;3.119697;
HandRight;1.122338;-0.3462601;2.638263;
HandLeft;0.9283744;-0.4054799;3.099085;
Spine;1.115412;-0.03300151;2.924258;
HipCenter;1.108054;-0.1119789;2.918776;
HipRight;1.115303;-0.1865582;2.83459;
HipLeft;1.08512;-0.1875245;2.981628;
KneeRight;1.081833;-0.6861333;2.794922;
KneeLeft;1.107606;-0.6945782;2.837369;
AnkleRight;1.085675;-1.071709;2.74294;
AnkleLeft;1.276282;-1.087057;2.846543;
FootRight;1.001615;-1.122587;2.792412;
FootLeft;1.252434;-1.163785;2.85902;
Head;0.981335;0.5044593;3.002843;
ShoulderCenter;1.110605;0.3513861;2.96263;
ShoulderRight;1.160238;0.2374167;2.812448;
ShoulderLeft;1.060944;0.2064562;3.089408;
ElbowRight;1.230724;0.01719715;2.661546;
ElbowLeft;1.008973;-0.1148198;3.140392;
WristRight;1.147644;-0.2376953;2.6288;
WristLeft;0.8985545;-0.3419387;3.096291;
HandRight;1.099848;-0.3396286;2.627592;
HandLeft;0.8517713;-0.4066537;3.07287;
Spine;1.079554;-0.04001909;2.911984;
HipCenter;1.073604;-0.1182671;2.905655;
HipRight;1.093944;-0.1848733;2.826732;
HipLeft;1.041613;-0.1978967;2.962032;
KneeRight;0.9681165;-0.6859939;2.789862;
KneeLeft;1.045312;-0.7152618;2.822414;
AnkleRight;0.9380684;-1.064841;2.719357;
AnkleLeft;0.9270089;-1.067567;2.721637;
FootRight;0.8607777;-1.122615;2.778355;
FootLeft;0.8419262;-1.110298;2.690771;
Head;0.9671974;0.5107738;2.993705;
ShoulderCenter;1.080435;0.3467946;2.962786;
ShoulderRight;1.139205;0.2326792;2.810209;
ShoulderLeft;1.019946;0.2105386;3.1428;
ElbowRight;1.202642;0.004642111;2.664186;
ElbowLeft;0.9760829;-0.1085496;3.134804;
WristRight;1.098133;-0.2546957;2.630147;
WristLeft;0.8512076;-0.3246751;3.078878;
HandRight;1.068918;-0.3387375;2.609728;
HandLeft;0.8220035;-0.3524986;3.064865;
Spine;1.047597;-0.03532123;2.907834;
HipCenter;1.040471;-0.111546;2.900389;
HipRight;1.056162;-0.1817758;2.814798;
HipLeft;1.01077;-0.1918263;2.959788;
KneeRight;0.9907011;-0.6128204;2.773178;
KneeLeft;1.023135;-0.7149358;2.822786;
AnkleRight;1.241182;-1.004205;2.833548;
AnkleLeft;0.815092;-1.062863;2.716766;
FootRight;1.153913;-1.047802;2.801409;
FootLeft;0.727823;-1.10646;2.684627;
Head;0.954102;0.5177407;2.987278;
ShoulderCenter;1.038855;0.3408227;2.959354;
ShoulderRight;1.085539;0.2228672;2.807307;
ShoulderLeft;0.978164;0.2020164;3.065295;
ElbowRight;1.161227;-0.01149805;2.668842;
ElbowLeft;0.9323261;-0.1094448;3.127109;
WristRight;1.087906;-0.2554587;2.629963;
WristLeft;0.797403;-0.3160909;3.056088;
HandRight;1.051367;-0.3482384;2.617906;
HandLeft;0.768504;-0.3332466;3.04065;
Spine;0.9990466;-0.0316842;2.921684;
HipCenter;0.9918322;-0.1060783;2.9178;
HipRight;1.009106;-0.172394;2.841333;
HipLeft;0.9607868;-0.1817769;2.976436;
KneeRight;1.202846;-0.7123776;2.89261;
KneeLeft;0.9910454;-0.7275556;2.821259;
AnkleRight;1.278744;-1.060997;2.846174;
AnkleLeft;0.7198209;-1.0596;2.718812;
FootRight;1.191153;-1.105333;2.808978;
FootLeft;0.6322305;-1.103936;2.681616;
Head;0.8758937;0.4992772;2.979203;
ShoulderCenter;0.9944798;0.334886;2.949866;
ShoulderRight;1.067967;0.2176551;2.80162;
ShoulderLeft;0.945071;0.2014929;3.0773;
ElbowRight;1.12642;-0.01484628;2.661815;
ElbowLeft;0.8963863;-0.1128118;3.121433;
WristRight;1.056114;-0.2566978;2.625864;
WristLeft;0.7627983;-0.3153551;3.035919;
HandRight;1.016938;-0.361284;2.626216;
HandLeft;0.73739;-0.3401485;3.042092;
Spine;0.9641721;-0.04315967;2.900813;
HipCenter;0.9570956;-0.1190762;2.894037;
HipRight;0.9797779;-0.1845906;2.819481;
HipLeft;0.9227417;-0.1920885;2.946903;
KneeRight;1.17542;-0.7275223;2.8931;
KneeLeft;1.085326;-0.7023695;2.859827;
AnkleRight;1.279142;-1.063859;2.8459;
AnkleLeft;0.7275333;-1.007334;2.751284;
FootRight;1.191069;-1.109073;2.805492;
FootLeft;0.6394596;-1.052548;2.710877;
Head;0.8342152;0.503308;2.963159;
ShoulderCenter;0.9490276;0.3320411;2.941952;
ShoulderRight;1.017225;0.2041914;2.795359;
ShoulderLeft;0.8899688;0.1795838;3.059138;
ElbowRight;1.091817;-0.01962838;2.657606;
ElbowLeft;0.8454074;-0.1134398;3.108429;
WristRight;1.026122;-0.2610867;2.624207;
WristLeft;0.7222834;-0.3278952;3.051119;
HandRight;0.9903302;-0.3702216;2.622121;
HandLeft;0.6869372;-0.3354431;3.042843;
Spine;0.9248384;-0.05314337;2.889282;
HipCenter;0.9206176;-0.1299025;2.882565;
HipRight;0.9444978;-0.1953316;2.80549;
HipLeft;0.8872772;-0.2059974;2.936848;
KneeRight;1.153814;-0.7254748;2.892354;
KneeLeft;0.9237564;-0.7228895;2.819783;
AnkleRight;1.275074;-1.057369;2.846007;
AnkleLeft;0.6655687;-1.066812;2.751009;
FootRight;1.231987;-1.138027;2.852638;
FootLeft;0.5829462;-1.104128;2.737327;
Head;0.8228855;0.5015374;2.966502;
ShoulderCenter;0.9249383;0.3307203;2.930421;
ShoulderRight;0.980437;0.1993211;2.786787;
ShoulderLeft;0.8565739;0.18577;3.060507;
ElbowRight;1.05715;-0.02645345;2.65673;
ElbowLeft;0.7993481;-0.1176574;3.075359;
WristRight;0.9824967;-0.26429;2.624752;
WristLeft;0.6973259;-0.3445726;3.037455;
HandRight;0.9615278;-0.3761918;2.618394;
HandLeft;0.6146266;-0.4189411;3.012309;
Spine;0.8868106;-0.05525491;2.874682;
HipCenter;0.8782219;-0.1324926;2.866887;
HipRight;0.9002159;-0.1979814;2.792515;
HipLeft;0.842721;-0.2033222;2.918527;
KneeRight;1.130895;-0.7359865;2.892132;
KneeLeft;0.9145563;-0.7228803;2.822794;
AnkleRight;1.263508;-1.056215;2.848388;
AnkleLeft;0.6628973;-1.070544;2.757229;
FootRight;1.233689;-1.142751;2.847738;
FootLeft;0.5597419;-1.128297;2.794101;
Head;0.7707641;0.4986472;2.943872;
ShoulderCenter;0.8640541;0.3181457;2.9094;
ShoulderRight;0.9409148;0.1999911;2.778986;
ShoulderLeft;0.7955841;0.1570324;3.014421;
ElbowRight;1.016201;-0.04187261;2.656593;
ElbowLeft;0.754481;-0.1490134;3.073751;
WristRight;0.9409143;-0.282383;2.614664;
WristLeft;0.6407896;-0.3680135;3.018778;
HandRight;0.9309695;-0.3958964;2.604252;
HandLeft;0.6028925;-0.4410135;3.005335;
Spine;0.8345816;-0.06661622;2.863383;
HipCenter;0.8286871;-0.1435686;2.857759;
HipRight;0.8595332;-0.2006606;2.789159;
HipLeft;0.7918673;-0.2203096;2.907447;
KneeRight;1.097365;-0.7662365;2.892133;
KneeLeft;0.8757762;-0.7274784;2.828149;
AnkleRight;1.252465;-1.069374;2.836444;
AnkleLeft;0.6566032;-1.076193;2.764969;
FootRight;1.195036;-1.003799;2.810776;
FootLeft;0.5928283;-1.135004;2.792007;
Head;0.7355155;0.4944429;2.936873;
ShoulderCenter;0.8369958;0.3229031;2.904477;
ShoulderRight;0.9073777;0.2044658;2.772182;
ShoulderLeft;0.7679286;0.2016722;2.998646;
ElbowRight;0.9641896;-0.04800313;2.650909;
ElbowLeft;0.7187458;-0.1305281;3.031236;
WristRight;0.9198048;-0.2939905;2.601881;
WristLeft;0.6542792;-0.372714;3.045829;
HandRight;0.9040961;-0.4077565;2.595492;
HandLeft;0.6327903;-0.4534427;3.055568;
Spine;0.7943448;-0.05934454;2.845508;
HipCenter;0.7853031;-0.1356931;2.836602;
HipRight;0.8088784;-0.1763718;2.778171;
HipLeft;0.7501861;-0.2074067;2.874697;
KneeRight;1.011351;-0.7359209;2.889015;
KneeLeft;0.8467181;-0.7337345;2.824704;
AnkleRight;1.243434;-1.088788;2.875203;
AnkleLeft;0.6537862;-1.076246;2.768996;
FootRight;1.169742;-1.138144;2.856406;
FootLeft;0.5719599;-1.141617;2.832847;
Head;0.7004991;0.4996095;2.914412;
ShoulderCenter;0.7900251;0.3357683;2.890154;
ShoulderRight;0.8569663;0.2124859;2.764234;
ShoulderLeft;0.7274483;0.2064728;2.986154;
ElbowRight;0.9217774;-0.05057129;2.648325;
ElbowLeft;0.6800945;-0.1275573;2.962197;
WristRight;0.8681364;-0.3114772;2.597888;
WristLeft;0.6347545;-0.3447313;3.061496;
HandRight;0.8592563;-0.4076715;2.594666;
HandLeft;0.5948039;-0.4160558;3.04426;
Spine;0.7495729;-0.05870766;2.841474;
HipCenter;0.7415163;-0.1374422;2.83514;
HipRight;0.7673408;-0.177782;2.781004;
HipLeft;0.7036414;-0.2050109;2.873004;
KneeRight;0.9185362;-0.6005607;2.865816;
KneeLeft;0.7481854;-0.7366957;2.800747;
AnkleRight;1.163186;-0.9966606;2.865487;
AnkleLeft;0.6535151;-1.075687;2.770303;
FootRight;1.080467;-1.040948;2.815396;
FootLeft;0.5667751;-1.142632;2.824672;
Head;0.6402293;0.4881982;2.910314;
ShoulderCenter;0.762168;0.3321401;2.881044;
ShoulderRight;0.8116507;0.2015589;2.743934;
ShoulderLeft;0.6827396;0.2096025;2.984096;
ElbowRight;0.8763385;-0.03704981;2.631021;
ElbowLeft;0.6483492;-0.1274226;2.969666;
WristRight;0.8331636;-0.2933908;2.592092;
WristLeft;0.6040023;-0.3569556;3.045419;
HandRight;0.8422747;-0.4056348;2.592411;
HandLeft;0.5863947;-0.4382951;3.046881;
Spine;0.7207266;-0.05177511;2.837931;
HipCenter;0.7119063;-0.1283403;2.8328;
HipRight;0.7321959;-0.1783896;2.767258;
HipLeft;0.6757349;-0.2036924;2.879778;
KneeRight;0.8325177;-0.6740147;2.862116;
KneeLeft;0.7449148;-0.7363241;2.802665;
AnkleRight;1.107335;-0.9967866;2.866944;
AnkleLeft;0.6503607;-1.072616;2.772701;
FootRight;1.110876;-1.093131;2.896546;
FootLeft;0.5829512;-1.143903;2.850024;
Head;0.6232057;0.4999473;2.902205;
ShoulderCenter;0.707936;0.3386055;2.866168;
ShoulderRight;0.780889;0.2116949;2.737147;
ShoulderLeft;0.6286206;0.1635457;2.943233;
ElbowRight;0.8452841;-0.03275321;2.625897;
ElbowLeft;0.5901788;-0.1691072;2.93065;
WristRight;0.7870335;-0.2731386;2.5964;
WristLeft;0.5778793;-0.3893561;3.02896;
HandRight;0.7838075;-0.3855089;2.59438;
HandLeft;0.5741001;-0.4592232;3.073799;
Spine;0.6715357;-0.0558195;2.847406;
HipCenter;0.6642556;-0.1347045;2.847214;
HipRight;0.6940643;-0.1917921;2.782015;
HipLeft;0.6250275;-0.2108692;2.901751;
KneeRight;0.7785429;-0.6922724;2.873026;
KneeLeft;0.6781355;-0.782522;2.771324;
AnkleRight;1.049598;-0.9906392;2.87649;
AnkleLeft;0.643433;-1.119908;2.774707;
FootRight;1.035367;-1.082069;2.889424;
FootLeft;0.5669786;-1.165791;2.864305;
Head;0.5724554;0.5085027;2.892451;
ShoulderCenter;0.6707952;0.3382994;2.861306;
ShoulderRight;0.7409434;0.210389;2.732018;
ShoulderLeft;0.5914798;0.1632397;2.938371;
ElbowRight;0.8058934;-0.03433411;2.617184;
ElbowLeft;0.5774269;-0.1692736;2.958896;
WristRight;0.7320246;-0.2877202;2.59678;
WristLeft;0.5586228;-0.3961974;3.044236;
HandRight;0.73204;-0.3861536;2.589289;
HandLeft;0.5359129;-0.4615949;3.088559;
Spine;0.642084;-0.05564207;2.840186;
HipCenter;0.6361876;-0.134442;2.839584;
HipRight;0.6646402;-0.1944923;2.774172;
HipLeft;0.5960916;-0.2095994;2.893847;
KneeRight;0.6376384;-0.6825746;2.752478;
KneeLeft;0.5539823;-0.6617678;2.916743;
AnkleRight;0.9597301;-0.9846728;2.8695;
AnkleLeft;0.6438806;-1.070896;2.766302;
FootRight;0.9518802;-1.095462;2.903456;
FootLeft;0.578734;-1.145824;2.843604;
Head;0.5527924;0.5096169;2.891386;
ShoulderCenter;0.6372281;0.3447376;2.855441;
ShoulderRight;0.7122846;0.2182101;2.728645;
ShoulderLeft;0.5579127;0.1696779;2.932506;
ElbowRight;0.7533137;-0.02920773;2.608592;
ElbowLeft;0.5495442;-0.1631243;2.958298;
WristRight;0.6873255;-0.2695021;2.585938;
WristLeft;0.5339227;-0.3925108;3.040173;
HandRight;0.6730088;-0.3624366;2.577788;
HandLeft;0.5114349;-0.4572688;3.084062;
Spine;0.60751;-0.05263138;2.836224;
HipCenter;0.6016055;-0.1321145;2.835958;
HipRight;0.6330453;-0.1910836;2.774365;
HipLeft;0.5610977;-0.2038148;2.887998;
KneeRight;0.6368336;-0.6835082;2.752319;
KneeLeft;0.526418;-0.6596911;2.914964;
AnkleRight;0.8877608;-1.014398;2.874166;
AnkleLeft;0.6345068;-1.073075;2.763885;
FootRight;0.7750331;-1.060334;2.843215;
FootLeft;0.5802885;-1.14534;2.851141;
Head;0.4848573;0.5064842;2.871325;
ShoulderCenter;0.6030459;0.3506447;2.850016;
ShoulderRight;0.6610722;0.221096;2.720491;
ShoulderLeft;0.5181666;0.1467499;2.901605;
ElbowRight;0.7205834;-0.01849932;2.604566;
ElbowLeft;0.5217372;-0.1657646;2.951329;
WristRight;0.642973;-0.2692036;2.573703;
WristLeft;0.5038154;-0.3950002;3.032957;
HandRight;0.6311889;-0.3578427;2.572684;
HandLeft;0.4816241;-0.4589044;3.076267;
Spine;0.582222;-0.05959341;2.832438;
HipCenter;0.5772472;-0.1414598;2.83236;
HipRight;0.6051438;-0.2005631;2.771772;
HipLeft;0.5420798;-0.2123671;2.884399;
KneeRight;0.6320557;-0.6894857;2.751619;
KneeLeft;0.4852337;-0.6656215;2.909779;
AnkleRight;0.8857157;-1.017059;2.873872;
AnkleLeft;0.6402154;-1.067054;2.74865;
FootRight;0.7731085;-1.061345;2.841708;
FootLeft;0.5790776;-1.139606;2.830348;
Head;0.4659504;0.508321;2.875722;
ShoulderCenter;0.5701921;0.3591048;2.845802;
ShoulderRight;0.6433011;0.2242394;2.718901;
ShoulderLeft;0.4952347;0.1530415;2.898859;
ElbowRight;0.6705891;-0.01184883;2.599186;
ElbowLeft;0.4868856;-0.1614145;2.940703;
WristRight;0.6103218;-0.2531736;2.572375;
WristLeft;0.47043;-0.390513;3.022304;
HandRight;0.575757;-0.3554281;2.57585;
HandLeft;0.4483775;-0.4540173;3.065343;
Spine;0.5526161;-0.05719269;2.826518;
HipCenter;0.5493774;-0.1403468;2.826346;
HipRight;0.5802544;-0.1986379;2.763618;
HipLeft;0.5119615;-0.216741;2.879952;
KneeRight;0.6239139;-0.6980253;2.753853;
KneeLeft;0.4676284;-0.6825823;2.908576;
AnkleRight;0.6569555;-1.056172;2.756664;
AnkleLeft;0.5896862;-1.060153;2.885953;
FootRight;0.6059621;-1.126748;2.786917;
FootLeft;0.5730762;-1.148756;2.898055;
Head;0.4250862;0.5085549;2.878017;
ShoulderCenter;0.5302067;0.359025;2.840682;
ShoulderRight;0.5897433;0.222546;2.710404;
ShoulderLeft;0.4490414;0.1539497;2.892967;
ElbowRight;0.6360853;-0.005845472;2.594625;
ElbowLeft;0.4486283;-0.1624101;2.934831;
WristRight;0.5571634;-0.2415166;2.569803;
WristLeft;0.4311892;-0.3912694;3.016023;
HandRight;0.520162;-0.3424378;2.571738;
HandLeft;0.409236;-0.4544876;3.058869;
Spine;0.5163283;-0.05954811;2.830027;
HipCenter;0.513104;-0.1432562;2.831462;
HipRight;0.5417573;-0.2049727;2.76761;
HipLeft;0.47901;-0.2208625;2.888466;
KneeRight;0.616966;-0.7045463;2.754232;
KneeLeft;0.4331215;-0.7134852;2.906824;
AnkleRight;0.656711;-1.062204;2.761234;
AnkleLeft;0.5315322;-1.097504;2.894084;
FootRight;0.6039221;-1.13379;2.779965;
FootLeft;0.5203927;-1.176584;2.937494;
Head;0.3876062;0.508427;2.888857;
ShoulderCenter;0.4985787;0.3603657;2.838342;
ShoulderRight;0.5654403;0.2243418;2.70684;
ShoulderLeft;0.4218372;0.1552237;2.891099;
ElbowRight;0.5871042;-0.006465614;2.58848;
ElbowLeft;0.4143032;-0.1511929;2.97307;
WristRight;0.5071196;-0.2415776;2.565465;
WristLeft;0.3973239;-0.3798203;3.054185;
HandRight;0.4690197;-0.3416789;2.566444;
HandLeft;0.3754517;-0.4428054;3.096873;
Spine;0.4949992;-0.0548783;2.826098;
HipCenter;0.4940177;-0.1381276;2.827366;
HipRight;0.5241578;-0.2027034;2.75945;
HipLeft;0.4624514;-0.2204982;2.887686;
KneeRight;0.6004748;-0.7084562;2.752865;
KneeLeft;0.4005295;-0.7156217;2.905715;
AnkleRight;0.657461;-1.067655;2.764377;
AnkleLeft;0.4497664;-1.088593;2.902499;
FootRight;0.6022833;-1.134661;2.781459;
FootLeft;0.4966581;-1.158616;2.87559;
Head;0.3371641;0.4935574;2.888838;
ShoulderCenter;0.4617309;0.3583277;2.843119;
ShoulderRight;0.5224497;0.2226582;2.706664;
ShoulderLeft;0.3823125;0.1532106;2.895962;
ElbowRight;0.5407282;-0.01973463;2.587326;
ElbowLeft;0.3780631;-0.1545584;2.98307;
WristRight;0.4603206;-0.2548661;2.567417;
WristLeft;0.361079;-0.3832502;3.064176;
HandRight;0.4114196;-0.3497121;2.562983;
HandLeft;0.3392698;-0.4460536;3.10674;
Spine;0.4583805;-0.05792608;2.827424;
HipCenter;0.4578709;-0.1411874;2.827913;
HipRight;0.4891096;-0.2102688;2.75257;
HipLeft;0.4226616;-0.2293473;2.894225;
KneeRight;0.5754955;-0.709322;2.759301;
KneeLeft;0.3508364;-0.7257293;2.901838;
AnkleRight;0.6570469;-1.070893;2.768554;
AnkleLeft;0.3110504;-1.101943;2.912704;
FootRight;0.6014824;-1.137241;2.787673;
FootLeft;0.2361738;-1.147958;2.856596;
Head;0.3253479;0.509001;2.896057;
ShoulderCenter;0.4120113;0.3528266;2.844203;
ShoulderRight;0.4868636;0.2255886;2.70688;
ShoulderLeft;0.3347954;0.1479123;2.896857;
ElbowRight;0.506338;-0.004116863;2.585475;
ElbowLeft;0.3427772;-0.1583241;2.98803;
WristRight;0.4124023;-0.2338584;2.562061;
WristLeft;0.3258067;-0.3868325;3.069038;
HandRight;0.3656267;-0.3298309;2.563154;
HandLeft;0.3040043;-0.4496169;3.11159;
Spine;0.4278684;-0.06085561;2.822359;
HipCenter;0.4302462;-0.1437105;2.821932;
HipRight;0.4674473;-0.2041532;2.753692;
HipLeft;0.3952687;-0.2276684;2.878783;
KneeRight;0.5419006;-0.7183852;2.775711;
KneeLeft;0.3163812;-0.7328113;2.900872;
AnkleRight;0.6535358;-1.07479;2.772387;
AnkleLeft;0.1877827;-1.101645;2.915031;
FootRight;0.5979123;-1.142018;2.789318;
FootLeft;0.115516;-1.148488;2.85572;
Head;0.2779447;0.5003217;2.880998;
ShoulderCenter;0.3886017;0.3510106;2.844798;
ShoulderRight;0.4513474;0.2220192;2.708547;
ShoulderLeft;0.3098916;0.1459547;2.897484;
ElbowRight;0.4583516;-0.01281361;2.585155;
ElbowLeft;0.2730273;-0.1469655;2.914973;
WristRight;0.3648119;-0.2422596;2.570547;
WristLeft;0.256096;-0.3749463;2.995762;
HandRight;0.3116325;-0.334751;2.56843;
HandLeft;0.2343056;-0.4376958;3.03829;
Spine;0.4082585;-0.06138867;2.809503;
HipCenter;0.4113807;-0.1439121;2.805682;
HipRight;0.4476817;-0.1971843;2.729395;
HipLeft;0.3795259;-0.2334568;2.864035;
KneeRight;0.5048393;-0.717957;2.793839;
KneeLeft;0.2636026;-0.7312641;2.902359;
AnkleRight;0.6477221;-1.074574;2.773718;
AnkleLeft;0.08935661;-1.098074;2.917093;
FootRight;0.5967115;-1.14603;2.789706;
FootLeft;0.01462066;-1.144843;2.860086;
Head;0.2433668;0.4905149;2.897239;
ShoulderCenter;0.3482603;0.3445114;2.858197;
ShoulderRight;0.4226725;0.2212265;2.711276;
ShoulderLeft;0.2702895;0.1395324;2.910753;
ElbowRight;0.4226226;-0.01130299;2.582257;
ElbowLeft;0.2442223;-0.1502569;2.916947;
WristRight;0.3142678;-0.252377;2.572743;
WristLeft;0.2140078;-0.3901197;2.850952;
HandRight;0.251876;-0.3384132;2.561662;
HandLeft;0.1866477;-0.4618976;2.832593;
Spine;0.3562713;-0.06325658;2.821574;
HipCenter;0.3585045;-0.1447085;2.817651;
HipRight;0.3963278;-0.2046091;2.737477;
HipLeft;0.3248646;-0.2373892;2.880226;
KneeRight;0.5024005;-0.7179503;2.790828;
KneeLeft;0.2415919;-0.7300122;2.900751;
AnkleRight;0.6470959;-1.075396;2.774167;
AnkleLeft;0.05096568;-1.096909;2.910062;
FootRight;0.5941659;-1.145498;2.791927;
FootLeft;-0.02422756;-1.143133;2.852397;
Head;0.1933696;0.479949;2.906221;
ShoulderCenter;0.3156703;0.344702;2.859312;
ShoulderRight;0.3791425;0.2136808;2.721056;
ShoulderLeft;0.2371828;0.1396799;2.911972;
ElbowRight;0.3902842;-0.01639989;2.591073;
ElbowLeft;0.1950119;-0.1467374;2.940508;
WristRight;0.2751032;-0.2566541;2.579345;
WristLeft;0.1683086;-0.385725;2.871466;
HandRight;0.2149519;-0.3449782;2.576481;
HandLeft;0.1409368;-0.4575336;2.853099;
Spine;0.3295326;-0.06618866;2.820459;
HipCenter;0.3318905;-0.1483345;2.816266;
HipRight;0.3689669;-0.2054709;2.738084;
HipLeft;0.2991559;-0.2417429;2.87677;
KneeRight;0.4965029;-0.7218581;2.780473;
KneeLeft;0.2067473;-0.7202263;2.900029;
AnkleRight;0.6449152;-1.077416;2.776384;
AnkleLeft;0.04601508;-1.098143;2.906095;
FootRight;0.5913199;-1.147039;2.795663;
FootLeft;0.06419411;-1.177911;2.868704;
Head;0.1685913;0.4830709;2.913479;
ShoulderCenter;0.2778623;0.338661;2.864091;
ShoulderRight;0.3446259;0.2081335;2.724587;
ShoulderLeft;0.1997149;0.1336552;2.916741;
ElbowRight;0.3435395;-0.01951589;2.603168;
ElbowLeft;0.1642171;-0.151688;2.937474;
WristRight;0.215505;-0.2712792;2.58143;
WristLeft;0.1409367;-0.3925393;2.880123;
HandRight;0.164645;-0.3579834;2.585074;
HandLeft;0.1136687;-0.4640754;2.861826;
Spine;0.2830918;-0.07647436;2.831681;
HipCenter;0.2845456;-0.1594756;2.828835;
HipRight;0.3215959;-0.2129624;2.760658;
HipLeft;0.251845;-0.2412234;2.883078;
KneeRight;0.472327;-0.7269509;2.763341;
KneeLeft;0.1640062;-0.7564444;2.909265;
AnkleRight;0.6396564;-1.078881;2.78094;
AnkleLeft;0.05097704;-1.095184;2.898196;
FootRight;0.5791829;-1.145439;2.790336;
FootLeft;-0.05902851;-1.138473;2.929651;
Head;0.1261663;0.4850434;2.919538;
ShoulderCenter;0.2259687;0.3326198;2.879476;
ShoulderRight;0.2950003;0.2007158;2.733371;
ShoulderLeft;0.1476808;0.127586;2.932149;
ElbowRight;0.2958704;-0.0315213;2.614576;
ElbowLeft;0.1197592;-0.1562264;2.932682;
WristRight;0.1997752;-0.2628737;2.585521;
WristLeft;0.08379641;-0.3948785;2.875541;
HandRight;0.1414095;-0.3518372;2.583517;
HandLeft;0.05654756;-0.4663645;2.857258;
Spine;0.2403462;-0.06656785;2.841041;
HipCenter;0.2429421;-0.146544;2.837082;
HipRight;0.2807764;-0.2143183;2.748447;
HipLeft;0.2084763;-0.2472094;2.907597;
KneeRight;0.4475415;-0.7349975;2.758094;
KneeLeft;0.1517821;-0.7530858;2.911612;
AnkleRight;0.62337;-1.072046;2.778123;
AnkleLeft;0.05747167;-1.083658;2.883983;
FootRight;0.5817416;-1.14899;2.796263;
FootLeft;-0.02426946;-1.136668;2.908638;
Head;0.08950999;0.4873503;2.936321;
ShoulderCenter;0.2017263;0.3394892;2.887019;
ShoulderRight;0.2628672;0.2136445;2.749742;
ShoulderLeft;0.1234384;0.1344554;2.939692;
ElbowRight;0.2698805;-0.02699375;2.620055;
ElbowLeft;0.07221839;-0.1761135;2.929129;
WristRight;0.1304159;-0.2984794;2.594898;
WristLeft;0.04125505;-0.4155023;2.872224;
HandRight;0.08858252;-0.3625785;2.58013;
HandLeft;0.01425;-0.4863487;2.854104;
Spine;0.2029559;-0.07933698;2.844974;
HipCenter;0.2017739;-0.1645264;2.840025;
HipRight;0.235695;-0.2100705;2.779354;
HipLeft;0.166074;-0.2427373;2.886046;
KneeRight;0.3716229;-0.7420338;2.773147;
KneeLeft;0.1144981;-0.7363509;2.909908;
AnkleRight;0.6120777;-1.070801;2.774539;
AnkleLeft;0.05740055;-1.078482;2.87745;
FootRight;0.5817556;-1.152924;2.785429;
FootLeft;-0.02372921;-1.137273;2.908227;
Head;0.05551422;0.4981309;2.927319;
ShoulderCenter;0.1529022;0.3451584;2.902488;
ShoulderRight;0.2235154;0.2135072;2.751571;
ShoulderLeft;0.07461436;0.1401246;2.955161;
ElbowRight;0.2254307;-0.02327354;2.632432;
ElbowLeft;0.03591765;-0.1468673;2.928341;
WristRight;0.1245402;-0.2501036;2.599929;
WristLeft;-0.01060271;-0.3868418;2.920157;
HandRight;0.08009824;-0.344659;2.585734;
HandLeft;-0.03760045;-0.457669;2.902042;
Spine;0.1605102;-0.06315124;2.856384;
HipCenter;0.1624085;-0.1451842;2.850671;
HipRight;0.2017035;-0.1994481;2.771672;
HipLeft;0.1296868;-0.2417356;2.91003;
KneeRight;0.2986271;-0.7365708;2.777756;
KneeLeft;0.083518;-0.7339109;2.903225;
AnkleRight;0.5974071;-1.065773;2.770539;
AnkleLeft;0.05599597;-1.077507;2.874287;
FootRight;0.5360613;-1.130582;2.791997;
FootLeft;-0.02775632;-1.145168;2.926642;
Head;0.009286811;0.5091727;2.955574;
ShoulderCenter;0.1140611;0.354461;2.901649;
ShoulderRight;0.1705319;0.2158379;2.753487;
ShoulderLeft;0.03577328;0.1494272;2.954322;
ElbowRight;0.199425;-0.0214833;2.64493;
ElbowLeft;-0.01289512;-0.1504976;2.953432;
WristRight;0.0978936;-0.2504713;2.601999;
WristLeft;0.01149794;-0.3889647;2.891698;
HandRight;0.04643608;-0.3419808;2.593214;
HandLeft;-0.01547763;-0.4597338;2.873598;
Spine;0.1253285;-0.07068463;2.849459;
HipCenter;0.126469;-0.1559395;2.842419;
HipRight;0.1614108;-0.1997918;2.779381;
HipLeft;0.08902831;-0.2326328;2.885568;
KneeRight;0.2486674;-0.7355182;2.758477;
KneeLeft;0.04497934;-0.7344123;2.90292;
AnkleRight;0.5206744;-1.031236;2.753297;
AnkleLeft;0.05106379;-1.080811;2.874451;
FootRight;0.5051385;-1.117995;2.758844;
FootLeft;-0.02698886;-1.149708;2.933079;
Head;-0.0122835;0.5090331;2.953808;
ShoulderCenter;0.08738206;0.3564175;2.905001;
ShoulderRight;0.1582642;0.2194181;2.756071;
ShoulderLeft;0.009094216;0.1513837;2.957674;
ElbowRight;0.1577409;-0.01751409;2.649285;
ElbowLeft;-0.03856877;-0.150506;2.946921;
WristRight;0.059863;-0.2502217;2.608649;
WristLeft;-0.09820622;-0.3868659;2.942887;
HandRight;0.0143547;-0.3448937;2.603354;
HandLeft;-0.1211206;-0.4611129;2.940534;
Spine;0.07221408;-0.05689263;2.874744;
HipCenter;0.07111213;-0.1396963;2.87207;
HipRight;0.1041628;-0.19647;2.794929;
HipLeft;0.03602571;-0.2358923;2.93415;
KneeRight;0.1805135;-0.7259861;2.748863;
KneeLeft;0.01579392;-0.7301587;2.897255;
AnkleRight;0.4529252;-1.007574;2.743963;
AnkleLeft;0.04670636;-1.082443;2.875338;
FootRight;0.4332216;-1.104508;2.757744;
FootLeft;-0.02964593;-1.152686;2.935474;
Head;-0.06113332;0.507263;2.960946;
ShoulderCenter;0.04168041;0.3582211;2.909868;
ShoulderRight;0.1122506;0.2230513;2.766703;
ShoulderLeft;-0.03660743;0.1531873;2.962541;
ElbowRight;0.1314847;-0.01299468;2.646757;
ElbowLeft;-0.08389299;-0.1493925;2.948287;
WristRight;0.03543373;-0.2432278;2.612404;
WristLeft;-0.06654717;-0.3909955;2.905615;
HandRight;-0.005687233;-0.3398899;2.611636;
HandLeft;-0.08943382;-0.4651528;2.903265;
Spine;0.05610291;-0.0650342;2.866778;
HipCenter;0.05614648;-0.1498897;2.861743;
HipRight;0.09804465;-0.1965457;2.794959;
HipLeft;0.01537976;-0.2343471;2.906773;
KneeRight;0.104755;-0.7020403;2.746369;
KneeLeft;-0.02395458;-0.770174;2.883869;
AnkleRight;0.3757206;-1.009761;2.745334;
AnkleLeft;0.04842181;-1.096765;2.878082;
FootRight;0.3638473;-1.096547;2.731816;
FootLeft;-0.03592796;-1.155415;2.939924;
Head;-0.0897662;0.5034125;2.957711;
ShoulderCenter;0.02368047;0.3610665;2.914517;
ShoulderRight;0.08914877;0.2276772;2.774668;
ShoulderLeft;-0.05460736;0.1560327;2.96719;
ElbowRight;0.101497;-0.01683984;2.648661;
ElbowLeft;-0.1022425;-0.1465357;2.952888;
WristRight;-0.0003114045;-0.2502897;2.617687;
WristLeft;-0.153437;-0.3847317;2.946425;
HandRight;-0.05064654;-0.3353285;2.617741;
HandLeft;-0.1766305;-0.4566376;2.96378;
Spine;0.016298;-0.0671706;2.864298;
HipCenter;0.01576544;-0.1531322;2.857399;
HipRight;0.04813087;-0.1924651;2.797936;
HipLeft;-0.01887484;-0.2301712;2.900404;
KneeRight;0.02730481;-0.6962537;2.758585;
KneeLeft;-0.04917736;-0.8325433;2.898396;
AnkleRight;0.296161;-1.003318;2.749931;
AnkleLeft;0.04255766;-1.085034;2.877667;
FootRight;0.2494519;-1.094293;2.738893;
FootLeft;-0.03721349;-1.14259;2.946287;
Head;-0.1397095;0.5033697;2.974243;
ShoulderCenter;-0.02257657;0.3629875;2.923658;
ShoulderRight;0.05843828;0.2295879;2.776513;
ShoulderLeft;-0.1008644;0.1579537;2.97633;
ElbowRight;0.07759538;-0.008767556;2.647639;
ElbowLeft;-0.1484144;-0.1446486;2.961915;
WristRight;-0.01660235;-0.242948;2.62453;
WristLeft;-0.1429751;-0.3848017;2.906145;
HandRight;-0.06812909;-0.3338172;2.616277;
HandLeft;-0.1578075;-0.4599112;2.917861;
Spine;-0.004829344;-0.06777012;2.867374;
HipCenter;-0.002681938;-0.1538539;2.859988;
HipRight;0.03251461;-0.1920345;2.799201;
HipLeft;-0.03524394;-0.2338101;2.903251;
KneeRight;-0.04639215;-0.6864652;2.774789;
KneeLeft;0.07845773;-0.6795617;2.950107;
AnkleRight;0.2120721;-1.027098;2.765062;
AnkleLeft;0.04138833;-1.091662;2.873732;
FootRight;0.1551243;-1.115461;2.756321;
FootLeft;-0.03686876;-1.145424;2.947226;
Head;-0.1565221;0.5076134;2.956087;
ShoulderCenter;-0.04445755;0.3647714;2.92225;
ShoulderRight;0.01685106;0.2288395;2.772539;
ShoulderLeft;-0.1227454;0.1597376;2.974922;
ElbowRight;0.04791402;-0.005625403;2.64875;
ElbowLeft;-0.1703612;-0.1428612;2.96051;
WristRight;-0.06386676;-0.241843;2.624881;
WristLeft;-0.1984027;-0.3798518;2.897118;
HandRight;-0.0987313;-0.3330463;2.617026;
HandLeft;-0.2134538;-0.4552341;2.905148;
Spine;-0.0418456;-0.08493824;2.852724;
HipCenter;-0.04193006;-0.1763235;2.841495;
HipRight;-0.001415605;-0.1969562;2.817939;
HipLeft;-0.07711601;-0.2291012;2.849273;
KneeRight;-0.08371263;-0.7188307;2.797447;
KneeLeft;0.06083684;-0.6910354;2.944818;
AnkleRight;0.09651509;-1.072783;2.791846;
AnkleLeft;-0.007500115;-1.109638;2.862972;
FootRight;0.02737353;-1.128684;2.781236;
FootLeft;-0.06483414;-1.160785;2.956639;
Head;-0.1890963;0.5163281;2.959934;
ShoulderCenter;-0.08410371;0.367057;2.92484;
ShoulderRight;-0.007727308;0.2293197;2.773478;
ShoulderLeft;-0.1623916;0.1620231;2.977513;
ElbowRight;0.01525306;-0.01135727;2.649415;
ElbowLeft;-0.2099795;-0.1405785;2.96308;
WristRight;-0.09115383;-0.2476081;2.631647;
WristLeft;-0.2436692;-0.3815918;2.941047;
HandRight;-0.1237321;-0.3325702;2.615964;
HandLeft;-0.2583362;-0.4569569;2.948332;
Spine;-0.08462749;-0.06710221;2.876931;
HipCenter;-0.08377325;-0.1539893;2.870909;
HipRight;-0.05777706;-0.1858508;2.841052;
HipLeft;-0.1089358;-0.2069247;2.889535;
KneeRight;-0.1142536;-0.7090954;2.828536;
KneeLeft;0.01729298;-0.7133176;2.930257;
AnkleRight;-0.0004648323;-1.094245;2.801359;
AnkleLeft;0.08616088;-1.111155;2.899971;
FootRight;-0.08616753;-1.137975;2.79405;
FootLeft;0.02648437;-1.166363;2.991254;
Head;-0.2287675;0.5163589;2.962602;
ShoulderCenter;-0.115813;0.3684031;2.920619;
ShoulderRight;-0.0352307;0.2312958;2.773786;
ShoulderLeft;-0.1941008;0.1633693;2.973292;
ElbowRight;-0.01439473;-0.01965265;2.654406;
ElbowLeft;-0.2417078;-0.1392315;2.958853;
WristRight;-0.1059062;-0.2450373;2.629128;
WristLeft;-0.2889335;-0.3445389;3.093803;
HandRight;-0.1557333;-0.3154156;2.616151;
HandLeft;-0.3464112;-0.3924194;3.07668;
Spine;-0.1080687;-0.07959356;2.866515;
HipCenter;-0.1076819;-0.169884;2.858721;
HipRight;-0.06573434;-0.1916567;2.845529;
HipLeft;-0.1518239;-0.2266046;2.849138;
KneeRight;-0.05465465;-0.7511729;2.890154;
KneeLeft;-0.01922073;-0.7094347;2.919048;
AnkleRight;-0.05097754;-1.099478;2.827756;
AnkleLeft;0.08277808;-1.110505;2.899343;
FootRight;-0.1605207;-1.122681;2.778445;
FootLeft;0.02304593;-1.165765;2.99071;
Head;-0.2460326;0.5195822;2.960051;
ShoulderCenter;-0.1510415;0.3635556;2.917425;
ShoulderRight;-0.06998513;0.2278732;2.776118;
ShoulderLeft;-0.2293293;0.1585218;2.970098;
ElbowRight;-0.05176283;-0.02650046;2.652613;
ElbowLeft;-0.2769246;-0.1440785;2.955625;
WristRight;-0.1473307;-0.250321;2.628601;
WristLeft;-0.3313841;-0.3242128;3.095384;
HandRight;-0.1875651;-0.3215616;2.628724;
HandLeft;-0.375022;-0.3868173;3.091333;
Spine;-0.1238325;-0.0931778;2.858949;
HipCenter;-0.1197853;-0.1843776;2.850863;
HipRight;-0.07584718;-0.2001307;2.835747;
HipLeft;-0.1609626;-0.2470007;2.851302;
KneeRight;-0.2618408;-0.6958849;2.809612;
KneeLeft;-0.1652334;-0.7413962;2.864376;
AnkleRight;-0.01614244;-1.064567;2.882469;
AnkleLeft;-0.2686323;-1.155336;2.788622;
FootRight;-0.1301427;-1.092047;2.847312;
FootLeft;-0.3422581;-1.20199;2.727506;
Head;-0.3002709;0.5134147;2.954685;
ShoulderCenter;-0.194955;0.3633075;2.917417;
ShoulderRight;-0.1136289;0.2260266;2.771397;
ShoulderLeft;-0.2732428;0.1582737;2.970089;
ElbowRight;-0.07700428;-0.02585266;2.649871;
ElbowLeft;-0.320847;-0.1443274;2.955591;
WristRight;-0.1729645;-0.2496044;2.627048;
WristLeft;-0.3822282;-0.311915;3.106526;
HandRight;-0.2271094;-0.3365634;2.641127;
HandLeft;-0.4238194;-0.3710092;3.081645;
Spine;-0.1579743;-0.09496593;2.858758;
HipCenter;-0.1499358;-0.1864681;2.850668;
HipRight;-0.1044919;-0.2037472;2.839544;
HipLeft;-0.1888033;-0.2465052;2.849636;
KneeRight;-0.02507366;-0.7574641;2.933263;
KneeLeft;-0.2229144;-0.7418104;2.857658;
AnkleRight;0.01296501;-1.091203;2.885888;
AnkleLeft;-0.3875703;-1.104465;2.806262;
FootRight;-0.0007160259;-1.171961;2.847323;
FootLeft;-0.461309;-1.151821;2.745728;
Head;-0.323458;0.5091417;2.952082;
ShoulderCenter;-0.2151022;0.3603945;2.918489;
ShoulderRight;-0.1312672;0.22287;2.774765;
ShoulderLeft;-0.29339;0.1553607;2.971162;
ElbowRight;-0.114348;-0.03017817;2.643667;
ElbowLeft;-0.3409889;-0.14724;2.956624;
WristRight;-0.1974235;-0.259235;2.63074;
WristLeft;-0.4228858;-0.3164234;3.096813;
HandRight;-0.2421752;-0.3524766;2.636963;
HandLeft;-0.4751869;-0.3720908;3.10235;
Spine;-0.2063701;-0.1013676;2.857948;
HipCenter;-0.2030357;-0.1934819;2.84935;
HipRight;-0.159008;-0.2139118;2.83561;
HipLeft;-0.2437269;-0.2515356;2.851073;
KneeRight;-0.03040009;-0.7566153;2.933583;
KneeLeft;-0.2570641;-0.7504961;2.854098;
AnkleRight;0.0107225;-1.089431;2.883572;
AnkleLeft;-0.4910465;-1.106006;2.81959;
FootRight;-0.06356676;-1.135291;2.82242;
FootLeft;-0.5653358;-1.151866;2.758438;
Head;-0.3544774;0.5081257;2.955254;
ShoulderCenter;-0.2632606;0.3472059;2.916785;
ShoulderRight;-0.1691046;0.2174459;2.77138;
ShoulderLeft;-0.3415484;0.1421721;2.969457;
ElbowRight;-0.1426446;-0.0336331;2.641099;
ElbowLeft;-0.3891495;-0.1604293;2.954895;
WristRight;-0.2274168;-0.2620541;2.632316;
WristLeft;-0.4772818;-0.3216067;3.113952;
HandRight;-0.2569696;-0.3289673;2.630697;
HandLeft;-0.5298092;-0.376785;3.109924;
Spine;-0.2559443;-0.0936593;2.855479;
HipCenter;-0.2544775;-0.1818314;2.846855;
HipRight;-0.2124447;-0.2185178;2.847766;
HipLeft;-0.2951261;-0.2283477;2.832606;
KneeRight;-0.04636909;-0.7544354;2.936765;
KneeLeft;-0.3030729;-0.7611925;2.856959;
AnkleRight;0.01037482;-1.086473;2.881418;
AnkleLeft;-0.5845853;-1.116302;2.842446;
FootRight;-0.0627456;-1.131961;2.818548;
FootLeft;-0.6577057;-1.16179;2.779576;
Head;-0.3873236;0.4988073;2.951954;
ShoulderCenter;-0.2855929;0.3456366;2.916236;
ShoulderRight;-0.2079777;0.207219;2.771857;
ShoulderLeft;-0.3638808;0.1406028;2.968909;
ElbowRight;-0.1862789;-0.05641014;2.64362;
ElbowLeft;-0.4114804;-0.1619983;2.95433;
WristRight;-0.2760751;-0.2831124;2.633542;
WristLeft;-0.5195605;-0.3256413;3.114961;
HandRight;-0.3049865;-0.3532146;2.633606;
HandLeft;-0.5726793;-0.370007;3.083973;
Spine;-0.27643;-0.09603968;2.854666;
HipCenter;-0.2746138;-0.1843669;2.845994;
HipRight;-0.2329012;-0.2196443;2.846419;
HipLeft;-0.3144831;-0.229865;2.832583;
KneeRight;-0.07279024;-0.7579632;2.937909;
KneeLeft;-0.4190357;-0.7837797;2.833805;
AnkleRight;0.006911093;-1.086176;2.880747;
AnkleLeft;-0.6085873;-1.118587;2.855053;
FootRight;-0.06819917;-1.131688;2.821607;
FootLeft;-0.7177962;-1.140626;2.849377;
