Floor;-0.03132286;0.9993287;0.01899778;1.093028;
Head;0.668524;0.4857927;2.904675;
ShoulderCenter;0.7838283;0.3382479;2.882219;
ShoulderRight;0.8407781;0.2088346;2.748963;
ShoulderLeft;0.71872;0.2004312;2.974185;
ElbowRight;0.8886913;-0.03308056;2.623247;
ElbowLeft;0.7516612;-0.04748414;2.797323;
WristRight;0.8149409;-0.2707823;2.608462;
WristLeft;0.6992429;-0.2617248;2.972249;
HandRight;0.806224;-0.3467263;2.606936;
HandLeft;0.6818843;-0.3095822;2.996784;
Spine;0.7435436;-0.05811023;2.845437;
HipCenter;0.7354866;-0.1373819;2.841635;
HipRight;0.7571892;-0.1921685;2.784759;
HipLeft;0.702263;-0.1959501;2.885374;
KneeRight;0.7547781;-0.6816809;2.776054;
KneeLeft;0.750778;-0.7145926;2.901458;
AnkleRight;0.7597495;-1.074881;2.780269;
AnkleLeft;1.073566;-0.9988554;2.891489;
FootRight;0.6929737;-1.134441;2.800909;
FootLeft;1.035561;-1.108055;2.935739;
Head;0.6329454;0.4918142;2.895766;
ShoulderCenter;0.7431563;0.3369963;2.863013;
ShoulderRight;0.8131457;0.2083959;2.74052;
ShoulderLeft;0.6450496;0.1093445;2.925921;
ElbowRight;0.8558593;-0.02723513;2.618819;
ElbowLeft;0.6378694;-0.08377401;2.895245;
WristRight;0.7854077;-0.2533372;2.606359;
WristLeft;0.6457059;-0.30724;3.016214;
HandRight;0.755147;-0.3282845;2.606886;
HandLeft;0.6381651;-0.3466679;3.06046;
Spine;0.7254072;-0.05543595;2.841929;
HipCenter;0.7204854;-0.1343221;2.840071;
HipRight;0.7489507;-0.1855012;2.782135;
HipLeft;0.6723579;-0.2189707;2.88714;
KneeRight;0.7537114;-0.6816417;2.772652;
KneeLeft;0.6545117;-0.664718;2.946472;
AnkleRight;0.7610124;-1.069662;2.781332;
AnkleLeft;0.9716668;-1.035426;2.908089;
FootRight;0.692571;-1.134157;2.801959;
FootLeft;0.9188291;-1.126411;2.936197;
Head;0.5896623;0.5079638;2.879416;
ShoulderCenter;0.7099016;0.3431937;2.8556;
ShoulderRight;0.7719639;0.2116383;2.731425;
ShoulderLeft;0.6343866;0.1353348;2.944009;
ElbowRight;0.8056297;-0.0234391;2.616001;
ElbowLeft;0.6334418;-0.05381343;2.892893;
WristRight;0.7230504;-0.253225;2.601202;
WristLeft;0.6178558;-0.2820737;2.996732;
HandRight;0.6883956;-0.3299897;2.604149;
HandLeft;0.6030211;-0.2810429;3.057222;
Spine;0.6950114;-0.0544949;2.836156;
HipCenter;0.6927943;-0.1340629;2.835778;
HipRight;0.7154123;-0.1927993;2.76351;
HipLeft;0.6610869;-0.2222233;2.892037;
KneeRight;0.7513808;-0.6855746;2.7689;
KneeLeft;0.6104597;-0.6666701;2.931006;
AnkleRight;0.7604524;-1.06811;2.781108;
AnkleLeft;0.9159227;-1.017509;2.892111;
FootRight;0.6928987;-1.133613;2.801842;
FootLeft;0.9075996;-1.122643;2.937161;
Head;0.5587204;0.4942293;2.879153;
ShoulderCenter;0.6634524;0.3422296;2.846533;
ShoulderRight;0.7555312;0.2127626;2.730085;
ShoulderLeft;0.6036132;0.1194387;2.955919;
ElbowRight;0.7583323;-0.01468753;2.611837;
ElbowLeft;0.5772732;-0.09731128;2.890216;
WristRight;0.6705772;-0.247171;2.587585;
WristLeft;0.5522133;-0.3451842;2.950938;
HandRight;0.6390548;-0.3273937;2.598891;
HandLeft;0.5420943;-0.3416885;3.014294;
Spine;0.6600854;-0.06260543;2.83697;
HipCenter;0.6583392;-0.1435957;2.838411;
HipRight;0.693664;-0.1955885;2.770308;
HipLeft;0.6203747;-0.2394792;2.897276;
KneeRight;0.744133;-0.6947441;2.768731;
KneeLeft;0.5834404;-0.6745371;2.927241;
AnkleRight;0.7593958;-1.067437;2.781809;
AnkleLeft;0.7000943;-1.047291;2.927096;
FootRight;0.6934478;-1.132858;2.800784;
FootLeft;0.6781387;-1.157213;2.976493;
Head;0.50561;0.5075316;2.865864;
ShoulderCenter;0.6414697;0.3454746;2.844554;
ShoulderRight;0.7131894;0.2146734;2.721019;
ShoulderLeft;0.5763032;0.1210393;2.955329;
ElbowRight;0.7086336;-0.009730467;2.599873;
ElbowLeft;0.5445257;-0.1430406;2.87839;
WristRight;0.620102;-0.2395642;2.587976;
WristLeft;0.5178395;-0.4029761;2.93246;
HandRight;0.5817414;-0.3176883;2.597113;
HandLeft;0.5076529;-0.399457;2.996239;
Spine;0.6355048;-0.06557755;2.833143;
HipCenter;0.634534;-0.1477862;2.834492;
HipRight;0.6642201;-0.1927297;2.777162;
HipLeft;0.6002872;-0.2355959;2.885299;
KneeRight;0.7323907;-0.7007267;2.767512;
KneeLeft;0.5465646;-0.692384;2.922475;
AnkleRight;0.757127;-1.064515;2.783542;
AnkleLeft;0.642247;-1.087232;2.927846;
FootRight;0.6931888;-1.129204;2.785248;
FootLeft;0.6235533;-1.173476;2.949941;
Head;0.4956005;0.5059266;2.867797;
ShoulderCenter;0.6111362;0.3497863;2.844464;
ShoulderRight;0.6761811;0.220761;2.717649;
ShoulderLeft;0.5376561;0.1815238;2.912198;
ElbowRight;0.6776077;0.005862245;2.59372;
ElbowLeft;0.5067063;-0.09355798;2.900877;
WristRight;0.5801129;-0.2198868;2.582443;
WristLeft;0.4515296;-0.3654116;2.887777;
HandRight;0.5332474;-0.2971465;2.587588;
HandLeft;0.4331373;-0.4560295;2.888391;
Spine;0.6042796;-0.07353326;2.828223;
HipCenter;0.6021762;-0.1585482;2.828434;
HipRight;0.6307484;-0.2061758;2.776135;
HipLeft;0.5726441;-0.2285649;2.874382;
KneeRight;0.7089431;-0.7051861;2.765243;
KneeLeft;0.5131496;-0.716656;2.917601;
AnkleRight;0.7504346;-1.0602;2.780697;
AnkleLeft;0.5490122;-1.075798;2.912458;
FootRight;0.6965745;-1.127115;2.785238;
FootLeft;0.5166799;-1.151004;2.938875;
Head;0.4477028;0.483308;2.881081;
ShoulderCenter;0.5594605;0.3458853;2.838848;
ShoulderRight;0.6467737;0.2240929;2.713188;
ShoulderLeft;0.4955934;0.1105662;2.889191;
ElbowRight;0.6333948;0.004651116;2.581303;
ElbowLeft;0.4899346;-0.1220875;2.898052;
WristRight;0.5161297;-0.2264262;2.569767;
WristLeft;0.4522757;-0.3794423;2.978632;
HandRight;0.4702159;-0.3053756;2.575778;
HandLeft;0.4416218;-0.3757617;3.045337;
Spine;0.5711877;-0.06092789;2.824233;
HipCenter;0.5727262;-0.1429527;2.824867;
HipRight;0.60423;-0.183699;2.769865;
HipLeft;0.5442165;-0.2303739;2.872156;
KneeRight;0.6815665;-0.7133819;2.768954;
KneeLeft;0.4724639;-0.7162789;2.909199;
AnkleRight;0.7483622;-1.060797;2.780781;
AnkleLeft;0.450623;-1.092477;2.909029;
FootRight;0.6857736;-1.13369;2.806132;
FootLeft;0.3944207;-1.153973;2.914407;
Head;0.4291775;0.4859248;2.87704;
ShoulderCenter;0.5408152;0.3418707;2.836376;
ShoulderRight;0.6067995;0.2141885;2.704285;
ShoulderLeft;0.4655281;0.113446;2.908747;
ElbowRight;0.582467;-0.00372055;2.574021;
ElbowLeft;0.4390534;-0.1318196;2.897282;
WristRight;0.4642451;-0.2301484;2.564512;
WristLeft;0.4319594;-0.3939233;2.973577;
HandRight;0.4108844;-0.3035166;2.575033;
HandLeft;0.4213287;-0.3902507;3.040137;
Spine;0.5447276;-0.05037605;2.819767;
HipCenter;0.5446445;-0.1280019;2.819909;
HipRight;0.5793391;-0.1731918;2.761418;
HipLeft;0.513666;-0.2173576;2.870092;
KneeRight;0.6621505;-0.7107133;2.773209;
KneeLeft;0.4345188;-0.7362439;2.900736;
AnkleRight;0.7450188;-1.062691;2.781384;
AnkleLeft;0.3147951;-1.100468;2.908211;
FootRight;0.6905331;-1.12787;2.771821;
FootLeft;0.2184597;-1.141333;2.957478;
Head;0.3809445;0.4901305;2.873872;
ShoulderCenter;0.4993784;0.3400892;2.83562;
ShoulderRight;0.575259;0.2121897;2.701003;
ShoulderLeft;0.4158054;0.0332293;2.920899;
ElbowRight;0.5479128;-0.01421927;2.573714;
ElbowLeft;0.4244083;-0.1677944;2.894028;
WristRight;0.4104348;-0.2484163;2.578032;
WristLeft;0.3952971;-0.3584794;2.980497;
HandRight;0.363711;-0.2982073;2.581125;
HandLeft;0.3845329;-0.3547606;3.047892;
Spine;0.5076244;-0.02699139;2.82205;
HipCenter;0.5087047;-0.09974965;2.823018;
HipRight;0.5434502;-0.1389945;2.756996;
HipLeft;0.4831196;-0.2188233;2.877361;
KneeRight;0.5819652;-0.7089468;2.804624;
KneeLeft;0.3910064;-0.7487857;2.895058;
AnkleRight;0.7439235;-1.062784;2.781407;
AnkleLeft;0.2171837;-1.096207;2.895388;
FootRight;0.6896825;-1.128874;2.771479;
FootLeft;0.1094876;-1.125458;2.928657;
Head;0.3436893;0.4737814;2.872931;
ShoulderCenter;0.4608551;0.3415179;2.836813;
ShoulderRight;0.532775;0.2109328;2.700972;
ShoulderLeft;0.385711;0.04809712;2.939601;
ElbowRight;0.4896935;-0.02906913;2.571123;
ElbowLeft;0.3847851;-0.2033709;2.90136;
WristRight;0.3509606;-0.2654336;2.574324;
WristLeft;0.3599338;-0.4383622;2.907285;
HandRight;0.3092208;-0.3204776;2.578187;
HandLeft;0.3490378;-0.4345979;2.975506;
Spine;0.4814028;-0.04984881;2.808315;
HipCenter;0.4834604;-0.1302562;2.804933;
HipRight;0.5231088;-0.1860403;2.729457;
HipLeft;0.4551924;-0.2309859;2.864932;
KneeRight;0.5692499;-0.7116091;2.80498;
KneeLeft;0.3680921;-0.7313787;2.887691;
AnkleRight;0.7424721;-1.061909;2.781719;
AnkleLeft;0.1639394;-1.079859;2.867912;
FootRight;0.6891693;-1.128073;2.775523;
FootLeft;0.06096251;-1.095643;2.876492;
Head;0.3199537;0.4885412;2.875654;
ShoulderCenter;0.4230464;0.3350117;2.838401;
ShoulderRight;0.4982991;0.2063919;2.697999;
ShoulderLeft;0.3520154;0.03945624;2.926935;
ElbowRight;0.4644423;-0.03245995;2.571552;
ElbowLeft;0.3423995;-0.1713721;2.892975;
WristRight;0.3251989;-0.2425866;2.565861;
WristLeft;0.3003623;-0.364773;2.922334;
HandRight;0.2775154;-0.3219999;2.570812;
HandLeft;0.2895647;-0.3610427;2.989938;
Spine;0.4585279;-0.05190239;2.798307;
HipCenter;0.4652847;-0.1301739;2.794528;
HipRight;0.5082463;-0.1827908;2.719162;
HipLeft;0.4324634;-0.232364;2.849448;
KneeRight;0.5572087;-0.7110409;2.800802;
KneeLeft;0.3082737;-0.7304382;2.875912;
AnkleRight;0.7408201;-1.063258;2.782973;
AnkleLeft;0.1513795;-1.078448;2.858889;
FootRight;0.6862609;-1.12914;2.787344;
FootLeft;0.04126037;-1.110509;2.875458;
Head;0.2757616;0.4812911;2.87696;
ShoulderCenter;0.3851397;0.3337058;2.840965;
ShoulderRight;0.4586431;0.2064105;2.703563;
ShoulderLeft;0.3138558;0.03771169;2.927502;
ElbowRight;0.417632;-0.03504948;2.573839;
ElbowLeft;0.2962708;-0.1798097;2.901416;
WristRight;0.2736327;-0.2685994;2.571022;
WristLeft;0.2620999;-0.4519236;2.901186;
HandRight;0.2233793;-0.3442135;2.57726;
HandLeft;0.2515068;-0.448264;2.96751;
Spine;0.4190769;-0.05648575;2.791363;
HipCenter;0.4257942;-0.1346364;2.785005;
HipRight;0.4723234;-0.1779509;2.712825;
HipLeft;0.3934748;-0.2373554;2.835304;
KneeRight;0.5523545;-0.7153587;2.79236;
KneeLeft;0.291447;-0.7327178;2.871361;
AnkleRight;0.7350321;-1.065935;2.782636;
AnkleLeft;0.1453671;-1.083239;2.848983;
FootRight;0.6812797;-1.132056;2.785843;
FootLeft;0.04018969;-1.127561;2.865827;
Head;0.2435481;0.480293;2.881625;
ShoulderCenter;0.3539991;0.33036;2.842282;
ShoulderRight;0.4292646;0.2070641;2.706184;
ShoulderLeft;0.2642156;0.04047624;2.920524;
ElbowRight;0.3961502;-0.02974486;2.576551;
ElbowLeft;0.2662797;-0.1838063;2.901228;
WristRight;0.2534419;-0.2644205;2.574618;
WristLeft;0.2124999;-0.4534448;2.887477;
HandRight;0.1985785;-0.3533799;2.581044;
HandLeft;0.1945732;-0.5433244;2.887749;
Spine;0.3682711;-0.06418104;2.817798;
HipCenter;0.372762;-0.1429134;2.816381;
HipRight;0.4180153;-0.1971185;2.7456;
HipLeft;0.3362401;-0.2417859;2.873919;
KneeRight;0.5338514;-0.7237206;2.779771;
KneeLeft;0.2624613;-0.7341387;2.868895;
AnkleRight;0.7308367;-1.072943;2.785378;
AnkleLeft;0.1510431;-1.080041;2.841928;
FootRight;0.6791592;-1.134448;2.808928;
FootLeft;0.08732162;-1.133846;2.834675;
Head;0.191234;0.4725413;2.892368;
ShoulderCenter;0.3125514;0.3313336;2.845933;
ShoulderRight;0.3796729;0.1998584;2.710344;
ShoulderLeft;0.2221202;0.0323799;2.927939;
ElbowRight;0.3456625;-0.03911762;2.586285;
ElbowLeft;0.2041636;-0.2058823;2.928775;
WristRight;0.2126475;-0.2808852;2.574379;
WristLeft;0.1693788;-0.4795498;2.907309;
HandRight;0.1653014;-0.3566083;2.58446;
HandLeft;0.1577838;-0.5707722;2.905006;
Spine;0.3386487;-0.06585819;2.818778;
HipCenter;0.3427376;-0.1452428;2.817006;
HipRight;0.3872125;-0.1977295;2.753132;
HipLeft;0.3040408;-0.2393061;2.867561;
KneeRight;0.5144451;-0.7255131;2.765873;
KneeLeft;0.2183276;-0.7430198;2.862964;
AnkleRight;0.7266018;-1.07273;2.785513;
AnkleLeft;0.1509648;-1.081521;2.838307;
FootRight;0.6774272;-1.139867;2.798103;
FootLeft;0.08626477;-1.135349;2.839068;
Head;0.1722922;0.4841182;2.893498;
ShoulderCenter;0.2727926;0.3346263;2.855507;
ShoulderRight;0.3441148;0.2051881;2.720319;
ShoulderLeft;0.184016;0.03500501;2.937478;
ElbowRight;0.3127763;-0.03672636;2.592067;
ElbowLeft;0.1600051;-0.1973635;2.920767;
WristRight;0.1847883;-0.2819986;2.582957;
WristLeft;0.1272386;-0.3989097;2.917889;
HandRight;0.139468;-0.3562916;2.579114;
HandLeft;0.116682;-0.3952627;2.983985;
Spine;0.2872854;-0.06489411;2.826479;
HipCenter;0.2910092;-0.1448665;2.824029;
HipRight;0.3360306;-0.1949087;2.758529;
HipLeft;0.2528746;-0.2427213;2.875036;
KneeRight;0.4705625;-0.7438304;2.744536;
KneeLeft;0.1967226;-0.7488074;2.862466;
AnkleRight;0.7225929;-1.076404;2.785008;
AnkleLeft;0.1504321;-1.082107;2.835222;
FootRight;0.6619529;-1.131329;2.772162;
FootLeft;0.08722208;-1.137741;2.846591;
Head;0.1127189;0.4875551;2.872209;
ShoulderCenter;0.2237098;0.3456532;2.860998;
ShoulderRight;0.3029151;0.2069047;2.724156;
ShoulderLeft;0.1342279;0.04602313;2.943186;
ElbowRight;0.2744952;-0.03074753;2.597154;
ElbowLeft;0.124243;-0.1598942;2.920078;
WristRight;0.1767892;-0.2664563;2.584701;
WristLeft;0.08775818;-0.3579468;2.872507;
HandRight;0.1255683;-0.3408164;2.582042;
HandLeft;0.07559658;-0.4239644;2.861504;
Spine;0.2458884;-0.05036291;2.830438;
HipCenter;0.2496295;-0.1293816;2.827953;
HipRight;0.2923119;-0.1836872;2.749109;
HipLeft;0.2170185;-0.2425785;2.888845;
KneeRight;0.3773372;-0.7288339;2.743793;
KneeLeft;0.1610909;-0.7483742;2.867322;
AnkleRight;0.664198;-1.046081;2.775537;
AnkleLeft;0.1513687;-1.079253;2.832524;
FootRight;0.6195707;-1.133833;2.794902;
FootLeft;0.08666016;-1.138059;2.846384;
Head;0.07885613;0.4800938;2.911874;
ShoulderCenter;0.2012275;0.3479377;2.869546;
ShoulderRight;0.2653344;0.2183063;2.732899;
ShoulderLeft;0.08574835;-0.0008407431;2.913932;
ElbowRight;0.2495545;-0.01540055;2.605425;
ElbowLeft;0.09589081;-0.2008901;2.916673;
WristRight;0.1314986;-0.2629012;2.583859;
WristLeft;0.06251906;-0.3979868;2.86825;
HandRight;0.1237203;-0.3285534;2.58268;
HandLeft;0.05139514;-0.4636857;2.85697;
Spine;0.2174537;-0.0541761;2.831744;
HipCenter;0.2204909;-0.1346772;2.827603;
HipRight;0.2705462;-0.1841371;2.763221;
HipLeft;0.167852;-0.2396417;2.867411;
KneeRight;0.3253257;-0.7277376;2.724538;
KneeLeft;0.1296053;-0.7530903;2.864278;
AnkleRight;0.5999828;-1.029629;2.755414;
AnkleLeft;0.1434908;-1.087674;2.832311;
FootRight;0.5741555;-1.114718;2.766828;
FootLeft;0.08158437;-1.145613;2.854542;
Head;0.04647426;0.4893157;2.918404;
ShoulderCenter;0.160979;0.3492974;2.872312;
ShoulderRight;0.2367283;0.2208422;2.732622;
ShoulderLeft;0.06136009;-0.0004849883;2.913489;
ElbowRight;0.2302661;-0.01324039;2.610711;
ElbowLeft;0.04753916;-0.2000176;2.897587;
WristRight;0.11062;-0.2488483;2.580558;
WristLeft;0.05709369;-0.4001455;2.887877;
HandRight;0.08248582;-0.3352635;2.578712;
HandLeft;0.06027854;-0.4668548;2.889501;
Spine;0.1828294;-0.06024397;2.828173;
HipCenter;0.1869929;-0.1420711;2.82297;
HipRight;0.2430262;-0.1797755;2.768411;
HipLeft;0.1408876;-0.2506118;2.85753;
KneeRight;0.249756;-0.7320507;2.727333;
KneeLeft;0.08948565;-0.7529945;2.861651;
AnkleRight;0.5302479;-1.023632;2.747481;
AnkleLeft;0.1365383;-1.081765;2.831332;
FootRight;0.4800159;-1.116343;2.77489;
FootLeft;0.07816529;-1.145701;2.853536;
Head;0.01106672;0.4948708;2.91272;
ShoulderCenter;0.1299805;0.3481425;2.871355;
ShoulderRight;0.1921057;0.2217659;2.730693;
ShoulderLeft;0.02021935;-0.001815559;2.911922;
ElbowRight;0.1998009;-0.01670467;2.617366;
ElbowLeft;0.03254957;-0.1994185;2.896691;
WristRight;0.09814225;-0.248634;2.580448;
WristLeft;-0.07380899;-0.3649544;2.907879;
HandRight;0.06750904;-0.3351257;2.578937;
HandLeft;-0.1092618;-0.420133;2.916471;
Spine;0.1392073;-0.06126183;2.821751;
HipCenter;0.1409129;-0.1431235;2.815214;
HipRight;0.1906831;-0.1785041;2.767374;
HipLeft;0.09303623;-0.2479123;2.84234;
KneeRight;0.1910404;-0.7189897;2.719611;
KneeLeft;0.05989695;-0.7532467;2.820667;
AnkleRight;0.4527376;-1.019255;2.744057;
AnkleLeft;0.1328187;-1.081723;2.833349;
FootRight;0.4043646;-1.096451;2.729594;
FootLeft;0.07635998;-1.145377;2.856148;
Head;-0.0216795;0.5040821;2.903691;
ShoulderCenter;0.0804662;0.3522559;2.872606;
ShoulderRight;0.1748097;0.2204571;2.731963;
ShoulderLeft;-0.02139082;0.002117965;2.913158;
ElbowRight;0.1696916;-0.01743827;2.61837;
ElbowLeft;-0.02483124;-0.1939881;2.897554;
WristRight;0.08068869;-0.2428458;2.585361;
WristLeft;-0.01074252;-0.005706802;2.93766;
HandRight;0.04042567;-0.3263139;2.58337;
HandLeft;-0.006046275;0.05705363;2.955888;
Spine;0.1033777;-0.02090967;2.810537;
HipCenter;0.1079897;-0.09554524;2.801687;
HipRight;0.1573451;-0.1449355;2.715896;
HipLeft;0.07776244;-0.234265;2.849283;
KneeRight;0.1314841;-0.7316204;2.724097;
KneeLeft;0.104707;-0.7395198;2.871725;
AnkleRight;0.3557747;-1.019893;2.738115;
AnkleLeft;0.1301236;-1.084501;2.835316;
FootRight;0.3173341;-1.09489;2.731467;
FootLeft;0.06829235;-1.125229;2.774827;
Head;-0.07281103;0.4891532;2.906888;
ShoulderCenter;0.05409304;0.35592;2.870587;
ShoulderRight;0.1413862;0.2256289;2.736016;
ShoulderLeft;-0.05347608;0.006443285;2.911021;
ElbowRight;0.1440342;-0.01674012;2.618281;
ElbowLeft;-0.04791478;-0.1879954;2.895406;
WristRight;0.0497687;-0.2472682;2.592974;
WristLeft;-0.05438561;-0.002455577;2.940315;
HandRight;0.01654697;-0.3340231;2.587693;
HandLeft;-0.05654255;0.05939102;2.960148;
Spine;0.06584683;-0.05359389;2.828032;
HipCenter;0.07014013;-0.1357666;2.82324;
HipRight;0.1230089;-0.1790051;2.768808;
HipLeft;0.02513444;-0.2430245;2.858998;
KneeRight;0.02455547;-0.6925418;2.734353;
KneeLeft;0.1584277;-0.6785122;2.896422;
AnkleRight;0.2689641;-1.052334;2.753873;
AnkleLeft;0.1277905;-1.095496;2.828286;
FootRight;0.2156307;-1.099392;2.715305;
FootLeft;0.06053626;-1.155478;2.851109;
Head;-0.08595669;0.5017778;2.908515;
ShoulderCenter;0.01718524;0.3546178;2.875232;
ShoulderRight;0.1194506;0.2272746;2.736369;
ShoulderLeft;-0.08712439;0.004946731;2.915659;
ElbowRight;0.1172343;-0.01762082;2.618242;
ElbowLeft;-0.08665965;-0.1882105;2.899921;
WristRight;0.02161401;-0.2450922;2.593854;
WristLeft;-0.08084861;-0.004828393;2.947067;
HandRight;-0.01006074;-0.3328733;2.592371;
HandLeft;-0.0789116;0.05629897;2.967656;
Spine;0.07595177;-0.05500134;2.867852;
HipCenter;0.0415377;-0.1328436;2.823396;
HipRight;0.09216354;-0.1779808;2.774245;
HipLeft;-0.004820774;-0.2369059;2.852337;
KneeRight;-0.009377829;-0.7020354;2.754952;
KneeLeft;0.1395403;-0.6944973;2.882452;
AnkleRight;0.1902137;-1.049922;2.746167;
AnkleLeft;0.09331751;-1.076033;2.746866;
FootRight;0.09837716;-1.110201;2.75128;
FootLeft;0.02825837;-1.12567;2.776331;
Head;-0.1320219;0.4846709;2.909125;
ShoulderCenter;-4.780153E-05;0.3565543;2.874745;
ShoulderRight;0.07354918;0.2320419;2.739955;
ShoulderLeft;-0.1058872;0.006897684;2.91529;
ElbowRight;0.09412895;-0.01095042;2.619692;
ElbowLeft;-0.1030591;-0.1851718;2.899212;
WristRight;0.01053248;-0.2332711;2.595324;
WristLeft;-0.170411;-0.3617327;3.063787;
HandRight;-0.0378756;-0.3129474;2.595454;
HandLeft;-0.2209935;-0.4015559;3.039213;
Spine;0.04419779;-0.05465798;2.853399;
HipCenter;0.003734972;-0.1305382;2.810223;
HipRight;0.04640272;-0.1755773;2.758882;
HipLeft;-0.03814016;-0.2314368;2.837261;
KneeRight;-0.01990424;-0.6970549;2.78848;
KneeLeft;0.1057978;-0.7106205;2.879038;
AnkleRight;0.06886969;-1.088138;2.771798;
AnkleLeft;0.1225455;-1.09245;2.807594;
FootRight;-0.02336671;-1.14868;2.776934;
FootLeft;0.05748637;-1.142087;2.837059;
Head;-0.1592459;0.4977306;2.893494;
ShoulderCenter;-0.04753399;0.3630494;2.875226;
ShoulderRight;0.04696728;0.2292732;2.736817;
ShoulderLeft;-0.1528932;0.01323656;2.915888;
ElbowRight;0.05987434;-0.01307751;2.617219;
ElbowLeft;-0.1508127;-0.17787;2.899565;
WristRight;-0.00303409;-0.2266662;2.595535;
WristLeft;-0.2096405;-0.3355781;3.071586;
HandRight;-0.0572654;-0.3035434;2.592805;
HandLeft;-0.2485138;-0.3931214;3.067438;
Spine;0.03784389;-0.05316617;2.855054;
HipCenter;0.003030242;-0.132137;2.808095;
HipRight;0.05379348;-0.1585805;2.769838;
HipLeft;-0.04249332;-0.2484973;2.81053;
KneeRight;-0.1446543;-0.6711624;2.762425;
KneeLeft;0.07528165;-0.7770316;2.892002;
AnkleRight;-0.0645707;-1.09071;2.742445;
AnkleLeft;0.1258215;-1.100908;2.82667;
FootRight;-0.1239653;-1.132889;2.678687;
FootLeft;0.05170922;-1.144735;2.822523;
Head;-0.1833377;0.4666276;2.891568;
ShoulderCenter;-0.07497443;0.2511778;2.85563;
ShoulderRight;0.01537039;0.2238501;2.732047;
ShoulderLeft;-0.1805735;-0.09860459;2.896297;
ElbowRight;0.03719305;-0.01635593;2.612139;
ElbowLeft;-0.1781376;-0.2887524;2.879898;
WristRight;-0.07260713;-0.249632;2.598418;
WristLeft;-0.2544391;-0.3180291;3.075836;
HandRight;-0.1049716;-0.3438924;2.594502;
HandLeft;-0.2953944;-0.372952;3.069493;
Spine;0.002355304;-0.08141766;2.823234;
HipCenter;-0.02657782;-0.1422305;2.77702;
HipRight;0.03530248;-0.1829252;2.749921;
HipLeft;-0.07004782;-0.2605774;2.76434;
KneeRight;-0.183415;-0.6430192;2.775383;
KneeLeft;0.07527764;-0.778758;2.887719;
AnkleRight;-0.2032352;-1.080195;2.727676;
AnkleLeft;0.1257232;-1.10315;2.828572;
FootRight;-0.2647876;-1.121748;2.665021;
FootLeft;0.04902185;-1.143504;2.818659;
Head;-0.2230584;0.491478;2.89241;
ShoulderCenter;-0.1155987;0.3493916;2.872468;
ShoulderRight;-0.02537507;0.2140938;2.727932;
ShoulderLeft;-0.2211978;-0.0003908277;2.913135;
ElbowRight;0.00724213;-0.02481292;2.611483;
ElbowLeft;-0.2187741;-0.1895845;2.896603;
WristRight;-0.08560678;-0.2597788;2.593907;
WristLeft;-0.2959349;-0.302341;3.084015;
HandRight;-0.1256472;-0.3442342;2.590246;
HandLeft;-0.341105;-0.3568486;3.067271;
Spine;-0.05365866;-0.07634787;2.839509;
HipCenter;-0.08894643;-0.1558132;2.792684;
HipRight;-0.03209212;-0.202257;2.781027;
HipLeft;-0.1390959;-0.2364623;2.78057;
KneeRight;-0.1867231;-0.6441932;2.781387;
KneeLeft;0.07553627;-0.7787911;2.884918;
AnkleRight;-0.3222692;-1.069099;2.743685;
AnkleLeft;0.1258676;-1.103526;2.829052;
FootRight;-0.3860722;-1.110646;2.682672;
FootLeft;0.05369215;-1.147036;2.826908;
Head;-0.2775059;0.4761073;2.875485;
ShoulderCenter;-0.1441021;0.3492295;2.865745;
ShoulderRight;-0.05470558;0.2140433;2.72724;
ShoulderLeft;-0.2497012;-0.0005528889;2.906412;
ElbowRight;-0.02952537;-0.02548124;2.613232;
ElbowLeft;-0.247288;-0.1889309;2.889766;
WristRight;-0.1169243;-0.2651063;2.584914;
WristLeft;-0.3382682;-0.2987493;3.08425;
HandRight;-0.1495897;-0.3537907;2.587578;
HandLeft;-0.3960498;-0.3452901;3.057884;
Spine;-0.07803356;-0.0725427;2.841344;
HipCenter;-0.1117421;-0.1522444;2.794818;
HipRight;-0.05739472;-0.1964208;2.788101;
HipLeft;-0.1587174;-0.2364002;2.779928;
KneeRight;-0.1863898;-0.6443325;2.789613;
KneeLeft;0.07584161;-0.7787429;2.88329;
AnkleRight;-0.3932325;-1.040017;2.772314;
AnkleLeft;0.1256251;-1.104127;2.829281;
FootRight;-0.4556714;-1.082113;2.709502;
FootLeft;0.05556883;-1.149172;2.832546;
Head;-0.3034923;0.4834056;2.876472;
ShoulderCenter;-0.1902424;0.3437454;2.86469;
ShoulderRight;-0.09961006;0.2054342;2.724892;
ShoulderLeft;-0.2958415;-0.006037018;2.905357;
ElbowRight;-0.07095974;-0.03250965;2.610158;
ElbowLeft;-0.2934366;-0.1937561;2.888599;
WristRight;-0.1357245;-0.2684581;2.579136;
WristLeft;-0.3885966;-0.3054513;3.068331;
HandRight;-0.1666901;-0.3568698;2.58343;
HandLeft;-0.4385653;-0.3523402;3.057899;
Spine;-0.1095495;-0.09250864;2.839275;
HipCenter;-0.1402948;-0.1765731;2.791799;
HipRight;-0.0715272;-0.2050022;2.776517;
HipLeft;-0.1981644;-0.2786384;2.791282;
KneeRight;0.02665021;-0.7604181;2.889545;
KneeLeft;-0.2190241;-0.7446977;2.805744;
AnkleRight;-0.2063965;-1.205075;2.861616;
AnkleLeft;0.09353457;-1.066365;2.825533;
FootRight;-0.0967719;-1.180101;2.847712;
FootLeft;0.05564523;-1.157647;2.880909;
Head;-0.3513288;0.4558831;2.874542;
ShoulderCenter;-0.215659;0.3334126;2.857131;
ShoulderRight;-0.1278857;0.2028495;2.725258;
ShoulderLeft;-0.3212581;-0.01636983;2.897798;
ElbowRight;-0.1052589;-0.03853579;2.608674;
ElbowLeft;-0.08051288;-0.08282713;2.932363;
WristRight;-0.1639081;-0.2709822;2.574018;
WristLeft;-0.2811984;-0.2162207;3.008972;
HandRight;-0.1962679;-0.3591954;2.584577;
HandLeft;-0.329082;-0.2665137;3.001102;
Spine;-0.1588868;-0.1074288;2.836919;
HipCenter;-0.1920557;-0.1900156;2.791506;
HipRight;-0.1311965;-0.2316656;2.772332;
HipLeft;-0.2418721;-0.2791238;2.791119;
KneeRight;0.0127485;-0.761137;2.890052;
KneeLeft;-0.2278627;-0.7387213;2.805654;
AnkleRight;-0.2202983;-1.205793;2.862016;
AnkleLeft;0.08667654;-1.064305;2.826226;
FootRight;-0.1095512;-1.181137;2.848861;
FootLeft;0.03741017;-1.159598;2.865444;
Head;-0.3840747;0.467645;2.873579;
ShoulderCenter;-0.2680462;0.3225531;2.845635;
ShoulderRight;-0.1629959;0.1990647;2.717391;
ShoulderLeft;-0.3736453;-0.02722937;2.886302;
ElbowRight;-0.1451426;-0.045527;2.595344;
ElbowLeft;-0.1348684;-0.109153;2.928146;
WristRight;-0.2041245;-0.2897848;2.572063;
WristLeft;-0.3396564;-0.2367658;3.015978;
HandRight;-0.2251937;-0.3818602;2.574439;
HandLeft;-0.3889265;-0.2842909;3.002158;
Spine;-0.1936763;-0.1033236;2.831872;
HipCenter;-0.2229153;-0.1852905;2.783734;
HipRight;-0.1513771;-0.2285803;2.772763;
HipLeft;-0.2882005;-0.2766787;2.769641;
KneeRight;-0.02109809;-0.7746316;2.890921;
KneeLeft;-0.2563457;-0.7346264;2.811797;
AnkleRight;-0.2541448;-1.219288;2.862825;
AnkleLeft;0.06949636;-1.055857;2.826266;
FootRight;-0.1429613;-1.192464;2.850918;
FootLeft;0.0744746;-1.145089;2.829412;
Head;-0.4264413;0.4649813;2.866873;
ShoulderCenter;-0.3021725;0.3234048;2.844538;
ShoulderRight;-0.2150381;0.1858757;2.712765;
ShoulderLeft;-0.4077715;-0.02637768;2.885206;
ElbowRight;-0.1792366;-0.05849858;2.593681;
ElbowLeft;-0.1658779;-0.1138035;2.925726;
WristRight;-0.2275483;-0.2830984;2.570475;
WristLeft;-0.369393;-0.2484219;3.017986;
HandRight;-0.2555006;-0.3740668;2.570666;
HandLeft;-0.4084277;-0.296459;2.984572;
Spine;-0.2390742;-0.1129654;2.823433;
HipCenter;-0.2715462;-0.1958055;2.777015;
HipRight;-0.2076202;-0.2360478;2.768297;
HipLeft;-0.3177518;-0.283165;2.766274;
KneeRight;-0.04392376;-0.7801542;2.898286;
KneeLeft;-0.2666769;-0.7394202;2.820349;
AnkleRight;-0.2769705;-1.22481;2.87011;
AnkleLeft;0.06499133;-1.060936;2.829658;
FootRight;-0.1651019;-1.197843;2.856971;
FootLeft;0.07208772;-1.146231;2.831375;
Head;-0.4601152;0.4795243;2.878757;
ShoulderCenter;-0.3477056;0.3265532;2.838036;
ShoulderRight;-0.2493841;0.1892155;2.712264;
ShoulderLeft;-0.4533048;-0.02322927;2.878704;
ElbowRight;-0.2298386;-0.06813774;2.601096;
ElbowLeft;-0.2131036;-0.1266514;2.919604;
WristRight;-0.2785412;-0.298148;2.574155;
WristLeft;-0.4178123;-0.2728113;3.004936;
HandRight;-0.2884076;-0.3923905;2.572758;
HandLeft;-0.4485341;-0.3349618;2.994941;
Spine;-0.2665554;-0.1038809;2.824186;
HipCenter;-0.2945871;-0.187209;2.775807;
HipRight;-0.2351735;-0.216524;2.755602;
HipLeft;-0.350069;-0.2839184;2.77544;
KneeRight;-0.1194962;-0.752429;2.901594;
KneeLeft;-0.2881927;-0.7447114;2.831087;
AnkleRight;-0.352543;-1.197085;2.873391;
AnkleLeft;0.05467713;-1.059041;2.835479;
FootRight;-0.2375778;-1.181971;2.862695;
FootLeft;0.06268422;-1.144724;2.83696;
Head;-0.5158609;0.4749287;2.846134;
ShoulderCenter;-0.3878663;0.3357632;2.832467;
ShoulderRight;-0.2924922;0.1960512;2.709448;
ShoulderLeft;-0.4934654;-0.0140192;2.873134;
ElbowRight;-0.2730106;-0.0519135;2.595253;
ElbowLeft;-0.2477075;-0.118889;2.904765;
WristRight;-0.3040422;-0.3152245;2.576788;
WristLeft;-0.446033;-0.2746755;2.997099;
HandRight;-0.3191743;-0.4088618;2.567273;
HandLeft;-0.4901033;-0.3164219;2.961327;
Spine;-0.3259747;-0.07737701;2.827472;
HipCenter;-0.3563095;-0.1564705;2.781601;
HipRight;-0.2993626;-0.2001195;2.76557;
HipLeft;-0.4039371;-0.242521;2.78047;
KneeRight;-0.1298365;-0.840442;2.907913;
KneeLeft;-0.3237906;-0.741815;2.845944;
AnkleRight;-0.3628832;-1.285098;2.879683;
AnkleLeft;0.02335545;-1.056421;2.846786;
FootRight;-0.4227986;-1.329123;2.810019;
FootLeft;0.02338694;-1.142995;2.849096;
Head;-0.5379874;0.4870784;2.831483;
ShoulderCenter;-0.4227401;0.3391064;2.833246;
ShoulderRight;-0.3389974;0.2019298;2.707063;
ShoulderLeft;-0.5283392;-0.01067605;2.873913;
ElbowRight;-0.3194702;-0.05131189;2.594644;
ElbowLeft;-0.2792785;-0.1129497;2.911581;
WristRight;-0.3647095;-0.3200956;2.567268;
WristLeft;-0.4796352;-0.2699287;3.007069;
HandRight;-0.3648077;-0.4159416;2.565724;
HandLeft;-0.5145566;-0.3114437;2.961495;
Spine;-0.3512879;-0.07225374;2.827407;
HipCenter;-0.3823995;-0.1518376;2.782393;
HipRight;-0.3276722;-0.194526;2.773129;
HipLeft;-0.4288254;-0.2375959;2.774946;
KneeRight;-0.1996808;-0.8425699;2.91529;
KneeLeft;-0.3680727;-0.7402137;2.849085;
AnkleRight;-0.4327276;-1.287226;2.887035;
AnkleLeft;-0.03526762;-1.026519;2.865404;
FootRight;-0.3242876;-1.241136;2.884431;
FootLeft;-0.04934257;-1.136316;2.905862;
Head;-0.5720236;0.4804931;2.81686;
ShoulderCenter;-0.4554978;0.3389044;2.837577;
ShoulderRight;-0.3671393;0.2003556;2.703817;
ShoulderLeft;-0.5610969;-0.01087799;2.878244;
ElbowRight;-0.342047;-0.04968311;2.590871;
ElbowLeft;-0.2938513;-0.04447862;2.925356;
WristRight;-0.4099993;-0.2907666;2.586568;
WristLeft;-0.5152477;-0.1800305;3.015317;
HandRight;-0.4155977;-0.3856577;2.575761;
HandLeft;-0.5551241;-0.2192993;2.972097;
Spine;-0.4020806;-0.07847084;2.825357;
HipCenter;-0.436378;-0.1570797;2.780565;
HipRight;-0.384971;-0.2013881;2.774762;
HipLeft;-0.480925;-0.2403446;2.767603;
KneeRight;-0.2556914;-0.7836293;2.88609;
KneeLeft;-0.3968117;-0.760823;2.861803;
AnkleRight;-0.5899306;-1.134007;2.80644;
AnkleLeft;-0.0888;-1.004292;2.875072;
FootRight;-0.6545687;-1.177901;2.740206;
FootLeft;-0.1191112;-1.113029;2.908729;
Head;-0.6235691;0.4806284;2.831882;
ShoulderCenter;-0.4924858;0.3410899;2.827661;
ShoulderRight;-0.4094948;0.2045046;2.697406;
ShoulderLeft;-0.598085;-0.008692539;2.868328;
ElbowRight;-0.396029;-0.05632897;2.598586;
ElbowLeft;-0.3268853;-0.04288029;2.910527;
WristRight;-0.4682461;-0.3294568;2.588567;
WristLeft;-0.5494153;-0.1809388;3.001679;
HandRight;-0.4701574;-0.4112368;2.574176;
HandLeft;-0.5894058;-0.2203198;2.958335;
Spine;-0.4263839;-0.02805523;2.822025;
HipCenter;-0.4580531;-0.0987085;2.778183;
HipRight;-0.4145687;-0.1600513;2.69273;
HipLeft;-0.4849636;-0.2211684;2.83731;
KneeRight;-0.5006375;-0.7060175;2.780881;
KneeLeft;-0.4342183;-0.741389;2.869083;
AnkleRight;-0.4925699;-1.105148;2.817524;
AnkleLeft;-0.1540999;-1.000199;2.881977;
FootRight;-0.5541253;-1.160458;2.845895;
FootLeft;-0.1929491;-1.105892;2.918426;
Head;-0.6564208;0.4873722;2.823323;
ShoulderCenter;-0.5315827;0.3429224;2.825803;
ShoulderRight;-0.4338631;0.2070659;2.69758;
ShoulderLeft;-0.6371818;-0.006860028;2.86647;
ElbowRight;-0.4447035;-0.06424677;2.600334;
ElbowLeft;-0.3628447;-0.05784475;2.896055;
WristRight;-0.5089893;-0.2932719;2.57764;
WristLeft;-0.5864336;-0.2006385;2.985751;
HandRight;-0.5286847;-0.3848306;2.571474;
HandLeft;-0.6265261;-0.2401203;2.942298;
Spine;-0.4465572;-0.0208728;2.823093;
HipCenter;-0.4737886;-0.09222092;2.776634;
HipRight;-0.426414;-0.154461;2.695903;
HipLeft;-0.5038515;-0.2066722;2.829223;
KneeRight;-0.5099487;-0.7068962;2.778468;
KneeLeft;-0.4106792;-0.7535446;2.938607;
AnkleRight;-0.4934483;-1.102225;2.814612;
AnkleLeft;-0.2027996;-1.030668;2.88913;
FootRight;-0.5546745;-1.158473;2.842106;
FootLeft;-0.2767344;-1.118361;2.916557;
Head;-0.6923774;0.4962776;2.827184;
ShoulderCenter;-0.5686067;0.3474935;2.821939;
ShoulderRight;-0.4809664;0.2133002;2.69433;
ShoulderLeft;-0.6742059;-0.0022889;2.862606;
ElbowRight;-0.4852517;-0.05439527;2.590484;
ElbowLeft;-0.3965134;-0.01002797;2.907184;
WristRight;-0.5772995;-0.3266112;2.582932;
WristLeft;-0.6288161;-0.1432398;2.996759;
HandRight;-0.6055574;-0.3919632;2.585467;
HandLeft;-0.6689933;-0.1828049;2.953213;
Spine;-0.4889717;-0.007598962;2.828946;
HipCenter;-0.5157092;-0.0781233;2.785173;
HipRight;-0.469728;-0.1384229;2.714568;
HipLeft;-0.5384536;-0.1908732;2.835306;
KneeRight;-0.530331;-0.7128432;2.772046;
KneeLeft;-0.4301382;-0.7647148;2.950274;
AnkleRight;-0.4696261;-1.09813;2.833012;
AnkleLeft;-0.3559073;-1.102391;2.913494;
FootRight;-0.5527033;-1.153906;2.838628;
FootLeft;-0.4198603;-1.162637;2.945673;
Head;-0.7259;0.4921377;2.827249;
ShoulderCenter;-0.5924775;0.3500273;2.820162;
ShoulderRight;-0.5062619;0.2147243;2.691439;
ShoulderLeft;-0.6980765;0.0002448835;2.860829;
ElbowRight;-0.5168958;-0.04089972;2.584676;
ElbowLeft;-0.4211202;0.01824833;2.913075;
WristRight;-0.6346147;-0.3049772;2.578445;
WristLeft;-0.6592308;-0.1100704;3.000682;
HandRight;-0.6684932;-0.3897402;2.581209;
HandLeft;-0.6995254;-0.1497511;2.957009;
Spine;-0.5163996;-0.003742638;2.830864;
HipCenter;-0.5443696;-0.07405071;2.788821;
HipRight;-0.4970033;-0.1373821;2.71556;
HipLeft;-0.5726831;-0.1863914;2.843895;
KneeRight;-0.5359496;-0.7178267;2.771023;
KneeLeft;-0.7473753;-0.6854618;2.938943;
AnkleRight;-0.4679188;-1.093946;2.836606;
AnkleLeft;-0.4320461;-1.032894;2.910629;
FootRight;-0.5529006;-1.150761;2.832295;
FootLeft;-0.4720524;-1.138483;2.942307;
Head;-0.7584856;0.4929858;2.817071;
ShoulderCenter;-0.6305213;0.3481937;2.821901;
ShoulderRight;-0.5450847;0.2176118;2.68915;
ShoulderLeft;-0.7361204;-0.001588772;2.862568;
ElbowRight;-0.5671521;-0.04218943;2.584095;
ElbowLeft;-0.4604856;-0.02479215;2.924437;
WristRight;-0.6757008;-0.2640422;2.571084;
WristLeft;-0.6931217;-0.1619709;3.018538;
HandRight;-0.7103969;-0.3537861;2.57602;
HandLeft;-0.7332796;-0.201517;2.975013;
Spine;-0.5178906;-0.006156744;2.818479;
HipCenter;-0.540368;-0.07949384;2.769449;
HipRight;-0.4819904;-0.1323536;2.69148;
HipLeft;-0.5600184;-0.2066014;2.802853;
KneeRight;-0.5455161;-0.7269676;2.773017;
KneeLeft;-0.7608364;-0.7201573;2.934502;
AnkleRight;-0.4988679;-1.103697;2.82657;
AnkleLeft;-0.5773496;-1.11494;2.863093;
FootRight;-0.5646518;-1.161075;2.831898;
FootLeft;-0.6442194;-1.165218;2.943903;
Head;-0.7909464;0.5053786;2.827539;
ShoulderCenter;-0.6684958;0.3523731;2.823839;
ShoulderRight;-0.57357;0.2203987;2.689274;
ShoulderLeft;-0.7740949;0.002590628;2.864506;
ElbowRight;-0.6181552;-0.04826939;2.581328;
ElbowLeft;-0.4972162;-0.03041446;2.926595;
WristRight;-0.7427161;-0.2990137;2.579346;
WristLeft;-0.7286747;-0.1717902;3.023685;
HandRight;-0.7664706;-0.369784;2.583709;
HandLeft;-0.768912;-0.2114145;2.980074;
Spine;-0.5832905;-0.00839957;2.811162;
HipCenter;-0.6090029;-0.07855291;2.764699;
HipRight;-0.5577416;-0.1413924;2.680434;
HipLeft;-0.6312094;-0.2087865;2.815695;
KneeRight;-0.5555615;-0.7307475;2.77455;
KneeLeft;-0.7856407;-0.7465078;2.933119;
AnkleRight;-0.5035173;-1.102937;2.826774;
AnkleLeft;-0.6737631;-1.133863;2.933788;
FootRight;-0.5649986;-1.165206;2.823953;
FootLeft;-0.7474436;-1.178694;3.014981;
Head;-0.8451377;0.4760725;2.833983;
ShoulderCenter;-0.6919104;0.3498526;2.819878;
ShoulderRight;-0.6140001;0.2161837;2.687928;
ShoulderLeft;-0.7975096;7.013383E-05;2.860545;
ElbowRight;-0.6622899;-0.05639051;2.57788;
ElbowLeft;-0.5205365;-0.004152234;2.933175;
WristRight;-0.7829517;-0.2913188;2.580976;
WristLeft;-0.76612;-0.133741;3.018399;
HandRight;-0.8070267;-0.3705959;2.592351;
HandLeft;-0.8064197;-0.1734268;2.974721;
Spine;-0.6067803;-0.008451587;2.814321;
HipCenter;-0.6356626;-0.07908312;2.770505;
HipRight;-0.589771;-0.1482791;2.685481;
HipLeft;-0.657945;-0.2085798;2.826713;
KneeRight;-0.5695029;-0.7314266;2.778681;
KneeLeft;-0.8232619;-0.7531203;2.93324;
AnkleRight;-0.5041972;-1.102318;2.825848;
AnkleLeft;-0.8049486;-1.125402;2.968058;
FootRight;-0.5648344;-1.165518;2.825928;
FootLeft;-0.9031767;-1.174409;3.012681;
Head;-0.8717985;0.499547;2.855391;
ShoulderCenter;-0.7431611;0.3447876;2.819226;
ShoulderRight;-0.644069;0.21281;2.684296;
ShoulderLeft;-0.8487602;-0.00499481;2.859893;
ElbowRight;-0.7022293;-0.0562388;2.576676;
ElbowLeft;-0.5682986;-0.005850467;2.929269;
WristRight;-0.836299;-0.2810279;2.589283;
WristLeft;-0.8092503;-0.1410769;3.024198;
HandRight;-0.8743724;-0.3600596;2.599939;
HandLeft;-0.8495968;-0.1808088;2.980469;
Spine;-0.663871;-0.01815784;2.82881;
HipCenter;-0.6899955;-0.09046741;2.785807;
HipRight;-0.6443922;-0.1608825;2.709582;
HipLeft;-0.7121259;-0.2122193;2.840646;
KneeRight;-0.5906324;-0.7334548;2.784775;
KneeLeft;-0.8433354;-0.7607472;2.929413;
AnkleRight;-0.5054799;-1.101217;2.824177;
AnkleLeft;-0.9375799;-1.128357;2.982776;
FootRight;-0.5649812;-1.166532;2.826394;
FootLeft;-1.036015;-1.172278;3.034543;
Head;-0.9066757;0.4910958;2.844605;
ShoulderCenter;-0.76744;0.3456232;2.818887;
ShoulderRight;-0.6924766;0.2098594;2.680706;
ShoulderLeft;-0.8730391;-0.004159265;2.859555;
ElbowRight;-0.7433737;-0.04967279;2.575857;
ElbowLeft;-0.5862277;-0.0103328;2.913294;
WristRight;-0.89063;-0.2915912;2.594352;
WristLeft;-0.8368793;-0.1404866;2.995548;
HandRight;-0.9391986;-0.3630572;2.61116;
HandLeft;-0.877324;-0.1803152;2.951712;
Spine;-0.6720011;-0.02003103;2.815229;
HipCenter;-0.6993769;-0.09371477;2.771415;
HipRight;-0.6498022;-0.1537028;2.708762;
HipLeft;-0.7298956;-0.1984234;2.790843;
KneeRight;-0.6591341;-0.742047;2.813845;
KneeLeft;-0.8984161;-0.764187;2.938581;
AnkleRight;-0.5077503;-1.099893;2.822983;
AnkleLeft;-1.057034;-1.134549;2.991551;
FootRight;-0.5646053;-1.167899;2.827039;
FootLeft;-1.170675;-1.162057;3.018783;
Head;-0.9483804;0.4827678;2.854309;
ShoulderCenter;-0.8045243;0.3399066;2.822536;
ShoulderRight;-0.7232394;0.2043836;2.686721;
ShoulderLeft;-0.9101234;-0.0098758;2.863204;
ElbowRight;-0.7840462;-0.05163448;2.577702;
ElbowLeft;-0.6312164;-0.005935637;2.944339;
WristRight;-0.9264618;-0.2797687;2.595798;
WristLeft;-0.8804376;-0.137268;3.032721;
HandRight;-0.981451;-0.354999;2.623806;
HandLeft;-0.9209954;-0.1772079;2.988763;
Spine;-0.7340065;-0.03256591;2.832971;
HipCenter;-0.7626031;-0.1064046;2.792809;
HipRight;-0.7197791;-0.1704841;2.719807;
HipLeft;-0.7860647;-0.2237115;2.847352;
KneeRight;-0.6782928;-0.7522708;2.823105;
KneeLeft;-0.9250536;-0.7564391;2.938672;
AnkleRight;-0.509997;-1.09907;2.823776;
AnkleLeft;-1.152113;-1.147124;2.980644;
FootRight;-0.5648941;-1.168277;2.827108;
FootLeft;-1.260706;-1.149231;2.982965;
Head;-0.9782637;0.4923128;2.847872;
ShoulderCenter;-0.8510614;0.3374432;2.841412;
ShoulderRight;-0.7637199;0.2017897;2.695713;
ShoulderLeft;-0.9566605;-0.01233926;2.882079;
ElbowRight;-0.8293054;-0.06343161;2.587343;
ElbowLeft;-0.6639168;-0.0141102;2.924627;
WristRight;-0.9805429;-0.2860929;2.611288;
WristLeft;-0.914319;-0.14804;3.010884;
HandRight;-1.032813;-0.3652209;2.634221;
HandLeft;-0.9549863;-0.188088;2.966805;
Spine;-0.7406337;-0.0279336;2.827432;
HipCenter;-0.7675796;-0.1012882;2.783134;
HipRight;-0.7196853;-0.1586746;2.696636;
HipLeft;-0.7892748;-0.2232457;2.834892;
KneeRight;-0.6946307;-0.7538073;2.825373;
KneeLeft;-0.9791797;-0.752903;2.94115;
AnkleRight;-0.5178027;-1.099076;2.822806;
AnkleLeft;-1.17052;-1.14309;2.972504;
FootRight;-0.5665888;-1.173211;2.826946;
FootLeft;-1.285613;-1.16297;3.000902;
Head;-1.025527;0.478871;2.856061;
ShoulderCenter;-0.8832971;0.3350725;2.84294;
ShoulderRight;-0.8011063;0.1965672;2.705497;
ShoulderLeft;-0.9888963;-0.01470996;2.883607;
ElbowRight;-0.8794848;-0.07437007;2.597425;
ElbowLeft;-0.6983334;-0.01040766;2.939225;
WristRight;-1.025369;-0.298274;2.62053;
WristLeft;-0.9537492;-0.1408082;3.021454;
HandRight;-1.070313;-0.3686608;2.641943;
HandLeft;-0.9944906;-0.1809289;2.977296;
Spine;-0.8213964;-0.02547923;2.856834;
HipCenter;-0.8506718;-0.09666705;2.81862;
HipRight;-0.8086282;-0.1727723;2.737793;
HipLeft;-0.8740326;-0.2196402;2.881086;
KneeRight;-0.7087945;-0.75529;2.824562;
KneeLeft;-1.041388;-0.7764964;2.954072;
AnkleRight;-0.5225483;-1.101859;2.825879;
AnkleLeft;-1.169474;-1.144686;2.967813;
FootRight;-0.5742534;-1.174291;2.82766;
FootLeft;-1.247149;-1.177953;2.939831;
Head;-1.078408;0.4500919;2.888937;
ShoulderCenter;-0.9115698;0.3305788;2.849356;
ShoulderRight;-0.8300538;0.1936262;2.712965;
ShoulderLeft;-1.017169;-0.01920362;2.890023;
ElbowRight;-0.9104238;-0.08213112;2.601707;
ElbowLeft;-0.7334675;-0.01767515;2.970151;
WristRight;-1.051453;-0.2983904;2.624616;
WristLeft;-0.9902589;-0.1479451;3.053192;
HandRight;-1.095865;-0.3744619;2.646699;
HandLeft;-1.031054;-0.1881189;3.008976;
Spine;-0.8354871;-0.02967222;2.851733;
HipCenter;-0.8648219;-0.1012109;2.811219;
HipRight;-0.8239722;-0.1774474;2.725347;
HipLeft;-0.8876284;-0.2258121;2.871569;
KneeRight;-0.7273281;-0.757991;2.816862;
KneeLeft;-1.051173;-0.7711988;2.954257;
AnkleRight;-0.5321591;-1.103974;2.82886;
AnkleLeft;-1.165712;-1.143941;2.957733;
FootRight;-0.5728648;-1.183176;2.82488;
FootLeft;-1.246284;-1.178738;2.942144;
Head;-1.120926;0.4720634;2.906182;
ShoulderCenter;-0.967881;0.3341441;2.861192;
ShoulderRight;-0.8792436;0.1945362;2.729855;
ShoulderLeft;-1.07348;-0.01563832;2.90186;
ElbowRight;-0.9402183;-0.07274432;2.61134;
ElbowLeft;-0.7793051;-0.004582632;2.95391;
WristRight;-1.102337;-0.3074505;2.639255;
WristLeft;-1.034807;-0.1378105;3.040341;
HandRight;-1.144844;-0.3883841;2.653501;
HandLeft;-1.075687;-0.1780672;2.996033;
Spine;-0.8705314;-0.02883304;2.848685;
HipCenter;-0.8925585;-0.1008998;2.804217;
HipRight;-0.8408545;-0.1700249;2.721678;
HipLeft;-0.9160995;-0.2233448;2.856364;
KneeRight;-0.7640448;-0.7313203;2.797642;
KneeLeft;-1.073948;-0.7587599;2.953342;
AnkleRight;-0.5487254;-1.105313;2.833035;
AnkleLeft;-1.164371;-1.138355;2.950905;
FootRight;-0.6500192;-1.149392;2.875768;
FootLeft;-1.265651;-1.195655;2.984428;
Head;-1.164948;0.4894843;2.918538;
ShoulderCenter;-1.022294;0.3400713;2.868784;
ShoulderRight;-0.9280763;0.2016274;2.736996;
ShoulderLeft;-1.127893;-0.009711146;2.909451;
ElbowRight;-0.9741339;-0.06764532;2.623509;
ElbowLeft;-0.8301594;-0.04133438;2.94719;
WristRight;-1.112252;-0.3068309;2.639194;
WristLeft;-1.082933;-0.1814404;3.035363;
HandRight;-1.148225;-0.3823203;2.652275;
HandLeft;-1.123876;-0.22176;2.990987;
Spine;-0.9229896;-0.02978878;2.852065;
HipCenter;-0.94512;-0.1026587;2.805125;
HipRight;-0.8925172;-0.1652964;2.729022;
HipLeft;-0.9675202;-0.2132855;2.850381;
KneeRight;-0.7877008;-0.7395592;2.799691;
KneeLeft;-1.119336;-0.770574;2.95948;
AnkleRight;-0.5700966;-1.095688;2.822264;
AnkleLeft;-1.165895;-1.137174;2.94151;
FootRight;-0.6259772;-1.163157;2.806261;
FootLeft;-1.258275;-1.193508;2.946979;
Head;-1.206846;0.4870565;2.932853;
ShoulderCenter;-1.056186;0.3448555;2.879458;
ShoulderRight;-0.9566638;0.2066988;2.743615;
ShoulderLeft;-1.161785;-0.004926959;2.920125;
ElbowRight;-1.014556;-0.06664858;2.640027;
ElbowLeft;-0.8628148;-0.03668153;2.958099;
WristRight;-1.136265;-0.2922522;2.64191;
WristLeft;-1.116978;-0.1770284;3.046307;
HandRight;-1.17552;-0.3819803;2.65172;
HandLeft;-1.158005;-0.2174306;3.00184;
Spine;-0.9461874;-0.02769073;2.857688;
HipCenter;-0.96643;-0.1013651;2.809348;
HipRight;-0.9143894;-0.1601988;2.737678;
HipLeft;-0.9874077;-0.2116702;2.849924;
KneeRight;-0.8837045;-0.7539617;2.817759;
KneeLeft;-1.149435;-0.7879161;2.965183;
AnkleRight;-0.6210221;-1.064027;2.815726;
AnkleLeft;-1.16688;-1.137423;2.938541;
FootRight;-0.6232095;-1.152675;2.817938;
FootLeft;-1.254765;-1.193127;2.945324;
Head;-1.220221;0.5053667;2.924301;
ShoulderCenter;-1.085271;0.3471532;2.88844;
ShoulderRight;-0.9991276;0.2100281;2.745333;
ShoulderLeft;-1.19087;-0.002629253;2.929106;
ElbowRight;-1.040812;-0.05774376;2.640289;
ElbowLeft;-0.8907419;-0.03450679;2.967291;
WristRight;-1.165877;-0.2906717;2.643196;
WristLeft;-1.146206;-0.1750774;3.055526;
HandRight;-1.209195;-0.3776921;2.656586;
HandLeft;-1.187107;-0.2153538;3.011198;
Spine;-0.9981657;-0.03514752;2.868364;
HipCenter;-1.024258;-0.1098133;2.822694;
HipRight;-0.9746453;-0.1687688;2.74822;
HipLeft;-1.047894;-0.2227094;2.865831;
KneeRight;-0.9449345;-0.7759648;2.812959;
KneeLeft;-1.176699;-0.8125839;2.958475;
AnkleRight;-0.6863663;-1.043501;2.817256;
AnkleLeft;-1.162531;-1.155789;2.933647;
FootRight;-0.6988773;-1.129975;2.803564;
FootLeft;-1.255288;-1.192994;2.944252;
Head;-1.22155;0.5362276;2.903474;
ShoulderCenter;-1.135576;0.3512205;2.902479;
ShoulderRight;-1.024469;0.2115977;2.750884;
ShoulderLeft;-1.241175;0.001438081;2.943146;
ElbowRight;-1.066984;-0.05723222;2.644865;
ElbowLeft;-0.9399796;-0.03055279;2.981513;
WristRight;-1.188563;-0.277025;2.641116;
WristLeft;-1.196644;-0.1713277;3.069765;
HandRight;-1.21282;-0.3707449;2.655858;
HandLeft;-1.237461;-0.2115225;3.025527;
Spine;-1.0293;-0.03352598;2.875755;
HipCenter;-1.052535;-0.1088835;2.827315;
HipRight;-0.9990103;-0.1700081;2.750094;
HipLeft;-1.076401;-0.2230356;2.870951;
KneeRight;-1.022031;-0.77115;2.82325;
KneeLeft;-1.186743;-0.7964208;2.891819;
AnkleRight;-0.7618927;-1.033237;2.821665;
AnkleLeft;-1.175854;-1.130237;2.939018;
FootRight;-0.7806522;-1.113121;2.789267;
FootLeft;-1.259455;-1.193227;2.944007;
Head;-1.200644;0.4944522;2.943238;
ShoulderCenter;-1.160769;0.2888219;2.89605;
ShoulderRight;-1.05303;0.2165909;2.758857;
ShoulderLeft;-1.266368;-0.0609605;2.936718;
ElbowRight;-1.100273;-0.0490502;2.646351;
ElbowLeft;-0.9641021;-0.09306505;2.975323;
WristRight;-1.21513;-0.257821;2.640871;
WristLeft;-1.221971;-0.2340435;3.063619;
HandRight;-1.247896;-0.3480763;2.659497;
HandLeft;-1.262739;-0.2741908;3.019433;
Spine;-1.056412;-0.03884204;2.877022;
HipCenter;-1.079972;-0.1061066;2.828211;
HipRight;-1.024578;-0.1725045;2.741875;
HipLeft;-1.099655;-0.2342875;2.874415;
KneeRight;-1.098079;-0.7721897;2.830359;
KneeLeft;-1.139425;-0.7371744;2.913431;
AnkleRight;-0.8503039;-1.007365;2.82167;
AnkleLeft;-1.179577;-1.128027;2.940321;
FootRight;-0.8673675;-1.110986;2.806463;
FootLeft;-1.244548;-1.189978;2.938454;
Head;-1.297133;0.4529377;2.924017;
ShoulderCenter;-1.174037;0.285527;2.89725;
ShoulderRight;-1.092471;0.2161833;2.762683;
ShoulderLeft;-1.279636;-0.06425543;2.937917;
ElbowRight;-1.12529;-0.05234697;2.648422;
ElbowLeft;-0.9763607;-0.09646723;2.976747;
WristRight;-1.23642;-0.2552553;2.642027;
WristLeft;-1.235366;-0.2376362;3.065082;
HandRight;-1.275645;-0.3435999;2.656044;
HandLeft;-1.276077;-0.2777272;3.020957;
Spine;-1.067302;-0.04297795;2.879889;
HipCenter;-1.090166;-0.1096715;2.832402;
HipRight;-1.034053;-0.1761108;2.749563;
HipLeft;-1.106829;-0.235787;2.876516;
KneeRight;-1.183289;-0.7357659;2.831833;
KneeLeft;-1.134659;-0.7070785;3.011113;
AnkleRight;-0.9430503;-1.051412;2.841978;
AnkleLeft;-1.180365;-1.127719;2.941559;
FootRight;-0.9990465;-1.135433;2.809755;
FootLeft;-1.249776;-1.18866;2.940882;
Head;-1.329757;0.4650727;2.922556;
ShoulderCenter;-1.22639;0.2850104;2.904136;
ShoulderRight;-1.120199;0.2187666;2.768895;
ShoulderLeft;-1.331989;-0.06477201;2.944803;
ElbowRight;-1.151839;-0.05668623;2.655492;
ElbowLeft;-1.058795;-0.06586049;3.069157;
WristRight;-1.27234;-0.2553558;2.644472;
WristLeft;-1.316527;-0.2035045;3.168233;
HandRight;-1.305924;-0.3463948;2.653083;
HandLeft;-1.357132;-0.2434911;3.124223;
Spine;-1.098724;-0.04798197;2.895632;
HipCenter;-1.114365;-0.1163625;2.845984;
HipRight;-1.052373;-0.1847174;2.766599;
HipLeft;-1.126705;-0.2394283;2.889255;
KneeRight;-1.255295;-0.7411882;2.836768;
KneeLeft;-1.158205;-0.7279869;3.000016;
AnkleRight;-1.064629;-1.086262;2.855255;
AnkleLeft;-1.188328;-1.129489;2.906105;
FootRight;-1.167244;-1.141929;2.878816;
FootLeft;-1.279624;-1.184109;2.959635;
Head;-1.379839;0.4685943;2.933629;
ShoulderCenter;-1.246438;0.295365;2.904586;
ShoulderRight;-1.163108;0.217115;2.76273;
ShoulderLeft;-1.352037;-0.05441747;2.945253;
ElbowRight;-1.173583;-0.05933399;2.659112;
ElbowLeft;-1.077951;-0.05550947;3.07011;
WristRight;-1.323979;-0.3112925;2.657;
WristLeft;-1.336813;-0.1934434;3.169099;
HandRight;-1.343985;-0.3801057;2.648787;
HandLeft;-1.37749;-0.233501;3.125012;
Spine;-1.129734;-0.04660108;2.896322;
HipCenter;-1.150632;-0.1175037;2.850026;
HipRight;-1.096507;-0.1806234;2.784591;
HipLeft;-1.1749;-0.2275538;2.887805;
KneeRight;-1.299618;-0.7048262;2.863435;
KneeLeft;-1.182287;-0.7493393;2.99971;
AnkleRight;-1.132105;-1.099158;2.861439;
AnkleLeft;-1.17975;-1.103293;2.835627;
FootRight;-1.23491;-1.154929;2.885043;
FootLeft;-1.269276;-1.157231;2.893179;
Head;-1.390591;0.4675359;2.921294;
ShoulderCenter;-1.28461;0.2893661;2.905852;
ShoulderRight;-1.186483;0.2165048;2.764709;
ShoulderLeft;-1.390209;-0.06041636;2.946519;
ElbowRight;-1.202707;-0.06098609;2.662862;
ElbowLeft;-1.115225;-0.06151196;3.071875;
WristRight;-1.333305;-0.3017552;2.650398;
WristLeft;-1.375224;-0.1997363;3.170772;
HandRight;-1.362426;-0.3672963;2.641339;
HandLeft;-1.415991;-0.2398817;3.126588;
Spine;-1.16456;-0.05008261;2.905135;
HipCenter;-1.182117;-0.1206855;2.857955;
HipRight;-1.117937;-0.1833374;2.790444;
HipLeft;-1.197425;-0.2351153;2.89601;
KneeRight;-1.356467;-0.74205;2.836439;
KneeLeft;-1.27224;-0.7787393;2.940135;
AnkleRight;-1.214719;-1.123371;2.875409;
AnkleLeft;-1.263771;-1.127432;2.77612;
FootRight;-1.271952;-1.171664;2.803265;
FootLeft;-1.339441;-1.117068;2.820602;
Head;-1.42533;0.4601088;2.912096;
ShoulderCenter;-1.313421;0.2868097;2.898718;
ShoulderRight;-1.229184;0.2185268;2.767088;
ShoulderLeft;-1.41902;-0.06297275;2.939385;
ElbowRight;-1.228281;-0.05508425;2.666506;
ElbowLeft;-1.143197;-0.06407171;3.065209;
WristRight;-1.350956;-0.2759417;2.642454;
WristLeft;-1.404261;-0.202567;3.164016;
HandRight;-1.365034;-0.3517712;2.644906;
HandLeft;-1.4451;-0.2427836;3.119753;
Spine;-1.198656;-0.04707468;2.908267;
HipCenter;-1.217165;-0.1171547;2.863554;
HipRight;-1.155252;-0.184312;2.79493;
HipLeft;-1.236124;-0.2374459;2.909916;
KneeRight;-1.368369;-0.7530407;2.840875;
KneeLeft;-1.287327;-0.7775713;2.946191;
AnkleRight;-1.2374;-1.139771;2.919839;
AnkleLeft;-1.189558;-1.168608;2.950495;
FootRight;-1.160897;-1.184363;2.919852;
FootLeft;-1.265369;-1.158225;2.995059;
Head;-1.507942;0.4933943;2.885832;
ShoulderCenter;-1.363265;0.3579061;2.90843;
ShoulderRight;-1.248894;0.215655;2.765447;
ShoulderLeft;-1.468864;0.008123666;2.949097;
ElbowRight;-1.256926;-0.05366204;2.668012;
ElbowLeft;-1.183948;-0.0234118;3.055321;
WristRight;-1.360225;-0.2638175;2.63883;
WristLeft;-1.453205;-0.1586318;3.139761;
HandRight;-1.389029;-0.3303858;2.635214;
HandLeft;-1.494159;-0.1989621;3.095373;
Spine;-1.235415;-0.02018645;2.912976;
HipCenter;-1.245031;-0.10159;2.865608;
HipRight;-1.180273;-0.1714321;2.791878;
HipLeft;-1.266524;-0.2147625;2.917161;
KneeRight;-1.427394;-0.7282979;2.817214;
KneeLeft;-1.391158;-0.7346986;3.025272;
AnkleRight;-1.566067;-1.040783;2.810009;
AnkleLeft;-1.459184;-1.116795;2.858764;
FootRight;-1.613171;-1.072425;2.734645;
FootLeft;-1.51405;-1.165928;2.784676;
Head;-1.500126;0.5077687;2.872694;
ShoulderCenter;-1.3818;0.3550145;2.908899;
ShoulderRight;-1.284325;0.2078025;2.76624;
ShoulderLeft;-1.487399;0.005232073;2.949566;
ElbowRight;-1.29995;-0.0710064;2.669046;
ElbowLeft;-1.200917;-0.02028961;3.055085;
WristRight;-1.38473;-0.2884915;2.626438;
WristLeft;-1.472721;-0.1538776;3.136617;
HandRight;-1.389923;-0.3030084;2.628588;
HandLeft;-1.513677;-0.1942089;3.092228;
Spine;-1.256026;-0.02441097;2.920108;
HipCenter;-1.273101;-0.1059666;2.877642;
HipRight;-1.221526;-0.1840139;2.818607;
HipLeft;-1.290962;-0.2023551;2.924851;
KneeRight;-1.240544;-0.7613014;2.997855;
KneeLeft;-1.417143;-0.6305974;2.84931;
AnkleRight;-1.196621;-1.133013;2.948247;
AnkleLeft;-1.546693;-1.070273;2.757421;
FootRight;-1.241156;-1.202272;2.914942;
FootLeft;-1.608768;-1.138274;2.682565;
Head;-1.490359;0.5267646;2.87361;
ShoulderCenter;-1.403836;0.3485851;2.897609;
ShoulderRight;-1.318727;0.205428;2.759573;
ShoulderLeft;-1.420461;0.1905645;2.72235;
ElbowRight;-1.319655;-0.07540596;2.668984;
ElbowLeft;-1.132321;0.1684721;2.82617;
WristRight;-1.395086;-0.2968866;2.627621;
WristLeft;-1.404669;0.03475475;2.907751;
HandRight;-1.428995;-0.360963;2.63164;
HandLeft;-1.445614;-0.00556688;2.863373;
Spine;-1.335516;-0.06069518;2.925718;
HipCenter;-1.301605;-0.1344992;2.877482;
HipRight;-1.273085;-0.1991505;2.828865;
HipLeft;-1.300613;-0.1968535;2.921971;
KneeRight;-1.245345;-0.7771537;3.002418;
KneeLeft;-1.375191;-0.656242;2.950411;
AnkleRight;-1.196215;-1.133045;2.947043;
AnkleLeft;-1.65091;-0.9563611;2.746507;
FootRight;-1.238671;-1.203907;2.914388;
FootLeft;-1.618352;-0.9969152;2.655865;
Head;-1.48394;0.537163;2.876045;
ShoulderCenter;-1.428525;0.3440457;2.89076;
ShoulderRight;-1.329096;0.2023633;2.764087;
ShoulderLeft;-1.37334;0.1473225;2.683039;
ElbowRight;-1.341341;-0.07263125;2.666253;
ElbowLeft;-1.418474;-0.05021216;2.771307;
WristRight;-1.414153;-0.2955204;2.64317;
WristLeft;-1.717229;-0.1349095;2.821781;
HandRight;-1.443899;-0.3614224;2.647859;
HandLeft;-1.758089;-0.1751474;2.777495;
Spine;-1.37615;-0.09878327;2.907832;
HipCenter;-1.316428;-0.179201;2.880151;
HipRight;-1.30804;-0.2020539;2.893371;
HipLeft;-1.317305;-0.1951108;2.8655;
KneeRight;-1.260757;-0.7786908;2.998127;
KneeLeft;-1.445486;-0.6257259;2.857944;
AnkleRight;-1.196642;-1.132944;2.945523;
AnkleLeft;-1.576089;-1.064477;2.835822;
FootRight;-1.226115;-1.206799;2.906944;
FootLeft;-1.50299;-1.121632;2.780062;
Head;-1.512686;0.5276448;2.883252;
ShoulderCenter;-1.433861;0.3404298;2.890479;
ShoulderRight;-1.350947;0.1965919;2.781863;
ShoulderLeft;-1.382827;0.184968;2.704092;
ElbowRight;-1.36908;-0.07810548;2.676205;
ElbowLeft;-1.406104;-0.05679756;2.72814;
WristRight;-1.422668;-0.3008898;2.710908;
WristLeft;-1.68067;-0.1871031;2.80404;
HandRight;-1.452755;-0.3664151;2.717863;
HandLeft;-1.72152;-0.2273304;2.759765;
Spine;-1.395396;-0.1040044;2.921013;
HipCenter;-1.332149;-0.1829064;2.909477;
HipRight;-1.316422;-0.2080735;2.895183;
HipLeft;-1.33495;-0.2003753;2.93581;
KneeRight;-1.291507;-0.7848906;2.99542;
KneeLeft;-1.439702;-0.6584662;2.911836;
AnkleRight;-1.197385;-1.132574;2.943973;
AnkleLeft;-1.622661;-0.6930198;2.599537;
FootRight;-1.222484;-1.206321;2.902215;
FootLeft;-1.561947;-0.700017;2.702323;
Head;-1.543351;0.4823319;2.888139;
ShoulderCenter;-1.444186;0.3112425;2.912925;
ShoulderRight;-1.375892;0.1756394;2.826565;
ShoulderLeft;-1.383304;0.03509896;2.76925;
ElbowRight;-1.398133;-0.05511835;2.735305;
ElbowLeft;-1.418998;-0.2300474;2.75073;
WristRight;-1.427027;-0.3033797;2.71748;
WristLeft;-1.69341;-0.3602794;2.826573;
HandRight;-1.457085;-0.3688408;2.724428;
HandLeft;-1.734219;-0.4004672;2.782342;
Spine;-1.41435;-0.1468686;2.971292;
HipCenter;-1.352383;-0.2297356;2.959445;
HipRight;-1.344849;-0.26874;3.003192;
HipLeft;-1.344803;-0.2777023;2.920234;
KneeRight;-1.329131;-0.7844589;2.993197;
KneeLeft;-1.472598;-0.7026946;2.966203;
AnkleRight;-1.198172;-1.132546;2.944016;
AnkleLeft;-1.655694;-0.7298666;2.653638;
FootRight;-1.112066;-1.172424;2.902663;
FootLeft;-1.587642;-0.7096192;2.749184;
Head;-1.501957;0.3783566;2.813305;
ShoulderCenter;-1.450309;0.2624326;2.935118;
ShoulderRight;-1.380411;0.1321792;2.845044;
ShoulderLeft;-1.41025;0.02342387;2.785303;
ElbowRight;-1.436055;-0.1626262;2.780308;
ElbowLeft;-1.454437;-0.2063085;2.745782;
WristRight;-1.460676;-0.4010988;2.781598;
WristLeft;-1.737574;-0.3094667;2.828137;
HandRight;-1.490713;-0.4665153;2.788541;
HandLeft;-1.778356;-0.3496272;2.783936;
Spine;-1.43732;-0.1378692;3.021073;
HipCenter;-1.381936;-0.2144034;3.009218;
HipRight;-1.363191;-0.269793;3.101537;
HipLeft;-1.376984;-0.3242682;2.937277;
KneeRight;-1.377868;-0.7900479;2.987773;
KneeLeft;-1.475062;-0.7274044;3.089153;
AnkleRight;-1.200636;-1.146089;2.949463;
AnkleLeft;-1.657981;-0.7545501;2.77686;
FootRight;-1.120584;-1.188077;2.899766;
FootLeft;-1.589484;-0.7406917;2.872719;
Head;-1.474305;0.2559189;2.946545;
ShoulderCenter;-1.435519;0.01771316;3.002201;
ShoulderRight;-1.365741;-0.1136967;2.912619;
ShoulderLeft;-1.44846;-0.0422218;2.873522;
ElbowRight;-1.468718;-0.3131075;2.819502;
ElbowLeft;-1.460038;-0.3082429;2.811359;
WristRight;-1.494382;-0.5425817;2.836487;
WristLeft;-1.732984;-0.4377796;2.886749;
HandRight;-1.524288;-0.6077143;2.8434;
HandLeft;-1.773589;-0.4777658;2.84274;
Spine;-1.438819;-0.2462213;3.09174;
HipCenter;-1.420115;-0.3051517;3.061178;
HipRight;-1.389225;-0.355123;3.134958;
HipLeft;-1.445351;-0.3736806;3.003442;
KneeRight;-1.435436;-0.7777016;2.983174;
KneeLeft;-1.556417;-0.7808168;3.13395;
AnkleRight;-1.236045;-1.120028;2.963959;
AnkleLeft;-1.738492;-0.8078374;2.823024;
FootRight;-1.299001;-1.190786;2.953984;
FootLeft;-1.66402;-0.7480013;2.892388;
Head;-1.504722;0.2435351;2.991564;
ShoulderCenter;-1.471768;-0.01679046;3.034406;
ShoulderRight;-1.401991;-0.1482004;2.944824;
ShoulderLeft;-1.477262;-0.1031683;2.942457;
ElbowRight;-1.495673;-0.347352;2.839482;
ElbowLeft;-1.480374;-0.3188437;2.825356;
WristRight;-1.517231;-0.5752224;2.865899;
WristLeft;-1.753346;-0.445957;2.901777;
HandRight;-1.547074;-0.6402158;2.872797;
HandLeft;-1.793864;-0.4858581;2.857862;
Spine;-1.472331;-0.3495886;3.094115;
HipCenter;-1.471593;-0.4173733;3.059391;
HipRight;-1.446959;-0.4508934;3.053139;
HipLeft;-1.496209;-0.4245894;3.066634;
KneeRight;-1.473612;-0.8920593;2.980491;
KneeLeft;-1.607533;-0.8552656;3.078918;
AnkleRight;-1.251372;-1.12513;2.968097;
AnkleLeft;-1.541014;-1.143969;2.892379;
FootRight;-1.302161;-1.19378;2.952691;
FootLeft;-1.537407;-1.030089;2.920684;
Head;-1.465444;-0.639836;2.987659;
ShoulderCenter;-1.432491;-0.9001614;3.030562;
ShoulderRight;-1.362713;-1.031571;2.94098;
ShoulderLeft;-1.437984;-0.9865392;2.938614;
ElbowRight;-1.419705;-0.7233962;2.919108;
ElbowLeft;-1.47309;-0.6751911;2.919415;
WristRight;-1.544841;-0.4364771;2.904383;
WristLeft;-1.762675;-0.6024344;2.999748;
HandRight;-1.586553;-0.3408374;2.904549;
HandLeft;-1.803064;-0.6422082;2.955972;
Spine;-1.516616;-0.7225223;2.94543;
HipCenter;-1.524689;-0.6699153;2.978743;
HipRight;-1.4826;-0.638533;2.95128;
HipLeft;-1.581747;-0.6639144;2.995322;
KneeRight;-1.501265;-0.8550188;2.984429;
KneeLeft;-1.682974;-1.266799;3.041181;
AnkleRight;-1.299457;-1.1104;2.98355;
AnkleLeft;-1.640367;-1.451722;2.910981;
FootRight;-1.36072;-1.188789;2.971297;
FootLeft;-1.657644;-1.535566;2.92295;
Head;-1.471443;-0.6414824;2.988248;
ShoulderCenter;-1.43849;-0.9018078;3.031365;
ShoulderRight;-1.368713;-1.033218;2.941783;
ShoulderLeft;-1.443983;-0.9881856;2.939417;
ElbowRight;-1.426639;-0.7270014;2.929186;
ElbowLeft;-1.497705;-0.6814436;2.930678;
WristRight;-1.544793;-0.4384969;2.928955;
WristLeft;-1.789425;-0.6306748;3.014217;
HandRight;-1.584178;-0.3423288;2.933929;
HandLeft;-1.829687;-0.6703233;2.970579;
Spine;-1.517671;-0.9489597;3.091281;
HipCenter;-1.534004;-0.9646091;3.061769;
HipRight;-1.526363;-1.018266;3.136785;
HipLeft;-1.612644;-0.961126;2.997785;
KneeRight;-1.531988;-0.6057824;2.801405;
KneeLeft;-1.686381;-1.276965;3.046154;
AnkleRight;-1.53621;-0.2962103;2.531329;
AnkleLeft;-1.643774;-1.461888;2.916096;
FootRight;-1.540205;-0.3470888;2.443795;
FootLeft;-1.660989;-1.545429;2.928022;
