Floor;-0.02062308;0.9995234;0.02296781;1.064232;
Head;0.7873234;0.5193014;2.962656;
ShoulderCenter;0.8948273;0.3530048;2.933517;
ShoulderRight;0.9620124;0.2212683;2.79778;
ShoulderLeft;0.8183182;0.2079537;3.027061;
ElbowRight;1.012592;-0.04431808;2.679466;
ElbowLeft;0.7806132;-0.03048948;2.958758;
WristRight;0.9603122;-0.3224294;2.645633;
WristLeft;0.768887;-0.3212173;3.033588;
HandRight;0.9546152;-0.395494;2.626675;
HandLeft;0.7635725;-0.3882979;3.082377;
Spine;0.8607977;-0.04693864;2.899926;
HipCenter;0.8539918;-0.1269273;2.896791;
HipRight;0.8813795;-0.1820324;2.841738;
HipLeft;0.816717;-0.188024;2.939402;
KneeRight;0.8327754;-0.6572601;2.798311;
KneeLeft;0.824032;-0.6793528;2.825684;
AnkleRight;0.8350778;-1.060869;2.802846;
AnkleLeft;1.227467;-0.9621342;2.89862;
FootRight;0.7596887;-1.13339;2.850162;
FootLeft;1.203947;-1.090428;2.936479;
Head;0.7361848;0.50047;2.95597;
ShoulderCenter;0.8616976;0.3531835;2.930232;
ShoulderRight;0.9277469;0.2227554;2.793726;
ShoulderLeft;0.7956833;0.202196;3.007555;
ElbowRight;0.9806302;-0.03256054;2.679189;
ElbowLeft;0.7440819;-0.1226483;2.966066;
WristRight;0.9194137;-0.2663361;2.636287;
WristLeft;0.7430674;-0.3837795;3.061469;
HandRight;0.9193426;-0.364048;2.626514;
HandLeft;0.7381628;-0.4406978;3.10713;
Spine;0.8243002;-0.05238784;2.904115;
HipCenter;0.8165207;-0.1336215;2.902639;
HipRight;0.8384908;-0.1894256;2.845132;
HipLeft;0.7815589;-0.1984933;2.949853;
KneeRight;0.8277025;-0.6633604;2.79891;
KneeLeft;0.7934021;-0.6766076;2.890947;
AnkleRight;0.8369243;-1.059427;2.802529;
AnkleLeft;1.159573;-0.9634622;2.91718;
FootRight;0.7655898;-1.134046;2.856587;
FootLeft;1.123391;-1.087548;2.990888;
Head;0.7001042;0.5161042;2.950119;
ShoulderCenter;0.8268709;0.3559962;2.923506;
ShoulderRight;0.876594;0.2252499;2.782179;
ShoulderLeft;0.7205537;0.1238043;2.965364;
ElbowRight;0.9354789;-0.01981898;2.668357;
ElbowLeft;0.6979659;-0.1533357;2.930992;
WristRight;0.8720341;-0.2601349;2.628431;
WristLeft;0.6280349;-0.3818167;2.911728;
HandRight;0.862243;-0.362018;2.623752;
HandLeft;0.6229562;-0.4407556;2.95901;
Spine;0.7930504;-0.05170281;2.898036;
HipCenter;0.7863902;-0.1332432;2.896645;
HipRight;0.8171358;-0.178685;2.842288;
HipLeft;0.7375369;-0.2196175;2.937944;
KneeRight;0.8219159;-0.6687614;2.796763;
KneeLeft;0.7127175;-0.6542608;2.967481;
AnkleRight;0.8398343;-1.056743;2.805142;
AnkleLeft;1.062647;-1.017062;2.933456;
FootRight;0.7665324;-1.133126;2.85634;
FootLeft;0.9975778;-1.122793;2.97034;
Head;0.6595086;0.5079753;2.952287;
ShoulderCenter;0.7769001;0.3580072;2.913271;
ShoulderRight;0.8533254;0.2270499;2.778157;
ShoulderLeft;0.7038264;0.1775202;2.955527;
ElbowRight;0.8862941;-0.007319441;2.668667;
ElbowLeft;0.6778968;-0.1474818;2.926098;
WristRight;0.8239999;-0.256852;2.625694;
WristLeft;0.5851819;-0.3698667;2.90651;
HandRight;0.8077595;-0.3586338;2.620107;
HandLeft;0.5800654;-0.4292434;2.954143;
Spine;0.7517094;-0.06147488;2.883744;
HipCenter;0.7462538;-0.1453229;2.881428;
HipRight;0.7720343;-0.1913928;2.828744;
HipLeft;0.7183783;-0.215972;2.927231;
KneeRight;0.8163363;-0.6745015;2.795507;
KneeLeft;0.6895907;-0.6583986;2.960442;
AnkleRight;0.8383499;-1.050391;2.805475;
AnkleLeft;1.000279;-1.002992;2.930295;
FootRight;0.7709645;-1.128044;2.846756;
FootLeft;0.9150875;-1.103987;2.982751;
Head;0.6182702;0.486609;2.928226;
ShoulderCenter;0.7442344;0.355585;2.903402;
ShoulderRight;0.8115649;0.2240598;2.766975;
ShoulderLeft;0.6771837;0.1760482;2.945358;
ElbowRight;0.8322833;-0.02051282;2.653415;
ElbowLeft;0.6204486;-0.1332734;2.925602;
WristRight;0.7694325;-0.2564736;2.621485;
WristLeft;0.5889858;-0.3719408;2.890619;
HandRight;0.7501962;-0.3547483;2.61078;
HandLeft;0.5838993;-0.4309686;2.937972;
Spine;0.7237555;-0.06624112;2.880664;
HipCenter;0.7196528;-0.1505069;2.879655;
HipRight;0.7484112;-0.1981103;2.82619;
HipLeft;0.6810589;-0.2217956;2.924491;
KneeRight;0.802495;-0.681922;2.797161;
KneeLeft;0.6503257;-0.6748594;2.954913;
AnkleRight;0.8383285;-1.048746;2.80611;
AnkleLeft;0.7774615;-1.047674;2.935213;
FootRight;0.7754878;-1.119828;2.839659;
FootLeft;0.757408;-1.134125;2.989379;
Head;0.5967609;0.5131549;2.943173;
ShoulderCenter;0.707641;0.3580233;2.891103;
ShoulderRight;0.7698393;0.2308834;2.758279;
ShoulderLeft;0.6335061;0.170938;2.945858;
ElbowRight;0.7914237;-0.01780389;2.648412;
ElbowLeft;0.599938;-0.1290741;2.932433;
WristRight;0.7233777;-0.2486923;2.616554;
WristLeft;0.5184956;-0.356171;2.913589;
HandRight;0.6886054;-0.3452147;2.602492;
HandLeft;0.5133626;-0.4157394;2.961376;
Spine;0.694486;-0.06577437;2.876623;
HipCenter;0.6916331;-0.1504508;2.877147;
HipRight;0.7185308;-0.2005192;2.819375;
HipLeft;0.6601387;-0.2262121;2.926786;
KneeRight;0.7967314;-0.6854696;2.796754;
KneeLeft;0.6312497;-0.7085607;2.951623;
AnkleRight;0.8372937;-1.048803;2.807435;
AnkleLeft;0.7047728;-1.082051;2.934537;
FootRight;0.7691559;-1.121002;2.815432;
FootLeft;0.6192679;-1.132412;2.872231;
Head;0.5567549;0.509656;2.924287;
ShoulderCenter;0.6682552;0.3584163;2.880162;
ShoulderRight;0.7456527;0.2307349;2.753361;
ShoulderLeft;0.593206;0.1524834;2.949813;
ElbowRight;0.7431571;-0.0005735758;2.633002;
ElbowLeft;0.567278;-0.07888055;2.938646;
WristRight;0.6720539;-0.2307625;2.601311;
WristLeft;0.5193696;-0.3909537;2.93617;
HandRight;0.6390478;-0.3313376;2.601937;
HandLeft;0.5141225;-0.4518455;2.985019;
Spine;0.6633822;-0.06001962;2.872447;
HipCenter;0.66224;-0.1438594;2.874375;
HipRight;0.6950298;-0.1943662;2.815767;
HipLeft;0.6277769;-0.2271917;2.927267;
KneeRight;0.7837395;-0.6948265;2.796949;
KneeLeft;0.5811912;-0.7028201;2.94542;
AnkleRight;0.8345983;-1.052152;2.812243;
AnkleLeft;0.6144742;-1.067179;2.940218;
FootRight;0.771722;-1.124293;2.823952;
FootLeft;0.5400994;-1.126349;2.964794;
Head;0.5163878;0.51433;2.922869;
ShoulderCenter;0.6265613;0.3603642;2.880352;
ShoulderRight;0.6877315;0.2300486;2.743686;
ShoulderLeft;0.5540773;0.1421622;2.962857;
ElbowRight;0.7085772;-0.003657016;2.627744;
ElbowLeft;0.5629052;-0.08468623;2.929433;
WristRight;0.622147;-0.2341239;2.601486;
WristLeft;0.4947345;-0.3828505;2.942777;
HandRight;0.5773351;-0.3315249;2.594681;
HandLeft;0.4894092;-0.4446491;2.992353;
Spine;0.6316807;-0.0513852;2.868881;
HipCenter;0.6323621;-0.1339225;2.870338;
HipRight;0.6616516;-0.1858335;2.80426;
HipLeft;0.6051933;-0.2252446;2.928149;
KneeRight;0.7671999;-0.6923089;2.795094;
KneeLeft;0.5357191;-0.6935418;2.937078;
AnkleRight;0.8337628;-1.052081;2.812637;
AnkleLeft;0.4985302;-1.074563;2.939219;
FootRight;0.7719404;-1.123036;2.824157;
FootLeft;0.4024533;-1.118259;2.964856;
Head;0.4858386;0.5071876;2.925676;
ShoulderCenter;0.587791;0.3626166;2.87959;
ShoulderRight;0.667323;0.2318261;2.743598;
ShoulderLeft;0.5045215;0.1270171;2.943892;
ElbowRight;0.6571692;-0.006765717;2.618424;
ElbowLeft;0.5027156;-0.09397273;2.941478;
WristRight;0.5694236;-0.2287958;2.593825;
WristLeft;0.4510054;-0.3901784;2.945353;
HandRight;0.5240998;-0.3268138;2.601002;
HandLeft;0.4456407;-0.4524355;2.995297;
Spine;0.5963998;-0.05068547;2.865579;
HipCenter;0.598288;-0.1333646;2.866557;
HipRight;0.636701;-0.1849568;2.800252;
HipLeft;0.5609121;-0.2318535;2.92437;
KneeRight;0.7510341;-0.6919446;2.796196;
KneeLeft;0.4890731;-0.7038792;2.931337;
AnkleRight;0.8311073;-1.055524;2.820084;
AnkleLeft;0.3725863;-1.069572;2.921342;
FootRight;0.7685715;-1.126361;2.826682;
FootLeft;0.2900673;-1.116869;3.00723;
Head;0.4318777;0.4868827;2.929266;
ShoulderCenter;0.5537604;0.3531559;2.880441;
ShoulderRight;0.6156486;0.2285295;2.740865;
ShoulderLeft;0.4681175;0.04274585;2.955764;
ElbowRight;0.6199043;-0.01464835;2.616064;
ElbowLeft;0.4473296;-0.1756827;2.946369;
WristRight;0.5237975;-0.2276114;2.602421;
WristLeft;0.4550048;-0.3863568;2.867029;
HandRight;0.4681581;-0.3217614;2.598655;
HandLeft;0.4495806;-0.4493034;2.917526;
Spine;0.5747762;-0.0588991;2.853343;
HipCenter;0.5778933;-0.1416527;2.85155;
HipRight;0.61555;-0.201619;2.772732;
HipLeft;0.5430495;-0.2441884;2.911862;
KneeRight;0.6343445;-0.7072237;2.849089;
KneeLeft;0.4455232;-0.716393;2.918625;
AnkleRight;0.8303058;-1.056379;2.822863;
AnkleLeft;0.2767504;-1.073297;2.912821;
FootRight;0.7691273;-1.126902;2.849858;
FootLeft;0.1663153;-1.115014;2.970721;
Head;0.3988251;0.4859368;2.919595;
ShoulderCenter;0.5192723;0.3482614;2.891166;
ShoulderRight;0.5912306;0.2225747;2.737382;
ShoulderLeft;0.427215;0.120339;2.94584;
ElbowRight;0.5785269;0.01553306;2.612859;
ElbowLeft;0.4152272;-0.1359002;2.946368;
WristRight;0.4557715;-0.254164;2.604588;
WristLeft;0.4166028;-0.3516446;2.893179;
HandRight;0.3852601;-0.3577126;2.602828;
HandLeft;0.3907501;-0.4258259;2.899522;
Spine;0.5238255;-0.06105736;2.851986;
HipCenter;0.5259118;-0.1427543;2.847481;
HipRight;0.5653445;-0.2001347;2.773692;
HipLeft;0.4902453;-0.2328474;2.903011;
KneeRight;0.639973;-0.6955356;2.837234;
KneeLeft;0.4114125;-0.7042924;2.90816;
AnkleRight;0.8280581;-1.05727;2.824145;
AnkleLeft;0.2095921;-1.070987;2.880459;
FootRight;0.7600727;-1.126097;2.822588;
FootLeft;0.08460318;-1.092202;2.913073;
Head;0.3556299;0.4801054;2.923106;
ShoulderCenter;0.47454;0.3412105;2.880075;
ShoulderRight;0.5395802;0.2142235;2.740557;
ShoulderLeft;0.3863894;0.03015362;2.963207;
ElbowRight;0.5260853;-0.02927434;2.612884;
ElbowLeft;0.3823099;-0.185901;2.936069;
WristRight;0.3867745;-0.286128;2.608045;
WristLeft;0.3502424;-0.3949105;2.876387;
HandRight;0.357869;-0.3586029;2.614224;
HandLeft;0.3126199;-0.4626181;2.887636;
Spine;0.4975371;-0.06232542;2.844888;
HipCenter;0.5011357;-0.1433038;2.841125;
HipRight;0.543736;-0.2005513;2.762105;
HipLeft;0.4607269;-0.2492352;2.901248;
KneeRight;0.6058271;-0.7039764;2.831309;
KneeLeft;0.3714024;-0.6907916;2.905143;
AnkleRight;0.820776;-1.05731;2.825213;
AnkleLeft;0.2016501;-1.078146;2.87236;
FootRight;0.7747569;-1.128041;2.873031;
FootLeft;0.07936934;-1.115984;2.901259;
Head;0.3296044;0.4867915;2.913294;
ShoulderCenter;0.4363658;0.3380985;2.877743;
ShoulderRight;0.5083269;0.2051535;2.743406;
ShoulderLeft;0.3464303;0.1134077;2.951194;
ElbowRight;0.4889024;-0.02843715;2.624808;
ElbowLeft;0.3506401;-0.1548832;2.922846;
WristRight;0.3765982;-0.2470136;2.612686;
WristLeft;0.3327728;-0.3705726;2.909469;
HandRight;0.3139161;-0.3317519;2.6141;
HandLeft;0.2999198;-0.4401833;2.921531;
Spine;0.4456492;-0.06340658;2.839365;
HipCenter;0.448588;-0.1436194;2.835422;
HipRight;0.4895222;-0.2020097;2.756959;
HipLeft;0.4138493;-0.2371263;2.895963;
KneeRight;0.6030405;-0.7108358;2.826589;
KneeLeft;0.3287584;-0.7213786;2.903022;
AnkleRight;0.8117783;-1.057525;2.825585;
AnkleLeft;0.2093009;-1.074856;2.864658;
FootRight;0.7650634;-1.137233;2.848591;
FootLeft;0.1211416;-1.11648;2.8662;
Head;0.278394;0.4893816;2.904;
ShoulderCenter;0.3913392;0.3425729;2.874956;
ShoulderRight;0.4553467;0.205524;2.747951;
ShoulderLeft;0.31237;0.1173615;2.942081;
ElbowRight;0.442741;-0.02995664;2.626974;
ElbowLeft;0.285943;-0.1740574;2.947739;
WristRight;0.3391839;-0.25213;2.614094;
WristLeft;0.2696015;-0.3912124;2.927343;
HandRight;0.2715093;-0.332845;2.611429;
HandLeft;0.236763;-0.4607925;2.939399;
Spine;0.3974414;-0.06735622;2.854395;
HipCenter;0.3991141;-0.149387;2.853983;
HipRight;0.4360623;-0.210363;2.785624;
HipLeft;0.3651216;-0.2333571;2.911783;
KneeRight;0.5692331;-0.717004;2.81278;
KneeLeft;0.3149253;-0.7236822;2.903262;
AnkleRight;0.7963825;-1.056938;2.8205;
AnkleLeft;0.2079691;-1.074128;2.860271;
FootRight;0.7551664;-1.139814;2.83849;
FootLeft;0.1172319;-1.133329;2.906902;
Head;0.233942;0.4905955;2.923575;
ShoulderCenter;0.3420447;0.3366696;2.878702;
ShoulderRight;0.4274184;0.2101061;2.745102;
ShoulderLeft;0.2651936;0.123123;2.931987;
ElbowRight;0.4240144;-0.03009118;2.637534;
ElbowLeft;0.2496115;-0.1654747;2.95121;
WristRight;0.3093934;-0.2513262;2.618963;
WristLeft;0.2014768;-0.3782403;2.919448;
HandRight;0.2469187;-0.3359088;2.617484;
HandLeft;0.168701;-0.4476875;2.931481;
Spine;0.3599004;-0.06655162;2.857942;
HipCenter;0.3628653;-0.1473885;2.857501;
HipRight;0.4025331;-0.2078455;2.788652;
HipLeft;0.3287172;-0.2337332;2.915451;
KneeRight;0.5418959;-0.7159812;2.799044;
KneeLeft;0.2707715;-0.7222865;2.895978;
AnkleRight;0.7844399;-1.055;2.814142;
AnkleLeft;0.2073644;-1.071958;2.857332;
FootRight;0.7301604;-1.124866;2.785681;
FootLeft;0.130406;-1.127567;2.879604;
Head;0.1826638;0.4938629;2.919792;
ShoulderCenter;0.3040314;0.3482636;2.888504;
ShoulderRight;0.3749997;0.215312;2.753061;
ShoulderLeft;0.2261948;0.1349422;2.941763;
ElbowRight;0.3721447;-0.01385474;2.647451;
ElbowLeft;0.1985918;-0.1497445;2.956017;
WristRight;0.267112;-0.2472908;2.629354;
WristLeft;0.1439808;-0.3600492;2.970229;
HandRight;0.2165631;-0.339243;2.62832;
HandLeft;0.1112762;-0.4293454;2.982236;
Spine;0.315664;-0.05960825;2.861963;
HipCenter;0.3182456;-0.1412931;2.860236;
HipRight;0.35435;-0.1947033;2.794454;
HipLeft;0.2845162;-0.2274063;2.913815;
KneeRight;0.4760434;-0.7205778;2.779163;
KneeLeft;0.244396;-0.7277071;2.892591;
AnkleRight;0.7535762;-1.038842;2.800777;
AnkleLeft;0.2072968;-1.071827;2.857092;
FootRight;0.7208008;-1.122957;2.785817;
FootLeft;0.1348547;-1.129656;2.881636;
Head;0.1576415;0.5096599;2.923163;
ShoulderCenter;0.2639523;0.3508252;2.889479;
ShoulderRight;0.3361703;0.2221575;2.751792;
ShoulderLeft;0.180985;0.1390961;2.929458;
ElbowRight;0.3506283;0.01188751;2.652281;
ElbowLeft;0.1617124;-0.152144;2.954207;
WristRight;0.2306442;-0.2511439;2.62559;
WristLeft;0.1266947;-0.3687204;2.935617;
HandRight;0.176312;-0.3401517;2.628332;
HandLeft;0.09584232;-0.4379042;2.921242;
Spine;0.2781913;-0.05632655;2.863296;
HipCenter;0.2808298;-0.1377564;2.861717;
HipRight;0.3201618;-0.1907606;2.799023;
HipLeft;0.2461824;-0.2193714;2.912441;
KneeRight;0.4207234;-0.7036532;2.759814;
KneeLeft;0.2128411;-0.7241774;2.885756;
AnkleRight;0.701045;-1.014044;2.790833;
AnkleLeft;0.2011473;-1.068863;2.85289;
FootRight;0.6743518;-1.099524;2.777947;
FootLeft;0.1345362;-1.130723;2.882806;
Head;0.1143123;0.505943;2.931502;
ShoulderCenter;0.2258525;0.3536029;2.889668;
ShoulderRight;0.2920395;0.2213796;2.74425;
ShoulderLeft;0.1291734;0.1096039;2.977937;
ElbowRight;0.2983128;0.01339757;2.649016;
ElbowLeft;0.1258074;-0.1252837;2.927284;
WristRight;0.2102897;-0.2342734;2.628489;
WristLeft;0.1156747;-0.3430235;2.920033;
HandRight;0.1619527;-0.326563;2.62975;
HandLeft;0.08485981;-0.4121232;2.905676;
Spine;0.2346676;-0.04749496;2.862962;
HipCenter;0.2364902;-0.1276383;2.861271;
HipRight;0.2759698;-0.1837896;2.791015;
HipLeft;0.2017428;-0.2233862;2.917797;
KneeRight;0.3367464;-0.7126839;2.758402;
KneeLeft;0.1810299;-0.7167814;2.881455;
AnkleRight;0.6137955;-0.9887169;2.772272;
AnkleLeft;0.1954238;-1.068344;2.851237;
FootRight;0.6091241;-1.077899;2.764714;
FootLeft;0.1353519;-1.135934;2.892454;
Head;0.06164224;0.5017048;2.925951;
ShoulderCenter;0.1865936;0.3590886;2.893173;
ShoulderRight;0.268939;0.226173;2.748102;
ShoulderLeft;0.09981064;0.1235254;2.938953;
ElbowRight;0.2764887;0.01432723;2.647074;
ElbowLeft;0.1011165;-0.1232043;2.922926;
WristRight;0.1584141;-0.2307752;2.625662;
WristLeft;0.04859805;-0.3327948;2.93091;
HandRight;0.1159678;-0.325454;2.628204;
HandLeft;0.01407832;-0.398415;2.950592;
Spine;0.201309;-0.05183687;2.865054;
HipCenter;0.2038362;-0.1338828;2.863131;
HipRight;0.2438788;-0.1855629;2.801274;
HipLeft;0.166355;-0.2198616;2.912344;
KneeRight;0.255126;-0.695899;2.75069;
KneeLeft;0.1548647;-0.7299562;2.825201;
AnkleRight;0.5448347;-1.001608;2.778919;
AnkleLeft;0.1941075;-1.070057;2.851651;
FootRight;0.5156484;-1.099076;2.778201;
FootLeft;0.1280003;-1.143512;2.904444;
Head;0.03363692;0.5016802;2.93568;
ShoulderCenter;0.1606864;0.3619066;2.892184;
ShoulderRight;0.2282759;0.2323879;2.751007;
ShoulderLeft;0.08029501;0.1255561;2.93782;
ElbowRight;0.2285612;-0.007086295;2.639862;
ElbowLeft;0.06679482;-0.1198;2.919975;
WristRight;0.1365026;-0.2307892;2.621728;
WristLeft;0.04065232;-0.3352346;2.90871;
HandRight;0.08197327;-0.3182767;2.618551;
HandLeft;0.006349023;-0.4004434;2.92827;
Spine;0.1669772;-0.0638116;2.863558;
HipCenter;0.1676555;-0.1496733;2.861463;
HipRight;0.2089732;-0.1928793;2.816592;
HipLeft;0.1283976;-0.2188999;2.895818;
KneeRight;0.1860413;-0.6936262;2.751102;
KneeLeft;0.08308968;-0.722782;2.771884;
AnkleRight;0.4565644;-1.003742;2.777159;
AnkleLeft;0.1936172;-1.0708;2.851776;
FootRight;0.4112944;-1.108847;2.770557;
FootLeft;0.1288445;-1.143292;2.905458;
Head;0.003897004;0.5075517;2.93785;
ShoulderCenter;0.1176859;0.3605548;2.887882;
ShoulderRight;0.1871755;0.2357214;2.748469;
ShoulderLeft;0.0341696;0.1242757;2.933091;
ElbowRight;0.213748;0.007220005;2.638444;
ElbowLeft;0.02919527;-0.1214105;2.915775;
WristRight;0.1156912;-0.22803;2.618704;
WristLeft;-0.01384066;-0.3272697;2.952802;
HandRight;0.05499931;-0.310862;2.610851;
HandLeft;0.0006560897;-0.3954563;2.922228;
Spine;0.1406826;-0.07179743;2.858115;
HipCenter;0.1448483;-0.1579939;2.855971;
HipRight;0.1832112;-0.1938519;2.809362;
HipLeft;0.110173;-0.2316787;2.892204;
KneeRight;0.1108901;-0.6881434;2.762629;
KneeLeft;0.2392915;-0.6704093;2.905259;
AnkleRight;0.3221899;-1.040439;2.78201;
AnkleLeft;0.1969036;-1.076654;2.843254;
FootRight;0.2788667;-1.118294;2.763797;
FootLeft;0.1099362;-1.133626;2.909048;
Head;-0.034942;0.5213858;2.937065;
ShoulderCenter;0.07165237;0.3671933;2.888066;
ShoulderRight;0.1675532;0.2372732;2.75078;
ShoulderLeft;-0.009094585;0.1307637;2.9334;
ElbowRight;0.1717359;-0.006328864;2.636477;
ElbowLeft;-0.02089727;-0.1146656;2.915669;
WristRight;0.09014834;-0.2206475;2.61558;
WristLeft;-0.05630849;-0.3357293;3.010266;
HandRight;0.03019578;-0.3034625;2.602685;
HandLeft;-0.07341378;-0.3752571;3.073085;
Spine;0.09968524;-0.0631164;2.860306;
HipCenter;0.1056131;-0.1492709;2.858369;
HipRight;0.1520051;-0.1908936;2.804741;
HipLeft;0.06962687;-0.2313021;2.902056;
KneeRight;0.06699933;-0.6966255;2.785697;
KneeLeft;0.2201168;-0.6869219;2.906978;
AnkleRight;0.2209218;-1.062425;2.775322;
AnkleLeft;0.3066325;-1.010494;2.892447;
FootRight;0.1454199;-1.125332;2.781989;
FootLeft;0.2037679;-1.075558;2.911316;
Head;-0.07770839;0.5134754;2.93322;
ShoulderCenter;0.04236464;0.3673785;2.891096;
ShoulderRight;0.1325408;0.2411066;2.748265;
ShoulderLeft;-0.04039053;0.1311166;2.936543;
ElbowRight;0.1497533;-0.00552224;2.631206;
ElbowLeft;-0.04765236;-0.1146679;2.918548;
WristRight;0.03689436;-0.2404458;2.613679;
WristLeft;-0.09717295;-0.3210478;3.05791;
HandRight;0.008281596;-0.3094991;2.605855;
HandLeft;-0.1416284;-0.3814166;3.063163;
Spine;0.07316843;-0.06780268;2.859479;
HipCenter;0.07902118;-0.1548914;2.856816;
HipRight;0.1268841;-0.1897697;2.805508;
HipLeft;0.03753518;-0.2411809;2.896411;
KneeRight;0.05368799;-0.7042652;2.805388;
KneeLeft;0.1686229;-0.6964824;2.902106;
AnkleRight;0.1395525;-1.079507;2.778851;
AnkleLeft;0.2293667;-1.091374;2.861334;
FootRight;0.06117314;-1.119141;2.754307;
FootLeft;0.1465507;-1.181544;2.87663;
Head;-0.1147478;0.5137484;2.935219;
ShoulderCenter;0.004894204;0.3653105;2.891996;
ShoulderRight;0.09266397;0.2357776;2.749199;
ShoulderLeft;-0.07662822;0.1291134;2.937343;
ElbowRight;0.1164058;-0.009716204;2.630011;
ElbowLeft;-0.08659021;-0.1168265;2.919625;
WristRight;0.02102909;-0.2380824;2.611871;
WristLeft;-0.1559432;-0.3014816;3.070908;
HandRight;-0.04095101;-0.3183908;2.604501;
HandLeft;-0.191764;-0.3649277;3.052382;
Spine;0.03551281;-0.06781913;2.860042;
HipCenter;0.04184726;-0.1544541;2.857295;
HipRight;0.08157372;-0.1837616;2.847397;
HipLeft;-0.003355867;-0.2152399;2.858756;
KneeRight;-0.111805;-0.6231012;2.781133;
KneeLeft;0.1094811;-0.7084871;2.904929;
AnkleRight;0.06390877;-1.041313;2.795934;
AnkleLeft;0.2290108;-1.093629;2.863999;
FootRight;-0.0418285;-1.105041;2.790143;
FootLeft;0.1460533;-1.183953;2.879321;
Head;-0.1578686;0.5001265;2.918759;
ShoulderCenter;-0.02505329;0.3627876;2.894092;
ShoulderRight;0.05503991;0.2351879;2.750039;
ShoulderLeft;-0.10738;0.1265341;2.939468;
ElbowRight;0.0872438;-0.01218646;2.628271;
ElbowLeft;-0.1319145;-0.1557656;2.992445;
WristRight;-0.01155315;-0.2287349;2.608815;
WristLeft;-0.2216034;-0.3240671;3.083323;
HandRight;-0.0599963;-0.3190247;2.604469;
HandLeft;-0.2545548;-0.3520938;3.046131;
Spine;-0.01292706;-0.07548685;2.851348;
HipCenter;-0.00887714;-0.1630125;2.846315;
HipRight;0.03532994;-0.1951277;2.839613;
HipLeft;-0.04609662;-0.2188601;2.843236;
KneeRight;-0.1260314;-0.6288263;2.784683;
KneeLeft;-0.02141972;-0.7214134;2.83638;
AnkleRight;0.09498543;-1.025606;2.822759;
AnkleLeft;0.2151543;-1.093628;2.865898;
FootRight;-0.02071239;-1.068847;2.814826;
FootLeft;0.1183517;-1.140743;2.926957;
Head;-0.1934265;0.507886;2.922533;
ShoulderCenter;-0.07057273;0.359282;2.894578;
ShoulderRight;0.01892966;0.2272473;2.747377;
ShoulderLeft;-0.1523502;0.1230757;2.939926;
ElbowRight;0.03847133;-0.02107094;2.622917;
ElbowLeft;-0.1966279;-0.136208;3.049166;
WristRight;-0.04010662;-0.2369289;2.605664;
WristLeft;-0.28078;-0.3368634;3.064969;
HandRight;-0.08109449;-0.3316168;2.599213;
HandLeft;-0.3195572;-0.3340538;3.046853;
Spine;-0.02855345;-0.07656242;2.848799;
HipCenter;-0.02207944;-0.1638897;2.843511;
HipRight;0.01739304;-0.1989124;2.813062;
HipLeft;-0.0660096;-0.2264635;2.856615;
KneeRight;-0.1254467;-0.6382374;2.805279;
KneeLeft;-0.07127326;-0.726502;2.83162;
AnkleRight;0.09855695;-1.039351;2.827836;
AnkleLeft;0.2054272;-1.090261;2.859778;
FootRight;-0.02272809;-1.061121;2.814001;
FootLeft;0.1117602;-1.140155;2.923906;
Head;-0.2151317;0.507405;2.922349;
ShoulderCenter;-0.09566292;0.3543363;2.894576;
ShoulderRight;-0.01719551;0.2186463;2.744205;
ShoulderLeft;-0.1778112;0.1180798;2.939925;
ElbowRight;0.01064937;-0.0277578;2.622647;
ElbowLeft;-0.2346103;-0.1488382;3.032745;
WristRight;-0.0823259;-0.2581446;2.600647;
WristLeft;-0.3518988;-0.3287472;3.069893;
HandRight;-0.1115059;-0.3539476;2.589702;
HandLeft;-0.390995;-0.3887169;3.087258;
Spine;-0.05994124;-0.08128329;2.840399;
HipCenter;-0.05209327;-0.1682473;2.833394;
HipRight;-0.008641396;-0.2001781;2.786657;
HipLeft;-0.08924989;-0.2424205;2.861313;
KneeRight;0.1037192;-0.7447386;2.898768;
KneeLeft;-0.1800366;-0.74814;2.792038;
AnkleRight;0.1149809;-1.084977;2.832454;
AnkleLeft;0.1586391;-1.053756;2.843497;
FootRight;-0.008424096;-1.091152;2.819689;
FootLeft;0.09033786;-1.129366;2.914546;
Head;-0.2614677;0.4912066;2.889949;
ShoulderCenter;-0.1389467;0.3428127;2.885841;
ShoulderRight;-0.05224076;0.213089;2.74299;
ShoulderLeft;-0.2208894;0.1066121;2.931211;
ElbowRight;-0.0355151;-0.03670301;2.627538;
ElbowLeft;-0.2901845;-0.1447249;3.051723;
WristRight;-0.09900058;-0.2529524;2.593351;
WristLeft;-0.3851164;-0.3433231;3.067605;
HandRight;-0.1336595;-0.3503992;2.582901;
HandLeft;-0.4167604;-0.4095225;3.077884;
Spine;-0.1051142;-0.0960686;2.831812;
HipCenter;-0.09888589;-0.1840457;2.824564;
HipRight;-0.04740758;-0.2083998;2.781986;
HipLeft;-0.1372366;-0.2650395;2.852386;
KneeRight;0.08646582;-0.7433357;2.898659;
KneeLeft;-0.2057819;-0.7549214;2.798095;
AnkleRight;0.1043286;-1.084188;2.834316;
AnkleLeft;0.1458298;-1.048942;2.842283;
FootRight;-0.01974375;-1.087988;2.82302;
FootLeft;0.08835188;-1.126694;2.92094;
Head;-0.3005058;0.4833101;2.864589;
ShoulderCenter;-0.1751622;0.342846;2.881514;
ShoulderRight;-0.08752792;0.2070008;2.737217;
ShoulderLeft;-0.2572702;0.1066236;2.926856;
ElbowRight;-0.06994926;-0.0466701;2.6194;
ElbowLeft;-0.3367974;-0.144682;3.046109;
WristRight;-0.1314426;-0.2610037;2.586888;
WristLeft;-0.4428215;-0.3390834;3.06268;
HandRight;-0.1576421;-0.3618598;2.577997;
HandLeft;-0.5094333;-0.3725036;3.042156;
Spine;-0.1532937;-0.09940342;2.826335;
HipCenter;-0.1485011;-0.187911;2.819015;
HipRight;-0.1016946;-0.2169232;2.783048;
HipLeft;-0.189217;-0.2573296;2.840755;
KneeRight;0.06933506;-0.7475271;2.899395;
KneeLeft;-0.218534;-0.7347392;2.801978;
AnkleRight;0.09223653;-1.088691;2.833806;
AnkleLeft;0.1287901;-1.036871;2.839611;
FootRight;-0.03223516;-1.093381;2.824284;
FootLeft;0.0826472;-1.121144;2.919454;
Head;-0.3384977;0.4865614;2.863981;
ShoulderCenter;-0.2218525;0.3341291;2.873358;
ShoulderRight;-0.1329068;0.1997632;2.731768;
ShoulderLeft;-0.3038284;0.09791502;2.918718;
ElbowRight;-0.1052942;-0.04763987;2.61474;
ElbowLeft;-0.3747307;-0.1558068;3.041397;
WristRight;-0.1705105;-0.2610859;2.572583;
WristLeft;-0.473518;-0.3551044;3.059168;
HandRight;-0.1879105;-0.3643441;2.566589;
HandLeft;-0.5378707;-0.394383;3.041115;
Spine;-0.1908061;-0.09783509;2.82592;
HipCenter;-0.185399;-0.1844625;2.819904;
HipRight;-0.1464257;-0.2173173;2.807912;
HipLeft;-0.2306955;-0.2394059;2.820582;
KneeRight;0.03163695;-0.7541619;2.900663;
KneeLeft;-0.2140777;-0.7302714;2.809628;
AnkleRight;0.07924078;-1.093282;2.835102;
AnkleLeft;0.1256234;-1.042907;2.84275;
FootRight;-0.04557305;-1.101377;2.829481;
FootLeft;0.07882602;-1.126662;2.923191;
Head;-0.390703;0.4873846;2.864391;
ShoulderCenter;-0.2660328;0.3341466;2.855841;
ShoulderRight;-0.1573181;0.2013069;2.726783;
ShoulderLeft;-0.3481268;0.09792084;2.901168;
ElbowRight;-0.1541121;-0.05660656;2.60683;
ElbowLeft;-0.4243456;-0.1569768;3.022807;
WristRight;-0.2014956;-0.2785937;2.572379;
WristLeft;-0.5149161;-0.3585946;3.055584;
HandRight;-0.2278855;-0.3805469;2.569577;
HandLeft;-0.5748677;-0.403724;3.034787;
Spine;-0.2129862;-0.09851666;2.859049;
HipCenter;-0.2480276;-0.1814797;2.815361;
HipRight;-0.2010533;-0.2190755;2.805035;
HipLeft;-0.2915133;-0.2378766;2.815661;
KneeRight;0.005724549;-0.7608523;2.902827;
KneeLeft;-0.2336652;-0.7285112;2.815692;
AnkleRight;0.05177559;-1.100756;2.838681;
AnkleLeft;0.1086595;-1.039521;2.846764;
FootRight;-0.07336035;-1.109152;2.832844;
FootLeft;0.06908733;-1.127718;2.926881;
Head;-0.4288272;0.4760737;2.850458;
ShoulderCenter;-0.2926498;0.3354847;2.854779;
ShoulderRight;-0.2140817;0.198478;2.71871;
ShoulderLeft;-0.3746628;0.0992566;2.900124;
ElbowRight;-0.186651;-0.0537791;2.605565;
ElbowLeft;-0.4499009;-0.1570157;3.022844;
WristRight;-0.2400119;-0.3170733;2.574845;
WristLeft;-0.5211622;-0.3661867;3.060641;
HandRight;-0.2553635;-0.3979525;2.56265;
HandLeft;-0.5809141;-0.4109322;3.040372;
Spine;-0.2189365;-0.09973077;2.848413;
HipCenter;-0.2559832;-0.1849556;2.807301;
HipRight;-0.2136276;-0.2183266;2.776302;
HipLeft;-0.2972408;-0.2451086;2.815796;
KneeRight;-0.05675828;-0.7474344;2.918418;
KneeLeft;-0.2398224;-0.7313219;2.824336;
AnkleRight;0.02979521;-1.107662;2.847311;
AnkleLeft;0.1011542;-1.044417;2.860431;
FootRight;-0.09538147;-1.114608;2.838835;
FootLeft;0.06440263;-1.136987;2.937043;
Head;-0.4805673;0.4897669;2.835644;
ShoulderCenter;-0.3495661;0.3406841;2.831686;
ShoulderRight;-0.2595042;0.2011025;2.710324;
ShoulderLeft;-0.4316049;0.104458;2.877036;
ElbowRight;-0.2314241;-0.0491334;2.599375;
ElbowLeft;-0.5075657;-0.1527882;3.000382;
WristRight;-0.2838982;-0.2703344;2.564862;
WristLeft;-0.5452262;-0.3683028;3.050164;
HandRight;-0.2936549;-0.3742071;2.559627;
HandLeft;-0.5986298;-0.4196096;3.028322;
Spine;-0.2769014;-0.1013282;2.819399;
HipCenter;-0.3094675;-0.1868145;2.773681;
HipRight;-0.2664251;-0.2189651;2.743347;
HipLeft;-0.3453077;-0.2494072;2.7909;
KneeRight;-0.1015776;-0.7639698;2.896558;
KneeLeft;-0.273985;-0.7397999;2.839737;
AnkleRight;-0.00598298;-1.093743;2.829382;
AnkleLeft;0.08354887;-1.035521;2.866032;
FootRight;-0.1311704;-1.104476;2.824639;
FootLeft;0.05441678;-1.142271;2.906589;
Head;-0.5114725;0.500414;2.83318;
ShoulderCenter;-0.3897375;0.3471759;2.831322;
ShoulderRight;-0.3062581;0.2088017;2.703715;
ShoulderLeft;-0.4717763;0.1109497;2.876672;
ElbowRight;-0.2701945;-0.03714934;2.598159;
ElbowLeft;-0.5480253;-0.1472727;3.000639;
WristRight;-0.3276278;-0.3054963;2.569205;
WristLeft;-0.564935;-0.3679966;3.044419;
HandRight;-0.3322129;-0.3816688;2.557981;
HandLeft;-0.5964795;-0.4216565;2.998869;
Spine;-0.324968;-0.07638394;2.836822;
HipCenter;-0.3596702;-0.1596036;2.796077;
HipRight;-0.3123041;-0.1864748;2.794314;
HipLeft;-0.4011236;-0.2198975;2.789216;
KneeRight;-0.151198;-0.7443296;2.915627;
KneeLeft;-0.3216085;-0.7329921;2.844579;
AnkleRight;-0.07786756;-1.078455;2.843706;
AnkleLeft;0.02125564;-1.001482;2.872903;
FootRight;-0.2020068;-1.095551;2.833899;
FootLeft;0.0174833;-1.122815;2.905506;
Head;-0.5473759;0.4957232;2.831294;
ShoulderCenter;-0.4204772;0.347802;2.821634;
ShoulderRight;-0.3347237;0.2097159;2.699566;
ShoulderLeft;-0.502516;0.1115758;2.866983;
ElbowRight;-0.322379;-0.04371681;2.59126;
ElbowLeft;-0.317961;-0.06210443;3.014322;
WristRight;-0.3674002;-0.3111;2.562444;
WristLeft;-0.2667372;-0.2865402;3.089681;
HandRight;-0.3849885;-0.3859176;2.567009;
HandLeft;-0.2946889;-0.3422258;3.044452;
Spine;-0.3554949;-0.07426013;2.839833;
HipCenter;-0.3906565;-0.1580612;2.800241;
HipRight;-0.3474542;-0.1852116;2.807005;
HipLeft;-0.4307747;-0.2189357;2.788249;
KneeRight;-0.1719177;-0.7407253;2.913723;
KneeLeft;-0.3709282;-0.7442003;2.838157;
AnkleRight;-0.1200531;-1.078792;2.850673;
AnkleLeft;-0.03792891;-0.985521;2.890058;
FootRight;-0.2435466;-1.097565;2.838168;
FootLeft;-0.04866236;-1.092727;2.954488;
Head;-0.6015847;0.4945756;2.821539;
ShoulderCenter;-0.4685591;0.3533891;2.820391;
ShoulderRight;-0.3768221;0.2135193;2.693474;
ShoulderLeft;-0.5505979;0.117163;2.865741;
ElbowRight;-0.3515217;-0.03644768;2.588074;
ElbowLeft;-0.3476405;-0.03439318;3.016137;
WristRight;-0.4226455;-0.2732899;2.577569;
WristLeft;-0.3093966;-0.2473363;3.078013;
HandRight;-0.4387564;-0.3753331;2.56871;
HandLeft;-0.3372195;-0.3027653;3.032993;
Spine;-0.3827027;-0.03150089;2.823178;
HipCenter;-0.4121941;-0.1085583;2.780139;
HipRight;-0.3698493;-0.1712182;2.706647;
HipLeft;-0.4351435;-0.202587;2.83458;
KneeRight;-0.4665743;-0.6837021;2.753183;
KneeLeft;-0.3762707;-0.7374447;2.853918;
AnkleRight;-0.4438832;-1.08948;2.79721;
AnkleLeft;-0.1190424;-0.9684353;2.904652;
FootRight;-0.5177165;-1.143936;2.813223;
FootLeft;-0.1437808;-1.085243;2.9449;
Head;-0.6248233;0.499614;2.823942;
ShoulderCenter;-0.4947069;0.352451;2.813068;
ShoulderRight;-0.4152717;0.2129816;2.687254;
ShoulderLeft;-0.5767457;0.1162249;2.858417;
ElbowRight;-0.4081126;-0.0514704;2.591241;
ElbowLeft;-0.3875878;-0.05352317;3.006373;
WristRight;-0.4814931;-0.3247668;2.58393;
WristLeft;-0.3413917;-0.2708709;3.075843;
HandRight;-0.4877931;-0.3971441;2.559813;
HandLeft;-0.3691825;-0.3262359;3.030874;
Spine;-0.4316728;-0.0235916;2.851967;
HipCenter;-0.4649743;-0.1008106;2.817672;
HipRight;-0.427582;-0.1725275;2.753848;
HipLeft;-0.4893576;-0.1798807;2.878908;
KneeRight;-0.4756514;-0.6906631;2.754723;
KneeLeft;-0.3837192;-0.7272142;2.916436;
AnkleRight;-0.4445152;-1.089762;2.796566;
AnkleLeft;-0.1729994;-0.9960748;2.909423;
FootRight;-0.517176;-1.143616;2.823397;
FootLeft;-0.2436161;-1.095636;2.941344;
Head;-0.676672;0.5056624;2.81453;
ShoulderCenter;-0.5470253;0.3596331;2.813991;
ShoulderRight;-0.4420883;0.2212246;2.689707;
ShoulderLeft;-0.6290641;0.123407;2.85934;
ElbowRight;-0.44601;-0.04096577;2.583532;
ElbowLeft;-0.4291001;-0.04470626;2.996255;
WristRight;-0.5106065;-0.2605344;2.570036;
WristLeft;-0.3660368;-0.2731777;3.074043;
HandRight;-0.5353186;-0.3608159;2.57816;
HandLeft;-0.3938365;-0.3285606;3.029059;
Spine;-0.4577185;-0.02179768;2.852585;
HipCenter;-0.4814712;-0.1019465;2.817843;
HipRight;-0.4476631;-0.1620047;2.77191;
HipLeft;-0.5130603;-0.1710088;2.860451;
KneeRight;-0.4874726;-0.6992823;2.754144;
KneeLeft;-0.3925875;-0.7513555;2.91892;
AnkleRight;-0.4466949;-1.089264;2.79518;
AnkleLeft;-0.302565;-1.078957;2.920704;
FootRight;-0.5171129;-1.143547;2.822639;
FootLeft;-0.3756494;-1.135789;2.939055;
Head;-0.7008986;0.5030906;2.810663;
ShoulderCenter;-0.5724851;0.3567636;2.81585;
ShoulderRight;-0.4887375;0.2240679;2.683867;
ShoulderLeft;-0.654524;0.1205375;2.861199;
ElbowRight;-0.4852222;-0.03767608;2.578612;
ElbowLeft;-0.4627382;-0.05271499;3.001846;
WristRight;-0.5964285;-0.3121009;2.572411;
WristLeft;-0.4083708;-0.2777667;3.075821;
HandRight;-0.6217182;-0.3843463;2.570414;
HandLeft;-0.4361692;-0.3331469;3.030841;
Spine;-0.5009049;-0.01249234;2.857818;
HipCenter;-0.5291563;-0.08973964;2.827001;
HipRight;-0.4814296;-0.1564947;2.773961;
HipLeft;-0.5485126;-0.1650579;2.876136;
KneeRight;-0.4922;-0.7032147;2.753918;
KneeLeft;-0.6986345;-0.6696908;2.918906;
AnkleRight;-0.4497495;-1.08683;2.795368;
AnkleLeft;-0.3860813;-1.010967;2.905474;
FootRight;-0.5191039;-1.143017;2.821363;
FootLeft;-0.3864415;-1.120857;2.966662;
Head;-0.7549697;0.5010867;2.824137;
ShoulderCenter;-0.6152394;0.3600058;2.815017;
ShoulderRight;-0.5179849;0.2256428;2.683305;
ShoulderLeft;-0.6972781;0.1237797;2.860366;
ElbowRight;-0.5385915;-0.03271082;2.574894;
ElbowLeft;-0.5067009;-0.07090188;2.981974;
WristRight;-0.6370715;-0.2682271;2.564338;
WristLeft;-0.4548529;-0.3007199;3.048107;
HandRight;-0.6743476;-0.364297;2.56568;
HandLeft;-0.4825069;-0.3558125;3.00336;
Spine;-0.5461452;-0.01624743;2.856554;
HipCenter;-0.5709939;-0.0950608;2.828292;
HipRight;-0.5312299;-0.15306;2.77343;
HipLeft;-0.6044087;-0.1802399;2.882955;
KneeRight;-0.5013161;-0.7182076;2.755756;
KneeLeft;-0.7238468;-0.6924739;2.920074;
AnkleRight;-0.4520121;-1.087653;2.797533;
AnkleLeft;-0.5883079;-1.091191;2.92667;
FootRight;-0.5206962;-1.145501;2.818464;
FootLeft;-0.6166661;-1.166682;2.971378;
Head;-0.7752836;0.5099288;2.822204;
ShoulderCenter;-0.6482964;0.3582315;2.819735;
ShoulderRight;-0.5524781;0.2249919;2.682331;
ShoulderLeft;-0.7303352;0.1220053;2.865084;
ElbowRight;-0.5923107;-0.04421575;2.574139;
ElbowLeft;-0.5375419;-0.07091669;2.985024;
WristRight;-0.6924606;-0.2631582;2.562781;
WristLeft;-0.4826437;-0.3025434;3.052457;
HandRight;-0.7313084;-0.3572103;2.575349;
HandLeft;-0.510157;-0.3573556;3.007937;
Spine;-0.4879083;-0.004765415;2.83861;
HipCenter;-0.488856;-0.08717615;2.806675;
HipRight;-0.4169332;-0.1324383;2.743302;
HipLeft;-0.506901;-0.185648;2.860676;
KneeRight;-0.5086471;-0.7217098;2.758466;
KneeLeft;-0.7444419;-0.7287242;2.908186;
AnkleRight;-0.4589875;-1.083538;2.798928;
AnkleLeft;-0.6510451;-1.093428;2.930557;
FootRight;-0.5224373;-1.147452;2.81873;
FootLeft;-0.6689217;-1.178981;2.95995;
Head;-0.8220799;0.4894016;2.815124;
ShoulderCenter;-0.6759675;0.3574956;2.819018;
ShoulderRight;-0.5886714;0.2234605;2.68101;
ShoulderLeft;-0.7580063;0.1212695;2.864367;
ElbowRight;-0.6366956;-0.04907348;2.570834;
ElbowLeft;-0.5605379;0.009642377;3.046789;
WristRight;-0.7503433;-0.2728486;2.56347;
WristLeft;-0.5307275;-0.2033426;3.111542;
HandRight;-0.7886902;-0.3656835;2.580694;
HandLeft;-0.5580735;-0.2578215;3.067293;
Spine;-0.5131989;-0.001494029;2.835486;
HipCenter;-0.5153509;-0.083142;2.805331;
HipRight;-0.447125;-0.131788;2.739789;
HipLeft;-0.528524;-0.1828954;2.860917;
KneeRight;-0.5325524;-0.7198216;2.765964;
KneeLeft;-0.778641;-0.7192467;2.908643;
AnkleRight;-0.4601659;-1.085232;2.800153;
AnkleLeft;-0.7468734;-1.073559;2.93905;
FootRight;-0.5240345;-1.148172;2.818715;
FootLeft;-0.8055049;-1.136441;2.970569;
Head;-0.8213854;0.4692607;2.819115;
ShoulderCenter;-0.7250921;0.2940674;2.814589;
ShoulderRight;-0.6368111;0.2191542;2.680246;
ShoulderLeft;-0.8071309;0.05784133;2.859938;
ElbowRight;-0.6718322;-0.04471911;2.57161;
ElbowLeft;-0.6054256;-0.05147052;3.038592;
WristRight;-0.7868129;-0.2702014;2.562294;
WristLeft;-0.5704259;-0.2620991;3.106074;
HandRight;-0.8276339;-0.3499244;2.580635;
HandLeft;-0.5975866;-0.316209;3.062124;
Spine;-0.6543081;-0.04592294;2.834412;
HipCenter;-0.6744203;-0.1162889;2.807419;
HipRight;-0.6367049;-0.1800123;2.750207;
HipLeft;-0.6926249;-0.2105711;2.856122;
KneeRight;-0.5692418;-0.7206812;2.779411;
KneeLeft;-0.8132378;-0.735536;2.910938;
AnkleRight;-0.4655629;-1.081505;2.80475;
AnkleLeft;-0.879706;-1.099701;2.955894;
FootRight;-0.5265489;-1.148532;2.817686;
FootLeft;-0.9469454;-1.161354;2.948343;
Head;-0.9111994;0.4848349;2.829531;
ShoulderCenter;-0.7625649;0.3529657;2.821836;
ShoulderRight;-0.6746747;0.2192261;2.679523;
ShoulderLeft;-0.8446037;0.1167395;2.867185;
ElbowRight;-0.7195789;-0.039136;2.563742;
ElbowLeft;-0.6432753;0.00763189;3.04539;
WristRight;-0.8464623;-0.2774129;2.569667;
WristLeft;-0.6079904;-0.2024368;3.112962;
HandRight;-0.8887022;-0.3447585;2.592282;
HandLeft;-0.6349493;-0.2561446;3.069339;
Spine;-0.6786119;-0.03714948;2.832776;
HipCenter;-0.6976171;-0.114772;2.805661;
HipRight;-0.6627148;-0.1747863;2.748604;
HipLeft;-0.7181792;-0.2032761;2.85287;
KneeRight;-0.6443658;-0.721469;2.809703;
KneeLeft;-0.8512377;-0.7308838;2.911646;
AnkleRight;-0.4679618;-1.083442;2.809256;
AnkleLeft;-1.027014;-1.112505;2.950122;
FootRight;-0.5296385;-1.150557;2.817475;
FootLeft;-1.137214;-1.145834;2.995697;
Head;-0.9362786;0.4818751;2.832412;
ShoulderCenter;-0.7887143;0.3468399;2.819235;
ShoulderRight;-0.7036761;0.214972;2.682336;
ShoulderLeft;-0.8707532;0.1106138;2.864584;
ElbowRight;-0.7624254;-0.05139956;2.565363;
ElbowLeft;-0.6027899;0.02429053;2.966105;
WristRight;-0.9103566;-0.2976712;2.58431;
WristLeft;-0.5670026;-0.1935193;3.013909;
HandRight;-0.9484861;-0.3581301;2.604315;
HandLeft;-0.5939495;-0.2472032;2.970306;
Spine;-0.7316551;-0.0246708;2.839063;
HipCenter;-0.7539338;-0.09976069;2.813566;
HipRight;-0.7194779;-0.1717033;2.752492;
HipLeft;-0.7725589;-0.1869097;2.867598;
KneeRight;-0.6530172;-0.7344614;2.813546;
KneeLeft;-0.8964982;-0.708832;2.907863;
AnkleRight;-0.4687056;-1.086203;2.81377;
AnkleLeft;-1.117343;-1.109757;2.93892;
FootRight;-0.5333385;-1.150613;2.81448;
FootLeft;-1.233756;-1.124237;2.969637;
Head;-0.9826335;0.4831367;2.847929;
ShoulderCenter;-0.8386473;0.3407849;2.819436;
ShoulderRight;-0.7477297;0.2091836;2.681952;
ShoulderLeft;-0.9206861;0.1045588;2.864786;
ElbowRight;-0.7913436;-0.04844036;2.566372;
ElbowLeft;-0.6485982;-0.01126289;2.934058;
WristRight;-0.934509;-0.2896969;2.584928;
WristLeft;-0.610642;-0.231234;2.97623;
HandRight;-0.9866802;-0.3546278;2.610089;
HandLeft;-0.6376058;-0.2849517;2.932599;
Spine;-0.7449827;-0.01818782;2.801891;
HipCenter;-0.7632669;-0.08963551;2.763268;
HipRight;-0.7157217;-0.162864;2.674788;
HipLeft;-0.7789587;-0.1954028;2.824811;
KneeRight;-0.6674346;-0.7393338;2.817836;
KneeLeft;-0.919371;-0.7122132;2.906004;
AnkleRight;-0.474003;-1.095612;2.819623;
AnkleLeft;-1.137106;-1.108948;2.93279;
FootRight;-0.5456398;-1.151884;2.815156;
FootLeft;-1.256397;-1.132211;2.954116;
Head;-1.004884;0.483238;2.848254;
ShoulderCenter;-0.8647358;0.3365157;2.821489;
ShoulderRight;-0.7825672;0.2058848;2.688245;
ShoulderLeft;-0.9467747;0.1002896;2.866838;
ElbowRight;-0.8443327;-0.04581606;2.569612;
ElbowLeft;-0.6819558;-0.03798506;2.929469;
WristRight;-0.9895715;-0.2840545;2.59456;
WristLeft;-0.6641115;-0.2624918;2.966134;
HandRight;-1.035488;-0.3668436;2.620086;
HandLeft;-0.6909456;-0.315951;2.922714;
Spine;-0.7597716;-0.02402013;2.793507;
HipCenter;-0.7745266;-0.09636019;2.757003;
HipRight;-0.7279468;-0.1602268;2.680489;
HipLeft;-0.796301;-0.1892991;2.795708;
KneeRight;-0.6751086;-0.7392644;2.813849;
KneeLeft;-0.9836429;-0.738827;2.916967;
AnkleRight;-0.4761902;-1.097069;2.820172;
AnkleLeft;-1.12988;-1.099965;2.927835;
FootRight;-0.569934;-1.158097;2.871809;
FootLeft;-1.202254;-1.155207;2.929502;
Head;-1.072724;0.4728689;2.855531;
ShoulderCenter;-0.9233721;0.3354589;2.834843;
ShoulderRight;-0.8286447;0.2028628;2.690878;
ShoulderLeft;-1.005411;0.09923276;2.880193;
ElbowRight;-0.8787187;-0.0513838;2.573436;
ElbowLeft;-0.7276934;-0.007571153;2.950452;
WristRight;-1.034066;-0.2959625;2.601163;
WristLeft;-0.6889184;-0.2288135;2.993329;
HandRight;-1.065496;-0.3697774;2.625213;
HandLeft;-0.7157764;-0.2823199;2.949869;
Spine;-0.82372;-0.0386888;2.804708;
HipCenter;-0.8392597;-0.1141291;2.768902;
HipRight;-0.7927195;-0.1666771;2.698818;
HipLeft;-0.8577008;-0.2117745;2.811935;
KneeRight;-0.7222963;-0.7331135;2.800465;
KneeLeft;-1.005433;-0.7385513;2.919999;
AnkleRight;-0.4919042;-1.100414;2.827953;
AnkleLeft;-1.120395;-1.09502;2.918125;
FootRight;-0.5673913;-1.151146;2.856393;
FootLeft;-1.191352;-1.149483;2.933712;
Head;-1.097049;0.4730474;2.877107;
ShoulderCenter;-0.9459276;0.334775;2.831915;
ShoulderRight;-0.8704726;0.1996617;2.697379;
ShoulderLeft;-1.027966;0.09854887;2.877264;
ElbowRight;-0.9200277;-0.05413609;2.578318;
ElbowLeft;-0.7532125;-0.01097953;2.95547;
WristRight;-1.061755;-0.2942363;2.609496;
WristLeft;-0.7282044;-0.2354715;2.99624;
HandRight;-1.106874;-0.3752173;2.634145;
HandLeft;-0.7549338;-0.2887219;2.952989;
Spine;-0.8793629;-0.04276413;2.820357;
HipCenter;-0.9006591;-0.1178568;2.790009;
HipRight;-0.8621706;-0.1808912;2.719677;
HipLeft;-0.9197159;-0.2113833;2.841129;
KneeRight;-0.734275;-0.731315;2.792612;
KneeLeft;-1.042146;-0.7358594;2.914699;
AnkleRight;-0.5208632;-1.080667;2.812585;
AnkleLeft;-1.116876;-1.088528;2.910411;
FootRight;-0.5646046;-1.156997;2.833371;
FootLeft;-1.190889;-1.149258;2.933939;
Head;-1.075974;0.5369082;2.865151;
ShoulderCenter;-1.008754;0.3437618;2.839126;
ShoulderRight;-0.9125383;0.2077387;2.7052;
ShoulderLeft;-1.090792;0.1075357;2.884475;
ElbowRight;-0.9625497;-0.05878992;2.59008;
ElbowLeft;-0.8210536;-0.02873644;2.947908;
WristRight;-1.098951;-0.3059588;2.622003;
WristLeft;-0.7710824;-0.2494115;2.991374;
HandRight;-1.142135;-0.3927207;2.64177;
HandLeft;-0.7976976;-0.3024345;2.948308;
Spine;-0.8999176;-0.02856161;2.814389;
HipCenter;-0.9164132;-0.1039201;2.777849;
HipRight;-0.8712238;-0.1647083;2.703278;
HipLeft;-0.9348313;-0.1990164;2.826258;
KneeRight;-0.8102432;-0.691329;2.774383;
KneeLeft;-1.064237;-0.7478635;2.909656;
AnkleRight;-0.5557883;-1.071975;2.807337;
AnkleLeft;-1.119673;-1.089254;2.909329;
FootRight;-0.5590652;-1.161553;2.814054;
FootLeft;-1.183442;-1.149102;2.93011;
Head;-1.101387;0.5435113;2.911669;
ShoulderCenter;-1.042805;0.3473353;2.846823;
ShoulderRight;-0.9495846;0.2099723;2.709277;
ShoulderLeft;-1.124844;0.1111092;2.892173;
ElbowRight;-0.998727;-0.05326201;2.603874;
ElbowLeft;-0.8798805;-0.06750433;2.95044;
WristRight;-1.11916;-0.2759615;2.619069;
WristLeft;-0.8203741;-0.2855129;2.993345;
HandRight;-1.153748;-0.3677891;2.632801;
HandLeft;-0.8469614;-0.3384805;2.950324;
Spine;-0.9432641;-0.03433866;2.818552;
HipCenter;-0.9578048;-0.1110936;2.781191;
HipRight;-0.9116548;-0.1665374;2.714141;
HipLeft;-0.9772484;-0.1971379;2.823111;
KneeRight;-0.8885201;-0.6988138;2.775326;
KneeLeft;-1.105962;-0.7748904;2.901403;
AnkleRight;-0.6182723;-1.032315;2.800929;
AnkleLeft;-1.127455;-1.113258;2.909477;
FootRight;-0.6168987;-1.121233;2.811337;
FootLeft;-1.198531;-1.162346;2.933041;
Head;-1.188578;0.4640024;2.900872;
ShoulderCenter;-1.081963;0.2895751;2.84674;
ShoulderRight;-0.9952744;0.2197304;2.71451;
ShoulderLeft;-1.164002;0.05334902;2.89209;
ElbowRight;-1.035487;-0.04986518;2.61293;
ElbowLeft;-0.8758733;-0.04304115;2.951193;
WristRight;-1.174301;-0.295011;2.628704;
WristLeft;-0.8540719;-0.2698388;2.989195;
HandRight;-1.204274;-0.3889514;2.634748;
HandLeft;-0.8805813;-0.3226509;2.9463;
Spine;-0.9977043;-0.05618795;2.825635;
HipCenter;-1.01765;-0.1250679;2.790398;
HipRight;-0.9739134;-0.1832454;2.717095;
HipLeft;-1.036973;-0.2242856;2.836581;
KneeRight;-0.9595978;-0.7441145;2.780717;
KneeLeft;-1.138569;-0.8032718;2.890754;
AnkleRight;-0.6981933;-1.021248;2.800233;
AnkleLeft;-1.134504;-1.139073;2.915387;
FootRight;-0.703467;-1.119722;2.81901;
FootLeft;-1.217654;-1.161245;2.93902;
Head;-1.192649;0.4786639;2.899727;
ShoulderCenter;-1.105651;0.2949698;2.849864;
ShoulderRight;-1.015192;0.2191319;2.71782;
ShoulderLeft;-1.18769;0.05874373;2.895214;
ElbowRight;-1.069267;-0.04760034;2.621609;
ElbowLeft;-0.8988528;-0.03788358;2.954536;
WristRight;-1.180802;-0.2687971;2.621555;
WristLeft;-0.8778677;-0.2653631;2.992488;
HandRight;-1.203822;-0.364162;2.632272;
HandLeft;-0.9043491;-0.3181198;2.949638;
Spine;-1.016828;-0.05358634;2.828638;
HipCenter;-1.03542;-0.123224;2.792827;
HipRight;-0.9888975;-0.1821649;2.719965;
HipLeft;-1.055768;-0.222595;2.838303;
KneeRight;-1.048928;-0.7236134;2.79231;
KneeLeft;-1.166512;-0.7648923;2.826105;
AnkleRight;-0.7787929;-1.001712;2.799984;
AnkleLeft;-1.146988;-1.099173;2.910699;
FootRight;-0.8106185;-1.117582;2.81001;
FootLeft;-1.20094;-1.16453;2.938278;
Head;-1.200535;0.4878544;2.907118;
ShoulderCenter;-1.154812;0.2910227;2.863869;
ShoulderRight;-1.061578;0.222994;2.725111;
ShoulderLeft;-1.150044;0.1048028;2.63439;
ElbowRight;-1.108096;-0.0508449;2.625502;
ElbowLeft;-0.9884763;0.008469984;2.859194;
WristRight;-1.213206;-0.259603;2.618957;
WristLeft;-0.9192405;-0.2063703;2.999191;
HandRight;-1.244109;-0.352461;2.629567;
HandLeft;-0.9456553;-0.2589943;2.956449;
Spine;-1.107498;-0.07671919;2.841874;
HipCenter;-1.071804;-0.1368073;2.798273;
HipRight;-1.046236;-0.1925417;2.737809;
HipLeft;-1.071801;-0.2172123;2.837061;
KneeRight;-1.140811;-0.6959651;2.801031;
KneeLeft;-1.08076;-0.6856442;2.952279;
AnkleRight;-0.8624099;-1.016622;2.803068;
AnkleLeft;-1.147349;-1.100091;2.911052;
FootRight;-0.915906;-1.124449;2.816179;
FootLeft;-1.095805;-1.13883;2.827818;
Head;-1.235296;0.4849303;2.909654;
ShoulderCenter;-1.179761;0.2918316;2.859902;
ShoulderRight;-1.082765;0.2230294;2.725994;
ShoulderLeft;-1.174993;0.1056117;2.630424;
ElbowRight;-1.135943;-0.06170889;2.625198;
ElbowLeft;-1.008182;0.01311989;2.852409;
WristRight;-1.238606;-0.2712257;2.615615;
WristLeft;-0.9351373;-0.2006175;2.993042;
HandRight;-1.266297;-0.3648851;2.626964;
HandLeft;-0.9615213;-0.25318;2.95035;
Spine;-1.133444;-0.08044241;2.845819;
HipCenter;-1.095675;-0.1420947;2.803262;
HipRight;-1.066767;-0.1920424;2.750178;
HipLeft;-1.106518;-0.2120184;2.837159;
KneeRight;-1.198922;-0.7193016;2.815784;
KneeLeft;-1.10599;-0.702544;2.952924;
AnkleRight;-0.9730645;-1.0394;2.809268;
AnkleLeft;-1.160272;-1.111114;2.904044;
FootRight;-1.0399;-1.129535;2.802223;
FootLeft;-1.106012;-1.149951;2.822633;
Head;-1.333319;0.4533288;2.888732;
ShoulderCenter;-1.219548;0.2896306;2.862288;
ShoulderRight;-1.118528;0.2238143;2.729292;
ShoulderLeft;-1.21478;0.1034107;2.632809;
ElbowRight;-1.155838;-0.054391;2.62181;
ElbowLeft;-1.047652;0.01260323;2.85449;
WristRight;-1.269432;-0.257773;2.609257;
WristLeft;-0.9756355;-0.1996763;2.993197;
HandRight;-1.309459;-0.3463007;2.622109;
HandLeft;-1.001933;-0.2520671;2.950645;
Spine;-1.151583;-0.08539934;2.853271;
HipCenter;-1.111189;-0.1461728;2.809465;
HipRight;-1.081191;-0.1975279;2.762119;
HipLeft;-1.116583;-0.2103302;2.839473;
KneeRight;-1.244292;-0.7216074;2.841846;
KneeLeft;-1.143367;-0.7169926;2.950696;
AnkleRight;-1.084778;-1.069022;2.817992;
AnkleLeft;-1.084348;-1.086376;2.945056;
FootRight;-1.170148;-1.137055;2.811217;
FootLeft;-1.144912;-1.123083;2.846087;
Head;-1.410205;0.5009511;2.872612;
ShoulderCenter;-1.272542;0.3617529;2.871337;
ShoulderRight;-1.162815;0.2257051;2.73426;
ShoulderLeft;-1.267774;0.1755331;2.641858;
ElbowRight;-1.182292;-0.05165938;2.621578;
ElbowLeft;-1.119331;0.0532896;2.861251;
WristRight;-1.32358;-0.3106473;2.617421;
WristLeft;-1.037004;-0.1879698;3.030634;
HandRight;-1.34202;-0.3802782;2.625127;
HandLeft;-1.063304;-0.2403645;2.988078;
Spine;-1.202598;-0.05882356;2.860318;
HipCenter;-1.155563;-0.1294264;2.817596;
HipRight;-1.118299;-0.18471;2.769009;
HipLeft;-1.164421;-0.1835967;2.850486;
KneeRight;-1.371902;-0.6541336;2.781795;
KneeLeft;-1.238305;-0.7136992;2.891523;
AnkleRight;-1.553876;-0.9909685;2.77212;
AnkleLeft;-1.174945;-1.081405;2.886088;
FootRight;-1.495486;-1.030067;2.692492;
FootLeft;-1.234235;-1.089833;2.779647;
Head;-1.412741;0.4599306;2.874131;
ShoulderCenter;-1.2972;0.301037;2.864191;
ShoulderRight;-1.192777;0.224045;2.733302;
ShoulderLeft;-1.292432;0.1148171;2.634712;
ElbowRight;-1.20923;-0.05220296;2.621155;
ElbowLeft;-1.126406;-0.005897932;2.842344;
WristRight;-1.324758;-0.2532033;2.599079;
WristLeft;-1.032055;-0.2457695;3.006175;
HandRight;-1.343623;-0.3398948;2.619561;
HandLeft;-1.058257;-0.2979705;2.963776;
Spine;-1.221471;-0.06838471;2.867056;
HipCenter;-1.177381;-0.1320309;2.824394;
HipRight;-1.14295;-0.1923172;2.771007;
HipLeft;-1.182925;-0.1947027;2.862993;
KneeRight;-1.382151;-0.6353342;2.789033;
KneeLeft;-1.186139;-0.6682346;2.967216;
AnkleRight;-1.577832;-0.9977509;2.786448;
AnkleLeft;-1.122779;-1.03594;2.961775;
FootRight;-1.523425;-1.036986;2.70361;
FootLeft;-1.182287;-1.0444;2.854943;
Head;-1.476153;0.4966078;2.85253;
ShoulderCenter;-1.347766;0.3523619;2.858383;
ShoulderRight;-1.230865;0.2167522;2.731605;
ShoulderLeft;-1.256015;0.2452682;2.682467;
ElbowRight;-1.225697;-0.04648343;2.618563;
ElbowLeft;-1.090435;0.1248777;2.889546;
WristRight;-1.337952;-0.2486695;2.598324;
WristLeft;-0.9961201;-0.1141088;3.053147;
HandRight;-1.368412;-0.3387941;2.619017;
HandLeft;-1.022245;-0.1661545;3.010875;
Spine;-1.281764;-0.04893988;2.845424;
HipCenter;-1.214267;-0.1137382;2.829082;
HipRight;-1.196286;-0.1741608;2.76991;
HipLeft;-1.198808;-0.1784352;2.873323;
KneeRight;-1.37334;-0.6141222;2.823197;
KneeLeft;-1.186163;-0.6675844;2.966762;
AnkleRight;-1.191618;-1.025828;2.890768;
AnkleLeft;-1.122803;-1.03529;2.961406;
FootRight;-1.098127;-1.065231;2.859035;
FootLeft;-1.131413;-1.136399;2.902581;
Head;-1.446754;0.5142459;2.829589;
ShoulderCenter;-1.356284;0.3514426;2.85696;
ShoulderRight;-1.26822;0.2129976;2.721092;
ShoulderLeft;-1.27298;0.2395744;2.680209;
ElbowRight;-1.265059;-0.05235017;2.627469;
ElbowLeft;-1.107809;0.119481;2.886674;
WristRight;-1.358291;-0.2623879;2.5915;
WristLeft;-1.01353;-0.1186972;3.050007;
HandRight;-1.37966;-0.293557;2.603483;
HandLeft;-1.039538;-0.1705115;3.007922;
Spine;-1.297002;-0.05597148;2.829881;
HipCenter;-1.229915;-0.124576;2.831247;
HipRight;-1.218113;-0.1820699;2.782999;
HipLeft;-1.217237;-0.1727066;2.871346;
KneeRight;-1.378474;-0.6243287;2.850939;
KneeLeft;-1.19527;-0.6682143;2.965585;
AnkleRight;-1.187782;-1.03742;2.896313;
AnkleLeft;-1.131909;-1.03592;2.960198;
FootRight;-1.089664;-1.077444;2.899961;
FootLeft;-1.140664;-1.139187;2.902134;
Head;-1.436982;0.529055;2.826607;
ShoulderCenter;-1.391951;0.3463728;2.849238;
ShoulderRight;-1.297446;0.207204;2.716358;
ShoulderLeft;-1.334777;0.2178833;2.672878;
ElbowRight;-1.288859;-0.0659907;2.631194;
ElbowLeft;-1.234793;0.06445199;2.895129;
WristRight;-1.380797;-0.2742864;2.582043;
WristLeft;-1.200498;-0.1690032;3.019802;
HandRight;-1.44224;-0.3092902;2.570891;
HandLeft;-1.226488;-0.2207805;2.977748;
Spine;-1.317726;-0.070647;2.863855;
HipCenter;-1.259242;-0.1403688;2.836243;
HipRight;-1.247171;-0.1855191;2.801638;
HipLeft;-1.255607;-0.1674091;2.866479;
KneeRight;-1.396421;-0.630806;2.861736;
KneeLeft;-1.209009;-0.6655599;2.970513;
AnkleRight;-1.190477;-1.038771;2.897668;
AnkleLeft;-1.128488;-1.023597;3.005298;
FootRight;-1.214698;-1.155273;2.896334;
FootLeft;-1.136895;-1.12941;2.948617;
Head;-1.461326;0.5261769;2.834264;
ShoulderCenter;-1.400723;0.3455084;2.849484;
ShoulderRight;-1.306655;0.2058052;2.719326;
ShoulderLeft;-1.363738;0.2420049;2.692089;
ElbowRight;-1.327905;-0.07452893;2.623714;
ElbowLeft;-1.33056;-0.05727524;2.58878;
WristRight;-1.400833;-0.2920021;2.614223;
WristLeft;-1.340864;-0.2820164;2.618759;
HandRight;-1.425142;-0.3644931;2.616083;
HandLeft;-1.366758;-0.3336024;2.576859;
Spine;-1.3318;-0.07091837;2.885236;
HipCenter;-1.293364;-0.1478873;2.851713;
HipRight;-1.269617;-0.1940688;2.811261;
HipLeft;-1.297656;-0.1885806;2.890785;
KneeRight;-1.339021;-0.6517576;2.873603;
KneeLeft;-1.290047;-0.649175;2.955904;
AnkleRight;-1.17241;-1.077217;2.903862;
AnkleLeft;-1.197912;-1.009025;2.98821;
FootRight;-1.216456;-1.155322;2.895919;
FootLeft;-1.20634;-1.115005;2.931185;
Head;-1.48138;0.5217393;2.837796;
ShoulderCenter;-1.417043;0.3424101;2.853206;
ShoulderRight;-1.33014;0.2012867;2.76816;
ShoulderLeft;-1.340229;0.1747487;2.675891;
ElbowRight;-1.349699;-0.08225884;2.634908;
ElbowLeft;-1.373986;-0.0302591;2.550447;
WristRight;-1.413187;-0.2961921;2.670645;
WristLeft;-1.356516;-0.1838927;2.704143;
HandRight;-1.43435;-0.3675032;2.687565;
HandLeft;-1.350693;-0.2351039;2.760383;
Spine;-1.367703;-0.1025022;2.875355;
HipCenter;-1.306116;-0.1833038;2.876482;
HipRight;-1.29943;-0.2152448;2.856732;
HipLeft;-1.299532;-0.1951953;2.894031;
KneeRight;-1.27755;-0.7608554;2.966661;
KneeLeft;-1.294234;-0.7254841;2.969511;
AnkleRight;-1.173825;-1.094673;2.906383;
AnkleLeft;-1.200474;-1.148201;2.987074;
FootRight;-1.077444;-1.134705;2.888903;
FootLeft;-1.208902;-1.254181;2.930049;
Head;-1.535922;0.4594892;2.816658;
ShoulderCenter;-1.428906;0.3236369;2.872317;
ShoulderRight;-1.346143;0.1786987;2.779844;
ShoulderLeft;-1.365476;0.103986;2.718439;
ElbowRight;-1.377767;-0.05080369;2.670416;
ElbowLeft;-1.391081;-0.1187674;2.645015;
WristRight;-1.415805;-0.3087318;2.68565;
WristLeft;-1.396286;-0.3359198;2.700843;
HandRight;-1.428485;-0.3947078;2.695739;
HandLeft;-1.42201;-0.3871658;2.65922;
Spine;-1.393031;-0.1317115;2.911275;
HipCenter;-1.338596;-0.2146165;2.898095;
HipRight;-1.330328;-0.2524083;2.871246;
HipLeft;-1.335277;-0.2424979;2.925548;
KneeRight;-1.305821;-0.7648769;2.966545;
KneeLeft;-1.384259;-0.6741797;2.938083;
AnkleRight;-1.174562;-1.095275;2.90792;
AnkleLeft;-1.290299;-1.09514;2.955517;
FootRight;-1.088007;-1.136158;2.863384;
FootLeft;-1.298727;-1.20112;2.898492;
Head;-1.491599;0.3809271;2.789098;
ShoulderCenter;-1.433267;0.2786164;2.906237;
ShoulderRight;-1.351509;0.1328828;2.81129;
ShoulderLeft;-1.397395;-0.001370684;2.743928;
ElbowRight;-1.413528;-0.1663269;2.738508;
ElbowLeft;-1.443301;-0.2247471;2.719837;
WristRight;-1.43767;-0.393734;2.739068;
WristLeft;-1.424338;-0.4394039;2.779612;
HandRight;-1.445717;-0.4695363;2.744266;
HandLeft;-1.449972;-0.4904727;2.738133;
Spine;-1.397834;-0.169792;2.996938;
HipCenter;-1.349385;-0.2569775;2.985603;
HipRight;-1.328645;-0.2911139;3.054603;
HipLeft;-1.351901;-0.3391937;2.930578;
KneeRight;-1.369989;-0.7660665;2.955482;
KneeLeft;-1.380303;-0.7268313;3.110121;
AnkleRight;-1.189947;-1.096196;2.914505;
AnkleLeft;-1.28379;-1.11197;3.108799;
FootRight;-1.242254;-1.168842;2.913894;
FootLeft;-1.292218;-1.21795;3.051774;
Head;-1.433973;0.2161403;2.8524;
ShoulderCenter;-1.420437;0.0228217;2.947571;
ShoulderRight;-1.338678;-0.1229118;2.852624;
ShoulderLeft;-1.425969;-0.05028349;2.795958;
ElbowRight;-1.436795;-0.3247437;2.788122;
ElbowLeft;-1.454692;-0.2657595;2.700646;
WristRight;-1.499974;-0.538703;2.815777;
WristLeft;-1.436202;-0.4102396;2.859916;
HandRight;-1.521034;-0.6100228;2.829999;
HandLeft;-1.430038;-0.4583997;2.91801;
Spine;-1.429159;-0.2231244;3.019575;
HipCenter;-1.407121;-0.2759223;2.996386;
HipRight;-1.378547;-0.3475771;3.088924;
HipLeft;-1.427788;-0.3816634;2.923919;
KneeRight;-1.410384;-0.7739357;2.957494;
KneeLeft;-1.429542;-0.7564136;3.127516;
AnkleRight;-1.201899;-1.101394;2.930167;
AnkleLeft;-1.335454;-1.109057;3.104225;
FootRight;-1.256163;-1.172379;2.928929;
FootLeft;-1.343881;-1.215037;3.0472;
Head;-1.463766;0.1556385;2.920585;
ShoulderCenter;-1.448965;-0.02172811;2.989752;
ShoulderRight;-1.367207;-0.1674616;2.894804;
ShoulderLeft;-1.451289;-0.1715993;2.90212;
ElbowRight;-1.474733;-0.3487;2.784483;
ElbowLeft;-1.488961;-0.1546118;2.650791;
WristRight;-1.532467;-0.5345851;2.88382;
WristLeft;-1.472185;-0.3346108;2.814126;
HandRight;-1.551712;-0.5965468;2.921927;
HandLeft;-1.497666;-0.3853756;2.772894;
Spine;-1.444952;-0.3371451;3.085428;
HipCenter;-1.447501;-0.4069611;3.065904;
HipRight;-1.409653;-0.4302542;3.134157;
HipLeft;-1.485028;-0.4682345;3.011079;
KneeRight;-1.451861;-0.8269385;2.950144;
KneeLeft;-1.480206;-0.7210701;3.105233;
AnkleRight;-1.238567;-1.093732;2.943617;
AnkleLeft;-1.321219;-1.294852;3.089568;
FootRight;-1.295345;-1.162442;2.944156;
FootLeft;-1.327509;-1.347664;2.999191;
Head;-1.412286;-0.6980487;2.945833;
ShoulderCenter;-1.397485;-0.8754153;3.015194;
ShoulderRight;-1.315727;-1.021149;2.920247;
ShoulderLeft;-1.399809;-1.025286;2.927562;
ElbowRight;-1.392236;-0.7273451;2.872857;
ElbowLeft;-1.432303;-0.7236851;2.876303;
WristRight;-1.54044;-0.4954219;2.893552;
WristLeft;-1.487671;-0.4246366;2.858823;
HandRight;-1.523547;-0.434388;2.85247;
HandLeft;-1.506126;-0.3249537;2.857969;
Spine;-1.53035;-0.7643276;2.954771;
HipCenter;-1.554147;-0.7273396;2.986604;
HipRight;-1.570782;-0.698382;3.024009;
HipLeft;-1.601674;-0.69565;2.931379;
KneeRight;-1.573914;-1.277632;2.929854;
KneeLeft;-1.403129;-0.5603997;3.275665;
AnkleRight;-1.300853;-1.063927;2.945723;
AnkleLeft;-1.344419;-0.8846052;3.169728;
FootRight;-1.351232;-1.158947;2.97425;
FootLeft;-1.336156;-0.9297683;3.263671;
Head;-1.452944;-0.718973;2.919083;
ShoulderCenter;-1.438143;-0.8963397;2.988623;
ShoulderRight;-1.356384;-1.042073;2.893675;
ShoulderLeft;-1.440467;-1.046211;2.900991;
ElbowRight;-1.414158;-0.7450337;2.879877;
ElbowLeft;-1.466487;-0.7444409;2.879844;
WristRight;-1.528827;-0.4727148;2.932101;
WristLeft;-1.512136;-0.4479186;2.907379;
HandRight;-1.542065;-0.3401237;2.908646;
HandLeft;-1.527352;-0.3490778;2.92151;
Spine;-1.61284;-0.9410766;2.997273;
HipCenter;-1.649955;-0.9071013;3.001908;
HipRight;-1.665872;-0.9131822;2.977074;
HipLeft;-1.686863;-0.9037043;3.026349;
KneeRight;-1.587191;-1.435707;2.946105;
KneeLeft;-1.453801;-0.5440044;3.058186;
AnkleRight;-1.328733;-1.061299;2.95937;
AnkleLeft;-1.408153;-0.8532129;2.901089;
FootRight;-1.32659;-1.165546;2.956964;
FootLeft;-1.40601;-0.9574593;2.898684;
