Floor;-0.02062308;0.9995234;0.02296781;1.064232;
Head;0.6480756;0.4860066;2.887803;
ShoulderCenter;0.7681714;0.3374688;2.861708;
ShoulderRight;0.8458326;0.2144242;2.734068;
ShoulderLeft;0.7023613;0.199869;2.945936;
ElbowRight;0.9104441;-0.0531195;2.620818;
ElbowLeft;0.6644238;-0.08764176;2.985261;
WristRight;0.8772927;-0.3069021;2.565955;
WristLeft;0.6191037;-0.3007752;3.001816;
HandRight;0.8730891;-0.4135942;2.564632;
HandLeft;0.5782272;-0.3630412;2.998119;
Spine;0.7369681;-0.05011109;2.803662;
HipCenter;0.7307274;-0.1276271;2.795562;
HipRight;0.75841;-0.1814698;2.737421;
HipLeft;0.693848;-0.1880197;2.83393;
KneeRight;0.7060047;-0.6719911;2.746996;
KneeLeft;0.7430565;-0.7262524;2.782068;
AnkleRight;0.6561032;-1.133523;2.736448;
AnkleLeft;1.149495;-0.9812227;2.837358;
FootRight;0.5677584;-1.181279;2.675415;
FootLeft;1.184124;-1.080908;2.865395;
Head;0.6195576;0.5002756;2.872126;
ShoulderCenter;0.7396223;0.3412953;2.854844;
ShoulderRight;0.8019589;0.2131122;2.719362;
ShoulderLeft;0.6681238;0.2031689;2.935489;
ElbowRight;0.8676725;-0.03525434;2.611699;
ElbowLeft;0.6292484;-0.06870815;2.928658;
WristRight;0.8200491;-0.3052405;2.570597;
WristLeft;0.6069208;-0.298769;3.009116;
HandRight;0.8241665;-0.3990874;2.561397;
HandLeft;0.5770503;-0.3672512;3.002687;
Spine;0.7046186;-0.04359372;2.799375;
HipCenter;0.6975338;-0.1205259;2.791811;
HipRight;0.7228027;-0.174932;2.733594;
HipLeft;0.6617111;-0.1798365;2.831026;
KneeRight;0.6791022;-0.665184;2.736463;
KneeLeft;0.8602772;-0.7621036;2.88472;
AnkleRight;0.6636096;-1.063723;2.733394;
AnkleLeft;1.107722;-0.9913338;2.850839;
FootRight;0.5836869;-1.137344;2.795029;
FootLeft;1.088756;-1.099802;2.910797;
Head;0.5667197;0.5008531;2.881718;
ShoulderCenter;0.6920151;0.3522331;2.840917;
ShoulderRight;0.7592315;0.2186904;2.709914;
ShoulderLeft;0.6109119;0.1626973;2.926063;
ElbowRight;0.821026;-0.02915296;2.601058;
ElbowLeft;0.5782987;-0.04911991;2.867126;
WristRight;0.7694787;-0.2513801;2.570958;
WristLeft;0.568929;-0.2916128;2.985544;
HandRight;0.7723378;-0.3489873;2.564936;
HandLeft;0.5811388;-0.3622577;2.976094;
Spine;0.6589377;-0.04033227;2.808603;
HipCenter;0.6511864;-0.1187371;2.805794;
HipRight;0.6805441;-0.1717807;2.742524;
HipLeft;0.6117991;-0.1968964;2.855196;
KneeRight;0.6601386;-0.6617597;2.729681;
KneeLeft;0.5801799;-0.6354347;2.915263;
AnkleRight;0.6636035;-1.063707;2.733469;
AnkleLeft;0.9638462;-0.9321159;2.859795;
FootRight;0.5931249;-1.128623;2.778797;
FootLeft;0.9835924;-1.059983;2.899002;
Head;0.5392666;0.492256;2.866254;
ShoulderCenter;0.6498419;0.3455683;2.830886;
ShoulderRight;0.730324;0.2189386;2.700583;
ShoulderLeft;0.5877464;0.1664731;2.920446;
ElbowRight;0.7826288;-0.02730092;2.593216;
ElbowLeft;0.5643616;-0.04591244;2.86519;
WristRight;0.7136602;-0.2550186;2.569645;
WristLeft;0.5447464;-0.2943875;2.969945;
HandRight;0.7019789;-0.34758;2.564474;
HandLeft;0.5098439;-0.297708;3.029448;
Spine;0.6277143;-0.04889986;2.81588;
HipCenter;0.622748;-0.1277009;2.815904;
HipRight;0.6487997;-0.1862743;2.751493;
HipLeft;0.5833277;-0.2094445;2.872872;
KneeRight;0.6471559;-0.6694292;2.729784;
KneeLeft;0.5520272;-0.6386701;2.926755;
AnkleRight;0.6645083;-1.063155;2.733684;
AnkleLeft;0.9167832;-0.9748114;2.864008;
FootRight;0.593451;-1.128215;2.779137;
FootLeft;0.8670754;-1.095632;2.90838;
Head;0.5112797;0.4873019;2.865035;
ShoulderCenter;0.6174666;0.3525748;2.832266;
ShoulderRight;0.6850652;0.2221211;2.691826;
ShoulderLeft;0.5456105;0.1699195;2.906274;
ElbowRight;0.7433568;-0.02442839;2.585816;
ElbowLeft;0.5131956;-0.05766028;2.861888;
WristRight;0.6630579;-0.2504558;2.556906;
WristLeft;0.5037459;-0.262585;2.833656;
HandRight;0.644415;-0.342096;2.556664;
HandLeft;0.5045881;-0.3256211;2.90273;
Spine;0.5974963;-0.05341722;2.815714;
HipCenter;0.5932795;-0.1345049;2.815871;
HipRight;0.622731;-0.1904251;2.752659;
HipLeft;0.5604765;-0.2135447;2.871039;
KneeRight;0.641032;-0.6758025;2.726434;
KneeLeft;0.5110222;-0.6541662;2.916852;
AnkleRight;0.6643968;-1.06101;2.73359;
AnkleLeft;0.833145;-1.016404;2.856858;
FootRight;0.5950273;-1.126645;2.776739;
FootLeft;0.8114063;-1.110132;2.894712;
Head;0.4522323;0.5017054;2.854341;
ShoulderCenter;0.5798374;0.3564844;2.829392;
ShoulderRight;0.6594509;0.2241238;2.687571;
ShoulderLeft;0.4999744;0.1313978;2.891147;
ElbowRight;0.681012;-0.01948958;2.573682;
ElbowLeft;0.4699571;-0.09637807;2.847417;
WristRight;0.6078886;-0.2520917;2.54835;
WristLeft;0.4604888;-0.3017048;2.819066;
HandRight;0.5832918;-0.3429355;2.550124;
HandLeft;0.4573434;-0.3651282;2.888552;
Spine;0.56681;-0.05346556;2.813669;
HipCenter;0.5641962;-0.1353315;2.814092;
HipRight;0.5956146;-0.1857621;2.752109;
HipLeft;0.5239998;-0.224646;2.867113;
KneeRight;0.6348963;-0.6844735;2.72486;
KneeLeft;0.4765705;-0.6611993;2.898259;
AnkleRight;0.663907;-1.058656;2.734867;
AnkleLeft;0.7965805;-0.9739621;2.84576;
FootRight;0.5967236;-1.122971;2.766228;
FootLeft;0.6955526;-1.055797;2.872779;
Head;0.4280949;0.5042103;2.8555;
ShoulderCenter;0.5342497;0.3556223;2.833392;
ShoulderRight;0.6091959;0.228852;2.686083;
ShoulderLeft;0.4619704;0.1559328;2.887855;
ElbowRight;0.6356211;-0.00532803;2.573911;
ElbowLeft;0.4463628;-0.05059572;2.852608;
WristRight;0.5660067;-0.2321524;2.543947;
WristLeft;0.4369699;-0.2542889;2.824298;
HandRight;0.5313883;-0.3191043;2.555777;
HandLeft;0.4338177;-0.317849;2.893934;
Spine;0.5272599;-0.05549627;2.812829;
HipCenter;0.5257434;-0.1376868;2.812402;
HipRight;0.5578901;-0.1896185;2.749965;
HipLeft;0.4938283;-0.222937;2.865255;
KneeRight;0.6182368;-0.6976601;2.73183;
KneeLeft;0.4428178;-0.6976153;2.897068;
AnkleRight;0.66316;-1.059149;2.735796;
AnkleLeft;0.559773;-1.062858;2.878515;
FootRight;0.5939034;-1.124451;2.755507;
FootLeft;0.5490725;-1.157105;2.857245;
Head;0.3775898;0.5031971;2.858721;
ShoulderCenter;0.508437;0.3576711;2.822569;
ShoulderRight;0.5772797;0.2311103;2.682328;
ShoulderLeft;0.4293574;0.1512311;2.871013;
ElbowRight;0.5877144;0.0007934198;2.563348;
ElbowLeft;0.4008777;-0.1164076;2.857956;
WristRight;0.5098952;-0.2447351;2.553136;
WristLeft;0.3913931;-0.3220891;2.829433;
HandRight;0.473868;-0.3315195;2.565246;
HandLeft;0.3882272;-0.3859241;2.89937;
Spine;0.5021313;-0.06060484;2.808665;
HipCenter;0.5005193;-0.144265;2.809432;
HipRight;0.5320287;-0.1952576;2.747741;
HipLeft;0.465503;-0.2313652;2.863272;
KneeRight;0.6082013;-0.7034446;2.732087;
KneeLeft;0.4245414;-0.7082604;2.891986;
AnkleRight;0.6616235;-1.059077;2.73662;
AnkleLeft;0.4766467;-1.085328;2.87185;
FootRight;0.5925775;-1.125003;2.751793;
FootLeft;0.3960196;-1.134558;2.808538;
Head;0.3455043;0.4921734;2.857144;
ShoulderCenter;0.4661902;0.3592538;2.816781;
ShoulderRight;0.5502667;0.2298196;2.681159;
ShoulderLeft;0.3965212;0.1624382;2.889971;
ElbowRight;0.5627593;0.02469405;2.55918;
ElbowLeft;0.3745273;-0.05197753;2.84705;
WristRight;0.4641396;-0.230902;2.552226;
WristLeft;0.3651374;-0.2556061;2.818615;
HandRight;0.4165431;-0.3129312;2.551097;
HandLeft;0.3619681;-0.3195098;2.888628;
Spine;0.4627499;-0.0540888;2.803402;
HipCenter;0.4622404;-0.1368372;2.804389;
HipRight;0.4956813;-0.1925033;2.740073;
HipLeft;0.4287895;-0.2228307;2.861105;
KneeRight;0.594996;-0.7027589;2.729272;
KneeLeft;0.3645653;-0.7180865;2.882981;
AnkleRight;0.6601616;-1.059089;2.736711;
AnkleLeft;0.3601752;-1.079243;2.875288;
FootRight;0.5936561;-1.123835;2.753751;
FootLeft;0.2664009;-1.128162;2.897022;
Head;0.3010438;0.499465;2.846414;
ShoulderCenter;0.4223761;0.3529104;2.80821;
ShoulderRight;0.5051512;0.2239088;2.679324;
ShoulderLeft;0.3526243;0.1099475;2.873118;
ElbowRight;0.5111899;0.0006913654;2.562933;
ElbowLeft;0.3014278;-0.162176;2.874704;
WristRight;0.4102939;-0.227922;2.551236;
WristLeft;0.2918323;-0.3674394;2.846318;
HandRight;0.3661304;-0.3125833;2.554109;
HandLeft;0.2886401;-0.4318057;2.916838;
Spine;0.4376569;-0.05965016;2.794218;
HipCenter;0.4399473;-0.1421927;2.795157;
HipRight;0.4786269;-0.1966298;2.731175;
HipLeft;0.4041356;-0.2299822;2.851091;
KneeRight;0.535874;-0.6998574;2.751636;
KneeLeft;0.3276648;-0.7235316;2.878557;
AnkleRight;0.6564569;-1.060304;2.738018;
AnkleLeft;0.2119754;-1.076474;2.870078;
FootRight;0.5913741;-1.126411;2.756127;
FootLeft;0.10495;-1.127287;2.918208;
Head;0.281263;0.4980474;2.849306;
ShoulderCenter;0.4041359;0.3544269;2.808541;
ShoulderRight;0.4664813;0.2258081;2.680933;
ShoulderLeft;0.3370477;0.1115385;2.873678;
ElbowRight;0.4607137;-0.0186812;2.569491;
ElbowLeft;0.285282;-0.139551;2.876862;
WristRight;0.3562087;-0.2379913;2.559597;
WristLeft;0.2649211;-0.3370824;2.802954;
HandRight;0.2988475;-0.3150681;2.558892;
HandLeft;0.2617105;-0.4018195;2.873879;
Spine;0.4109036;-0.06084539;2.784714;
HipCenter;0.4120241;-0.1440442;2.783195;
HipRight;0.444355;-0.1957954;2.712463;
HipLeft;0.3811752;-0.2337936;2.841218;
KneeRight;0.5245516;-0.699932;2.753722;
KneeLeft;0.2752442;-0.7240864;2.871878;
AnkleRight;0.654108;-1.061929;2.74057;
AnkleLeft;0.1217909;-1.082199;2.86439;
FootRight;0.5880132;-1.128132;2.757323;
FootLeft;0.001062922;-1.098405;2.905557;
Head;0.2303081;0.4975307;2.849569;
ShoulderCenter;0.3438454;0.3508087;2.81652;
ShoulderRight;0.4378267;0.2232268;2.683427;
ShoulderLeft;0.2600374;0.04032343;2.908353;
ElbowRight;0.4113669;-0.02769463;2.570642;
ElbowLeft;0.2408754;-0.1630448;2.862144;
WristRight;0.2943984;-0.2565016;2.555657;
WristLeft;0.22378;-0.3654797;2.820014;
HandRight;0.236653;-0.3339845;2.559521;
HandLeft;0.2205483;-0.4306411;2.891404;
Spine;0.3600976;-0.05630723;2.788982;
HipCenter;0.3640827;-0.1378257;2.787054;
HipRight;0.4194395;-0.1963306;2.7125;
HipLeft;0.3242162;-0.2438321;2.846733;
KneeRight;0.5086969;-0.6996716;2.75663;
KneeLeft;0.2484916;-0.7127397;2.866389;
AnkleRight;0.6467538;-1.065011;2.745586;
AnkleLeft;0.04551337;-1.062905;2.858966;
FootRight;0.5804742;-1.130702;2.762997;
FootLeft;-0.06954987;-1.087591;2.910408;
Head;0.2222314;0.4962669;2.849286;
ShoulderCenter;0.3179142;0.3482857;2.819772;
ShoulderRight;0.3886046;0.2135275;2.688009;
ShoulderLeft;0.2341063;0.03780046;2.911605;
ElbowRight;0.3845531;-0.02589676;2.573668;
ElbowLeft;0.2081265;-0.1633598;2.886643;
WristRight;0.2475703;-0.2635452;2.56866;
WristLeft;0.1830361;-0.3569764;2.816598;
HandRight;0.2066481;-0.3222678;2.562558;
HandLeft;0.1797885;-0.4224591;2.88834;
Spine;0.3390843;-0.06414884;2.788229;
HipCenter;0.3428652;-0.1468345;2.785569;
HipRight;0.3856468;-0.2019857;2.717944;
HipLeft;0.3048344;-0.2472721;2.839334;
KneeRight;0.5015838;-0.7021104;2.750682;
KneeLeft;0.1951213;-0.707209;2.860545;
AnkleRight;0.6415197;-1.058812;2.744435;
AnkleLeft;0.02786998;-1.075104;2.857061;
FootRight;0.5812677;-1.129671;2.765962;
FootLeft;-0.08627403;-1.111906;2.905029;
Head;0.1603488;0.4883887;2.858782;
ShoulderCenter;0.2760918;0.339293;2.829404;
ShoulderRight;0.3477297;0.2083823;2.692396;
ShoulderLeft;0.1830186;0.03557933;2.896616;
ElbowRight;0.3361184;-0.03013354;2.585517;
ElbowLeft;0.1506865;-0.1554417;2.920188;
WristRight;0.2128508;-0.2722017;2.567844;
WristLeft;0.1413211;-0.3369234;2.819912;
HandRight;0.1421836;-0.3481251;2.564421;
HandLeft;0.1380606;-0.402666;2.891939;
Spine;0.2865402;-0.07096989;2.796085;
HipCenter;0.2891945;-0.1529011;2.792924;
HipRight;0.3341918;-0.2031167;2.728972;
HipLeft;0.2488702;-0.2469327;2.841615;
KneeRight;0.4866911;-0.709654;2.739929;
KneeLeft;0.1719376;-0.7099987;2.861626;
AnkleRight;0.6359586;-1.061219;2.746592;
AnkleLeft;0.02678201;-1.077028;2.85483;
FootRight;0.575266;-1.131711;2.768618;
FootLeft;-0.09090054;-1.117701;2.8898;
Head;0.1092685;0.4743857;2.852685;
ShoulderCenter;0.2261696;0.3377395;2.840242;
ShoulderRight;0.3048026;0.2079756;2.700521;
ShoulderLeft;0.1375987;0.03466658;2.906428;
ElbowRight;0.2892191;-0.02947004;2.592086;
ElbowLeft;0.1030248;-0.2379229;2.85848;
WristRight;0.1867841;-0.2622637;2.573979;
WristLeft;0.08338524;-0.4509827;2.792959;
HandRight;0.1233515;-0.3370833;2.569018;
HandLeft;0.08010332;-0.5171578;2.86546;
Spine;0.2503164;-0.07537355;2.798398;
HipCenter;0.254529;-0.1579155;2.793932;
HipRight;0.3027409;-0.2041104;2.736346;
HipLeft;0.2120661;-0.2476729;2.834704;
KneeRight;0.4437661;-0.7233467;2.732053;
KneeLeft;0.1311951;-0.7280613;2.866544;
AnkleRight;0.6323646;-1.065093;2.750583;
AnkleLeft;0.0288811;-1.073932;2.844846;
FootRight;0.5786136;-1.132008;2.793645;
FootLeft;-0.08711036;-1.120019;2.880913;
Head;0.07457091;0.4762012;2.861836;
ShoulderCenter;0.1881199;0.3394224;2.845436;
ShoulderRight;0.2641303;0.2081004;2.705039;
ShoulderLeft;0.07872766;0.00727966;2.904281;
ElbowRight;0.2561245;-0.03614393;2.598221;
ElbowLeft;0.06278788;-0.193262;2.894882;
WristRight;0.131554;-0.2795541;2.577992;
WristLeft;0.04694656;-0.3826508;2.811159;
HandRight;0.0730425;-0.3566179;2.567185;
HandLeft;0.04365547;-0.4490109;2.883862;
Spine;0.197438;-0.06709412;2.803622;
HipCenter;0.2003714;-0.1484447;2.798746;
HipRight;0.2491004;-0.1995215;2.737145;
HipLeft;0.1571123;-0.2490567;2.840994;
KneeRight;0.3964419;-0.7162923;2.736207;
KneeLeft;0.1130989;-0.7244923;2.865026;
AnkleRight;0.6259722;-1.065279;2.747753;
AnkleLeft;0.03006426;-1.071644;2.840261;
FootRight;0.5841162;-1.13997;2.787703;
FootLeft;-0.04298855;-1.123172;2.870836;
Head;0.02354133;0.4944135;2.884193;
ShoulderCenter;0.1412796;0.3412107;2.853298;
ShoulderRight;0.2209783;0.2143593;2.714;
ShoulderLeft;0.0417139;0.008664804;2.910648;
ElbowRight;0.2202422;-0.02649965;2.606452;
ElbowLeft;0.02670251;-0.1912157;2.892006;
WristRight;0.1101317;-0.2670204;2.579136;
WristLeft;0.01075877;-0.3791403;2.808449;
HandRight;0.06006815;-0.3519748;2.570513;
HandLeft;0.005444192;-0.4417818;2.785551;
Spine;0.158641;-0.07503998;2.808721;
HipCenter;0.1609547;-0.1583891;2.803614;
HipRight;0.210203;-0.2027149;2.756394;
HipLeft;0.1133744;-0.253516;2.833229;
KneeRight;0.2984161;-0.7325647;2.75278;
KneeLeft;0.06280298;-0.7303928;2.865257;
AnkleRight;0.5867585;-1.044733;2.734928;
AnkleLeft;0.02920775;-1.068439;2.834913;
FootRight;0.5926363;-1.134773;2.756985;
FootLeft;-0.04254413;-1.12412;2.871942;
Head;-0.01461617;0.4958161;2.910188;
ShoulderCenter;0.1042267;0.3464434;2.856086;
ShoulderRight;0.1729514;0.2170294;2.711657;
ShoulderLeft;-0.003475404;0.01460113;2.914462;
ElbowRight;0.1796507;-0.02925596;2.613206;
ElbowLeft;-0.01864172;-0.1841244;2.902081;
WristRight;0.09462886;-0.254651;2.581462;
WristLeft;-0.03452458;-0.374542;2.828114;
HandRight;0.0400073;-0.3385463;2.580344;
HandLeft;-0.03981886;-0.4380145;2.808413;
Spine;0.1214552;-0.06849209;2.813667;
HipCenter;0.1256763;-0.151665;2.80871;
HipRight;0.176899;-0.1973862;2.755276;
HipLeft;0.08272573;-0.2493503;2.843827;
KneeRight;0.2447604;-0.7169374;2.73262;
KneeLeft;0.04164336;-0.729248;2.862588;
AnkleRight;0.5565176;-1.033836;2.737859;
AnkleLeft;0.01862981;-1.068412;2.831592;
FootRight;0.5237139;-1.116962;2.759309;
FootLeft;-0.04619955;-1.132354;2.887605;
Head;-0.04710084;0.4907034;2.91211;
ShoulderCenter;0.06080309;0.3528697;2.860559;
ShoulderRight;0.1452852;0.2200596;2.716127;
ShoulderLeft;-0.04030747;0.02005584;2.918363;
ElbowRight;0.1446426;-0.02054114;2.613808;
ElbowLeft;-0.05395332;-0.178342;2.879381;
WristRight;0.05082814;-0.2514686;2.584692;
WristLeft;-0.070006;-0.3677108;2.805133;
HandRight;0.01632528;-0.3459389;2.582579;
HandLeft;-0.07535689;-0.4308338;2.785341;
Spine;0.07025097;-0.06407547;2.830908;
HipCenter;0.07270105;-0.1475475;2.828555;
HipRight;0.1228743;-0.1934512;2.774867;
HipLeft;0.02683072;-0.2482397;2.868439;
KneeRight;0.1883302;-0.7297795;2.722956;
KneeLeft;-0.008759418;-0.7100948;2.858254;
AnkleRight;0.469611;-1.001067;2.73543;
AnkleLeft;0.009996974;-1.069642;2.832285;
FootRight;0.4580233;-1.091787;2.726116;
FootLeft;-0.06236368;-1.130316;2.913229;
Head;-0.08289046;0.4946337;2.914519;
ShoulderCenter;0.02919443;0.3587257;2.868359;
ShoulderRight;0.1044769;0.226906;2.723241;
ShoulderLeft;-0.07677205;0.02671662;2.927003;
ElbowRight;0.1050281;-0.02246908;2.611801;
ElbowLeft;-0.07755049;-0.1610804;2.835124;
WristRight;0.03673894;-0.2363211;2.585527;
WristLeft;-0.09853597;-0.3513595;2.769757;
HandRight;-0.007807683;-0.3272043;2.58896;
HandLeft;-0.1055311;-0.4147859;2.752928;
Spine;0.04795792;-0.06566013;2.826297;
HipCenter;0.05056875;-0.150399;2.821686;
HipRight;0.1045366;-0.1935936;2.777446;
HipLeft;-0.003687715;-0.2415947;2.843836;
KneeRight;0.1106474;-0.6994355;2.712185;
KneeLeft;-0.04673107;-0.7559771;2.871706;
AnkleRight;0.3891405;-0.982941;2.728719;
AnkleLeft;0.01048514;-1.086573;2.834213;
FootRight;0.3746722;-1.070675;2.707914;
FootLeft;-0.046864;-1.137946;2.888682;
Head;-0.1229235;0.5053912;2.92163;
ShoulderCenter;-0.005083403;0.3651395;2.875996;
ShoulderRight;0.08059651;0.231209;2.73104;
ShoulderLeft;-0.1078595;0.03252515;2.933856;
ElbowRight;0.08688626;-0.01477268;2.613503;
ElbowLeft;-0.09841872;-0.1536;2.840831;
WristRight;-0.00426479;-0.2394784;2.593845;
WristLeft;-0.1220368;-0.342672;2.77599;
HandRight;-0.03942473;-0.3348281;2.595448;
HandLeft;-0.1299095;-0.4056961;2.759341;
Spine;-0.00417342;-0.05990463;2.834043;
HipCenter;-0.002732242;-0.1451491;2.829015;
HipRight;0.04836188;-0.1888163;2.812722;
HipLeft;-0.05175835;-0.2238031;2.830176;
KneeRight;0.02562321;-0.685145;2.723489;
KneeLeft;-0.06655532;-0.7730039;2.81892;
AnkleRight;0.3052177;-0.978979;2.731696;
AnkleLeft;0.008373387;-1.094292;2.843662;
FootRight;0.2689778;-1.070127;2.71123;
FootLeft;-0.05073431;-1.142192;2.893348;
Head;-0.1446686;0.5061103;2.915098;
ShoulderCenter;-0.04046218;0.3655924;2.877188;
ShoulderRight;0.03748307;0.2327614;2.73245;
ShoulderLeft;-0.1454123;0.03319559;2.935311;
ElbowRight;0.0579461;-0.01171474;2.612791;
ElbowLeft;-0.1420808;-0.1523986;2.843023;
WristRight;-0.02556514;-0.2394435;2.597844;
WristLeft;-0.1636636;-0.3407436;2.778201;
HandRight;-0.06766771;-0.332282;2.593348;
HandLeft;-0.1708578;-0.4035253;2.761557;
Spine;-0.02977354;-0.05819164;2.826337;
HipCenter;-0.02860793;-0.1429671;2.819623;
HipRight;0.01683114;-0.1859478;2.779844;
HipLeft;-0.07844866;-0.2256888;2.833983;
KneeRight;-0.05345738;-0.6726892;2.735932;
KneeLeft;-0.1734851;-0.728738;2.823155;
AnkleRight;0.1978083;-1.012083;2.738819;
AnkleLeft;0.003661734;-1.074052;2.841281;
FootRight;0.1508806;-1.095466;2.731224;
FootLeft;-0.06077688;-1.137994;2.927799;
Head;-0.1887627;0.5089742;2.913328;
ShoulderCenter;-0.08030333;0.3659617;2.883793;
ShoulderRight;0.005608146;0.2298097;2.732225;
ShoulderLeft;-0.1836609;0.03357293;2.941783;
ElbowRight;0.02619901;-0.01736465;2.616692;
ElbowLeft;-0.1757675;-0.1509698;2.849403;
WristRight;-0.07808423;-0.2490229;2.594185;
WristLeft;-0.1984471;-0.3383812;2.784835;
HandRight;-0.1040143;-0.3460068;2.59279;
HandLeft;-0.206007;-0.4008517;2.768279;
Spine;-0.07253458;-0.06280737;2.829638;
HipCenter;-0.0702934;-0.1485;2.82236;
HipRight;-0.01784015;-0.1835485;2.78272;
HipLeft;-0.1178005;-0.2422616;2.842155;
KneeRight;-0.1035587;-0.703351;2.766509;
KneeLeft;0.02118666;-0.686161;2.886827;
AnkleRight;0.08583562;-1.040173;2.754212;
AnkleLeft;-0.01915213;-1.084942;2.831093;
FootRight;0.03278808;-1.116482;2.745191;
FootLeft;-0.07471828;-1.149738;2.92422;
Head;-0.2236422;0.4984024;2.907164;
ShoulderCenter;-0.1062058;0.3627021;2.882541;
ShoulderRight;-0.02501973;0.2301704;2.731404;
ShoulderLeft;-0.2105496;0.03025974;2.940604;
ElbowRight;-0.007402392;-0.02100521;2.625196;
ElbowLeft;-0.2054639;-0.1538886;2.848618;
WristRight;-0.1032131;-0.257617;2.594256;
WristLeft;-0.2271175;-0.3407947;2.784034;
HandRight;-0.1392522;-0.3516014;2.593734;
HandLeft;-0.2343353;-0.4030967;2.767475;
Spine;-0.104711;-0.06401726;2.830502;
HipCenter;-0.1049915;-0.1493072;2.8238;
HipRight;-0.06543126;-0.1882727;2.802994;
HipLeft;-0.1518768;-0.2351368;2.829612;
KneeRight;-0.1319887;-0.7102201;2.788308;
KneeLeft;-0.008265443;-0.6950914;2.88473;
AnkleRight;0.05740562;-1.047042;2.775992;
AnkleLeft;-0.0797411;-1.080426;2.756214;
FootRight;-0.05217092;-1.106204;2.75468;
FootLeft;-0.1310703;-1.145463;2.851591;
Head;-0.2658878;0.4960983;2.898407;
ShoulderCenter;-0.1491504;0.3624093;2.88247;
ShoulderRight;-0.06495143;0.2297314;2.732562;
ShoulderLeft;-0.252938;0.03002692;2.940586;
ElbowRight;-0.03551692;-0.01918271;2.625111;
ElbowLeft;-0.2462084;-0.1535938;2.848879;
WristRight;-0.1431587;-0.2584701;2.600448;
WristLeft;-0.2682076;-0.3399268;2.784389;
HandRight;-0.1674442;-0.3279589;2.583379;
HandLeft;-0.3058422;-0.3750814;2.872703;
Spine;-0.1310978;-0.06167948;2.829434;
HipCenter;-0.1278019;-0.1466884;2.822571;
HipRight;-0.0760897;-0.1852791;2.80173;
HipLeft;-0.1752875;-0.2328046;2.826717;
KneeRight;-0.08182532;-0.7331495;2.848334;
KneeLeft;-0.03245066;-0.6831208;2.889144;
AnkleRight;0.009590678;-1.095353;2.83264;
AnkleLeft;-0.2021159;-1.081362;2.764542;
FootRight;-0.07456478;-1.131936;2.813853;
FootLeft;-0.2536026;-1.146599;2.860211;
Head;-0.3005458;0.4981453;2.895892;
ShoulderCenter;-0.1826805;0.3651903;2.880526;
ShoulderRight;-0.1148287;0.2285069;2.728569;
ShoulderLeft;-0.2868865;0.03282767;2.938633;
ElbowRight;-0.06914821;-0.01759787;2.622059;
ElbowLeft;-0.2814074;-0.150386;2.84698;
WristRight;-0.174055;-0.257603;2.603977;
WristLeft;-0.3757672;-0.3147144;3.012921;
HandRight;-0.1908767;-0.3185654;2.56282;
HandLeft;-0.4220471;-0.3735713;3.003581;
Spine;-0.1699391;-0.07093201;2.823616;
HipCenter;-0.1676136;-0.1584721;2.815787;
HipRight;-0.1208994;-0.1919253;2.782041;
HipLeft;-0.2127521;-0.2483669;2.829434;
KneeRight;-0.3034704;-0.6771258;2.774626;
KneeLeft;-0.2450145;-0.6707003;2.800709;
AnkleRight;-0.04209146;-1.040653;2.83406;
AnkleLeft;-0.2953447;-1.154492;2.772595;
FootRight;-0.1210961;-1.087638;2.773471;
FootLeft;-0.3743494;-1.201478;2.712006;
Head;-0.3422385;0.4975613;2.905417;
ShoulderCenter;-0.2105908;0.3588561;2.878062;
ShoulderRight;-0.1261013;0.2255766;2.730036;
ShoulderLeft;-0.314559;0.02650701;2.936189;
ElbowRight;-0.09661298;-0.02119522;2.620055;
ElbowLeft;-0.3083843;-0.1562431;2.844729;
WristRight;-0.1990602;-0.2467434;2.585353;
WristLeft;-0.4167575;-0.3034191;3.016541;
HandRight;-0.2339301;-0.3420797;2.586752;
HandLeft;-0.4578516;-0.366162;3.014218;
Spine;-0.2050292;-0.07019314;2.82824;
HipCenter;-0.2042887;-0.1558456;2.822127;
HipRight;-0.1499089;-0.1991053;2.798661;
HipLeft;-0.2619018;-0.2328567;2.827576;
KneeRight;-0.05194724;-0.7477117;2.898673;
KneeLeft;-0.250943;-0.7263194;2.822739;
AnkleRight;-0.009429299;-1.085827;2.846573;
AnkleLeft;-0.4201884;-1.09787;2.778605;
FootRight;-0.08557148;-1.132377;2.782176;
FootLeft;-0.4963306;-1.14442;2.714208;
Head;-0.3669177;0.4931982;2.891335;
ShoulderCenter;-0.2577296;0.3535286;2.872959;
ShoulderRight;-0.1662792;0.2215299;2.727734;
ShoulderLeft;-0.3618463;0.02114144;2.931072;
ElbowRight;-0.1343753;-0.02490036;2.61968;
ElbowLeft;-0.3561251;-0.1611778;2.839737;
WristRight;-0.214286;-0.2506317;2.583041;
WristLeft;-0.4738818;-0.2981344;3.012746;
HandRight;-0.2556747;-0.3428368;2.581963;
HandLeft;-0.519716;-0.3569613;3.008302;
Spine;-0.2499858;-0.07124905;2.826574;
HipCenter;-0.2481922;-0.1562226;2.820942;
HipRight;-0.194688;-0.2032748;2.801125;
HipLeft;-0.2962858;-0.2338237;2.824656;
KneeRight;-0.06712669;-0.742134;2.901355;
KneeLeft;-0.2907324;-0.730606;2.819162;
AnkleRight;-0.01148245;-1.082792;2.848162;
AnkleLeft;-0.541641;-1.09473;2.785993;
FootRight;-0.08572607;-1.1295;2.781523;
FootLeft;-0.6158846;-1.141438;2.719355;
Head;-0.4172005;0.4781153;2.87942;
ShoulderCenter;-0.3009578;0.3453848;2.872171;
ShoulderRight;-0.2037887;0.211572;2.727216;
ShoulderLeft;-0.4049373;0.01301789;2.930293;
ElbowRight;-0.16434;-0.03103952;2.612916;
ElbowLeft;-0.398826;-0.1688767;2.839095;
WristRight;-0.2601427;-0.2723043;2.58215;
WristLeft;-0.5262909;-0.2929832;3.013861;
HandRight;-0.291878;-0.3568808;2.582979;
HandLeft;-0.5844274;-0.3515286;3.000137;
Spine;-0.2899028;-0.07778476;2.830084;
HipCenter;-0.2879494;-0.1624754;2.825305;
HipRight;-0.2299778;-0.2111751;2.810299;
HipLeft;-0.3463818;-0.2396618;2.824667;
KneeRight;-0.08992755;-0.743204;2.902485;
KneeLeft;-0.4155199;-0.7667633;2.79122;
AnkleRight;-0.01550642;-1.078587;2.848844;
AnkleLeft;-0.631084;-1.097546;2.809577;
FootRight;-0.0881688;-1.125534;2.780679;
FootLeft;-0.7037464;-1.144492;2.741412;
Head;-0.4380003;0.4859523;2.877509;
ShoulderCenter;-0.3256815;0.3472431;2.865882;
ShoulderRight;-0.2414984;0.2066286;2.723822;
ShoulderLeft;-0.4297484;0.01487046;2.923992;
ElbowRight;-0.2051711;-0.03662758;2.611792;
ElbowLeft;-0.4239071;-0.1666077;2.83288;
WristRight;-0.2737305;-0.2755443;2.578367;
WristLeft;-0.5661716;-0.2835436;3.000725;
HandRight;-0.308403;-0.3632818;2.578524;
HandLeft;-0.6118776;-0.3402939;2.987245;
Spine;-0.3256095;-0.08327552;2.822534;
HipCenter;-0.325822;-0.1696876;2.817527;
HipRight;-0.2781534;-0.2151595;2.799947;
HipLeft;-0.3724075;-0.2458096;2.820245;
KneeRight;-0.1149931;-0.7455568;2.903565;
KneeLeft;-0.431644;-0.7506772;2.791935;
AnkleRight;-0.02293487;-1.073573;2.848524;
AnkleLeft;-0.6619113;-1.10705;2.834211;
FootRight;-0.0982575;-1.120102;2.782947;
FootLeft;-0.7517068;-1.130861;2.822376;
Head;-0.4852718;0.4881862;2.867886;
ShoulderCenter;-0.3839123;0.3388106;2.85448;
ShoulderRight;-0.2848024;0.1996955;2.722416;
ShoulderLeft;-0.4879553;0.006431341;2.9126;
ElbowRight;-0.2416865;-0.04585822;2.610042;
ElbowLeft;-0.2254277;-0.004232;2.880017;
WristRight;-0.3223798;-0.295228;2.576421;
WristLeft;-0.4248383;-0.1556674;2.944724;
HandRight;-0.3356518;-0.3788947;2.570534;
HandLeft;-0.671506;-0.3425338;2.996753;
Spine;-0.3672496;-0.08420497;2.816705;
HipCenter;-0.3624241;-0.1690185;2.812933;
HipRight;-0.3036646;-0.2185567;2.788906;
HipLeft;-0.4192559;-0.2467262;2.824519;
KneeRight;-0.1359471;-0.7543092;2.904996;
KneeLeft;-0.4673277;-0.7420401;2.796088;
AnkleRight;-0.03020079;-1.072055;2.849959;
AnkleLeft;-0.6595281;-1.086543;2.847275;
FootRight;-0.09962302;-1.119507;2.778376;
FootLeft;-0.7485664;-1.133622;2.82821;
Head;-0.5302905;0.4714257;2.863075;
ShoulderCenter;-0.4102843;0.3346642;2.848454;
ShoulderRight;-0.3312297;0.1946697;2.716994;
ShoulderLeft;-0.5143273;0.002284885;2.906574;
ElbowRight;-0.2829973;-0.05627379;2.610472;
ElbowLeft;-0.2821341;-0.1109335;2.944373;
WristRight;-0.3355809;-0.2655424;2.567546;
WristLeft;-0.5142517;-0.2310838;2.983551;
HandRight;-0.3549554;-0.3636629;2.565809;
HandLeft;-0.5643148;-0.2780063;2.956012;
Spine;-0.4195949;-0.09269787;2.809201;
HipCenter;-0.419604;-0.1778789;2.805439;
HipRight;-0.3698949;-0.2205269;2.786591;
HipLeft;-0.4693261;-0.2582654;2.810841;
KneeRight;-0.1697738;-0.7612081;2.908349;
KneeLeft;-0.4948052;-0.7322686;2.803047;
AnkleRight;-0.03229508;-1.073816;2.852218;
AnkleLeft;-0.6587356;-1.085134;2.850177;
FootRight;-0.04141139;-1.166506;2.84766;
FootLeft;-0.7617824;-1.154591;2.871939;
Head;-0.577234;0.474566;2.867004;
ShoulderCenter;-0.4553723;0.3356698;2.840478;
ShoulderRight;-0.3712519;0.1940503;2.715876;
ShoulderLeft;-0.5594153;0.003290484;2.898599;
ElbowRight;-0.3309974;-0.06193218;2.608627;
ElbowLeft;-0.3247849;-0.1032456;2.951639;
WristRight;-0.3666628;-0.2848261;2.565566;
WristLeft;-0.5588683;-0.2360347;2.964485;
HandRight;-0.385497;-0.3828238;2.565477;
HandLeft;-0.601003;-0.2939316;2.982176;
Spine;-0.4412449;-0.09071784;2.801469;
HipCenter;-0.4399911;-0.1758876;2.797186;
HipRight;-0.391313;-0.2213341;2.780965;
HipLeft;-0.4882602;-0.2505653;2.798835;
KneeRight;-0.2233951;-0.7463702;2.925391;
KneeLeft;-0.4357321;-0.7382268;2.849205;
AnkleRight;-0.04356523;-1.074778;2.860093;
AnkleLeft;-0.6613131;-1.090463;2.855876;
FootRight;-0.06186676;-1.166315;2.856801;
FootLeft;-0.7322598;-1.137465;2.786354;
Head;-0.6150022;0.4881052;2.851226;
ShoulderCenter;-0.5102578;0.3346803;2.828934;
ShoulderRight;-0.41943;0.1960425;2.70579;
ShoulderLeft;-0.6143008;0.002300978;2.887054;
ElbowRight;-0.3713189;-0.06562702;2.610569;
ElbowLeft;-0.3715692;-0.1023565;2.93001;
WristRight;-0.4130973;-0.3175899;2.568591;
WristLeft;-0.5994285;-0.248509;2.95782;
HandRight;-0.4231954;-0.4091242;2.567033;
HandLeft;-0.644618;-0.2970199;2.988831;
Spine;-0.4956985;-0.08723332;2.793149;
HipCenter;-0.4927866;-0.171616;2.789659;
HipRight;-0.4377161;-0.2141047;2.775178;
HipLeft;-0.5423092;-0.2525565;2.791091;
KneeRight;-0.2768432;-0.7747912;2.905229;
KneeLeft;-0.5121339;-0.724498;2.841957;
AnkleRight;-0.06974345;-1.035439;2.856111;
AnkleLeft;-0.6584644;-1.090423;2.854997;
FootRight;-0.08424227;-1.125164;2.878716;
FootLeft;-0.755669;-1.159819;2.872345;
Head;-0.6370303;0.4869757;2.849257;
ShoulderCenter;-0.5264363;0.3358682;2.825885;
ShoulderRight;-0.4464941;0.1985061;2.702068;
ShoulderLeft;-0.6304792;0.003488959;2.884005;
ElbowRight;-0.420968;-0.06130167;2.60728;
ElbowLeft;-0.3951599;-0.1200847;2.931448;
WristRight;-0.4595998;-0.3271359;2.575389;
WristLeft;-0.6259835;-0.2678483;2.954437;
HandRight;-0.453888;-0.4004544;2.565161;
HandLeft;-0.6541517;-0.3153906;3.002757;
Spine;-0.5484242;-0.0809483;2.795938;
HipCenter;-0.5504259;-0.1644875;2.794066;
HipRight;-0.504127;-0.209048;2.780637;
HipLeft;-0.5996296;-0.241148;2.79672;
KneeRight;-0.3438716;-0.7722499;2.909216;
KneeLeft;-0.5307258;-0.7289763;2.846996;
AnkleRight;-0.1202451;-1.017037;2.859816;
AnkleLeft;-0.6586388;-1.091792;2.855426;
FootRight;-0.1621528;-1.124442;2.910627;
FootLeft;-0.7325391;-1.137481;2.788687;
Head;-0.698891;0.4879858;2.841614;
ShoulderCenter;-0.5835664;0.3397911;2.824448;
ShoulderRight;-0.5055379;0.1984946;2.695703;
ShoulderLeft;-0.6876094;0.007411867;2.882569;
ElbowRight;-0.4655587;-0.04554201;2.606013;
ElbowLeft;-0.4404032;-0.1165505;2.891026;
WristRight;-0.5134104;-0.3151363;2.5871;
WristLeft;-0.6569878;-0.2651068;2.970558;
HandRight;-0.49192;-0.4023319;2.563164;
HandLeft;-0.7007608;-0.3194079;2.994111;
Spine;-0.5658292;-0.07972106;2.793757;
HipCenter;-0.5643861;-0.1634882;2.791627;
HipRight;-0.5184247;-0.206057;2.786917;
HipLeft;-0.6135805;-0.2413642;2.783392;
KneeRight;-0.3593298;-0.7730879;2.91197;
KneeLeft;-0.5590721;-0.7748132;2.868659;
AnkleRight;-0.1735582;-1.045987;2.883095;
AnkleLeft;-0.6601217;-1.094813;2.853987;
FootRight;-0.2242332;-1.1195;2.917808;
FootLeft;-0.7311033;-1.142103;2.786291;
Head;-0.7391165;0.4859103;2.819561;
ShoulderCenter;-0.6204731;0.3440724;2.822965;
ShoulderRight;-0.5410063;0.2049416;2.699492;
ShoulderLeft;-0.7245162;0.01169309;2.881086;
ElbowRight;-0.4991471;-0.04950523;2.602294;
ElbowLeft;-0.4744312;-0.1117189;2.891951;
WristRight;-0.5333834;-0.2538947;2.566587;
WristLeft;-0.6905093;-0.2642955;2.974051;
HandRight;-0.5413005;-0.3532283;2.571902;
HandLeft;-0.7343664;-0.3187009;2.997649;
Spine;-0.6088617;-0.02081491;2.801599;
HipCenter;-0.6053613;-0.09392903;2.801039;
HipRight;-0.5691805;-0.1577045;2.731541;
HipLeft;-0.6332782;-0.2027669;2.856102;
KneeRight;-0.6689991;-0.669603;2.785444;
KneeLeft;-0.5216032;-0.7320829;2.934533;
AnkleRight;-0.3463248;-0.9545788;2.880669;
AnkleLeft;-0.6622289;-1.094129;2.850738;
FootRight;-0.3077525;-1.070245;2.910574;
FootLeft;-0.7320111;-1.141605;2.7815;
Head;-0.7664633;0.4979333;2.804866;
ShoulderCenter;-0.6625914;0.3477587;2.81971;
ShoulderRight;-0.5763214;0.2067678;2.696911;
ShoulderLeft;-0.7666343;0.01537939;2.877831;
ElbowRight;-0.5515906;-0.0458289;2.602176;
ElbowLeft;-0.5149431;-0.1060634;2.898952;
WristRight;-0.597912;-0.2503942;2.579028;
WristLeft;-0.7378415;-0.2530018;2.980796;
HandRight;-0.6084653;-0.3495477;2.581603;
HandLeft;-0.7816795;-0.3073835;3.004384;
Spine;-0.5994025;-0.0154638;2.82542;
HipCenter;-0.6181372;-0.08868982;2.798573;
HipRight;-0.5769797;-0.1527228;2.729626;
HipLeft;-0.6467369;-0.1958696;2.853159;
KneeRight;-0.6600645;-0.6957411;2.798451;
KneeLeft;-0.5579888;-0.7518048;2.95101;
AnkleRight;-0.3928597;-1.002792;2.907026;
AnkleLeft;-0.6612613;-1.085876;2.846379;
FootRight;-0.4230921;-1.107776;2.94454;
FootLeft;-0.7267526;-1.13478;2.774384;
Head;-0.822798;0.4765946;2.807011;
ShoulderCenter;-0.6872474;0.3518685;2.82019;
ShoulderRight;-0.6158508;0.2082349;2.694106;
ShoulderLeft;-0.7912904;0.01948928;2.878311;
ElbowRight;-0.6003514;-0.05139684;2.602403;
ElbowLeft;-0.553395;-0.1372418;2.879909;
WristRight;-0.6647784;-0.3094152;2.589868;
WristLeft;-0.7699519;-0.2987208;2.960579;
HandRight;-0.6639467;-0.40514;2.578377;
HandLeft;-0.8138646;-0.3531952;2.984207;
Spine;-0.6578388;-0.01362725;2.853215;
HipCenter;-0.6811331;-0.08738009;2.833378;
HipRight;-0.6447161;-0.1599574;2.766654;
HipLeft;-0.7110304;-0.1908972;2.899304;
KneeRight;-0.6753423;-0.7043239;2.793638;
KneeLeft;-0.5800612;-0.7554142;2.960839;
AnkleRight;-0.4770439;-1.0019;2.924134;
AnkleLeft;-0.6708964;-1.086592;2.840199;
FootRight;-0.580939;-1.064496;2.892062;
FootLeft;-0.7172788;-1.166187;2.850826;
Head;-0.8555651;0.4994909;2.810326;
ShoulderCenter;-0.7429519;0.3516099;2.821343;
ShoulderRight;-0.6516805;0.2139296;2.691557;
ShoulderLeft;-0.8469949;0.0192306;2.879464;
ElbowRight;-0.634401;-0.05486963;2.598263;
ElbowLeft;-0.5744834;-0.07028157;2.881109;
WristRight;-0.7188525;-0.3305353;2.593832;
WristLeft;-0.8400921;-0.1824106;2.855534;
HandRight;-0.7272329;-0.4035827;2.585804;
HandLeft;-0.8840714;-0.2369676;2.879197;
Spine;-0.6879199;-0.01298016;2.849746;
HipCenter;-0.7047817;-0.08785076;2.829757;
HipRight;-0.6596157;-0.1537921;2.767244;
HipLeft;-0.7421058;-0.1936112;2.888075;
KneeRight;-0.6821781;-0.7087511;2.79162;
KneeLeft;-0.892012;-0.6804294;2.939139;
AnkleRight;-0.6218041;-1.075121;2.863298;
AnkleLeft;-0.686724;-1.072937;2.836698;
FootRight;-0.7161671;-1.145439;2.84888;
FootLeft;-0.7137541;-1.160895;2.844884;
Head;-0.8879315;0.5026459;2.816438;
ShoulderCenter;-0.7692021;0.3548802;2.81704;
ShoulderRight;-0.6907571;0.219875;2.682694;
ShoulderLeft;-0.8732451;0.02250087;2.875161;
ElbowRight;-0.6816337;-0.04540468;2.590677;
ElbowLeft;-0.6038551;-0.06330579;2.910572;
WristRight;-0.7748817;-0.3140393;2.579438;
WristLeft;-0.8781583;-0.1561233;2.879318;
HandRight;-0.8000155;-0.3827392;2.567937;
HandLeft;-0.9221901;-0.2107454;2.90301;
Spine;-0.731115;-0.001374165;2.848953;
HipCenter;-0.7513778;-0.07359864;2.831338;
HipRight;-0.7083967;-0.1431495;2.767835;
HipLeft;-0.7785324;-0.1868726;2.894324;
KneeRight;-0.689427;-0.7153131;2.791319;
KneeLeft;-0.9196241;-0.7091318;2.939965;
AnkleRight;-0.6514453;-1.086223;2.848825;
AnkleLeft;-0.7905042;-1.092701;2.96308;
FootRight;-0.7197095;-1.148633;2.848807;
FootLeft;-0.8582925;-1.142407;2.89398;
Head;-0.9392015;0.4928995;2.828128;
ShoulderCenter;-0.8010616;0.3568536;2.81001;
ShoulderRight;-0.7297004;0.2179641;2.679739;
ShoulderLeft;-0.9051046;0.02447434;2.86813;
ElbowRight;-0.727389;-0.05535677;2.587947;
ElbowLeft;-0.6333996;-0.06087825;2.901773;
WristRight;-0.8162908;-0.2800623;2.56962;
WristLeft;-0.8893504;-0.2006787;2.8832;
HandRight;-0.8591703;-0.3704863;2.576375;
HandLeft;-0.933433;-0.2553639;2.906919;
Spine;-0.7524879;-0.005868637;2.843533;
HipCenter;-0.7715178;-0.08015002;2.825698;
HipRight;-0.728248;-0.1474048;2.758842;
HipLeft;-0.8053749;-0.1933969;2.891964;
KneeRight;-0.7020546;-0.7193879;2.793969;
KneeLeft;-0.9446678;-0.7227117;2.935987;
AnkleRight;-0.6516695;-1.086553;2.848145;
AnkleLeft;-0.8498752;-1.102223;2.968962;
FootRight;-0.7197869;-1.149215;2.851081;
FootLeft;-0.9169998;-1.152847;2.899678;
Head;-0.9632809;0.4678132;2.82167;
ShoulderCenter;-0.843498;0.2891009;2.800305;
ShoulderRight;-0.7629727;0.2190436;2.681144;
ShoulderLeft;-0.947541;-0.04327834;2.858426;
ElbowRight;-0.7613043;-0.04817077;2.581228;
ElbowLeft;-0.6699234;-0.03203851;2.922356;
WristRight;-0.8918934;-0.293178;2.574461;
WristLeft;-0.9312826;-0.1646195;2.907933;
HandRight;-0.9349888;-0.3678565;2.58826;
HandLeft;-0.9754105;-0.2193608;2.931677;
Spine;-0.7557353;-0.0228131;2.790311;
HipCenter;-0.766586;-0.08643977;2.760548;
HipRight;-0.7099919;-0.1471549;2.675941;
HipLeft;-0.7818759;-0.2274023;2.815792;
KneeRight;-0.7164855;-0.7226623;2.796927;
KneeLeft;-0.9751041;-0.7247335;2.932944;
AnkleRight;-0.6519608;-1.08621;2.848902;
AnkleLeft;-0.9600331;-1.08826;2.979327;
FootRight;-0.7221588;-1.148598;2.858393;
FootLeft;-1.066056;-1.151165;3.003391;
Head;-0.9839074;0.4691551;2.831994;
ShoulderCenter;-0.8674735;0.2880778;2.802752;
ShoulderRight;-0.8004916;0.2167113;2.680664;
ShoulderLeft;-0.9715165;-0.04430145;2.860873;
ElbowRight;-0.8156798;-0.05539049;2.578756;
ElbowLeft;-0.6970448;-0.02291046;2.935982;
WristRight;-0.9445913;-0.2941183;2.58461;
WristLeft;-0.9614419;-0.1524591;2.919779;
HandRight;-0.9885348;-0.3627297;2.596751;
HandLeft;-1.005643;-0.2072916;2.943562;
Spine;-0.7848243;-0.02860305;2.786895;
HipCenter;-0.7987116;-0.09283977;2.757492;
HipRight;-0.7480213;-0.1562814;2.672504;
HipLeft;-0.8147376;-0.2294275;2.810461;
KneeRight;-0.7534313;-0.7331877;2.812505;
KneeLeft;-1.028271;-0.7747281;2.944509;
AnkleRight;-0.6542678;-1.086876;2.850217;
AnkleLeft;-1.098489;-1.118095;2.969385;
FootRight;-0.7229292;-1.148331;2.859876;
FootLeft;-1.198879;-1.160499;2.989384;
Head;-1.057186;0.4931174;2.841449;
ShoulderCenter;-0.9250681;0.3490671;2.811909;
ShoulderRight;-0.8349952;0.208792;2.68084;
ShoulderLeft;-1.029111;0.01668778;2.870029;
ElbowRight;-0.8574452;-0.05972811;2.57406;
ElbowLeft;-0.74781;-0.01703204;2.925874;
WristRight;-1.002586;-0.3024634;2.591666;
WristLeft;-1.010404;-0.1532968;2.90961;
HandRight;-1.052668;-0.3710652;2.61344;
HandLeft;-1.054721;-0.2082726;2.933455;
Spine;-0.8433097;-0.02201976;2.794031;
HipCenter;-0.8581988;-0.0962588;2.762035;
HipRight;-0.8092037;-0.1567278;2.689842;
HipLeft;-0.8810504;-0.2098944;2.808883;
KneeRight;-0.7599635;-0.7326881;2.813309;
KneeLeft;-1.058942;-0.7747961;2.936457;
AnkleRight;-0.6599366;-1.0871;2.854095;
AnkleLeft;-1.26076;-1.125523;2.966234;
FootRight;-0.7264155;-1.152034;2.862528;
FootLeft;-1.374205;-1.158108;3.011024;
Head;-1.099083;0.487291;2.860178;
ShoulderCenter;-0.9608296;0.3469081;2.816416;
ShoulderRight;-0.8784158;0.2082099;2.683993;
ShoulderLeft;-1.064873;0.01452879;2.874537;
ElbowRight;-0.9081127;-0.06639785;2.57514;
ElbowLeft;-0.7973258;-0.0863451;2.926891;
WristRight;-1.061222;-0.2995505;2.610988;
WristLeft;-1.058313;-0.2289148;2.910757;
HandRight;-1.108301;-0.3752524;2.635135;
HandLeft;-1.10273;-0.2840149;2.934656;
Spine;-0.868725;-0.02207707;2.797624;
HipCenter;-0.8836314;-0.09666993;2.764351;
HipRight;-0.8324406;-0.1581898;2.688021;
HipLeft;-0.9040886;-0.2144065;2.813785;
KneeRight;-0.7777936;-0.7294868;2.809865;
KneeLeft;-1.110564;-0.7694976;2.944319;
AnkleRight;-0.6672326;-1.084233;2.856503;
AnkleLeft;-1.339173;-1.120612;2.951199;
FootRight;-0.7287377;-1.153939;2.862148;
FootLeft;-1.454884;-1.12173;2.961623;
Head;-1.07301;0.5263968;2.84048;
ShoulderCenter;-1.010315;0.3407941;2.823705;
ShoulderRight;-0.9277821;0.2018667;2.687279;
ShoulderLeft;-1.114358;0.008414835;2.881826;
ElbowRight;-0.9427482;-0.06153183;2.579813;
ElbowLeft;-0.8515994;-0.1047039;2.938602;
WristRight;-1.119328;-0.2963535;2.619148;
WristLeft;-1.109403;-0.2557216;2.925966;
HandRight;-1.161071;-0.374655;2.635796;
HandLeft;-1.153882;-0.3108982;2.949898;
Spine;-0.9174283;-0.03197428;2.798082;
HipCenter;-0.9325248;-0.1069151;2.763924;
HipRight;-0.8832542;-0.1595015;2.695673;
HipLeft;-0.9534651;-0.2176636;2.80489;
KneeRight;-0.804835;-0.7281867;2.812893;
KneeLeft;-1.152131;-0.7302467;2.942518;
AnkleRight;-0.6704482;-1.084863;2.858032;
AnkleLeft;-1.351962;-1.113285;2.936886;
FootRight;-0.7317851;-1.154079;2.867578;
FootLeft;-1.462572;-1.129997;2.951654;
Head;-1.1854;0.47388;2.879263;
ShoulderCenter;-1.042098;0.3362169;2.82629;
ShoulderRight;-0.954842;0.1967828;2.694529;
ShoulderLeft;-1.146141;0.003837671;2.884411;
ElbowRight;-0.9945108;-0.06144638;2.589898;
ElbowLeft;-0.8710713;-0.07837693;2.941256;
WristRight;-1.14392;-0.2955419;2.617824;
WristLeft;-1.055108;-0.2213958;2.737664;
HandRight;-1.206464;-0.3741142;2.632563;
HandLeft;-1.219739;-0.3947122;2.635369;
Spine;-0.9297729;-0.03102236;2.799385;
HipCenter;-0.9422807;-0.1062284;2.762652;
HipRight;-0.8905065;-0.1600936;2.694628;
HipLeft;-0.960647;-0.2154968;2.802699;
KneeRight;-0.9291201;-0.7449631;2.847048;
KneeLeft;-1.200075;-0.7521204;2.952687;
AnkleRight;-0.6836078;-1.085162;2.859129;
AnkleLeft;-1.339087;-1.109296;2.92976;
FootRight;-0.7467712;-1.155232;2.872808;
FootLeft;-1.458763;-1.143966;2.95237;
Head;-1.169355;0.5181425;2.860696;
ShoulderCenter;-1.096287;0.3335988;2.838747;
ShoulderRight;-1.010858;0.1944622;2.703444;
ShoulderLeft;-1.20033;0.001219511;2.896867;
ElbowRight;-1.036059;-0.06701136;2.600906;
ElbowLeft;-0.918883;-0.06977428;2.946651;
WristRight;-1.19444;-0.2997729;2.624913;
WristLeft;-1.095047;-0.2229976;2.741781;
HandRight;-1.233004;-0.3752818;2.634312;
HandLeft;-1.237665;-0.3887612;2.636847;
Spine;-1.004209;-0.04078221;2.811051;
HipCenter;-1.020812;-0.1155451;2.775;
HipRight;-0.9706903;-0.1775034;2.694704;
HipLeft;-1.041411;-0.2292669;2.824478;
KneeRight;-0.9687968;-0.690844;2.826768;
KneeLeft;-1.22491;-0.7565356;2.945196;
AnkleRight;-0.725261;-1.062217;2.85887;
AnkleLeft;-1.331399;-1.102869;2.922665;
FootRight;-0.7460762;-1.152898;2.86989;
FootLeft;-1.442813;-1.156458;2.949312;
Head;-1.20987;0.5237309;2.882521;
ShoulderCenter;-1.134234;0.3383531;2.847344;
ShoulderRight;-1.045369;0.1980694;2.711993;
ShoulderLeft;-1.238277;0.005973865;2.905465;
ElbowRight;-1.092744;-0.07713878;2.617537;
ElbowLeft;-0.9962377;-0.1425388;2.980079;
WristRight;-1.223523;-0.3047326;2.628083;
WristLeft;-1.154216;-0.2766516;2.744658;
HandRight;-1.259907;-0.37902;2.629953;
HandLeft;-1.171615;-0.3479565;2.757635;
Spine;-1.051219;-0.02893745;2.826171;
HipCenter;-1.068469;-0.1021502;2.79103;
HipRight;-1.017042;-0.1755191;2.703226;
HipLeft;-1.087847;-0.2201865;2.847142;
KneeRight;-1.013688;-0.7384449;2.850207;
KneeLeft;-1.262707;-0.7618005;2.941068;
AnkleRight;-0.7263596;-1.080634;2.860748;
AnkleLeft;-1.331966;-1.099706;2.914839;
FootRight;-0.7646532;-1.165409;2.850726;
FootLeft;-1.387591;-1.171827;2.893436;
Head;-1.20585;0.4776086;2.889503;
ShoulderCenter;-1.184483;0.2782461;2.860793;
ShoulderRight;-1.099802;0.20509;2.724322;
ShoulderLeft;-1.288526;-0.05413315;2.918913;
ElbowRight;-1.130602;-0.07395288;2.626889;
ElbowLeft;-0.9968654;-0.02180083;2.966982;
WristRight;-1.274749;-0.3034891;2.625455;
WristLeft;-1.155671;-0.1963265;2.760952;
HandRight;-1.302002;-0.3814027;2.633076;
HandLeft;-1.304074;-0.4049326;2.638669;
Spine;-1.089222;-0.04413159;2.834774;
HipCenter;-1.102983;-0.1094832;2.798481;
HipRight;-1.054919;-0.175331;2.718899;
HipLeft;-1.11477;-0.2270648;2.844243;
KneeRight;-1.003778;-0.7062074;2.812047;
KneeLeft;-1.282395;-0.7617611;2.929149;
AnkleRight;-0.7646049;-1.079912;2.84987;
AnkleLeft;-1.334789;-1.097885;2.910588;
FootRight;-0.7989189;-1.163734;2.873722;
FootLeft;-1.385764;-1.175401;2.89774;
Head;-1.257546;0.5486668;2.927426;
ShoulderCenter;-1.231082;0.3489867;2.870065;
ShoulderRight;-1.129203;0.2067138;2.732359;
ShoulderLeft;-1.335125;0.01660743;2.928185;
ElbowRight;-1.170433;-0.07462873;2.630184;
ElbowLeft;-1.167649;-0.137021;2.879608;
WristRight;-1.291231;-0.2970752;2.622003;
WristLeft;-1.279036;-0.3392379;2.665531;
HandRight;-1.319058;-0.3848716;2.628452;
HandLeft;-1.297739;-0.3992516;2.705337;
Spine;-1.137453;-0.01568664;2.847226;
HipCenter;-1.153776;-0.08847596;2.809635;
HipRight;-1.101317;-0.1586523;2.728181;
HipLeft;-1.174325;-0.198869;2.859912;
KneeRight;-1.081269;-0.7593053;2.813749;
KneeLeft;-1.314038;-0.7688464;2.900733;
AnkleRight;-0.8186435;-1.045101;2.834496;
AnkleLeft;-1.338876;-1.097195;2.907064;
FootRight;-0.8158;-1.138803;2.836123;
FootLeft;-1.40599;-1.146248;2.834561;
Head;-1.324997;0.5354545;2.876463;
ShoulderCenter;-1.252747;0.3501025;2.869041;
ShoulderRight;-1.180021;0.2128621;2.73089;
ShoulderLeft;-1.35679;0.01772316;2.927161;
ElbowRight;-1.201764;-0.06172652;2.628163;
ElbowLeft;-1.082837;0.02564586;3.032578;
WristRight;-1.309724;-0.264903;2.604302;
WristLeft;-1.214113;-0.1458808;2.801316;
HandRight;-1.341414;-0.3596446;2.617358;
HandLeft;-1.231242;-0.2164959;2.817613;
Spine;-1.169043;-0.02640139;2.845811;
HipCenter;-1.19089;-0.1022043;2.811186;
HipRight;-1.146629;-0.1677096;2.740072;
HipLeft;-1.213382;-0.2066658;2.856178;
KneeRight;-1.172384;-0.7172287;2.811463;
KneeLeft;-1.341628;-0.8010591;2.877835;
AnkleRight;-0.8977106;-1.025468;2.830975;
AnkleLeft;-1.340475;-1.125436;2.91283;
FootRight;-0.8914284;-1.117904;2.845797;
FootLeft;-1.410279;-1.163646;2.863121;
Head;-1.377927;0.5411068;2.865307;
ShoulderCenter;-1.307778;0.3577736;2.872244;
ShoulderRight;-1.210953;0.2137015;2.732527;
ShoulderLeft;-1.411821;0.02539435;2.930365;
ElbowRight;-1.230906;-0.05599822;2.626358;
ElbowLeft;-1.134361;0.03176253;3.030438;
WristRight;-1.328762;-0.2600009;2.601484;
WristLeft;-1.26155;-0.1428508;2.797997;
HandRight;-1.35748;-0.3557452;2.614496;
HandLeft;-1.278687;-0.2135016;2.814303;
Spine;-1.206518;-0.01901104;2.854894;
HipCenter;-1.221846;-0.09575763;2.816999;
HipRight;-1.165193;-0.1636905;2.738096;
HipLeft;-1.242794;-0.2131526;2.868457;
KneeRight;-1.258628;-0.7178753;2.797704;
KneeLeft;-1.305086;-0.7007306;2.926143;
AnkleRight;-0.9886189;-1.019488;2.823565;
AnkleLeft;-1.34469;-1.095046;2.906623;
FootRight;-1.008903;-1.121579;2.822796;
FootLeft;-1.411822;-1.145075;2.834548;
Head;-1.457473;0.5051652;2.848505;
ShoulderCenter;-1.329658;0.3595744;2.866622;
ShoulderRight;-1.242835;0.217383;2.733443;
ShoulderLeft;-1.433701;0.02719515;2.924743;
ElbowRight;-1.260572;-0.05478951;2.6288;
ElbowLeft;-1.156549;0.03448094;3.0271;
WristRight;-1.359118;-0.2576989;2.588144;
WristLeft;-1.271477;-0.1512613;2.79601;
HandRight;-1.372809;-0.2972305;2.585041;
HandLeft;-1.288584;-0.2217849;2.812287;
Spine;-1.237206;-0.02450032;2.84955;
HipCenter;-1.257605;-0.1019198;2.811583;
HipRight;-1.212095;-0.1584451;2.749602;
HipLeft;-1.288563;-0.2035367;2.848535;
KneeRight;-1.329281;-0.704703;2.797459;
KneeLeft;-1.309991;-0.6840531;2.991405;
AnkleRight;-1.069646;-1.02469;2.820518;
AnkleLeft;-1.353192;-1.099288;2.907241;
FootRight;-1.109392;-1.116651;2.803067;
FootLeft;-1.42203;-1.148744;2.836155;
Head;-1.440074;0.5385003;2.849958;
ShoulderCenter;-1.360084;0.3607473;2.865396;
ShoulderRight;-1.280616;0.2174294;2.727406;
ShoulderLeft;-1.304857;0.2415072;2.681864;
ElbowRight;-1.284987;-0.05986468;2.636108;
ElbowLeft;-1.288188;-0.01760182;2.631859;
WristRight;-1.388936;-0.2553584;2.570524;
WristLeft;-1.405529;-0.203665;2.40221;
HandRight;-1.429101;-0.3043984;2.531659;
HandLeft;-1.422632;-0.2741727;2.418482;
Spine;-1.314383;-0.03479862;2.836831;
HipCenter;-1.260058;-0.1009904;2.815123;
HipRight;-1.239402;-0.1594384;2.760876;
HipLeft;-1.25742;-0.1576625;2.867832;
KneeRight;-1.367149;-0.7398955;2.821156;
KneeLeft;-1.330105;-0.7187657;2.977018;
AnkleRight;-1.208333;-1.05469;2.84158;
AnkleLeft;-1.357371;-1.102502;2.898468;
FootRight;-1.226221;-1.135699;2.797392;
FootLeft;-1.261987;-1.14351;2.860406;
Head;-1.449624;0.5561381;2.846831;
ShoulderCenter;-1.394826;0.3686115;2.861758;
ShoulderRight;-1.302573;0.2227029;2.725914;
ShoulderLeft;-1.4057;0.2356171;2.702739;
ElbowRight;-1.319278;-0.0629352;2.628719;
ElbowLeft;-1.297354;-0.02261347;2.634968;
WristRight;-1.404095;-0.2728959;2.633774;
WristLeft;-1.414837;-0.2089008;2.405035;
HandRight;-1.432368;-0.3428828;2.640528;
HandLeft;-1.431924;-0.2793444;2.421293;
Spine;-1.315983;-0.04714828;2.875091;
HipCenter;-1.288248;-0.1228881;2.829438;
HipRight;-1.257041;-0.1623253;2.786804;
HipLeft;-1.303818;-0.1752153;2.861496;
KneeRight;-1.401401;-0.7352579;2.872771;
KneeLeft;-1.374761;-0.7166237;2.925867;
AnkleRight;-1.285757;-1.076419;2.820021;
AnkleLeft;-1.355143;-1.083929;2.810543;
FootRight;-1.376061;-1.148048;2.83126;
FootLeft;-1.39819;-1.165595;2.826763;
Head;-1.460795;0.5566624;2.843687;
ShoulderCenter;-1.405771;0.3705401;2.863525;
ShoulderRight;-1.313035;0.2278604;2.73293;
ShoulderLeft;-1.373417;0.2432515;2.681755;
ElbowRight;-1.341433;-0.0609412;2.633657;
ElbowLeft;-1.345912;-0.02070391;2.598449;
WristRight;-1.4156;-0.3101188;2.678074;
WristLeft;-1.375234;-0.3058879;2.695408;
HandRight;-1.440322;-0.393178;2.697957;
HandLeft;-1.392311;-0.3762892;2.711656;
Spine;-1.352328;-0.04303623;2.88105;
HipCenter;-1.307725;-0.1165542;2.851881;
HipRight;-1.279482;-0.1659843;2.800506;
HipLeft;-1.312833;-0.1777297;2.901319;
KneeRight;-1.364285;-0.7507347;2.92644;
KneeLeft;-1.404487;-0.727799;2.925926;
AnkleRight;-1.345236;-1.075531;2.840652;
AnkleLeft;-1.410861;-1.097937;2.835645;
FootRight;-1.34853;-1.158881;2.883325;
FootLeft;-1.371836;-1.180504;2.8147;
Head;-1.488559;0.5610401;2.884236;
ShoulderCenter;-1.417782;0.3705155;2.865358;
ShoulderRight;-1.330444;0.2221124;2.749533;
ShoulderLeft;-1.370498;0.2427835;2.682194;
ElbowRight;-1.353386;-0.0125145;2.639215;
ElbowLeft;-1.352008;-0.01117455;2.600711;
WristRight;-1.415815;-0.2576922;2.68965;
WristLeft;-1.381311;-0.2961832;2.69758;
HandRight;-1.436624;-0.3394181;2.711545;
HandLeft;-1.39838;-0.3665503;2.71382;
Spine;-1.381197;-0.07661139;2.886348;
HipCenter;-1.328051;-0.1612;2.871042;
HipRight;-1.317521;-0.1674856;2.860337;
HipLeft;-1.324964;-0.1794741;2.889626;
KneeRight;-1.384903;-0.7616804;2.954516;
KneeLeft;-1.408589;-0.7322551;2.938483;
AnkleRight;-1.352215;-1.084993;2.872181;
AnkleLeft;-1.433125;-1.081099;2.866661;
FootRight;-1.354317;-1.167313;2.91679;
FootLeft;-1.343871;-1.123333;2.817776;
Head;-1.502665;0.5554528;2.885602;
ShoulderCenter;-1.441935;0.3635989;2.87995;
ShoulderRight;-1.354269;0.2043119;2.80343;
ShoulderLeft;-1.366585;0.2189699;2.698997;
ElbowRight;-1.372498;-0.02194778;2.718809;
ElbowLeft;-1.37429;0.001914948;2.603684;
WristRight;-1.423874;-0.3032905;2.714689;
WristLeft;-1.405181;-0.2712266;2.724847;
HandRight;-1.440999;-0.3970715;2.7184;
HandLeft;-1.422239;-0.3415493;2.741077;
Spine;-1.397769;-0.0776522;2.962021;
HipCenter;-1.336503;-0.1558646;2.976595;
HipRight;-1.328208;-0.178686;2.959343;
HipLeft;-1.335036;-0.1777453;3.000488;
KneeRight;-1.417206;-0.7785091;3.000185;
KneeLeft;-1.436401;-0.7037892;2.957832;
AnkleRight;-1.337393;-1.08167;2.872818;
AnkleLeft;-1.459515;-1.047282;2.878257;
FootRight;-1.355043;-1.161549;2.918218;
FootLeft;-1.358343;-1.089338;2.867719;
Head;-1.495512;0.3582628;2.74115;
ShoulderCenter;-1.442037;0.3198698;2.890291;
ShoulderRight;-1.347578;0.1647017;2.809157;
ShoulderLeft;-1.39791;0.03623206;2.774406;
ElbowRight;-1.41127;-0.1340781;2.755663;
ElbowLeft;-1.439866;-0.1728834;2.668324;
WristRight;-1.454616;-0.361967;2.752231;
WristLeft;-1.405858;-0.362216;2.772598;
HandRight;-1.469064;-0.4379299;2.756169;
HandLeft;-1.422906;-0.4324964;2.788818;
Spine;-1.412535;-0.08933452;3.027944;
HipCenter;-1.374125;-0.174368;3.02558;
HipRight;-1.354514;-0.2004662;3.094764;
HipLeft;-1.376104;-0.2759722;2.987416;
KneeRight;-1.446897;-0.8014964;3.035775;
KneeLeft;-1.443609;-0.7209884;2.950712;
AnkleRight;-1.324846;-1.077408;2.878444;
AnkleLeft;-1.463033;-1.039875;2.871966;
FootRight;-1.35684;-1.156489;2.916653;
FootLeft;-1.372384;-1.122726;2.902157;
Head;-1.459728;0.2862212;2.956355;
ShoulderCenter;-1.413404;0.03036697;2.98542;
ShoulderRight;-1.318204;-0.1267624;2.904351;
ShoulderLeft;-1.415385;0.03012553;2.790347;
ElbowRight;-1.465656;-0.2652096;2.774256;
ElbowLeft;-1.456187;-0.1918265;2.75489;
WristRight;-1.478453;-0.4870003;2.7991;
WristLeft;-1.450961;-0.4110309;2.79336;
HandRight;-1.482718;-0.5609306;2.812451;
HandLeft;-1.467999;-0.4812699;2.80957;
Spine;-1.44497;-0.2095087;3.038785;
HipCenter;-1.417629;-0.2602175;3.020725;
HipRight;-1.37409;-0.3261195;3.098084;
HipLeft;-1.463384;-0.3466793;2.953904;
KneeRight;-1.416323;-0.8733574;2.939872;
KneeLeft;-1.40803;-0.7459234;2.980731;
AnkleRight;-1.363394;-1.105397;2.898848;
AnkleLeft;-1.457256;-1.233248;2.85935;
FootRight;-1.293225;-1.155246;2.831052;
FootLeft;-1.387086;-1.283097;2.791555;
Head;-1.477449;0.2451602;2.964716;
ShoulderCenter;-1.455998;-0.007038142;3.03593;
ShoulderRight;-1.360798;-0.1641675;2.95486;
ShoulderLeft;-1.458724;-0.05487221;2.885412;
ElbowRight;-1.520886;-0.229014;2.78018;
ElbowLeft;-1.463652;-0.3492309;2.812658;
WristRight;-1.500787;-0.4618386;2.820059;
WristLeft;-1.465368;-0.5787053;2.844321;
HandRight;-1.494087;-0.5394468;2.838412;
HandLeft;-1.482397;-0.64891;2.860524;
Spine;-1.476516;-0.3078911;3.079323;
HipCenter;-1.456699;-0.3686748;3.057016;
HipRight;-1.41142;-0.4051796;3.117545;
HipLeft;-1.5022;-0.4470986;2.998364;
KneeRight;-1.452382;-0.819126;2.930057;
KneeLeft;-1.430349;-0.7947774;2.949692;
AnkleRight;-1.36492;-1.104654;2.900271;
AnkleLeft;-1.514301;-1.321955;2.834008;
FootRight;-1.309004;-1.152367;2.819492;
FootLeft;-1.458385;-1.369668;2.753229;
Head;-1.501074;0.2036099;2.969398;
ShoulderCenter;-1.495224;-0.05153656;3.026668;
ShoulderRight;-1.400024;-0.208666;2.945598;
ShoulderLeft;-1.49511;-0.1733138;2.960655;
ElbowRight;-1.520019;-0.3901191;2.857374;
ElbowLeft;-1.479023;-0.4727222;2.876328;
WristRight;-1.52355;-0.6136384;2.869962;
WristLeft;-1.479089;-0.7328944;2.902418;
HandRight;-1.524727;-0.6881449;2.87921;
HandLeft;-1.49611;-0.8030654;2.918612;
Spine;-1.474847;-0.3576153;3.071137;
HipCenter;-1.47698;-0.419596;3.046323;
HipRight;-1.422827;-0.420444;3.077439;
HipLeft;-1.522693;-0.4656711;3.014326;
KneeRight;-1.432426;-0.8550614;2.94575;
KneeLeft;-1.37453;-0.9741694;2.9504;
AnkleRight;-1.371826;-1.100514;2.9022;
AnkleLeft;-1.383767;-1.110635;2.924647;
FootRight;-1.386719;-1.149036;2.805598;
FootLeft;-1.316105;-1.169412;2.900761;
Head;-1.461411;-0.5222319;2.93362;
ShoulderCenter;-1.455561;-0.7773784;2.990927;
ShoulderRight;-1.360361;-0.9345078;2.909857;
ShoulderLeft;-1.455448;-0.8991556;2.924914;
ElbowRight;-1.43842;-0.6407819;2.894802;
ElbowLeft;-1.494064;-0.5981991;2.917934;
WristRight;-1.653917;-0.6980579;2.908986;
WristLeft;-1.510273;-0.8101664;2.976184;
HandRight;-1.72575;-0.71715;2.918762;
HandLeft;-1.527286;-0.8803041;2.992371;
Spine;-1.513377;-0.5556764;2.962806;
HipCenter;-1.518043;-0.5086268;2.998085;
HipRight;-1.429243;-0.4851019;3.053399;
HipLeft;-1.619993;-0.4755872;2.941091;
KneeRight;-1.491449;-0.9504477;2.934476;
KneeLeft;-1.427248;-0.9016103;2.901965;
AnkleRight;-1.361833;-1.110411;2.911634;
AnkleLeft;-1.436485;-1.038075;2.876237;
FootRight;-1.339543;-1.19609;2.939045;
FootLeft;-1.360184;-1.086964;2.856813;
Head;-1.498437;-0.5109803;2.938027;
ShoulderCenter;-1.492586;-0.7661269;2.995457;
ShoulderRight;-1.397386;-0.9232562;2.914387;
ShoulderLeft;-1.492473;-0.887904;2.929445;
ElbowRight;-1.470103;-0.631307;2.922889;
ElbowLeft;-1.521183;-0.5871116;2.925816;
WristRight;-1.667477;-0.5511142;2.977508;
WristLeft;-1.595954;-0.5112787;3.107963;
HandRight;-1.733268;-0.5243832;3.000748;
HandLeft;-1.620877;-0.486001;3.173712;
Spine;-1.522573;-1.040441;3.085115;
HipCenter;-1.53478;-1.100907;3.073663;
HipRight;-1.508788;-1.112419;3.07;
HipLeft;-1.565968;-1.136263;3.086035;
KneeRight;-1.52532;-0.6928122;2.895202;
KneeLeft;-1.496857;-1.660196;3.080379;
AnkleRight;-1.5415;-0.2821203;2.709254;
AnkleLeft;-1.504799;-1.806476;3.05491;
FootRight;-1.561343;-0.3164799;2.609499;
FootLeft;-1.523835;-1.861316;2.962949;
