Floor;-0.02062308;0.9995234;0.02296781;1.064232;
Head;0.6329978;0.4981291;2.968977;
ShoulderCenter;0.7293686;0.3332988;2.938971;
ShoulderRight;0.797092;0.2041617;2.803941;
ShoulderLeft;0.6543149;0.2018581;3.043521;
ElbowRight;0.8665529;-0.05437681;2.716217;
ElbowLeft;0.624291;-0.06507251;3.068982;
WristRight;0.8391568;-0.3166547;2.654491;
WristLeft;0.54998;-0.2939131;3.088778;
HandRight;0.8353478;-0.4089957;2.649249;
HandLeft;0.5058046;-0.3565781;3.063194;
Spine;0.700895;-0.06319922;2.86672;
HipCenter;0.6952003;-0.1424988;2.855879;
HipRight;0.7231231;-0.200494;2.793307;
HipLeft;0.6588735;-0.2015306;2.894382;
KneeRight;0.6843439;-0.6176127;2.819848;
KneeLeft;0.7234859;-0.7298601;2.889503;
AnkleRight;0.6242775;-1.0641;2.834785;
AnkleLeft;0.6194248;-1.071103;2.871549;
FootRight;0.5425131;-1.13191;2.866328;
FootLeft;0.5509716;-1.109498;2.84814;
Head;0.5867234;0.5026878;2.95748;
ShoulderCenter;0.6899217;0.3389688;2.929549;
ShoulderRight;0.761591;0.2117421;2.796388;
ShoulderLeft;0.5983956;0.1639431;3.015037;
ElbowRight;0.8183514;-0.05429858;2.688037;
ElbowLeft;0.5699032;-0.155251;3.040784;
WristRight;0.7818808;-0.3065089;2.652224;
WristLeft;0.5349586;-0.3724056;3.122869;
HandRight;0.7915644;-0.393449;2.645682;
HandLeft;0.5233104;-0.4447904;3.155082;
Spine;0.6558167;-0.03946052;2.876645;
HipCenter;0.6498481;-0.1152689;2.869803;
HipRight;0.6798593;-0.1727569;2.799828;
HipLeft;0.6090468;-0.194827;2.917665;
KneeRight;0.6339413;-0.6754143;2.834067;
KneeLeft;0.6654727;-0.7119158;2.861894;
AnkleRight;0.6240073;-1.064427;2.834373;
AnkleLeft;1.055679;-0.9617544;2.946539;
FootRight;0.5423481;-1.131713;2.865847;
FootLeft;1.050928;-1.073046;2.967945;
Head;0.5452203;0.5186608;2.963174;
ShoulderCenter;0.6297606;0.346769;2.917788;
ShoulderRight;0.704591;0.2146673;2.780089;
ShoulderLeft;0.5557153;0.1635423;3.001398;
ElbowRight;0.7823435;-0.04504995;2.680901;
ElbowLeft;0.538182;-0.09673405;3.042831;
WristRight;0.7184682;-0.3086886;2.65101;
WristLeft;0.5134001;-0.3347842;3.094591;
HandRight;0.7262971;-0.3887649;2.63881;
HandLeft;0.4947035;-0.3929774;3.06502;
Spine;0.6128398;-0.0399659;2.889301;
HipCenter;0.6091162;-0.1172251;2.886932;
HipRight;0.6381266;-0.173518;2.823223;
HipLeft;0.5727026;-0.1963975;2.937432;
KneeRight;0.6299605;-0.673528;2.832567;
KneeLeft;0.5625916;-0.6809093;2.939918;
AnkleRight;0.6238421;-1.064312;2.835087;
AnkleLeft;0.9657338;-0.9570394;2.963553;
FootRight;0.5485728;-1.126968;2.856949;
FootLeft;0.9379406;-1.075352;2.987945;
Head;0.4866077;0.5177243;2.957748;
ShoulderCenter;0.5997665;0.3551137;2.913036;
ShoulderRight;0.6632974;0.2197707;2.775509;
ShoulderLeft;0.5377431;0.1987671;2.984283;
ElbowRight;0.7258163;-0.0298243;2.664496;
ElbowLeft;0.4869234;-0.09968959;3.032745;
WristRight;0.6677464;-0.2628636;2.638698;
WristLeft;0.4621415;-0.3377397;3.084365;
HandRight;0.6588625;-0.3542371;2.637383;
HandLeft;0.4935596;-0.3978901;3.083996;
Spine;0.5789094;-0.05360694;2.893627;
HipCenter;0.5731124;-0.1365685;2.89372;
HipRight;0.5942375;-0.1993895;2.8311;
HipLeft;0.5474018;-0.2049812;2.946388;
KneeRight;0.61657;-0.6765453;2.824399;
KneeLeft;0.5373621;-0.6758049;2.953975;
AnkleRight;0.6237766;-1.063788;2.835161;
AnkleLeft;0.8915036;-0.9712604;2.973566;
FootRight;0.5539153;-1.122914;2.846609;
FootLeft;0.8352913;-1.070402;3.020518;
Head;0.4552009;0.5200895;2.946196;
ShoulderCenter;0.5485081;0.3600534;2.909386;
ShoulderRight;0.623329;0.2222404;2.769366;
ShoulderLeft;0.4776846;0.1500008;2.976541;
ElbowRight;0.6844196;-0.02788023;2.658;
ElbowLeft;0.4694445;-0.1215781;3.024908;
WristRight;0.6092831;-0.2548476;2.633068;
WristLeft;0.4446627;-0.3596282;3.076419;
HandRight;0.5928157;-0.3421432;2.628584;
HandLeft;0.4594699;-0.4252243;3.078181;
Spine;0.5449101;-0.05173967;2.896272;
HipCenter;0.5447586;-0.1343449;2.896941;
HipRight;0.5765918;-0.1927078;2.832046;
HipLeft;0.5028459;-0.220824;2.955533;
KneeRight;0.6100723;-0.680013;2.821958;
KneeLeft;0.4576809;-0.6509824;2.978371;
AnkleRight;0.6225574;-1.059277;2.836005;
AnkleLeft;0.7893854;-1.010888;2.977571;
FootRight;0.5567049;-1.123453;2.850953;
FootLeft;0.7820987;-1.119945;3.040332;
Head;0.4278642;0.518212;2.941778;
ShoulderCenter;0.5321525;0.35913;2.908145;
ShoulderRight;0.5932097;0.2290955;2.764026;
ShoulderLeft;0.4335397;0.1613431;2.955083;
ElbowRight;0.6314301;-0.01858885;2.65339;
ElbowLeft;0.4241685;-0.1307925;3.026471;
WristRight;0.5577586;-0.2464172;2.622491;
WristLeft;0.3993866;-0.3688426;3.078053;
HandRight;0.5303512;-0.3334972;2.628071;
HandLeft;0.4236848;-0.4318087;3.081913;
Spine;0.5114982;-0.0260023;2.892871;
HipCenter;0.506301;-0.1001905;2.893226;
HipRight;0.5384018;-0.1528948;2.831596;
HipLeft;0.4701905;-0.1842658;2.946243;
KneeRight;0.6035433;-0.6806282;2.821483;
KneeLeft;0.429309;-0.656989;2.97439;
AnkleRight;0.6231098;-1.058714;2.835641;
AnkleLeft;0.5533732;-0.9869107;2.961668;
FootRight;0.5547265;-1.124689;2.848095;
FootLeft;0.5408199;-1.11594;2.959461;
Head;0.362811;0.4940747;2.932051;
ShoulderCenter;0.4791445;0.3619009;2.903449;
ShoulderRight;0.5458133;0.2294334;2.763633;
ShoulderLeft;0.3969855;0.1440649;2.982307;
ElbowRight;0.5867744;0.0154347;2.645295;
ElbowLeft;0.3834291;-0.09865247;3.045813;
WristRight;0.5103879;-0.2369561;2.628872;
WristLeft;0.3586473;-0.3367026;3.097292;
HandRight;0.4779306;-0.3221425;2.640657;
HandLeft;0.3791331;-0.4013261;3.101762;
Spine;0.469878;-0.05556271;2.890984;
HipCenter;0.4680246;-0.1390554;2.892108;
HipRight;0.4998164;-0.1889822;2.830864;
HipLeft;0.4331609;-0.2275244;2.946131;
KneeRight;0.5900618;-0.6882932;2.822272;
KneeLeft;0.3921563;-0.6956304;2.968718;
AnkleRight;0.6197704;-1.055372;2.834714;
AnkleLeft;0.5007437;-1.088721;2.972931;
FootRight;0.5584403;-1.123825;2.846336;
FootLeft;0.4622186;-1.147851;3.043582;
Head;0.337943;0.5067207;2.92645;
ShoulderCenter;0.445888;0.3631998;2.893471;
ShoulderRight;0.5210679;0.2313228;2.760699;
ShoulderLeft;0.3629111;0.1451477;2.97258;
ElbowRight;0.5380487;-0.001591764;2.63817;
ElbowLeft;0.3577668;-0.1202471;3.036517;
WristRight;0.4592297;-0.2249182;2.630572;
WristLeft;0.3329849;-0.3582972;3.087918;
HandRight;0.4196647;-0.3091816;2.632901;
HandLeft;0.3537382;-0.4237644;3.092446;
Spine;0.4475688;-0.05050018;2.886612;
HipCenter;0.4475115;-0.1334161;2.888655;
HipRight;0.4811613;-0.1892089;2.821303;
HipLeft;0.413205;-0.2280614;2.949434;
KneeRight;0.5617737;-0.7008355;2.819679;
KneeLeft;0.3440439;-0.6944249;2.959568;
AnkleRight;0.6192088;-1.05486;2.834737;
AnkleLeft;0.4072251;-1.080801;2.95268;
FootRight;0.5575691;-1.122994;2.844516;
FootLeft;0.3008573;-1.134572;2.990387;
Head;0.2810204;0.511856;2.922215;
ShoulderCenter;0.4054181;0.3606373;2.887154;
ShoulderRight;0.4673495;0.2273163;2.755077;
ShoulderLeft;0.3228949;0.1425499;2.966454;
ElbowRight;0.5013003;-0.004002997;2.645226;
ElbowLeft;0.3075123;-0.1303943;3.037386;
WristRight;0.4016733;-0.223598;2.624456;
WristLeft;0.2827305;-0.3684444;3.088743;
HandRight;0.3525094;-0.3039752;2.626189;
HandLeft;0.3037329;-0.4346976;3.093325;
Spine;0.4115907;-0.04920868;2.881757;
HipCenter;0.4130235;-0.1312796;2.884312;
HipRight;0.4477208;-0.1859594;2.818674;
HipLeft;0.3810136;-0.2243872;2.944575;
KneeRight;0.5347303;-0.6992791;2.821836;
KneeLeft;0.3064231;-0.6875968;2.955279;
AnkleRight;0.6189525;-1.056163;2.836673;
AnkleLeft;0.281778;-1.078243;2.947516;
FootRight;0.5545216;-1.123276;2.843687;
FootLeft;0.1732976;-1.128115;2.988484;
Head;0.2511528;0.5065597;2.932279;
ShoulderCenter;0.3538894;0.3598325;2.891744;
ShoulderRight;0.442833;0.2257318;2.755701;
ShoulderLeft;0.2711556;0.1417248;2.971022;
ElbowRight;0.4546478;-0.009984404;2.646882;
ElbowLeft;0.270359;-0.1420566;2.946007;
WristRight;0.3523637;-0.2191588;2.621645;
WristLeft;0.2455771;-0.3801067;2.997324;
HandRight;0.295114;-0.2956898;2.615125;
HandLeft;0.2669273;-0.4474567;3.001983;
Spine;0.3741649;-0.05441285;2.88156;
HipCenter;0.3779942;-0.1371139;2.883331;
HipRight;0.4204494;-0.1963376;2.817438;
HipLeft;0.3406147;-0.2244562;2.942491;
KneeRight;0.5187343;-0.7001823;2.82928;
KneeLeft;0.2536956;-0.7129671;2.946099;
AnkleRight;0.6137986;-1.056763;2.841104;
AnkleLeft;0.1533684;-1.069875;2.930361;
FootRight;0.553201;-1.124856;2.845445;
FootLeft;0.06567057;-1.098307;2.928943;
Head;0.2012612;0.4801556;2.922645;
ShoulderCenter;0.3252769;0.3500342;2.887527;
ShoulderRight;0.3965605;0.2194407;2.761215;
ShoulderLeft;0.2425431;0.1319265;2.966805;
ElbowRight;0.4156719;-0.01329592;2.647455;
ElbowLeft;0.2164579;-0.1470166;2.964498;
WristRight;0.2841498;-0.2348988;2.620932;
WristLeft;0.1989377;-0.3847027;2.949098;
HandRight;0.2242565;-0.310753;2.620636;
HandLeft;0.2204779;-0.4526522;2.953798;
Spine;0.3377085;-0.06746218;2.872395;
HipCenter;0.3401274;-0.1509805;2.872924;
HipRight;0.385576;-0.2007208;2.814957;
HipLeft;0.3013789;-0.2329521;2.922839;
KneeRight;0.4858321;-0.7066159;2.835416;
KneeLeft;0.2079624;-0.7136497;2.939316;
AnkleRight;0.6098197;-1.060129;2.850395;
AnkleLeft;0.04576702;-1.080155;2.934134;
FootRight;0.5470292;-1.127858;2.846911;
FootLeft;-0.06826823;-1.110835;2.975247;
Head;0.174857;0.4894876;2.928151;
ShoulderCenter;0.2759257;0.33901;2.89598;
ShoulderRight;0.3518158;0.2145872;2.760253;
ShoulderLeft;0.1931919;0.1209023;2.975258;
ElbowRight;0.3734012;-0.009054624;2.648952;
ElbowLeft;0.1775432;-0.1168646;2.942454;
WristRight;0.2110147;-0.2710775;2.624921;
WristLeft;0.1608254;-0.3855539;2.942682;
HandRight;0.158432;-0.3289863;2.617303;
HandLeft;0.1820249;-0.4524286;2.947307;
Spine;0.2933357;-0.06418892;2.875428;
HipCenter;0.2965431;-0.1449895;2.875031;
HipRight;0.3357959;-0.1990247;2.810725;
HipLeft;0.260595;-0.2278707;2.928922;
KneeRight;0.4725094;-0.7074929;2.830321;
KneeLeft;0.1657365;-0.6956786;2.930592;
AnkleRight;0.6035385;-1.061984;2.857669;
AnkleLeft;-0.03939576;-1.070396;2.921236;
FootRight;0.5441816;-1.130414;2.844936;
FootLeft;-0.153196;-1.091836;2.945589;
Head;0.1188963;0.4775035;2.919371;
ShoulderCenter;0.2387648;0.3392536;2.896683;
ShoulderRight;0.3055065;0.2040285;2.758663;
ShoulderLeft;0.1560309;0.1211459;2.975962;
ElbowRight;0.3299704;-0.009669513;2.65491;
ElbowLeft;0.1352219;-0.1205166;2.943744;
WristRight;0.1937157;-0.2569883;2.625505;
WristLeft;0.1134741;-0.3995445;2.929769;
HandRight;0.124995;-0.3234195;2.624229;
HandLeft;0.1347779;-0.4667484;2.934417;
Spine;0.2533096;-0.06886712;2.871301;
HipCenter;0.2562977;-0.1505394;2.869821;
HipRight;0.3007117;-0.1992391;2.809604;
HipLeft;0.2182187;-0.2298552;2.918889;
KneeRight;0.4546102;-0.716815;2.828451;
KneeLeft;0.115648;-0.7106971;2.926055;
AnkleRight;0.592258;-1.061559;2.860201;
AnkleLeft;-0.05607436;-1.073771;2.917184;
FootRight;0.5386955;-1.134975;2.851706;
FootLeft;-0.1787194;-1.088024;2.915037;
Head;0.06759703;0.4801071;2.929678;
ShoulderCenter;0.1843455;0.3342281;2.894453;
ShoulderRight;0.2709683;0.2051651;2.762742;
ShoulderLeft;0.1016117;0.1161204;2.973732;
ElbowRight;0.2715354;-0.03261725;2.657267;
ElbowLeft;0.07692571;-0.1937705;2.941853;
WristRight;0.1501418;-0.251907;2.6281;
WristLeft;0.05604915;-0.503954;2.92733;
HandRight;0.08710212;-0.32318;2.614974;
HandLeft;0.07745636;-0.5714839;2.932001;
Spine;0.1983316;-0.0742999;2.872436;
HipCenter;0.2011288;-0.1560055;2.871651;
HipRight;0.243297;-0.2066869;2.812894;
HipLeft;0.1634315;-0.2359187;2.92039;
KneeRight;0.3846769;-0.7155804;2.832996;
KneeLeft;0.09247053;-0.7102188;2.922931;
AnkleRight;0.5825558;-1.061974;2.861145;
AnkleLeft;-0.06078142;-1.088501;2.913034;
FootRight;0.5295651;-1.135858;2.863814;
FootLeft;-0.1798903;-1.115287;2.928546;
Head;0.05134086;0.4953137;2.93013;
ShoulderCenter;0.15007;0.334053;2.899882;
ShoulderRight;0.2249934;0.2008198;2.768954;
ShoulderLeft;0.06733616;0.1159453;2.97916;
ElbowRight;0.2231877;-0.04379375;2.664842;
ElbowLeft;0.03574397;-0.1481958;2.934348;
WristRight;0.120405;-0.2516821;2.626542;
WristLeft;0.01757695;-0.4269147;2.920274;
HandRight;0.06728456;-0.3307819;2.614585;
HandLeft;0.03897877;-0.4944277;2.924943;
Spine;0.1524143;-0.09396771;2.87119;
HipCenter;0.1542389;-0.1795724;2.868853;
HipRight;0.1971606;-0.2198195;2.821598;
HipLeft;0.1143019;-0.2507238;2.905807;
KneeRight;0.3169205;-0.7257992;2.830133;
KneeLeft;0.04156378;-0.7330389;2.928275;
AnkleRight;0.5764924;-1.062592;2.856915;
AnkleLeft;-0.06158158;-1.08847;2.907241;
FootRight;0.5342464;-1.141642;2.865745;
FootLeft;-0.1682095;-1.13928;2.932154;
Head;-0.002720259;0.5021107;2.939068;
ShoulderCenter;0.1028074;0.3419913;2.902511;
ShoulderRight;0.1684337;0.2032834;2.772008;
ShoulderLeft;0.02007355;0.1238836;2.981789;
ElbowRight;0.1842052;-0.04135662;2.666141;
ElbowLeft;-0.02226534;-0.1694134;2.962732;
WristRight;0.06853067;-0.2623029;2.632765;
WristLeft;-0.04043236;-0.4481323;2.948622;
HandRight;0.01356375;-0.3413815;2.626885;
HandLeft;-0.01892883;-0.5159661;2.953313;
Spine;0.1157698;-0.08111432;2.861569;
HipCenter;0.1168807;-0.1652897;2.856762;
HipRight;0.1492106;-0.2034538;2.804261;
HipLeft;0.08811674;-0.2415263;2.896035;
KneeRight;0.2731952;-0.7281142;2.8242;
KneeLeft;0.02187775;-0.7448006;2.927928;
AnkleRight;0.5611957;-1.063535;2.851818;
AnkleLeft;-0.06217787;-1.086854;2.901217;
FootRight;0.5537563;-1.152056;2.85758;
FootLeft;-0.1607329;-1.141045;2.926069;
Head;-0.05240146;0.5032796;2.951552;
ShoulderCenter;0.05435557;0.3412076;2.909606;
ShoulderRight;0.1352698;0.2075648;2.774959;
ShoulderLeft;-0.02837824;0.1230998;2.988884;
ElbowRight;0.1366916;-0.02755776;2.668475;
ElbowLeft;-0.06067158;-0.1666484;2.954847;
WristRight;0.05520885;-0.2526392;2.631151;
WristLeft;-0.0788386;-0.4453672;2.940715;
HandRight;0.006896436;-0.3367229;2.627754;
HandLeft;-0.05721261;-0.5135874;2.945434;
Spine;0.06275545;-0.07748628;2.878603;
HipCenter;0.06453782;-0.1612234;2.87602;
HipRight;0.1035597;-0.2055126;2.82007;
HipLeft;0.0289637;-0.2417764;2.919639;
KneeRight;0.2145604;-0.7397205;2.81142;
KneeLeft;-0.02125851;-0.7376328;2.923287;
AnkleRight;0.5096492;-1.041273;2.844044;
AnkleLeft;-0.0635303;-1.08708;2.898098;
FootRight;0.5083362;-1.129781;2.844381;
FootLeft;-0.1553508;-1.143888;2.92304;
Head;-0.1104585;0.5041978;2.983672;
ShoulderCenter;0.01155838;0.3525506;2.917743;
ShoulderRight;0.08020294;0.2172431;2.775834;
ShoulderLeft;-0.07117543;0.1344429;2.997021;
ElbowRight;0.09943886;-0.03005369;2.66943;
ElbowLeft;-0.1103986;-0.1644761;2.954274;
WristRight;0.01922769;-0.2485789;2.636515;
WristLeft;-0.1285656;-0.4431949;2.940111;
HandRight;-0.02128868;-0.3371169;2.632219;
HandLeft;-0.1068441;-0.5117161;2.94485;
Spine;0.01480741;-0.08175641;2.890538;
HipCenter;0.01566264;-0.1687639;2.888714;
HipRight;0.0533376;-0.2063106;2.845978;
HipLeft;-0.02053483;-0.2383483;2.922338;
KneeRight;0.1678381;-0.7045578;2.778332;
KneeLeft;-0.0541914;-0.7346617;2.920888;
AnkleRight;0.4468805;-1.010335;2.832093;
AnkleLeft;-0.06710483;-1.083066;2.895075;
FootRight;0.4533807;-1.098309;2.833022;
FootLeft;-0.1529842;-1.144448;2.921142;
Head;-0.1467166;0.5153686;2.98519;
ShoulderCenter;-0.02856281;0.3576216;2.928622;
ShoulderRight;0.04971051;0.2234085;2.781958;
ShoulderLeft;-0.1112967;0.1395139;3.007901;
ElbowRight;0.05824244;-0.02463144;2.668142;
ElbowLeft;-0.1465792;-0.1601906;2.964189;
WristRight;-0.01062221;-0.2441925;2.637334;
WristLeft;-0.1647461;-0.4389095;2.950004;
HandRight;-0.04656185;-0.3349885;2.630815;
HandLeft;-0.1429346;-0.5077153;2.954763;
Spine;-0.02014513;-0.07406991;2.884456;
HipCenter;-0.01950706;-0.1602326;2.879269;
HipRight;0.0181125;-0.1967835;2.835226;
HipLeft;-0.0567495;-0.2303051;2.909762;
KneeRight;0.0658747;-0.6862253;2.772145;
KneeLeft;-0.09742968;-0.7329686;2.908988;
AnkleRight;0.3579948;-0.9845693;2.806329;
AnkleLeft;-0.07195173;-1.081466;2.894933;
FootRight;0.3656379;-1.070413;2.790769;
FootLeft;-0.1435692;-1.14567;2.919316;
Head;-0.1768076;0.5180137;2.962874;
ShoulderCenter;-0.0595046;0.357598;2.92732;
ShoulderRight;0.003772303;0.2231717;2.778381;
ShoulderLeft;-0.1422384;0.1394903;3.006598;
ElbowRight;0.03083799;-0.02521678;2.66701;
ElbowLeft;-0.1802871;-0.1600713;2.963195;
WristRight;-0.04611488;-0.2428488;2.640419;
WristLeft;-0.1984542;-0.4387902;2.948992;
HandRight;-0.07598679;-0.3350248;2.626634;
HandLeft;-0.1766417;-0.5075985;2.953752;
Spine;-0.07239494;-0.07835165;2.883621;
HipCenter;-0.07329867;-0.1655403;2.878607;
HipRight;-0.03612261;-0.2010089;2.837963;
HipLeft;-0.1115175;-0.2306718;2.907083;
KneeRight;-0.0007148984;-0.7050542;2.775046;
KneeLeft;-0.1164655;-0.7855338;2.887561;
AnkleRight;0.2754235;-0.9828238;2.795752;
AnkleLeft;-0.06933714;-1.115316;2.89989;
FootRight;0.2529126;-1.064864;2.777353;
FootLeft;-0.1457471;-1.148919;2.924551;
Head;-0.2265166;0.5287997;2.950692;
ShoulderCenter;-0.1130395;0.3649356;2.928191;
ShoulderRight;-0.02983715;0.2263719;2.78022;
ShoulderLeft;-0.1957734;0.1468279;3.007469;
ElbowRight;0.0004785056;-0.02827449;2.669446;
ElbowLeft;-0.2327861;-0.1527014;2.964183;
WristRight;-0.07868063;-0.2451753;2.635214;
WristLeft;-0.2509531;-0.4314203;2.949966;
HandRight;-0.1143148;-0.3365746;2.629724;
HandLeft;-0.2290554;-0.5004975;2.954744;
Spine;-0.1018449;-0.07612813;2.883023;
HipCenter;-0.1006522;-0.1640576;2.877734;
HipRight;-0.05961961;-0.1987563;2.843297;
HipLeft;-0.1429509;-0.2232065;2.899475;
KneeRight;-0.09155598;-0.6930858;2.776735;
KneeLeft;-0.1819773;-0.7810764;2.847821;
AnkleRight;0.1815436;-0.9874338;2.786912;
AnkleLeft;-0.07805642;-1.088866;2.898757;
FootRight;0.1371746;-1.096862;2.779714;
FootLeft;-0.1457191;-1.14936;2.928324;
Head;-0.2628932;0.524497;2.961105;
ShoulderCenter;-0.1404136;0.3642502;2.92452;
ShoulderRight;-0.06749406;0.2255335;2.776364;
ShoulderLeft;-0.2231475;0.1461425;3.003798;
ElbowRight;-0.05389029;-0.04013164;2.663289;
ElbowLeft;-0.2601601;-0.1533867;2.960494;
WristRight;-0.1222318;-0.2616845;2.631941;
WristLeft;-0.2783272;-0.4321056;2.946268;
HandRight;-0.1495584;-0.3563948;2.628837;
HandLeft;-0.2563472;-0.5014421;2.951064;
Spine;-0.1426392;-0.07797407;2.876582;
HipCenter;-0.1425584;-0.1663963;2.870723;
HipRight;-0.1096415;-0.196594;2.828457;
HipLeft;-0.174702;-0.2335858;2.89915;
KneeRight;-0.1673737;-0.69459;2.790125;
KneeLeft;-0.05391901;-0.6856844;2.952951;
AnkleRight;0.05719587;-1.039864;2.792164;
AnkleLeft;-0.08077908;-1.084897;2.885772;
FootRight;0.01376738;-1.113866;2.777912;
FootLeft;-0.1443812;-1.149018;2.924412;
Head;-0.3163714;0.5111413;2.942318;
ShoulderCenter;-0.1751467;0.3669594;2.92075;
ShoulderRight;-0.09698613;0.2262612;2.777649;
ShoulderLeft;-0.2578804;0.1488517;3.000028;
ElbowRight;-0.07571054;-0.03681503;2.662585;
ElbowLeft;-0.2948931;-0.1506776;2.956718;
WristRight;-0.1577886;-0.2542198;2.629613;
WristLeft;-0.3130601;-0.4293965;2.94249;
HandRight;-0.1985337;-0.3439572;2.62284;
HandLeft;-0.2910436;-0.4988484;2.947294;
Spine;-0.1647249;-0.07752523;2.877443;
HipCenter;-0.1632049;-0.1663061;2.872257;
HipRight;-0.1237464;-0.1963939;2.83108;
HipLeft;-0.2025844;-0.2332579;2.901005;
KneeRight;-0.2285186;-0.7034122;2.807667;
KneeLeft;-0.07231028;-0.6980991;2.943573;
AnkleRight;-0.06486563;-1.061608;2.799304;
AnkleLeft;-0.1041198;-1.101109;2.86382;
FootRight;-0.1517548;-1.135756;2.81599;
FootLeft;-0.1821944;-1.152073;2.936185;
Head;-0.3488355;0.5087255;2.946104;
ShoulderCenter;-0.2034047;0.3665258;2.919374;
ShoulderRight;-0.1409704;0.2280801;2.775766;
ShoulderLeft;-0.2861385;0.1484181;2.998653;
ElbowRight;-0.1140393;-0.03420204;2.655999;
ElbowLeft;-0.3231512;-0.1511112;2.955318;
WristRight;-0.1992918;-0.254321;2.628008;
WristLeft;-0.4151269;-0.3409251;3.065979;
HandRight;-0.2332551;-0.3470584;2.633331;
HandLeft;-0.464977;-0.394378;3.064632;
Spine;-0.2148743;-0.07710157;2.880876;
HipCenter;-0.2153074;-0.1657985;2.876931;
HipRight;-0.1798902;-0.1945652;2.842188;
HipLeft;-0.2499402;-0.2297918;2.901741;
KneeRight;-0.2054791;-0.7411138;2.856204;
KneeLeft;-0.1500077;-0.7118466;2.911967;
AnkleRight;-0.1562461;-1.096156;2.82208;
AnkleLeft;-0.0891944;-1.086461;2.87199;
FootRight;-0.2367319;-1.133488;2.784423;
FootLeft;-0.1651047;-1.135399;2.948384;
Head;-0.3841939;0.5316616;2.929646;
ShoulderCenter;-0.2608412;0.3695943;2.912355;
ShoulderRight;-0.1615274;0.2292164;2.771095;
ShoulderLeft;-0.343575;0.1514866;2.991633;
ElbowRight;-0.1499802;-0.0343281;2.651928;
ElbowLeft;-0.3805877;-0.1480426;2.948313;
WristRight;-0.2217813;-0.2570896;2.627546;
WristLeft;-0.470937;-0.3158689;3.069504;
HandRight;-0.2644737;-0.3462954;2.618793;
HandLeft;-0.5195482;-0.3706692;3.073846;
Spine;-0.243422;-0.07067858;2.880341;
HipCenter;-0.2408962;-0.1589321;2.877271;
HipRight;-0.1966109;-0.1910411;2.845119;
HipLeft;-0.2845056;-0.2206673;2.899103;
KneeRight;-0.3966352;-0.6738928;2.790943;
KneeLeft;-0.1761674;-0.7163726;2.927035;
AnkleRight;-0.1708516;-1.060248;2.840153;
AnkleLeft;-0.0851582;-1.093198;2.878965;
FootRight;-0.2423531;-1.105634;2.780201;
FootLeft;-0.1618969;-1.142996;2.955582;
Head;-0.4141723;0.5243449;2.936234;
ShoulderCenter;-0.2838836;0.3650574;2.909464;
ShoulderRight;-0.2159082;0.224923;2.767286;
ShoulderLeft;-0.3666174;0.1469497;2.988742;
ElbowRight;-0.1822871;-0.03658098;2.648757;
ElbowLeft;-0.4036301;-0.1525796;2.945439;
WristRight;-0.2767224;-0.2510972;2.620378;
WristLeft;-0.5251662;-0.2971484;3.069926;
HandRight;-0.3171525;-0.3418599;2.626915;
HandLeft;-0.5785483;-0.3471049;3.06147;
Spine;-0.2781151;-0.07436669;2.873061;
HipCenter;-0.276565;-0.1621212;2.869405;
HipRight;-0.2416793;-0.1890842;2.856245;
HipLeft;-0.3166021;-0.2175864;2.873684;
KneeRight;-0.4051266;-0.6808862;2.793946;
KneeLeft;-0.314684;-0.7378194;2.861945;
AnkleRight;-0.153796;-1.046735;2.874007;
AnkleLeft;-0.08891894;-1.095239;2.882713;
FootRight;-0.2305751;-1.091582;2.821446;
FootLeft;-0.1752169;-1.156343;2.936828;
Head;-0.4676767;0.5202749;2.928216;
ShoulderCenter;-0.3390044;0.3597427;2.907468;
ShoulderRight;-0.2496379;0.2192456;2.762868;
ShoulderLeft;-0.4217382;0.141635;2.986746;
ElbowRight;-0.2323565;-0.05364334;2.647795;
ElbowLeft;-0.4587509;-0.1578943;2.943418;
WristRight;-0.3248219;-0.2774895;2.622706;
WristLeft;-0.5890784;-0.291362;3.071987;
HandRight;-0.334637;-0.3539939;2.620465;
HandLeft;-0.6404946;-0.3263775;3.063061;
Spine;-0.3307356;-0.0795968;2.868244;
HipCenter;-0.3290818;-0.1674647;2.864058;
HipRight;-0.2871901;-0.2067857;2.830093;
HipLeft;-0.3691595;-0.2245248;2.88735;
KneeRight;-0.1610244;-0.7499596;2.94114;
KneeLeft;-0.4471789;-0.756505;2.805659;
AnkleRight;-0.1162957;-1.088553;2.889332;
AnkleLeft;-0.6001474;-1.101783;2.798746;
FootRight;-0.1899816;-1.133091;2.832426;
FootLeft;-0.7102073;-1.137629;2.824986;
Head;-0.477671;0.5281922;2.918215;
ShoulderCenter;-0.3654532;0.3554691;2.901594;
ShoulderRight;-0.2913376;0.216018;2.759777;
ShoulderLeft;-0.448187;0.1373614;2.980872;
ElbowRight;-0.2560224;-0.04943861;2.641684;
ElbowLeft;-0.4851997;-0.1621679;2.937519;
WristRight;-0.3385687;-0.2706302;2.6195;
WristLeft;-0.6333368;-0.2719855;3.069627;
HandRight;-0.3762868;-0.3586067;2.612678;
HandLeft;-0.6905978;-0.2994228;3.033103;
Spine;-0.3477072;-0.08086096;2.866825;
HipCenter;-0.344471;-0.1682655;2.863325;
HipRight;-0.3107114;-0.2059353;2.855119;
HipLeft;-0.3908312;-0.2150476;2.862126;
KneeRight;-0.168602;-0.7488646;2.940685;
KneeLeft;-0.4778695;-0.7499818;2.809154;
AnkleRight;-0.1147424;-1.087969;2.889496;
AnkleLeft;-0.7054529;-1.097537;2.810425;
FootRight;-0.1895643;-1.133233;2.83546;
FootLeft;-0.8218631;-1.11764;2.806016;
Head;-0.5143978;0.5223434;2.888402;
ShoulderCenter;-0.4129412;0.3467789;2.893466;
ShoulderRight;-0.3275859;0.2077958;2.752067;
ShoulderLeft;-0.4956751;0.1286712;2.972744;
ElbowRight;-0.3080329;-0.05211893;2.635539;
ElbowLeft;-0.5326877;-0.1708581;2.929375;
WristRight;-0.3827212;-0.2761839;2.615785;
WristLeft;-0.6862478;-0.2684375;3.065063;
HandRight;-0.4069259;-0.3723381;2.609366;
HandLeft;-0.7496298;-0.2967044;3.014115;
Spine;-0.3999463;-0.09883094;2.861987;
HipCenter;-0.3972473;-0.1879346;2.859373;
HipRight;-0.3510587;-0.2153745;2.84805;
HipLeft;-0.4372772;-0.242384;2.863756;
KneeRight;-0.1884796;-0.7537677;2.936696;
KneeLeft;-0.5280573;-0.7537621;2.813878;
AnkleRight;-0.1127396;-1.08876;2.890082;
AnkleLeft;-0.7785282;-1.103379;2.82818;
FootRight;-0.1405676;-1.171391;2.898314;
FootLeft;-0.8614827;-1.125063;2.810337;
Head;-0.56611;0.5115894;2.885758;
ShoulderCenter;-0.4554973;0.338016;2.883473;
ShoulderRight;-0.3734151;0.2007753;2.750525;
ShoulderLeft;-0.5382311;0.1199083;2.962752;
ElbowRight;-0.3441942;-0.06668363;2.636079;
ElbowLeft;-0.6797205;-0.1141666;2.989109;
WristRight;-0.4262756;-0.2889337;2.608191;
WristLeft;-0.7742816;-0.3190009;3.047602;
HandRight;-0.4583289;-0.3836749;2.60156;
HandLeft;-0.832884;-0.3249985;3.002671;
Spine;-0.4415642;-0.09347696;2.867796;
HipCenter;-0.4400485;-0.1796115;2.868502;
HipRight;-0.4010309;-0.215594;2.845718;
HipLeft;-0.4814151;-0.2344469;2.887247;
KneeRight;-0.2228591;-0.7547023;2.935983;
KneeLeft;-0.5443248;-0.7539006;2.82389;
AnkleRight;-0.1139613;-1.086886;2.891904;
AnkleLeft;-0.784313;-1.107605;2.842927;
FootRight;-0.1424156;-1.170098;2.890483;
FootLeft;-0.8782756;-1.132376;2.822288;
Head;-0.5915481;0.5131068;2.881832;
ShoulderCenter;-0.4849907;0.3343273;2.874171;
ShoulderRight;-0.4256304;0.188976;2.733063;
ShoulderLeft;-0.5677244;0.1162196;2.953449;
ElbowRight;-0.3948313;-0.0902824;2.638715;
ElbowLeft;-0.7142877;-0.1145302;2.984107;
WristRight;-0.4811544;-0.3110857;2.603909;
WristLeft;-0.8210479;-0.3145224;3.04125;
HandRight;-0.4984514;-0.4101702;2.598607;
HandLeft;-0.8805857;-0.3380722;3.003263;
Spine;-0.4938079;-0.1066539;2.852194;
HipCenter;-0.4939965;-0.1946532;2.851961;
HipRight;-0.4564066;-0.2292212;2.84388;
HipLeft;-0.5317484;-0.2356403;2.855074;
KneeRight;-0.2487404;-0.7586172;2.933181;
KneeLeft;-0.5618141;-0.741385;2.831723;
AnkleRight;-0.1170706;-1.085489;2.894638;
AnkleLeft;-0.7797554;-1.102999;2.848474;
FootRight;-0.1817183;-1.161233;2.939735;
FootLeft;-0.8591601;-1.138228;2.835526;
Head;-0.6510949;0.5057756;2.865578;
ShoulderCenter;-0.5432244;0.3299804;2.870522;
ShoulderRight;-0.4555666;0.1870605;2.73396;
ShoulderLeft;-0.6259582;0.1118727;2.9498;
ElbowRight;-0.4390824;-0.06835509;2.634331;
ElbowLeft;-0.7546539;-0.1302454;2.978023;
WristRight;-0.5132989;-0.3279891;2.61422;
WristLeft;-0.843707;-0.3381451;3.037656;
HandRight;-0.5390239;-0.4161735;2.602986;
HandLeft;-0.8952356;-0.3468161;2.984785;
Spine;-0.5329109;-0.09971651;2.844136;
HipCenter;-0.5313917;-0.1858317;2.842616;
HipRight;-0.4888496;-0.2224313;2.842175;
HipLeft;-0.5732281;-0.2292823;2.834963;
KneeRight;-0.2973276;-0.7702996;2.933277;
KneeLeft;-0.5848479;-0.7254547;2.834912;
AnkleRight;-0.1305941;-1.078107;2.903328;
AnkleLeft;-0.7781904;-1.101697;2.853071;
FootRight;-0.1970188;-1.163773;2.951615;
FootLeft;-0.8518413;-1.149012;2.847577;
Head;-0.6999106;0.5111072;2.865825;
ShoulderCenter;-0.5832765;0.3366989;2.858553;
ShoulderRight;-0.5108645;0.1887197;2.728225;
ShoulderLeft;-0.6660103;0.1185911;2.937832;
ElbowRight;-0.4883575;-0.07532215;2.627937;
ElbowLeft;-0.7837191;-0.1266542;2.976896;
WristRight;-0.5389127;-0.3283525;2.611535;
WristLeft;-0.8697237;-0.33562;3.038005;
HandRight;-0.562528;-0.4136428;2.599038;
HandLeft;-0.9196509;-0.3879752;3.021848;
Spine;-0.5707729;-0.1002426;2.827061;
HipCenter;-0.5681662;-0.1876224;2.824527;
HipRight;-0.5311908;-0.2152889;2.81078;
HipLeft;-0.6026207;-0.2367191;2.82875;
KneeRight;-0.3661444;-0.7416761;2.938257;
KneeLeft;-0.5871601;-0.73051;2.849245;
AnkleRight;-0.1467934;-1.080214;2.914737;
AnkleLeft;-0.7779549;-1.100889;2.854172;
FootRight;-0.1902192;-1.15638;2.946711;
FootLeft;-0.8457325;-1.15371;2.877016;
Head;-0.7561021;0.5059303;2.863449;
ShoulderCenter;-0.6282627;0.337375;2.848844;
ShoulderRight;-0.5625577;0.1875252;2.718919;
ShoulderLeft;-0.7109965;0.1192673;2.928122;
ElbowRight;-0.5331447;-0.08386533;2.632447;
ElbowLeft;-0.8099099;-0.1328471;2.973482;
WristRight;-0.5978858;-0.3134795;2.606526;
WristLeft;-0.8858647;-0.348368;3.027879;
HandRight;-0.6140699;-0.4119487;2.60155;
HandLeft;-0.931012;-0.406723;3.031075;
Spine;-0.6129054;-0.09923299;2.820574;
HipCenter;-0.6099632;-0.186554;2.818548;
HipRight;-0.5719441;-0.2093059;2.804864;
HipLeft;-0.6459345;-0.2395452;2.825436;
KneeRight;-0.4022818;-0.7732591;2.923017;
KneeLeft;-0.5973377;-0.7315654;2.864915;
AnkleRight;-0.1796236;-1.022855;2.903689;
AnkleLeft;-0.7761236;-1.096793;2.854069;
FootRight;-0.21312;-1.130843;2.937105;
FootLeft;-0.8505913;-1.14208;2.800086;
Head;-0.7694362;0.5270417;2.83387;
ShoulderCenter;-0.6718085;0.3421677;2.835834;
ShoulderRight;-0.5994179;0.1929706;2.710252;
ShoulderLeft;-0.7545424;0.12406;2.915112;
ElbowRight;-0.5892304;-0.07623104;2.632728;
ElbowLeft;-0.4897613;-0.0106416;2.98338;
WristRight;-0.653084;-0.3343969;2.60413;
WristLeft;-0.7471488;-0.1971819;3.02841;
HandRight;-0.6435435;-0.4190686;2.591235;
HandLeft;-0.7957754;-0.2522046;3.028503;
Spine;-0.6519154;-0.03403549;2.808819;
HipCenter;-0.6475395;-0.1093198;2.807206;
HipRight;-0.6157355;-0.169923;2.738752;
HipLeft;-0.6704851;-0.2011181;2.861137;
KneeRight;-0.4790659;-0.7275759;2.914187;
KneeLeft;-0.7022501;-0.7484168;2.841069;
AnkleRight;-0.2496964;-0.9689527;2.894981;
AnkleLeft;-0.775968;-1.096772;2.854094;
FootRight;-0.2679041;-1.079998;2.928443;
FootLeft;-0.8380725;-1.156821;2.862258;
Head;-0.8127072;0.5220293;2.826566;
ShoulderCenter;-0.7034265;0.344362;2.832597;
ShoulderRight;-0.6456863;0.1981967;2.70588;
ShoulderLeft;-0.7861604;0.1262543;2.911875;
ElbowRight;-0.6350996;-0.06700912;2.624899;
ElbowLeft;-0.524673;-0.003248921;2.971211;
WristRight;-0.7061816;-0.335419;2.605399;
WristLeft;-0.7822237;-0.1899075;3.016309;
HandRight;-0.6965609;-0.4032615;2.580957;
HandLeft;-0.8303999;-0.2444204;3.016402;
Spine;-0.6947176;-0.02834306;2.822012;
HipCenter;-0.694034;-0.1026416;2.824545;
HipRight;-0.6621898;-0.1623245;2.758798;
HipLeft;-0.7201377;-0.1906629;2.882946;
KneeRight;-0.5434812;-0.7378183;2.899629;
KneeLeft;-0.6966235;-0.7672111;2.879899;
AnkleRight;-0.2951369;-0.9515997;2.918598;
AnkleLeft;-0.7759522;-1.09591;2.852853;
FootRight;-0.3399316;-1.055323;2.951443;
FootLeft;-0.8385936;-1.156159;2.855898;
Head;-0.8475721;0.5220761;2.817482;
ShoulderCenter;-0.7372261;0.3466436;2.830572;
ShoulderRight;-0.6793244;0.1990585;2.69772;
ShoulderLeft;-0.8199599;0.1285359;2.90985;
ElbowRight;-0.6714558;-0.05820289;2.611398;
ElbowLeft;-0.5838443;0.04168603;2.949057;
WristRight;-0.7487602;-0.3369123;2.604355;
WristLeft;-0.8409283;-0.1446344;2.994064;
HandRight;-0.7522873;-0.4106077;2.595798;
HandLeft;-0.8887739;-0.1987735;2.994156;
Spine;-0.7280117;-0.02131682;2.828188;
HipCenter;-0.7256463;-0.09502541;2.8314;
HipRight;-0.6983758;-0.1589847;2.770756;
HipLeft;-0.7521693;-0.1765963;2.888402;
KneeRight;-0.5928656;-0.7455194;2.88926;
KneeLeft;-0.705263;-0.7497715;2.900357;
AnkleRight;-0.3555028;-0.9621755;2.93147;
AnkleLeft;-0.7795118;-1.078669;2.841081;
FootRight;-0.4251028;-1.054861;2.950719;
FootLeft;-0.854682;-1.124734;2.789445;
Head;-0.9076543;0.526791;2.833196;
ShoulderCenter;-0.7846068;0.3519139;2.815746;
ShoulderRight;-0.7119997;0.2043165;2.690811;
ShoulderLeft;-0.8673406;0.1338062;2.895024;
ElbowRight;-0.7219292;-0.07326502;2.606548;
ElbowLeft;-0.6158726;0.01938858;2.945875;
WristRight;-0.7991864;-0.3295484;2.597945;
WristLeft;-0.8730625;-0.1670086;2.990928;
HandRight;-0.8089513;-0.4010366;2.593291;
HandLeft;-0.9209416;-0.2211856;2.99102;
Spine;-0.7716408;-0.0188988;2.826361;
HipCenter;-0.7699146;-0.09298798;2.831957;
HipRight;-0.735975;-0.1629041;2.769083;
HipLeft;-0.7977868;-0.1746173;2.895315;
KneeRight;-0.6177667;-0.7528173;2.876211;
KneeLeft;-0.6969236;-0.7466356;2.960803;
AnkleRight;-0.4853785;-1.019126;2.982817;
AnkleLeft;-0.7790626;-1.077544;2.841576;
FootRight;-0.558812;-1.109694;2.96909;
FootLeft;-0.8500089;-1.124348;2.785022;
Head;-0.9461591;0.5335482;2.825492;
ShoulderCenter;-0.8221394;0.3609391;2.819459;
ShoulderRight;-0.7494125;0.2159875;2.68829;
ShoulderLeft;-0.9048733;0.1428314;2.898738;
ElbowRight;-0.7545969;-0.06208372;2.598337;
ElbowLeft;-0.6493443;0.02048458;2.934395;
WristRight;-0.8506677;-0.3230082;2.588847;
WristLeft;-0.9066978;-0.1660311;2.979497;
HandRight;-0.8848884;-0.3922882;2.597317;
HandLeft;-0.9542623;-0.2198522;2.979589;
Spine;-0.8075132;-0.008660764;2.840611;
HipCenter;-0.804425;-0.08264273;2.848393;
HipRight;-0.776067;-0.1486145;2.800166;
HipLeft;-0.8310181;-0.1564776;2.904373;
KneeRight;-0.8176389;-0.711136;2.793651;
KneeLeft;-0.7219594;-0.7518691;2.971931;
AnkleRight;-0.6081178;-0.99855;2.94909;
AnkleLeft;-0.7938928;-1.075438;2.858791;
FootRight;-0.7018684;-1.059384;2.912502;
FootLeft;-0.8650165;-1.12324;2.802999;
Head;-0.9994934;0.5243921;2.81498;
ShoulderCenter;-0.8620284;0.3628622;2.814418;
ShoulderRight;-0.7923973;0.2181541;2.683159;
ShoulderLeft;-0.9237952;0.134996;2.699387;
ElbowRight;-0.802941;-0.05026633;2.587998;
ElbowLeft;-0.7300904;0.0297977;2.908958;
WristRight;-0.9124688;-0.3090338;2.58328;
WristLeft;-0.9664123;-0.1734395;2.986145;
HandRight;-0.9606296;-0.3895679;2.602333;
HandLeft;-1.013807;-0.2270686;2.986236;
Spine;-0.8532439;-0.01571552;2.843623;
HipCenter;-0.8520719;-0.09168518;2.853303;
HipRight;-0.8172523;-0.1599333;2.799013;
HipLeft;-0.8801886;-0.1709961;2.915824;
KneeRight;-0.8181267;-0.7110172;2.793628;
KneeLeft;-1.028196;-0.6868296;2.93906;
AnkleRight;-0.7817577;-1.085185;2.843206;
AnkleLeft;-0.7279016;-1.010564;2.952004;
FootRight;-0.8409871;-1.148957;2.846869;
FootLeft;-0.7257511;-1.097419;2.95832;
Head;-0.9960149;0.4831111;2.834697;
ShoulderCenter;-0.8968388;0.2931435;2.80714;
ShoulderRight;-0.8230889;0.219343;2.680752;
ShoulderLeft;-0.9540301;0.06505674;2.692675;
ElbowRight;-0.847756;-0.04693586;2.580852;
ElbowLeft;-0.762952;0.0002861395;2.920213;
WristRight;-0.9780455;-0.3143378;2.598109;
WristLeft;-1.00237;-0.2001374;3.00105;
HandRight;-1.014144;-0.3852229;2.607877;
HandLeft;-1.049475;-0.2534379;3.001141;
Spine;-0.8401787;-0.06230608;2.817911;
HipCenter;-0.843733;-0.125718;2.759579;
HipRight;-0.8035583;-0.1790967;2.68498;
HipLeft;-0.8643246;-0.226796;2.811141;
KneeRight;-0.8248439;-0.7215966;2.798738;
KneeLeft;-1.058558;-0.7369129;2.951903;
AnkleRight;-0.7817568;-1.085206;2.843227;
AnkleLeft;-0.9376854;-1.118175;2.97196;
FootRight;-0.840928;-1.149131;2.848381;
FootLeft;-0.9576733;-1.159279;2.880037;
Head;-1.006795;0.5070653;2.828722;
ShoulderCenter;-0.934204;0.3081472;2.805408;
ShoulderRight;-0.8628242;0.2227785;2.68135;
ShoulderLeft;-0.9913953;0.08006051;2.690942;
ElbowRight;-0.895714;-0.05411962;2.576065;
ElbowLeft;-0.7889746;0.0151522;2.91125;
WristRight;-1.038612;-0.3098913;2.608369;
WristLeft;-1.038686;-0.1815199;2.976605;
HandRight;-1.073789;-0.3814541;2.630352;
HandLeft;-1.085542;-0.2345389;2.976695;
Spine;-0.8730859;-0.05238529;2.81965;
HipCenter;-0.8737378;-0.1172262;2.761419;
HipRight;-0.8309904;-0.1753528;2.685044;
HipLeft;-0.8936862;-0.2179863;2.815642;
KneeRight;-0.8339071;-0.7270674;2.802889;
KneeLeft;-1.082122;-0.7592255;2.950821;
AnkleRight;-0.782058;-1.085652;2.843445;
AnkleLeft;-0.996951;-1.128048;2.966439;
FootRight;-0.8431858;-1.150481;2.850485;
FootLeft;-1.085595;-1.175301;3.028834;
Head;-1.121916;0.5263284;2.847963;
ShoulderCenter;-0.9831572;0.3647084;2.816671;
ShoulderRight;-0.902613;0.2211902;2.682755;
ShoulderLeft;-1.040349;0.1366217;2.702206;
ElbowRight;-0.9330319;-0.04875611;2.575444;
ElbowLeft;-0.8480263;-0.02124025;2.885669;
WristRight;-1.090025;-0.3058227;2.622012;
WristLeft;-1.074557;-0.2366815;2.968007;
HandRight;-1.112876;-0.3745979;2.633954;
HandLeft;-1.121129;-0.2893798;2.968096;
Spine;-0.910944;-0.04571018;2.818536;
HipCenter;-0.9099284;-0.1187973;2.758534;
HipRight;-0.8755511;-0.1713087;2.69152;
HipLeft;-0.9327479;-0.2036404;2.804404;
KneeRight;-0.868416;-0.7346034;2.816623;
KneeLeft;-1.129324;-0.7422736;2.947767;
AnkleRight;-0.7848167;-1.090954;2.84863;
AnkleLeft;-1.109901;-1.10258;2.953488;
FootRight;-0.845878;-1.153972;2.855143;
FootLeft;-1.206119;-1.155274;2.999716;
Head;-1.124715;0.4907835;2.858723;
ShoulderCenter;-1.017117;0.3087102;2.811071;
ShoulderRight;-0.9324659;0.2199334;2.687064;
ShoulderLeft;-1.074308;0.08062345;2.696605;
ElbowRight;-0.9828587;-0.04496953;2.582721;
ElbowLeft;-0.8563703;-0.005899735;2.894576;
WristRight;-1.127909;-0.2858938;2.622714;
WristLeft;-1.096587;-0.2086295;2.968244;
HandRight;-1.156274;-0.357446;2.632672;
HandLeft;-1.142944;-0.261084;2.968333;
Spine;-0.9519395;-0.06101118;2.824633;
HipCenter;-0.9510901;-0.1286154;2.766062;
HipRight;-0.9053771;-0.1799616;2.696781;
HipLeft;-0.9722336;-0.221033;2.814798;
KneeRight;-0.9245995;-0.7413759;2.838075;
KneeLeft;-1.173623;-0.7791778;2.957012;
AnkleRight;-0.7891861;-1.091576;2.854962;
AnkleLeft;-1.257951;-1.116853;2.956024;
FootRight;-0.8498201;-1.154864;2.859364;
FootLeft;-1.348165;-1.156839;2.978335;
Head;-1.141274;0.5498219;2.846008;
ShoulderCenter;-1.064483;0.3534314;2.825835;
ShoulderRight;-0.9905534;0.2150141;2.688508;
ShoulderLeft;-1.121674;0.1253447;2.71137;
ElbowRight;-1.021745;-0.04502479;2.587108;
ElbowLeft;-0.8983377;0.01547109;2.895477;
WristRight;-1.180727;-0.27973;2.61659;
WristLeft;-1.132449;-0.1941792;2.97419;
HandRight;-1.228451;-0.3584671;2.638504;
HandLeft;-1.178773;-0.2465966;2.974279;
Spine;-0.9883573;-0.05241466;2.829246;
HipCenter;-0.987893;-0.1260367;2.769637;
HipRight;-0.9516554;-0.1783926;2.699897;
HipLeft;-1.006593;-0.2158884;2.8187;
KneeRight;-0.9776343;-0.7394983;2.855322;
KneeLeft;-1.218707;-0.7290785;2.953808;
AnkleRight;-0.791571;-1.090593;2.858721;
AnkleLeft;-1.415695;-1.114622;2.9467;
FootRight;-0.8540311;-1.153342;2.862887;
FootLeft;-1.515519;-1.143303;3.006639;
Head;-1.243157;0.5175585;2.85064;
ShoulderCenter;-1.115019;0.3500731;2.834337;
ShoulderRight;-1.015709;0.2113533;2.696463;
ShoulderLeft;-1.123861;0.1770262;2.674505;
ElbowRight;-1.074344;-0.05772585;2.596408;
ElbowLeft;-0.9719764;0.02990761;2.895021;
WristRight;-1.22502;-0.2860858;2.620083;
WristLeft;-1.187868;-0.1866334;2.997047;
HandRight;-1.282349;-0.3588696;2.639656;
HandLeft;-1.234217;-0.2390794;2.997135;
Spine;-1.069014;-0.04837158;2.840886;
HipCenter;-1.050095;-0.1172536;2.781099;
HipRight;-1.016735;-0.1757036;2.706151;
HipLeft;-1.063598;-0.2017339;2.835176;
KneeRight;-1.009587;-0.7416576;2.864252;
KneeLeft;-1.261286;-0.7715675;2.952824;
AnkleRight;-0.7932977;-1.090364;2.859627;
AnkleLeft;-1.470231;-1.120343;2.945789;
FootRight;-0.8556611;-1.154546;2.862433;
FootLeft;-1.454853;-1.160785;2.849751;
Head;-1.234262;0.5387574;2.841575;
ShoulderCenter;-1.144573;0.3509479;2.844172;
ShoulderRight;-1.067226;0.2080571;2.714891;
ShoulderLeft;-1.124708;0.1783619;2.668557;
ElbowRight;-1.125081;-0.06406064;2.603739;
ElbowLeft;-1.025298;-0.02201878;2.877708;
WristRight;-1.271879;-0.2929653;2.618968;
WristLeft;-1.216779;-0.2518753;2.994897;
HandRight;-1.310163;-0.3712913;2.635932;
HandLeft;-1.262985;-0.3041589;2.994985;
Spine;-1.104614;-0.04941467;2.833021;
HipCenter;-1.061962;-0.1143174;2.781142;
HipRight;-1.039081;-0.1745226;2.708758;
HipLeft;-1.069129;-0.1928465;2.832258;
KneeRight;-1.061673;-0.7464306;2.872271;
KneeLeft;-1.284296;-0.6601833;2.942868;
AnkleRight;-0.806978;-1.103041;2.870199;
AnkleLeft;-1.454673;-1.070633;2.938279;
FootRight;-0.8702086;-1.16689;2.861866;
FootLeft;-1.400151;-1.109873;2.85606;
Head;-1.206954;0.5516438;2.855628;
ShoulderCenter;-1.199424;0.3422675;2.854535;
ShoulderRight;-1.104247;0.2021247;2.719367;
ShoulderLeft;-1.214467;0.1798874;2.684188;
ElbowRight;-1.168533;-0.07403292;2.607454;
ElbowLeft;-1.096313;0.00327307;2.90285;
WristRight;-1.305279;-0.2969462;2.623509;
WristLeft;-1.273404;-0.2274019;3.036723;
HandRight;-1.362584;-0.3710001;2.634361;
HandLeft;-1.319543;-0.2796092;3.036811;
Spine;-1.156363;-0.05398096;2.854311;
HipCenter;-1.130263;-0.1205063;2.795107;
HipRight;-1.09794;-0.1694333;2.730888;
HipLeft;-1.143788;-0.1973598;2.839087;
KneeRight;-1.061432;-0.7467241;2.868452;
KneeLeft;-1.341347;-0.7576623;2.941212;
AnkleRight;-0.8127176;-1.098966;2.86648;
AnkleLeft;-1.471683;-1.106853;2.928967;
FootRight;-0.8798127;-1.159379;2.862437;
FootLeft;-1.46076;-1.194401;2.948558;
Head;-1.282901;0.544673;2.866951;
ShoulderCenter;-1.229667;0.3396015;2.856228;
ShoulderRight;-1.161505;0.1969729;2.724648;
ShoulderLeft;-1.206733;0.1789215;2.672498;
ElbowRight;-1.200877;-0.07386938;2.612378;
ElbowLeft;-1.0985;0.0313985;2.913249;
WristRight;-1.32326;-0.2925399;2.615107;
WristLeft;-1.306408;-0.1829529;3.029977;
HandRight;-1.367495;-0.3740413;2.631062;
HandLeft;-1.352464;-0.2350665;3.030065;
Spine;-1.215404;-0.06522968;2.840961;
HipCenter;-1.165973;-0.1329309;2.796346;
HipRight;-1.150524;-0.1871932;2.728806;
HipLeft;-1.163873;-0.2052837;2.842409;
KneeRight;-1.047281;-0.7406602;2.840655;
KneeLeft;-1.373866;-0.7390209;2.937351;
AnkleRight;-0.8262621;-1.105696;2.868488;
AnkleLeft;-1.473782;-1.103942;2.924583;
FootRight;-0.8895893;-1.169924;2.860979;
FootLeft;-1.402851;-1.143663;2.85581;
Head;-1.357611;0.5401261;2.861145;
ShoulderCenter;-1.288779;0.34204;2.864174;
ShoulderRight;-1.199835;0.1999563;2.733942;
ShoulderLeft;-1.279664;0.2095234;2.69529;
ElbowRight;-1.244138;-0.06031659;2.619646;
ElbowLeft;-1.161658;0.03706944;2.915951;
WristRight;-1.347557;-0.2779591;2.603951;
WristLeft;-1.362649;-0.184849;3.029873;
HandRight;-1.374334;-0.3665994;2.621285;
HandLeft;-1.408759;-0.2370238;3.029961;
Spine;-1.243806;-0.05102621;2.856269;
HipCenter;-1.20421;-0.1149426;2.800779;
HipRight;-1.176386;-0.1687846;2.739372;
HipLeft;-1.212489;-0.1756831;2.841121;
KneeRight;-1.070215;-0.7311225;2.823871;
KneeLeft;-1.408682;-0.7510371;2.933099;
AnkleRight;-0.8379552;-1.099416;2.864018;
AnkleLeft;-1.478591;-1.09765;2.921077;
FootRight;-0.8883045;-1.173718;2.85156;
FootLeft;-1.432732;-1.13711;2.833301;
Head;-1.362774;0.5560543;2.866177;
ShoulderCenter;-1.327178;0.3472161;2.861054;
ShoulderRight;-1.247458;0.2038191;2.727964;
ShoulderLeft;-1.301683;0.2009489;2.687474;
ElbowRight;-1.279795;-0.06675994;2.631305;
ElbowLeft;-1.196982;0.05400676;2.928918;
WristRight;-1.392275;-0.2750308;2.57273;
WristLeft;-1.406361;-0.1588546;3.043724;
HandRight;-1.429768;-0.3444545;2.558232;
HandLeft;-1.452262;-0.2107937;3.043812;
Spine;-1.29351;-0.04395121;2.857547;
HipCenter;-1.249518;-0.1076652;2.808394;
HipRight;-1.228178;-0.1667956;2.743174;
HipLeft;-1.246636;-0.171393;2.853975;
KneeRight;-1.15294;-0.7042999;2.820383;
KneeLeft;-1.419272;-0.7375169;2.908276;
AnkleRight;-0.9031903;-1.063783;2.839929;
AnkleLeft;-1.481592;-1.09563;2.917848;
FootRight;-0.8444989;-1.1034;2.760091;
FootLeft;-1.4229;-1.135248;2.838009;
Head;-1.364857;0.5650656;2.882279;
ShoulderCenter;-1.356093;0.350125;2.856199;
ShoulderRight;-1.249835;0.2016562;2.784289;
ShoulderLeft;-1.335224;0.2125;2.686301;
ElbowRight;-1.320449;-0.05357449;2.627656;
ElbowLeft;-1.202543;0.06393693;2.915426;
WristRight;-1.400319;-0.2809966;2.62482;
WristLeft;-1.447495;-0.1354075;2.983307;
HandRight;-1.409747;-0.3164115;2.632292;
HandLeft;-1.493226;-0.1871529;2.983395;
Spine;-1.337948;-0.02780262;2.852711;
HipCenter;-1.284357;-0.08955837;2.814027;
HipRight;-1.24396;-0.1624271;2.739329;
HipLeft;-1.295189;-0.1690322;2.873607;
KneeRight;-1.23588;-0.7196147;2.804054;
KneeLeft;-1.422753;-0.7167497;2.851842;
AnkleRight;-0.95534;-1.037173;2.829369;
AnkleLeft;-1.483884;-1.098038;2.917878;
FootRight;-0.9633225;-1.127445;2.834846;
FootLeft;-1.408213;-1.137876;2.853881;
Head;-1.376787;0.566736;2.88993;
ShoulderCenter;-1.383775;0.3510184;2.856744;
ShoulderRight;-1.296695;0.2480752;2.834905;
ShoulderLeft;-1.369226;0.215296;2.682326;
ElbowRight;-1.332968;-0.03225514;2.641551;
ElbowLeft;-1.352065;-0.02363566;2.622532;
WristRight;-1.405707;-0.2624543;2.623488;
WristLeft;-1.614221;-0.2084804;2.66912;
HandRight;-1.421251;-0.3132915;2.633116;
HandLeft;-1.659786;-0.2600384;2.669208;
Spine;-1.363202;-0.03596226;2.846927;
HipCenter;-1.302287;-0.09925193;2.818407;
HipRight;-1.28164;-0.1601117;2.75712;
HipLeft;-1.305453;-0.1693438;2.871631;
KneeRight;-1.296447;-0.7326018;2.805154;
KneeLeft;-1.403037;-0.6921694;2.798496;
AnkleRight;-1.035895;-1.011869;2.820007;
AnkleLeft;-1.486561;-1.101287;2.920072;
FootRight;-1.033162;-1.103361;2.812641;
FootLeft;-1.468632;-1.190122;2.925772;
Head;-1.459003;0.5642598;2.839479;
ShoulderCenter;-1.414692;0.3626747;2.859719;
ShoulderRight;-1.305178;0.2028938;2.892775;
ShoulderLeft;-1.37179;0.2350575;2.68897;
ElbowRight;-1.358505;-0.01168646;2.637297;
ElbowLeft;-1.35523;-0.02629013;2.623293;
WristRight;-1.412827;-0.3045607;2.672039;
WristLeft;-1.615183;-0.2146891;2.668814;
HandRight;-1.43465;-0.3752669;2.681412;
HandLeft;-1.660581;-0.2660598;2.668901;
Spine;-1.397497;-0.03294901;2.848245;
HipCenter;-1.331584;-0.09900894;2.831223;
HipRight;-1.297948;-0.1649634;2.758632;
HipLeft;-1.337517;-0.1800174;2.89325;
KneeRight;-1.34853;-0.7446405;2.806247;
KneeLeft;-1.406477;-0.6927584;2.80134;
AnkleRight;-1.11306;-1.005272;2.823743;
AnkleLeft;-1.487689;-1.103178;2.921275;
FootRight;-1.161122;-1.117743;2.822892;
FootLeft;-1.466479;-1.190948;2.925699;
Head;-1.464936;0.5657811;2.844227;
ShoulderCenter;-1.423373;0.3628597;2.863676;
ShoulderRight;-1.352199;0.2075037;2.760435;
ShoulderLeft;-1.376587;0.2228656;2.686607;
ElbowRight;-1.383848;-0.0731409;2.705365;
ElbowLeft;-1.365725;-0.07134128;2.615113;
WristRight;-1.414568;-0.3125286;2.680263;
WristLeft;-1.62575;-0.2597928;2.660658;
HandRight;-1.435218;-0.3740968;2.690017;
HandLeft;-1.670981;-0.3109739;2.660744;
Spine;-1.406949;-0.06451669;2.872075;
HipCenter;-1.339492;-0.1426369;2.8606;
HipRight;-1.327574;-0.1756656;2.830982;
HipLeft;-1.338416;-0.176252;2.89157;
KneeRight;-1.404255;-0.7541101;2.852899;
KneeLeft;-1.450647;-0.6677866;2.814946;
AnkleRight;-1.211603;-1.033832;2.815377;
AnkleLeft;-1.542829;-1.071512;2.734755;
FootRight;-1.11733;-1.074651;2.786729;
FootLeft;-1.448557;-1.112332;2.706107;
Head;-1.494309;0.5544279;2.861441;
ShoulderCenter;-1.435328;0.3525764;2.87166;
ShoulderRight;-1.364178;0.1674618;2.798452;
ShoulderLeft;-1.385321;0.204024;2.690578;
ElbowRight;-1.394257;-0.08515707;2.722956;
ElbowLeft;-1.415482;-0.06489991;2.698178;
WristRight;-1.423787;-0.3247348;2.706801;
WristLeft;-1.67533;-0.2532234;2.743685;
HandRight;-1.441135;-0.4141025;2.724282;
HandLeft;-1.720703;-0.304564;2.743772;
Spine;-1.424872;-0.07398194;2.889117;
HipCenter;-1.357051;-0.1494286;2.887444;
HipRight;-1.341146;-0.1887388;2.845225;
HipLeft;-1.361046;-0.1917102;2.936044;
KneeRight;-1.468923;-0.726248;2.920488;
KneeLeft;-1.464263;-0.6929501;2.85124;
AnkleRight;-1.265993;-1.044879;2.816755;
AnkleLeft;-1.545984;-1.089796;2.766398;
FootRight;-1.168713;-1.086275;2.801694;
FootLeft;-1.448703;-1.131192;2.751337;
Head;-1.527753;0.4054106;2.753858;
ShoulderCenter;-1.446642;0.322271;2.893104;
ShoulderRight;-1.367333;0.1490574;2.811155;
ShoulderLeft;-1.414159;0.05329357;2.765682;
ElbowRight;-1.428746;-0.07789086;2.728439;
ElbowLeft;-1.44014;-0.1848782;2.709755;
WristRight;-1.433044;-0.3185801;2.725137;
WristLeft;-1.725794;-0.3220406;2.771563;
HandRight;-1.459478;-0.4007395;2.759876;
HandLeft;-1.771332;-0.373568;2.771651;
Spine;-1.430063;-0.1461961;2.983976;
HipCenter;-1.385117;-0.2386859;2.961907;
HipRight;-1.369046;-0.2540118;2.951135;
HipLeft;-1.395183;-0.276386;2.977514;
KneeRight;-1.486639;-0.7214953;2.949409;
KneeLeft;-1.471422;-0.8234024;2.934142;
AnkleRight;-1.283709;-1.040126;2.845657;
AnkleLeft;-1.450384;-1.142109;2.819216;
FootRight;-1.216919;-1.086065;2.775514;
FootLeft;-1.408495;-1.120637;2.897235;
Head;-1.451589;0.2633336;2.87216;
ShoulderCenter;-1.414947;0.01756391;2.970246;
ShoulderRight;-1.335649;-0.1605419;2.891586;
ShoulderLeft;-1.434521;0.02230235;2.800632;
ElbowRight;-1.540194;-0.1741613;2.737694;
ElbowLeft;-1.456941;-0.2158906;2.755972;
WristRight;-1.448967;-0.383875;2.794444;
WristLeft;-1.730078;-0.3774036;2.807921;
HandRight;-1.490979;-0.4343959;2.793728;
HandLeft;-1.775545;-0.4288512;2.808008;
Spine;-1.460404;-0.2238011;3.03212;
HipCenter;-1.438804;-0.2773674;3.004182;
HipRight;-1.398589;-0.3376179;3.068489;
HipLeft;-1.490878;-0.3637152;2.949239;
KneeRight;-1.499806;-0.7655;2.939045;
KneeLeft;-1.488931;-0.8313969;2.943125;
AnkleRight;-1.286417;-1.039916;2.847158;
AnkleLeft;-1.499725;-1.160954;2.903903;
FootRight;-1.394972;-1.097811;2.850497;
FootLeft;-1.447755;-1.141925;2.976099;
Head;-1.49096;0.2752121;2.974245;
ShoulderCenter;-1.45507;0.01159945;3.015098;
ShoulderRight;-1.375772;-0.1665064;2.936438;
ShoulderLeft;-1.461222;-0.04255221;2.877443;
ElbowRight;-1.501807;-0.3402059;2.801497;
ElbowLeft;-1.473038;-0.2762695;2.798946;
WristRight;-1.481336;-0.5727884;2.837819;
WristLeft;-1.731207;-0.4614381;2.844544;
HandRight;-1.474512;-0.6503158;2.854952;
HandLeft;-1.776604;-0.5128064;2.844631;
Spine;-1.477862;-0.249494;3.031573;
HipCenter;-1.452052;-0.298693;3.001525;
HipRight;-1.419613;-0.3676976;3.072538;
HipLeft;-1.492318;-0.3731456;2.924527;
KneeRight;-1.540178;-0.7917482;2.948849;
KneeLeft;-1.493255;-0.833905;2.944938;
AnkleRight;-1.332392;-1.0933;2.849566;
AnkleLeft;-1.497426;-1.090395;2.906606;
FootRight;-1.269675;-1.13641;2.774644;
FootLeft;-1.434709;-1.133505;2.831683;
Head;-1.53412;0.2665026;2.998389;
ShoulderCenter;-1.497775;-0.007279855;3.026203;
ShoulderRight;-1.418477;-0.1853857;2.947543;
ShoulderLeft;-1.503927;-0.06143152;2.888548;
ElbowRight;-1.526722;-0.3886489;2.856355;
ElbowLeft;-1.482608;-0.2987366;2.866723;
WristRight;-1.525333;-0.6258762;2.864729;
WristLeft;-1.743338;-0.4787263;2.912027;
HandRight;-1.524869;-0.7049519;2.872544;
HandLeft;-1.788667;-0.5300169;2.912113;
Spine;-1.537333;-0.3866982;3.049567;
HipCenter;-1.516006;-0.4615869;3.01771;
HipRight;-1.479578;-0.4962685;3.049632;
HipLeft;-1.555512;-0.5074391;2.981567;
KneeRight;-1.536301;-0.92291;2.893981;
KneeLeft;-1.501742;-0.925325;2.93568;
AnkleRight;-1.308473;-1.054273;2.852038;
AnkleLeft;-1.498442;-1.090198;2.908113;
FootRight;-1.416105;-1.112856;2.852488;
FootLeft;-1.441749;-1.135383;2.830017;
Head;-1.566283;0.2014146;2.99706;
ShoulderCenter;-1.53082;-0.07275731;3.025125;
ShoulderRight;-1.451521;-0.2508631;2.946465;
ShoulderLeft;-1.536971;-0.126909;2.88747;
ElbowRight;-1.624821;-0.3799697;3.015222;
ElbowLeft;-1.489238;-0.3546418;2.905109;
WristRight;-1.472879;-0.5249646;2.889437;
WristLeft;-1.766328;-0.5078732;2.944104;
HandRight;-1.422232;-0.5732962;2.85253;
HandLeft;-1.811589;-0.5590876;2.944191;
Spine;-1.569272;-0.3142375;3.038805;
HipCenter;-1.546822;-0.3598472;3.00721;
HipRight;-1.50257;-0.4641961;3.108761;
HipLeft;-1.598036;-0.3804081;2.891312;
KneeRight;-1.518776;-0.8667368;2.890253;
KneeLeft;-1.451681;-0.8039454;2.822511;
AnkleRight;-1.310608;-1.055267;2.852371;
AnkleLeft;-1.499773;-1.090284;2.908916;
FootRight;-1.417986;-1.113712;2.85282;
FootLeft;-1.439482;-1.133958;2.833028;
Head;-1.543441;-0.5500276;2.980765;
ShoulderCenter;-1.507977;-0.8241995;3.008862;
ShoulderRight;-1.428679;-1.002305;2.930202;
ShoulderLeft;-1.514129;-0.8783512;2.871207;
ElbowRight;-1.601646;-1.131164;2.998792;
ElbowLeft;-1.546905;-0.5746893;2.939129;
WristRight;-1.450361;-1.276401;2.873414;
WristLeft;-1.808638;-0.7478302;2.989676;
HandRight;-1.399932;-1.324813;2.836639;
HandLeft;-1.853833;-0.7989701;2.989763;
Spine;-1.521683;-0.6639518;2.954521;
HipCenter;-1.550059;-0.6299521;2.98856;
HipRight;-1.48385;-0.6129307;3.017605;
HipLeft;-1.630473;-0.5813994;2.94758;
KneeRight;-1.634396;-1.089654;2.827268;
KneeLeft;-1.516236;-0.928671;2.939693;
AnkleRight;-1.314459;-1.054255;2.854565;
AnkleLeft;-1.503507;-1.088194;2.909665;
FootRight;-1.422198;-1.111433;2.854403;
FootLeft;-1.553237;-1.136096;2.990173;
