Floor;-0.03132286;0.9993287;0.01899778;1.093028;
Head;0.3286307;0.5053732;2.938765;
ShoulderCenter;0.4191143;0.3386459;2.917254;
ShoulderRight;0.4811658;0.2029682;2.772811;
ShoulderLeft;0.3353705;0.1463951;2.962098;
ElbowRight;0.5214744;-0.04731339;2.660546;
ElbowLeft;0.3098914;-0.1287215;3.103996;
WristRight;0.4593807;-0.2833796;2.630551;
WristLeft;0.2668035;-0.36263;3.122834;
HandRight;0.4433512;-0.3814774;2.626945;
HandLeft;0.2138412;-0.3893341;3.123086;
Spine;0.4259226;-0.05354924;2.878688;
HipCenter;0.4247257;-0.1322771;2.87529;
HipRight;0.4576758;-0.1758477;2.813639;
HipLeft;0.3882793;-0.2158065;2.920723;
KneeRight;0.3553413;-0.6231281;2.789282;
KneeLeft;0.5844159;-0.6635736;2.951081;
AnkleRight;0.1539398;-1.019497;2.806388;
AnkleLeft;0.7263216;-1.085873;2.885141;
FootRight;0.05680137;-1.092586;2.805923;
FootLeft;0.6913298;-1.135373;2.990515;
Head;0.3103676;0.5027571;2.932798;
ShoulderCenter;0.4006134;0.3382406;2.912462;
ShoulderRight;0.4656509;0.1979962;2.771987;
ShoulderLeft;0.3168697;0.1459898;2.957306;
ElbowRight;0.4932762;-0.04468883;2.657845;
ElbowLeft;0.2780067;-0.1434567;3.074279;
WristRight;0.4362779;-0.2827393;2.62623;
WristLeft;0.2025703;-0.3634927;3.123921;
HandRight;0.4032248;-0.377;2.621918;
HandLeft;0.1613024;-0.4247949;3.12416;
Spine;0.3816991;-0.06219262;2.878079;
HipCenter;0.3787891;-0.1424684;2.875382;
HipRight;0.4093893;-0.1909987;2.814615;
HipLeft;0.3458294;-0.2186542;2.923256;
KneeRight;0.6116978;-0.7579116;2.952039;
KneeLeft;0.3797291;-0.7609782;2.872132;
AnkleRight;0.3794364;-1.228527;2.982697;
AnkleLeft;0.7048493;-1.071877;2.883675;
FootRight;0.273148;-1.198312;2.931179;
FootLeft;0.6483143;-1.138324;2.968839;
Head;0.2550056;0.5013229;2.941597;
ShoulderCenter;0.3606462;0.3343511;2.905654;
ShoulderRight;0.4272903;0.1959855;2.76659;
ShoulderLeft;0.2769025;0.1421003;2.950499;
ElbowRight;0.4547372;-0.0502112;2.654534;
ElbowLeft;0.2352403;-0.1430112;3.079965;
WristRight;0.3872029;-0.3039672;2.627925;
WristLeft;0.1859795;-0.3733765;3.125222;
HandRight;0.3771172;-0.4037693;2.62441;
HandLeft;0.137393;-0.3925333;3.110629;
Spine;0.3363099;-0.06233581;2.879239;
HipCenter;0.3303626;-0.1416108;2.877772;
HipRight;0.3571694;-0.193073;2.816293;
HipLeft;0.2947391;-0.2205415;2.927809;
KneeRight;0.5935565;-0.7587712;2.950305;
KneeLeft;0.3760828;-0.7650653;2.876462;
AnkleRight;0.3612952;-1.229386;2.980979;
AnkleLeft;0.7034109;-1.079931;2.886452;
FootRight;0.2552311;-1.198788;2.928437;
FootLeft;0.6469743;-1.143849;2.974065;
Head;0.2393223;0.5026013;2.941381;
ShoulderCenter;0.3192227;0.3328282;2.892236;
ShoulderRight;0.3852916;0.1920984;2.760563;
ShoulderLeft;0.235479;0.1405773;2.937081;
ElbowRight;0.4203817;-0.07259176;2.657138;
ElbowLeft;0.2029742;-0.1350287;2.936314;
WristRight;0.3514602;-0.3340267;2.625348;
WristLeft;0.1427753;-0.3352425;3.107927;
HandRight;0.3299077;-0.4174367;2.610077;
HandLeft;0.1046089;-0.397738;3.098855;
Spine;0.296686;-0.06195633;2.88772;
HipCenter;0.2917048;-0.1409166;2.890398;
HipRight;0.3153103;-0.2045034;2.827268;
HipLeft;0.2551987;-0.2216506;2.950135;
KneeRight;0.5335521;-0.7415102;2.943521;
KneeLeft;0.2049671;-0.8123085;2.832408;
AnkleRight;0.3012907;-1.212125;2.974184;
AnkleLeft;0.6037738;-1.030682;2.875993;
FootRight;0.1874353;-1.191549;2.933224;
FootLeft;0.6121046;-1.121853;2.95774;
Head;0.180545;0.5035833;2.933877;
ShoulderCenter;0.282915;0.3360213;2.884786;
ShoulderRight;0.353264;0.1930675;2.758236;
ShoulderLeft;0.1991713;0.1437705;2.929631;
ElbowRight;0.3715809;-0.05260338;2.659993;
ElbowLeft;0.1641953;-0.1550631;2.934769;
WristRight;0.3238063;-0.2898578;2.626941;
WristLeft;0.1269801;-0.3331186;3.096208;
HandRight;0.3049373;-0.3892877;2.622049;
HandLeft;0.08742362;-0.3966918;3.094674;
Spine;0.2638737;-0.06214548;2.874653;
HipCenter;0.2601627;-0.1417534;2.876375;
HipRight;0.2912353;-0.1980297;2.819066;
HipLeft;0.2230289;-0.2181989;2.927159;
KneeRight;0.484229;-0.7250732;2.944399;
KneeLeft;0.3286268;-0.7714737;2.892216;
AnkleRight;0.2839997;-1.175809;2.957954;
AnkleLeft;0.666861;-1.066049;2.908766;
FootRight;0.1663841;-1.168809;2.922184;
FootLeft;0.6023115;-1.138633;2.984441;
Head;0.1546559;0.5071371;2.919215;
ShoulderCenter;0.2368607;0.3423525;2.882502;
ShoulderRight;0.3122265;0.1959629;2.755627;
ShoulderLeft;0.1531169;0.1501017;2.927346;
ElbowRight;0.3449955;-0.06179274;2.658435;
ElbowLeft;0.1272312;-0.1664411;2.92945;
WristRight;0.2741089;-0.314232;2.625373;
WristLeft;0.08188568;-0.3488594;3.06846;
HandRight;0.2687958;-0.4151636;2.620769;
HandLeft;0.06051751;-0.413416;3.099577;
Spine;0.2137424;-0.05162585;2.884829;
HipCenter;0.2094545;-0.1304677;2.888949;
HipRight;0.2377754;-0.1867474;2.832944;
HipLeft;0.1736062;-0.2125931;2.942511;
KneeRight;0.3982404;-0.6591008;2.948961;
KneeLeft;0.2576726;-0.7674143;2.867574;
AnkleRight;0.286549;-1.111282;2.952259;
AnkleLeft;0.6265078;-1.044549;2.910175;
FootRight;0.1695091;-1.132678;2.919609;
FootLeft;0.5767885;-1.12696;2.987366;
Head;0.1278354;0.5074195;2.91374;
ShoulderCenter;0.2156767;0.3432;2.88129;
ShoulderRight;0.2757768;0.1976012;2.74874;
ShoulderLeft;0.09824298;0.1222407;2.98118;
ElbowRight;0.2910706;-0.04400108;2.65806;
ElbowLeft;0.07520971;-0.1517471;2.947773;
WristRight;0.2442121;-0.2812487;2.62801;
WristLeft;0.05206277;-0.3662793;3.043134;
HandRight;0.2271013;-0.3819943;2.624504;
HandLeft;0.0559758;-0.3979911;3.09261;
Spine;0.1948143;-0.05028175;2.870393;
HipCenter;0.1899558;-0.1289198;2.870908;
HipRight;0.2201448;-0.1856626;2.801738;
HipLeft;0.1477253;-0.2229246;2.926111;
KneeRight;0.3614694;-0.6590651;2.960312;
KneeLeft;0.22461;-0.7683176;2.863701;
AnkleRight;0.2369673;-1.110583;2.964243;
AnkleLeft;0.5790621;-1.019293;2.923723;
FootRight;0.1259607;-1.135996;2.91613;
FootLeft;0.5555955;-1.132818;2.966671;
Head;0.0805878;0.5084672;2.911021;
ShoulderCenter;0.1693556;0.3516839;2.881202;
ShoulderRight;0.2357128;0.2085485;2.749959;
ShoulderLeft;0.07105175;0.1284315;2.981585;
ElbowRight;0.2622471;-0.04566516;2.652316;
ElbowLeft;0.04845493;-0.1704355;2.941598;
WristRight;0.1965075;-0.3000388;2.633101;
WristLeft;0.03952936;-0.3715039;3.067129;
HandRight;0.1686402;-0.398011;2.639102;
HandLeft;0.02319626;-0.4330229;3.107581;
Spine;0.143759;-0.04716594;2.879061;
HipCenter;0.1389215;-0.1269875;2.882269;
HipRight;0.1722894;-0.189899;2.816627;
HipLeft;0.09622052;-0.2180762;2.943473;
KneeRight;0.3040077;-0.6719168;2.946235;
KneeLeft;0.199409;-0.7767701;2.871501;
AnkleRight;0.1830269;-1.126721;2.949044;
AnkleLeft;0.5216916;-0.9969705;2.92586;
FootRight;0.08708192;-1.140686;2.871954;
FootLeft;0.5239882;-1.111927;2.971937;
Head;0.06991265;0.5160239;2.906029;
ShoulderCenter;0.1436649;0.350561;2.880309;
ShoulderRight;0.2119649;0.2069313;2.745397;
ShoulderLeft;0.03298529;0.1286714;2.980627;
ElbowRight;0.215422;-0.05619486;2.657177;
ElbowLeft;0.02896934;-0.167592;2.856838;
WristRight;0.133966;-0.3284416;2.638351;
WristLeft;-0.04723288;-0.2945743;3.033827;
HandRight;0.1164884;-0.4099166;2.615023;
HandLeft;-0.04117361;-0.3784296;3.091959;
Spine;0.1289922;-0.05085482;2.865014;
HipCenter;0.1249637;-0.1313892;2.864738;
HipRight;0.1629558;-0.1895575;2.803872;
HipLeft;0.07984155;-0.2195718;2.913729;
KneeRight;0.2700277;-0.6831686;2.935563;
KneeLeft;0.08259614;-0.758331;2.792933;
AnkleRight;0.0729648;-1.10978;2.969923;
AnkleLeft;0.4591888;-0.9851971;2.930511;
FootRight;0.03580685;-1.150678;2.857152;
FootLeft;0.4229963;-1.093721;2.982312;
Head;0.006758379;0.5101828;2.896178;
ShoulderCenter;0.1043654;0.3523131;2.873081;
ShoulderRight;0.1737842;0.20912;2.74143;
ShoulderLeft;0.001311434;0.1306315;2.974295;
ElbowRight;0.1709879;-0.05039474;2.651934;
ElbowLeft;-0.02500817;-0.1321825;2.95166;
WristRight;0.1049258;-0.2958766;2.622996;
WristLeft;-0.1010606;-0.2589153;3.128268;
HandRight;0.07894561;-0.3946092;2.61717;
HandLeft;-0.1264114;-0.3011596;3.192096;
Spine;0.07569542;-0.02672166;2.880726;
HipCenter;0.07088912;-0.10257;2.886062;
HipRight;0.1006687;-0.1902835;2.793751;
HipLeft;0.02780375;-0.2248359;2.977894;
KneeRight;0.08485528;-0.6964332;2.781806;
KneeLeft;0.1314211;-0.7259253;2.96983;
AnkleRight;0.1111944;-1.084306;2.808298;
AnkleLeft;0.3847736;-0.9915345;2.940696;
FootRight;0.03433058;-1.151339;2.847918;
FootLeft;0.3345136;-1.101581;2.977061;
Head;-0.02776241;0.5041181;2.908113;
ShoulderCenter;0.06649631;0.3028054;2.873075;
ShoulderRight;0.1515058;0.2158851;2.742769;
ShoulderLeft;-0.03961464;0.08139323;2.973601;
ElbowRight;0.1358058;-0.04332338;2.641924;
ElbowLeft;-0.05166271;-0.158702;2.930032;
WristRight;0.0551699;-0.2694521;2.608048;
WristLeft;-0.1314761;-0.2437629;3.12585;
HandRight;0.02841844;-0.3679698;2.612211;
HandLeft;-0.1580806;-0.2721165;3.196081;
Spine;0.05923375;-0.05696706;2.86914;
HipCenter;0.05762674;-0.1287573;2.872838;
HipRight;0.09643871;-0.1937892;2.798958;
HipLeft;0.01440922;-0.2341061;2.925194;
KneeRight;0.08396801;-0.6966608;2.782441;
KneeLeft;-0.06400546;-0.6792455;2.96791;
AnkleRight;0.1103138;-1.083902;2.808006;
AnkleLeft;0.2527138;-1.032198;2.957495;
FootRight;0.03436883;-1.150864;2.847143;
FootLeft;0.2255336;-1.146335;2.982304;
Head;-0.05842244;0.5207384;2.906291;
ShoulderCenter;0.03210879;0.3603019;2.870142;
ShoulderRight;0.1062326;0.2174889;2.740983;
ShoulderLeft;-0.07400215;0.1388897;2.970668;
ElbowRight;0.09089901;-0.04101481;2.633052;
ElbowLeft;-0.08377071;-0.1372432;2.921309;
WristRight;0.009782717;-0.2674775;2.613178;
WristLeft;-0.1594184;-0.2633014;3.096872;
HandRight;-0.03790751;-0.3576116;2.605715;
HandLeft;-0.1846343;-0.3053209;3.16036;
Spine;0.03867473;-0.05805313;2.865312;
HipCenter;0.03601599;-0.1382713;2.867706;
HipRight;0.07641628;-0.1972916;2.802208;
HipLeft;-0.001614777;-0.2342099;2.922894;
KneeRight;0.08080295;-0.7025858;2.785181;
KneeLeft;-0.08718149;-0.6812596;2.963047;
AnkleRight;0.1102519;-1.078174;2.812576;
AnkleLeft;0.2300181;-1.023646;2.943297;
FootRight;0.03518653;-1.147999;2.843123;
FootLeft;0.2141664;-1.123432;2.977138;
Head;-0.09840386;0.5158432;2.910666;
ShoulderCenter;0.01785093;0.3639509;2.873863;
ShoulderRight;0.0745983;0.2216475;2.739357;
ShoulderLeft;-0.08826002;0.1425387;2.974389;
ElbowRight;0.05626298;-0.02729587;2.629303;
ElbowLeft;-0.1249557;-0.1127052;2.935631;
WristRight;-0.03656279;-0.2486734;2.609234;
WristLeft;-0.2004472;-0.2385033;3.110791;
HandRight;-0.08414672;-0.3392298;2.607977;
HandLeft;-0.225611;-0.280436;3.174149;
Spine;-0.002683539;-0.04333749;2.864919;
HipCenter;-0.004337484;-0.1253154;2.866268;
HipRight;0.02682099;-0.1868171;2.788309;
HipLeft;-0.0448426;-0.2311469;2.934484;
KneeRight;0.07205629;-0.7209622;2.792228;
KneeLeft;-0.1129509;-0.712471;2.952063;
AnkleRight;0.1098347;-1.080016;2.81426;
AnkleLeft;0.01413971;-1.084727;2.940569;
FootRight;0.03623121;-1.147091;2.840837;
FootLeft;-0.02265935;-1.168163;2.990965;
Head;-0.12836;0.5193325;2.911436;
ShoulderCenter;-0.02399824;0.3652079;2.876454;
ShoulderRight;0.04770505;0.224326;2.736755;
ShoulderLeft;-0.1301092;0.1437957;2.97698;
ElbowRight;0.008754289;-0.03334051;2.623801;
ElbowLeft;-0.1459531;-0.1171504;2.931551;
WristRight;-0.1066804;-0.2773492;2.608662;
WristLeft;-0.2331411;-0.2821265;3.067218;
HandRight;-0.1481296;-0.3644014;2.604793;
HandLeft;-0.2622038;-0.3371185;3.117414;
Spine;-0.02597469;-0.04078472;2.863406;
HipCenter;-0.02788923;-0.1220582;2.864397;
HipRight;0.009372982;-0.1863412;2.784668;
HipLeft;-0.06728226;-0.2316023;2.934639;
KneeRight;0.06549874;-0.7230401;2.794568;
KneeLeft;-0.1354447;-0.7470189;2.947486;
AnkleRight;0.1039815;-1.07425;2.817462;
AnkleLeft;-0.05476739;-1.097694;2.953363;
FootRight;0.03805778;-1.144063;2.831514;
FootLeft;-0.1145787;-1.159966;2.986471;
Head;-0.152631;0.5265447;2.914489;
ShoulderCenter;-0.05544084;0.3665569;2.877416;
ShoulderRight;0.0105913;0.224757;2.736216;
ShoulderLeft;-0.1615518;0.1451447;2.977943;
ElbowRight;-0.03037036;-0.04105249;2.625964;
ElbowLeft;-0.1952752;-0.1782973;2.943841;
WristRight;-0.1444287;-0.2524253;2.601109;
WristLeft;-0.2666553;-0.3517673;3.079247;
HandRight;-0.1935191;-0.3429374;2.607357;
HandLeft;-0.2904487;-0.4095906;3.129358;
Spine;-0.06639538;-0.03933873;2.871773;
HipCenter;-0.06766189;-0.1205695;2.874224;
HipRight;-0.03091057;-0.1884397;2.796838;
HipLeft;-0.1092227;-0.2243984;2.945727;
KneeRight;0.04460263;-0.7320086;2.802044;
KneeLeft;-0.1672913;-0.7532067;2.946484;
AnkleRight;0.1042458;-1.077722;2.818841;
AnkleLeft;-0.1522331;-1.113514;2.964083;
FootRight;0.03862002;-1.144305;2.831473;
FootLeft;-0.2305612;-1.16106;2.90751;
Head;-0.1907774;0.4896329;2.90292;
ShoulderCenter;-0.09319666;0.2542879;2.873228;
ShoulderRight;-0.0300194;0.2197656;2.734016;
ShoulderLeft;-0.1993076;0.03287573;2.973754;
ElbowRight;-0.08042913;-0.05007051;2.616301;
ElbowLeft;-0.216379;-0.2062406;2.945684;
WristRight;-0.2178155;-0.2941459;2.609441;
WristLeft;-0.2934499;-0.3558593;3.101475;
HandRight;-0.2603286;-0.35962;2.616075;
HandLeft;-0.3191402;-0.4057322;3.15838;
Spine;-0.08855281;-0.1083638;2.849034;
HipCenter;-0.08762404;-0.1808942;2.847843;
HipRight;-0.05407345;-0.2301252;2.812372;
HipLeft;-0.1195087;-0.2617601;2.871264;
KneeRight;0.004029182;-0.7293348;2.819201;
KneeLeft;-0.222882;-0.7648213;2.948607;
AnkleRight;0.1024098;-1.078307;2.821253;
AnkleLeft;-0.2785392;-1.113193;2.962979;
FootRight;0.03925236;-1.144131;2.828506;
FootLeft;-0.2469599;-1.199066;2.96131;
Head;-0.1998465;0.4796038;2.908481;
ShoulderCenter;-0.1204895;0.234952;2.871809;
ShoulderRight;-0.05848736;0.2152063;2.731168;
ShoulderLeft;-0.2266004;0.01353979;2.972335;
ElbowRight;-0.1065676;-0.04873557;2.617048;
ElbowLeft;-0.2619773;-0.2229114;2.945145;
WristRight;-0.2410403;-0.282271;2.612532;
WristLeft;-0.3360696;-0.3785078;3.095941;
HandRight;-0.2942037;-0.3669363;2.619313;
HandLeft;-0.3607671;-0.4303733;3.151183;
Spine;-0.1008221;-0.1167738;2.845314;
HipCenter;-0.097689;-0.1877156;2.843947;
HipRight;-0.06449419;-0.233392;2.822969;
HipLeft;-0.1335573;-0.269396;2.842393;
KneeRight;-0.04581608;-0.7319647;2.837395;
KneeLeft;-0.2502765;-0.7795228;2.943557;
AnkleRight;0.1017549;-1.078113;2.822054;
AnkleLeft;-0.2914928;-1.120477;2.949142;
FootRight;0.0366605;-1.145229;2.830906;
FootLeft;-0.4116386;-1.142347;2.946;
Head;-0.2435995;0.5034285;2.908788;
ShoulderCenter;-0.1668369;0.269275;2.876781;
ShoulderRight;-0.0991926;0.2128388;2.734603;
ShoulderLeft;-0.2729478;0.04786275;2.977308;
ElbowRight;-0.144696;-0.04577985;2.614554;
ElbowLeft;-0.2930564;-0.1893381;2.941285;
WristRight;-0.2908754;-0.2756811;2.615805;
WristLeft;-0.3732913;-0.3097208;3.115517;
HandRight;-0.3399839;-0.3673585;2.623194;
HandLeft;-0.4000362;-0.3498483;3.178572;
Spine;-0.1578142;-0.1149837;2.854279;
HipCenter;-0.1560096;-0.1918355;2.85343;
HipRight;-0.1195141;-0.2332045;2.845357;
HipLeft;-0.1899948;-0.2573806;2.852624;
KneeRight;-0.05663189;-0.7321478;2.840229;
KneeLeft;-0.3010344;-0.7697527;2.936792;
AnkleRight;0.09998724;-1.078066;2.82463;
AnkleLeft;-0.481357;-1.130873;2.9639;
FootRight;0.03623535;-1.145414;2.831257;
FootLeft;-0.594173;-1.182275;2.969167;
Head;-0.3009482;0.5092595;2.912485;
ShoulderCenter;-0.2024985;0.3465108;2.890953;
ShoulderRight;-0.1314812;0.2091648;2.737159;
ShoulderLeft;-0.3086095;0.1250986;2.991479;
ElbowRight;-0.1750833;-0.0420828;2.617399;
ElbowLeft;-0.3351496;-0.1418563;2.941337;
WristRight;-0.3340542;-0.286548;2.6154;
WristLeft;-0.4075643;-0.3060857;3.082569;
HandRight;-0.3691345;-0.3655125;2.629741;
HandLeft;-0.4317025;-0.3608289;3.134636;
Spine;-0.1780549;-0.1003256;2.834564;
HipCenter;-0.1749107;-0.1865056;2.827067;
HipRight;-0.1387731;-0.2118613;2.797744;
HipLeft;-0.2087027;-0.2496293;2.836423;
KneeRight;-0.08253577;-0.7326195;2.8434;
KneeLeft;-0.3333545;-0.7607074;2.93691;
AnkleRight;0.09792776;-1.078107;2.8254;
AnkleLeft;-0.5237822;-1.123898;2.953449;
FootRight;0.03575056;-1.145708;2.831041;
FootLeft;-0.6374776;-1.150771;2.99647;
Head;-0.3148603;0.5004288;2.919529;
ShoulderCenter;-0.2414996;0.2642031;2.888411;
ShoulderRight;-0.1611656;0.2083128;2.742126;
ShoulderLeft;-0.3476105;0.04279093;2.988938;
ElbowRight;-0.2139636;-0.04681599;2.626298;
ElbowLeft;-0.3761017;-0.2239442;2.938732;
WristRight;-0.3580929;-0.2868744;2.623665;
WristLeft;-0.4484676;-0.3880629;3.079853;
HandRight;-0.4184267;-0.3705725;2.64168;
HandLeft;-0.4725895;-0.4427691;3.131885;
Spine;-0.2324721;-0.118339;2.862176;
HipCenter;-0.2306666;-0.1948474;2.86059;
HipRight;-0.1935954;-0.2371335;2.857524;
HipLeft;-0.2651702;-0.2613649;2.853512;
KneeRight;-0.08863022;-0.7331327;2.840343;
KneeLeft;-0.3638859;-0.7550825;2.931491;
AnkleRight;0.09543442;-1.079628;2.825751;
AnkleLeft;-0.5224493;-1.115622;2.941826;
FootRight;0.03149531;-1.146156;2.835532;
FootLeft;-0.6384014;-1.15338;2.967211;
Head;-0.3662015;0.488848;2.915027;
ShoulderCenter;-0.266926;0.2603163;2.89082;
ShoulderRight;-0.2033201;0.1987223;2.750122;
ShoulderLeft;-0.3730369;0.03890406;2.991346;
ElbowRight;-0.2458474;-0.05356268;2.631119;
ElbowLeft;-0.4015281;-0.2278311;2.941127;
WristRight;-0.3900329;-0.2891336;2.630715;
WristLeft;-0.47384;-0.3918275;3.082124;
HandRight;-0.4444596;-0.3765497;2.649157;
HandLeft;-0.497944;-0.4464929;3.134117;
Spine;-0.2567852;-0.1250236;2.858596;
HipCenter;-0.2549568;-0.2021464;2.855785;
HipRight;-0.2199958;-0.2443337;2.840268;
HipLeft;-0.2907903;-0.271145;2.85769;
KneeRight;-0.09637804;-0.7430574;2.824631;
KneeLeft;-0.4032908;-0.7800267;2.926288;
AnkleRight;0.08375987;-1.095256;2.835069;
AnkleLeft;-0.5141352;-1.110876;2.931549;
FootRight;0.01749989;-1.158902;2.836174;
FootLeft;-0.6234425;-1.159078;2.96593;
Head;-0.4122022;0.4775305;2.929198;
ShoulderCenter;-0.3148184;0.2573847;2.901708;
ShoulderRight;-0.2442496;0.1956607;2.756914;
ShoulderLeft;-0.4209294;0.03597251;3.002234;
ElbowRight;-0.2927147;-0.06234017;2.636895;
ElbowLeft;-0.4494205;-0.2307627;2.952001;
WristRight;-0.4382913;-0.3062331;2.644245;
WristLeft;-0.5216973;-0.3946792;3.092914;
HandRight;-0.4735946;-0.3857598;2.650148;
HandLeft;-0.5457897;-0.449318;3.144882;
Spine;-0.3107864;-0.1332738;2.867957;
HipCenter;-0.3099019;-0.2114007;2.864853;
HipRight;-0.2734832;-0.2517817;2.850194;
HipLeft;-0.3451003;-0.2788027;2.867571;
KneeRight;-0.1194274;-0.7481329;2.810018;
KneeLeft;-0.4190474;-0.7780294;2.930545;
AnkleRight;0.07068376;-1.099831;2.846331;
AnkleLeft;-0.5142629;-1.107211;2.924735;
FootRight;0.01079491;-1.167793;2.832451;
FootLeft;-0.6181148;-1.160394;2.966673;
Head;-0.4411034;0.4761589;2.934356;
ShoulderCenter;-0.3338668;0.2625477;2.900108;
ShoulderRight;-0.2721876;0.1971782;2.76077;
ShoulderLeft;-0.4399778;0.04113545;3.000634;
ElbowRight;-0.3175089;-0.06374894;2.640625;
ElbowLeft;-0.508658;-0.188442;2.976177;
WristRight;-0.4513067;-0.3048049;2.646403;
WristLeft;-0.5808169;-0.3520914;3.116831;
HandRight;-0.4918671;-0.3900288;2.649524;
HandLeft;-0.6048699;-0.4066412;3.168714;
Spine;-0.3259874;-0.1290262;2.841088;
HipCenter;-0.3249963;-0.2071616;2.829324;
HipRight;-0.287371;-0.2368691;2.796839;
HipLeft;-0.3589936;-0.2813244;2.839556;
KneeRight;-0.2302531;-0.7537121;2.82949;
KneeLeft;-0.4521669;-0.7611188;2.931243;
AnkleRight;0.05952697;-1.097846;2.838323;
AnkleLeft;-0.5126506;-1.09951;2.921945;
FootRight;0.05159727;-1.179937;2.79844;
FootLeft;-0.5684899;-1.169832;2.940092;
Head;-0.4812658;0.5235628;2.942405;
ShoulderCenter;-0.3967075;0.3499012;2.91539;
ShoulderRight;-0.3278596;0.2039351;2.766301;
ShoulderLeft;-0.5028184;0.128489;3.015916;
ElbowRight;-0.3589171;-0.05596177;2.648832;
ElbowLeft;-0.5409687;-0.1645813;2.97985;
WristRight;-0.4637038;-0.2921748;2.649679;
WristLeft;-0.6275104;-0.2993442;3.139815;
HandRight;-0.5106291;-0.3860223;2.647925;
HandLeft;-0.6563577;-0.3442651;3.198148;
Spine;-0.3622478;-0.0339995;2.848552;
HipCenter;-0.3553559;-0.1107796;2.83886;
HipRight;-0.3161682;-0.1787233;2.750778;
HipLeft;-0.3785852;-0.2206204;2.891605;
KneeRight;-0.2399536;-0.756695;2.817317;
KneeLeft;-0.4784026;-0.7603204;2.928835;
AnkleRight;0.03431779;-1.092981;2.833761;
AnkleLeft;-0.5137668;-1.100828;2.922338;
FootRight;-0.03145213;-1.149647;2.80471;
FootLeft;-0.5995547;-1.169909;2.978984;
Head;-0.5171074;0.5135785;2.930896;
ShoulderCenter;-0.4138564;0.3520913;2.919633;
ShoulderRight;-0.3524912;0.2065979;2.77166;
ShoulderLeft;-0.5199674;0.1306791;3.02016;
ElbowRight;-0.374382;-0.04815632;2.655298;
ElbowLeft;-0.5683136;-0.162018;2.969509;
WristRight;-0.513959;-0.3221286;2.649465;
WristLeft;-0.6524751;-0.3782904;3.004002;
HandRight;-0.5355247;-0.3969015;2.651026;
HandLeft;-0.6805289;-0.4503812;3.020523;
Spine;-0.3822944;-0.03618323;2.84357;
HipCenter;-0.3766229;-0.114015;2.831651;
HipRight;-0.3370227;-0.1773661;2.743561;
HipLeft;-0.4036236;-0.2221592;2.880919;
KneeRight;-0.3087315;-0.7516486;2.790043;
KneeLeft;-0.5160177;-0.7593004;2.916773;
AnkleRight;-0.03036196;-1.061345;2.807415;
AnkleLeft;-0.5190616;-1.100132;2.922836;
FootRight;-0.07412169;-1.141367;2.816218;
FootLeft;-0.5634011;-1.174272;2.953387;
Head;-0.5553134;0.5248678;2.935786;
ShoulderCenter;-0.4612205;0.3573981;2.925439;
ShoulderRight;-0.3908388;0.2122867;2.775127;
ShoulderLeft;-0.5673314;0.1359859;3.025965;
ElbowRight;-0.4023044;-0.04565458;2.667865;
ElbowLeft;-0.6127874;-0.1808135;2.966283;
WristRight;-0.5264757;-0.3250254;2.647595;
WristLeft;-0.6826159;-0.4063385;2.924475;
HandRight;-0.5497907;-0.3993375;2.648042;
HandLeft;-0.7058921;-0.4815135;2.915575;
Spine;-0.4286097;-0.0305584;2.850292;
HipCenter;-0.4215959;-0.1082221;2.838861;
HipRight;-0.3791402;-0.1746958;2.745737;
HipLeft;-0.4467695;-0.2220792;2.892386;
KneeRight;-0.370663;-0.7429441;2.785359;
KneeLeft;-0.5458796;-0.7788275;2.910145;
AnkleRight;-0.1126205;-1.024225;2.798623;
AnkleLeft;-0.5236129;-1.116744;2.927538;
FootRight;-0.1449982;-1.133432;2.835249;
FootLeft;-0.5776882;-1.185699;2.953523;
Head;-0.5614479;0.5076706;2.938958;
ShoulderCenter;-0.4926616;0.2762917;2.911987;
ShoulderRight;-0.4182544;0.2164883;2.776733;
ShoulderLeft;-0.5987725;0.0548795;3.012513;
ElbowRight;-0.4393545;-0.04494579;2.670747;
ElbowLeft;-0.2853647;-0.01423281;3.007861;
WristRight;-0.5372284;-0.2696462;2.64514;
WristLeft;-0.5537756;-0.1889123;2.960045;
HandRight;-0.5724501;-0.3687043;2.649121;
HandLeft;-0.5595143;-0.2624091;2.935299;
Spine;-0.4444101;-0.05561997;2.847308;
HipCenter;-0.4326702;-0.121599;2.837777;
HipRight;-0.3872777;-0.1823806;2.747151;
HipLeft;-0.4561564;-0.2394922;2.888219;
KneeRight;-0.4102636;-0.7573258;2.784029;
KneeLeft;-0.5704013;-0.8005572;2.874449;
AnkleRight;-0.1855664;-1.013389;2.794575;
AnkleLeft;-0.5250818;-1.12662;2.932769;
FootRight;-0.2282074;-1.111501;2.794232;
FootLeft;-0.5832515;-1.191863;2.958107;
Head;-0.6212431;0.5349196;2.924419;
ShoulderCenter;-0.5295367;0.3685364;2.928278;
ShoulderRight;-0.4487323;0.2205587;2.782653;
ShoulderLeft;-0.6356477;0.1471242;3.028804;
ElbowRight;-0.4600506;-0.04935359;2.676267;
ElbowLeft;-0.3444611;0.007810622;2.999129;
WristRight;-0.5515069;-0.2689808;2.643145;
WristLeft;-0.5988276;-0.1893599;2.959131;
HandRight;-0.5883189;-0.3674092;2.644373;
HandLeft;-0.6230403;-0.2597322;2.981388;
Spine;-0.5357598;-0.01924953;2.904717;
HipCenter;-0.5370045;-0.09680671;2.903699;
HipRight;-0.5063405;-0.1765567;2.837879;
HipLeft;-0.5700465;-0.1652416;2.956881;
KneeRight;-0.5480726;-0.6889263;2.790678;
KneeLeft;-0.4708259;-0.6752627;2.974818;
AnkleRight;-0.2706249;-1.021024;2.794198;
AnkleLeft;-0.530553;-1.107099;2.929648;
FootRight;-0.3321744;-1.125801;2.806818;
FootLeft;-0.6069201;-1.153505;2.871242;
Head;-0.6415038;0.5366432;2.927621;
ShoulderCenter;-0.5542083;0.3664906;2.929218;
ShoulderRight;-0.4818315;0.2168953;2.780277;
ShoulderLeft;-0.6603193;0.1450784;3.029745;
ElbowRight;-0.4943002;-0.06078489;2.675085;
ElbowLeft;-0.3793121;-0.01044855;3.040558;
WristRight;-0.5832873;-0.2823081;2.643927;
WristLeft;-0.6452497;-0.1909288;2.986783;
HandRight;-0.6270372;-0.3776579;2.642478;
HandLeft;-0.670329;-0.2577026;3.017212;
Spine;-0.5562397;-0.03247064;2.911533;
HipCenter;-0.5572776;-0.1127991;2.911967;
HipRight;-0.523087;-0.1828336;2.841754;
HipLeft;-0.5950263;-0.2065126;2.975943;
KneeRight;-0.6062198;-0.6942567;2.806275;
KneeLeft;-0.4860569;-0.6941051;2.973236;
AnkleRight;-0.361297;-1.046162;2.809002;
AnkleLeft;-0.5303429;-1.113956;2.916487;
FootRight;-0.4326686;-1.136963;2.820095;
FootLeft;-0.5659227;-1.186187;2.957657;
Head;-0.677803;0.526871;2.915769;
ShoulderCenter;-0.5789534;0.3647107;2.924911;
ShoulderRight;-0.5079903;0.2160338;2.779158;
ShoulderLeft;-0.6850644;0.1432985;3.025437;
ElbowRight;-0.5143464;-0.06050888;2.674587;
ElbowLeft;-0.4041265;-0.0179788;3.017761;
WristRight;-0.5945287;-0.2864997;2.649947;
WristLeft;-0.6761235;-0.1937318;2.979253;
HandRight;-0.6516951;-0.3744381;2.652873;
HandLeft;-0.700299;-0.2609112;3.009539;
Spine;-0.5874842;-0.02196397;2.917887;
HipCenter;-0.5899205;-0.09874562;2.920729;
HipRight;-0.5628522;-0.1796384;2.841668;
HipLeft;-0.6184057;-0.1996651;2.991446;
KneeRight;-0.6475688;-0.7169949;2.82988;
KneeLeft;-0.5098079;-0.7141747;2.968695;
AnkleRight;-0.4855075;-1.086278;2.832287;
AnkleLeft;-0.4568746;-1.04811;2.894763;
FootRight;-0.5587499;-1.147589;2.834645;
FootLeft;-0.5237593;-1.057831;2.955048;
Head;-0.7100883;0.5266016;2.923361;
ShoulderCenter;-0.6060382;0.3637918;2.921916;
ShoulderRight;-0.5359682;0.2175155;2.777831;
ShoulderLeft;-0.7121491;0.1423797;3.022442;
ElbowRight;-0.5432253;-0.06501313;2.676322;
ElbowLeft;-0.4248036;-0.003790259;3.037393;
WristRight;-0.6702383;-0.3187701;2.655333;
WristLeft;-0.700883;-0.1732607;2.990937;
HandRight;-0.6954713;-0.3916133;2.646526;
HandLeft;-0.7255447;-0.2403394;3.021147;
Spine;-0.6113119;-0.03398088;2.914746;
HipCenter;-0.6129073;-0.1135869;2.9171;
HipRight;-0.5823717;-0.1816287;2.851867;
HipLeft;-0.6444443;-0.1995537;2.973271;
KneeRight;-0.6393589;-0.7242382;2.88235;
KneeLeft;-0.5405389;-0.7318015;2.960658;
AnkleRight;-0.576306;-1.120188;2.857619;
AnkleLeft;-0.5223957;-1.133389;2.914691;
FootRight;-0.6495484;-1.181499;2.859977;
FootLeft;-0.5704696;-1.19653;2.958585;
Head;-0.7638184;0.5172908;2.927637;
ShoulderCenter;-0.6454087;0.3624151;2.92061;
ShoulderRight;-0.5738486;0.2197736;2.782498;
ShoulderLeft;-0.7515197;0.1410029;3.021137;
ElbowRight;-0.5698584;-0.06255112;2.673946;
ElbowLeft;-0.4769645;-0.03553885;2.996246;
WristRight;-0.6995491;-0.3346393;2.665238;
WristLeft;-0.7464252;-0.2168872;2.948376;
HandRight;-0.710009;-0.4078868;2.641803;
HandLeft;-0.7709261;-0.2840752;2.97853;
Spine;-0.636431;-0.03417579;2.902478;
HipCenter;-0.6354875;-0.1135513;2.902858;
HipRight;-0.6045232;-0.1826926;2.831545;
HipLeft;-0.6649988;-0.1997192;2.962254;
KneeRight;-0.7537402;-0.760794;2.845507;
KneeLeft;-0.5454803;-0.667495;2.978978;
AnkleRight;-0.6016231;-1.124172;2.895215;
AnkleLeft;-0.5220172;-1.066031;2.934421;
FootRight;-0.6748655;-1.185483;2.897573;
FootLeft;-0.5701461;-1.129244;2.978365;
Head;-0.7769743;0.5228812;2.924325;
ShoulderCenter;-0.668348;0.3605697;2.918593;
ShoulderRight;-0.6052716;0.2165009;2.7758;
ShoulderLeft;-0.7744589;0.1391574;3.019119;
ElbowRight;-0.5965003;-0.06530201;2.675752;
ElbowLeft;-0.4945143;-0.0287026;3.012051;
WristRight;-0.7157309;-0.338301;2.661015;
WristLeft;-0.7724799;-0.198397;2.965413;
HandRight;-0.773955;-0.3850701;2.639733;
HandLeft;-0.7969941;-0.2656214;2.995584;
Spine;-0.6619521;-0.03076329;2.899773;
HipCenter;-0.6604975;-0.1090505;2.89983;
HipRight;-0.626775;-0.184284;2.823186;
HipLeft;-0.6909322;-0.2010083;2.964416;
KneeRight;-0.7383725;-0.762695;2.876882;
KneeLeft;-0.5488464;-0.6678367;2.976386;
AnkleRight;-0.5804551;-1.121625;2.91417;
AnkleLeft;-0.5465343;-1.117647;2.932325;
FootRight;-0.6584647;-1.169359;2.8587;
FootLeft;-0.5947294;-1.180947;2.976329;
Head;-0.8052895;0.5296202;2.922529;
ShoulderCenter;-0.7145162;0.3557088;2.91564;
ShoulderRight;-0.6372985;0.2141753;2.775818;
ShoulderLeft;-0.8206272;0.1342967;3.016167;
ElbowRight;-0.6337215;-0.06389358;2.672839;
ElbowLeft;-0.5360549;-0.01237805;3.057803;
WristRight;-0.7377588;-0.3251093;2.654024;
WristLeft;-0.8138421;-0.1844109;3.014191;
HandRight;-0.7696702;-0.3959068;2.651066;
HandLeft;-0.8383746;-0.2516858;3.044384;
Spine;-0.6941483;-0.02172318;2.893991;
HipCenter;-0.6911508;-0.09744599;2.893339;
HipRight;-0.6532495;-0.1801684;2.807178;
HipLeft;-0.7184851;-0.2003196;2.964524;
KneeRight;-0.7418483;-0.7631779;2.890049;
KneeLeft;-0.555279;-0.6695048;2.975244;
AnkleRight;-0.580364;-1.121179;2.914813;
AnkleLeft;-0.5459673;-1.116464;2.930721;
FootRight;-0.6554866;-1.16952;2.855683;
FootLeft;-0.5942375;-1.179863;2.974793;
Head;-0.8641217;0.4973826;2.917322;
ShoulderCenter;-0.7330841;0.3512569;2.912745;
ShoulderRight;-0.6652436;0.2049808;2.772944;
ShoulderLeft;-0.8391951;0.1298447;3.013272;
ElbowRight;-0.6630619;-0.07090305;2.676036;
ElbowLeft;-0.5916927;-0.08334844;3.023342;
WristRight;-0.7559124;-0.3115612;2.648733;
WristLeft;-0.8627259;-0.2613633;3.064252;
HandRight;-0.7858652;-0.3858991;2.644207;
HandLeft;-0.9065719;-0.3128479;3.026511;
Spine;-0.7308818;-0.03566404;2.89187;
HipCenter;-0.7303898;-0.1132645;2.891564;
HipRight;-0.6956765;-0.1865072;2.816861;
HipLeft;-0.7639008;-0.2043331;2.953542;
KneeRight;-0.7449629;-0.7581568;2.900238;
KneeLeft;-0.6495826;-0.664481;2.952822;
AnkleRight;-0.5836824;-1.116783;2.915712;
AnkleLeft;-0.5445715;-1.114797;2.930129;
FootRight;-0.661191;-1.164167;2.858696;
FootLeft;-0.5915163;-1.179762;2.97357;
Head;-0.9014292;0.4968547;2.929743;
ShoulderCenter;-0.7756868;0.341671;2.90623;
ShoulderRight;-0.7145804;0.1976019;2.762082;
ShoulderLeft;-0.8817978;0.1202588;3.006757;
ElbowRight;-0.7025757;-0.07716443;2.671937;
ElbowLeft;-0.6050016;-0.05556966;3.012452;
WristRight;-0.7857329;-0.3101768;2.641017;
WristLeft;-0.8725225;-0.2387948;3.057693;
HandRight;-0.8040897;-0.388041;2.64162;
HandLeft;-0.9297519;-0.2903776;3.055811;
Spine;-0.7555282;-0.04416932;2.877768;
HipCenter;-0.7525171;-0.1215436;2.875928;
HipRight;-0.7148396;-0.1884591;2.803957;
HipLeft;-0.7831846;-0.2095608;2.933891;
KneeRight;-0.614253;-0.7564147;2.956265;
KneeLeft;-0.9094095;-0.7818225;2.881386;
AnkleRight;-0.5650959;-1.109269;2.92521;
AnkleLeft;-1.118089;-1.133395;2.892845;
FootRight;-0.6434783;-1.157657;2.870047;
FootLeft;-1.1813;-1.172909;2.840193;
Head;-0.9387701;0.4853064;2.936368;
ShoulderCenter;-0.8062043;0.3339854;2.898258;
ShoulderRight;-0.7349911;0.1937965;2.762158;
ShoulderLeft;-0.9123153;0.1125732;2.998784;
ElbowRight;-0.7357668;-0.08633129;2.670065;
ElbowLeft;-0.6179439;-0.02108313;3.036598;
WristRight;-0.8101013;-0.3183365;2.639905;
WristLeft;-0.8856225;-0.2097355;3.064161;
HandRight;-0.8446171;-0.3844647;2.644189;
HandLeft;-0.9304419;-0.268393;3.043116;
Spine;-0.7902946;-0.04310688;2.86712;
HipCenter;-0.7868395;-0.1184719;2.864713;
HipRight;-0.7440955;-0.1935201;2.785598;
HipLeft;-0.8248597;-0.2044402;2.926564;
KneeRight;-0.6231909;-0.7540998;2.955271;
KneeLeft;-0.9187524;-0.7789586;2.883018;
AnkleRight;-0.5642317;-1.107831;2.925267;
AnkleLeft;-1.14053;-1.127239;2.899451;
FootRight;-0.6406661;-1.155627;2.86681;
FootLeft;-1.216736;-1.151765;2.849784;
Head;-0.967006;0.4901899;2.91447;
ShoulderCenter;-0.843248;0.3333118;2.897811;
ShoulderRight;-0.7719925;0.1876221;2.763551;
ShoulderLeft;-0.9493589;0.1118996;2.998338;
ElbowRight;-0.769197;-0.08487092;2.670808;
ElbowLeft;-0.6521071;-0.01660421;3.035641;
WristRight;-0.8501465;-0.3141908;2.631357;
WristLeft;-0.9193861;-0.2075342;3.058663;
HandRight;-0.8653898;-0.3501581;2.640134;
HandLeft;-0.9610831;-0.268502;3.037659;
Spine;-0.8370737;-0.06483336;2.864923;
HipCenter;-0.8346413;-0.1444406;2.86204;
HipRight;-0.7955118;-0.2070135;2.801381;
HipLeft;-0.8694822;-0.2222179;2.907784;
KneeRight;-0.6544414;-0.7619779;2.959606;
KneeLeft;-0.9951041;-0.7719074;2.882551;
AnkleRight;-0.5625677;-1.106689;2.925216;
AnkleLeft;-1.141206;-1.128054;2.899513;
FootRight;-0.6390021;-1.153694;2.866785;
FootLeft;-1.255849;-1.171776;2.889077;
Head;-1.020624;0.4944143;2.908643;
ShoulderCenter;-0.8993144;0.3345646;2.889019;
ShoulderRight;-0.8198121;0.1890916;2.761834;
ShoulderLeft;-1.005425;0.1131524;2.989545;
ElbowRight;-0.8043054;-0.0878474;2.665739;
ElbowLeft;-0.7164139;-0.04048514;3.011379;
WristRight;-0.9036733;-0.3510982;2.650995;
WristLeft;-0.9839634;-0.2320229;3.035137;
HandRight;-0.9178639;-0.4289446;2.652106;
HandLeft;-1.047314;-0.2679837;3.01076;
Spine;-0.8345573;-0.06257617;2.864131;
HipCenter;-0.8244644;-0.1397086;2.861041;
HipRight;-0.7726045;-0.2046748;2.794204;
HipLeft;-0.8438914;-0.2260277;2.911786;
KneeRight;-0.6983837;-0.7609594;2.965937;
KneeLeft;-0.990686;-0.7769327;2.891505;
AnkleRight;-0.5701349;-1.107528;2.928864;
AnkleLeft;-1.141999;-1.126069;2.903369;
FootRight;-0.5962361;-1.1947;2.933289;
FootLeft;-1.213056;-1.177127;2.84147;
Head;-1.030475;0.5060657;2.908395;
ShoulderCenter;-0.9236057;0.3355962;2.888297;
ShoulderRight;-0.8544389;0.1829472;2.757606;
ShoulderLeft;-1.029717;0.114184;2.988823;
ElbowRight;-0.8557179;-0.08292525;2.671375;
ElbowLeft;-0.7459258;-0.04637047;3.020453;
WristRight;-0.9220967;-0.3292274;2.645504;
WristLeft;-1.011812;-0.2429909;3.032067;
HandRight;-0.9369059;-0.4230699;2.648933;
HandLeft;-1.067082;-0.223632;3.081826;
Spine;-0.8498506;-0.05882674;2.860014;
HipCenter;-0.8351461;-0.1371774;2.857876;
HipRight;-0.7878461;-0.1974574;2.79535;
HipLeft;-0.8590568;-0.2198162;2.903539;
KneeRight;-0.7280127;-0.7693825;2.968084;
KneeLeft;-1.043658;-0.7956935;2.904152;
AnkleRight;-0.5708098;-1.110022;2.932851;
AnkleLeft;-1.14337;-1.118668;2.907876;
FootRight;-0.5969826;-1.197367;2.934444;
FootLeft;-1.215923;-1.170897;2.848554;
Head;-1.101083;0.495001;2.899151;
ShoulderCenter;-0.974101;0.3401924;2.88894;
ShoulderRight;-0.8929858;0.1891341;2.755085;
ShoulderLeft;-1.080212;0.1187802;2.989466;
ElbowRight;-0.9024034;-0.09224732;2.667112;
ElbowLeft;-0.7914397;-0.03689767;3.0131;
WristRight;-0.9496482;-0.3332142;2.644724;
WristLeft;-1.054487;-0.2382351;3.025119;
HandRight;-0.9818415;-0.4317138;2.646201;
HandLeft;-1.120839;-0.2266591;3.061606;
Spine;-0.9246235;-0.06985743;2.85339;
HipCenter;-0.914728;-0.1518674;2.849976;
HipRight;-0.8696823;-0.2185894;2.783431;
HipLeft;-0.9413857;-0.2375386;2.89977;
KneeRight;-0.7721206;-0.7860664;2.956331;
KneeLeft;-1.066109;-0.7685727;2.888581;
AnkleRight;-0.5828949;-1.06726;2.92376;
AnkleLeft;-1.140779;-1.125709;2.914469;
FootRight;-0.5991356;-1.154136;2.946654;
FootLeft;-1.188312;-1.191714;2.873004;
Head;-1.126548;0.5158719;2.893373;
ShoulderCenter;-1.018497;0.3477733;2.887947;
ShoulderRight;-0.9368847;0.1956131;2.753512;
ShoulderLeft;-1.124608;0.1263611;2.988473;
ElbowRight;-0.9411728;-0.07979055;2.66138;
ElbowLeft;-0.8381473;-0.0369257;3.00482;
WristRight;-1.00053;-0.3181346;2.631295;
WristLeft;-1.101982;-0.2382929;3.015866;
HandRight;-1.022853;-0.4183162;2.646095;
HandLeft;-1.159261;-0.2270583;3.065543;
Spine;-0.9755158;-0.04371231;2.850708;
HipCenter;-0.9664446;-0.1220906;2.84697;
HipRight;-0.9203704;-0.1801959;2.783753;
HipLeft;-0.9958736;-0.2078034;2.893044;
KneeRight;-0.8348071;-0.7511775;2.956623;
KneeLeft;-1.031581;-0.7747495;2.926247;
AnkleRight;-0.6186771;-1.01112;2.919804;
AnkleLeft;-1.139875;-1.125304;2.915088;
FootRight;-0.6484849;-1.122773;2.963816;
FootLeft;-1.18761;-1.1902;2.871912;
Head;-1.15547;0.503233;2.888406;
ShoulderCenter;-1.030778;0.3472238;2.885851;
ShoulderRight;-0.9728386;0.1950985;2.743778;
ShoulderLeft;-1.136889;0.1258116;2.986377;
ElbowRight;-0.9682503;-0.08013235;2.660641;
ElbowLeft;-0.8499858;-0.03779092;3.002623;
WristRight;-1.058115;-0.3259397;2.653221;
WristLeft;-1.113882;-0.2398986;3.013972;
HandRight;-1.066665;-0.4289148;2.657614;
HandLeft;-1.175545;-0.2300496;3.058066;
Spine;-1.029144;-0.05256141;2.855842;
HipCenter;-1.026355;-0.1324083;2.853957;
HipRight;-0.9888307;-0.195552;2.786816;
HipLeft;-1.058744;-0.2162665;2.907314;
KneeRight;-0.8866623;-0.7618943;2.97006;
KneeLeft;-1.031969;-0.7864341;2.957314;
AnkleRight;-0.6575556;-1.009199;2.930355;
AnkleLeft;-1.139708;-1.120976;2.909909;
FootRight;-0.6963114;-1.113066;2.984545;
FootLeft;-1.1898;-1.166247;2.84859;
Head;-1.215605;0.5082453;2.897955;
ShoulderCenter;-1.087112;0.3508323;2.876798;
ShoulderRight;-1.011801;0.2026494;2.746484;
ShoulderLeft;-1.193223;0.1294201;2.977324;
ElbowRight;-1.014816;-0.05913185;2.653565;
ElbowLeft;-0.9060183;-0.03455985;2.993443;
WristRight;-1.12001;-0.3603534;2.674186;
WristLeft;-1.170315;-0.2368467;3.004809;
HandRight;-1.13457;-0.4347273;2.684433;
HandLeft;-1.232175;-0.2269567;3.048672;
Spine;-1.068378;-0.05802364;2.847589;
HipCenter;-1.065807;-0.1397656;2.845241;
HipRight;-1.025297;-0.1963452;2.788793;
HipLeft;-1.103409;-0.2118758;2.88741;
KneeRight;-0.9201505;-0.7689859;2.95679;
KneeLeft;-1.091811;-0.7573532;2.949659;
AnkleRight;-0.7227795;-1.035231;2.983643;
AnkleLeft;-1.14159;-1.116022;2.903172;
FootRight;-0.7795233;-1.134063;3.030038;
FootLeft;-1.190348;-1.174831;2.853822;
Head;-1.201659;0.5323135;2.881969;
ShoulderCenter;-1.116863;0.3512639;2.882471;
ShoulderRight;-1.035277;0.2042312;2.748755;
ShoulderLeft;-1.222974;0.1298518;2.982997;
ElbowRight;-1.057029;-0.07616756;2.654719;
ElbowLeft;-0.9352852;-0.03440465;2.99915;
WristRight;-1.175449;-0.3440859;2.659882;
WristLeft;-1.200216;-0.2367933;3.010483;
HandRight;-1.202266;-0.4277519;2.666053;
HandLeft;-1.262107;-0.2268983;3.054368;
Spine;-1.06742;-0.05796709;2.843024;
HipCenter;-1.060012;-0.139729;2.8364;
HipRight;-1.010484;-0.1952684;2.760631;
HipLeft;-1.078562;-0.2426625;2.875518;
KneeRight;-1.153449;-0.7421228;2.893504;
KneeLeft;-1.100931;-0.7638747;2.980137;
AnkleRight;-0.8403871;-1.043052;3.000338;
AnkleLeft;-1.142438;-1.115949;2.902483;
FootRight;-0.8839936;-1.148751;3.035346;
FootLeft;-1.189839;-1.176094;2.853789;
Head;-1.193357;0.498687;2.88853;
ShoulderCenter;-1.150612;0.300131;2.874538;
ShoulderRight;-1.076353;0.2065509;2.745868;
ShoulderLeft;-1.256723;0.07871877;2.975065;
ElbowRight;-1.107423;-0.08198901;2.654326;
ElbowLeft;-0.968508;-0.08583781;2.991293;
WristRight;-1.215637;-0.3045877;2.63088;
WristLeft;-1.234128;-0.288336;3.002609;
HandRight;-1.244841;-0.4023985;2.648645;
HandLeft;-1.296074;-0.2784321;3.046534;
Spine;-1.083022;-0.06144519;2.832603;
HipCenter;-1.071312;-0.1379113;2.827706;
HipRight;-1.02556;-0.1884744;2.759721;
HipLeft;-1.093343;-0.2369834;2.864917;
KneeRight;-1.160851;-0.7416025;2.891443;
KneeLeft;-1.093765;-0.7588031;3.054121;
AnkleRight;-1.046358;-1.067926;2.91144;
AnkleLeft;-1.143224;-1.116037;2.902203;
FootRight;-1.153252;-1.129206;2.915558;
FootLeft;-1.190112;-1.176772;2.853051;
Head;-1.312614;0.5230029;2.885211;
ShoulderCenter;-1.199022;0.3564672;2.881878;
ShoulderRight;-1.102115;0.2076129;2.745226;
ShoulderLeft;-1.305133;0.135055;2.982405;
ElbowRight;-1.147095;-0.08278245;2.650933;
ElbowLeft;-1.016363;-0.02981853;2.998668;
WristRight;-1.276856;-0.3394532;2.652795;
WristLeft;-1.282711;-0.2324315;3.009944;
HandRight;-1.311146;-0.4194337;2.659005;
HandLeft;-1.34468;-0.2225238;3.053885;
Spine;-1.147534;-0.04904303;2.828704;
HipCenter;-1.137236;-0.1301451;2.821779;
HipRight;-1.091347;-0.1846368;2.751548;
HipLeft;-1.162851;-0.2353267;2.867309;
KneeRight;-1.185092;-0.7433019;2.870197;
KneeLeft;-1.129887;-0.7748457;3.016618;
AnkleRight;-1.134414;-1.124264;2.913141;
AnkleLeft;-1.056508;-1.117574;3.051488;
FootRight;-1.242008;-1.183683;2.914244;
FootLeft;-1.110839;-1.194704;3.017949;
Head;-1.343018;0.5165327;2.878109;
ShoulderCenter;-1.219392;0.3588731;2.882095;
ShoulderRight;-1.142866;0.2148527;2.746731;
ShoulderLeft;-1.325503;0.1374609;2.982621;
ElbowRight;-1.194359;-0.06729671;2.643916;
ElbowLeft;-1.036242;-0.027693;2.998928;
WristRight;-1.305443;-0.2944089;2.643393;
WristLeft;-1.211027;-0.217827;2.76838;
HandRight;-1.344191;-0.3904355;2.651041;
HandLeft;-1.235664;-0.2886905;2.784541;
Spine;-1.17018;-0.0465681;2.82818;
HipCenter;-1.160355;-0.1276568;2.821102;
HipRight;-1.116949;-0.1790314;2.754375;
HipLeft;-1.187901;-0.2279385;2.863923;
KneeRight;-1.186933;-0.744127;2.871031;
KneeLeft;-1.159349;-0.7603337;3.018326;
AnkleRight;-1.135741;-1.124796;2.910623;
AnkleLeft;-1.098673;-1.097592;3.028989;
FootRight;-1.242096;-1.183984;2.91515;
FootLeft;-1.113276;-1.166991;3.086119;
Head;-1.3183;0.54922;2.867666;
ShoulderCenter;-1.255792;0.3601567;2.877881;
ShoulderRight;-1.174662;0.2155421;2.742097;
ShoulderLeft;-1.361904;0.1387445;2.978407;
ElbowRight;-1.22435;-0.05949535;2.645775;
ElbowLeft;-1.072231;-0.02664457;2.994747;
WristRight;-1.357949;-0.2987047;2.644574;
WristLeft;-1.244977;-0.2201101;2.764758;
HandRight;-1.381429;-0.3992228;2.648803;
HandLeft;-1.259935;-0.294552;2.775269;
Spine;-1.221186;-0.04020125;2.835586;
HipCenter;-1.213044;-0.1203159;2.83099;
HipRight;-1.170744;-0.1751478;2.764428;
HipLeft;-1.239704;-0.2193905;2.877897;
KneeRight;-1.192054;-0.7494451;2.872836;
KneeLeft;-1.427073;-0.7792149;3.000876;
AnkleRight;-1.138899;-1.124733;2.904878;
AnkleLeft;-1.316898;-1.1424;2.997827;
FootRight;-1.205073;-1.179037;2.873556;
FootLeft;-1.378186;-1.202299;3.028889;
Head;-1.393547;0.5392109;2.87325;
ShoulderCenter;-1.288229;0.3675145;2.876112;
ShoulderRight;-1.210767;0.219492;2.741095;
ShoulderLeft;-1.39434;0.1461023;2.976639;
ElbowRight;-1.272679;-0.04597578;2.647563;
ElbowLeft;-1.104321;-0.01948425;2.993002;
WristRight;-1.380963;-0.2702157;2.622834;
WristLeft;-1.280889;-0.2032828;2.757067;
HandRight;-1.387454;-0.3030835;2.630728;
HandLeft;-1.291905;-0.2791744;2.757537;
Spine;-1.240511;-0.03232778;2.836065;
HipCenter;-1.231649;-0.1121103;2.831744;
HipRight;-1.183313;-0.174288;2.757978;
HipLeft;-1.260636;-0.216263;2.886512;
KneeRight;-1.197419;-0.7513853;2.874314;
KneeLeft;-1.435465;-0.7695827;2.976088;
AnkleRight;-1.14221;-1.125647;2.903337;
AnkleLeft;-1.367847;-1.151432;2.987797;
FootRight;-1.207534;-1.180753;2.872668;
FootLeft;-1.458152;-1.193647;3.022163;
Head;-1.375952;0.5628827;2.873593;
ShoulderCenter;-1.337152;0.3625312;2.865745;
ShoulderRight;-1.238001;0.2198448;2.739038;
ShoulderLeft;-1.443263;0.141119;2.966271;
ElbowRight;-1.296502;-0.02920954;2.645105;
ElbowLeft;-1.147819;0.001123488;3.01961;
WristRight;-1.389702;-0.2603612;2.622002;
WristLeft;-1.327474;-0.1792539;2.783006;
HandRight;-1.45623;-0.2984345;2.61871;
HandLeft;-1.333328;-0.2557516;2.783362;
Spine;-1.260351;-0.03436903;2.82975;
HipCenter;-1.246502;-0.1137886;2.82633;
HipRight;-1.193354;-0.1716868;2.759336;
HipLeft;-1.279976;-0.2064747;2.871582;
KneeRight;-1.20792;-0.7593306;2.878318;
KneeLeft;-1.444513;-0.7644672;2.963571;
AnkleRight;-1.145152;-1.127486;2.903832;
AnkleLeft;-1.484651;-1.152229;2.997549;
FootRight;-1.209526;-1.182935;2.87155;
FootLeft;-1.572397;-1.17312;3.008728;
Head;-1.430324;0.5430751;2.847882;
ShoulderCenter;-1.360286;0.3583083;2.867127;
ShoulderRight;-1.289688;0.2135638;2.726388;
ShoulderLeft;-1.466397;0.1368962;2.967654;
ElbowRight;-1.329425;-0.02645284;2.639922;
ElbowLeft;-1.1734;0.0694111;3.033427;
WristRight;-1.401001;-0.2652095;2.623242;
WristLeft;-1.360454;-0.103561;2.797233;
HandRight;-1.448631;-0.325027;2.621577;
HandLeft;-1.380913;-0.1621695;2.609323;
Spine;-1.317387;-0.02517063;2.842353;
HipCenter;-1.306693;-0.1014805;2.841006;
HipRight;-1.259842;-0.1646639;2.774997;
HipLeft;-1.331587;-0.1949785;2.892651;
KneeRight;-1.218374;-0.7594215;2.880071;
KneeLeft;-1.461347;-0.7656575;2.948817;
AnkleRight;-1.147511;-1.129119;2.904588;
AnkleLeft;-1.549344;-1.10435;2.995834;
FootRight;-1.214415;-1.181238;2.872828;
FootLeft;-1.493057;-1.190813;3.021571;
Head;-1.431048;0.5428892;2.850828;
ShoulderCenter;-1.382103;0.3505191;2.866935;
ShoulderRight;-1.296127;0.2111094;2.729839;
ShoulderLeft;-1.378401;0.2141232;2.689964;
ElbowRight;-1.352443;-0.03865966;2.643549;
ElbowLeft;-1.354054;-0.01655157;2.571223;
WristRight;-1.430275;-0.2745513;2.628753;
WristLeft;-1.569455;-0.1470578;2.333492;
HandRight;-1.466664;-0.3415678;2.628296;
HandLeft;-1.570803;-0.1606264;2.180871;
Spine;-1.352413;-0.0544719;2.880268;
HipCenter;-1.319147;-0.1278745;2.829221;
HipRight;-1.294585;-0.1918344;2.766298;
HipLeft;-1.33146;-0.1944906;2.884787;
KneeRight;-1.236356;-0.7613002;2.880775;
KneeLeft;-1.482934;-0.7104366;2.924468;
AnkleRight;-1.151535;-1.131056;2.906604;
AnkleLeft;-1.544919;-1.021622;2.998539;
FootRight;-1.220065;-1.180055;2.875038;
FootLeft;-1.557981;-0.9398429;2.963395;
Head;-1.444106;0.5452343;2.850037;
ShoulderCenter;-1.405805;0.3512014;2.868235;
ShoulderRight;-1.324813;0.2067743;2.754613;
ShoulderLeft;-1.398477;0.2392692;2.703139;
ElbowRight;-1.373421;-0.02524295;2.652587;
ElbowLeft;-1.356321;0.01173174;2.584669;
WristRight;-1.425424;-0.2717974;2.716712;
WristLeft;-1.562197;-0.1347315;2.349096;
HandRight;-1.458967;-0.3400658;2.716117;
HandLeft;-1.574029;-0.1648183;2.182045;
Spine;-1.39153;-0.04374627;2.871624;
HipCenter;-1.350435;-0.1115792;2.826288;
HipRight;-1.319349;-0.183259;2.756718;
HipLeft;-1.361126;-0.1767746;2.881367;
KneeRight;-1.256579;-0.7670096;2.882755;
KneeLeft;-1.474395;-0.6231698;2.871971;
AnkleRight;-1.153848;-1.132947;2.907718;
AnkleLeft;-1.58524;-1.060011;2.847811;
FootRight;-1.223344;-1.179679;2.876244;
FootLeft;-1.527295;-1.112652;2.772109;
Head;-1.445383;0.5373046;2.847273;
ShoulderCenter;-1.424341;0.3445637;2.876707;
ShoulderRight;-1.342829;0.1908402;2.772856;
ShoulderLeft;-1.37606;0.1854709;2.693744;
ElbowRight;-1.402678;-0.04426752;2.695959;
ElbowLeft;-1.399732;-0.05646351;2.619413;
WristRight;-1.428002;-0.3088642;2.706422;
WristLeft;-1.600763;-0.1867134;2.370953;
HandRight;-1.461448;-0.376934;2.705829;
HandLeft;-1.598801;-0.2017457;2.211243;
Spine;-1.407804;-0.08697598;2.857908;
HipCenter;-1.345025;-0.1647854;2.832594;
HipRight;-1.333934;-0.1937579;2.805274;
HipLeft;-1.352234;-0.1825581;2.863466;
KneeRight;-1.289788;-0.7627152;2.877181;
KneeLeft;-1.389677;-0.633293;2.82577;
AnkleRight;-1.157683;-1.132267;2.908437;
AnkleLeft;-1.550612;-0.866864;2.969877;
FootRight;-1.068472;-1.17126;2.869407;
FootLeft;-1.461401;-0.9058574;2.930846;
Head;-1.485748;0.534106;2.896372;
ShoulderCenter;-1.439447;0.3348282;2.888723;
ShoulderRight;-1.369235;0.1616091;2.790981;
ShoulderLeft;-1.398652;0.04923138;2.757303;
ElbowRight;-1.413906;-0.08146206;2.73201;
ElbowLeft;-1.408102;0.2337785;2.564509;
WristRight;-1.42948;-0.3271179;2.705707;
WristLeft;-1.586935;0.001411334;2.390719;
HandRight;-1.408285;-0.399924;2.707484;
HandLeft;-1.646546;-0.0760444;2.33785;
Spine;-1.401389;-0.1037217;2.896117;
HipCenter;-1.367011;-0.1817578;2.843283;
HipRight;-1.356504;-0.224043;2.798023;
HipLeft;-1.374467;-0.2354907;2.884778;
KneeRight;-1.31438;-0.766008;2.873455;
KneeLeft;-1.429918;-0.6806564;2.807625;
AnkleRight;-1.161489;-1.13362;2.908692;
AnkleLeft;-1.484972;-1.122643;2.716295;
FootRight;-1.231557;-1.180753;2.879902;
FootLeft;-1.446439;-1.183515;2.625476;
Head;-1.503214;0.5163047;2.894712;
ShoulderCenter;-1.462594;0.3184681;2.900426;
ShoulderRight;-1.384058;0.1503383;2.797249;
ShoulderLeft;-1.410002;0.02432882;2.770941;
ElbowRight;-1.41802;-0.09160358;2.74069;
ElbowLeft;-1.444469;-0.2189286;2.734539;
WristRight;-1.43018;-0.3362224;2.705027;
WristLeft;-1.636357;-0.3589405;2.48667;
HandRight;-1.408632;-0.4089386;2.706429;
HandLeft;-1.642981;-0.3869838;2.312234;
Spine;-1.41338;-0.1066222;2.960968;
HipCenter;-1.372555;-0.1865242;2.926677;
HipRight;-1.354752;-0.2359263;2.883126;
HipLeft;-1.370369;-0.2408489;2.97185;
KneeRight;-1.353715;-0.7457966;2.862028;
KneeLeft;-1.399285;-0.6907322;2.915801;
AnkleRight;-1.172017;-1.135631;2.913747;
AnkleLeft;-1.566988;-0.9164357;3.06272;
FootRight;-1.230882;-1.188177;2.871994;
FootLeft;-1.523425;-0.86152;3.118001;
Head;-1.539783;0.383621;2.952513;
ShoulderCenter;-1.442464;0.2034547;2.945522;
ShoulderRight;-1.36634;0.03314649;2.842847;
ShoulderLeft;-1.416582;-0.01905418;2.83166;
ElbowRight;-1.452092;-0.1928259;2.772816;
ElbowLeft;-1.46329;-0.2467303;2.7243;
WristRight;-1.443457;-0.4347306;2.719634;
WristLeft;-1.661779;-0.3818406;2.480564;
HandRight;-1.420175;-0.5069373;2.719865;
HandLeft;-1.653812;-0.3954912;2.328498;
Spine;-1.432256;-0.1670221;2.989193;
HipCenter;-1.420452;-0.2392589;2.949116;
HipRight;-1.398402;-0.297039;3.066354;
HipLeft;-1.434681;-0.338764;2.827766;
KneeRight;-1.383868;-0.7739726;2.857818;
KneeLeft;-1.439711;-0.7746593;2.933929;
AnkleRight;-1.372356;-1.151742;2.67488;
AnkleLeft;-1.607239;-1.000127;3.080677;
FootRight;-1.35368;-1.195977;2.581526;
FootLeft;-1.581909;-0.8833354;3.082909;
Head;-1.484698;0.2168559;3.038764;
ShoulderCenter;-1.461651;0.01474697;3.037783;
ShoulderRight;-1.385528;-0.1555612;2.935108;
ShoulderLeft;-1.444155;-0.06156888;2.900318;
ElbowRight;-1.547853;-0.1854234;2.725308;
ElbowLeft;-1.482186;-0.2704636;2.749839;
WristRight;-1.47931;-0.4178489;2.785748;
WristLeft;-1.690016;-0.4036133;2.514956;
HandRight;-1.456086;-0.4898722;2.785978;
HandLeft;-1.672605;-0.4081495;2.380091;
Spine;-1.489982;-0.2009357;3.090914;
HipCenter;-1.474237;-0.2466338;3.062243;
HipRight;-1.445215;-0.3241925;3.191754;
HipLeft;-1.513932;-0.3906943;2.940619;
KneeRight;-1.404809;-0.8391901;2.851019;
KneeLeft;-1.473932;-0.8195597;3.060264;
AnkleRight;-1.382928;-1.118061;2.644967;
AnkleLeft;-1.507871;-0.762876;2.690817;
FootRight;-1.341385;-1.147932;2.572066;
FootLeft;-1.465482;-0.8103026;2.60755;
Head;-1.518063;0.1681313;3.067174;
ShoulderCenter;-1.494558;-0.05820775;3.051256;
ShoulderRight;-1.418435;-0.228516;2.948581;
ShoulderLeft;-1.477062;-0.1345236;2.913791;
ElbowRight;-1.547597;-0.153169;2.726539;
ElbowLeft;-1.493423;-0.3621407;2.79876;
WristRight;-1.503968;-0.4447712;2.786418;
WristLeft;-1.706011;-0.4751616;2.558494;
HandRight;-1.480741;-0.5168058;2.786648;
HandLeft;-1.692358;-0.4743829;2.419527;
Spine;-1.526821;-0.4596338;3.019686;
HipCenter;-1.500759;-0.5335041;2.979607;
HipRight;-1.480423;-0.5519189;2.972147;
HipLeft;-1.521747;-0.5649651;2.977961;
KneeRight;-1.439168;-0.8573498;2.847961;
KneeLeft;-1.534979;-1.4104;2.902339;
AnkleRight;-1.248641;-1.095376;2.881913;
AnkleLeft;-1.543754;-1.454414;2.741784;
FootRight;-1.280024;-1.17443;2.855822;
FootLeft;-1.480019;-1.494812;2.669251;
Head;-1.443225;-0.6510259;2.952116;
ShoulderCenter;-1.406103;-0.9297836;2.891984;
ShoulderRight;-1.32998;-1.100092;2.789309;
ShoulderLeft;-1.388607;-1.006099;2.754519;
ElbowRight;-1.395424;-0.7857753;2.831949;
ElbowLeft;-1.435909;-0.6846414;2.77714;
WristRight;-1.520747;-0.4946525;2.905428;
WristLeft;-1.670049;-0.5217613;2.597835;
HandRight;-1.562521;-0.3976115;2.934962;
HandLeft;-1.720984;-0.3891145;2.438924;
Spine;-1.49972;-1.094342;3.05003;
HipCenter;-1.527373;-1.147359;3.046062;
HipRight;-1.574884;-1.273433;2.981386;
HipLeft;-1.576154;-1.194049;3.221076;
KneeRight;-1.463694;-0.8526967;2.847785;
KneeLeft;-1.619735;-1.721181;3.163729;
AnkleRight;-1.255359;-1.099205;2.883729;
AnkleLeft;-1.629329;-1.775085;3.002389;
FootRight;-1.307199;-1.170092;2.869534;
FootLeft;-1.64574;-1.844163;2.925498;
Head;-1.527092;-0.3083566;2.952255;
ShoulderCenter;-1.564351;-0.04616118;3.004481;
ShoulderRight;-1.488228;-0.2164693;2.901806;
ShoulderLeft;-1.546855;-0.122477;2.867016;
ElbowRight;-1.593398;-0.1303778;3.073628;
ElbowLeft;-1.569677;-0.1272923;3.079269;
WristRight;-1.579622;-0.4142799;2.948432;
WristLeft;-1.717659;-0.2691213;2.807009;
HandRight;-1.556388;-0.4863367;2.948663;
HandLeft;-1.766986;-0.3163977;2.721295;
Spine;-1.569478;-0.4661778;3.015931;
HipCenter;-1.543914;-0.5467404;2.986404;
HipRight;-1.528272;-0.582122;2.919391;
HipLeft;-1.552539;-0.6832045;3.04202;
KneeRight;-1.490978;-0.9011807;2.864809;
KneeLeft;-1.572301;-1.663768;2.971322;
AnkleRight;-1.302094;-1.131993;2.896973;
AnkleLeft;-1.581077;-1.707782;2.810774;
FootRight;-1.335478;-1.210252;2.87074;
FootLeft;-1.523042;-1.749848;2.734392;
