Floor;-0.03132286;0.9993287;0.01899778;1.093028;
Head;-1.052153;0.4957479;2.853035;
ShoulderCenter;-1.144102;0.3177105;2.840682;
ShoulderRight;-1.059697;0.1483343;2.918675;
ShoulderLeft;-1.174923;0.1936931;2.6932;
ElbowRight;-1.017061;-0.145494;2.834295;
ElbowLeft;-1.121914;-0.04102975;2.601276;
WristRight;-1.00341;-0.4438253;2.92809;
WristLeft;-0.9316638;-0.2893604;2.641024;
HandRight;-0.9988598;-0.5432691;2.96385;
HandLeft;-0.8595375;-0.3463907;2.696315;
Spine;-1.12554;-0.05011664;2.802384;
HipCenter;-1.121828;-0.1236821;2.798021;
HipRight;-1.093202;-0.1873984;2.837481;
HipLeft;-1.145054;-0.1669869;2.744946;
KneeRight;-0.9740802;-0.8422101;2.966312;
KneeLeft;-1.244215;-0.727359;2.838562;
AnkleRight;-0.7984995;-1.122585;2.954751;
AnkleLeft;-1.439055;-1.097195;2.822736;
FootRight;-0.7200899;-1.163173;2.991446;
FootLeft;-1.316384;-1.107993;2.851135;
Head;-1.018314;0.4848126;2.863844;
ShoulderCenter;-1.112813;0.3121665;2.839499;
ShoulderRight;-1.019847;0.1411048;2.913034;
ShoulderLeft;-1.135862;0.1816757;2.695953;
ElbowRight;-0.9857206;-0.1524189;2.844241;
ElbowLeft;-1.079228;-0.05726658;2.608391;
WristRight;-0.966189;-0.4513538;2.934948;
WristLeft;-0.9010094;-0.3026185;2.640678;
HandRight;-0.9596784;-0.5509987;2.969717;
HandLeft;-0.8338345;-0.3632755;2.658737;
Spine;-1.087429;-0.06029918;2.806823;
HipCenter;-1.08215;-0.1349267;2.803772;
HipRight;-1.051762;-0.1992304;2.845833;
HipLeft;-1.104099;-0.1810051;2.749939;
KneeRight;-0.9612796;-0.745239;2.93951;
KneeLeft;-1.23839;-0.7315456;2.834667;
AnkleRight;-0.8050796;-1.119221;2.947568;
AnkleLeft;-1.439144;-1.098171;2.824054;
FootRight;-0.7143676;-1.163508;2.98089;
FootLeft;-1.407198;-1.189896;2.832057;
Head;-0.9899102;0.5097234;2.859356;
ShoulderCenter;-1.061992;0.3056589;2.841045;
ShoulderRight;-0.9701856;0.135963;2.901655;
ShoulderLeft;-1.095633;0.1746628;2.698156;
ElbowRight;-0.9283484;-0.1786909;2.872193;
ElbowLeft;-1.032666;-0.06869213;2.609414;
WristRight;-0.8432315;-0.3339878;2.699595;
WristLeft;-0.888743;-0.2918918;2.636317;
HandRight;-0.822485;-0.3746676;2.656515;
HandLeft;-0.8291503;-0.359178;2.653851;
Spine;-1.047574;-0.1049089;2.796425;
HipCenter;-1.044691;-0.1870224;2.790913;
HipRight;-1.015749;-0.2434025;2.823602;
HipLeft;-1.070273;-0.2263237;2.745778;
KneeRight;-0.9420996;-0.7294085;2.936179;
KneeLeft;-1.246463;-0.7514181;2.812972;
AnkleRight;-0.8190932;-1.114316;2.937044;
AnkleLeft;-1.438084;-1.098972;2.824633;
FootRight;-0.7389172;-1.164418;2.962603;
FootLeft;-1.400538;-1.189226;2.83066;
Head;-0.9346082;0.4821788;2.877892;
ShoulderCenter;-1.021278;0.3079166;2.849023;
ShoulderRight;-0.919667;0.1063151;2.936677;
ShoulderLeft;-1.055098;0.179956;2.70458;
ElbowRight;-0.8829144;-0.1249287;2.838563;
ElbowLeft;-1.025576;-0.07160153;2.61587;
WristRight;-0.8240402;-0.3453182;2.673936;
WristLeft;-0.8832366;-0.2735493;2.629456;
HandRight;-0.8082022;-0.4046061;2.633407;
HandLeft;-0.8240538;-0.3512894;2.648266;
Spine;-0.9923713;-0.07526695;2.819697;
HipCenter;-0.987381;-0.1519475;2.817093;
HipRight;-0.9542445;-0.2235005;2.855132;
HipLeft;-1.013376;-0.1901255;2.767924;
KneeRight;-0.8934759;-0.7204596;2.934062;
KneeLeft;-1.188443;-0.7571265;2.823982;
AnkleRight;-0.8236312;-1.107987;2.932101;
AnkleLeft;-1.432639;-1.101009;2.824911;
FootRight;-0.7455156;-1.161777;2.956675;
FootLeft;-1.397651;-1.19144;2.820362;
Head;-0.8791314;0.4785642;2.880808;
ShoulderCenter;-0.9700168;0.3106257;2.850066;
ShoulderRight;-0.8763163;0.1362247;2.906284;
ShoulderLeft;-1.019783;0.1857926;2.710354;
ElbowRight;-0.8265193;-0.1182917;2.812889;
ElbowLeft;-0.9887195;-0.05621683;2.62497;
WristRight;-0.7857894;-0.3902922;2.655146;
WristLeft;-0.8212163;-0.316419;2.63401;
HandRight;-0.7722128;-0.4809591;2.607244;
HandLeft;-0.786621;-0.3818514;2.641085;
Spine;-0.949058;-0.0846112;2.821009;
HipCenter;-0.9440023;-0.1637136;2.818636;
HipRight;-0.9104994;-0.2280597;2.855174;
HipLeft;-0.9721978;-0.2046051;2.771939;
KneeRight;-0.859003;-0.7449295;2.930816;
KneeLeft;-1.143828;-0.7572265;2.816945;
AnkleRight;-0.8216605;-1.107131;2.927514;
AnkleLeft;-1.420242;-1.104392;2.823119;
FootRight;-0.7468669;-1.165695;2.959009;
FootLeft;-1.342571;-1.151917;2.825333;
Head;-0.8581225;0.4908638;2.871516;
ShoulderCenter;-0.9517257;0.3193954;2.85496;
ShoulderRight;-0.8415836;0.1403311;2.906427;
ShoulderLeft;-0.9755822;0.1903401;2.71356;
ElbowRight;-0.7943209;-0.165067;2.818371;
ElbowLeft;-0.9365335;-0.04373295;2.617207;
WristRight;-0.7716861;-0.40519;2.611799;
WristLeft;-0.8129801;-0.3231792;2.633412;
HandRight;-0.7641411;-0.485231;2.547645;
HandLeft;-0.7754039;-0.3869814;2.633892;
Spine;-0.9178092;-0.08307053;2.816937;
HipCenter;-0.910329;-0.1639955;2.812296;
HipRight;-0.8728314;-0.2237023;2.842051;
HipLeft;-0.9375275;-0.201543;2.769855;
KneeRight;-0.8229721;-0.7367991;2.932993;
KneeLeft;-1.078887;-0.7651095;2.812382;
AnkleRight;-0.817934;-1.102524;2.925221;
AnkleLeft;-1.365609;-1.090873;2.807727;
FootRight;-0.7545451;-1.165107;2.958611;
FootLeft;-1.353003;-1.180133;2.827415;
Head;-0.8076264;0.488972;2.889043;
ShoulderCenter;-0.897953;0.3218505;2.860495;
ShoulderRight;-0.7910944;0.1387572;2.909423;
ShoulderLeft;-0.9350429;0.1938055;2.712931;
ElbowRight;-0.7452818;-0.1558906;2.825454;
ElbowLeft;-0.9056719;-0.05018505;2.620948;
WristRight;-0.7633559;-0.4086279;2.635123;
WristLeft;-0.8069587;-0.2782117;2.61623;
HandRight;-0.7693806;-0.4928737;2.57641;
HandLeft;-0.7759919;-0.3695852;2.62393;
Spine;-0.8615753;-0.08433977;2.82261;
HipCenter;-0.8542998;-0.1655778;2.818502;
HipRight;-0.8182397;-0.2300839;2.852803;
HipLeft;-0.8810394;-0.2051432;2.772206;
KneeRight;-0.8003804;-0.7338051;2.930609;
KneeLeft;-0.9780717;-0.7065302;2.79218;
AnkleRight;-0.8149621;-1.101767;2.924547;
AnkleLeft;-1.287004;-1.051807;2.79402;
FootRight;-0.7601106;-1.166027;2.962816;
FootLeft;-1.289999;-1.13743;2.758491;
Head;-0.7799783;0.4961275;2.889483;
ShoulderCenter;-0.8769801;0.3270846;2.860979;
ShoulderRight;-0.7663388;0.1470028;2.954304;
ShoulderLeft;-0.9039706;0.1943213;2.71192;
ElbowRight;-0.7353808;-0.1469018;2.826782;
ElbowLeft;-0.8866681;-0.05238;2.625107;
WristRight;-0.7199529;-0.4203161;2.971937;
WristLeft;-0.8002666;-0.2739364;2.612924;
HandRight;-0.7148103;-0.5114542;3.025075;
HandLeft;-0.7693714;-0.3675838;2.620319;
Spine;-0.8287271;-0.08150318;2.832091;
HipCenter;-0.8184692;-0.1633874;2.83033;
HipRight;-0.783926;-0.2255675;2.86668;
HipLeft;-0.8397042;-0.2036029;2.785369;
KneeRight;-0.7716089;-0.7504549;2.939014;
KneeLeft;-0.9186674;-0.7490187;2.796676;
AnkleRight;-0.8051374;-1.109207;2.925934;
AnkleLeft;-1.217738;-1.044101;2.798385;
FootRight;-0.7689995;-1.191905;2.991083;
FootLeft;-1.197397;-1.127483;2.772438;
Head;-0.736801;0.51158;2.881161;
ShoulderCenter;-0.8240635;0.3335525;2.85543;
ShoulderRight;-0.7392702;0.155264;2.945835;
ShoulderLeft;-0.8675817;0.1976246;2.71546;
ElbowRight;-0.6857074;-0.08133439;2.83125;
ElbowLeft;-0.8573858;-0.05566076;2.629408;
WristRight;-0.6909245;-0.3378974;2.909116;
WristLeft;-0.7758086;-0.2964949;2.6103;
HandRight;-0.6926636;-0.4234184;2.939846;
HandLeft;-0.7512481;-0.3735985;2.607448;
Spine;-0.7798037;-0.07524228;2.8369;
HipCenter;-0.7720058;-0.1571447;2.836553;
HipRight;-0.7353604;-0.2210963;2.879229;
HipLeft;-0.7979099;-0.2029571;2.786712;
KneeRight;-0.7092465;-0.7310489;2.96765;
KneeLeft;-0.842746;-0.7269619;2.78384;
AnkleRight;-0.8009859;-1.108329;2.928057;
AnkleLeft;-1.139268;-1.056987;2.815015;
FootRight;-0.7422403;-1.180205;3.010961;
FootLeft;-1.089554;-1.133667;2.804463;
Head;-0.6985433;0.4997585;2.890162;
ShoulderCenter;-0.8011849;0.3368157;2.860064;
ShoulderRight;-0.6957008;0.1498578;2.956485;
ShoulderLeft;-0.8341504;0.2011853;2.71878;
ElbowRight;-0.652934;-0.1372678;2.825897;
ElbowLeft;-0.8357755;-0.04891848;2.629133;
WristRight;-0.5741804;-0.3568223;2.819242;
WristLeft;-0.7547355;-0.3135717;2.609634;
HandRight;-0.5479292;-0.4300072;2.821854;
HandLeft;-0.729302;-0.3823226;2.601191;
Spine;-0.7535945;-0.06099441;2.842449;
HipCenter;-0.7432594;-0.1396603;2.842629;
HipRight;-0.7122644;-0.198347;2.878338;
HipLeft;-0.7577611;-0.1911244;2.800985;
KneeRight;-0.6914714;-0.8108161;2.89195;
KneeLeft;-0.7592337;-0.716633;2.781987;
AnkleRight;-0.8074074;-1.124588;2.932951;
AnkleLeft;-1.040158;-1.052995;2.810122;
FootRight;-0.7383999;-1.187677;3.019391;
FootLeft;-0.9899614;-1.132377;2.804051;
Head;-0.6717186;0.516462;2.878905;
ShoulderCenter;-0.7550687;0.341739;2.866349;
ShoulderRight;-0.675981;0.1608258;2.955195;
ShoulderLeft;-0.8034065;0.2105829;2.719676;
ElbowRight;-0.5966447;-0.1235454;2.812726;
ElbowLeft;-0.8083133;-0.03482441;2.62665;
WristRight;-0.5628513;-0.353018;2.830594;
WristLeft;-0.727442;-0.3223647;2.609188;
HandRight;-0.5515869;-0.4295089;2.84139;
HandLeft;-0.7142159;-0.3925791;2.597284;
Spine;-0.7076915;-0.03953865;2.837537;
HipCenter;-0.6985278;-0.1158275;2.835282;
HipRight;-0.6674199;-0.1645798;2.872713;
HipLeft;-0.7197944;-0.1791023;2.787962;
KneeRight;-0.8196955;-0.6964281;2.908463;
KneeLeft;-0.6803138;-0.7144089;2.791763;
AnkleRight;-0.8047492;-1.11139;2.919089;
AnkleLeft;-0.9314042;-1.0837;2.822911;
FootRight;-0.7580134;-1.190408;2.988897;
FootLeft;-0.8749166;-1.153249;2.801609;
Head;-0.6266046;0.5021433;2.874024;
ShoulderCenter;-0.7317895;0.3433828;2.869349;
ShoulderRight;-0.6226631;0.1547422;2.958256;
ShoulderLeft;-0.767624;0.2086418;2.720221;
ElbowRight;-0.5617327;-0.05526871;2.829969;
ElbowLeft;-0.7867218;-0.04079735;2.625463;
WristRight;-0.5984512;-0.2759339;3.036555;
WristLeft;-0.7066997;-0.3247495;2.609536;
HandRight;-0.5566314;-0.3308963;3.059018;
HandLeft;-0.6799493;-0.3920704;2.604374;
Spine;-0.6838022;-0.05145335;2.834613;
HipCenter;-0.6732827;-0.1312577;2.830937;
HipRight;-0.6289119;-0.1895201;2.864716;
HipLeft;-0.7049534;-0.1800574;2.7854;
KneeRight;-0.7972466;-0.7431924;2.912063;
KneeLeft;-0.6365809;-0.7103927;2.794277;
AnkleRight;-0.7343035;-1.109831;2.864016;
AnkleLeft;-0.8446802;-1.101605;2.826033;
FootRight;-0.7178029;-1.176997;2.970777;
FootLeft;-0.7511811;-1.149693;2.835158;
Head;-0.5969254;0.5082588;2.873618;
ShoulderCenter;-0.6941211;0.3434187;2.867686;
ShoulderRight;-0.6044937;0.160062;2.953487;
ShoulderLeft;-0.7420055;0.2097725;2.718429;
ElbowRight;-0.5845293;-0.08257379;3.045491;
ElbowLeft;-0.7548482;-0.037661;2.621491;
WristRight;-0.5366544;-0.3059086;2.99728;
WristLeft;-0.6782008;-0.3285705;2.612768;
HandRight;-0.5429599;-0.3618304;3.078506;
HandLeft;-0.6641719;-0.3998637;2.605349;
Spine;-0.6373726;-0.0548544;2.838605;
HipCenter;-0.6267031;-0.1345477;2.836379;
HipRight;-0.5931981;-0.1933228;2.873813;
HipLeft;-0.6488056;-0.1833067;2.787578;
KneeRight;-0.7516257;-0.7510289;2.915458;
KneeLeft;-0.6052523;-0.714604;2.817291;
AnkleRight;-0.7203533;-1.124975;2.884087;
AnkleLeft;-0.7552634;-1.129939;2.855549;
FootRight;-0.7015706;-1.192129;2.990822;
FootLeft;-0.631031;-1.158582;2.856302;
Head;-0.5628245;0.5134943;2.880002;
ShoulderCenter;-0.6534874;0.3400683;2.862177;
ShoulderRight;-0.5632362;0.172235;2.95101;
ShoulderLeft;-0.6965934;0.2070879;2.718406;
ElbowRight;-0.5166762;-0.05017293;2.827848;
ElbowLeft;-0.734514;-0.03302043;2.622664;
WristRight;-0.5092557;-0.2669362;3.035507;
WristLeft;-0.6624072;-0.3232344;2.609574;
HandRight;-0.5096787;-0.3386747;3.108775;
HandLeft;-0.6385854;-0.3945411;2.599966;
Spine;-0.6112858;-0.05152815;2.834548;
HipCenter;-0.6020311;-0.1300959;2.832459;
HipRight;-0.5612631;-0.2007754;2.878922;
HipLeft;-0.6219171;-0.183102;2.773205;
KneeRight;-0.6255721;-0.7464495;2.869704;
KneeLeft;-0.4864518;-0.6740368;2.789115;
AnkleRight;-0.7853024;-1.126402;2.919152;
AnkleLeft;-0.534794;-1.0894;2.775972;
FootRight;-0.7660506;-1.194741;3.027966;
FootLeft;-0.4626376;-1.155809;2.838496;
Head;-0.5139118;0.5066945;2.879346;
ShoulderCenter;-0.6172825;0.3381964;2.859019;
ShoulderRight;-0.5204602;0.1556485;2.974535;
ShoulderLeft;-0.6722901;0.205882;2.718237;
ElbowRight;-0.4673953;-0.06777991;2.852494;
ElbowLeft;-0.7082633;-0.03529056;2.620162;
WristRight;-0.4639335;-0.2791081;3.063234;
WristLeft;-0.6320316;-0.3257219;2.602345;
HandRight;-0.4600337;-0.3547497;3.062991;
HandLeft;-0.6282104;-0.4006326;2.591823;
Spine;-0.5726172;-0.04517413;2.82812;
HipCenter;-0.5640174;-0.1218797;2.825525;
HipRight;-0.5290501;-0.1983319;2.874412;
HipLeft;-0.5886618;-0.1779791;2.763819;
KneeRight;-0.5662186;-0.742003;2.845233;
KneeLeft;-0.4554046;-0.6739042;2.787857;
AnkleRight;-0.7933317;-1.12826;2.917171;
AnkleLeft;-0.4310955;-1.086306;2.765462;
FootRight;-0.7443644;-1.197784;3.00142;
FootLeft;-0.3449726;-1.126802;2.763471;
Head;-0.4999003;0.5138779;2.878575;
ShoulderCenter;-0.5757008;0.3352763;2.856988;
ShoulderRight;-0.4804524;0.1540095;2.954017;
ShoulderLeft;-0.6273894;0.203014;2.716197;
ElbowRight;-0.431303;-0.1235643;2.813997;
ElbowLeft;-0.6679565;-0.05562404;2.616406;
WristRight;-0.4174342;-0.3049313;3.050918;
WristLeft;-0.6037903;-0.3001272;2.596826;
HandRight;-0.4051196;-0.3733502;3.076322;
HandLeft;-0.5828266;-0.3896939;2.581769;
Spine;-0.5419611;-0.03780021;2.830622;
HipCenter;-0.5343931;-0.1125571;2.828835;
HipRight;-0.4943577;-0.1951305;2.881554;
HipLeft;-0.5587667;-0.1690919;2.763439;
KneeRight;-0.5322171;-0.7362718;2.83485;
KneeLeft;-0.4314759;-0.6173809;2.769056;
AnkleRight;-0.7866081;-1.120747;2.914209;
AnkleLeft;-0.3175016;-1.07649;2.76065;
FootRight;-0.7372012;-1.193545;3.009348;
FootLeft;-0.2158855;-1.116935;2.755846;
Head;-0.4580953;0.5023544;2.881101;
ShoulderCenter;-0.545388;0.3327853;2.861688;
ShoulderRight;-0.4425443;0.141619;2.937211;
ShoulderLeft;-0.5974143;0.1995134;2.716042;
ElbowRight;-0.3967159;-0.1497668;2.806268;
ElbowLeft;-0.644098;-0.05519454;2.613995;
WristRight;-0.3761646;-0.2968811;3.066343;
WristLeft;-0.5784043;-0.3096535;2.59007;
HandRight;-0.3791125;-0.3682216;3.052585;
HandLeft;-0.5734453;-0.3946815;2.579552;
Spine;-0.4959312;-0.07449584;2.818693;
HipCenter;-0.4877065;-0.1558151;2.813399;
HipRight;-0.4493717;-0.2201863;2.846249;
HipLeft;-0.5153356;-0.1972927;2.766641;
KneeRight;-0.4206888;-0.7458007;2.802781;
KneeLeft;-0.4117072;-0.6445964;2.758977;
AnkleRight;-0.73774;-1.073713;2.895356;
AnkleLeft;-0.220935;-1.075289;2.759288;
FootRight;-0.7332134;-1.166893;2.986119;
FootLeft;-0.1121281;-1.108632;2.743371;
Head;-0.4137413;0.4900091;2.86691;
ShoulderCenter;-0.503559;0.3268278;2.859336;
ShoulderRight;-0.3987325;0.140085;2.918712;
ShoulderLeft;-0.5592094;0.1971898;2.712817;
ElbowRight;-0.3486906;-0.1249635;2.795212;
ElbowLeft;-0.594147;-0.07214315;2.610975;
WristRight;-0.3234986;-0.2991501;3.039455;
WristLeft;-0.5640324;-0.3012277;2.585067;
HandRight;-0.2939032;-0.3602618;3.065526;
HandLeft;-0.5374928;-0.3957908;2.578987;
Spine;-0.4585857;-0.07872929;2.81624;
HipCenter;-0.4483331;-0.1599967;2.811059;
HipRight;-0.4090272;-0.2270132;2.841102;
HipLeft;-0.4745633;-0.1956691;2.767644;
KneeRight;-0.4095784;-0.7483147;2.803713;
KneeLeft;-0.4085429;-0.6476477;2.751931;
AnkleRight;-0.7312052;-1.070433;2.894626;
AnkleLeft;-0.1810616;-1.05851;2.753834;
FootRight;-0.7251612;-1.158029;2.99313;
FootLeft;-0.05779135;-1.105227;2.759706;
Head;-0.3818426;0.485709;2.87002;
ShoulderCenter;-0.4734237;0.3211465;2.855733;
ShoulderRight;-0.361255;0.1365513;2.921103;
ShoulderLeft;-0.5135447;0.1874148;2.709275;
ElbowRight;-0.3299741;-0.1240063;2.791585;
ElbowLeft;-0.564441;-0.06624775;2.608154;
WristRight;-0.2940847;-0.2926834;3.038391;
WristLeft;-0.5157506;-0.2976508;2.584109;
HandRight;-0.2884277;-0.3641348;3.027677;
HandLeft;-0.5170176;-0.3950016;2.572493;
Spine;-0.42543;-0.08423301;2.80724;
HipCenter;-0.4165092;-0.1651809;2.801288;
HipRight;-0.3756932;-0.2354322;2.830823;
HipLeft;-0.4458139;-0.197192;2.757469;
KneeRight;-0.4146659;-0.7451362;2.811878;
KneeLeft;-0.6002593;-0.6440752;2.878105;
AnkleRight;-0.7319144;-1.07234;2.89704;
AnkleLeft;-0.3796707;-1.05705;2.887516;
FootRight;-0.7230678;-1.160463;2.994574;
FootLeft;-0.2570842;-1.078015;2.844041;
Head;-0.3585514;0.5108854;2.826779;
ShoulderCenter;-0.4208044;0.3165091;2.843668;
ShoulderRight;-0.3010592;0.1100307;2.961563;
ShoulderLeft;-0.4824952;0.1802263;2.702829;
ElbowRight;-0.2638825;-0.1494001;2.829414;
ElbowLeft;-0.5117881;-0.06460278;2.611698;
WristRight;-0.2334527;-0.3260088;3.071343;
WristLeft;-0.4804823;-0.3237483;2.584355;
HandRight;-0.2163753;-0.3943906;3.056547;
HandLeft;-0.473067;-0.4199902;2.571077;
Spine;-0.3812163;-0.06943081;2.801801;
HipCenter;-0.3724759;-0.1464232;2.796871;
HipRight;-0.3311867;-0.2219589;2.832302;
HipLeft;-0.4036315;-0.1901659;2.746102;
KneeRight;-0.380349;-0.731564;2.816366;
KneeLeft;-0.610066;-0.7451797;2.905369;
AnkleRight;-0.705959;-1.053375;2.892815;
AnkleLeft;-0.3894919;-1.158128;2.914763;
FootRight;-0.7157956;-1.163704;2.96444;
FootLeft;-0.2680244;-1.146072;2.864766;
Head;-0.2975466;0.4880611;2.849191;
ShoulderCenter;-0.3948141;0.3178579;2.8388;
ShoulderRight;-0.2750689;0.1113795;2.956695;
ShoulderLeft;-0.4416873;0.1817442;2.700351;
ElbowRight;-0.2336108;-0.1665324;2.787888;
ElbowLeft;-0.4635757;-0.07757387;2.605218;
WristRight;-0.1877818;-0.3386228;3.031935;
WristLeft;-0.4392666;-0.3227998;2.5834;
HandRight;-0.2054814;-0.3856865;3.082912;
HandLeft;-0.4350093;-0.4184774;2.568832;
Spine;-0.3457749;-0.069599;2.791172;
HipCenter;-0.3363273;-0.1471213;2.785219;
HipRight;-0.2906589;-0.2212513;2.816463;
HipLeft;-0.3661917;-0.1866753;2.73647;
KneeRight;-0.3808043;-0.7349738;2.824271;
KneeLeft;-0.5942673;-0.7338261;2.902266;
AnkleRight;-0.7041225;-1.059619;2.899262;
AnkleLeft;-0.3736728;-1.146813;2.911665;
FootRight;-0.7148964;-1.169699;2.971465;
FootLeft;-0.2522451;-1.138975;2.860277;
Head;-0.2701859;0.4945107;2.837288;
ShoulderCenter;-0.3418269;0.3237964;2.825216;
ShoulderRight;-0.2220818;0.1173181;2.943111;
ShoulderLeft;-0.3955681;0.1850949;2.692504;
ElbowRight;-0.1891018;-0.1443925;2.773403;
ElbowLeft;-0.412079;-0.07354759;2.599089;
WristRight;-0.1540207;-0.3296362;3.010596;
WristLeft;-0.3834923;-0.3310198;2.562596;
HandRight;-0.1036815;-0.3754427;2.987298;
HandLeft;-0.3803645;-0.419442;2.55419;
Spine;-0.2923988;-0.07343913;2.787072;
HipCenter;-0.2825132;-0.1528862;2.783009;
HipRight;-0.2405382;-0.2191389;2.808063;
HipLeft;-0.3118556;-0.1881571;2.745859;
KneeRight;-0.3577771;-0.7390406;2.834549;
KneeLeft;-0.5338824;-0.7416831;2.908694;
AnkleRight;-0.6873767;-1.057566;2.909303;
AnkleLeft;-0.3132289;-1.15478;2.918097;
FootRight;-0.7154332;-1.170523;2.972183;
FootLeft;-0.1986145;-1.142393;2.853209;
Head;-0.220738;0.4890532;2.825122;
ShoulderCenter;-0.3098642;0.32742;2.824686;
ShoulderRight;-0.190119;0.1209416;2.94258;
ShoulderLeft;-0.3633181;0.1882703;2.68961;
ElbowRight;-0.130893;-0.1429917;2.774072;
ElbowLeft;-0.367941;-0.05939452;2.586494;
WristRight;-0.1318692;-0.3345535;3.009455;
WristLeft;-0.3324426;-0.3111306;2.566143;
HandRight;-0.06259113;-0.3375533;3.029737;
HandLeft;-0.3313185;-0.408282;2.555421;
Spine;-0.262917;-0.06830931;2.782599;
HipCenter;-0.2534404;-0.1474531;2.777764;
HipRight;-0.2075976;-0.2104918;2.798648;
HipLeft;-0.2867721;-0.182817;2.743552;
KneeRight;-0.314977;-0.7367675;2.839284;
KneeLeft;-0.4734372;-0.7385529;2.932425;
AnkleRight;-0.649792;-1.047774;2.920457;
AnkleLeft;-0.2527333;-1.151744;2.941832;
FootRight;-0.6651028;-1.157429;2.993188;
FootLeft;-0.1297008;-1.158934;2.893254;
Head;-0.1887218;0.5042257;2.821933;
ShoulderCenter;-0.2675097;0.3351855;2.82158;
ShoulderRight;-0.1477645;0.1287071;2.939475;
ShoulderLeft;-0.3130106;0.1967635;2.68173;
ElbowRight;-0.1070758;-0.1553763;2.780043;
ElbowLeft;-0.3204204;-0.04151018;2.58279;
WristRight;-0.09081338;-0.3426525;3.018604;
WristLeft;-0.2806835;-0.291271;2.564318;
HandRight;-0.141054;-0.3734111;3.061123;
HandLeft;-0.2775384;-0.3889863;2.554163;
Spine;-0.2160293;-0.07103758;2.770654;
HipCenter;-0.2055264;-0.1524497;2.763876;
HipRight;-0.1674211;-0.2105425;2.778912;
HipLeft;-0.2350197;-0.1844421;2.736648;
KneeRight;-0.2672733;-0.7425342;2.837717;
KneeLeft;-0.4549686;-0.8175637;2.922514;
AnkleRight;-0.6242766;-1.036066;2.911021;
AnkleLeft;-0.1782548;-1.18928;2.902556;
FootRight;-0.6211728;-1.152349;2.96039;
FootLeft;-0.09771163;-1.144352;2.805244;
Head;-0.1409165;0.4954012;2.810458;
ShoulderCenter;-0.2398434;0.3379177;2.817671;
ShoulderRight;-0.1200982;0.1314393;2.935566;
ShoulderLeft;-0.2855764;0.1979145;2.677049;
ElbowRight;-0.05899666;-0.1543761;2.790001;
ElbowLeft;-0.2924113;-0.04187579;2.579569;
WristRight;-0.05502939;-0.3506768;3.022611;
WristLeft;-0.2142539;-0.3365902;2.573903;
HandRight;-0.06775254;-0.4154756;3.053308;
HandLeft;-0.1908169;-0.405374;2.568696;
Spine;-0.1815973;-0.06419981;2.779001;
HipCenter;-0.1694001;-0.1444423;2.775318;
HipRight;-0.1177399;-0.1962721;2.802444;
HipLeft;-0.2076085;-0.1858197;2.739529;
KneeRight;-0.2126845;-0.7371901;2.81471;
KneeLeft;-0.437456;-0.8170555;2.915709;
AnkleRight;-0.5540427;-1.014978;2.909396;
AnkleLeft;-0.1607423;-1.188772;2.895801;
FootRight;-0.5625426;-1.137915;2.966264;
FootLeft;-0.03344972;-1.164488;2.855469;
Head;-0.1042239;0.5113842;2.804008;
ShoulderCenter;-0.1991239;0.3471433;2.802983;
ShoulderRight;-0.07937875;0.1406649;2.920877;
ShoulderLeft;-0.2411719;0.2039897;2.668944;
ElbowRight;-0.04295592;-0.1494339;2.789339;
ElbowLeft;-0.2285968;-0.04511476;2.570952;
WristRight;-0.03620953;-0.3546453;3.015049;
WristLeft;-0.1610985;-0.2686771;2.563938;
HandRight;0.004379738;-0.3695755;3.073618;
HandLeft;-0.1429296;-0.364498;2.550117;
Spine;-0.1542231;-0.07615531;2.766671;
HipCenter;-0.143686;-0.1606829;2.762514;
HipRight;-0.1004394;-0.2274154;2.785796;
HipLeft;-0.1692869;-0.196208;2.725507;
KneeRight;-0.1833483;-0.7216725;2.802275;
KneeLeft;-0.4039442;-0.8303764;2.918024;
AnkleRight;-0.3951825;-1.033071;2.848722;
AnkleLeft;-0.1272304;-1.202093;2.898021;
FootRight;-0.3013913;-1.077954;2.792578;
FootLeft;-0.07096153;-1.137699;2.79241;
Head;-0.07570681;0.5146222;2.804398;
ShoulderCenter;-0.1616837;0.3476808;2.801964;
ShoulderRight;-0.04193848;0.1412025;2.919858;
ShoulderLeft;-0.2197648;0.2064392;2.666794;
ElbowRight;-0.004399674;-0.1456448;2.778443;
ElbowLeft;-0.1949471;-0.02904565;2.564994;
WristRight;0.07836845;-0.3586827;2.714575;
WristLeft;-0.09345543;-0.3141228;2.566826;
HandRight;0.1057486;-0.3728019;2.780403;
HandLeft;-0.06763771;-0.3812329;2.556241;
Spine;-0.1128451;-0.06480484;2.774022;
HipCenter;-0.1037244;-0.1473576;2.771964;
HipRight;-0.05664181;-0.209347;2.803363;
HipLeft;-0.1417064;-0.1928143;2.730702;
KneeRight;-0.2478385;-0.7564871;2.876922;
KneeLeft;-0.3635754;-0.7548978;2.888248;
AnkleRight;-0.4299397;-1.049532;2.904271;
AnkleLeft;-0.1326701;-1.076222;2.747845;
FootRight;-0.3872823;-1.128341;2.948448;
FootLeft;-0.0623605;-1.136209;2.785796;
Head;-0.03398721;0.5171961;2.811419;
ShoulderCenter;-0.1304305;0.3529205;2.800752;
ShoulderRight;-0.01068534;0.1464421;2.918647;
ShoulderLeft;-0.1761267;0.2157985;2.667085;
ElbowRight;0.03778602;-0.1347199;2.772292;
ElbowLeft;-0.1462523;-0.018164;2.557692;
WristRight;0.04969907;-0.366123;2.725668;
WristLeft;-0.05764574;-0.2415855;2.555098;
HandRight;0.07721056;-0.38031;2.791812;
HandLeft;-0.01148015;-0.3287941;2.560155;
Spine;-0.09305656;-0.06670187;2.770254;
HipCenter;-0.08489373;-0.1503822;2.767746;
HipRight;-0.03933679;-0.2143657;2.79617;
HipLeft;-0.1195256;-0.1875095;2.72952;
KneeRight;0.03440431;-0.6777527;2.903779;
KneeLeft;-0.1110143;-0.6972372;2.732413;
AnkleRight;-0.2667769;-1.042937;2.916953;
AnkleLeft;-0.1376024;-1.140823;2.758772;
FootRight;-0.2672121;-1.162582;2.978753;
FootLeft;-0.04562604;-1.185969;2.702077;
Head;0.006656051;0.5139201;2.80405;
ShoulderCenter;-0.1065902;0.3606311;2.798788;
ShoulderRight;0.01315501;0.1541527;2.916683;
ShoulderLeft;-0.1543225;0.2185103;2.665678;
ElbowRight;0.05661683;-0.1338947;2.769428;
ElbowLeft;-0.1094694;-0.01117185;2.559599;
WristRight;0.07723532;-0.3649842;2.72395;
WristLeft;0.03904749;-0.2902503;2.562882;
HandRight;0.1047948;-0.3791959;2.790209;
HandLeft;0.08086352;-0.3501591;2.559121;
Spine;-0.05474344;-0.06681312;2.762617;
HipCenter;-0.04409479;-0.1527336;2.758766;
HipRight;0.001292408;-0.2143768;2.784165;
HipLeft;-0.07971238;-0.184999;2.72354;
KneeRight;0.05796465;-0.6953909;2.902697;
KneeLeft;-0.1109413;-0.7003381;2.732777;
AnkleRight;-0.2470096;-1.039201;2.869697;
AnkleLeft;-0.1329543;-1.076563;2.750102;
FootRight;-0.2455547;-1.136031;2.892378;
FootLeft;-0.06394017;-1.14017;2.783023;
Head;0.02516121;0.5338881;2.795631;
ShoulderCenter;-0.06222068;0.3666794;2.802576;
ShoulderRight;0.05752451;0.160201;2.92047;
ShoulderLeft;-0.1101962;0.2206991;2.662045;
ElbowRight;0.1042024;-0.1300103;2.772471;
ElbowLeft;-0.05110332;-0.0235941;2.559458;
WristRight;0.1227049;-0.3598104;2.71524;
WristLeft;0.105901;-0.2711853;2.564051;
HandRight;0.1500475;-0.3739102;2.780978;
HandLeft;0.1461412;-0.3519202;2.564618;
Spine;-0.03170441;-0.06209202;2.761973;
HipCenter;-0.02471694;-0.148048;2.757683;
HipRight;0.01929734;-0.2105018;2.784037;
HipLeft;-0.06037443;-0.1818428;2.720471;
KneeRight;0.08679044;-0.7186722;2.89614;
KneeLeft;-0.1011916;-0.702543;2.734699;
AnkleRight;-0.01756608;-1.09648;2.886565;
AnkleLeft;-0.1325991;-1.076263;2.749993;
FootRight;0.02667949;-1.179494;2.918464;
FootLeft;-0.06381229;-1.140774;2.781187;
Head;0.07373719;0.5263869;2.80763;
ShoulderCenter;-0.0319059;0.3647847;2.798484;
ShoulderRight;0.0878393;0.1583063;2.916379;
ShoulderLeft;-0.07409349;0.2176981;2.660599;
ElbowRight;0.132488;-0.1322691;2.768365;
ElbowLeft;0.006418843;-0.03723994;2.564781;
WristRight;0.1490642;-0.3627864;2.711172;
WristLeft;0.1638974;-0.2623357;2.568845;
HandRight;0.1761998;-0.3767795;2.776412;
HandLeft;0.2044545;-0.3373966;2.568847;
Spine;0.006527127;-0.06031337;2.760118;
HipCenter;0.01374065;-0.1453037;2.756147;
HipRight;0.06674834;-0.2062809;2.787433;
HipLeft;-0.02993261;-0.1805036;2.715169;
KneeRight;0.102462;-0.735994;2.884143;
KneeLeft;-0.09163924;-0.7062884;2.736595;
AnkleRight;0.03961727;-1.112891;2.851319;
AnkleLeft;-0.1302762;-1.076824;2.751203;
FootRight;0.1152779;-1.159864;2.894935;
FootLeft;-0.06448057;-1.145796;2.778537;
Head;0.08817961;0.5146655;2.808949;
ShoulderCenter;0.01888777;0.2927445;2.785134;
ShoulderRight;0.138633;0.0862661;2.903029;
ShoulderLeft;-0.04437301;0.2193425;2.659816;
ElbowRight;0.183973;-0.2044347;2.754846;
ElbowLeft;0.04902682;-0.03390626;2.565829;
WristRight;0.2313337;-0.3044159;2.532248;
WristLeft;0.1982536;-0.2457252;2.568855;
HandRight;0.2567022;-0.3713885;2.530164;
HandLeft;0.2428639;-0.3170823;2.559048;
Spine;0.02314518;-0.07819166;2.756029;
HipCenter;0.02308801;-0.1533768;2.753931;
HipRight;0.06981479;-0.2259054;2.779258;
HipLeft;-0.01186968;-0.1944924;2.715976;
KneeRight;0.152986;-0.7322218;2.875688;
KneeLeft;-0.0746122;-0.7109204;2.740886;
AnkleRight;0.1410324;-1.085497;2.856014;
AnkleLeft;-0.1289207;-1.07688;2.751564;
FootRight;0.1934848;-1.155793;2.898557;
FootLeft;-0.06626825;-1.147543;2.775732;
Head;0.1398451;0.5258883;2.796445;
ShoulderCenter;0.04710263;0.3574631;2.795922;
ShoulderRight;0.1668478;0.1509847;2.913817;
ShoulderLeft;-0.007467648;0.2158796;2.660535;
ElbowRight;0.2121878;-0.139716;2.765548;
ElbowLeft;0.09944249;-0.03726302;2.56499;
WristRight;0.2525277;-0.2815111;2.555605;
WristLeft;0.2603699;-0.2387343;2.566963;
HandRight;0.2955802;-0.3366183;2.569926;
HandLeft;0.2915939;-0.307283;2.565481;
Spine;0.06473012;-0.06776984;2.763647;
HipCenter;0.07119162;-0.1519345;2.761326;
HipRight;0.1018499;-0.2189299;2.787696;
HipLeft;0.04010222;-0.1929668;2.723089;
KneeRight;0.2039099;-0.7611055;2.868451;
KneeLeft;0.005957104;-0.7131067;2.7666;
AnkleRight;0.2588823;-1.102587;2.849113;
AnkleLeft;-0.1288291;-1.076769;2.75172;
FootRight;0.3600278;-1.134756;2.928667;
FootLeft;-0.06638568;-1.148142;2.776593;
Head;0.1690332;0.5011131;2.813881;
ShoulderCenter;0.0827391;0.296714;2.792277;
ShoulderRight;0.2024843;0.09023568;2.910172;
ShoulderLeft;0.03921371;0.208979;2.664706;
ElbowRight;0.2478243;-0.2004651;2.7619;
ElbowLeft;0.1289079;-0.03721919;2.57139;
WristRight;0.3198357;-0.3020619;2.546092;
WristLeft;0.3224658;-0.2568542;2.572359;
HandRight;0.3693836;-0.3463752;2.570992;
HandLeft;0.3671421;-0.3102596;2.586165;
Spine;0.104146;-0.09044997;2.76632;
HipCenter;0.1053409;-0.1668476;2.764397;
HipRight;0.1475435;-0.236879;2.7892;
HipLeft;0.07466997;-0.2067181;2.729819;
KneeRight;0.2389623;-0.7503955;2.85851;
KneeLeft;0.02287842;-0.7106096;2.767726;
AnkleRight;0.3573918;-1.087018;2.838237;
AnkleLeft;-0.1278034;-1.077193;2.752356;
FootRight;0.453309;-1.106305;2.85981;
FootLeft;-0.06640056;-1.147409;2.779191;
Head;0.1889495;0.5353181;2.813749;
ShoulderCenter;0.1200181;0.3524493;2.79908;
ShoulderRight;0.2397633;0.1459709;2.916975;
ShoulderLeft;0.06639929;0.2074962;2.668755;
ElbowRight;0.2851032;-0.1447298;2.768646;
ElbowLeft;0.1709306;-0.03553906;2.574884;
WristRight;0.3547327;-0.2872763;2.566409;
WristLeft;0.3518374;-0.2563381;2.569442;
HandRight;0.4324019;-0.3304748;2.602976;
HandLeft;0.4022257;-0.3095819;2.586192;
Spine;0.1269353;-0.07758943;2.759334;
HipCenter;0.129055;-0.1604989;2.755411;
HipRight;0.168701;-0.2189007;2.775044;
HipLeft;0.09533236;-0.1986714;2.724131;
KneeRight;0.2837906;-0.7243731;2.847798;
KneeLeft;0.04674368;-0.7156886;2.771216;
AnkleRight;0.4649187;-1.074383;2.834642;
AnkleLeft;-0.1229958;-1.077696;2.755672;
FootRight;0.572451;-1.102625;2.883355;
FootLeft;-0.07535605;-1.160627;2.766403;
Head;0.2591642;0.5085343;2.80756;
ShoulderCenter;0.1553224;0.3435996;2.800685;
ShoulderRight;0.2750676;0.1371212;2.91858;
ShoulderLeft;0.1132573;0.2007788;2.671157;
ElbowRight;0.3204075;-0.1535796;2.770207;
ElbowLeft;0.2218984;-0.04734662;2.580368;
WristRight;0.4323956;-0.3137397;2.587996;
WristLeft;0.3781537;-0.2477831;2.572115;
HandRight;0.4600315;-0.3686346;2.623888;
HandLeft;0.4261846;-0.3061027;2.583043;
Spine;0.1585974;-0.0818606;2.751348;
HipCenter;0.1597014;-0.1664497;2.745194;
HipRight;0.1951701;-0.224805;2.765309;
HipLeft;0.1231966;-0.202374;2.713071;
KneeRight;0.3139488;-0.7258332;2.8463;
KneeLeft;0.04616185;-0.7196292;2.764636;
AnkleRight;0.4997565;-1.092641;2.824658;
AnkleLeft;-0.1196289;-1.077574;2.757977;
FootRight;0.6117504;-1.10923;2.888231;
FootLeft;-0.06771125;-1.152326;2.788429;
Head;0.291423;0.5119165;2.81126;
ShoulderCenter;0.1939861;0.3434542;2.809384;
ShoulderRight;0.3137313;0.1369758;2.927279;
ShoulderLeft;0.1453419;0.1991121;2.675207;
ElbowRight;0.3590713;-0.153725;2.778835;
ElbowLeft;0.252479;-0.05523641;2.578131;
WristRight;0.4362454;-0.3079711;2.582852;
WristLeft;0.4013694;-0.2440857;2.574602;
HandRight;0.4927618;-0.3477107;2.599574;
HandLeft;0.4701048;-0.3090331;2.592107;
Spine;0.1974391;-0.08216731;2.751853;
HipCenter;0.1980029;-0.1672271;2.744001;
HipRight;0.23287;-0.2348614;2.771059;
HipLeft;0.1697772;-0.2068661;2.698712;
KneeRight;0.3684654;-0.7714907;2.850426;
KneeLeft;0.06616029;-0.7243414;2.760169;
AnkleRight;0.5000625;-1.09177;2.820764;
AnkleLeft;-0.1156055;-1.07806;2.758454;
FootRight;0.587368;-1.136446;2.764837;
FootLeft;-0.06874092;-1.15539;2.790591;
Head;0.3342187;0.5083247;2.822469;
ShoulderCenter;0.23017;0.3412987;2.813112;
ShoulderRight;0.3499151;0.1348203;2.931007;
ShoulderLeft;0.1902759;0.1981381;2.686581;
ElbowRight;0.3952551;-0.1558804;2.782506;
ElbowLeft;0.2756889;-0.05384344;2.579015;
WristRight;0.4455244;-0.2949314;2.571259;
WristLeft;0.4179024;-0.2447751;2.575574;
HandRight;0.4876749;-0.3494109;2.589385;
HandLeft;0.4807603;-0.3165348;2.5892;
Spine;0.238395;-0.08772042;2.75344;
HipCenter;0.2402329;-0.1735924;2.7451;
HipRight;0.2764017;-0.2348232;2.764572;
HipLeft;0.2027155;-0.2070606;2.708983;
KneeRight;0.3801926;-0.7661561;2.85073;
KneeLeft;0.08191027;-0.7281377;2.752903;
AnkleRight;0.5007311;-1.087333;2.813155;
AnkleLeft;-0.1104301;-1.080621;2.762119;
FootRight;0.4462668;-1.1662;2.81787;
FootLeft;-0.05993012;-1.156719;2.791573;
Head;0.360822;0.5202099;2.827193;
ShoulderCenter;0.2817676;0.3399912;2.821205;
ShoulderRight;0.4015128;0.1335129;2.9391;
ShoulderLeft;0.2368291;0.1974953;2.693347;
ElbowRight;0.4468528;-0.1571879;2.790532;
ElbowLeft;0.3106358;-0.05599501;2.586057;
WristRight;0.461268;-0.2922544;2.572307;
WristLeft;0.4725622;-0.2645024;2.59614;
HandRight;0.5183554;-0.3426956;2.600875;
HandLeft;0.51848;-0.3350534;2.601462;
Spine;0.2909154;-0.09731768;2.768939;
HipCenter;0.292745;-0.1847795;2.762117;
HipRight;0.3266721;-0.2420347;2.778427;
HipLeft;0.2607183;-0.218377;2.733005;
KneeRight;0.4324723;-0.7617934;2.844921;
KneeLeft;0.1134628;-0.7345302;2.730443;
AnkleRight;0.5034634;-1.096623;2.808264;
AnkleLeft;-0.09957885;-1.083102;2.764384;
FootRight;0.4607391;-1.177672;2.779811;
FootLeft;-0.05070541;-1.163548;2.782918;
Head;0.4159918;0.5236776;2.852093;
ShoulderCenter;0.3194447;0.3483398;2.827562;
ShoulderRight;0.4391899;0.1418614;2.945457;
ShoulderLeft;0.2701787;0.2033356;2.699452;
ElbowRight;0.4845298;-0.1488393;2.79683;
ElbowLeft;0.3493272;-0.06151176;2.587949;
WristRight;0.4938019;-0.2974321;2.573181;
WristLeft;0.4841023;-0.2588423;2.583004;
HandRight;0.5269228;-0.3552574;2.598715;
HandLeft;0.532239;-0.3412081;2.59786;
Spine;0.313051;-0.0901138;2.765755;
HipCenter;0.3126012;-0.1777356;2.757518;
HipRight;0.3478774;-0.2369486;2.773103;
HipLeft;0.277373;-0.2098162;2.727642;
KneeRight;0.446023;-0.7568358;2.844393;
KneeLeft;0.1795373;-0.7278313;2.726563;
AnkleRight;0.5038814;-1.093594;2.805423;
AnkleLeft;-0.06118795;-1.080589;2.763247;
FootRight;0.5802892;-1.147951;2.82572;
FootLeft;0.02506407;-1.125718;2.706113;
Head;0.4420255;0.4760034;2.853141;
ShoulderCenter;0.3602557;0.2878894;2.823278;
ShoulderRight;0.4800008;0.081411;2.941173;
ShoulderLeft;0.3144999;0.2097824;2.70452;
ElbowRight;0.5253408;-0.2092898;2.792542;
ElbowLeft;0.3661102;-0.04747484;2.589572;
WristRight;0.5502061;-0.3615186;2.594457;
WristLeft;0.4883125;-0.2534031;2.578299;
HandRight;0.5805757;-0.4240103;2.611218;
HandLeft;0.52941;-0.3392756;2.59526;
Spine;0.3453322;-0.09990424;2.755253;
HipCenter;0.3422143;-0.1792961;2.745846;
HipRight;0.3781147;-0.248809;2.758857;
HipLeft;0.3065003;-0.209769;2.71249;
KneeRight;0.4682664;-0.7545263;2.84038;
KneeLeft;0.2514415;-0.752882;2.736978;
AnkleRight;0.5124068;-1.167217;2.802432;
AnkleLeft;-0.02463281;-1.063015;2.751648;
FootRight;0.5990483;-1.212417;2.74614;
FootLeft;0.01185372;-1.151288;2.75976;
Head;0.4899378;0.4873023;2.857607;
ShoulderCenter;0.4033746;0.3089145;2.829837;
ShoulderRight;0.5231197;0.1024362;2.947732;
ShoulderLeft;0.3433321;0.2168509;2.705566;
ElbowRight;0.57499;-0.1689695;2.781877;
ElbowLeft;0.4060791;-0.04448221;2.58854;
WristRight;0.5416917;-0.3507093;2.592678;
WristLeft;0.5072255;-0.2617579;2.580308;
HandRight;0.5720807;-0.413241;2.609449;
HandLeft;0.5416177;-0.3513017;2.593027;
Spine;0.3894664;-0.08375135;2.75276;
HipCenter;0.3876597;-0.1619527;2.740927;
HipRight;0.424654;-0.2281915;2.75277;
HipLeft;0.3438843;-0.1965838;2.707556;
KneeRight;0.4818688;-0.764869;2.832971;
KneeLeft;0.3021695;-0.7265846;2.71226;
AnkleRight;0.5082892;-1.103902;2.804884;
AnkleLeft;0.05361142;-1.006873;2.722745;
FootRight;0.5696036;-1.176308;2.809471;
FootLeft;0.07302389;-1.105411;2.753137;
Head;0.5383044;0.5119245;2.896163;
ShoulderCenter;0.4316004;0.3066236;2.829197;
ShoulderRight;0.5513455;0.1001453;2.947092;
ShoulderLeft;0.3819161;0.2175467;2.707861;
ElbowRight;0.6022;-0.171472;2.781163;
ElbowLeft;0.4191489;-0.03668087;2.585722;
WristRight;0.4930839;-0.3746936;2.832292;
WristLeft;0.5108648;-0.2582536;2.578458;
HandRight;0.5235199;-0.4373223;2.849089;
HandLeft;0.5473654;-0.3473721;2.589291;
Spine;0.4092517;-0.08092318;2.748061;
HipCenter;0.4050056;-0.1585697;2.735725;
HipRight;0.4391449;-0.2285917;2.750587;
HipLeft;0.3668729;-0.1918749;2.694981;
KneeRight;0.5316052;-0.7800385;2.821468;
KneeLeft;0.3347481;-0.7284158;2.713124;
AnkleRight;0.5122325;-1.117369;2.812242;
AnkleLeft;0.1223249;-0.9887409;2.724811;
FootRight;0.5999474;-1.151308;2.805571;
FootLeft;0.140445;-1.081198;2.721122;
Head;0.5854884;0.5352879;2.919974;
ShoulderCenter;0.4767466;0.3701653;2.848059;
ShoulderRight;0.5964917;0.1636869;2.965954;
ShoulderLeft;0.4152445;0.2235989;2.711782;
ElbowRight;0.6380149;-0.1273135;2.797186;
ElbowLeft;0.4402791;-0.02574087;2.585191;
WristRight;0.5600851;-0.3534615;2.807066;
WristLeft;0.5199097;-0.2525612;2.576804;
HandRight;0.590615;-0.4162831;2.823915;
HandLeft;0.5596247;-0.3411747;2.581285;
Spine;0.4289249;-0.06276732;2.757036;
HipCenter;0.4180576;-0.1488957;2.741835;
HipRight;0.4531252;-0.2126702;2.758845;
HipLeft;0.3760875;-0.1848172;2.701027;
KneeRight;0.5462314;-0.804021;2.823957;
KneeLeft;0.48033;-0.6886715;2.714958;
AnkleRight;0.5155924;-1.076138;2.811121;
AnkleLeft;0.1991413;-0.9910569;2.72321;
FootRight;0.5669602;-1.15505;2.804753;
FootLeft;0.2354926;-1.077077;2.709597;
Head;0.6198081;0.5342594;2.932523;
ShoulderCenter;0.507939;0.3706166;2.859205;
ShoulderRight;0.6276842;0.1641382;2.9771;
ShoulderLeft;0.4363415;0.225676;2.714151;
ElbowRight;0.6577888;-0.0963388;2.786261;
ElbowLeft;0.4607156;-0.03396444;2.590879;
WristRight;0.5836783;-0.3231522;2.802581;
WristLeft;0.5387397;-0.2616139;2.577018;
HandRight;0.6142731;-0.3861071;2.819466;
HandLeft;0.5735334;-0.3525716;2.579469;
Spine;0.5362443;-0.05541964;2.802189;
HipCenter;0.5404789;-0.1406475;2.793926;
HipRight;0.5839343;-0.1933507;2.816385;
HipLeft;0.5022246;-0.1926206;2.754528;
KneeRight;0.524501;-0.7483382;2.841627;
KneeLeft;0.5510916;-0.6794198;2.72957;
AnkleRight;0.5158944;-1.085206;2.811947;
AnkleLeft;0.3029278;-1.004324;2.715743;
FootRight;0.4592843;-1.149756;2.773713;
FootLeft;0.3614402;-1.105815;2.723916;
Head;0.6578177;0.5425249;2.930672;
ShoulderCenter;0.550908;0.3744153;2.860274;
ShoulderRight;0.6706532;0.167937;2.978169;
ShoulderLeft;0.4885342;0.2279878;2.726295;
ElbowRight;0.6992841;-0.1169156;2.792602;
ElbowLeft;0.4766313;-0.03137779;2.596143;
WristRight;0.6446399;-0.3508056;2.798213;
WristLeft;0.5578818;-0.2582744;2.575815;
HandRight;0.6752701;-0.4138337;2.815117;
HandLeft;0.5907588;-0.3498593;2.569237;
Spine;0.5718836;-0.06148878;2.805916;
HipCenter;0.5774873;-0.1488112;2.798755;
HipRight;0.6278522;-0.1955698;2.802829;
HipLeft;0.5395128;-0.1924957;2.782945;
KneeRight;0.4844272;-0.6812423;2.868471;
KneeLeft;0.5969271;-0.7000897;2.750709;
AnkleRight;0.5297489;-1.079163;2.803792;
AnkleLeft;0.4092366;-1.032827;2.7265;
FootRight;0.4898123;-1.119915;2.729776;
FootLeft;0.4722404;-1.101573;2.732702;
Head;0.7064173;0.5504133;2.932015;
ShoulderCenter;0.5968508;0.3820662;2.870625;
ShoulderRight;0.7165959;0.1755878;2.98852;
ShoulderLeft;0.5044883;0.2324583;2.726716;
ElbowRight;0.7183393;-0.1094127;2.799254;
ElbowLeft;0.5006744;-0.02571618;2.59587;
WristRight;0.6648368;-0.3445466;2.798355;
WristLeft;0.577098;-0.2547501;2.573797;
HandRight;0.6955312;-0.4077067;2.815295;
HandLeft;0.6015211;-0.3489974;2.565263;
Spine;0.5993505;-0.06601147;2.813908;
HipCenter;0.6003489;-0.1548305;2.806094;
HipRight;0.6457753;-0.2093139;2.804575;
HipLeft;0.5578359;-0.1924149;2.793857;
KneeRight;0.518243;-0.7068792;2.859758;
KneeLeft;0.6543387;-0.6851293;2.759529;
AnkleRight;0.5556592;-1.0628;2.708894;
AnkleLeft;0.4768891;-1.047587;2.729902;
FootRight;0.5027726;-1.100993;2.64185;
FootLeft;0.5400205;-1.113396;2.709066;
Head;0.7329093;0.5483377;2.938535;
ShoulderCenter;0.6169021;0.3835267;2.87959;
ShoulderRight;0.7366473;0.1770483;2.997484;
ShoulderLeft;0.5442444;0.234339;2.730356;
ElbowRight;0.7670036;-0.09910141;2.79393;
ElbowLeft;0.5403061;-0.0563248;2.598956;
WristRight;0.7048907;-0.3271482;2.832573;
WristLeft;0.6287309;-0.281882;2.577464;
HandRight;0.7355064;-0.3901465;2.849469;
HandLeft;0.6179914;-0.3611563;2.558747;
Spine;0.6255031;-0.07195219;2.817086;
HipCenter;0.6277341;-0.1631143;2.808075;
HipRight;0.6742217;-0.2274913;2.815159;
HipLeft;0.5864736;-0.1947804;2.786767;
KneeRight;0.550302;-0.7289397;2.856042;
KneeLeft;0.6450171;-0.6940759;2.785134;
AnkleRight;0.6725553;-1.04899;2.68376;
AnkleLeft;0.5581244;-1.078986;2.745471;
FootRight;0.6197727;-1.087107;2.616848;
FootLeft;0.6609254;-1.088642;2.690796;
Head;0.7771544;0.5551382;2.942839;
ShoulderCenter;0.666016;0.3861969;2.888016;
ShoulderRight;0.7857612;0.1797186;3.005911;
ShoulderLeft;0.580227;0.2354692;2.732207;
ElbowRight;0.798758;-0.0949263;2.799034;
ElbowLeft;0.5585313;-0.05225956;2.597213;
WristRight;0.784942;-0.3380316;2.839112;
WristLeft;0.635185;-0.2815343;2.574379;
HandRight;0.8154969;-0.4009047;2.855974;
HandLeft;0.630106;-0.3612483;2.558031;
Spine;0.6600333;-0.07569581;2.823102;
HipCenter;0.6589929;-0.1677769;2.813756;
HipRight;0.6996104;-0.2296198;2.818938;
HipLeft;0.6157268;-0.1998664;2.793233;
KneeRight;0.6908813;-0.7204679;2.792803;
KneeLeft;0.7696936;-0.7443433;2.746583;
AnkleRight;0.7516892;-1.145619;2.675311;
AnkleLeft;0.5749847;-1.076137;2.755888;
FootRight;0.8327541;-1.189085;2.616367;
FootLeft;0.6560496;-1.119604;2.696944;
Head;0.8077418;0.5468818;2.948627;
ShoulderCenter;0.6900322;0.3822686;2.890031;
ShoulderRight;0.8097774;0.1757902;3.007926;
ShoulderLeft;0.6090033;0.2311083;2.734736;
ElbowRight;0.8425293;-0.1067074;2.814697;
ElbowLeft;0.5928064;-0.05235162;2.599782;
WristRight;0.8927728;-0.3430727;2.820751;
WristLeft;0.6468883;-0.2882982;2.569251;
HandRight;0.9232931;-0.4058747;2.837595;
HandLeft;0.6556964;-0.3600161;2.559503;
Spine;0.6834537;-0.06900249;2.817373;
HipCenter;0.6827788;-0.1589147;2.806288;
HipRight;0.7320096;-0.2153106;2.808109;
HipLeft;0.633918;-0.1956575;2.786452;
KneeRight;0.7860001;-0.7138411;2.769816;
KneeLeft;0.5571871;-0.7456163;2.875114;
AnkleRight;0.8643917;-1.128742;2.674209;
AnkleLeft;0.5275927;-1.077703;2.810966;
FootRight;0.9462512;-1.171854;2.61615;
FootLeft;0.6094521;-1.120816;2.752908;
Head;0.8563095;0.5436211;2.955547;
ShoulderCenter;0.7428498;0.3764415;2.889557;
ShoulderRight;0.862595;0.1699631;3.007452;
ShoulderLeft;0.658514;0.2284659;2.743202;
ElbowRight;0.8705018;-0.1162308;2.819053;
ElbowLeft;0.6267256;-0.02780906;2.600203;
WristRight;0.9181861;-0.3531605;2.81693;
WristLeft;0.6641153;-0.2815267;2.56765;
HandRight;0.9486138;-0.4157718;2.833723;
HandLeft;0.6651354;-0.3609174;2.555101;
Spine;0.7342796;-0.07369623;2.817579;
HipCenter;0.7325655;-0.1637238;2.806857;
HipRight;0.7771437;-0.218792;2.802856;
HipLeft;0.6840588;-0.2026393;2.794077;
KneeRight;0.8027051;-0.7121145;2.773939;
KneeLeft;0.5637088;-0.7441837;2.875751;
AnkleRight;0.9506341;-1.055472;2.696411;
AnkleLeft;0.5272181;-1.076352;2.810619;
FootRight;1.031106;-1.098634;2.636559;
FootLeft;0.6076899;-1.119514;2.750768;
Head;0.877111;0.5448498;2.956096;
ShoulderCenter;0.7684507;0.3736135;2.892036;
ShoulderRight;0.8881958;0.1671351;3.009931;
ShoulderLeft;0.6874164;0.2228943;2.743221;
ElbowRight;0.8885559;-0.1171081;2.815889;
ElbowLeft;0.6496988;-0.03892515;2.598451;
WristRight;0.9484781;-0.3522716;2.806615;
WristLeft;0.6982493;-0.2759033;2.563164;
HandRight;0.9789639;-0.4150025;2.82344;
HandLeft;0.6994888;-0.3726233;2.555029;
Spine;0.7527705;-0.07801617;2.818074;
HipCenter;0.7498224;-0.1682792;2.807024;
HipRight;0.7981099;-0.2275085;2.796124;
HipLeft;0.70104;-0.2040027;2.799901;
KneeRight;0.8283876;-0.7176316;2.777484;
KneeLeft;0.5818126;-0.74818;2.877708;
AnkleRight;1.037792;-1.064103;2.720262;
AnkleLeft;0.5258206;-1.079794;2.807986;
FootRight;1.118754;-1.107699;2.661222;
FootLeft;0.6067824;-1.123391;2.748945;
Head;0.8823431;0.5681894;2.951841;
ShoulderCenter;0.8204289;0.3737642;2.899354;
ShoulderRight;0.940174;0.1672859;3.017249;
ShoulderLeft;0.7383707;0.2171993;2.746357;
ElbowRight;0.9519643;-0.1227401;2.835125;
ElbowLeft;0.6906518;-0.03923465;2.606502;
WristRight;0.996187;-0.3609993;2.815207;
WristLeft;0.7281528;-0.2995315;2.573646;
HandRight;1.026597;-0.4235741;2.83199;
HandLeft;0.716074;-0.3759293;2.55696;
Spine;0.798593;-0.07653927;2.816919;
HipCenter;0.7938077;-0.1666285;2.804233;
HipRight;0.8371918;-0.2232817;2.791483;
HipLeft;0.7437543;-0.2024584;2.798512;
KneeRight;0.8402015;-0.717787;2.781282;
KneeLeft;0.6114562;-0.7443657;2.882619;
AnkleRight;1.098428;-1.06683;2.73289;
AnkleLeft;0.5334485;-1.071883;2.803916;
FootRight;1.221627;-1.090053;2.745346;
FootLeft;0.6147893;-1.115635;2.744997;
Head;0.9078802;0.5634761;2.948137;
ShoulderCenter;0.8503909;0.3671037;2.902936;
ShoulderRight;0.970136;0.1606254;3.020831;
ShoulderLeft;0.7598025;0.2137147;2.744957;
ElbowRight;0.9664277;-0.1225273;2.826936;
ElbowLeft;0.7347193;-0.05323425;2.611929;
WristRight;1.053993;-0.3480063;2.818959;
WristLeft;0.7404721;-0.2946736;2.570577;
HandRight;1.084356;-0.4104844;2.835715;
HandLeft;0.7446255;-0.3798349;2.559133;
Spine;0.8184104;-0.07557005;2.81667;
HipCenter;0.8126193;-0.1644301;2.803307;
HipRight;0.8571268;-0.2221816;2.791988;
HipLeft;0.7624364;-0.2000302;2.794779;
KneeRight;0.8793852;-0.7105136;2.783919;
KneeLeft;0.6314551;-0.7411451;2.880599;
AnkleRight;1.104454;-1.066852;2.735291;
AnkleLeft;0.5353162;-1.069333;2.802054;
FootRight;1.227843;-1.091167;2.745497;
FootLeft;0.6159792;-1.11344;2.74217;
Head;0.9944828;0.5389848;2.930106;
ShoulderCenter;0.8998448;0.3573138;2.898069;
ShoulderRight;1.01959;0.1508354;3.015964;
ShoulderLeft;0.8162766;0.2047037;2.747141;
ElbowRight;1.035186;-0.1321963;2.820323;
ElbowLeft;0.7859221;-0.06686045;2.618415;
WristRight;1.110585;-0.359901;2.842983;
WristLeft;0.7919146;-0.3079193;2.574818;
HandRight;1.140994;-0.4224736;2.859765;
HandLeft;0.7892967;-0.4036219;2.560357;
Spine;0.8824431;-0.08300634;2.822943;
HipCenter;0.8789628;-0.1710704;2.811603;
HipRight;0.9258629;-0.2224442;2.789746;
HipLeft;0.8282429;-0.2163485;2.814886;
KneeRight;0.8995703;-0.7080836;2.788982;
KneeLeft;0.6480309;-0.7504761;2.882421;
AnkleRight;1.110304;-1.067447;2.738158;
AnkleLeft;0.5394524;-1.066027;2.801569;
FootRight;1.23343;-1.094437;2.746723;
FootLeft;0.6206993;-1.10983;2.741991;
Head;1.05187;0.5192515;2.916114;
ShoulderCenter;0.9276801;0.3566241;2.893113;
ShoulderRight;1.047425;0.1501457;3.011008;
ShoulderLeft;0.8612469;0.2031078;2.755694;
ElbowRight;1.058823;-0.1328409;2.812561;
ElbowLeft;0.8257624;-0.07915665;2.618844;
WristRight;1.154956;-0.3561394;2.780486;
WristLeft;0.832508;-0.3193722;2.563217;
HandRight;1.185401;-0.4187866;2.797288;
HandLeft;0.8202432;-0.4150933;2.554031;
Spine;0.9084085;-0.08299769;2.816206;
HipCenter;0.9045826;-0.1709263;2.80452;
HipRight;0.9465364;-0.2213356;2.786989;
HipLeft;0.8597324;-0.2120343;2.802959;
KneeRight;0.920538;-0.700527;2.791519;
KneeLeft;0.7088689;-0.7447708;2.886642;
AnkleRight;1.114086;-1.066907;2.738896;
AnkleLeft;0.5617139;-1.041042;2.812598;
FootRight;1.23398;-1.105505;2.748922;
FootLeft;0.6439251;-1.084989;2.754446;
Head;1.034322;0.5540502;2.923923;
ShoulderCenter;0.974427;0.3583947;2.889337;
ShoulderRight;1.094172;0.1519164;3.007231;
ShoulderLeft;0.8999581;0.2063343;2.751318;
ElbowRight;1.10189;-0.126448;2.802175;
ElbowLeft;0.880347;-0.07519948;2.617603;
WristRight;1.193534;-0.3504622;2.762658;
WristLeft;0.8878219;-0.3356008;2.578203;
HandRight;1.223939;-0.4130267;2.779438;
HandLeft;0.880587;-0.4150046;2.565897;
Spine;0.9531081;-0.07270144;2.814383;
HipCenter;0.9490243;-0.1588964;2.803071;
HipRight;0.9914251;-0.2136986;2.779122;
HipLeft;0.9014043;-0.1980041;2.808498;
KneeRight;0.9361945;-0.6956691;2.799238;
KneeLeft;0.7362038;-0.7637812;2.889209;
AnkleRight;1.121974;-1.06732;2.737853;
AnkleLeft;0.5753559;-1.056269;2.824485;
FootRight;1.203052;-1.111303;2.678185;
FootLeft;0.6564339;-1.100253;2.764816;
Head;1.082725;0.5604455;2.913968;
ShoulderCenter;1.025384;0.3652851;2.880644;
ShoulderRight;1.145129;0.1588067;2.998538;
ShoulderLeft;0.9487168;0.2124604;2.753526;
ElbowRight;1.153687;-0.1184931;2.793478;
ElbowLeft;0.9274409;-0.07512496;2.620865;
WristRight;1.230994;-0.3474584;2.799819;
WristLeft;1.010927;-0.3026645;2.616585;
HandRight;1.261365;-0.4099527;2.816581;
HandLeft;0.9901345;-0.3451177;2.602521;
Spine;1.00346;-0.0490908;2.817942;
HipCenter;0.9990752;-0.131966;2.809092;
HipRight;1.041209;-0.1972554;2.767024;
HipLeft;0.9509978;-0.1790156;2.831585;
KneeRight;0.9690843;-0.694818;2.820835;
KneeLeft;0.802014;-0.7746122;2.879858;
AnkleRight;1.123188;-1.066615;2.737814;
AnkleLeft;0.5941973;-1.033484;2.837732;
FootRight;1.202329;-1.110951;2.676101;
FootLeft;0.6347396;-1.119689;2.878132;
Head;1.10487;0.5582858;2.905924;
ShoulderCenter;1.041576;0.3664489;2.878378;
ShoulderRight;1.161321;0.1599706;2.996273;
ShoulderLeft;0.9748023;0.2156927;2.746046;
ElbowRight;1.188524;-0.1262466;2.810087;
ElbowLeft;0.9825554;-0.05517301;2.622772;
WristRight;1.264747;-0.3554855;2.808681;
WristLeft;1.072904;-0.297741;2.620679;
HandRight;1.295081;-0.4179038;2.825421;
HandLeft;1.065669;-0.3771448;2.608372;
Spine;1.0378;-0.04489136;2.814598;
HipCenter;1.037866;-0.1269695;2.805527;
HipRight;1.083406;-0.1831613;2.769433;
HipLeft;0.9952646;-0.1750374;2.822655;
KneeRight;1.036901;-0.6821683;2.81563;
KneeLeft;0.860693;-0.7719823;2.89486;
AnkleRight;1.127543;-1.065642;2.736794;
AnkleLeft;0.6336396;-1.011434;2.83558;
FootRight;1.209098;-1.108619;2.678377;
FootLeft;0.6925687;-1.10778;2.890322;
Head;1.09076;0.5709095;2.915952;
ShoulderCenter;1.089915;0.3691814;2.872947;
ShoulderRight;1.209661;0.162703;2.990842;
ShoulderLeft;1.025985;0.2174724;2.735392;
ElbowRight;1.21734;-0.1256742;2.80822;
ElbowLeft;1.024031;-0.04727266;2.614046;
WristRight;1.306981;-0.348331;2.767817;
WristLeft;1.075427;-0.2895868;2.59586;
HandRight;1.337275;-0.4106678;2.784536;
HandLeft;1.068192;-0.3689905;2.583554;
Spine;1.088379;-0.04090871;2.823595;
HipCenter;1.087946;-0.1229339;2.817428;
HipRight;1.131377;-0.1761305;2.780286;
HipLeft;1.043806;-0.1753768;2.839398;
KneeRight;1.047881;-0.7028022;2.82159;
KneeLeft;0.8991753;-0.7721893;2.88431;
AnkleRight;1.130277;-1.065695;2.736309;
AnkleLeft;0.6678867;-1.007109;2.838034;
FootRight;1.212271;-1.109267;2.679192;
FootLeft;0.7410647;-1.059217;2.863884;
Head;1.111897;0.5769056;2.920559;
ShoulderCenter;1.128953;0.3754975;2.87506;
ShoulderRight;1.248698;0.1690191;2.992955;
ShoulderLeft;1.043939;0.2248909;2.739695;
ElbowRight;1.267577;-0.1194891;2.80983;
ElbowLeft;1.071006;-0.040989;2.603781;
WristRight;1.322637;-0.3537307;2.769461;
WristLeft;1.134916;-0.298106;2.582015;
HandRight;1.352914;-0.4160309;2.78617;
HandLeft;1.170837;-0.3858004;2.575547;
Spine;1.12905;-0.04232752;2.829222;
HipCenter;1.129386;-0.125951;2.823811;
HipRight;1.172007;-0.1958528;2.786921;
HipLeft;1.091271;-0.172351;2.846088;
KneeRight;1.066063;-0.7016044;2.829999;
KneeLeft;1.152483;-0.6551866;2.71834;
AnkleRight;1.131826;-1.067739;2.737743;
AnkleLeft;0.9917033;-1.009811;2.678;
FootRight;1.21061;-1.111211;2.676156;
FootLeft;1.100449;-1.061751;2.712652;
Head;1.279632;0.5338336;2.891457;
ShoulderCenter;1.151331;0.3785646;2.868443;
ShoulderRight;1.271076;0.1720862;2.986338;
ShoulderLeft;1.094803;0.2310382;2.742424;
ElbowRight;1.284832;-0.1176743;2.803591;
ElbowLeft;1.109067;-0.02711285;2.605991;
WristRight;1.356266;-0.3478558;2.762169;
WristLeft;1.195483;-0.2748497;2.58369;
HandRight;1.386615;-0.4103039;2.778918;
HandLeft;1.224997;-0.3661537;2.57228;
Spine;1.152298;-0.04628596;2.819717;
HipCenter;1.152646;-0.1313529;2.813629;
HipRight;1.189341;-0.1976542;2.780333;
HipLeft;1.114579;-0.1761722;2.83288;
KneeRight;1.089447;-0.7061185;2.851148;
KneeLeft;1.154217;-0.6576757;2.718501;
AnkleRight;1.135395;-1.068463;2.736945;
AnkleLeft;0.9934372;-1.0123;2.678154;
FootRight;1.217484;-1.112021;2.679722;
FootLeft;1.09559;-1.073955;2.717079;
Head;1.316664;0.5466031;2.889651;
ShoulderCenter;1.201492;0.3806335;2.865754;
ShoulderRight;1.321237;0.1741552;2.983649;
ShoulderLeft;1.111686;0.2327667;2.741044;
ElbowRight;1.335914;-0.1158641;2.799816;
ElbowLeft;1.168909;-0.03131152;2.599484;
WristRight;1.269155;-0.3451006;2.558677;
WristLeft;1.264817;-0.2517734;2.549008;
HandRight;1.30481;-0.4073217;2.560799;
HandLeft;1.287909;-0.3459498;2.553405;
Spine;1.119836;-0.02640448;2.788168;
HipCenter;1.10331;-0.1076926;2.776156;
HipRight;1.120372;-0.2039614;2.707328;
HipLeft;1.054732;-0.1681681;2.811372;
KneeRight;1.120471;-0.7262733;2.806859;
KneeLeft;1.164037;-0.6850615;2.721549;
AnkleRight;1.142496;-1.067792;2.733099;
AnkleLeft;0.9729708;-1.021253;2.736551;
FootRight;1.217131;-1.115111;2.66874;
FootLeft;1.086761;-1.074712;2.736487;
Head;1.295578;0.5114099;2.893703;
ShoulderCenter;1.23385;0.3186494;2.848907;
ShoulderRight;1.353595;0.112171;2.966802;
ShoulderLeft;1.148367;0.2424485;2.74229;
ElbowRight;1.307567;-0.07583664;2.672218;
ElbowLeft;1.224492;-0.03690459;2.590974;
WristRight;1.329263;-0.3281232;2.559482;
WristLeft;1.331828;-0.2535887;2.557609;
HandRight;1.356244;-0.3946973;2.558855;
HandLeft;1.362844;-0.3451731;2.567425;
Spine;1.186427;-0.01123172;2.787192;
HipCenter;1.176942;-0.07720793;2.778544;
HipRight;1.193532;-0.1971267;2.81798;
HipLeft;1.136293;-0.124644;2.702969;
KneeRight;1.111552;-0.7900637;2.88892;
KneeLeft;1.168634;-0.6850746;2.721594;
AnkleRight;1.149773;-1.087443;2.723589;
AnkleLeft;1.011574;-1.023011;2.697466;
FootRight;1.141467;-1.157365;2.784182;
FootLeft;1.117575;-1.084938;2.724387;
Head;1.311239;0.5860934;2.877024;
ShoulderCenter;1.272277;0.3913071;2.87378;
ShoulderRight;1.392022;0.1848287;2.991675;
ShoulderLeft;1.176641;0.245491;2.740679;
ElbowRight;1.348435;-0.02786659;2.716296;
ElbowLeft;1.25837;-0.02607035;2.586264;
WristRight;1.387875;-0.2714876;2.577131;
WristLeft;1.384202;-0.233103;2.576937;
HandRight;1.404893;-0.3411641;2.57461;
HandLeft;1.394438;-0.2948582;2.5669;
Spine;1.207247;0.018048;2.788335;
HipCenter;1.192096;-0.05848742;2.776217;
HipRight;1.225885;-0.1437701;2.808786;
HipLeft;1.140086;-0.1185393;2.702818;
KneeRight;1.409037;-0.7005144;2.872531;
KneeLeft;1.177183;-0.6875133;2.72426;
AnkleRight;1.158471;-1.053896;2.7375;
AnkleLeft;1.014793;-1.022769;2.695251;
FootRight;1.139406;-1.143967;2.749499;
FootLeft;1.119243;-1.086514;2.723634;
Head;1.384343;0.5616521;2.874683;
ShoulderCenter;1.2914;0.3850277;2.869562;
ShoulderRight;1.293438;0.1996967;2.658937;
ShoulderLeft;1.209112;0.2426061;2.741769;
ElbowRight;1.357285;-0.1189434;2.584568;
ElbowLeft;1.283758;0.02778784;2.59337;
WristRight;1.465547;-0.3354822;2.556195;
WristLeft;1.406603;-0.1801585;2.556964;
HandRight;1.483721;-0.4046089;2.563947;
HandLeft;1.432435;-0.2464167;2.567518;
Spine;1.284024;-0.04556818;2.81058;
HipCenter;1.23973;-0.1133497;2.752405;
HipRight;1.248459;-0.1577656;2.782895;
HipLeft;1.216816;-0.1504412;2.704093;
KneeRight;1.404886;-0.7020772;2.839371;
KneeLeft;1.181027;-0.6880407;2.725206;
AnkleRight;1.151484;-1.061421;2.733385;
AnkleLeft;1.036866;-1.028019;2.697084;
FootRight;1.090659;-1.105106;2.653687;
FootLeft;0.9760417;-1.071704;2.617386;
Head;1.381871;0.5774764;2.873091;
ShoulderCenter;1.333624;0.3831613;2.866017;
ShoulderRight;1.343981;0.2442407;2.678413;
ShoulderLeft;1.2435;0.2448665;2.745727;
ElbowRight;1.379555;-0.07859731;2.599935;
ElbowLeft;1.306411;0.02905468;2.594506;
WristRight;1.47939;-0.2467575;2.728622;
WristLeft;1.421459;-0.1845214;2.570477;
HandRight;1.497519;-0.3157154;2.736355;
HandLeft;1.447229;-0.2506179;2.581005;
Spine;1.320391;-0.003906347;2.834765;
HipCenter;1.280844;-0.06455976;2.778118;
HipRight;1.292625;-0.1313707;2.821299;
HipLeft;1.246551;-0.1326047;2.704693;
KneeRight;1.426686;-0.7040917;2.834763;
KneeLeft;1.189557;-0.6954755;2.728279;
AnkleRight;1.443494;-1.057682;2.833718;
AnkleLeft;1.136712;-1.071535;2.744052;
FootRight;1.511012;-1.116428;2.808698;
FootLeft;1.168182;-1.154002;2.714989;
Head;1.397616;0.5777285;2.879199;
ShoulderCenter;1.356639;0.3806539;2.866344;
ShoulderRight;1.341113;0.2360609;2.678827;
ShoulderLeft;1.273723;0.2410875;2.755493;
ElbowRight;1.405212;-0.04566095;2.60879;
ElbowLeft;1.359378;-0.003299916;2.604991;
WristRight;1.503601;-0.1897065;2.762522;
WristLeft;1.473338;-0.2176863;2.590222;
HandRight;1.521687;-0.258499;2.770236;
HandLeft;1.499046;-0.2836241;2.600725;
Spine;1.3398;-0.0161693;2.823706;
HipCenter;1.289165;-0.07929655;2.775193;
HipRight;1.297922;-0.1566874;2.816835;
HipLeft;1.258728;-0.1371788;2.703007;
KneeRight;1.475493;-0.7461767;2.844053;
KneeLeft;1.20382;-0.7016953;2.734427;
AnkleRight;1.570134;-1.060357;2.836903;
AnkleLeft;1.13797;-1.072338;2.744711;
FootRight;1.491219;-1.083097;2.766644;
FootLeft;1.166943;-1.154741;2.713315;
Head;1.483667;0.5543084;2.891004;
ShoulderCenter;1.403663;0.3694063;2.875833;
ShoulderRight;1.38215;0.2447768;2.69085;
ShoulderLeft;1.291083;0.2402208;2.836657;
ElbowRight;1.411264;-0.01459206;2.600374;
ElbowLeft;1.37129;-0.00104345;2.608017;
WristRight;1.509314;-0.1581403;2.753567;
WristLeft;1.484856;-0.2146898;2.593291;
HandRight;1.527357;-0.2267704;2.761262;
HandLeft;1.510504;-0.2804719;2.603769;
Spine;1.37241;-0.02383973;2.813267;
HipCenter;1.311901;-0.08298246;2.771635;
HipRight;1.323813;-0.1498255;2.808134;
HipLeft;1.280347;-0.1380528;2.703457;
KneeRight;1.484056;-0.6862976;2.826999;
KneeLeft;1.219756;-0.7012014;2.734225;
AnkleRight;1.586797;-1.030258;2.819134;
AnkleLeft;1.138005;-1.072433;2.744534;
FootRight;1.503639;-1.075458;2.765223;
FootLeft;1.167698;-1.154666;2.714067;
Head;1.504556;0.5602186;2.907432;
ShoulderCenter;1.441337;0.3672556;2.875907;
ShoulderRight;1.3633;0.2344565;2.698705;
ShoulderLeft;1.316907;0.2145641;2.879391;
ElbowRight;1.430007;-0.03332061;2.619436;
ElbowLeft;1.414448;0.008422087;2.628264;
WristRight;1.527743;-0.1764098;2.772097;
WristLeft;1.527651;-0.2045409;2.613543;
HandRight;1.545744;-0.2448803;2.779776;
HandLeft;1.553239;-0.2701702;2.623997;
Spine;1.403216;-0.02276455;2.799201;
HipCenter;1.332841;-0.08216307;2.773559;
HipRight;1.330634;-0.1461922;2.810867;
HipLeft;1.315056;-0.1355061;2.704856;
KneeRight;1.501821;-0.5805456;2.809074;
KneeLeft;1.248126;-0.6863678;2.727447;
AnkleRight;1.663803;-0.9915423;2.792033;
AnkleLeft;1.138078;-1.072521;2.744558;
FootRight;1.571836;-1.046911;2.768953;
FootLeft;1.167691;-1.154858;2.714927;
Head;1.526211;0.5552489;2.902801;
ShoulderCenter;1.471871;0.3614155;2.887446;
ShoulderRight;1.37196;0.2178932;2.709942;
ShoulderLeft;1.340684;0.2060066;2.89962;
ElbowRight;1.344355;0.07202141;2.969876;
ElbowLeft;1.416453;0.002882706;2.644361;
WristRight;1.4006;-0.1718028;3.162806;
WristLeft;1.529344;-0.2094927;2.629638;
HandRight;1.41856;-0.2401169;3.170466;
HandLeft;1.554873;-0.274972;2.640068;
Spine;1.432463;-0.03145998;2.800144;
HipCenter;1.360587;-0.09171799;2.777056;
HipRight;1.352524;-0.1559232;2.814304;
HipLeft;1.337599;-0.1410846;2.707253;
KneeRight;1.533676;-0.6586333;2.794879;
KneeLeft;1.274629;-0.6785766;2.728196;
AnkleRight;1.663511;-1.018938;2.762145;
AnkleLeft;1.140575;-1.07305;2.746841;
FootRight;1.566546;-1.064916;2.746139;
FootLeft;1.16491;-1.15527;2.712883;
Head;1.567616;0.5556348;2.939165;
ShoulderCenter;1.501183;0.3631859;2.896981;
ShoulderRight;1.410991;0.2145777;2.75649;
ShoulderLeft;1.379678;0.2036745;2.904236;
ElbowRight;1.381804;0.0416086;3.000215;
ElbowLeft;1.43093;-0.00666939;2.672556;
WristRight;1.453412;-0.2163914;3.168988;
WristLeft;1.497894;-0.2371335;2.651214;
HandRight;1.471331;-0.2845517;3.176631;
HandLeft;1.523366;-0.3024655;2.661621;
Spine;1.446664;-0.03915469;2.812699;
HipCenter;1.373774;-0.09886558;2.787907;
HipRight;1.364629;-0.1642988;2.825139;
HipLeft;1.353701;-0.1459427;2.721762;
KneeRight;1.514575;-0.6406454;2.817171;
KneeLeft;1.311125;-0.675033;2.726623;
AnkleRight;1.639454;-1.037356;2.793467;
AnkleLeft;1.150456;-1.066456;2.748888;
FootRight;1.543514;-1.083793;2.773489;
FootLeft;1.149812;-1.152337;2.715412;
Head;1.561579;0.5612356;2.939054;
ShoulderCenter;1.520511;0.3622306;2.907092;
ShoulderRight;1.471661;0.2575857;2.781812;
ShoulderLeft;1.404076;0.1842578;2.963351;
ElbowRight;1.443312;0.03488725;2.985775;
ElbowLeft;1.454112;-0.009053901;2.693995;
WristRight;1.484921;-0.2225995;3.162874;
WristLeft;1.506721;-0.2422013;2.66396;
HandRight;1.502801;-0.2906089;3.170501;
HandLeft;1.532137;-0.3073886;2.674343;
Spine;1.47692;-0.04827102;2.831604;
HipCenter;1.405626;-0.1116163;2.80455;
HipRight;1.415958;-0.1471103;2.817311;
HipLeft;1.387754;-0.1462077;2.779795;
KneeRight;1.561562;-0.6579741;2.847151;
KneeLeft;1.340829;-0.6820586;2.728234;
AnkleRight;1.665596;-1.022985;2.849613;
AnkleLeft;1.1564;-1.068413;2.750472;
FootRight;1.570861;-1.068748;2.82397;
FootLeft;1.144851;-1.151106;2.711731;
Head;1.596092;0.5296139;2.977073;
ShoulderCenter;1.532056;0.3378132;2.910683;
ShoulderRight;1.479428;0.1775289;2.763889;
ShoulderLeft;1.439537;0.1742525;3.0019;
ElbowRight;1.47389;-0.03648424;2.976069;
ElbowLeft;1.443289;-0.07308999;2.764776;
WristRight;1.53029;-0.2874996;3.156157;
WristLeft;1.531164;-0.2737364;2.654926;
HandRight;1.548131;-0.3553609;3.163767;
HandLeft;1.556524;-0.3387816;2.665287;
Spine;1.492872;-0.09844723;2.853911;
HipCenter;1.419813;-0.1677842;2.835398;
HipRight;1.424586;-0.1916051;2.841318;
HipLeft;1.407599;-0.1757549;2.823611;
KneeRight;1.554142;-0.7222512;2.858535;
KneeLeft;1.364341;-0.6951592;2.73194;
AnkleRight;1.640548;-1.07616;2.850497;
AnkleLeft;1.169749;-1.068728;2.750003;
FootRight;1.544237;-1.121568;2.832994;
FootLeft;1.073438;-1.114136;2.7325;
Head;1.605731;0.4953118;3.002865;
ShoulderCenter;1.578941;0.2941973;2.949227;
ShoulderRight;1.482141;0.1316638;2.818533;
ShoulderLeft;1.482336;0.1392787;3.039097;
ElbowRight;1.498235;-0.08297756;3.028245;
ElbowLeft;1.466183;-0.09990886;2.794986;
WristRight;1.572042;-0.3222397;3.179604;
WristLeft;1.522353;-0.3169025;2.700444;
HandRight;1.589844;-0.3899553;3.187198;
HandLeft;1.547659;-0.3818082;2.710783;
Spine;1.536219;-0.1200061;2.875119;
HipCenter;1.462348;-0.1869124;2.863475;
HipRight;1.458742;-0.2099421;2.872682;
HipLeft;1.459506;-0.190496;2.848694;
KneeRight;1.60545;-0.7210059;2.866052;
KneeLeft;1.412885;-0.6877359;2.799162;
AnkleRight;1.709943;-1.085009;2.842549;
AnkleLeft;1.21342;-1.034244;2.742379;
FootRight;1.612534;-1.13061;2.840469;
FootLeft;1.235557;-1.121844;2.756422;
Head;1.540465;0.2712274;3.020791;
ShoulderCenter;1.50852;0.07160009;2.995043;
ShoulderRight;1.50605;0.02588656;2.826463;
ShoulderLeft;1.411915;-0.08331858;3.084913;
ElbowRight;1.493151;-0.2897892;2.845273;
ElbowLeft;1.497891;-0.1259715;2.78248;
WristRight;1.57221;-0.4873394;2.935121;
WristLeft;1.583274;-0.3445264;2.732619;
HandRight;1.589975;-0.554912;2.942698;
HandLeft;1.608526;-0.4092949;2.742935;
Spine;1.620027;-0.1273877;3.140431;
HipCenter;1.591677;-0.1981838;3.141631;
HipRight;1.636903;-0.209466;3.134718;
HipLeft;1.566063;-0.2505273;3.179575;
KneeRight;1.70276;-0.6397054;3.242209;
KneeLeft;1.458113;-0.7020132;2.766144;
AnkleRight;1.515375;-0.830286;2.869418;
AnkleLeft;1.401364;-0.9393583;2.527233;
FootRight;1.448682;-0.9027388;2.826684;
FootLeft;1.336517;-0.9967718;2.498523;
Head;1.58726;0.3706983;3.022505;
ShoulderCenter;1.553016;0.1724662;3.00755;
ShoulderRight;1.537031;-0.04378567;2.883632;
ShoulderLeft;1.456411;0.01754756;3.09742;
ElbowRight;1.537932;-0.3208948;2.895589;
ElbowLeft;1.541286;0.005889079;2.846892;
WristRight;1.616949;-0.5183399;2.985382;
WristLeft;1.623765;-0.2150026;2.807076;
HandRight;1.634677;-0.5857719;2.992944;
HandLeft;1.648965;-0.2796364;2.81737;
Spine;1.647354;-0.1394776;3.140431;
HipCenter;1.608306;-0.2111825;3.153456;
HipRight;1.651186;-0.3310129;3.107803;
HipLeft;1.605994;-0.264613;3.266038;
KneeRight;1.78902;-0.8372576;3.296784;
KneeLeft;1.478284;-0.7022619;2.84367;
AnkleRight;1.601134;-1.028348;2.923076;
AnkleLeft;1.254616;-1.094316;2.718406;
FootRight;1.564075;-1.135079;2.873446;
FootLeft;1.275373;-1.18024;2.740888;
Head;1.606052;0.2948619;3.087775;
ShoulderCenter;1.595125;0.09604765;3.003703;
ShoulderRight;1.57914;-0.1202043;2.879785;
ShoulderLeft;1.49852;-0.05887102;3.093573;
ElbowRight;1.580042;-0.3973134;2.891831;
ElbowLeft;1.583105;-0.07048963;2.843889;
WristRight;1.658788;-0.5940831;2.981311;
WristLeft;1.665641;-0.2903656;2.803044;
HandRight;1.67648;-0.6613769;2.988857;
HandLeft;1.690789;-0.354867;2.813318;
Spine;1.680489;0.07290067;3.073904;
HipCenter;1.646546;0.02499931;3.084778;
HipRight;1.720977;-0.04092763;3.000115;
HipLeft;1.634148;0.005212348;3.249201;
KneeRight;1.738281;-0.4752416;3.16156;
KneeLeft;1.513574;-0.4485251;2.845278;
AnkleRight;1.550716;-0.666006;2.788528;
AnkleLeft;1.577235;-0.2089521;3.021272;
FootRight;1.51357;-0.7724551;2.738642;
FootLeft;1.544256;-0.3043147;2.950433;
