Floor;-0.03132286;0.9993287;0.01899778;1.093028;
Head;0.9258269;0.561805;2.918053;
ShoulderCenter;1.041559;0.3524753;2.882679;
ShoulderRight;1.084947;0.2154218;2.739874;
ShoulderLeft;0.9653628;0.1994684;2.993439;
ElbowRight;1.117531;-0.04357249;2.625974;
ElbowLeft;0.9002809;-0.1353199;2.922871;
WristRight;1.060715;-0.30588;2.573163;
WristLeft;0.8866667;-0.3617038;3.040742;
HandRight;1.049798;-0.4140479;2.5669;
HandLeft;0.8699102;-0.3946662;3.024813;
Spine;0.9876912;-0.04402434;2.841947;
HipCenter;0.9769175;-0.1233243;2.837397;
HipRight;0.9956772;-0.1796993;2.775224;
HipLeft;0.9418643;-0.1868782;2.884448;
KneeRight;0.9468498;-0.6528209;2.749426;
KneeLeft;0.940167;-0.7239543;2.760264;
AnkleRight;0.920661;-1.146578;2.762218;
AnkleLeft;1.360623;-0.967467;2.821419;
FootRight;0.8326154;-1.191445;2.719686;
FootLeft;1.35134;-1.087757;2.848817;
Head;0.9163772;0.5691777;2.914472;
ShoulderCenter;1.019047;0.3520786;2.879575;
ShoulderRight;1.059065;0.2140172;2.737918;
ShoulderLeft;0.9125966;0.1642376;2.964373;
ElbowRight;1.088791;-0.03361184;2.61823;
ElbowLeft;0.8791373;-0.1473638;2.918186;
WristRight;1.029086;-0.2874339;2.583144;
WristLeft;0.8432826;-0.3788903;3.00226;
HandRight;1.015352;-0.3981369;2.575994;
HandLeft;0.8440557;-0.4554862;3.041933;
Spine;0.9571814;-0.04093991;2.853579;
HipCenter;0.9438916;-0.1193075;2.852958;
HipRight;0.9666419;-0.1764401;2.786476;
HipLeft;0.8975177;-0.1977308;2.910923;
KneeRight;0.9348497;-0.6533446;2.749183;
KneeLeft;0.9300606;-0.7438283;2.813834;
AnkleRight;0.9231575;-1.074027;2.751638;
AnkleLeft;1.297901;-0.9725901;2.833014;
FootRight;0.8669233;-1.133491;2.788278;
FootLeft;1.30162;-1.071305;2.849377;
Head;0.8837795;0.5282302;2.916037;
ShoulderCenter;0.9657377;0.3487576;2.876026;
ShoulderRight;1.024127;0.2135445;2.732768;
ShoulderLeft;0.9003867;0.1865326;2.963748;
ElbowRight;1.049953;-0.03463124;2.61585;
ElbowLeft;0.8527665;-0.1569073;2.912653;
WristRight;0.9757952;-0.2802457;2.590199;
WristLeft;0.838051;-0.3759333;3.031145;
HandRight;0.9470671;-0.3857826;2.585589;
HandLeft;0.8429273;-0.4564365;3.024603;
Spine;0.9215035;-0.04785701;2.849989;
HipCenter;0.9130974;-0.1267302;2.84872;
HipRight;0.9305588;-0.1858989;2.784998;
HipLeft;0.8809777;-0.1963707;2.903881;
KneeRight;0.9119394;-0.6690923;2.749123;
KneeLeft;0.8368018;-0.6435776;2.951636;
AnkleRight;0.9204574;-1.067894;2.746116;
AnkleLeft;1.224059;-0.970874;2.84626;
FootRight;0.8662527;-1.132834;2.787074;
FootLeft;1.195939;-1.077394;2.886078;
Head;0.8714213;0.5251462;2.920417;
ShoulderCenter;0.9376116;0.3565746;2.875317;
ShoulderRight;0.9738919;0.2177578;2.73966;
ShoulderLeft;0.8451008;0.1643992;2.943916;
ElbowRight;1.011639;-0.03155151;2.620764;
ElbowLeft;0.7921879;-0.1519935;2.894791;
WristRight;0.9344561;-0.2745263;2.59656;
WristLeft;0.715527;-0.3948104;2.864291;
HandRight;0.913149;-0.3792779;2.591134;
HandLeft;0.7370307;-0.4687815;2.938603;
Spine;0.8899702;-0.05569822;2.846009;
HipCenter;0.8790672;-0.1387977;2.843553;
HipRight;0.9062541;-0.1872359;2.786123;
HipLeft;0.8387088;-0.2114909;2.888038;
KneeRight;0.9083966;-0.6720659;2.747872;
KneeLeft;0.805604;-0.6688392;2.935608;
AnkleRight;0.9205368;-1.067589;2.74656;
AnkleLeft;1.119147;-1.020502;2.860592;
FootRight;0.8658658;-1.131819;2.787101;
FootLeft;1.080943;-1.098583;2.881572;
Head;0.8221812;0.5376856;2.916982;
ShoulderCenter;0.9043851;0.367522;2.87812;
ShoulderRight;0.9582344;0.2210549;2.740231;
ShoulderLeft;0.8246449;0.1714339;2.946342;
ElbowRight;0.9652525;-0.02637479;2.625038;
ElbowLeft;0.7706825;-0.149027;2.882146;
WristRight;0.8799093;-0.2764784;2.58807;
WristLeft;0.6777374;-0.384068;2.840581;
HandRight;0.8479064;-0.3748798;2.581047;
HandLeft;0.6925912;-0.4584788;2.915285;
Spine;0.8658522;-0.03675107;2.840778;
HipCenter;0.8575649;-0.1177151;2.836953;
HipRight;0.8802694;-0.1614224;2.781883;
HipLeft;0.8204467;-0.1847376;2.877748;
KneeRight;0.8980858;-0.6817325;2.741986;
KneeLeft;0.7740569;-0.6682917;2.931269;
AnkleRight;0.9204829;-1.067338;2.746612;
AnkleLeft;1.084133;-1.016847;2.867031;
FootRight;0.8659121;-1.128355;2.784097;
FootLeft;1.080557;-1.108831;2.93542;
Head;0.7845401;0.5250804;2.918103;
ShoulderCenter;0.8714695;0.366093;2.877302;
ShoulderRight;0.9220215;0.2216853;2.737546;
ShoulderLeft;0.7756713;0.1675804;2.92086;
ElbowRight;0.9263307;-0.01478843;2.620502;
ElbowLeft;0.7522928;-0.1417446;2.879745;
WristRight;0.8295927;-0.2835516;2.590637;
WristLeft;0.6256591;-0.3572676;2.834292;
HandRight;0.7989164;-0.3694835;2.595843;
HandLeft;0.6440877;-0.4300539;2.908408;
Spine;0.823876;-0.06451576;2.839429;
HipCenter;0.8158799;-0.1505714;2.835581;
HipRight;0.8421598;-0.1948083;2.783512;
HipLeft;0.7791125;-0.2192044;2.875334;
KneeRight;0.8908389;-0.6880093;2.743954;
KneeLeft;0.7455217;-0.6961846;2.926249;
AnkleRight;0.9199494;-1.066533;2.747506;
AnkleLeft;0.8613746;-1.072158;2.903563;
FootRight;0.8657509;-1.126665;2.776525;
FootLeft;0.8426474;-1.155697;2.911686;
Head;0.7697121;0.5392179;2.917145;
ShoulderCenter;0.8445491;0.3694501;2.880052;
ShoulderRight;0.8876476;0.2247503;2.735226;
ShoulderLeft;0.7586536;0.1704569;2.923382;
ElbowRight;0.8745995;-0.0132752;2.612512;
ElbowLeft;0.7085555;-0.1171784;2.866884;
WristRight;0.7922807;-0.2486589;2.59282;
WristLeft;0.6023086;-0.3413803;2.877249;
HandRight;0.7604595;-0.3482511;2.599001;
HandLeft;0.6180657;-0.4132709;2.951767;
Spine;0.8056793;-0.0658494;2.840231;
HipCenter;0.7972981;-0.1527895;2.836057;
HipRight;0.8217566;-0.1971774;2.783308;
HipLeft;0.7621541;-0.2210185;2.876115;
KneeRight;0.876981;-0.6980926;2.746621;
KneeLeft;0.724676;-0.7008979;2.922632;
AnkleRight;0.9199334;-1.066455;2.748018;
AnkleLeft;0.7970876;-1.064399;2.90299;
FootRight;0.8671485;-1.129906;2.774025;
FootLeft;0.7704073;-1.129923;2.952824;
Head;0.7206709;0.5339362;2.908744;
ShoulderCenter;0.8135128;0.3684121;2.879838;
ShoulderRight;0.8537142;0.2248705;2.732358;
ShoulderLeft;0.6954803;0.1437634;2.907198;
ElbowRight;0.8544641;-0.01038236;2.615917;
ElbowLeft;0.6698226;-0.1668372;2.887091;
WristRight;0.7481664;-0.2344818;2.593089;
WristLeft;0.6339449;-0.4085982;2.91485;
HandRight;0.7044756;-0.3295749;2.592569;
HandLeft;0.6509371;-0.4806142;2.988855;
Spine;0.7757167;-0.06102202;2.837996;
HipCenter;0.7683282;-0.1469578;2.833396;
HipRight;0.7982289;-0.1896685;2.780375;
HipLeft;0.7270786;-0.2227294;2.872303;
KneeRight;0.8694661;-0.7035193;2.746286;
KneeLeft;0.6765708;-0.7200835;2.92315;
AnkleRight;0.9180844;-1.070443;2.755941;
AnkleLeft;0.7150798;-1.090802;2.912926;
FootRight;0.859149;-1.133406;2.770108;
FootLeft;0.6439574;-1.133493;2.85217;
Head;0.6834018;0.5455644;2.906186;
ShoulderCenter;0.7652667;0.3696122;2.869336;
ShoulderRight;0.8189195;0.223228;2.729127;
ShoulderLeft;0.6836898;0.1781932;2.902362;
ElbowRight;0.7964989;-0.01143586;2.612756;
ElbowLeft;0.6325698;-0.1548051;2.883589;
WristRight;0.6867948;-0.2500347;2.592188;
WristLeft;0.6233675;-0.3976944;2.923118;
HandRight;0.6419845;-0.3443821;2.594228;
HandLeft;0.64033;-0.4695844;2.996994;
Spine;0.7522526;-0.05427448;2.83394;
HipCenter;0.7482853;-0.1395169;2.830203;
HipRight;0.773804;-0.186995;2.773665;
HipLeft;0.7144547;-0.211536;2.872726;
KneeRight;0.8376135;-0.7065355;2.758624;
KneeLeft;0.6292604;-0.6918827;2.918416;
AnkleRight;0.9182506;-1.068583;2.756135;
AnkleLeft;0.5873013;-1.068929;2.934699;
FootRight;0.8610129;-1.131598;2.769808;
FootLeft;0.5025375;-1.141066;2.969613;
Head;0.6291055;0.5294745;2.901388;
ShoulderCenter;0.7312893;0.3604867;2.864497;
ShoulderRight;0.7663154;0.2164484;2.721646;
ShoulderLeft;0.6296012;0.1157674;2.940809;
ElbowRight;0.7567807;-0.02555487;2.612374;
ElbowLeft;0.6012418;-0.1398562;2.887051;
WristRight;0.6498857;-0.2470983;2.587571;
WristLeft;0.508997;-0.3672754;2.852578;
HandRight;0.5966525;-0.3361667;2.599226;
HandLeft;0.5259511;-0.4391298;2.926417;
Spine;0.7187545;-0.0528727;2.826652;
HipCenter;0.7166945;-0.1357506;2.822901;
HipRight;0.7431425;-0.1912974;2.752749;
HipLeft;0.6828926;-0.2197576;2.87542;
KneeRight;0.8193452;-0.7132422;2.770027;
KneeLeft;0.5938335;-0.7208959;2.921809;
AnkleRight;0.9163576;-1.070221;2.757733;
AnkleLeft;0.482082;-1.077012;2.924536;
FootRight;0.8637502;-1.13407;2.773348;
FootLeft;0.4017799;-1.115739;2.937327;
Head;0.6008516;0.5360776;2.899192;
ShoulderCenter;0.6967204;0.3605903;2.862286;
ShoulderRight;0.7572188;0.2178589;2.72493;
ShoulderLeft;0.6094788;0.1568851;2.907891;
ElbowRight;0.7126529;-0.0245747;2.604958;
ElbowLeft;0.5525069;-0.1432466;2.879804;
WristRight;0.594345;-0.2478543;2.594471;
WristLeft;0.490084;-0.3799703;2.843606;
HandRight;0.5349612;-0.332822;2.6045;
HandLeft;0.5069942;-0.4516391;2.917255;
Spine;0.6800572;-0.06742538;2.822685;
HipCenter;0.6759046;-0.1537165;2.818356;
HipRight;0.7148646;-0.1975537;2.754118;
HipLeft;0.6396827;-0.2304413;2.868156;
KneeRight;0.7618144;-0.7025453;2.803059;
KneeLeft;0.5444068;-0.7246783;2.916889;
AnkleRight;0.9163265;-1.070575;2.758163;
AnkleLeft;0.414571;-1.057461;2.925357;
FootRight;0.8622948;-1.135737;2.769968;
FootLeft;0.3077776;-1.093952;2.950551;
Head;0.5694892;0.5409288;2.89889;
ShoulderCenter;0.6533609;0.3561342;2.861528;
ShoulderRight;0.7041285;0.2136563;2.726943;
ShoulderLeft;0.5780933;0.1530734;2.907552;
ElbowRight;0.6773196;-0.01722634;2.599948;
ElbowLeft;0.5320084;-0.1388633;2.882962;
WristRight;0.5520719;-0.2534009;2.594248;
WristLeft;0.4767105;-0.3765146;2.850895;
HandRight;0.4982684;-0.3419447;2.606269;
HandLeft;0.4936463;-0.4482916;2.924656;
Spine;0.6457719;-0.07314618;2.822655;
HipCenter;0.6446804;-0.1589616;2.818528;
HipRight;0.6701932;-0.1997462;2.767782;
HipLeft;0.6096831;-0.2256698;2.859545;
KneeRight;0.6973891;-0.7156298;2.826595;
KneeLeft;0.5206351;-0.735221;2.916411;
AnkleRight;0.912926;-1.070909;2.760356;
AnkleLeft;0.3441772;-1.071926;2.91255;
FootRight;0.8509896;-1.131883;2.794568;
FootLeft;0.234474;-1.100406;2.945286;
Head;0.519981;0.5255121;2.896532;
ShoulderCenter;0.6207355;0.3475759;2.866472;
ShoulderRight;0.6797393;0.2126975;2.727465;
ShoulderLeft;0.5369145;0.1428708;2.913111;
ElbowRight;0.6509139;-0.01923794;2.604672;
ElbowLeft;0.4879891;-0.1538784;2.890353;
WristRight;0.5330676;-0.2445522;2.59562;
WristLeft;0.4419414;-0.3903574;2.837871;
HandRight;0.4668258;-0.3237955;2.608796;
HandLeft;0.4588474;-0.4620082;2.911501;
Spine;0.6122978;-0.07228568;2.82089;
HipCenter;0.6098648;-0.156205;2.815399;
HipRight;0.6447241;-0.1953012;2.762988;
HipLeft;0.5759721;-0.2259908;2.854741;
KneeRight;0.7589098;-0.7072012;2.757147;
KneeLeft;0.4757765;-0.755038;2.915947;
AnkleRight;0.9062365;-1.068957;2.762511;
AnkleLeft;0.324699;-1.093313;2.90711;
FootRight;0.8442818;-1.129098;2.768288;
FootLeft;0.2146772;-1.11346;2.941708;
Head;0.4946818;0.5362539;2.894799;
ShoulderCenter;0.5769426;0.346939;2.86307;
ShoulderRight;0.6247716;0.2021297;2.725801;
ShoulderLeft;0.4619584;0.0418954;2.912659;
ElbowRight;0.5996228;-0.02532259;2.604048;
ElbowLeft;0.4466444;-0.1945711;2.918981;
WristRight;0.4759403;-0.2578194;2.603228;
WristLeft;0.3909619;-0.4232399;2.858653;
HandRight;0.4234526;-0.3462123;2.619032;
HandLeft;0.4078499;-0.4948145;2.932205;
Spine;0.5805855;-0.07447788;2.82186;
HipCenter;0.5813946;-0.1586382;2.817089;
HipRight;0.6260679;-0.2023726;2.762182;
HipLeft;0.5288318;-0.243732;2.857935;
KneeRight;0.7271616;-0.7141761;2.774046;
KneeLeft;0.4618364;-0.7501777;2.912892;
AnkleRight;0.9027898;-1.072806;2.767253;
AnkleLeft;0.3264692;-1.092883;2.903117;
FootRight;0.8375711;-1.128374;2.772512;
FootLeft;0.2181235;-1.128779;2.924592;
Head;0.4640053;0.5294076;2.896549;
ShoulderCenter;0.5610114;0.3458175;2.866061;
ShoulderRight;0.6027147;0.2012297;2.72787;
ShoulderLeft;0.4161252;0.04326789;2.939051;
ElbowRight;0.5668666;-0.03601151;2.612979;
ElbowLeft;0.4268341;-0.1926405;2.912855;
WristRight;0.4149187;-0.3126126;2.619743;
WristLeft;0.3123143;-0.3990473;2.890074;
HandRight;0.366373;-0.3710842;2.630053;
HandLeft;0.3291621;-0.4704513;2.96345;
Spine;0.5422243;-0.06333873;2.827233;
HipCenter;0.5368902;-0.1438978;2.823247;
HipRight;0.576928;-0.1946092;2.757103;
HipLeft;0.497208;-0.2412031;2.86906;
KneeRight;0.7134128;-0.7191629;2.772275;
KneeLeft;0.4272317;-0.752604;2.915147;
AnkleRight;0.8919976;-1.075915;2.770875;
AnkleLeft;0.3276454;-1.08828;2.89636;
FootRight;0.8324142;-1.137462;2.770332;
FootLeft;0.2330965;-1.13888;2.940326;
Head;0.4195802;0.5332462;2.918221;
ShoulderCenter;0.5029215;0.3405859;2.868699;
ShoulderRight;0.5534467;0.19788;2.732968;
ShoulderLeft;0.4013315;0.09944278;2.919729;
ElbowRight;0.5187776;-0.05243603;2.618769;
ElbowLeft;0.3766681;-0.1801525;2.91124;
WristRight;0.4125249;-0.2627207;2.616584;
WristLeft;0.3222419;-0.4096476;2.88961;
HandRight;0.3613197;-0.3524408;2.627425;
HandLeft;0.3391075;-0.4811267;2.963064;
Spine;0.4927967;-0.07616288;2.83172;
HipCenter;0.491756;-0.1591794;2.827891;
HipRight;0.5264252;-0.2071727;2.770384;
HipLeft;0.4561236;-0.2359015;2.871583;
KneeRight;0.6126842;-0.7286367;2.799947;
KneeLeft;0.4006198;-0.751583;2.914688;
AnkleRight;0.8886647;-1.077203;2.772946;
AnkleLeft;0.3268363;-1.086826;2.892418;
FootRight;0.8305937;-1.139332;2.763616;
FootLeft;0.2340757;-1.138596;2.938384;
Head;0.3799513;0.5374566;2.902925;
ShoulderCenter;0.4754609;0.3493005;2.871985;
ShoulderRight;0.5172464;0.2098302;2.741697;
ShoulderLeft;0.3738709;0.1081574;2.923014;
ElbowRight;0.4988065;-0.0370005;2.626355;
ElbowLeft;0.3326808;-0.1508136;2.928863;
WristRight;0.4021867;-0.2569605;2.619138;
WristLeft;0.278523;-0.3795645;2.905672;
HandRight;0.3479528;-0.3449423;2.627567;
HandLeft;0.2662085;-0.4548098;2.897855;
Spine;0.4551972;-0.06655187;2.838929;
HipCenter;0.4502192;-0.1495222;2.836261;
HipRight;0.4808666;-0.1993787;2.773579;
HipLeft;0.4114268;-0.2324312;2.885928;
KneeRight;0.5794131;-0.7403331;2.795865;
KneeLeft;0.3651953;-0.7473473;2.913846;
AnkleRight;0.8739746;-1.073304;2.767404;
AnkleLeft;0.3259029;-1.086115;2.89073;
FootRight;0.824609;-1.14308;2.768289;
FootLeft;0.2363626;-1.142498;2.937393;
Head;0.3435686;0.5523906;2.916133;
ShoulderCenter;0.4276647;0.3570096;2.875007;
ShoulderRight;0.4726168;0.2134798;2.74437;
ShoulderLeft;0.3260746;0.1158665;2.926036;
ElbowRight;0.464191;-0.01462701;2.633185;
ElbowLeft;0.3085048;-0.1504852;2.929915;
WristRight;0.3818246;-0.2459666;2.625203;
WristLeft;0.2248564;-0.3689091;2.928578;
HandRight;0.3307159;-0.3372966;2.63071;
HandLeft;0.2188467;-0.4455067;2.91872;
Spine;0.4337685;-0.06126773;2.822073;
HipCenter;0.4323488;-0.1444748;2.815281;
HipRight;0.4638548;-0.1867545;2.744679;
HipLeft;0.3971037;-0.2334482;2.863613;
KneeRight;0.5342409;-0.7335929;2.771344;
KneeLeft;0.3414079;-0.7461068;2.912224;
AnkleRight;0.8169353;-1.037154;2.754974;
AnkleLeft;0.3229418;-1.086657;2.887349;
FootRight;0.8183041;-1.123058;2.760888;
FootLeft;0.2347998;-1.143777;2.93778;
Head;0.3100657;0.550939;2.917523;
ShoulderCenter;0.4066481;0.3602115;2.878306;
ShoulderRight;0.4533253;0.2175529;2.7458;
ShoulderLeft;0.305058;0.1190684;2.929335;
ElbowRight;0.4417742;-0.01290178;2.634181;
ElbowLeft;0.2582963;-0.1376909;2.937186;
WristRight;0.3593998;-0.2310775;2.627212;
WristLeft;0.2525954;-0.3707688;2.931814;
HandRight;0.307834;-0.3222124;2.627795;
HandLeft;0.230964;-0.4450609;2.93006;
Spine;0.3762347;-0.05555139;2.857164;
HipCenter;0.372359;-0.1390402;2.856278;
HipRight;0.4029984;-0.1936515;2.796796;
HipLeft;0.3355625;-0.2170649;2.9055;
KneeRight;0.4697114;-0.7248725;2.762375;
KneeLeft;0.3082595;-0.7460371;2.906046;
AnkleRight;0.7524332;-1.016227;2.748499;
AnkleLeft;0.3188082;-1.087982;2.88534;
FootRight;0.7346646;-1.099894;2.737175;
FootLeft;0.2364993;-1.15181;2.938041;
Head;0.2910908;0.5611552;2.915806;
ShoulderCenter;0.3687589;0.3620095;2.890121;
ShoulderRight;0.4082802;0.2187278;2.747249;
ShoulderLeft;0.2671688;0.1208664;2.94115;
ElbowRight;0.4126109;-0.01725846;2.643185;
ElbowLeft;0.2352728;-0.1325812;2.929849;
WristRight;0.3023996;-0.2566884;2.626079;
WristLeft;0.1732947;-0.3453535;2.984885;
HandRight;0.2711537;-0.3563485;2.627327;
HandLeft;0.1506676;-0.4191659;2.985005;
Spine;0.3600492;-0.05902663;2.853727;
HipCenter;0.3563134;-0.1433258;2.850705;
HipRight;0.3894218;-0.1910185;2.797544;
HipLeft;0.317019;-0.2160039;2.889255;
KneeRight;0.4117047;-0.7146868;2.755414;
KneeLeft;0.2780979;-0.7426116;2.894958;
AnkleRight;0.6847681;-1.003187;2.752738;
AnkleLeft;0.3179279;-1.08971;2.886888;
FootRight;0.6595297;-1.079365;2.720516;
FootLeft;0.234871;-1.152994;2.939666;
Head;0.2337828;0.5437801;2.928795;
ShoulderCenter;0.3365163;0.3615291;2.89196;
ShoulderRight;0.3923772;0.2175678;2.750664;
ShoulderLeft;0.2349262;0.120386;2.94299;
ElbowRight;0.3840666;-0.02516264;2.65054;
ElbowLeft;0.1908127;-0.1515732;2.958759;
WristRight;0.26441;-0.2794835;2.631722;
WristLeft;0.1898798;-0.383523;2.953668;
HandRight;0.2435286;-0.3559294;2.622811;
HandLeft;0.1684219;-0.4565768;2.956605;
Spine;0.3162022;-0.03453311;2.849277;
HipCenter;0.3137131;-0.1137221;2.844317;
HipRight;0.3476913;-0.1708126;2.771189;
HipLeft;0.2787823;-0.2012374;2.897615;
KneeRight;0.3308577;-0.7004941;2.760682;
KneeLeft;0.2317003;-0.7927851;2.897517;
AnkleRight;0.5900218;-1.019225;2.754646;
AnkleLeft;0.3233703;-1.114079;2.88897;
FootRight;0.559311;-1.099757;2.744817;
FootLeft;0.2321536;-1.158601;2.947893;
Head;0.212605;0.5513992;2.925963;
ShoulderCenter;0.3065297;0.3633278;2.891976;
ShoulderRight;0.3534634;0.2210381;2.751338;
ShoulderLeft;0.2049396;0.1221847;2.943005;
ElbowRight;0.3641319;-0.02141303;2.651462;
ElbowLeft;0.1637598;-0.1315617;2.946175;
WristRight;0.2534862;-0.2582889;2.632203;
WristLeft;0.1206094;-0.3585877;2.945736;
HandRight;0.2238194;-0.3562036;2.63027;
HandLeft;0.1126932;-0.4338065;2.945746;
Spine;0.2900251;-0.03461916;2.855314;
HipCenter;0.285807;-0.1142003;2.851905;
HipRight;0.3174174;-0.1718063;2.781874;
HipLeft;0.2442165;-0.1986169;2.906839;
KneeRight;0.2480559;-0.6901116;2.768862;
KneeLeft;0.3716291;-0.6616514;2.952544;
AnkleRight;0.5104916;-1.019079;2.757897;
AnkleLeft;0.3158244;-1.094085;2.891248;
FootRight;0.4663999;-1.103662;2.750654;
FootLeft;0.2306064;-1.15476;2.946241;
Head;0.1715553;0.5439768;2.927752;
ShoulderCenter;0.2747363;0.3597038;2.888181;
ShoulderRight;0.3211332;0.2194302;2.753428;
ShoulderLeft;0.1731462;0.1185607;2.93921;
ElbowRight;0.3148743;-0.03270566;2.652767;
ElbowLeft;0.1367998;-0.1106678;2.93487;
WristRight;0.2360383;-0.2567684;2.633417;
WristLeft;0.094559;-0.3351384;2.952524;
HandRight;0.2014441;-0.3527214;2.631654;
HandLeft;0.07698386;-0.4080147;2.960622;
Spine;0.2376188;-0.04717235;2.877157;
HipCenter;0.2317572;-0.1283695;2.878808;
HipRight;0.2557871;-0.1821469;2.816436;
HipLeft;0.1974192;-0.2173834;2.934309;
KneeRight;0.1943453;-0.7017018;2.78493;
KneeLeft;0.3368052;-0.6982432;2.915646;
AnkleRight;0.4248219;-1.050611;2.773039;
AnkleLeft;0.3134303;-1.094822;2.83534;
FootRight;0.3689815;-1.117901;2.757887;
FootLeft;0.2456801;-1.144935;2.920865;
Head;0.142067;0.5572286;2.930014;
ShoulderCenter;0.2353105;0.3663279;2.889123;
ShoulderRight;0.3011386;0.2228831;2.753778;
ShoulderLeft;0.1337205;0.1251848;2.940153;
ElbowRight;0.296512;-0.03694218;2.654097;
ElbowLeft;0.08872567;-0.1443776;2.953755;
WristRight;0.2098241;-0.2554179;2.635588;
WristLeft;0.08596671;-0.3744442;2.92077;
HandRight;0.1751924;-0.3514192;2.639018;
HandLeft;0.060421;-0.445462;2.921469;
Spine;0.2249504;-0.05095819;2.86701;
HipCenter;0.2202083;-0.1341388;2.865796;
HipRight;0.2510548;-0.1830379;2.807975;
HipLeft;0.1813134;-0.2218554;2.912751;
KneeRight;0.1576186;-0.7085775;2.799038;
KneeLeft;0.325203;-0.70833;2.920747;
AnkleRight;0.3514555;-1.075199;2.773817;
AnkleLeft;0.2347738;-1.084002;2.765582;
FootRight;0.2407171;-1.122359;2.778252;
FootLeft;0.1671724;-1.134477;2.851541;
Head;0.1144648;0.5606803;2.923687;
ShoulderCenter;0.2074312;0.368864;2.896099;
ShoulderRight;0.2596081;0.2240248;2.760696;
ShoulderLeft;0.1058411;0.1277209;2.947129;
ElbowRight;0.2725486;-0.02819878;2.655409;
ElbowLeft;0.06732131;-0.1426704;2.959813;
WristRight;0.1928717;-0.2485401;2.638277;
WristLeft;-0.02121951;-0.3345908;2.852248;
HandRight;0.1465192;-0.3402013;2.636133;
HandLeft;-0.04310133;-0.4073059;2.852255;
Spine;0.195099;-0.04975628;2.867547;
HipCenter;0.1938031;-0.1334691;2.865402;
HipRight;0.2257782;-0.1792719;2.809516;
HipLeft;0.1587996;-0.2164679;2.909782;
KneeRight;0.1256399;-0.7159806;2.815631;
KneeLeft;0.2695199;-0.7220221;2.930753;
AnkleRight;0.3481064;-1.080501;2.891349;
AnkleLeft;0.317467;-1.097285;2.8693;
FootRight;0.2330682;-1.116627;2.882754;
FootLeft;0.2496188;-1.147945;2.955574;
Head;0.07484496;0.559406;2.923282;
ShoulderCenter;0.1728263;0.3693343;2.901854;
ShoulderRight;0.2425894;0.2269146;2.761322;
ShoulderLeft;0.07123626;0.1281912;2.952883;
ElbowRight;0.2487708;-0.02949561;2.654423;
ElbowLeft;0.02953578;-0.1421382;2.966486;
WristRight;0.1167486;-0.3123982;2.635632;
WristLeft;-0.01090633;-0.375529;3.096367;
HandRight;0.0948581;-0.3817256;2.613133;
HandLeft;-0.04084676;-0.4013795;3.161383;
Spine;0.1553986;-0.06807404;2.860558;
HipCenter;0.1502831;-0.1569459;2.855221;
HipRight;0.1937506;-0.1883499;2.815856;
HipLeft;0.1105792;-0.2275887;2.880851;
KneeRight;0.02975692;-0.6727136;2.79289;
KneeLeft;0.3454371;-0.7787315;2.949342;
AnkleRight;0.2564958;-1.055042;2.869264;
AnkleLeft;0.3018735;-1.110647;2.875078;
FootRight;0.1845736;-1.099169;2.807654;
FootLeft;0.2070383;-1.15428;2.915648;
Head;0.04397852;0.5582106;2.914116;
ShoulderCenter;0.1361351;0.3649091;2.898037;
ShoulderRight;0.1896641;0.2256087;2.757563;
ShoulderLeft;0.03454507;0.123766;2.949066;
ElbowRight;0.2166119;-0.0291945;2.657709;
ElbowLeft;-0.004884326;-0.1464403;2.962634;
WristRight;0.09176884;-0.3151773;2.632907;
WristLeft;-0.03648459;-0.3433089;3.063743;
HandRight;0.07581164;-0.3876003;2.615481;
HandLeft;-0.07242415;-0.3986712;3.10178;
Spine;0.1273261;-0.06703034;2.859152;
HipCenter;0.1259332;-0.154084;2.854799;
HipRight;0.1520119;-0.185043;2.830693;
HipLeft;0.08664927;-0.215546;2.870696;
KneeRight;-0.01150865;-0.6309112;2.795997;
KneeLeft;0.09047788;-0.7375566;2.853878;
AnkleRight;0.2311283;-1.009951;2.859963;
AnkleLeft;-0.05311894;-1.093277;2.776747;
FootRight;0.1566911;-1.054908;2.801544;
FootLeft;-0.1332069;-1.130766;2.766269;
Head;0.01394949;0.5588766;2.917447;
ShoulderCenter;0.1065686;0.364154;2.895861;
ShoulderRight;0.1769494;0.2221997;2.759089;
ShoulderLeft;0.004978564;0.1230109;2.94689;
ElbowRight;0.1858607;-0.04109725;2.661668;
ElbowLeft;-0.03586983;-0.1473231;2.960268;
WristRight;0.08697126;-0.2643396;2.621764;
WristLeft;-0.08105396;-0.3296675;3.079367;
HandRight;0.04542774;-0.3580901;2.610207;
HandLeft;-0.1202973;-0.393484;3.093681;
Spine;0.08892986;-0.05484068;2.856005;
HipCenter;0.08437354;-0.1378804;2.851601;
HipRight;0.1186577;-0.1895636;2.790798;
HipLeft;0.04112349;-0.2179183;2.89634;
KneeRight;-0.05903997;-0.6404465;2.800083;
KneeLeft;0.04939495;-0.7369218;2.849115;
AnkleRight;0.2165063;-1.001907;2.858019;
AnkleLeft;-0.1580337;-1.091715;2.780514;
FootRight;0.1448367;-1.046175;2.795336;
FootLeft;-0.2603192;-1.122126;2.781141;
Head;-0.02698357;0.554862;2.931422;
ShoulderCenter;0.06515338;0.3584701;2.891944;
ShoulderRight;0.1268852;0.2104137;2.755853;
ShoulderLeft;-0.03643667;0.117327;2.942973;
ElbowRight;0.1407307;-0.05022676;2.652038;
ElbowLeft;-0.07636224;-0.1529544;2.956389;
WristRight;0.07085208;-0.2694225;2.61719;
WristLeft;-0.130827;-0.3199145;3.09125;
HandRight;0.03185116;-0.3424171;2.606054;
HandLeft;-0.1607705;-0.3845572;3.065003;
Spine;0.04967059;-0.06878845;2.852314;
HipCenter;0.04684778;-0.1540154;2.848096;
HipRight;0.08631136;-0.2002181;2.800339;
HipLeft;0.007323902;-0.221306;2.882693;
KneeRight;0.2191002;-0.7456496;2.933838;
KneeLeft;-0.08741842;-0.7791167;2.80447;
AnkleRight;0.2807276;-1.083088;2.877821;
AnkleLeft;-0.2561713;-1.099164;2.790306;
FootRight;0.2084457;-1.127356;2.816973;
FootLeft;-0.3748449;-1.116844;2.788976;
Head;-0.08034593;0.5303114;2.928627;
ShoulderCenter;0.03961998;0.3488349;2.88897;
ShoulderRight;0.1049838;0.2068017;2.756104;
ShoulderLeft;-0.06197009;0.1076918;2.94;
ElbowRight;0.109451;-0.05887473;2.647103;
ElbowLeft;-0.1024839;-0.1627437;2.953344;
WristRight;0.02696387;-0.2955455;2.610065;
WristLeft;-0.1802306;-0.3274351;3.08385;
HandRight;-0.003752507;-0.3935121;2.613755;
HandLeft;-0.2212767;-0.3887371;3.065867;
Spine;0.02686072;-0.08438957;2.845256;
HipCenter;0.02398859;-0.1713099;2.840044;
HipRight;0.06527378;-0.209581;2.814519;
HipLeft;-0.02552905;-0.2284846;2.844603;
KneeRight;0.2147764;-0.7466882;2.934484;
KneeLeft;-0.09972344;-0.7495693;2.800853;
AnkleRight;0.2794449;-1.081207;2.878407;
AnkleLeft;-0.3051094;-1.1003;2.80526;
FootRight;0.2080197;-1.125467;2.816239;
FootLeft;-0.3988126;-1.123185;2.795398;
Head;-0.09309477;0.550064;2.919255;
ShoulderCenter;-0.004349364;0.3511631;2.890651;
ShoulderRight;0.05209567;0.2043364;2.756196;
ShoulderLeft;-0.1059394;0.11002;2.941681;
ElbowRight;0.07861707;-0.05441476;2.644839;
ElbowLeft;-0.1461246;-0.1603397;2.954964;
WristRight;0.009337257;-0.2973123;2.608317;
WristLeft;-0.2157864;-0.3273883;3.083615;
HandRight;-0.01827803;-0.3967664;2.608839;
HandLeft;-0.2605872;-0.3889653;3.07897;
Spine;-0.02355374;-0.09465464;2.833477;
HipCenter;-0.02682016;-0.1838486;2.825717;
HipRight;0.0090363;-0.2218717;2.819932;
HipLeft;-0.06390823;-0.2288913;2.820221;
KneeRight;0.1964605;-0.7540334;2.937057;
KneeLeft;-0.1284933;-0.7644136;2.808719;
AnkleRight;0.2628305;-1.085419;2.881565;
AnkleLeft;-0.305891;-1.10052;2.806947;
FootRight;0.1887138;-1.129373;2.821937;
FootLeft;-0.3978714;-1.129291;2.803332;
Head;-0.1254238;0.5439242;2.907937;
ShoulderCenter;-0.03994441;0.343388;2.884306;
ShoulderRight;0.0283577;0.20205;2.753255;
ShoulderLeft;-0.1415345;0.1022449;2.935335;
ElbowRight;0.03920591;-0.06148014;2.634029;
ElbowLeft;-0.1819652;-0.1681277;2.948546;
WristRight;-0.03578493;-0.3181551;2.605922;
WristLeft;-0.2537273;-0.3249842;3.087492;
HandRight;-0.04607764;-0.4206783;2.60476;
HandLeft;-0.283531;-0.3937079;3.073718;
Spine;-0.054498;-0.09933095;2.825224;
HipCenter;-0.05778897;-0.1879852;2.817012;
HipRight;-0.02106088;-0.2276294;2.805489;
HipLeft;-0.1004341;-0.2343388;2.814733;
KneeRight;0.1560209;-0.7468939;2.936919;
KneeLeft;-0.1461003;-0.7595932;2.809332;
AnkleRight;0.2738489;-1.087433;2.889389;
AnkleLeft;-0.3049004;-1.101746;2.810979;
FootRight;0.2344565;-1.158162;2.925357;
FootLeft;-0.3938653;-1.135974;2.811265;
Head;-0.1691126;0.5342603;2.887709;
ShoulderCenter;-0.07535131;0.3393495;2.880276;
ShoulderRight;-0.02680958;0.1870524;2.743504;
ShoulderLeft;-0.1769414;0.09820643;2.931306;
ElbowRight;0.0002536043;-0.07846651;2.634465;
ElbowLeft;-0.217208;-0.1721336;2.944471;
WristRight;-0.06348429;-0.3355622;2.600999;
WristLeft;-0.2943845;-0.3339611;3.075637;
HandRight;-0.07653;-0.4264991;2.596826;
HandLeft;-0.3359814;-0.3972133;3.072946;
Spine;-0.1054606;-0.1150116;2.82084;
HipCenter;-0.110205;-0.2057381;2.812816;
HipRight;-0.07610005;-0.2438991;2.799653;
HipLeft;-0.1485287;-0.2482496;2.813844;
KneeRight;0.1276789;-0.7652515;2.936242;
KneeLeft;-0.1586415;-0.7548901;2.814834;
AnkleRight;0.2724872;-1.086289;2.892478;
AnkleLeft;-0.3043464;-1.104993;2.820372;
FootRight;0.2320564;-1.156214;2.929216;
FootLeft;-0.3802816;-1.148564;2.763508;
Head;-0.2049151;0.5330611;2.879993;
ShoulderCenter;-0.109082;0.3386179;2.873431;
ShoulderRight;-0.05011682;0.1884725;2.737845;
ShoulderLeft;-0.210672;0.09747481;2.924461;
ElbowRight;-0.04443043;-0.07927155;2.631306;
ElbowLeft;-0.2510516;-0.1728708;2.937564;
WristRight;-0.09112204;-0.3133091;2.601254;
WristLeft;-0.3262266;-0.3470716;3.068285;
HandRight;-0.1086791;-0.4087256;2.589425;
HandLeft;-0.3563787;-0.4157014;3.066014;
Spine;-0.119096;-0.1117027;2.817358;
HipCenter;-0.1222288;-0.2019559;2.809621;
HipRight;-0.08746501;-0.2411445;2.788298;
HipLeft;-0.1623785;-0.2482484;2.816913;
KneeRight;0.06598176;-0.747087;2.936361;
KneeLeft;-0.110807;-0.7506531;2.863343;
AnkleRight;0.2625846;-1.083862;2.898629;
AnkleLeft;-0.3051223;-1.104784;2.822943;
FootRight;0.2306479;-1.160731;2.929931;
FootLeft;-0.3782854;-1.148966;2.762598;
Head;-0.2444107;0.551125;2.882411;
ShoulderCenter;-0.1615897;0.348277;2.863041;
ShoulderRight;-0.0993692;0.1956955;2.731642;
ShoulderLeft;-0.2631798;0.1071339;2.91407;
ElbowRight;-0.07811226;-0.07552303;2.627552;
ElbowLeft;-0.3035151;-0.1632114;2.927131;
WristRight;-0.1235817;-0.3048247;2.599616;
WristLeft;-0.356077;-0.3620985;3.061304;
HandRight;-0.1431844;-0.3874623;2.599637;
HandLeft;-0.3957458;-0.425773;3.061674;
Spine;-0.1685552;-0.08553729;2.806283;
HipCenter;-0.1699483;-0.1723002;2.798654;
HipRight;-0.1325539;-0.1987607;2.794946;
HipLeft;-0.2086753;-0.2288328;2.78967;
KneeRight;0.02928719;-0.7684723;2.922557;
KneeLeft;-0.1608179;-0.7477683;2.862165;
AnkleRight;0.2409196;-1.029784;2.898816;
AnkleLeft;-0.3046681;-1.104309;2.823289;
FootRight;0.1982929;-1.1343;2.940995;
FootLeft;-0.3766001;-1.148499;2.761223;
Head;-0.2886773;0.5463167;2.874935;
ShoulderCenter;-0.1885575;0.3515649;2.861542;
ShoulderRight;-0.132371;0.1999667;2.727449;
ShoulderLeft;-0.2901476;0.1104218;2.912571;
ElbowRight;-0.1229296;-0.05004135;2.618549;
ElbowLeft;-0.3304829;-0.1599235;2.92558;
WristRight;-0.1749514;-0.2755207;2.592409;
WristLeft;-0.3929013;-0.3609796;3.058186;
HandRight;-0.1780769;-0.3771202;2.596518;
HandLeft;-0.440255;-0.4193874;3.058027;
Spine;-0.2171177;-0.06520193;2.810313;
HipCenter;-0.2209128;-0.148789;2.803912;
HipRight;-0.1906298;-0.1950252;2.742402;
HipLeft;-0.2571796;-0.2343442;2.846421;
KneeRight;-0.02657892;-0.7499652;2.922158;
KneeLeft;-0.1838918;-0.7460688;2.861477;
AnkleRight;0.1970683;-0.9993991;2.894586;
AnkleLeft;-0.3040073;-1.103784;2.823323;
FootRight;0.1567987;-1.106861;2.932248;
FootLeft;-0.3785625;-1.147543;2.763678;
Head;-0.3111621;0.5539464;2.867115;
ShoulderCenter;-0.2239603;0.3533791;2.859782;
ShoulderRight;-0.1556775;0.2052977;2.721584;
ShoulderLeft;-0.3255503;0.112236;2.910811;
ElbowRight;-0.147701;-0.04427634;2.613775;
ElbowLeft;-0.3658857;-0.1581093;2.923819;
WristRight;-0.2231382;-0.3285674;2.607587;
WristLeft;-0.422495;-0.360081;3.056625;
HandRight;-0.2322084;-0.4032992;2.609047;
HandLeft;-0.4663734;-0.421268;3.05688;
Spine;-0.2491148;-0.06223806;2.819519;
HipCenter;-0.2556927;-0.1452202;2.815782;
HipRight;-0.2208711;-0.1948979;2.750524;
HipLeft;-0.3022997;-0.2333789;2.866797;
KneeRight;-0.07021768;-0.762056;2.912329;
KneeLeft;-0.2052037;-0.7499543;2.865317;
AnkleRight;0.1346288;-1.024023;2.904675;
AnkleLeft;-0.3074503;-1.100315;2.817239;
FootRight;0.07703894;-1.121448;2.946352;
FootLeft;-0.3774021;-1.155218;2.823459;
Head;-0.3400679;0.5658813;2.863606;
ShoulderCenter;-0.2622553;0.3599978;2.851343;
ShoulderRight;-0.202554;0.2098866;2.719449;
ShoulderLeft;-0.3638454;0.1188547;2.902372;
ElbowRight;-0.1954662;-0.04952478;2.613032;
ElbowLeft;-0.4041807;-0.1514907;2.915406;
WristRight;-0.274494;-0.3175612;2.604847;
WristLeft;-0.4647209;-0.3532079;3.047691;
HandRight;-0.2888312;-0.4052226;2.603865;
HandLeft;-0.5111716;-0.4125666;3.047517;
Spine;-0.2690986;-0.0459244;2.809778;
HipCenter;-0.2717382;-0.1273093;2.805327;
HipRight;-0.2394085;-0.183729;2.725729;
HipLeft;-0.3076357;-0.227758;2.864628;
KneeRight;-0.3165165;-0.6925632;2.771754;
KneeLeft;-0.1877074;-0.7487409;2.919982;
AnkleRight;-0.2168846;-1.007049;2.782006;
AnkleLeft;-0.3094105;-1.098223;2.814739;
FootRight;-0.302053;-1.083212;2.821427;
FootLeft;-0.3775983;-1.155231;2.823755;
Head;-0.3675278;0.5667688;2.860861;
ShoulderCenter;-0.2859769;0.3617529;2.848602;
ShoulderRight;-0.2302452;0.211727;2.717505;
ShoulderLeft;-0.387567;0.1206098;2.899631;
ElbowRight;-0.2307511;-0.04066661;2.609731;
ElbowLeft;-0.4636387;-0.1209868;2.934726;
WristRight;-0.3263991;-0.3325382;2.612834;
WristLeft;-0.5224687;-0.3230292;3.067418;
HandRight;-0.3271601;-0.407919;2.609893;
HandLeft;-0.5677983;-0.3833342;3.067607;
Spine;-0.2997073;-0.07342546;2.790812;
HipCenter;-0.3022059;-0.162293;2.782064;
HipRight;-0.260382;-0.1976715;2.765923;
HipLeft;-0.344368;-0.2086565;2.784549;
KneeRight;-0.3188897;-0.6943571;2.771575;
KneeLeft;-0.1874811;-0.7688352;2.968281;
AnkleRight;-0.1975887;-0.9997239;2.808921;
AnkleLeft;-0.312039;-1.098407;2.812432;
FootRight;-0.2854988;-1.083483;2.822338;
FootLeft;-0.379946;-1.156848;2.823674;
Head;-0.4013893;0.5672855;2.861994;
ShoulderCenter;-0.331776;0.3611767;2.846449;
ShoulderRight;-0.2564983;0.2109126;2.715912;
ShoulderLeft;-0.4333661;0.1200336;2.897479;
ElbowRight;-0.270867;-0.0545238;2.610051;
ElbowLeft;-0.4914408;-0.1220187;2.933954;
WristRight;-0.369359;-0.3377462;2.606151;
WristLeft;-0.52239;-0.3481815;2.881491;
HandRight;-0.3966643;-0.4075295;2.605985;
HandLeft;-0.5379186;-0.4213705;2.88568;
Spine;-0.3178431;-0.0618998;2.796966;
HipCenter;-0.3183434;-0.1465642;2.790689;
HipRight;-0.2769185;-0.190458;2.747883;
HipLeft;-0.3652898;-0.2110624;2.832368;
KneeRight;-0.3214942;-0.7008748;2.773079;
KneeLeft;-0.2164197;-0.7877122;2.946885;
AnkleRight;-0.2051254;-1.003704;2.80725;
AnkleLeft;-0.3278168;-1.105;2.804353;
FootRight;-0.2963211;-1.083697;2.82024;
FootLeft;-0.3940023;-1.164506;2.818846;
Head;-0.4387954;0.5677643;2.859588;
ShoulderCenter;-0.3561233;0.3662434;2.844941;
ShoulderRight;-0.2936668;0.2188306;2.714766;
ShoulderLeft;-0.4577134;0.1251003;2.895971;
ElbowRight;-0.3129069;-0.0303136;2.601777;
ElbowLeft;-0.5271158;-0.1161883;2.932045;
WristRight;-0.4244144;-0.3213958;2.610551;
WristLeft;-0.5346541;-0.3429769;2.873188;
HandRight;-0.4602974;-0.3865672;2.606773;
HandLeft;-0.550091;-0.4157335;2.877352;
Spine;-0.3626925;-0.06407449;2.818099;
HipCenter;-0.3621607;-0.1505693;2.816654;
HipRight;-0.3189969;-0.1869501;2.815394;
HipLeft;-0.4015082;-0.2015701;2.812472;
KneeRight;-0.3237116;-0.7069513;2.772948;
KneeLeft;-0.5194332;-0.6990456;2.941178;
AnkleRight;-0.2395126;-1.024697;2.7785;
AnkleLeft;-0.2140472;-1.02571;2.921654;
FootRight;-0.3251859;-1.104569;2.815105;
FootLeft;-0.2005919;-1.111837;2.946718;
Head;-0.4668651;0.576843;2.859502;
ShoulderCenter;-0.3963167;0.3707505;2.84687;
ShoulderRight;-0.3334232;0.2191112;2.710365;
ShoulderLeft;-0.4979068;0.1296073;2.897899;
ElbowRight;-0.3414607;-0.03832917;2.603502;
ElbowLeft;-0.5605739;-0.1129723;2.934043;
WristRight;-0.4808387;-0.3143441;2.603122;
WristLeft;-0.565804;-0.3375499;2.865339;
HandRight;-0.5068808;-0.3837294;2.601665;
HandLeft;-0.5811648;-0.4099481;2.869483;
Spine;-0.4055559;-0.06154051;2.825268;
HipCenter;-0.4091142;-0.1479416;2.825044;
HipRight;-0.3687859;-0.1863255;2.77307;
HipLeft;-0.4537626;-0.2288288;2.868886;
KneeRight;-0.331232;-0.7269372;2.780457;
KneeLeft;-0.5383686;-0.720174;2.937289;
AnkleRight;-0.2939788;-1.089818;2.805027;
AnkleLeft;-0.4138757;-1.091281;2.932681;
FootRight;-0.3792077;-1.151755;2.837851;
FootLeft;-0.4432641;-1.168232;2.970228;
Head;-0.5378168;0.5562664;2.862148;
ShoulderCenter;-0.4206936;0.372165;2.848338;
ShoulderRight;-0.3677942;0.2228532;2.709167;
ShoulderLeft;-0.5222837;0.1310219;2.899367;
ElbowRight;-0.395077;-0.03159211;2.606071;
ElbowLeft;-0.5890937;-0.1112896;2.935789;
WristRight;-0.5256478;-0.2986778;2.602886;
WristLeft;-0.6231246;-0.3365673;2.883946;
HandRight;-0.5537897;-0.3717246;2.59456;
HandLeft;-0.6384225;-0.4086694;2.888073;
Spine;-0.441971;-0.02552509;2.846344;
HipCenter;-0.4441315;-0.1051847;2.849535;
HipRight;-0.41724;-0.1680583;2.793124;
HipLeft;-0.4749134;-0.1857582;2.901558;
KneeRight;-0.3415694;-0.7333208;2.784511;
KneeLeft;-0.5671197;-0.7656877;2.931121;
AnkleRight;-0.2996627;-1.094633;2.810965;
AnkleLeft;-0.4941808;-1.132459;2.961648;
FootRight;-0.3796712;-1.151741;2.837913;
FootLeft;-0.5559582;-1.191717;2.989024;
Head;-0.5654027;0.5654267;2.862921;
ShoulderCenter;-0.4638571;0.3724632;2.85132;
ShoulderRight;-0.4027208;0.2256414;2.706879;
ShoulderLeft;-0.5654472;0.1313201;2.902349;
ElbowRight;-0.4483055;-0.03801285;2.599569;
ElbowLeft;-0.6298734;-0.1110599;2.938658;
WristRight;-0.5602456;-0.2753662;2.593449;
WristLeft;-0.6432365;-0.3381897;2.885236;
HandRight;-0.6055812;-0.3637266;2.603552;
HandLeft;-0.6585264;-0.4102535;2.889361;
Spine;-0.4674617;-0.01166597;2.848242;
HipCenter;-0.4702115;-0.08786539;2.851494;
HipRight;-0.4391671;-0.160864;2.786866;
HipLeft;-0.501582;-0.1734077;2.911967;
KneeRight;-0.3534727;-0.7347726;2.786429;
KneeLeft;-0.5973698;-0.7556102;2.929372;
AnkleRight;-0.2993514;-1.096047;2.812606;
AnkleLeft;-0.5928128;-1.124574;2.964118;
FootRight;-0.3837603;-1.154231;2.844379;
FootLeft;-0.6883252;-1.168848;3.026409;
Head;-0.5772437;0.5713818;2.85004;
ShoulderCenter;-0.4912959;0.3732316;2.850711;
ShoulderRight;-0.4375373;0.2223602;2.706068;
ShoulderLeft;-0.592886;0.1320885;2.90174;
ElbowRight;-0.488045;-0.04785314;2.59358;
ElbowLeft;-0.6589397;-0.1102675;2.938142;
WristRight;-0.6107346;-0.2747609;2.600983;
WristLeft;-0.6853166;-0.3363971;2.885346;
HandRight;-0.6519724;-0.365021;2.611656;
HandLeft;-0.7006036;-0.4084479;2.88947;
Spine;-0.5003243;-0.01328869;2.849754;
HipCenter;-0.5010247;-0.0904099;2.853248;
HipRight;-0.4733495;-0.1567113;2.793552;
HipLeft;-0.5335004;-0.1698707;2.909544;
KneeRight;-0.4028174;-0.7415951;2.801861;
KneeLeft;-0.6369694;-0.7731156;2.926352;
AnkleRight;-0.299118;-1.099052;2.81839;
AnkleLeft;-0.7101519;-1.125909;2.96827;
FootRight;-0.3836748;-1.154029;2.844086;
FootLeft;-0.8108405;-1.171978;3.021337;
Head;-0.536682;0.5177326;2.88001;
ShoulderCenter;-0.5328276;0.2989342;2.842924;
ShoulderRight;-0.469161;0.2188427;2.706484;
ShoulderLeft;-0.6344177;0.05779108;2.893953;
ElbowRight;-0.515825;-0.04542787;2.594197;
ElbowLeft;-0.6999274;-0.1845869;2.930389;
WristRight;-0.6383128;-0.2622483;2.599154;
WristLeft;-0.6696461;-0.2998203;2.626699;
HandRight;-0.678882;-0.3532927;2.609642;
HandLeft;-0.6894956;-0.3932849;2.610778;
Spine;-0.5154082;-0.02701565;2.832639;
HipCenter;-0.5125846;-0.0955957;2.835802;
HipRight;-0.4891569;-0.1710197;2.760679;
HipLeft;-0.5385512;-0.1938265;2.888182;
KneeRight;-0.4089703;-0.7416732;2.802583;
KneeLeft;-0.6838906;-0.7791055;2.928836;
AnkleRight;-0.2997728;-1.099616;2.819335;
AnkleLeft;-0.8368596;-1.134403;2.976824;
FootRight;-0.38582;-1.15486;2.846526;
FootLeft;-0.9396947;-1.169357;3.010541;
Head;-0.5350255;0.5763863;2.880641;
ShoulderCenter;-0.5750603;0.3608809;2.847637;
ShoulderRight;-0.5111556;0.2152343;2.708066;
ShoulderLeft;-0.6766504;0.1197378;2.898666;
ElbowRight;-0.5602808;-0.03553866;2.597239;
ElbowLeft;-0.7421602;-0.1226402;2.935071;
WristRight;-0.6898718;-0.2648178;2.607696;
WristLeft;-0.715793;-0.2791985;2.651325;
HandRight;-0.729319;-0.3568285;2.617091;
HandLeft;-0.7334425;-0.3824403;2.617331;
Spine;-0.5318663;-0.02465232;2.791706;
HipCenter;-0.5244684;-0.1015808;2.781135;
HipRight;-0.483332;-0.1500355;2.714211;
HipLeft;-0.5501969;-0.1939704;2.823185;
KneeRight;-0.4250877;-0.7369266;2.801187;
KneeLeft;-0.726329;-0.7775189;2.929563;
AnkleRight;-0.3023065;-1.100816;2.822252;
AnkleLeft;-0.9434233;-1.137767;2.974557;
FootRight;-0.385582;-1.15449;2.846143;
FootLeft;-1.060292;-1.163098;3.003616;
Head;-0.5931783;0.5737916;2.890424;
ShoulderCenter;-0.5982441;0.3538816;2.848072;
ShoulderRight;-0.5540481;0.2097211;2.708266;
ShoulderLeft;-0.6998342;0.1127385;2.899101;
ElbowRight;-0.597405;-0.04040353;2.603656;
ElbowLeft;-0.765344;-0.1296395;2.935466;
WristRight;-0.7453737;-0.2873793;2.606381;
WristLeft;-0.7464651;-0.2867663;2.651658;
HandRight;-0.789284;-0.375212;2.628253;
HandLeft;-0.7820575;-0.3485565;2.67274;
Spine;-0.5539172;-0.03341003;2.792512;
HipCenter;-0.5449577;-0.1105953;2.784081;
HipRight;-0.5070841;-0.1605611;2.715523;
HipLeft;-0.5675507;-0.2045472;2.82807;
KneeRight;-0.4382178;-0.7350843;2.797004;
KneeLeft;-0.7430563;-0.7895801;2.930241;
AnkleRight;-0.3090487;-1.099087;2.822229;
AnkleLeft;-0.956478;-1.131209;2.968449;
FootRight;-0.3786053;-1.154218;2.842206;
FootLeft;-1.076011;-1.155672;2.984678;
Head;-0.6110473;0.5675241;2.895493;
ShoulderCenter;-0.648106;0.3501642;2.852604;
ShoulderRight;-0.5767176;0.2068615;2.714058;
ShoulderLeft;-0.7496961;0.1090211;2.903633;
ElbowRight;-0.6412629;-0.04496026;2.604834;
ElbowLeft;-0.8152059;-0.1333569;2.939976;
WristRight;-0.7569984;-0.2796337;2.604969;
WristLeft;-0.7934174;-0.2917328;2.657254;
HandRight;-0.8031162;-0.3664739;2.626975;
HandLeft;-0.8140486;-0.3580267;2.684195;
Spine;-0.6066769;-0.0208169;2.79859;
HipCenter;-0.5983911;-0.09501313;2.791504;
HipRight;-0.5574556;-0.1516793;2.716789;
HipLeft;-0.6219479;-0.1939666;2.839545;
KneeRight;-0.4591112;-0.7365313;2.791551;
KneeLeft;-0.7842138;-0.7192499;2.912981;
AnkleRight;-0.3132637;-1.098209;2.82127;
AnkleLeft;-0.9559529;-1.123968;2.961911;
FootRight;-0.3824407;-1.154019;2.840751;
FootLeft;-1.069405;-1.170737;2.952056;
Head;-0.7815793;0.5455508;2.88956;
ShoulderCenter;-0.6857761;0.3468497;2.85747;
ShoulderRight;-0.628762;0.2021561;2.717771;
ShoulderLeft;-0.7873663;0.1057066;2.9085;
ElbowRight;-0.6859511;-0.06220534;2.609109;
ElbowLeft;-0.8528761;-0.1366714;2.944816;
WristRight;-0.8170969;-0.2952889;2.617441;
WristLeft;-0.8368062;-0.3197838;2.677943;
HandRight;-0.8510538;-0.387597;2.639404;
HandLeft;-0.8507239;-0.3872837;2.706201;
Spine;-0.6297457;-0.0244869;2.797825;
HipCenter;-0.6190767;-0.09870233;2.789913;
HipRight;-0.5763825;-0.1578927;2.711394;
HipLeft;-0.6400693;-0.1998637;2.839125;
KneeRight;-0.4774266;-0.7456955;2.790929;
KneeLeft;-0.8247471;-0.7868426;2.917867;
AnkleRight;-0.3227606;-1.103753;2.82921;
AnkleLeft;-0.9477226;-1.131396;2.951494;
FootRight;-0.3949067;-1.15871;2.84006;
FootLeft;-1.058843;-1.178974;2.977184;
Head;-0.7131288;0.5640148;2.898929;
ShoulderCenter;-0.7217816;0.3428566;2.863034;
ShoulderRight;-0.65108;0.1980566;2.72296;
ShoulderLeft;-0.8233716;0.1017135;2.914063;
ElbowRight;-0.7089161;-0.06398296;2.610594;
ElbowLeft;-0.8888814;-0.1406645;2.950343;
WristRight;-0.8375064;-0.2965929;2.61962;
WristLeft;-0.865714;-0.3076884;2.673049;
HandRight;-0.8909411;-0.3807709;2.637518;
HandLeft;-0.9031383;-0.416289;2.645157;
Spine;-0.6864598;-0.03651606;2.806138;
HipCenter;-0.678184;-0.1122563;2.798299;
HipRight;-0.6370871;-0.1726212;2.716796;
HipLeft;-0.70099;-0.2192918;2.850005;
KneeRight;-0.5988333;-0.7551793;2.815507;
KneeLeft;-0.8370853;-0.7873976;2.918889;
AnkleRight;-0.3334908;-1.103576;2.82869;
AnkleLeft;-0.9448054;-1.12493;2.942641;
FootRight;-0.4024111;-1.162058;2.843755;
FootLeft;-1.054958;-1.177563;2.964246;
Head;-0.8638855;0.5393497;2.887976;
ShoulderCenter;-0.7521025;0.34955;2.870494;
ShoulderRight;-0.7038991;0.1995946;2.724071;
ShoulderLeft;-0.8536925;0.1084069;2.921523;
ElbowRight;-0.7475976;-0.06563908;2.61646;
ElbowLeft;-0.8803126;-0.13969;2.785203;
WristRight;-0.8741553;-0.3009108;2.624879;
WristLeft;-0.893892;-0.3505826;2.651048;
HandRight;-0.9087462;-0.3948169;2.642245;
HandLeft;-0.9114044;-0.4235804;2.650228;
Spine;-0.7105407;-0.03586051;2.809352;
HipCenter;-0.7029383;-0.112737;2.801018;
HipRight;-0.6709372;-0.1740436;2.723665;
HipLeft;-0.7223191;-0.2127146;2.850086;
KneeRight;-0.6265451;-0.7501019;2.811254;
KneeLeft;-0.8883967;-0.7898852;2.918881;
AnkleRight;-0.3655187;-1.096837;2.818676;
AnkleLeft;-0.9446331;-1.12739;2.938216;
FootRight;-0.3929684;-1.180758;2.841818;
FootLeft;-1.041234;-1.196753;2.94841;
Head;-0.9019016;0.543785;2.891504;
ShoulderCenter;-0.7895562;0.3531953;2.866875;
ShoulderRight;-0.734191;0.2069026;2.731644;
ShoulderLeft;-0.7720835;0.2269494;2.687908;
ElbowRight;-0.7733889;-0.05858967;2.621114;
ElbowLeft;-0.834729;-0.03726563;2.657664;
WristRight;-0.9198846;-0.3125432;2.626865;
WristLeft;-0.8968024;-0.3068374;2.634256;
HandRight;-0.9442427;-0.3984921;2.644188;
HandLeft;-0.9217638;-0.4047822;2.641606;
Spine;-0.7649317;-0.03092747;2.807326;
HipCenter;-0.758884;-0.1078613;2.799265;
HipRight;-0.7476375;-0.1651319;2.727985;
HipLeft;-0.7556723;-0.1900025;2.846533;
KneeRight;-0.6616142;-0.7508638;2.791975;
KneeLeft;-0.8999245;-0.7893375;2.918742;
AnkleRight;-0.4042987;-1.079396;2.814549;
AnkleLeft;-0.9467281;-1.131039;2.935483;
FootRight;-0.3877901;-1.168042;2.829412;
FootLeft;-0.8677719;-1.171571;2.874801;
Head;-0.9211929;0.5029304;2.921131;
ShoulderCenter;-0.8325956;0.3010091;2.866044;
ShoulderRight;-0.7552379;0.2136155;2.732221;
ShoulderLeft;-0.7710318;0.2266565;2.6887;
ElbowRight;-0.8074675;-0.04875803;2.629689;
ElbowLeft;-0.8504931;-0.03386648;2.653602;
WristRight;-0.9230472;-0.2494039;2.615345;
WristLeft;-0.9349232;-0.3091932;2.627448;
HandRight;-0.9581698;-0.3430608;2.633975;
HandLeft;-0.964188;-0.4065803;2.630857;
Spine;-0.7823231;-0.03571579;2.806878;
HipCenter;-0.7737576;-0.1073256;2.798806;
HipRight;-0.7703986;-0.1569474;2.733708;
HipLeft;-0.7691175;-0.182237;2.841136;
KneeRight;-0.7377214;-0.7067932;2.775637;
KneeLeft;-0.9289324;-0.7775355;2.912294;
AnkleRight;-0.466005;-1.052672;2.81196;
AnkleLeft;-0.9407721;-1.104186;2.926909;
FootRight;-0.4670748;-1.143509;2.820776;
FootLeft;-0.8454647;-1.144034;2.897612;
Head;-0.9399104;0.5055951;2.926826;
ShoulderCenter;-0.8514792;0.3034835;2.864785;
ShoulderRight;-0.80778;0.2204725;2.740009;
ShoulderLeft;-0.8799208;0.1820162;2.701908;
ElbowRight;-0.8375069;-0.05266698;2.636627;
ElbowLeft;-0.7315907;0.03248531;2.90568;
WristRight;-0.9431757;-0.25973;2.614091;
WristLeft;-0.8727369;-0.195619;2.725888;
HandRight;-0.9743943;-0.3549213;2.633268;
HandLeft;-0.896174;-0.2658419;2.74014;
Spine;-0.8459887;-0.05515046;2.856402;
HipCenter;-0.8193246;-0.1133722;2.796961;
HipRight;-0.7889781;-0.164641;2.729049;
HipLeft;-0.8298456;-0.1918838;2.841019;
KneeRight;-0.7854328;-0.7244806;2.767756;
KneeLeft;-0.9699584;-0.7926484;2.908626;
AnkleRight;-0.539587;-1.029945;2.804431;
AnkleLeft;-0.9453346;-1.117061;2.930066;
FootRight;-0.5496261;-1.120576;2.800709;
FootLeft;-1.044477;-1.188963;2.945751;
Head;-0.9809448;0.5081947;2.926884;
ShoulderCenter;-0.9028866;0.3026812;2.869791;
ShoulderRight;-0.8256524;0.222863;2.744248;
ShoulderLeft;-0.9435347;0.1948378;2.730042;
ElbowRight;-0.8630668;-0.05209289;2.637859;
ElbowLeft;-0.7780146;0.06360009;2.932931;
WristRight;-0.9639333;-0.261358;2.615907;
WristLeft;-0.9191701;-0.1648139;2.75404;
HandRight;-1.008637;-0.3514655;2.633522;
HandLeft;-0.9425729;-0.2352374;2.767819;
Spine;-0.8783101;-0.04751197;2.866084;
HipCenter;-0.8686895;-0.1037074;2.802724;
HipRight;-0.8406798;-0.1666232;2.723986;
HipLeft;-0.883956;-0.1922276;2.850774;
KneeRight;-0.8865557;-0.7346139;2.792054;
KneeLeft;-0.9962401;-0.7849175;2.839989;
AnkleRight;-0.6089875;-1.025403;2.802151;
AnkleLeft;-0.9615765;-1.127973;2.933992;
FootRight;-0.64426;-1.109163;2.789519;
FootLeft;-1.055648;-1.197373;2.947265;
Head;-1.010689;0.5048739;2.918495;
ShoulderCenter;-0.9238006;0.3040239;2.873176;
ShoulderRight;-0.8590702;0.2225018;2.74449;
ShoulderLeft;-0.925087;0.2430212;2.713773;
ElbowRight;-0.8862234;-0.0484584;2.63559;
ElbowLeft;-0.8053054;0.05694307;2.906702;
WristRight;-1.030594;-0.3041065;2.635365;
WristLeft;-0.9434825;-0.1839047;2.744523;
HandRight;-1.059245;-0.3733563;2.644413;
HandLeft;-0.9668879;-0.254336;2.758303;
Spine;-0.91491;-0.04914696;2.860225;
HipCenter;-0.8815363;-0.1043224;2.803417;
HipRight;-0.8617602;-0.1682124;2.72699;
HipLeft;-0.8899617;-0.1897726;2.850193;
KneeRight;-0.9649325;-0.7274914;2.802649;
KneeLeft;-1.00277;-0.7818877;2.839111;
AnkleRight;-0.7161273;-1.041628;2.806082;
AnkleLeft;-0.9628703;-1.128091;2.934829;
FootRight;-0.743739;-1.125681;2.784534;
FootLeft;-0.9140461;-1.167624;2.848055;
Head;-1.074827;0.4868848;2.952973;
ShoulderCenter;-0.9683615;0.299768;2.875523;
ShoulderRight;-0.8953444;0.2183762;2.744867;
ShoulderLeft;-0.9511088;0.2392406;2.714262;
ElbowRight;-0.9144317;-0.05078477;2.633489;
ElbowLeft;-0.834861;0.07206015;2.922872;
WristRight;-1.042911;-0.3005336;2.635926;
WristLeft;-0.9756643;-0.1683379;2.763391;
HandRight;-1.078912;-0.3659246;2.644393;
HandLeft;-0.9989573;-0.2384314;2.777105;
Spine;-0.9516519;-0.0563054;2.862012;
HipCenter;-0.9121946;-0.1112924;2.807829;
HipRight;-0.8870051;-0.1772817;2.728909;
HipLeft;-0.9158685;-0.1954534;2.856029;
KneeRight;-1.021602;-0.7364126;2.829453;
KneeLeft;-0.9195257;-0.7183686;2.946454;
AnkleRight;-0.8099879;-1.069866;2.831113;
AnkleLeft;-0.9680531;-1.132061;2.915391;
FootRight;-0.8486652;-1.144038;2.795025;
FootLeft;-0.9124185;-1.171376;2.832646;
Head;-1.080595;0.4954009;2.941209;
ShoulderCenter;-0.9849327;0.3021435;2.876817;
ShoulderRight;-0.9264867;0.2213544;2.750053;
ShoulderLeft;-0.9770958;0.2413412;2.71591;
ElbowRight;-0.9389222;-0.04420606;2.63375;
ElbowLeft;-0.8544318;0.06809808;2.916274;
WristRight;-1.086083;-0.3052978;2.632759;
WristLeft;-0.9927884;-0.1722915;2.755348;
HandRight;-1.107633;-0.3768811;2.639879;
HandLeft;-1.016072;-0.242357;2.769057;
Spine;-0.9736589;-0.06256487;2.862998;
HipCenter;-0.9308931;-0.1207905;2.812085;
HipRight;-0.919914;-0.1702957;2.760525;
HipLeft;-0.9369808;-0.1876945;2.850625;
KneeRight;-1.099802;-0.7018273;2.836362;
KneeLeft;-0.9510761;-0.7338772;2.95228;
AnkleRight;-0.8881036;-1.085472;2.845976;
AnkleLeft;-0.998634;-1.093826;2.803843;
FootRight;-0.9952766;-1.145988;2.83926;
FootLeft;-0.9362602;-1.133215;2.726084;
Head;-1.119684;0.4911165;2.942179;
ShoulderCenter;-1.028157;0.2971858;2.875975;
ShoulderRight;-0.9554349;0.224799;2.753786;
ShoulderLeft;-1.000191;0.2440266;2.716234;
ElbowRight;-0.9645474;-0.04487779;2.639408;
ElbowLeft;-0.8929178;0.04718655;2.90392;
WristRight;-1.104491;-0.3010507;2.634524;
WristLeft;-1.032219;-0.1909708;2.742074;
HandRight;-1.140501;-0.3711378;2.640754;
HandLeft;-1.055412;-0.2607632;2.755729;
Spine;-1.006366;-0.07249006;2.866394;
HipCenter;-0.9561916;-0.1306969;2.820646;
HipRight;-0.933867;-0.177868;2.764505;
HipLeft;-0.9570585;-0.1930853;2.85798;
KneeRight;-1.214854;-0.60666;2.80669;
KneeLeft;-0.9390481;-0.6719269;2.982588;
AnkleRight;-1.043836;-1.011481;2.851624;
AnkleLeft;-1.067454;-1.07563;2.81384;
FootRight;-0.9737191;-1.050601;2.780934;
FootLeft;-0.9943891;-1.15753;2.869414;
Head;-1.175489;0.5543243;2.927979;
ShoulderCenter;-1.073808;0.3647234;2.893444;
ShoulderRight;-1.00454;0.2200359;2.748551;
ShoulderLeft;-1.0535;0.3131729;2.733999;
ElbowRight;-0.9965302;-0.05249593;2.645876;
ElbowLeft;-0.9436128;0.09935459;2.902617;
WristRight;-1.128388;-0.2878727;2.63478;
WristLeft;-1.068436;-0.1554863;2.758311;
HandRight;-1.153066;-0.3656548;2.638711;
HandLeft;-1.09154;-0.2250123;2.771914;
Spine;-1.043144;-0.06001699;2.878648;
HipCenter;-0.9912866;-0.1286934;2.829404;
HipRight;-0.9760579;-0.1866108;2.778216;
HipLeft;-0.9939007;-0.1840342;2.864271;
KneeRight;-1.241815;-0.6240575;2.819233;
KneeLeft;-0.949195;-0.6701634;2.982642;
AnkleRight;-1.059196;-1.017128;2.891818;
AnkleLeft;-1.077477;-1.073479;2.8141;
FootRight;-0.9930447;-1.056183;2.818;
FootLeft;-1.18781;-1.10977;2.775105;
Head;-1.222453;0.5387417;2.918257;
ShoulderCenter;-1.094362;0.366342;2.893213;
ShoulderRight;-1.019093;0.219492;2.752445;
ShoulderLeft;-1.074054;0.3147916;2.733768;
ElbowRight;-1.030097;-0.06003996;2.646957;
ElbowLeft;-0.9743332;0.08527249;2.889389;
WristRight;-1.161212;-0.3093153;2.644297;
WristLeft;-1.09998;-0.1678753;2.743091;
HandRight;-1.190138;-0.3805948;2.643602;
HandLeft;-1.122988;-0.2371116;2.756637;
Spine;-1.069899;-0.05591718;2.884449;
HipCenter;-1.024999;-0.1263952;2.834607;
HipRight;-0.9964101;-0.1895262;2.775933;
HipLeft;-1.032748;-0.1930907;2.876005;
KneeRight;-1.274421;-0.6329656;2.83003;
KneeLeft;-1.18152;-0.7706786;2.885614;
AnkleRight;-1.059891;-1.012196;2.899289;
AnkleLeft;-1.281291;-1.100654;2.795149;
FootRight;-1.082086;-1.123816;2.943472;
FootLeft;-1.317423;-1.152097;2.730416;
Head;-1.158978;0.5761999;2.911162;
ShoulderCenter;-1.144071;0.362812;2.896574;
ShoulderRight;-1.057004;0.2205704;2.761415;
ShoulderLeft;-1.123763;0.3112616;2.737129;
ElbowRight;-1.071047;-0.08001192;2.65137;
ElbowLeft;-1.012718;0.09408993;2.900727;
WristRight;-1.170347;-0.3091735;2.645036;
WristLeft;-1.135016;-0.1622589;2.757836;
HandRight;-1.194542;-0.3819208;2.643367;
HandLeft;-1.157937;-0.231234;2.771331;
Spine;-1.094832;-0.0560678;2.887594;
HipCenter;-1.0448;-0.1240347;2.837673;
HipRight;-1.018927;-0.1859489;2.777501;
HipLeft;-1.047266;-0.1913057;2.878964;
KneeRight;-1.310582;-0.632297;2.826882;
KneeLeft;-1.243947;-0.7624377;2.871114;
AnkleRight;-1.073016;-0.9999;2.895921;
AnkleLeft;-1.404179;-1.107014;2.812957;
FootRight;-1.011108;-1.038751;2.818791;
FootLeft;-1.363891;-1.187841;2.814222;
Head;-1.25144;0.5491968;2.879544;
ShoulderCenter;-1.175153;0.359103;2.904755;
ShoulderRight;-1.089951;0.2084079;2.762043;
ShoulderLeft;-1.139947;0.1889798;2.691926;
ElbowRight;-1.094682;-0.07758525;2.651545;
ElbowLeft;-1.03594;0.04892863;2.919919;
WristRight;-1.217745;-0.3385383;2.648542;
WristLeft;-1.180588;-0.1903842;2.767509;
HandRight;-1.237595;-0.4085919;2.635119;
HandLeft;-1.203545;-0.2594641;2.781025;
Spine;-1.148755;-0.08385955;2.886848;
HipCenter;-1.089923;-0.1577581;2.845485;
HipRight;-1.067363;-0.2102859;2.789099;
HipLeft;-1.092092;-0.2186049;2.885056;
KneeRight;-1.036874;-0.7688453;2.967338;
KneeLeft;-1.274296;-0.747205;2.858956;
AnkleRight;-0.9835268;-1.138392;2.933166;
AnkleLeft;-1.454969;-1.114837;2.856312;
FootRight;-1.047894;-1.199607;2.916036;
FootLeft;-1.377129;-1.1539;2.795141;
Head;-1.282593;0.5466554;2.884111;
ShoulderCenter;-1.205022;0.3527235;2.897877;
ShoulderRight;-1.132356;0.1979603;2.754891;
ShoulderLeft;-1.137824;0.19078;2.693739;
ElbowRight;-1.131974;-0.07820345;2.65397;
ElbowLeft;-1.033825;0.05073944;2.921675;
WristRight;-1.227719;-0.3361161;2.648359;
WristLeft;-1.178459;-0.1885638;2.769267;
HandRight;-1.25687;-0.4039738;2.642029;
HandLeft;-1.201442;-0.2577244;2.782798;
Spine;-1.170482;-0.08650469;2.861218;
HipCenter;-1.099059;-0.1601435;2.849124;
HipRight;-1.091361;-0.2046862;2.804762;
HipLeft;-1.095216;-0.2170658;2.885717;
KneeRight;-1.045389;-0.7671359;2.969533;
KneeLeft;-1.332904;-0.7129048;2.838757;
AnkleRight;-0.9837358;-1.137916;2.933385;
AnkleLeft;-1.486447;-1.071891;2.865673;
FootRight;-0.8859396;-1.177079;2.921173;
FootLeft;-1.38865;-1.111054;2.853462;
Head;-1.316465;0.5426581;2.876862;
ShoulderCenter;-1.248969;0.3444914;2.88948;
ShoulderRight;-1.165312;0.1927222;2.75963;
ShoulderLeft;-1.255204;0.1870531;2.728341;
ElbowRight;-1.177136;-0.1018776;2.653481;
ElbowLeft;-1.135461;-0.0009531826;2.91525;
WristRight;-1.261565;-0.3371523;2.642467;
WristLeft;-1.253357;-0.2654656;2.786355;
HandRight;-1.276896;-0.4101121;2.63669;
HandLeft;-1.276276;-0.3344353;2.799849;
Spine;-1.18945;-0.08316173;2.909935;
HipCenter;-1.155897;-0.1584699;2.855035;
HipRight;-1.120448;-0.2032849;2.810712;
HipLeft;-1.165382;-0.2054851;2.888635;
KneeRight;-1.086519;-0.7681921;2.975498;
KneeLeft;-1.36211;-0.695645;2.828915;
AnkleRight;-0.9852979;-1.130126;2.933678;
AnkleLeft;-1.471254;-1.005775;2.836544;
FootRight;-1.05212;-1.190093;2.945605;
FootLeft;-1.438525;-1.046777;2.743797;
Head;-1.373032;0.5295117;2.881571;
ShoulderCenter;-1.28084;0.3383352;2.884145;
ShoulderRight;-1.2071;0.1875439;2.758831;
ShoulderLeft;-1.254537;0.2017489;2.723249;
ElbowRight;-1.205223;-0.09842567;2.655511;
ElbowLeft;-1.370516;-0.07771102;2.764986;
WristRight;-1.280648;-0.3371493;2.639079;
WristLeft;-1.53306;-0.289062;2.589607;
HandRight;-1.30492;-0.4040412;2.618828;
HandLeft;-1.587242;-0.3595123;2.536256;
Spine;-1.268001;-0.08256574;2.902496;
HipCenter;-1.223573;-0.1577715;2.8598;
HipRight;-1.208067;-0.2025068;2.820619;
HipLeft;-1.228254;-0.195822;2.892551;
KneeRight;-1.107666;-0.7721305;2.980165;
KneeLeft;-1.374489;-0.6936344;2.826578;
AnkleRight;-0.9899539;-1.125553;2.935917;
AnkleLeft;-1.513376;-1.081361;2.897085;
FootRight;-0.9276665;-1.166728;2.859314;
FootLeft;-1.451089;-1.122536;2.820482;
Head;-1.413396;0.5246563;2.869502;
ShoulderCenter;-1.32207;0.3344677;2.878083;
ShoulderRight;-1.243711;0.1839313;2.74962;
ShoulderLeft;-1.289116;0.2083253;2.705879;
ElbowRight;-1.253643;-0.1004123;2.658843;
ElbowLeft;-1.392763;-0.07462373;2.75142;
WristRight;-1.334128;-0.3369575;2.638058;
WristLeft;-1.386832;-0.3778558;2.668709;
HandRight;-1.33153;-0.4079289;2.617006;
HandLeft;-1.324456;-0.446627;2.621989;
Spine;-1.293669;-0.09163751;2.894377;
HipCenter;-1.241966;-0.1661187;2.857853;
HipRight;-1.224927;-0.2065817;2.821827;
HipLeft;-1.246854;-0.202641;2.888068;
KneeRight;-1.143986;-0.7894072;2.992158;
KneeLeft;-1.406779;-0.7232171;2.842497;
AnkleRight;-1.004975;-1.127593;2.945218;
AnkleLeft;-1.520395;-1.089902;2.908628;
FootRight;-0.9313157;-1.167978;2.878537;
FootLeft;-1.446736;-1.130287;2.841947;
Head;-1.433182;0.5275719;2.856085;
ShoulderCenter;-1.353211;0.3335072;2.869122;
ShoulderRight;-1.283634;0.177773;2.740717;
ShoulderLeft;-1.352673;0.1985209;2.697079;
ElbowRight;-1.291829;-0.09067066;2.658061;
ElbowLeft;-1.424647;-0.09621821;2.737483;
WristRight;-1.353022;-0.3502065;2.62432;
WristLeft;-1.380343;-0.391031;2.631897;
HandRight;-1.36742;-0.4339656;2.619446;
HandLeft;-1.346688;-0.45481;2.615652;
Spine;-1.332921;-0.07125905;2.9034;
HipCenter;-1.293546;-0.1458006;2.863974;
HipRight;-1.268712;-0.1996806;2.820803;
HipLeft;-1.301567;-0.1928788;2.903366;
KneeRight;-1.180722;-0.7803767;2.996165;
KneeLeft;-1.369679;-0.7189109;2.900447;
AnkleRight;-1.013981;-1.126354;2.953743;
AnkleLeft;-1.516933;-1.074256;2.908502;
FootRight;-1.090194;-1.194707;2.956815;
FootLeft;-1.461439;-1.116448;2.827126;
Head;-1.4284;0.5366641;2.83161;
ShoulderCenter;-1.384935;0.3369099;2.86162;
ShoulderRight;-1.304807;0.1876246;2.742581;
ShoulderLeft;-1.35324;0.2006585;2.696729;
ElbowRight;-1.334214;-0.08255906;2.658637;
ElbowLeft;-1.341204;-0.03931405;2.649692;
WristRight;-1.379599;-0.3045869;2.603438;
WristLeft;-1.274479;-0.3130467;2.528779;
HandRight;-1.388545;-0.40398;2.601965;
HandLeft;-1.253078;-0.3809228;2.509367;
Spine;-1.346289;-0.08041766;2.899075;
HipCenter;-1.298282;-0.1561774;2.867392;
HipRight;-1.273677;-0.2004229;2.823002;
HipLeft;-1.304891;-0.2134352;2.910244;
KneeRight;-1.23536;-0.7913373;2.985315;
KneeLeft;-1.419513;-0.716291;2.896209;
AnkleRight;-1.039076;-1.056;2.940279;
AnkleLeft;-1.518549;-1.030895;2.869679;
FootRight;-1.083738;-1.169471;2.957694;
FootLeft;-1.448286;-1.071954;2.800031;
Head;-1.428562;0.5417758;2.823505;
ShoulderCenter;-1.404438;0.3408205;2.858637;
ShoulderRight;-1.32584;0.1961486;2.756636;
ShoulderLeft;-1.362096;0.2029514;2.690464;
ElbowRight;-1.346478;-0.07603073;2.658429;
ElbowLeft;-1.368781;-0.01687706;2.594357;
WristRight;-1.40487;-0.2969667;2.665465;
WristLeft;-1.300449;-0.2377715;2.489301;
HandRight;-1.413799;-0.3961775;2.663994;
HandLeft;-1.279088;-0.3055231;2.469925;
Spine;-1.379614;-0.07023832;2.893853;
HipCenter;-1.321285;-0.1437192;2.876418;
HipRight;-1.298521;-0.2024835;2.821723;
HipLeft;-1.322577;-0.2026565;2.933512;
KneeRight;-1.290334;-0.7947176;2.986199;
KneeLeft;-1.428007;-0.71786;2.921064;
AnkleRight;-1.072045;-1.040909;2.947608;
AnkleLeft;-1.524013;-1.031992;2.87006;
FootRight;-0.9846302;-1.081576;2.901099;
FootLeft;-1.436598;-1.072658;2.823551;
Head;-1.429408;0.5447714;2.826117;
ShoulderCenter;-1.419071;0.3406448;2.855697;
ShoulderRight;-1.353546;0.2015632;2.782357;
ShoulderLeft;-1.364653;0.2013862;2.691756;
ElbowRight;-1.377652;-0.06116528;2.704576;
ElbowLeft;-1.372321;-0.01883769;2.598496;
WristRight;-1.420401;-0.2900566;2.689379;
WristLeft;-1.30367;-0.2372496;2.493469;
HandRight;-1.429315;-0.389099;2.687911;
HandLeft;-1.282345;-0.3048861;2.474127;
Spine;-1.405794;-0.07898714;2.879998;
HipCenter;-1.343737;-0.154646;2.881697;
HipRight;-1.347801;-0.19163;2.860345;
HipLeft;-1.349;-0.1741385;2.909921;
KneeRight;-1.360278;-0.79255;2.987841;
KneeLeft;-1.489058;-0.7099371;2.899279;
AnkleRight;-1.128407;-1.025758;2.967556;
AnkleLeft;-1.559698;-1.141436;2.94794;
FootRight;-1.179712;-1.137314;2.974355;
FootLeft;-1.461724;-1.182309;2.935063;
Head;-1.447219;0.5373571;2.831213;
ShoulderCenter;-1.437325;0.3343772;2.863478;
ShoulderRight;-1.36499;0.196555;2.792675;
ShoulderLeft;-1.3802;0.1920676;2.70395;
ElbowRight;-1.407186;-0.08715236;2.723333;
ElbowLeft;-1.421795;-0.1108106;2.719447;
WristRight;-1.432338;-0.3927422;2.750026;
WristLeft;-1.35507;-0.3845432;2.59856;
HandRight;-1.461254;-0.4877496;2.748482;
HandLeft;-1.333773;-0.4520906;2.579243;
Spine;-1.431916;-0.08310184;2.914763;
HipCenter;-1.371214;-0.15928;2.919751;
HipRight;-1.360483;-0.198642;2.882666;
HipLeft;-1.36892;-0.1822841;2.955765;
KneeRight;-1.455875;-0.7352432;3.015232;
KneeLeft;-1.481733;-0.6206245;2.881387;
AnkleRight;-1.221868;-1.06739;3.002381;
AnkleLeft;-1.591599;-1.047512;2.793804;
FootRight;-1.268756;-1.160592;3.002929;
FootLeft;-1.500433;-1.110806;2.773005;
Head;-1.482025;0.5248185;2.86219;
ShoulderCenter;-1.447951;0.3170312;2.87128;
ShoulderRight;-1.375012;0.1784203;2.803132;
ShoulderLeft;-1.389709;0.1733531;2.713297;
ElbowRight;-1.422348;-0.04336429;2.738434;
ElbowLeft;-1.432916;-0.1288827;2.73436;
WristRight;-1.439473;-0.2993818;2.720682;
WristLeft;-1.421062;-0.3571277;2.729749;
HandRight;-1.437986;-0.3726569;2.717836;
HandLeft;-1.399785;-0.4246137;2.710449;
Spine;-1.449233;-0.08628476;2.922923;
HipCenter;-1.390307;-0.1607472;2.927747;
HipRight;-1.392736;-0.2117704;3.021177;
HipLeft;-1.393981;-0.2449052;2.855019;
KneeRight;-1.526549;-0.675341;2.997353;
KneeLeft;-1.531667;-0.6785085;2.871701;
AnkleRight;-1.648691;-1.098476;2.959533;
AnkleLeft;-1.665859;-1.101105;2.872831;
FootRight;-1.552043;-1.140463;2.94243;
FootLeft;-1.576005;-1.164489;2.857307;
Head;-1.4568;0.2771172;2.967435;
ShoulderCenter;-1.423259;0.06518084;2.954854;
ShoulderRight;-1.349537;-0.07297905;2.887576;
ShoulderLeft;-1.428712;-0.02184824;2.858651;
ElbowRight;-1.527184;-0.09457244;2.716456;
ElbowLeft;-1.455785;-0.2223621;2.723768;
WristRight;-1.454336;-0.3899406;2.751356;
WristLeft;-1.409598;-0.4327005;2.783056;
HandRight;-1.452855;-0.4629354;2.748521;
HandLeft;-1.388402;-0.4999281;2.763831;
Spine;-1.446859;-0.2184653;3.036331;
HipCenter;-1.436099;-0.2808881;3.003929;
HipRight;-1.407557;-0.3260069;3.084166;
HipLeft;-1.469119;-0.3564703;2.935477;
KneeRight;-1.521757;-0.8248997;3.010864;
KneeLeft;-1.5476;-0.8024209;2.956806;
AnkleRight;-1.311271;-1.075888;2.992889;
AnkleLeft;-1.557367;-1.122229;2.998011;
FootRight;-1.414103;-1.137771;3.016831;
FootLeft;-1.529906;-1.172936;2.908571;
Head;-1.488677;0.257556;2.996466;
ShoulderCenter;-1.458356;0.03040204;3.012462;
ShoulderRight;-1.384633;-0.1077578;2.945184;
ShoulderLeft;-1.455699;-0.04779359;2.886384;
ElbowRight;-1.494193;-0.002914272;2.746117;
ElbowLeft;-1.46679;-0.2519931;2.757597;
WristRight;-1.466366;-0.3069204;2.765759;
WristLeft;-1.426937;-0.4494876;2.847135;
HandRight;-1.464891;-0.3796392;2.762936;
HandLeft;-1.405821;-0.5164612;2.827982;
Spine;-1.495148;-0.2356801;3.08346;
HipCenter;-1.474013;-0.2944127;3.061332;
HipRight;-1.442301;-0.327125;3.128932;
HipLeft;-1.51073;-0.3655328;3.004468;
KneeRight;-1.545841;-0.8234409;3.016115;
KneeLeft;-1.534739;-0.9646212;2.98694;
AnkleRight;-1.346634;-1.082212;2.996588;
AnkleLeft;-1.542187;-1.10465;2.976309;
FootRight;-1.463123;-1.118068;2.994912;
FootLeft;-1.487732;-1.155255;2.900753;
Head;-1.517999;0.2389627;3.01439;
ShoulderCenter;-1.497666;-0.02286971;3.035329;
ShoulderRight;-1.423943;-0.1610296;2.968051;
ShoulderLeft;-1.495974;-0.1019932;2.910244;
ElbowRight;-1.5185;-0.02008754;2.788391;
ElbowLeft;-1.479897;-0.3222565;2.83067;
WristRight;-1.494161;-0.3238386;2.803937;
WristLeft;-1.461336;-0.540571;2.872382;
HandRight;-1.492691;-0.3962851;2.801124;
HandLeft;-1.440299;-0.6072938;2.853301;
Spine;-1.519169;-0.1509469;3.121406;
HipCenter;-1.503784;-0.1895298;3.104568;
HipRight;-1.462374;-0.2189388;3.119747;
HipLeft;-1.546677;-0.2004915;3.102476;
KneeRight;-1.572504;-0.66379;3.030359;
KneeLeft;-1.552124;-0.8036934;3.003747;
AnkleRight;-1.677049;-1.086085;2.930084;
AnkleLeft;-1.569262;-1.125914;3.018453;
FootRight;-1.638192;-1.153619;2.852108;
FootLeft;-1.528549;-1.185954;2.941728;
