Floor;-0.02165266;0.9997548;0.004617962;1.071759;
Head;1.33825;0.5865779;3.428157;
ShoulderCenter;1.436881;0.3632791;3.34128;
ShoulderRight;1.459661;0.2307292;3.158499;
ShoulderLeft;1.32689;0.1435773;3.37885;
ElbowRight;1.36221;0.006718483;3.00372;
ElbowLeft;1.294528;-0.1578261;3.36598;
WristRight;1.115219;-0.1689054;3.007921;
WristLeft;1.13129;-0.2021717;3.097013;
HandRight;0.9710234;-0.2065676;3.003873;
HandLeft;0.9822133;-0.2220342;3.003984;
Spine;1.404137;-0.09620922;3.238614;
HipCenter;1.397588;-0.1881069;3.222148;
HipRight;1.424216;-0.2140369;3.180388;
HipLeft;1.364469;-0.2532552;3.241482;
KneeRight;1.566263;-0.6177998;3.145161;
KneeLeft;1.256325;-0.6866401;3.359557;
AnkleRight;1.698238;-0.9539319;3.145444;
AnkleLeft;1.124907;-0.9919173;3.28445;
FootRight;1.606144;-1.001486;3.096187;
FootLeft;1.016454;-1.066088;3.296813;
Head;1.296351;0.5705341;3.415063;
ShoulderCenter;1.396457;0.3616111;3.356203;
ShoulderRight;1.41144;0.2271683;3.168719;
ShoulderLeft;1.286193;0.1370247;3.431852;
ElbowRight;1.337897;0.005455672;3.008067;
ElbowLeft;1.24482;-0.04536362;3.326581;
WristRight;1.117828;-0.1532188;3.003236;
WristLeft;1.1179;-0.1654646;3.102203;
HandRight;0.9706;-0.2124815;3.009896;
HandLeft;1.032147;-0.1704641;3.108767;
Spine;1.375205;-0.07880518;3.23636;
HipCenter;1.368967;-0.1661281;3.216618;
HipRight;1.390688;-0.1987901;3.153058;
HipLeft;1.342059;-0.2428917;3.244504;
KneeRight;1.541346;-0.6163601;3.14132;
KneeLeft;1.225737;-0.6755692;3.361273;
AnkleRight;1.689903;-0.9534872;3.140224;
AnkleLeft;1.123806;-0.9914947;3.283282;
FootRight;1.598567;-0.9990566;3.101388;
FootLeft;1.03247;-1.037064;3.244445;
Head;1.257744;0.5765135;3.45058;
ShoulderCenter;1.352303;0.3752252;3.353441;
ShoulderRight;1.376411;0.2441615;3.176839;
ShoulderLeft;1.218762;0.1394119;3.382146;
ElbowRight;1.315203;0.02107699;3.030578;
ElbowLeft;1.237632;-0.05018754;3.335496;
WristRight;1.1177;-0.1458542;3.007199;
WristLeft;1.120296;-0.1675962;3.121555;
HandRight;0.9621702;-0.2405707;3.015841;
HandLeft;0.9647397;-0.240743;3.014179;
Spine;1.321588;-0.09640447;3.247345;
HipCenter;1.315795;-0.1908384;3.229894;
HipRight;1.346617;-0.2293997;3.165712;
HipLeft;1.277301;-0.2773259;3.263371;
KneeRight;1.462009;-0.6434782;3.144757;
KneeLeft;1.181993;-0.6673182;3.3574;
AnkleRight;1.677434;-0.96372;3.129412;
AnkleLeft;1.123272;-0.9907023;3.280397;
FootRight;1.595883;-1.008066;3.074968;
FootLeft;1.041721;-1.035048;3.225953;
Head;1.239112;0.5790707;3.432053;
ShoulderCenter;1.322711;0.3739854;3.348126;
ShoulderRight;1.326576;0.2332847;3.166602;
ShoulderLeft;1.221376;0.2239268;3.387027;
ElbowRight;1.259896;-0.008037776;3.02323;
ElbowLeft;1.15741;-0.04072018;3.317846;
WristRight;1.065293;-0.2025491;3.003023;
WristLeft;1.023969;-0.1806824;3.107205;
HandRight;0.9608369;-0.257085;3.012611;
HandLeft;0.9487653;-0.2874555;3.003213;
Spine;1.26897;-0.09061021;3.247033;
HipCenter;1.259984;-0.1834555;3.230568;
HipRight;1.27792;-0.2405919;3.160216;
HipLeft;1.23058;-0.2448029;3.272895;
KneeRight;1.417847;-0.6531066;3.128986;
KneeLeft;1.165308;-0.6685353;3.352635;
AnkleRight;1.662689;-0.9837719;3.138431;
AnkleLeft;1.121865;-0.990899;3.277404;
FootRight;1.65638;-1.06743;3.158736;
FootLeft;1.041049;-1.031484;3.238731;
Head;1.172752;0.5938386;3.424563;
ShoulderCenter;1.274045;0.394108;3.35621;
ShoulderRight;1.299173;0.2431608;3.172579;
ShoulderLeft;1.135548;0.132205;3.368792;
ElbowRight;1.248213;0.03051076;3.042686;
ElbowLeft;1.095856;-0.1434318;3.348441;
WristRight;1.083657;-0.1946283;3.005471;
WristLeft;0.9995993;-0.23895;3.08918;
HandRight;1.012857;-0.2582743;3.022563;
HandLeft;0.9555861;-0.2952225;3.091878;
Spine;1.243879;-0.09818715;3.228185;
HipCenter;1.233537;-0.1971624;3.204094;
HipRight;1.269537;-0.235356;3.15175;
HipLeft;1.19068;-0.2810797;3.224293;
KneeRight;1.364909;-0.6641071;3.121501;
KneeLeft;1.127167;-0.6573973;3.330445;
AnkleRight;1.611199;-0.9761743;3.149851;
AnkleLeft;1.118551;-0.9917475;3.276716;
FootRight;1.61754;-1.055962;3.151377;
FootLeft;1.07391;-1.055175;3.260308;
Head;1.150733;0.5967531;3.431292;
ShoulderCenter;1.231869;0.3883274;3.358405;
ShoulderRight;1.267999;0.2599211;3.185613;
ShoulderLeft;1.109592;0.133529;3.390002;
ElbowRight;1.214776;0.02115062;3.040873;
ElbowLeft;1.06625;-0.0716017;3.319986;
WristRight;1.068442;-0.2158291;3.002134;
WristLeft;1.037465;-0.2758485;3.293057;
HandRight;1.001211;-0.3533001;2.997535;
HandLeft;1.027871;-0.3439307;3.289013;
Spine;1.171556;-0.04325284;3.25781;
HipCenter;1.160199;-0.1294722;3.241292;
HipRight;1.18882;-0.155845;3.192734;
HipLeft;1.116999;-0.2137724;3.261614;
KneeRight;1.300806;-0.6543175;3.126075;
KneeLeft;1.083039;-0.6491665;3.302774;
AnkleRight;1.535826;-0.9780267;3.14737;
AnkleLeft;1.118648;-0.9904101;3.278026;
FootRight;1.54122;-1.058738;3.148095;
FootLeft;1.073426;-1.055302;3.261056;
Head;1.091926;0.5868372;3.410984;
ShoulderCenter;1.208566;0.3949475;3.363564;
ShoulderRight;1.227076;0.2603834;3.190675;
ShoulderLeft;1.057939;0.1455612;3.422503;
ElbowRight;1.188381;0.003085345;3.05206;
ElbowLeft;1.048415;-0.0631692;3.313034;
WristRight;1.06645;-0.2481165;2.996528;
WristLeft;0.9953754;-0.2588911;3.249311;
HandRight;1.027682;-0.3329828;2.995769;
HandLeft;0.9445839;-0.3052106;3.243758;
Spine;1.157711;-0.03235209;3.259308;
HipCenter;1.147063;-0.117524;3.242244;
HipRight;1.17361;-0.1536642;3.175135;
HipLeft;1.102134;-0.208021;3.273017;
KneeRight;1.262655;-0.6652812;3.127116;
KneeLeft;1.051353;-0.6429304;3.267213;
AnkleRight;1.440723;-0.9830562;3.137884;
AnkleLeft;1.116895;-0.9885971;3.27865;
FootRight;1.422924;-1.055782;3.161888;
FootLeft;1.086915;-1.060282;3.273723;
Head;1.062145;0.60639;3.4169;
ShoulderCenter;1.158169;0.4054228;3.345847;
ShoulderRight;1.198867;0.2626125;3.186528;
ShoulderLeft;1.026509;0.1435846;3.395355;
ElbowRight;1.180151;0.02885021;3.063789;
ElbowLeft;0.993863;-0.05667178;3.274137;
WristRight;1.080014;-0.2293749;3.001252;
WristLeft;0.9570557;-0.3076866;3.208837;
HandRight;1.065251;-0.3218823;2.999256;
HandLeft;0.9658349;-0.3826675;3.264338;
Spine;1.099485;-0.02226775;3.252807;
HipCenter;1.087749;-0.1078059;3.237909;
HipRight;1.115841;-0.1485735;3.168605;
HipLeft;1.041064;-0.2025362;3.27471;
KneeRight;1.211924;-0.6535148;3.131464;
KneeLeft;1.012909;-0.6312899;3.211167;
AnkleRight;1.326264;-0.9631729;3.127338;
AnkleLeft;1.116031;-0.987397;3.279102;
FootRight;1.279163;-1.021603;3.125641;
FootLeft;1.085279;-1.054756;3.26675;
Head;1.010356;0.599872;3.421694;
ShoulderCenter;1.121648;0.4076542;3.34542;
ShoulderRight;1.143895;0.2665502;3.184259;
ShoulderLeft;1.010459;0.2395322;3.386698;
ElbowRight;1.167577;0.02941979;3.063716;
ElbowLeft;0.9570585;-0.03264727;3.279464;
WristRight;1.07544;-0.2388805;2.999187;
WristLeft;0.9636776;-0.2299745;3.473753;
HandRight;1.080919;-0.3043135;2.99955;
HandLeft;0.9519244;-0.2932194;3.486928;
Spine;1.057937;-0.01476539;3.25333;
HipCenter;1.045089;-0.09915133;3.238663;
HipRight;1.062035;-0.1615278;3.157173;
HipLeft;1.002031;-0.1737172;3.286926;
KneeRight;1.149246;-0.6587809;3.142142;
KneeLeft;0.9626833;-0.617136;3.177515;
AnkleRight;1.211641;-0.9843536;3.133278;
AnkleLeft;1.108561;-0.9927846;3.251189;
FootRight;1.178064;-1.052925;3.131364;
FootLeft;1.071307;-1.058988;3.24329;
Head;0.9812505;0.6110283;3.410722;
ShoulderCenter;1.081658;0.4108423;3.340653;
ShoulderRight;1.128512;0.271077;3.180738;
ShoulderLeft;0.9573298;0.2088564;3.392508;
ElbowRight;1.140438;0.03016585;3.062123;
ElbowLeft;0.9436605;-0.03736672;3.520465;
WristRight;1.066031;-0.1755384;2.997019;
WristLeft;0.882924;-0.2638969;3.544296;
HandRight;1.08736;-0.2372457;2.983579;
HandLeft;0.8574069;-0.3230164;3.561533;
Spine;1.008453;-0.02132842;3.232618;
HipCenter;0.9947134;-0.1078344;3.214846;
HipRight;1.034256;-0.1532636;3.150267;
HipLeft;0.9452906;-0.1788324;3.250573;
KneeRight;1.104759;-0.6436675;3.146315;
KneeLeft;0.910427;-0.6130881;3.16278;
AnkleRight;1.122497;-0.9977947;3.133322;
AnkleLeft;1.032319;-0.9938858;3.218138;
FootRight;1.045288;-1.049211;3.147816;
FootLeft;1.008205;-1.067942;3.243566;
Head;0.912205;0.594541;3.40081;
ShoulderCenter;1.043037;0.4111044;3.330584;
ShoulderRight;1.072689;0.271807;3.173531;
ShoulderLeft;0.8912951;0.1649552;3.332234;
ElbowRight;1.097652;0.005665818;3.047049;
ElbowLeft;0.893934;-0.05930084;3.503033;
WristRight;1.097258;-0.2424056;2.995533;
WristLeft;0.7958709;-0.2502314;3.546626;
HandRight;1.134726;-0.3264467;2.988391;
HandLeft;0.7481578;-0.2909217;3.536056;
Spine;0.9800277;-0.03641409;3.211201;
HipCenter;0.9661355;-0.1267845;3.189905;
HipRight;1.00219;-0.1694424;3.133305;
HipLeft;0.9136763;-0.1978154;3.21173;
KneeRight;1.098223;-0.645399;3.154607;
KneeLeft;0.889639;-0.6147817;3.151389;
AnkleRight;1.040474;-1.011897;3.173922;
AnkleLeft;0.9412953;-1.016673;3.142465;
FootRight;0.9468509;-1.056677;3.157872;
FootLeft;0.9171811;-1.090729;3.167893;
Head;0.8662489;0.5988594;3.353894;
ShoulderCenter;0.9937814;0.4108126;3.320695;
ShoulderRight;1.049515;0.2729744;3.172747;
ShoulderLeft;0.8596569;0.1578282;3.338031;
ElbowRight;1.091428;0.01767434;3.048134;
ElbowLeft;0.8598179;-0.02937571;3.535781;
WristRight;1.069985;-0.2024143;2.99301;
WristLeft;0.7333685;-0.2127534;3.549468;
HandRight;1.102178;-0.2898067;2.995839;
HandLeft;0.6893247;-0.261309;3.552955;
Spine;0.9483104;-0.04264032;3.20228;
HipCenter;0.9395836;-0.1329484;3.182519;
HipRight;0.977327;-0.17516;3.126575;
HipLeft;0.8895525;-0.2055985;3.20541;
KneeRight;1.041407;-0.6323504;3.157726;
KneeLeft;0.8442529;-0.656787;3.150995;
AnkleRight;1.079383;-1.013448;3.248956;
AnkleLeft;0.8509517;-1.026551;3.146348;
FootRight;0.9802114;-1.034597;3.216014;
FootLeft;0.7871469;-1.073784;3.120608;
Head;0.8627;0.6041153;3.360595;
ShoulderCenter;0.9436782;0.3915156;3.301229;
ShoulderRight;1.010716;0.2662923;3.163019;
ShoulderLeft;0.8424699;0.2362161;3.320593;
ElbowRight;1.067451;-0.01539999;3.037722;
ElbowLeft;0.8168033;0.01740915;3.497743;
WristRight;1.093625;-0.254678;2.990336;
WristLeft;0.6629569;-0.1879477;3.549695;
HandRight;1.125946;-0.3461754;2.996114;
HandLeft;0.6011742;-0.2240938;3.555933;
Spine;0.918785;-0.0328572;3.201806;
HipCenter;0.9114365;-0.1182943;3.184946;
HipRight;0.9484106;-0.1648872;3.122111;
HipLeft;0.864546;-0.186938;3.217568;
KneeRight;1.015666;-0.6335267;3.19848;
KneeLeft;0.8124064;-0.6578914;3.158401;
AnkleRight;1.106534;-0.9857112;3.273216;
AnkleLeft;0.7276217;-1.022723;3.15368;
FootRight;1.078482;-1.045111;3.229527;
FootLeft;0.631709;-1.067312;3.168006;
Head;0.796544;0.5857229;3.352768;
ShoulderCenter;0.9131494;0.3901124;3.291589;
ShoulderRight;0.9486107;0.2516465;3.147025;
ShoulderLeft;0.7834294;0.1547372;3.358922;
ElbowRight;1.048263;-0.02686346;3.033211;
ElbowLeft;0.7596502;-0.01700086;3.53349;
WristRight;1.121758;-0.3235886;2.986032;
WristLeft;0.6050611;-0.1785098;3.558196;
HandRight;1.142784;-0.4001174;2.999464;
HandLeft;0.5442727;-0.2016978;3.562685;
Spine;0.8569511;-0.02878006;3.208653;
HipCenter;0.8472239;-0.112489;3.196345;
HipRight;0.875274;-0.1650944;3.115944;
HipLeft;0.8019037;-0.208504;3.244699;
KneeRight;0.9573808;-0.6106035;3.19675;
KneeLeft;0.7436409;-0.6677345;3.146785;
AnkleRight;1.107279;-0.9864358;3.27214;
AnkleLeft;0.5896828;-1.016303;3.13436;
FootRight;1.078735;-1.045317;3.230255;
FootLeft;0.5071577;-1.059712;3.119028;
Head;0.7789314;0.6048676;3.35515;
ShoulderCenter;0.8555395;0.3907312;3.294887;
ShoulderRight;0.901906;0.2490872;3.143831;
ShoulderLeft;0.7663838;0.2188247;3.326393;
ElbowRight;1.022847;-0.01903759;3.031357;
ElbowLeft;0.7135413;-0.0001515448;3.502011;
WristRight;1.11421;-0.3091316;2.988733;
WristLeft;0.5487779;-0.1597643;3.54941;
HandRight;1.14255;-0.400686;2.999371;
HandLeft;0.4875001;-0.1937444;3.558235;
Spine;0.8299404;-0.04391007;3.201143;
HipCenter;0.8226104;-0.1309477;3.186335;
HipRight;0.8525723;-0.1786062;3.113689;
HipLeft;0.788802;-0.2105967;3.232978;
KneeRight;1.01146;-0.6652168;3.275639;
KneeLeft;0.7195531;-0.6753976;3.150917;
AnkleRight;1.099976;-0.9666283;3.258222;
AnkleLeft;0.4919854;-1.018134;3.11966;
FootRight;1.086576;-1.041429;3.239301;
FootLeft;0.4168993;-1.046214;3.108957;
Head;0.7362921;0.5969849;3.345188;
ShoulderCenter;0.8170575;0.3848888;3.274117;
ShoulderRight;0.8731655;0.2441929;3.132744;
ShoulderLeft;0.7279018;0.2129822;3.305623;
ElbowRight;0.9921911;-0.02526568;3.025359;
ElbowLeft;0.6865409;0.004422307;3.493021;
WristRight;1.101834;-0.3084828;2.988539;
WristLeft;0.5089813;-0.1332884;3.549462;
HandRight;1.134399;-0.4034763;2.99533;
HandLeft;0.4438595;-0.1759777;3.579115;
Spine;0.7831209;-0.04338868;3.188229;
HipCenter;0.7778503;-0.129038;3.175341;
HipRight;0.8051718;-0.1728879;3.106888;
HipLeft;0.7389016;-0.2023454;3.217125;
KneeRight;0.9217873;-0.6128561;3.208092;
KneeLeft;0.6656732;-0.714801;3.162936;
AnkleRight;1.1062;-0.987656;3.267105;
AnkleLeft;0.4491403;-1.016016;3.122493;
FootRight;1.079388;-1.052621;3.230751;
FootLeft;0.3832532;-1.054177;3.068937;
Head;0.660152;0.5939046;3.283508;
ShoulderCenter;0.7673405;0.3930072;3.255527;
ShoulderRight;0.8247665;0.2319138;3.11276;
ShoulderLeft;0.7035774;0.3079963;3.311816;
ElbowRight;0.9551878;-0.0346949;3.019739;
ElbowLeft;0.654784;0.06449933;3.455368;
WristRight;1.074196;-0.3131673;2.987424;
WristLeft;0.4596145;-0.1354169;3.55783;
HandRight;1.101062;-0.3775707;2.997777;
HandLeft;0.3821582;-0.176483;3.595565;
Spine;0.7345805;-0.03370804;3.185608;
HipCenter;0.7277805;-0.1190016;3.175417;
HipRight;0.7500976;-0.1613859;3.106915;
HipLeft;0.7005488;-0.2072948;3.219128;
KneeRight;0.8251971;-0.6093887;3.179818;
KneeLeft;0.6389138;-0.7081438;3.158354;
AnkleRight;1.072129;-0.9452325;3.255447;
AnkleLeft;0.4496399;-1.019426;3.1325;
FootRight;1.080135;-1.039383;3.256588;
FootLeft;0.3797402;-1.058261;3.083405;
Head;0.619337;0.5490071;3.284224;
ShoulderCenter;0.7238744;0.345615;3.231883;
ShoulderRight;0.7758076;0.2126744;3.088464;
ShoulderLeft;0.618329;0.1546998;3.301055;
ElbowRight;0.8989039;-0.06291969;2.99543;
ElbowLeft;0.5725224;-0.04320233;3.502388;
WristRight;1.051812;-0.3305538;2.982205;
WristLeft;0.4046502;-0.1739656;3.568255;
HandRight;1.055623;-0.3992394;2.994147;
HandLeft;0.3618168;-0.1869777;3.598265;
Spine;0.696361;-0.08471568;3.158087;
HipCenter;0.6908583;-0.1707818;3.147128;
HipRight;0.7248374;-0.2077145;3.083546;
HipLeft;0.6492071;-0.253848;3.187403;
KneeRight;0.8549245;-0.7051855;3.238178;
KneeLeft;0.5895885;-0.6754997;3.148764;
AnkleRight;1.102622;-0.9999061;3.271411;
AnkleLeft;0.4480082;-1.019515;3.138418;
FootRight;1.032803;-1.057225;3.275722;
FootLeft;0.4236854;-1.087974;3.103943;
Head;0.5688369;0.5816369;3.289614;
ShoulderCenter;0.6834363;0.3839166;3.22713;
ShoulderRight;0.734113;0.2319201;3.087777;
ShoulderLeft;0.5778908;0.1930014;3.296303;
ElbowRight;0.855643;-0.04144084;2.986696;
ElbowLeft;0.5540727;-0.02674185;3.479333;
WristRight;0.9767015;-0.3238876;2.96488;
WristLeft;0.4070894;-0.1714191;3.559032;
HandRight;1.041608;-0.3996599;2.988121;
HandLeft;0.3339872;-0.2064215;3.575382;
Spine;0.6531433;-0.04285763;3.159256;
HipCenter;0.6470847;-0.1282125;3.149486;
HipRight;0.675757;-0.1808167;3.082227;
HipLeft;0.6094279;-0.2021843;3.193708;
KneeRight;0.8772323;-0.6446153;3.27532;
KneeLeft;0.5661284;-0.6695974;3.139378;
AnkleRight;1.085552;-1.007812;3.273372;
AnkleLeft;0.4416194;-1.019953;3.136487;
FootRight;1.026118;-1.062885;3.272834;
FootLeft;0.4256276;-1.092219;3.103506;
Head;0.5345699;0.5982066;3.264123;
ShoulderCenter;0.6280625;0.3886127;3.212583;
ShoulderRight;0.6824175;0.2298269;3.07803;
ShoulderLeft;0.5149208;0.119886;3.251267;
ElbowRight;0.8005652;-0.04770742;2.971073;
ElbowLeft;0.4946006;-0.04568271;3.474421;
WristRight;0.914582;-0.3372042;2.957424;
WristLeft;0.376464;-0.2089322;3.569653;
HandRight;0.9516311;-0.4192625;2.987329;
HandLeft;0.329246;-0.2178814;3.564324;
Spine;0.6146849;-0.05580438;3.146323;
HipCenter;0.6120594;-0.1442066;3.136984;
HipRight;0.6536894;-0.194945;3.073067;
HipLeft;0.5652288;-0.2260289;3.178098;
KneeRight;0.870814;-0.6458328;3.281984;
KneeLeft;0.5379904;-0.6738378;3.131088;
AnkleRight;1.052231;-1.004062;3.281151;
AnkleLeft;0.4384625;-1.022124;3.137577;
FootRight;1.023872;-1.079865;3.270465;
FootLeft;0.4357939;-1.09585;3.102622;
Head;0.4640483;0.5525512;3.247758;
ShoulderCenter;0.6024737;0.3697639;3.200916;
ShoulderRight;0.6420249;0.2249391;3.056137;
ShoulderLeft;0.4998889;0.2129581;3.252322;
ElbowRight;0.7542405;-0.05476555;2.954525;
ElbowLeft;0.4749092;-0.006937578;3.438196;
WristRight;0.8469779;-0.3389879;2.932379;
WristLeft;0.3820416;-0.2091612;3.546406;
HandRight;0.9174666;-0.3844788;2.90833;
HandLeft;0.3256341;-0.2756699;3.564478;
Spine;0.5860317;-0.05685957;3.140625;
HipCenter;0.5815144;-0.142283;3.132097;
HipRight;0.6042832;-0.2020113;3.069327;
HipLeft;0.5449332;-0.2125706;3.173553;
KneeRight;0.8285372;-0.6516653;3.282755;
KneeLeft;0.5084665;-0.6674963;3.124996;
AnkleRight;0.9775618;-0.9318696;3.240406;
AnkleLeft;0.4383118;-1.018329;3.135745;
FootRight;0.9977864;-1.033123;3.280836;
FootLeft;0.3676226;-1.058836;3.084173;
Head;0.4423977;0.5673476;3.213074;
ShoulderCenter;0.5534309;0.3680214;3.185106;
ShoulderRight;0.6195415;0.2255169;3.052039;
ShoulderLeft;0.4502085;0.2028958;3.219573;
ElbowRight;0.6958886;-0.06174856;2.940438;
ElbowLeft;0.4309334;-0.01392311;3.406885;
WristRight;0.7765828;-0.3450641;2.915542;
WristLeft;0.3673838;-0.2496858;3.52046;
HandRight;0.7854274;-0.4370679;2.939565;
HandLeft;0.3241251;-0.3069312;3.519063;
Spine;0.5468311;-0.07852126;3.111038;
HipCenter;0.5455112;-0.1678298;3.100044;
HipRight;0.5910555;-0.2109725;3.056992;
HipLeft;0.5059641;-0.2261022;3.130172;
KneeRight;0.8177461;-0.6327845;3.322173;
KneeLeft;0.4979867;-0.6756098;3.124336;
AnkleRight;0.9111007;-0.9308932;3.243292;
AnkleLeft;0.4358194;-1.028434;3.132992;
FootRight;0.8497994;-0.9706332;3.181632;
FootLeft;0.4242445;-1.101802;3.100035;
Head;0.4051919;0.5763255;3.205997;
ShoulderCenter;0.5141087;0.3752038;3.170964;
ShoulderRight;0.5826489;0.2289666;3.042244;
ShoulderLeft;0.4102635;0.1724376;3.241479;
ElbowRight;0.6265802;-0.06102258;2.920443;
ElbowLeft;0.3999074;-0.04160601;3.430798;
WristRight;0.6720297;-0.3259032;2.90491;
WristLeft;0.3658672;-0.2706462;3.51211;
HandRight;0.6998895;-0.415306;2.928732;
HandLeft;0.3327231;-0.3334739;3.519514;
Spine;0.4905102;-0.04601423;3.109064;
HipCenter;0.486465;-0.130381;3.100749;
HipRight;0.5207235;-0.1838372;3.035186;
HipLeft;0.4459441;-0.2075311;3.144475;
KneeRight;0.6683671;-0.5978425;3.201017;
KneeLeft;0.4940245;-0.6778999;3.125351;
AnkleRight;0.8467353;-0.9695739;3.287966;
AnkleLeft;0.4340566;-1.026251;3.129326;
FootRight;0.7794262;-1.009528;3.232223;
FootLeft;0.4373798;-1.103202;3.102136;
Head;0.3795912;0.5785868;3.214537;
ShoulderCenter;0.4844986;0.3753707;3.163072;
ShoulderRight;0.5337473;0.2326683;3.025632;
ShoulderLeft;0.3578;0.1210551;3.230339;
ElbowRight;0.5718964;-0.06090808;2.917975;
ElbowLeft;0.3444445;-0.08637023;3.424087;
WristRight;0.5912492;-0.3309028;2.875358;
WristLeft;0.3190988;-0.3136499;3.492004;
HandRight;0.6025194;-0.4087586;2.892611;
HandLeft;0.2935684;-0.3785368;3.504516;
Spine;0.4544458;-0.0497088;3.104865;
HipCenter;0.4477284;-0.1349029;3.097097;
HipRight;0.4870648;-0.1886137;3.035841;
HipLeft;0.3972879;-0.2110135;3.137037;
KneeRight;0.6163924;-0.6761794;3.212138;
KneeLeft;0.4190375;-0.6384549;3.105422;
AnkleRight;0.77442;-0.9485244;3.296112;
AnkleLeft;0.4303574;-1.015154;3.123562;
FootRight;0.7621057;-1.052077;3.330671;
FootLeft;0.3615312;-1.05485;3.070522;
Head;0.3198385;0.6002193;3.186314;
ShoulderCenter;0.4352826;0.4041196;3.166958;
ShoulderRight;0.4973343;0.2472441;3.030528;
ShoulderLeft;0.3168021;0.1497577;3.236405;
ElbowRight;0.505424;0.006918902;2.912414;
ElbowLeft;0.3033678;-0.05889222;3.43148;
WristRight;0.4707708;-0.2604026;2.88225;
WristLeft;0.278101;-0.2849473;3.498074;
HandRight;0.4562067;-0.3561367;2.885048;
HandLeft;0.2522961;-0.3505317;3.51072;
Spine;0.4061309;-0.05215684;3.120522;
HipCenter;0.4003006;-0.1434121;3.115055;
HipRight;0.4413327;-0.1900121;3.064679;
HipLeft;0.3539487;-0.2134077;3.150378;
KneeRight;0.6096324;-0.6716518;3.215036;
KneeLeft;0.3548458;-0.6348671;3.153349;
AnkleRight;0.6579439;-0.9813531;3.284169;
AnkleLeft;0.4242673;-1.025037;3.124345;
FootRight;0.5903795;-1.021709;3.228992;
FootLeft;0.3567028;-1.065393;3.069168;
Head;0.298277;0.5963717;3.191537;
ShoulderCenter;0.4108911;0.3970546;3.165556;
ShoulderRight;0.4729364;0.2510074;3.026931;
ShoulderLeft;0.2924106;0.1426927;3.235003;
ElbowRight;0.4514641;-0.01580127;2.906331;
ElbowLeft;0.2788684;-0.06763338;3.431889;
WristRight;0.3904025;-0.2646658;2.883147;
WristLeft;0.2537095;-0.2920123;3.496668;
HandRight;0.3775411;-0.3609853;2.888799;
HandLeft;0.2277814;-0.3579099;3.509375;
Spine;0.3785321;-0.05795627;3.128461;
HipCenter;0.3716915;-0.1489967;3.125138;
HipRight;0.4090334;-0.1965977;3.087462;
HipLeft;0.3233436;-0.2137993;3.153996;
KneeRight;0.430367;-0.6437084;3.105335;
KneeLeft;0.2507575;-0.6032645;3.258271;
AnkleRight;0.4881818;-0.9597746;3.170383;
AnkleLeft;0.4255292;-0.9917089;3.169787;
FootRight;0.449956;-1.056186;3.131329;
FootLeft;0.4221377;-1.084611;3.11411;
Head;0.2748306;0.6058607;3.217159;
ShoulderCenter;0.3761145;0.3988872;3.16612;
ShoulderRight;0.4216723;0.2613868;3.022364;
ShoulderLeft;0.2576339;0.1445253;3.235567;
ElbowRight;0.4139597;0.02044373;2.911727;
ElbowLeft;0.2440203;-0.06690946;3.433654;
WristRight;0.3360748;-0.196291;2.887543;
WristLeft;0.2189328;-0.2901797;3.497235;
HandRight;0.2902195;-0.2824649;2.886159;
HandLeft;0.1929286;-0.3562708;3.509979;
Spine;0.3498262;-0.05223881;3.122271;
HipCenter;0.3443495;-0.1425342;3.117496;
HipRight;0.3838908;-0.1903106;3.085525;
HipLeft;0.2959534;-0.1979416;3.135953;
KneeRight;0.4207072;-0.6498486;3.09877;
KneeLeft;0.2263043;-0.6232143;3.269991;
AnkleRight;0.4552016;-0.9841289;3.112918;
AnkleLeft;0.3894078;-1.010082;3.14123;
FootRight;0.4205323;-1.072618;3.11399;
FootLeft;0.3175964;-1.051115;3.090514;
Head;0.2302304;0.6067086;3.208625;
ShoulderCenter;0.3324899;0.399621;3.163695;
ShoulderRight;0.38889;0.2645952;3.014339;
ShoulderLeft;0.2140095;0.1452591;3.233142;
ElbowRight;0.3613293;0.02531107;2.918504;
ElbowLeft;0.2003358;-0.06710878;3.432298;
WristRight;0.2044519;-0.2451405;2.884841;
WristLeft;0.1753083;-0.2894459;3.4949;
HandRight;0.1478014;-0.3248386;2.888888;
HandLeft;0.1492402;-0.3556994;3.507676;
Spine;0.3042929;-0.0450149;3.117131;
HipCenter;0.2986934;-0.1339084;3.111623;
HipRight;0.3396503;-0.1679871;3.067971;
HipLeft;0.2489623;-0.2075085;3.141034;
KneeRight;0.3951389;-0.6536326;3.0943;
KneeLeft;0.1785976;-0.6439475;3.284275;
AnkleRight;0.4384378;-1.002687;3.111924;
AnkleLeft;0.305871;-1.016982;3.253276;
FootRight;0.3669381;-1.043754;3.059734;
FootLeft;0.2510479;-1.075018;3.295996;
Head;0.2007897;0.6057867;3.210997;
ShoulderCenter;0.304522;0.3997218;3.158136;
ShoulderRight;0.3549232;0.259089;3.011773;
ShoulderLeft;0.1860415;0.1453599;3.227583;
ElbowRight;0.2931418;-0.00555149;2.921128;
ElbowLeft;0.1722803;-0.06836705;3.428119;
WristRight;0.09713228;-0.2507747;2.877442;
WristLeft;0.1473403;-0.2893451;3.489203;
HandRight;0.026752;-0.3180399;2.885864;
HandLeft;0.1213111;-0.3554998;3.50196;
Spine;0.2985861;-0.05438825;3.113153;
HipCenter;0.2952049;-0.1459106;3.107283;
HipRight;0.335218;-0.1813083;3.063044;
HipLeft;0.2505735;-0.2255484;3.136179;
KneeRight;0.3674582;-0.6417394;3.08824;
KneeLeft;0.1429227;-0.6696749;3.292986;
AnkleRight;0.4366267;-1.002109;3.111641;
AnkleLeft;0.2220156;-1.024989;3.263259;
FootRight;0.4026687;-1.076794;3.105008;
FootLeft;0.1233408;-1.065312;3.288207;
Head;0.1530087;0.5987746;3.237125;
ShoulderCenter;0.2577616;0.401423;3.155692;
ShoulderRight;0.3161118;0.2548431;3.009449;
ShoulderLeft;0.1392811;0.1470612;3.225139;
ElbowRight;0.2372598;0.008390502;2.906793;
ElbowLeft;0.1254462;-0.06780969;3.426835;
WristRight;0.02419013;-0.2252589;2.870716;
WristLeft;0.1005323;-0.2880652;3.486786;
HandRight;-0.05728506;-0.2748321;2.890867;
HandLeft;0.07456729;-0.3540566;3.499511;
Spine;0.2484608;-0.05781726;3.120173;
HipCenter;0.2475393;-0.1496273;3.116796;
HipRight;0.2843804;-0.1959243;3.067831;
HipLeft;0.2102559;-0.2273499;3.1526;
KneeRight;0.35914;-0.6433735;3.086102;
KneeLeft;0.1062191;-0.6626129;3.287769;
AnkleRight;0.4331203;-1.009133;3.113289;
AnkleLeft;0.0975129;-1.014374;3.254033;
FootRight;0.4028441;-1.08558;3.105997;
FootLeft;0.002949372;-1.05811;3.294248;
Head;0.1229593;0.6082574;3.231806;
ShoulderCenter;0.2167045;0.4033344;3.163852;
ShoulderRight;0.2645373;0.2553175;3.024697;
ShoulderLeft;0.09822393;0.1489725;3.2333;
ElbowRight;0.1922651;0.02079855;2.903311;
ElbowLeft;0.08433062;-0.06680685;3.435942;
WristRight;-0.0337417;-0.2017254;2.861889;
WristLeft;0.05924382;-0.2881945;3.495585;
HandRight;-0.1455715;-0.2695715;2.869373;
HandLeft;0.03338875;-0.3539065;3.508256;
Spine;0.2216406;-0.05405746;3.119489;
HipCenter;0.221661;-0.1455134;3.114775;
HipRight;0.2597283;-0.185598;3.076809;
HipLeft;0.1752575;-0.2106781;3.137116;
KneeRight;0.3376284;-0.6301079;3.082071;
KneeLeft;0.06910396;-0.6615553;3.27845;
AnkleRight;0.4318762;-1.007061;3.114994;
AnkleLeft;-0.03026896;-1.011281;3.26032;
FootRight;0.4021312;-1.083228;3.102832;
FootLeft;-0.1313017;-1.050855;3.287441;
Head;0.09959713;0.6001724;3.231845;
ShoulderCenter;0.1962827;0.3956814;3.167806;
ShoulderRight;0.2286703;0.2531166;3.026403;
ShoulderLeft;0.07780221;0.1413195;3.237253;
ElbowRight;0.09725964;-0.02005816;2.890902;
ElbowLeft;0.06380052;-0.07614253;3.441675;
WristRight;-0.1380625;-0.2060322;2.85883;
WristLeft;0.03839083;-0.2996322;3.500729;
HandRight;-0.2212559;-0.235127;2.887388;
HandLeft;0.0126408;-0.3650772;3.513348;
Spine;0.180429;-0.06376415;3.124095;
HipCenter;0.1771955;-0.1554086;3.11907;
HipRight;0.2092937;-0.1956161;3.081817;
HipLeft;0.1475084;-0.2183377;3.142457;
KneeRight;0.2780014;-0.6563715;3.117488;
KneeLeft;0.001279353;-0.6847925;3.280437;
AnkleRight;0.4298996;-1.007321;3.114834;
AnkleLeft;-0.172237;-1.057347;3.27451;
FootRight;0.4028495;-1.08366;3.101581;
FootLeft;-0.2813681;-1.063638;3.286176;
Head;0.02334426;0.5760973;3.23516;
ShoulderCenter;0.1425342;0.3833616;3.17244;
ShoulderRight;0.1947636;0.2438168;3.023454;
ShoulderLeft;0.02405366;0.1289997;3.241887;
ElbowRight;0.058665;-0.01633479;2.889881;
ElbowLeft;0.009958125;-0.0899201;3.447872;
WristRight;-0.1866954;-0.1909522;2.85598;
WristLeft;-0.01573429;-0.3152363;3.506392;
HandRight;-0.2503166;-0.2210329;2.879275;
HandLeft;-0.04127727;-0.3801552;3.51891;
Spine;0.1453131;-0.07413746;3.119801;
HipCenter;0.1460076;-0.1654162;3.113528;
HipRight;0.1890041;-0.2020564;3.084092;
HipLeft;0.09896233;-0.2262108;3.125988;
KneeRight;0.2668552;-0.6484001;3.111652;
KneeLeft;-0.03874604;-0.7183947;3.273497;
AnkleRight;0.4280237;-1.010074;3.114702;
AnkleLeft;-0.2266166;-1.041225;3.264758;
FootRight;0.3957656;-1.08517;3.104184;
FootLeft;-0.2966667;-1.083128;3.212453;
Head;-0.006675646;0.5756977;3.241975;
ShoulderCenter;0.1057055;0.3791441;3.175677;
ShoulderRight;0.1438737;0.2291612;3.02496;
ShoulderLeft;-0.012775;0.1247822;3.245123;
ElbowRight;-0.00242717;-0.0302007;2.88308;
ElbowLeft;-0.02682466;-0.09342519;3.45031;
WristRight;-0.2250697;-0.1892304;2.858503;
WristLeft;-0.05237855;-0.3178481;3.509078;
HandRight;-0.3178551;-0.2044982;2.876215;
HandLeft;-0.07786661;-0.3826273;3.521569;
Spine;0.1113988;-0.1044311;3.133504;
HipCenter;0.1126408;-0.2019674;3.129247;
HipRight;0.1711163;-0.2275838;3.120987;
HipLeft;0.05640649;-0.2628177;3.127453;
KneeRight;0.2553503;-0.6518818;3.105233;
KneeLeft;-0.09180333;-0.7748234;3.272806;
AnkleRight;0.4275347;-1.012136;3.115087;
AnkleLeft;-0.2392145;-1.056631;3.258579;
FootRight;0.4118601;-1.091804;3.099661;
FootLeft;-0.3109249;-1.099359;3.208718;
Head;-0.04657173;0.5810243;3.257597;
ShoulderCenter;0.05460546;0.3789181;3.183188;
ShoulderRight;0.1164677;0.2339693;3.037044;
ShoulderLeft;-0.06387505;0.1245562;3.252635;
ElbowRight;0.0004913683;-0.003313566;2.892868;
ElbowLeft;-0.07799312;-0.09471361;3.458946;
WristRight;-0.2726844;-0.1751446;2.856887;
WristLeft;-0.1037538;-0.3204692;3.517308;
HandRight;-0.361237;-0.202078;2.880559;
HandLeft;-0.129202;-0.3851471;3.52978;
Spine;0.05314227;-0.08618431;3.123677;
HipCenter;0.05284964;-0.1792048;3.115626;
HipRight;0.09533592;-0.2145166;3.089045;
HipLeft;0.01005958;-0.2404522;3.127792;
KneeRight;0.2190567;-0.6469584;3.080446;
KneeLeft;-0.1027326;-0.7653464;3.263498;
AnkleRight;0.4244412;-1.015349;3.116965;
AnkleLeft;-0.2421899;-1.051054;3.247194;
FootRight;0.355019;-1.083993;3.126464;
FootLeft;-0.2765252;-1.118495;3.213084;
Head;-0.1082814;0.5647708;3.267761;
ShoulderCenter;0.02073621;0.3794835;3.188458;
ShoulderRight;0.0567543;0.2429744;3.053316;
ShoulderLeft;-0.09774429;0.1251216;3.257905;
ElbowRight;-0.01680454;0.01404992;2.901332;
ElbowLeft;-0.11191;-0.09488855;3.464978;
WristRight;-0.2795801;-0.1747872;2.861961;
WristLeft;-0.1378158;-0.3215743;3.523036;
HandRight;-0.3805394;-0.2076284;2.884795;
HandLeft;-0.1631914;-0.3860677;3.535472;
Spine;0.0008874941;-0.08948733;3.131066;
HipCenter;-0.00167358;-0.183305;3.123228;
HipRight;0.03593462;-0.2226115;3.105518;
HipLeft;-0.04176427;-0.2349376;3.127678;
KneeRight;0.2159899;-0.6464793;3.078558;
KneeLeft;-0.1387398;-0.7632289;3.266053;
AnkleRight;0.4128879;-1.007853;3.11501;
AnkleLeft;-0.2441952;-1.063068;3.23635;
FootRight;0.3713764;-1.076082;3.091163;
FootLeft;-0.3173165;-1.104598;3.185912;
Head;-0.1409071;0.5764388;3.25914;
ShoulderCenter;-0.03045993;0.3781372;3.189245;
ShoulderRight;0.02068621;0.2357596;3.049176;
ShoulderLeft;-0.1111396;0.1920342;3.086064;
ElbowRight;-0.1014357;-0.03195243;2.896818;
ElbowLeft;-0.1252611;-0.02728967;3.292353;
WristRight;-0.3289786;-0.2053213;2.862885;
WristLeft;-0.1510324;-0.2531131;3.350654;
HandRight;-0.4028219;-0.2349822;2.888284;
HandLeft;-0.1762851;-0.317294;3.36303;
Spine;-0.02135421;-0.1033175;3.183426;
HipCenter;-0.0424876;-0.1893546;3.120188;
HipRight;-0.01813883;-0.2148389;3.107556;
HipLeft;-0.0671379;-0.2283372;3.124368;
KneeRight;0.1738991;-0.6610057;3.074456;
KneeLeft;-0.1814914;-0.6999671;3.264095;
AnkleRight;0.3961268;-1.008327;3.115862;
AnkleLeft;-0.2420974;-1.045536;3.234057;
FootRight;0.3299631;-1.082044;3.116731;
FootLeft;-0.2689543;-1.085153;3.149409;
Head;-0.1708506;0.5865896;3.265893;
ShoulderCenter;-0.06238452;0.3873269;3.195025;
ShoulderRight;-0.02717152;0.2391291;3.050368;
ShoulderLeft;-0.1430642;0.2012239;3.091845;
ElbowRight;-0.135069;-0.04072508;2.901047;
ElbowLeft;-0.1571407;-0.01740101;3.297324;
WristRight;-0.3597045;-0.2349798;2.874293;
WristLeft;-0.1827757;-0.2423473;3.355858;
HandRight;-0.4220727;-0.2598244;2.894432;
HandLeft;-0.2078532;-0.306083;3.368148;
Spine;-0.04853027;-0.09057336;3.175819;
HipCenter;-0.07243603;-0.174525;3.111977;
HipRight;-0.0536905;-0.2140751;3.058487;
HipLeft;-0.09946178;-0.2290984;3.140962;
KneeRight;0.0689197;-0.6737744;3.091349;
KneeLeft;-0.2002169;-0.762256;3.262982;
AnkleRight;0.3389036;-0.9799592;3.104162;
AnkleLeft;-0.2470603;-1.076209;3.232857;
FootRight;0.3053595;-1.074179;3.111059;
FootLeft;-0.3222699;-1.104405;3.252362;
Head;-0.2136555;0.5805215;3.277727;
ShoulderCenter;-0.1031683;0.3854222;3.188963;
ShoulderRight;-0.06518497;0.2393067;3.053327;
ShoulderLeft;-0.2329032;0.161085;3.119055;
ElbowRight;-0.1603901;-0.04439068;2.905014;
ElbowLeft;-0.2469349;-0.05684391;3.323733;
WristRight;-0.3750828;-0.2635776;2.883904;
WristLeft;-0.2724349;-0.2809179;3.382495;
HandRight;-0.4434439;-0.3087131;2.908526;
HandLeft;-0.2974212;-0.3444219;3.39474;
Spine;-0.09684945;-0.0998075;3.175553;
HipCenter;-0.1244832;-0.1857633;3.114195;
HipRight;-0.08075129;-0.220295;3.072814;
HipLeft;-0.1639531;-0.2472449;3.136405;
KneeRight;0.02603526;-0.6676228;3.074696;
KneeLeft;-0.2449661;-0.6882861;3.25518;
AnkleRight;0.2824263;-0.9498696;3.090298;
AnkleLeft;-0.2458492;-1.038046;3.237539;
FootRight;0.3013795;-1.051624;3.133416;
FootLeft;-0.3155887;-1.101332;3.249973;
Head;-0.2427512;0.5979039;3.278748;
ShoulderCenter;-0.1459066;0.39497;3.194638;
ShoulderRight;-0.1061728;0.2518948;3.06136;
ShoulderLeft;-0.2686449;0.1700254;3.124782;
ElbowRight;-0.1775129;-0.02796119;2.909185;
ElbowLeft;-0.2826296;-0.0471742;3.328791;
WristRight;-0.3716825;-0.2826337;2.887498;
WristLeft;-0.3079887;-0.2703353;3.387871;
HandRight;-0.4300618;-0.3421963;2.904773;
HandLeft;-0.3328275;-0.3334645;3.400044;
Spine;-0.1114647;-0.0948051;3.160722;
HipCenter;-0.1379009;-0.1798164;3.095085;
HipRight;-0.09749123;-0.2101098;3.0652;
HipLeft;-0.1795341;-0.23699;3.095812;
KneeRight;-0.007468044;-0.6746417;3.073731;
KneeLeft;-0.2847617;-0.6949041;3.238789;
AnkleRight;0.2084684;-0.9361189;3.093996;
AnkleLeft;-0.248206;-1.036633;3.236816;
FootRight;0.2233543;-1.035458;3.109444;
FootLeft;-0.3140486;-1.101048;3.247446;
Head;-0.278764;0.6101995;3.279731;
ShoulderCenter;-0.1906388;0.4018659;3.203057;
ShoulderRight;-0.1439476;0.2548257;3.068869;
ShoulderLeft;-0.3181863;0.1780139;3.134118;
ElbowRight;-0.1948417;-0.02991953;2.917545;
ElbowLeft;-0.3322471;-0.04036739;3.339315;
WristRight;-0.3425744;-0.2771839;2.88757;
WristLeft;-0.3578348;-0.2650083;3.397929;
HandRight;-0.3811862;-0.3616697;2.898636;
HandLeft;-0.3827531;-0.3283394;3.410141;
Spine;-0.1567582;-0.0830133;3.14325;
HipCenter;-0.1788736;-0.1650443;3.073631;
HipRight;-0.1410114;-0.1881482;3.052601;
HipLeft;-0.2123545;-0.2253539;3.07512;
KneeRight;-0.05857581;-0.6865639;3.066678;
KneeLeft;-0.2644913;-0.7009262;3.126229;
AnkleRight;0.1271795;-0.9373057;3.084893;
AnkleLeft;-0.2503287;-1.034604;3.237476;
FootRight;0.1219252;-1.043468;3.121173;
FootLeft;-0.311858;-1.10061;3.245533;
Head;-0.3140512;0.5480865;3.272981;
ShoulderCenter;-0.2269989;0.3429227;3.186864;
ShoulderRight;-0.1760686;0.2579981;3.065658;
ShoulderLeft;-0.3526398;0.1187768;3.117577;
ElbowRight;-0.2130162;0.01568893;2.934618;
ElbowLeft;-0.3667386;-0.1001947;3.323393;
WristRight;-0.3341729;-0.2821192;2.88866;
WristLeft;-0.3924412;-0.3255757;3.381779;
HandRight;-0.3562059;-0.3469483;2.894374;
HandLeft;-0.4172027;-0.3885083;3.393915;
Spine;-0.1615041;-0.08098704;3.14415;
HipCenter;-0.1826794;-0.1599754;3.074969;
HipRight;-0.1429304;-0.1850317;3.053495;
HipLeft;-0.2150226;-0.2244371;3.074969;
KneeRight;-0.11109;-0.6728734;3.056957;
KneeLeft;-0.3133855;-0.6633689;3.081256;
AnkleRight;0.03428557;-0.9477258;3.080835;
AnkleLeft;-0.2504191;-1.033895;3.238068;
FootRight;0.006126751;-1.039842;3.107635;
FootLeft;-0.3116501;-1.100448;3.245645;
Head;-0.3674141;0.6075593;3.26856;
ShoulderCenter;-0.2595775;0.4104218;3.195749;
ShoulderRight;-0.1929229;0.2644222;3.061205;
ShoulderLeft;-0.3852185;0.1862759;3.126461;
ElbowRight;-0.2341939;-0.006530009;2.936054;
ElbowLeft;-0.3992714;-0.03198278;3.331464;
WristRight;-0.3018909;-0.2475368;2.883109;
WristLeft;-0.4248353;-0.2564699;3.390091;
HandRight;-0.2949845;-0.3402077;2.882702;
HandLeft;-0.4495887;-0.319382;3.402222;
Spine;-0.2582518;-0.07272123;3.181053;
HipCenter;-0.2844803;-0.1576303;3.117955;
HipRight;-0.2473045;-0.1925178;3.095739;
HipLeft;-0.325757;-0.2162861;3.124748;
KneeRight;-0.1659254;-0.6735587;3.05598;
KneeLeft;-0.316183;-0.7084775;3.058929;
AnkleRight;-0.08572493;-0.9879645;3.098904;
AnkleLeft;-0.2485056;-1.03047;3.233045;
FootRight;-0.1373697;-1.064067;3.106215;
FootLeft;-0.3116515;-1.10011;3.244505;
Head;-0.4196791;0.5939702;3.264877;
ShoulderCenter;-0.2840888;0.4140123;3.198238;
ShoulderRight;-0.2487634;0.2590009;3.062759;
ShoulderLeft;-0.4280901;0.1394431;3.132844;
ElbowRight;-0.2519729;0.01812713;2.942193;
ElbowLeft;-0.442173;-0.07928036;3.338361;
WristRight;-0.323866;-0.2039913;2.878034;
WristLeft;-0.4678272;-0.3043503;3.396824;
HandRight;-0.3169618;-0.2966338;2.877627;
HandLeft;-0.492573;-0.3672431;3.408952;
Spine;-0.3106247;-0.06697296;3.194586;
HipCenter;-0.3458847;-0.1514958;3.136077;
HipRight;-0.3088203;-0.1932834;3.109438;
HipLeft;-0.3923361;-0.2129088;3.148324;
KneeRight;-0.2586856;-0.6749598;3.074702;
KneeLeft;-0.4208643;-0.6599348;3.055406;
AnkleRight;-0.1892899;-0.9972132;3.115443;
AnkleLeft;-0.3001629;-0.9889449;3.211407;
FootRight;-0.2656508;-1.076077;3.124145;
FootLeft;-0.3061107;-1.080543;3.174276;
Head;-0.4453055;0.6114953;3.245866;
ShoulderCenter;-0.3377194;0.4131087;3.185726;
ShoulderRight;-0.2704287;0.2624963;3.061171;
ShoulderLeft;-0.467656;0.1372546;3.120492;
ElbowRight;-0.2805646;0.01821164;2.936632;
ElbowLeft;-0.4817714;-0.08197282;3.326511;
WristRight;-0.3220549;-0.2132755;2.87841;
WristLeft;-0.5075238;-0.3076754;3.384763;
HandRight;-0.3151528;-0.3058898;2.878003;
HandLeft;-0.5322622;-0.370549;3.396888;
Spine;-0.3325764;-0.07310624;3.177444;
HipCenter;-0.3600957;-0.1596871;3.114538;
HipRight;-0.3227966;-0.1970313;3.079383;
HipLeft;-0.4056634;-0.2308987;3.128836;
KneeRight;-0.3995785;-0.6183647;3.084563;
KneeLeft;-0.2246667;-0.6610811;3.251652;
AnkleRight;-0.3173774;-1.028034;3.103368;
AnkleLeft;-0.22813;-1.036475;3.199465;
FootRight;-0.4076653;-1.088205;3.132249;
FootLeft;-0.2606875;-1.076239;3.116451;
Head;-0.504668;0.6035668;3.248084;
ShoulderCenter;-0.3725677;0.4199257;3.19697;
ShoulderRight;-0.3200198;0.2680246;3.067495;
ShoulderLeft;-0.5087062;0.1443901;3.131455;
ElbowRight;-0.2934825;0.02549995;2.936224;
ElbowLeft;-0.3577967;-0.09695897;2.948359;
WristRight;-0.3138196;-0.2087825;2.880776;
WristLeft;-0.2566919;-0.3338443;2.914097;
HandRight;-0.3069238;-0.3013116;2.880369;
HandLeft;-0.2399777;-0.3957343;2.938462;
Spine;-0.3523706;-0.08448803;3.17096;
HipCenter;-0.3790331;-0.1734499;3.106822;
HipRight;-0.3318692;-0.19829;3.077694;
HipLeft;-0.4283638;-0.2573776;3.114828;
KneeRight;-0.512462;-0.6317669;3.081786;
KneeLeft;-0.2674533;-0.6835297;3.248764;
AnkleRight;-0.4376273;-1.041622;3.106899;
AnkleLeft;-0.2388705;-1.048655;3.221501;
FootRight;-0.5313262;-1.095212;3.136563;
FootLeft;-0.2766743;-1.122144;3.217468;
Head;-0.5333493;0.6114802;3.24858;
ShoulderCenter;-0.4233951;0.4137591;3.189679;
ShoulderRight;-0.3543509;0.2651974;3.062049;
ShoulderLeft;-0.5205908;0.1986757;3.090729;
ElbowRight;-0.308234;0.0243806;2.932641;
ElbowLeft;-0.3717476;-0.06450063;2.948404;
WristRight;-0.2976025;-0.212141;2.891684;
WristLeft;-0.25507;-0.333082;2.91477;
HandRight;-0.2907106;-0.3046174;2.891278;
HandLeft;-0.2254274;-0.3869665;2.945033;
Spine;-0.4170814;-0.08339366;3.153797;
HipCenter;-0.4330404;-0.1685697;3.083751;
HipRight;-0.3938661;-0.2004198;3.062322;
HipLeft;-0.4735241;-0.2157683;3.08864;
KneeRight;-0.6143697;-0.6291477;3.086066;
KneeLeft;-0.2712171;-0.6831292;3.251521;
AnkleRight;-0.5818689;-1.0411;3.104241;
AnkleLeft;-0.2372843;-1.046658;3.226302;
FootRight;-0.6739329;-1.096647;3.13553;
FootLeft;-0.3008714;-1.099644;3.225917;
Head;-0.5833428;0.5792446;3.216392;
ShoulderCenter;-0.4462874;0.3988621;3.182202;
ShoulderRight;-0.40456;0.2434024;3.057616;
ShoulderLeft;-0.5971817;0.09904679;3.135476;
ElbowRight;-0.3317393;0.01596164;2.930403;
ElbowLeft;-0.3865746;-0.09745557;2.956109;
WristRight;-0.3034036;-0.2619134;2.909305;
WristLeft;-0.2465961;-0.3228121;2.910558;
HandRight;-0.296512;-0.3543859;2.908899;
HandLeft;-0.2305714;-0.3816361;2.941872;
Spine;-0.4111741;-0.0835622;3.148518;
HipCenter;-0.4387847;-0.1695204;3.084039;
HipRight;-0.3932539;-0.2007183;3.062468;
HipLeft;-0.5087824;-0.2456222;3.084407;
KneeRight;-0.6975987;-0.6237932;3.099545;
KneeLeft;-0.2764482;-0.6803285;3.256717;
AnkleRight;-0.7059863;-1.050249;3.112604;
AnkleLeft;-0.2421323;-1.042388;3.22588;
FootRight;-0.8068463;-1.088458;3.14399;
FootLeft;-0.3370459;-1.09023;3.262216;
Head;-0.5409366;0.6069086;3.222811;
ShoulderCenter;-0.4945459;0.3839713;3.17235;
ShoulderRight;-0.4387382;0.2387291;3.049752;
ShoulderLeft;-0.6318508;0.09054675;3.129153;
ElbowRight;-0.3755937;-0.009040317;2.935129;
ElbowLeft;-0.4029095;-0.09518094;2.959341;
WristRight;-0.2806196;-0.2858827;2.900666;
WristLeft;-0.2463102;-0.3218625;2.91083;
HandRight;-0.2514497;-0.3652259;2.939901;
HandLeft;-0.2358695;-0.389219;2.953289;
Spine;-0.474859;-0.1052514;3.145605;
HipCenter;-0.5048018;-0.1914475;3.08348;
HipRight;-0.4497061;-0.2303577;3.069682;
HipLeft;-0.5618187;-0.2603279;3.077653;
KneeRight;-0.6947987;-0.6216717;3.100502;
KneeLeft;-0.3047417;-0.6540593;3.255847;
AnkleRight;-0.8476361;-1.01776;3.136068;
AnkleLeft;-0.2407375;-1.035501;3.227165;
FootRight;-0.9409474;-1.081234;3.138324;
FootLeft;-0.2977558;-1.095531;3.216877;
Head;-0.6617447;0.5761447;3.208555;
ShoulderCenter;-0.5492986;0.377947;3.169091;
ShoulderRight;-0.4910388;0.2348436;3.053683;
ShoulderLeft;-0.6222644;0.1941459;3.084296;
ElbowRight;-0.3880576;-0.01048317;2.934417;
ElbowLeft;-0.4427308;-0.06120399;2.961736;
WristRight;-0.2758813;-0.3157541;2.921452;
WristLeft;-0.2872925;-0.2910043;2.893824;
HandRight;-0.2386633;-0.4069574;2.957078;
HandLeft;-0.2789119;-0.3706828;2.941598;
Spine;-0.5231957;-0.09690434;3.15729;
HipCenter;-0.5374016;-0.1815614;3.091468;
HipRight;-0.5084357;-0.21491;3.12251;
HipLeft;-0.5759767;-0.2363859;3.052935;
KneeRight;-0.7193406;-0.6157445;3.106268;
KneeLeft;-0.3648219;-0.6809098;3.249559;
AnkleRight;-0.8994727;-0.9999812;3.150052;
AnkleLeft;-0.2414632;-1.036592;3.233417;
FootRight;-1.005464;-1.038677;3.157598;
FootLeft;-0.2978092;-1.095817;3.215981;
Head;-0.7111397;0.556238;3.194611;
ShoulderCenter;-0.5749341;0.3746813;3.165523;
ShoulderRight;-0.5336006;0.2296593;3.047596;
ShoulderLeft;-0.6478999;0.1908801;3.080728;
ElbowRight;-0.4351479;-0.01126981;2.934784;
ElbowLeft;-0.4503013;-0.04411711;2.945787;
WristRight;-0.2981133;-0.3049461;2.916491;
WristLeft;-0.2705361;-0.3136447;2.921566;
HandRight;-0.2584961;-0.4050483;2.946374;
HandLeft;-0.266187;-0.3766614;2.948927;
Spine;-0.564727;-0.1223243;3.140259;
HipCenter;-0.5838808;-0.2090784;3.073958;
HipRight;-0.5523302;-0.2282086;3.057591;
HipLeft;-0.6146693;-0.2486815;3.079136;
KneeRight;-0.3938048;-0.5716649;3.212987;
KneeLeft;-0.3675884;-0.6813468;3.252958;
AnkleRight;-0.6074676;-0.7843937;3.080708;
AnkleLeft;-0.2431919;-1.03802;3.237572;
FootRight;-0.7032851;-0.8420942;3.097517;
FootLeft;-0.2936846;-1.102803;3.221995;
Head;-0.7584697;0.5586224;3.19158;
ShoulderCenter;-0.6353667;0.3676373;3.15882;
ShoulderRight;-0.5746082;0.223003;3.036519;
ShoulderLeft;-0.7008282;0.1615;3.05818;
ElbowRight;-0.4865658;-0.01216862;2.937044;
ElbowLeft;-0.4811362;-0.02783317;2.925288;
WristRight;-0.353089;-0.307459;2.914359;
WristLeft;-0.3139157;-0.3053259;2.919065;
HandRight;-0.2836858;-0.4061833;2.940667;
HandLeft;-0.2865923;-0.3821305;2.94719;
Spine;-0.5991342;-0.1264924;3.143342;
HipCenter;-0.6093694;-0.2145259;3.076119;
HipRight;-0.5760696;-0.2355205;3.062597;
HipLeft;-0.6414883;-0.2546757;3.078953;
KneeRight;-0.3914474;-0.5700365;3.296425;
KneeLeft;-0.3897537;-0.7015603;3.26202;
AnkleRight;-0.588511;-0.7490803;3.092057;
AnkleLeft;-0.2516117;-1.042842;3.241861;
FootRight;-0.6814491;-0.8113061;3.109905;
FootLeft;-0.3385466;-1.102897;3.282651;
Head;-0.7919115;0.5500445;3.159245;
ShoulderCenter;-0.6666592;0.3627978;3.148568;
ShoulderRight;-0.6241053;0.2143815;3.02674;
ShoulderLeft;-0.7974883;0.0516307;3.068965;
ElbowRight;-0.5443288;-0.009149468;2.930636;
ElbowLeft;-0.5196728;-0.03096896;2.917781;
WristRight;-0.4008531;-0.2997338;2.917435;
WristLeft;-0.3618166;-0.3139019;2.90977;
HandRight;-0.3293712;-0.4239906;2.950214;
HandLeft;-0.293833;-0.3801738;2.946329;
Spine;-0.6278907;-0.1211738;3.140131;
HipCenter;-0.6447728;-0.2087825;3.076838;
HipRight;-0.5843314;-0.2373084;3.059692;
HipLeft;-0.7024471;-0.2834481;3.082078;
KneeRight;-0.4006784;-0.5855023;3.339266;
KneeLeft;-0.4218026;-0.6470125;3.291211;
AnkleRight;-0.5893787;-0.7419924;3.106137;
AnkleLeft;-0.258901;-1.044393;3.246177;
FootRight;-0.6809392;-0.8069848;3.123764;
FootLeft;-0.3605666;-1.092522;3.26248;
Head;-0.8575375;0.5485309;3.177423;
ShoulderCenter;-0.7235309;0.3638276;3.129068;
ShoulderRight;-0.6721743;0.2151661;3.017509;
ShoulderLeft;-0.6210731;0.2092264;2.9672;
ElbowRight;-0.5730241;-0.0701652;2.929734;
ElbowLeft;-0.553378;-0.1079677;2.918185;
WristRight;-0.4247674;-0.3460611;2.907402;
WristLeft;-0.4104166;-0.3369735;2.908247;
HandRight;-0.3834257;-0.3969389;2.938839;
HandLeft;-0.3684345;-0.3855705;2.932535;
Spine;-0.7550661;-0.1228468;3.02874;
HipCenter;-0.7124435;-0.2262672;3.062978;
HipRight;-0.7238719;-0.2399611;3.048733;
HipLeft;-0.7008067;-0.2514575;3.074598;
KneeRight;-0.4526393;-0.6030388;3.330829;
KneeLeft;-0.4606243;-0.6894041;3.295714;
AnkleRight;-0.6266946;-0.7625701;3.088003;
AnkleLeft;-0.3141048;-1.038216;3.243834;
FootRight;-0.5849528;-0.8191851;3.133996;
FootLeft;-0.4148271;-1.089213;3.257345;
Head;-0.8523965;0.5671617;3.172841;
ShoulderCenter;-0.7621127;0.3574267;3.116497;
ShoulderRight;-0.7158443;0.2140101;3.008216;
ShoulderLeft;-0.8630185;0.09734083;3.038548;
ElbowRight;-0.6315495;-0.05693724;2.913721;
ElbowLeft;-0.62514;-0.1027109;2.910861;
WristRight;-0.5118291;-0.3587229;2.920322;
WristLeft;-0.4849737;-0.336015;2.899812;
HandRight;-0.4581208;-0.4407739;2.954084;
HandLeft;-0.4362518;-0.3867968;2.929797;
Spine;-0.7500468;-0.1337188;3.115541;
HipCenter;-0.7679873;-0.2224615;3.05286;
HipRight;-0.726414;-0.2485827;3.051381;
HipLeft;-0.8065023;-0.26908;3.039562;
KneeRight;-0.5429369;-0.6094571;3.276646;
KneeLeft;-0.5336976;-0.6971451;3.271919;
AnkleRight;-0.7100234;-0.7981377;3.055099;
AnkleLeft;-0.3530222;-0.9847077;3.244578;
FootRight;-0.7361437;-0.8385997;2.968972;
FootLeft;-0.3912674;-1.085271;3.237586;
Head;-0.9169435;0.5542345;3.154356;
ShoulderCenter;-0.7952147;0.3606049;3.106893;
ShoulderRight;-0.7588785;0.2167182;2.996833;
ShoulderLeft;-0.9077291;0.1231687;3.022722;
ElbowRight;-0.6866132;-0.03567116;2.898026;
ElbowLeft;-0.690633;-0.0308365;2.892613;
WristRight;-0.6052632;-0.2629794;2.874664;
WristLeft;-0.5757076;-0.2874566;2.886486;
HandRight;-0.5639216;-0.3138573;2.906101;
HandLeft;-0.5269858;-0.3382383;2.916472;
Spine;-0.783914;-0.1326133;3.107581;
HipCenter;-0.7997938;-0.2218813;3.043789;
HipRight;-0.768429;-0.2566353;3.024522;
HipLeft;-0.8391461;-0.2676137;3.04643;
KneeRight;-0.6091471;-0.6445992;3.249694;
KneeLeft;-0.6006939;-0.71376;3.25054;
AnkleRight;-0.7479829;-0.83922;3.01185;
AnkleLeft;-0.4093472;-0.9726784;3.245085;
FootRight;-0.7695976;-0.8796973;2.924257;
FootLeft;-0.4328595;-1.082048;3.265507;
Head;-0.9166746;0.5750362;3.157793;
ShoulderCenter;-0.8353571;0.3619339;3.098719;
ShoulderRight;-0.7823507;0.2211447;2.995291;
ShoulderLeft;-0.8300753;0.2042767;2.941721;
ElbowRight;-0.7395319;-0.05442879;2.891173;
ElbowLeft;-0.7471635;-0.107649;2.879065;
WristRight;-0.6817683;-0.2910236;2.8399;
WristLeft;-0.659784;-0.3626828;2.867157;
HandRight;-0.6404266;-0.3419014;2.871337;
HandLeft;-0.6382719;-0.4159217;2.904502;
Spine;-0.8874505;-0.1248455;3.083132;
HipCenter;-0.8458052;-0.2166693;3.036238;
HipRight;-0.8382474;-0.2214351;3.029313;
HipLeft;-0.8531238;-0.2393119;3.041198;
KneeRight;-0.7513224;-0.6086547;3.151227;
KneeLeft;-0.9045858;-0.7010712;3.112967;
AnkleRight;-0.7181553;-0.9199097;3.089691;
AnkleLeft;-0.994672;-1.060282;3.189919;
FootRight;-0.6399583;-0.9654276;3.158579;
FootLeft;-0.947127;-1.127938;3.174848;
Head;-0.9338784;0.5825595;3.150759;
ShoulderCenter;-0.8544466;0.3685386;3.098553;
ShoulderRight;-0.8170424;0.235631;3.001126;
ShoulderLeft;-0.8181602;0.2095481;2.938201;
ElbowRight;-0.806665;-0.04890628;2.884807;
ElbowLeft;-0.8245708;-0.1124008;2.875631;
WristRight;-0.7489014;-0.2855011;2.833543;
WristLeft;-0.7766622;-0.3762242;2.87366;
HandRight;-0.7075597;-0.3363789;2.86498;
HandLeft;-0.7607808;-0.4421901;2.883403;
Spine;-0.9293034;-0.1167048;3.058275;
HipCenter;-0.8748506;-0.2164654;3.05521;
HipRight;-0.8824215;-0.2138615;3.063244;
HipLeft;-0.8684238;-0.2366851;3.048246;
KneeRight;-0.7610526;-0.6166328;3.162483;
KneeLeft;-0.904867;-0.701048;3.112176;
AnkleRight;-0.6012824;-0.9601428;3.249593;
AnkleLeft;-0.9936206;-1.061026;3.188892;
FootRight;-0.6024634;-1.05329;3.314669;
FootLeft;-0.9535657;-1.133921;3.177213;
Head;-0.9736757;0.6175939;3.152161;
ShoulderCenter;-0.9292787;0.3938384;3.108491;
ShoulderRight;-0.8435318;0.2464325;3.007471;
ShoulderLeft;-0.8399094;0.2677217;2.954706;
ElbowRight;-0.8555879;-0.05880355;2.87804;
ElbowLeft;-0.8736925;-0.05039588;2.881527;
WristRight;-0.9022129;-0.2923632;2.849947;
WristLeft;-0.850422;-0.3721687;2.860761;
HandRight;-0.8579187;-0.3284506;2.882156;
HandLeft;-0.8426651;-0.4794263;2.859136;
Spine;-0.9787375;-0.05046169;3.081643;
HipCenter;-0.9182804;-0.1382528;3.085419;
HipRight;-0.9199795;-0.1642198;3.119099;
HipLeft;-0.9149678;-0.1903434;3.046023;
KneeRight;-0.7768786;-0.6806365;3.25106;
KneeLeft;-0.9142293;-0.6958623;3.107934;
AnkleRight;-0.7035081;-0.9828923;3.264385;
AnkleLeft;-0.9919404;-1.059839;3.187627;
FootRight;-0.7534224;-1.061927;3.32944;
FootLeft;-0.9408067;-1.126512;3.192709;
Head;-1.017038;0.6231052;3.169287;
ShoulderCenter;-0.9422938;0.4080319;3.108848;
ShoulderRight;-0.9025815;0.2600076;2.995856;
ShoulderLeft;-0.8785363;0.2607171;2.94748;
ElbowRight;-0.9083138;-0.02271941;2.882246;
ElbowLeft;-0.8145304;0.1106708;3.193815;
WristRight;-1.019733;-0.3246275;2.857249;
WristLeft;-0.9151465;-0.1337251;2.994085;
HandRight;-1.043767;-0.387264;2.870706;
HandLeft;-1.019491;-0.2694617;2.817992;
Spine;-0.9444463;-0.03432307;3.040924;
HipCenter;-0.8756604;-0.1174048;3.059505;
HipRight;-0.8692024;-0.1519303;3.096809;
HipLeft;-0.8682495;-0.1821903;3.010036;
KneeRight;-0.8367735;-0.701426;3.216601;
KneeLeft;-0.9494528;-0.6902924;3.053005;
AnkleRight;-0.916418;-1.080413;3.257861;
AnkleLeft;-0.9921952;-1.058555;3.184938;
FootRight;-0.8880063;-1.082492;3.336721;
FootLeft;-0.9436294;-1.126522;3.192165;
Head;-1.109681;0.6105755;3.171651;
ShoulderCenter;-0.9916171;0.4155506;3.113797;
ShoulderRight;-0.9185671;0.2672474;2.994469;
ShoulderLeft;-1.062555;0.2032401;2.995813;
ElbowRight;-0.9701935;-0.03378221;2.879917;
ElbowLeft;-0.8893631;0.09746505;3.213909;
WristRight;-1.122998;-0.3165554;2.870836;
WristLeft;-0.9795884;-0.1562615;3.022379;
HandRight;-1.204586;-0.402325;2.887699;
HandLeft;-1.064642;-0.2727104;2.872944;
Spine;-0.9378747;-0.02451619;3.111876;
HipCenter;-0.9325148;-0.1018684;3.045829;
HipRight;-0.8862826;-0.1518324;3.087733;
HipLeft;-0.9545442;-0.1732503;2.989819;
KneeRight;-0.9251244;-0.6666551;3.130498;
KneeLeft;-0.9803152;-0.6571154;3.018716;
AnkleRight;-0.9614493;-1.060171;3.168308;
AnkleLeft;-0.9906918;-1.038877;3.176323;
FootRight;-0.9672626;-1.099971;3.078039;
FootLeft;-0.9543792;-1.112951;3.192153;
Head;-1.105613;0.6238842;3.167352;
ShoulderCenter;-1.006881;0.4181456;3.113915;
ShoulderRight;-0.9449046;0.2708958;2.996936;
ShoulderLeft;-0.9920291;0.252977;2.928588;
ElbowRight;-1.036896;-0.0222266;2.872761;
ElbowLeft;-0.8998213;0.1244368;3.176591;
WristRight;-1.189033;-0.3048065;2.852559;
WristLeft;-1.053028;-0.1051535;2.996861;
HandRight;-1.254577;-0.3609282;2.868263;
HandLeft;-1.206634;-0.2298173;2.837248;
Spine;-1.038374;-0.07130563;3.080021;
HipCenter;-0.9856848;-0.160834;3.03583;
HipRight;-0.9754261;-0.1699;3.046359;
HipLeft;-0.9941505;-0.1829946;3.020244;
KneeRight;-0.9692177;-0.6828513;3.093172;
KneeLeft;-0.9978969;-0.6487437;3.006003;
AnkleRight;-1.089605;-1.058489;3.226012;
AnkleLeft;-0.988494;-1.033524;3.160164;
FootRight;-1.015968;-1.097751;3.172811;
FootLeft;-0.9148568;-1.072787;3.106963;
Head;-1.161701;0.6131065;3.190725;
ShoulderCenter;-1.055309;0.4127946;3.113149;
ShoulderRight;-0.9921316;0.2740157;2.989659;
ShoulderLeft;-0.9972292;0.2540522;2.929364;
ElbowRight;-1.066751;0.007995743;2.87538;
ElbowLeft;-0.9371815;0.1025128;3.174636;
WristRight;-1.270813;-0.2398017;2.857762;
WristLeft;-1.138979;-0.09915978;3.011552;
HandRight;-1.362273;-0.2530251;2.853349;
HandLeft;-1.206257;-0.09879368;2.999321;
Spine;-1.101319;-0.03757403;3.069251;
HipCenter;-1.040219;-0.1247462;3.057478;
HipRight;-1.027726;-0.1453265;3.07822;
HipLeft;-1.050582;-0.1770218;3.027032;
KneeRight;-0.976267;-0.6809423;3.090665;
KneeLeft;-1.25258;-0.6438708;3.264498;
AnkleRight;-0.9635268;-1.062507;3.174393;
AnkleLeft;-1.001835;-0.9868997;3.175174;
FootRight;-0.8738803;-1.104289;3.16548;
FootLeft;-0.9121889;-1.028682;3.16626;
Head;-1.165616;0.6271366;3.181109;
ShoulderCenter;-1.077325;0.4165044;3.114748;
ShoulderRight;-1.035903;0.2764702;2.996172;
ShoulderLeft;-1.044961;0.2583891;2.936148;
ElbowRight;-1.112799;0.02605166;2.870814;
ElbowLeft;-0.9708616;0.105272;3.176918;
WristRight;-1.328734;-0.1980388;2.839494;
WristLeft;-1.183388;-0.07431962;3.001217;
HandRight;-1.420387;-0.2112902;2.835071;
HandLeft;-1.255139;-0.1231718;2.968646;
Spine;-1.146691;-0.01578865;3.089583;
HipCenter;-1.088585;-0.1030707;3.077892;
HipRight;-1.080604;-0.1398443;3.112109;
HipLeft;-1.094561;-0.1666479;3.033127;
KneeRight;-0.9929584;-0.6784495;3.087154;
KneeLeft;-1.285655;-0.6419352;3.267606;
AnkleRight;-0.9721154;-1.062731;3.174957;
AnkleLeft;-1.30043;-1.047314;3.339303;
FootRight;-0.8829676;-1.106651;3.161619;
FootLeft;-1.211282;-1.091234;3.325965;
Head;-1.147051;0.6380165;3.177909;
ShoulderCenter;-1.137539;0.4088703;3.120117;
ShoulderRight;-1.068395;0.2594239;2.984462;
ShoulderLeft;-1.062402;0.2806114;2.957864;
ElbowRight;-1.1756;0.01360751;2.864533;
ElbowLeft;-1.006491;0.1077518;3.190935;
WristRight;-1.350416;-0.1652094;2.845574;
WristLeft;-1.227421;-0.05866778;3.012571;
HandRight;-1.441876;-0.1784329;2.841161;
HandLeft;-1.287536;-0.08922826;3.023895;
Spine;-1.17863;-0.033625;3.073408;
HipCenter;-1.118825;-0.1211409;3.084101;
HipRight;-1.11927;-0.1756511;3.143675;
HipLeft;-1.126135;-0.2053194;3.014201;
KneeRight;-1.013495;-0.6772125;3.088875;
KneeLeft;-1.325519;-0.6635333;3.276453;
AnkleRight;-0.9740859;-1.064104;3.175279;
AnkleLeft;-1.464638;-1.076039;3.316873;
FootRight;-0.8854812;-1.107674;3.195678;
FootLeft;-1.376033;-1.119609;3.337272;
Head;-1.303563;0.5779263;3.230556;
ShoulderCenter;-1.170856;0.3992081;3.125813;
ShoulderRight;-1.098461;0.2584278;2.997702;
ShoulderLeft;-1.147016;0.2045549;2.936179;
ElbowRight;-1.232911;0.007426476;2.863644;
ElbowLeft;-1.062344;0.06142573;3.17903;
WristRight;-1.422692;-0.1344919;2.847441;
WristLeft;-1.294636;-0.06853707;2.984373;
HandRight;-1.514367;-0.1477464;2.843018;
HandLeft;-1.337708;-0.1205355;2.972585;
Spine;-1.198542;-0.07703351;3.129976;
HipCenter;-1.150454;-0.1655202;3.087575;
HipRight;-1.131754;-0.1874276;3.131043;
HipLeft;-1.155361;-0.2103646;3.040327;
KneeRight;-1.038965;-0.6484397;3.082717;
KneeLeft;-1.371313;-0.6565654;3.265892;
AnkleRight;-0.9764932;-1.05803;3.173434;
AnkleLeft;-1.577864;-1.030429;3.29873;
FootRight;-0.9073754;-1.099112;3.112226;
FootLeft;-1.508746;-1.071511;3.237523;
Head;-1.304019;0.6094491;3.210969;
ShoulderCenter;-1.222325;0.3960357;3.136032;
ShoulderRight;-1.137473;0.2446019;3.017774;
ShoulderLeft;-1.197231;0.2160255;2.938135;
ElbowRight;-1.274771;0.00789527;2.860145;
ElbowLeft;-1.09667;0.08018947;3.179096;
WristRight;-1.467543;-0.1292714;2.833668;
WristLeft;-1.32181;-0.05756159;2.981511;
HandRight;-1.559408;-0.1425533;2.829235;
HandLeft;-1.338893;-0.01303339;2.932085;
Spine;-1.2375;-0.06950793;3.132074;
HipCenter;-1.187057;-0.1543186;3.09145;
HipRight;-1.17117;-0.1964189;3.143545;
HipLeft;-1.20391;-0.2148688;3.027717;
KneeRight;-1.115322;-0.6775759;3.125679;
KneeLeft;-1.374378;-0.6592734;3.232331;
AnkleRight;-0.9796263;-1.06166;3.176218;
AnkleLeft;-1.597859;-1.022337;3.27888;
FootRight;-0.9069755;-1.102023;3.118382;
FootLeft;-1.525208;-1.062699;3.221045;
Head;-1.342939;0.6053309;3.198353;
ShoulderCenter;-1.252839;0.3932621;3.144186;
ShoulderRight;-1.17276;0.243969;3.024737;
ShoulderLeft;-1.228259;0.2002465;2.94317;
ElbowRight;-1.330209;-0.003192589;2.864252;
ElbowLeft;-1.139869;0.07352187;3.192493;
WristRight;-1.510326;-0.1565049;2.838522;
WristLeft;-1.353689;-0.05613746;2.976445;
HandRight;-1.570365;-0.2076091;2.835249;
HandLeft;-1.358619;-0.02851312;2.913584;
Spine;-1.269471;-0.05960884;3.145496;
HipCenter;-1.216832;-0.1421671;3.107363;
HipRight;-1.20079;-0.192801;3.171474;
HipLeft;-1.219161;-0.21544;3.030937;
KneeRight;-1.141194;-0.671483;3.127655;
KneeLeft;-1.391342;-0.6552323;3.225823;
AnkleRight;-0.9871131;-1.060574;3.178397;
AnkleLeft;-1.61287;-1.020526;3.276353;
FootRight;-0.9125745;-1.101198;3.122617;
FootLeft;-1.597905;-1.134081;3.253404;
Head;-1.334316;0.6079001;3.193128;
ShoulderCenter;-1.300654;0.3797317;3.14738;
ShoulderRight;-1.228887;0.2437595;3.031662;
ShoulderLeft;-1.254442;0.2046787;2.959078;
ElbowRight;-1.334867;-0.007861033;2.866732;
ElbowLeft;-1.175912;0.07041083;3.207442;
WristRight;-1.533657;-0.1344659;2.831489;
WristLeft;-1.388952;-0.03712368;2.978444;
HandRight;-1.599921;-0.1766675;2.825042;
HandLeft;-1.382486;-0.008579493;2.91603;
Spine;-1.331776;-0.05610672;3.14007;
HipCenter;-1.272703;-0.137365;3.116333;
HipRight;-1.260859;-0.1932336;3.177222;
HipLeft;-1.277852;-0.2048962;3.044237;
KneeRight;-1.156819;-0.6736548;3.117021;
KneeLeft;-1.496026;-0.5931214;3.261636;
AnkleRight;-0.9905781;-1.056827;3.181324;
AnkleLeft;-1.636301;-1.004115;3.272771;
FootRight;-0.9041418;-1.098287;3.146883;
FootLeft;-1.605135;-1.114299;3.248053;
Head;-1.419176;0.5947632;3.220743;
ShoulderCenter;-1.339611;0.3788596;3.154418;
ShoulderRight;-1.255383;0.241845;3.036776;
ShoulderLeft;-1.326349;0.2247104;2.984755;
ElbowRight;-1.363971;-0.004384416;2.880351;
ElbowLeft;-1.230617;0.07581574;3.219848;
WristRight;-1.555872;-0.1346138;2.818934;
WristLeft;-1.437507;-0.03543712;2.98701;
HandRight;-1.619839;-0.1780235;2.803759;
HandLeft;-1.431028;-0.006837418;2.924474;
Spine;-1.340904;-0.04738351;3.171314;
HipCenter;-1.302412;-0.1243793;3.122273;
HipRight;-1.278311;-0.1859278;3.184135;
HipLeft;-1.313601;-0.2049526;3.045299;
KneeRight;-1.163155;-0.6784467;3.110631;
KneeLeft;-1.487102;-0.6734025;3.228035;
AnkleRight;-0.9993929;-1.0585;3.181337;
AnkleLeft;-1.658867;-1.066727;3.275671;
FootRight;-0.9452567;-1.099372;3.105104;
FootLeft;-1.603646;-1.128223;3.24629;
Head;-1.492248;0.5833683;3.253722;
ShoulderCenter;-1.389959;0.3845197;3.14958;
ShoulderRight;-1.308154;0.2727277;3.098961;
ShoulderLeft;-1.368694;0.1954368;2.965678;
ElbowRight;-1.383887;0.01276943;2.898813;
ElbowLeft;-1.465104;-0.09711763;3.017994;
WristRight;-1.548625;-0.1357742;2.802654;
WristLeft;-1.662152;-0.1594736;2.75891;
HandRight;-1.603537;-0.1852888;2.775898;
HandLeft;-1.655671;-0.1308641;2.696353;
Spine;-1.417263;-0.05833578;3.148879;
HipCenter;-1.36126;-0.1409053;3.121224;
HipRight;-1.343985;-0.1977116;3.184479;
HipLeft;-1.371157;-0.2191691;3.046594;
KneeRight;-1.189839;-0.6906236;3.104465;
KneeLeft;-1.561864;-0.7121522;3.262901;
AnkleRight;-1.019372;-1.052087;3.180177;
AnkleLeft;-1.641935;-1.024601;3.246393;
FootRight;-0.9361014;-1.09361;3.137959;
FootLeft;-1.609623;-1.126;3.243504;
Head;-1.540519;0.5790371;3.230098;
ShoulderCenter;-1.414891;0.3872448;3.155103;
ShoulderRight;-1.346451;0.2380584;3.053395;
ShoulderLeft;-1.384939;0.1942015;2.96967;
ElbowRight;-1.408039;-0.001051672;2.899534;
ElbowLeft;-1.503185;-0.07468712;2.93731;
WristRight;-1.609401;-0.09744307;2.787895;
WristLeft;-1.69821;-0.1281456;2.674343;
HandRight;-1.676378;-0.1290163;2.756266;
HandLeft;-1.691718;-0.09949026;2.611686;
Spine;-1.455179;-0.0326054;3.161008;
HipCenter;-1.400994;-0.1117587;3.135683;
HipRight;-1.386429;-0.1832675;3.214122;
HipLeft;-1.399051;-0.2103752;3.045136;
KneeRight;-1.287289;-0.6982428;3.126801;
KneeLeft;-1.596664;-0.6894897;3.243651;
AnkleRight;-1.066068;-1.031882;3.17538;
AnkleLeft;-1.660935;-1.066808;3.270364;
FootRight;-1.120944;-1.111383;3.179356;
FootLeft;-1.613077;-1.132768;3.241267;
Head;-1.533821;0.6039098;3.216155;
ShoulderCenter;-1.462489;0.3852861;3.147233;
ShoulderRight;-1.382776;0.2777958;3.11411;
ShoulderLeft;-1.457208;0.2022971;2.987258;
ElbowRight;-1.427145;0.01349288;2.908593;
ElbowLeft;-1.507771;-0.07409082;2.939597;
WristRight;-1.57637;-0.1248972;2.772615;
WristLeft;-1.70306;-0.1276218;2.676298;
HandRight;-1.601788;-0.1581723;2.746133;
HandLeft;-1.696563;-0.09893908;2.613581;
Spine;-1.4803;-0.03679598;3.164164;
HipCenter;-1.426829;-0.1145783;3.133544;
HipRight;-1.413199;-0.1797796;3.196851;
HipLeft;-1.446535;-0.1869054;3.064786;
KneeRight;-1.341687;-0.6953641;3.124448;
KneeLeft;-1.613081;-0.7053127;3.229431;
AnkleRight;-1.117105;-1.004027;3.162511;
AnkleLeft;-1.660721;-1.066875;3.269841;
FootRight;-1.159777;-1.106212;3.200299;
FootLeft;-1.616472;-1.133624;3.237191;
Head;-1.549428;0.6057599;3.208033;
ShoulderCenter;-1.482315;0.3855163;3.144077;
ShoulderRight;-1.369372;0.2419344;3.306205;
ShoulderLeft;-1.460986;0.2079113;2.990871;
ElbowRight;-1.442769;0.07646723;3.012241;
ElbowLeft;-1.531672;-0.08464473;2.947626;
WristRight;-1.521956;-0.06689116;2.826634;
WristLeft;-1.554776;-0.314788;2.977902;
HandRight;-1.548351;-0.1146773;2.770057;
HandLeft;-1.562478;-0.3915025;2.993287;
Spine;-1.515756;-0.02053219;3.154812;
HipCenter;-1.456732;-0.09653343;3.14166;
HipRight;-1.42893;-0.1786896;3.222697;
HipLeft;-1.469428;-0.1900727;3.054601;
KneeRight;-1.395803;-0.7008961;3.116085;
KneeLeft;-1.57248;-0.7458496;3.170331;
AnkleRight;-1.191741;-0.9823083;3.159904;
AnkleLeft;-1.661461;-1.066921;3.26804;
FootRight;-1.195147;-1.086846;3.177016;
FootLeft;-1.617815;-1.135692;3.239814;
Head;-1.555212;0.6144465;3.179427;
ShoulderCenter;-1.535278;0.3846004;3.140886;
ShoulderRight;-1.404741;0.2521095;3.288027;
ShoulderLeft;-1.464216;0.2080077;2.991739;
ElbowRight;-1.465998;0.0750668;2.997948;
ElbowLeft;-1.520004;-0.01594526;2.910204;
WristRight;-1.569577;-0.09280384;2.852095;
WristLeft;-1.53033;-0.2462386;2.945994;
HandRight;-1.595199;-0.1217305;2.905845;
HandLeft;-1.533772;-0.323003;2.963208;
Spine;-1.529205;-0.02470555;3.151378;
HipCenter;-1.464261;-0.09602184;3.142157;
HipRight;-1.45507;-0.1478451;3.195268;
HipLeft;-1.483172;-0.153099;3.088274;
KneeRight;-1.480838;-0.6456727;3.09268;
KneeLeft;-1.573592;-0.7159784;3.18669;
AnkleRight;-1.260743;-0.950739;3.154111;
AnkleLeft;-1.662153;-1.067517;3.267884;
FootRight;-1.290944;-1.050661;3.157952;
FootLeft;-1.620295;-1.137706;3.241408;
Head;-1.634376;0.6008226;3.163244;
ShoulderCenter;-1.551072;0.3872808;3.142375;
ShoulderRight;-1.424958;0.2558198;3.288516;
ShoulderLeft;-1.497272;0.238753;2.995673;
ElbowRight;-1.488448;0.0646406;3.010115;
ElbowLeft;-1.536794;-0.05492767;2.916471;
WristRight;-1.57509;-0.1012999;2.850952;
WristLeft;-1.550748;-0.286142;2.944598;
HandRight;-1.603971;-0.1566133;2.803174;
HandLeft;-1.5554;-0.3632135;2.959251;
Spine;-1.565072;-0.01634079;3.159144;
HipCenter;-1.499856;-0.08983744;3.149234;
HipRight;-1.485613;-0.1240915;3.115515;
HipLeft;-1.51612;-0.1345598;3.183807;
KneeRight;-1.508623;-0.7040482;3.117031;
KneeLeft;-1.602017;-0.7102715;3.197864;
AnkleRight;-1.359925;-0.987082;3.1567;
AnkleLeft;-1.663376;-1.077442;3.267849;
FootRight;-1.270143;-1.027474;3.133987;
FootLeft;-1.605393;-1.137173;3.246743;
Head;-1.633996;0.6043394;3.151427;
ShoulderCenter;-1.564346;0.3878213;3.142025;
ShoulderRight;-1.437508;0.2563618;3.287729;
ShoulderLeft;-1.52215;0.2742906;3.004266;
ElbowRight;-1.505355;0.05481687;3.019769;
ElbowLeft;-1.527828;0.08505589;3.229151;
WristRight;-1.590969;-0.1834639;2.992017;
WristLeft;-1.54176;-0.1912164;3.370897;
HandRight;-1.635056;-0.2423155;3.022593;
HandLeft;-1.546404;-0.2833072;3.423419;
Spine;-1.578206;-0.01731397;3.178637;
HipCenter;-1.515474;-0.09270154;3.173364;
HipRight;-1.49596;-0.1313673;3.14354;
HipLeft;-1.527499;-0.1353712;3.205386;
KneeRight;-1.545317;-0.6921362;3.131493;
KneeLeft;-1.607614;-0.7128983;3.215405;
AnkleRight;-1.487091;-1.02505;3.163643;
AnkleLeft;-1.675081;-1.089421;3.264116;
FootRight;-1.398721;-1.065886;3.137855;
FootLeft;-1.683863;-1.17128;3.240676;
Head;-1.658391;0.6125485;3.15991;
ShoulderCenter;-1.586021;0.3960139;3.145207;
ShoulderRight;-1.459144;0.2645622;3.2906;
ShoulderLeft;-1.515108;0.162506;3.033481;
ElbowRight;-1.534075;0.08485487;3.008131;
ElbowLeft;-1.549943;0.04103252;3.294244;
WristRight;-1.594535;-0.1787679;2.999953;
WristLeft;-1.569309;-0.185168;3.377266;
HandRight;-1.638622;-0.2376195;3.030529;
HandLeft;-1.575765;-0.2605682;3.410212;
Spine;-1.611568;-0.02144699;3.234834;
HipCenter;-1.547264;-0.1029718;3.240576;
HipRight;-1.533819;-0.1492446;3.209716;
HipLeft;-1.551129;-0.1554485;3.286771;
KneeRight;-1.594016;-0.6561325;3.159752;
KneeLeft;-1.592783;-0.6525523;3.345305;
AnkleRight;-1.558043;-1.033092;3.164837;
AnkleLeft;-1.625548;-1.067256;3.182381;
FootRight;-1.469186;-1.075469;3.144092;
FootLeft;-1.536692;-1.109634;3.161636;
Head;-1.683574;0.5486727;3.092544;
ShoulderCenter;-1.627471;0.4108661;3.22176;
ShoulderRight;-1.500625;0.2794372;3.367015;
ShoulderLeft;-1.552542;0.08946115;3.112526;
ElbowRight;-1.560743;0.05860156;3.115823;
ElbowLeft;-1.614202;-0.2204976;3.050372;
WristRight;-1.613711;-0.2449087;3.042842;
WristLeft;-1.632197;-0.4518126;3.070077;
HandRight;-1.657798;-0.3037603;3.073418;
HandLeft;-1.638195;-0.5289176;3.081918;
Spine;-1.636543;-0.07892832;3.297945;
HipCenter;-1.571381;-0.1722745;3.299942;
HipRight;-1.556876;-0.2152876;3.317059;
HipLeft;-1.577376;-0.2177343;3.292285;
KneeRight;-1.620147;-0.6870808;3.295023;
KneeLeft;-1.610639;-0.6486629;3.467918;
AnkleRight;-1.584173;-1.06404;3.300102;
AnkleLeft;-1.644;-1.030072;3.226381;
FootRight;-1.495325;-1.105515;3.277453;
FootLeft;-1.609908;-1.115678;3.235868;
Head;-1.654965;0.4073519;3.239574;
ShoulderCenter;-1.595656;0.1498521;3.305988;
ShoulderRight;-1.46881;0.01842317;3.451243;
ShoulderLeft;-1.520727;-0.1715529;3.196754;
ElbowRight;-1.579152;0.05611163;3.124925;
ElbowLeft;-1.681121;-0.3199505;3.080178;
WristRight;-1.621492;-0.1928965;3.071751;
WristLeft;-1.643685;-0.5375917;3.143753;
HandRight;-1.635438;-0.2607169;3.066068;
HandLeft;-1.631206;-0.6101388;3.170211;
Spine;-1.696596;-0.1864678;3.326856;
HipCenter;-1.648463;-0.2625821;3.32756;
HipRight;-1.647023;-0.2729822;3.361156;
HipLeft;-1.661892;-0.3458207;3.295275;
KneeRight;-1.640293;-0.7004451;3.288045;
KneeLeft;-1.671831;-0.8279967;3.454203;
AnkleRight;-1.608055;-1.061403;3.295037;
AnkleLeft;-1.668617;-1.09614;3.243948;
FootRight;-1.654048;-1.127037;3.265811;
FootLeft;-1.597932;-1.142605;3.254988;
Head;-1.651173;0.3654886;3.278;
ShoulderCenter;-1.633706;0.14669;3.300844;
ShoulderRight;-1.506861;0.015261;3.4461;
ShoulderLeft;-1.630503;0.05725345;3.243941;
ElbowRight;-1.641248;0.05707925;3.167368;
ElbowLeft;-1.643662;-0.1462333;3.097039;
WristRight;-1.649031;-0.2179486;3.112525;
WristLeft;-1.657325;-0.3737474;3.136626;
HandRight;-1.662966;-0.2857156;3.106847;
HandLeft;-1.661879;-0.4495854;3.155083;
Spine;-1.694324;-0.2440459;3.365029;
HipCenter;-1.646733;-0.3259379;3.345196;
HipRight;-1.607729;-0.3481172;3.363772;
HipLeft;-1.685515;-0.3647545;3.328713;
KneeRight;-1.669589;-0.7688508;3.275714;
KneeLeft;-1.693515;-0.8505323;3.517649;
AnkleRight;-1.623167;-1.071281;3.288215;
AnkleLeft;-1.667819;-1.075389;3.257101;
FootRight;-1.663422;-1.140446;3.259503;
FootLeft;-1.611303;-1.137821;3.245405;
Head;-1.684166;0.2516791;3.340761;
ShoulderCenter;-1.694353;0.01485223;3.389006;
ShoulderRight;-1.567508;-0.1165767;3.534262;
ShoulderLeft;-1.682187;-0.02582654;3.313619;
ElbowRight;-1.674033;-0.06788231;3.224677;
ElbowLeft;-1.683266;-0.2364451;3.179568;
WristRight;-1.690197;-0.3564407;3.166398;
WristLeft;-1.697832;-0.464322;3.217098;
HandRight;-1.704122;-0.4241554;3.160724;
HandLeft;-1.702687;-0.540281;3.23487;
Spine;-1.717796;-0.4531952;3.35265;
HipCenter;-1.660116;-0.5385136;3.320233;
HipRight;-1.619059;-0.631072;3.326841;
HipLeft;-1.697155;-0.5109115;3.303698;
KneeRight;-1.973623;-0.9595377;3.158395;
KneeLeft;-1.727233;-0.8865913;3.526999;
AnkleRight;-1.634688;-1.055889;3.282355;
AnkleLeft;-1.666061;-1.082908;3.248076;
FootRight;-1.648047;-1.135785;3.257426;
FootLeft;-1.606429;-1.143107;3.249882;
Head;-1.700263;-0.1795341;3.312197;
ShoulderCenter;-1.71045;-0.416361;3.360459;
ShoulderRight;-1.583605;-0.54779;3.505714;
ShoulderLeft;-1.698284;-0.4570398;3.285071;
ElbowRight;-1.69013;-0.4990956;3.196141;
ElbowLeft;-1.712323;-0.2255475;3.221058;
WristRight;-1.706294;-0.7876539;3.137867;
WristLeft;-1.719766;-0.5037694;3.254508;
HandRight;-1.711682;-0.88384;3.123703;
HandLeft;-1.722247;-0.59651;3.270919;
Spine;-1.730134;-0.7136391;3.337754;
HipCenter;-1.671635;-0.7607674;3.30969;
HipRight;-1.638067;-0.8823096;3.375781;
HipLeft;-1.690988;-0.7653447;3.21923;
KneeRight;-1.763381;-0.4235229;3.187071;
KneeLeft;-1.760613;-0.9946178;3.560678;
AnkleRight;-1.857118;-0.08033875;3.026736;
AnkleLeft;-1.668516;-1.100065;3.239994;
FootRight;-1.772972;-0.1185191;2.990101;
FootLeft;-1.640382;-1.158246;3.29442;
Head;-1.719861;-0.3016638;3.340147;
ShoulderCenter;-1.730048;-0.5384907;3.388421;
ShoulderRight;-1.603203;-0.6699197;3.533676;
ShoulderLeft;-1.717882;-0.5791695;3.313033;
ElbowRight;-1.676715;-0.831193;3.252466;
ElbowLeft;-1.727969;-0.3029352;3.232572;
WristRight;-1.692879;-1.119751;3.194196;
WristLeft;-1.741839;-0.5327532;3.260487;
HandRight;-1.698267;-1.215937;3.180032;
HandLeft;-1.746463;-0.6093591;3.275052;
Spine;-1.722408;-0.8626321;3.354724;
HipCenter;-1.658697;-0.910257;3.326598;
HipRight;-1.627766;-0.9750344;3.353788;
HipLeft;-1.669353;-0.9511294;3.277355;
KneeRight;-1.743225;-0.5657908;3.27388;
KneeLeft;-1.685025;-1.423778;3.441321;
AnkleRight;-1.860202;-0.1511687;3.177934;
AnkleLeft;-1.684381;-1.076009;3.254965;
FootRight;-1.779783;-0.1704214;3.140621;
FootLeft;-1.646517;-1.151175;3.263397;
