Floor;-0.02165266;0.9997548;0.004617962;1.071759;
Head;-1.176694;0.5467006;3.353626;
ShoulderCenter;-1.281039;0.3466004;3.298656;
ShoulderRight;-1.180133;0.1812284;3.382412;
ShoulderLeft;-1.335346;0.222234;3.152267;
ElbowRight;-1.164982;-0.08447872;3.432162;
ElbowLeft;-1.43732;-0.0265651;3.052393;
WristRight;-1.082973;-0.2366155;3.527782;
WristLeft;-1.507367;-0.2917645;2.992984;
HandRight;-1.021065;-0.2584099;3.480049;
HandLeft;-1.558505;-0.3685172;2.998218;
Spine;-1.26414;-0.06988079;3.259787;
HipCenter;-1.260761;-0.153177;3.255745;
HipRight;-1.223342;-0.223914;3.298947;
HipLeft;-1.293188;-0.2054615;3.198223;
KneeRight;-1.190931;-0.690957;3.261328;
KneeLeft;-1.567026;-0.7276322;3.405792;
AnkleRight;-1.058034;-1.056299;3.299399;
AnkleLeft;-1.735019;-1.071578;3.434863;
FootRight;-0.976404;-1.099216;3.246542;
FootLeft;-1.615241;-1.07963;3.411807;
Head;-1.13899;0.5510721;3.349654;
ShoulderCenter;-1.258474;0.3507086;3.289025;
ShoulderRight;-1.135642;0.1897772;3.354117;
ShoulderLeft;-1.30522;0.22227;3.144181;
ElbowRight;-1.093695;-0.0727389;3.310159;
ElbowLeft;-1.408723;-0.06862101;3.036024;
WristRight;-1.088161;-0.2404126;3.529874;
WristLeft;-1.452761;-0.3114182;2.996436;
HandRight;-1.03289;-0.2953802;3.499354;
HandLeft;-1.512128;-0.385196;3.00518;
Spine;-1.232501;-0.06668243;3.246169;
HipCenter;-1.227105;-0.1502193;3.241233;
HipRight;-1.183265;-0.2140751;3.276204;
HipLeft;-1.26226;-0.2003828;3.190198;
KneeRight;-1.182877;-0.6944438;3.264443;
KneeLeft;-1.423649;-0.6892779;3.36657;
AnkleRight;-1.061127;-1.058217;3.297279;
AnkleLeft;-1.701848;-1.057948;3.437392;
FootRight;-0.9893964;-1.097401;3.241749;
FootLeft;-1.652755;-1.125349;3.427304;
Head;-1.130818;0.5282011;3.331445;
ShoulderCenter;-1.201708;0.3470873;3.277024;
ShoulderRight;-1.101999;0.1841414;3.34757;
ShoulderLeft;-1.250741;0.221997;3.136922;
ElbowRight;-1.046638;-0.09547416;3.307815;
ElbowLeft;-1.358735;-0.08805074;3.037534;
WristRight;-1.040748;-0.2917475;3.447002;
WristLeft;-1.400542;-0.3317232;3.002111;
HandRight;-1.009437;-0.3407863;3.514899;
HandLeft;-1.428253;-0.388298;3.012202;
Spine;-1.189743;-0.0635611;3.23621;
HipCenter;-1.188628;-0.1459612;3.232065;
HipRight;-1.156493;-0.2141916;3.27312;
HipLeft;-1.21853;-0.1968345;3.175513;
KneeRight;-1.100547;-0.6667784;3.244803;
KneeLeft;-1.393838;-0.6433874;3.360499;
AnkleRight;-1.06073;-1.055369;3.295984;
AnkleLeft;-1.631635;-1.034577;3.44601;
FootRight;-0.9915872;-1.092487;3.248988;
FootLeft;-1.634346;-1.124364;3.477372;
Head;-1.086637;0.5454742;3.339691;
ShoulderCenter;-1.1837;0.3618663;3.26439;
ShoulderRight;-1.067469;0.1913198;3.354831;
ShoulderLeft;-1.224627;0.2278475;3.123862;
ElbowRight;-1.023763;-0.06377981;3.280508;
ElbowLeft;-1.292227;-0.06465466;3.024071;
WristRight;-0.998951;-0.3041669;3.405205;
WristLeft;-1.325757;-0.3088974;3.013247;
HandRight;-0.9939934;-0.3602796;3.491152;
HandLeft;-1.347775;-0.3877474;3.031584;
Spine;-1.140944;-0.05337667;3.225383;
HipCenter;-1.133729;-0.1375225;3.222254;
HipRight;-1.093343;-0.2083858;3.267579;
HipLeft;-1.163391;-0.1917526;3.163898;
KneeRight;-1.086926;-0.6748791;3.246318;
KneeLeft;-1.351377;-0.5672286;3.361321;
AnkleRight;-1.059835;-1.054293;3.295895;
AnkleLeft;-1.560178;-0.9944534;3.464665;
FootRight;-0.9823059;-1.093567;3.245789;
FootLeft;-1.482649;-1.033727;3.414559;
Head;-1.064712;0.538089;3.333433;
ShoulderCenter;-1.123274;0.359742;3.260977;
ShoulderRight;-1.016384;0.1928946;3.332473;
ShoulderLeft;-1.175121;0.2297358;3.112516;
ElbowRight;-0.9790977;-0.09307544;3.256329;
ElbowLeft;-1.237348;-0.06009052;3.013439;
WristRight;-0.9500263;-0.3225345;3.330859;
WristLeft;-1.238844;-0.3081539;2.995997;
HandRight;-0.9564156;-0.4055608;3.395844;
HandLeft;-1.256842;-0.3783109;3.021549;
Spine;-1.077881;-0.04355152;3.226509;
HipCenter;-1.068803;-0.1242102;3.223323;
HipRight;-1.025889;-0.1964498;3.26969;
HipLeft;-1.097321;-0.1798713;3.162997;
KneeRight;-1.104759;-0.6918799;3.27181;
KneeLeft;-1.290899;-0.5795742;3.34642;
AnkleRight;-1.056531;-1.058882;3.2978;
AnkleLeft;-1.496011;-0.9703789;3.455682;
FootRight;-1.001599;-1.10709;3.342375;
FootLeft;-1.419428;-1.009649;3.403376;
Head;-1.009357;0.5329456;3.29596;
ShoulderCenter;-1.097165;0.3659889;3.261746;
ShoulderRight;-0.9893939;0.1908258;3.341457;
ShoulderLeft;-1.148315;0.2324095;3.111034;
ElbowRight;-0.9325531;-0.06659227;3.264403;
ElbowLeft;-1.185481;-0.05847204;3.018958;
WristRight;-0.9054551;-0.3077389;3.31482;
WristLeft;-1.149728;-0.3027738;2.999305;
HandRight;-0.9118788;-0.3912128;3.380156;
HandLeft;-1.152778;-0.3800113;3.012955;
Spine;-1.026988;-0.04081198;3.232228;
HipCenter;-1.014856;-0.1226274;3.229967;
HipRight;-0.9704183;-0.1923408;3.272705;
HipLeft;-1.041502;-0.1728921;3.175682;
KneeRight;-1.028378;-0.6599303;3.251238;
KneeLeft;-1.134171;-0.6790712;3.281833;
AnkleRight;-1.055971;-1.053214;3.300519;
AnkleLeft;-1.390192;-0.9911719;3.466389;
FootRight;-0.9851443;-1.117626;3.372823;
FootLeft;-1.408165;-1.100967;3.510679;
Head;-0.9684352;0.5465987;3.294031;
ShoulderCenter;-1.057839;0.3811357;3.249004;
ShoulderRight;-0.9356748;0.2071963;3.317751;
ShoulderLeft;-1.114176;0.2413438;3.107751;
ElbowRight;-0.9190177;-0.02831869;3.32621;
ElbowLeft;-1.129439;-0.05200927;3.026981;
WristRight;-0.8864754;-0.2528445;3.386779;
WristLeft;-1.043579;-0.2734773;2.984277;
HandRight;-0.8930197;-0.3378845;3.45334;
HandLeft;-1.036437;-0.349479;2.997771;
Spine;-0.996657;0.002368443;3.232805;
HipCenter;-0.9849538;-0.07359042;3.233404;
HipRight;-0.9365738;-0.1443913;3.279127;
HipLeft;-1.014001;-0.1282665;3.179475;
KneeRight;-0.9303912;-0.61713;3.304543;
KneeLeft;-1.052733;-0.6717828;3.249477;
AnkleRight;-1.043787;-1.04965;3.298991;
AnkleLeft;-1.241575;-1.013175;3.446589;
FootRight;-0.9825078;-1.113779;3.353582;
FootLeft;-1.236912;-1.133368;3.477146;
Head;-0.9434837;0.5498838;3.295006;
ShoulderCenter;-1.030587;0.3806431;3.246095;
ShoulderRight;-0.9099793;0.1656491;3.421484;
ShoulderLeft;-1.064704;0.2494275;3.104716;
ElbowRight;-0.8601894;-0.05813918;3.286549;
ElbowLeft;-1.069337;0.02263509;3.012239;
WristRight;-0.8319446;-0.2993168;3.336895;
WristLeft;-0.9670602;-0.2481751;2.994311;
HandRight;-0.8385512;-0.3851666;3.40409;
HandLeft;-0.9431821;-0.3304447;3.012323;
Spine;-0.9779006;-0.002363043;3.233953;
HipCenter;-0.9669195;-0.07899171;3.235141;
HipRight;-0.9137993;-0.1709506;3.293534;
HipLeft;-0.9892718;-0.1347622;3.172142;
KneeRight;-0.8553758;-0.6296641;3.411432;
KneeLeft;-1.030477;-0.6558039;3.228223;
AnkleRight;-1.035591;-1.038543;3.298167;
AnkleLeft;-1.077097;-1.045012;3.304114;
FootRight;-0.9814416;-1.104113;3.349288;
FootLeft;-0.9877591;-1.119179;3.329507;
Head;-0.922136;0.5622341;3.303952;
ShoulderCenter;-0.9788018;0.3766408;3.242895;
ShoulderRight;-0.8656055;0.1901846;3.32454;
ShoulderLeft;-1.030223;0.2518004;3.095616;
ElbowRight;-0.8464633;-0.04067406;3.284819;
ElbowLeft;-1.019856;0.02789927;3.008362;
WristRight;-0.8182185;-0.2818516;3.335267;
WristLeft;-0.8877373;-0.2229819;2.979325;
HandRight;-0.8248634;-0.3681988;3.40285;
HandLeft;-0.8435365;-0.2932348;2.98139;
Spine;-0.9313444;0.005398612;3.233479;
HipCenter;-0.9222246;-0.06902467;3.235207;
HipRight;-0.8811913;-0.1560324;3.292193;
HipLeft;-0.9518325;-0.1265762;3.17128;
KneeRight;-0.8233006;-0.648751;3.409959;
KneeLeft;-1.001227;-0.6500323;3.216758;
AnkleRight;-0.973959;-1.055266;3.399322;
AnkleLeft;-1.066208;-1.044516;3.305313;
FootRight;-0.8943636;-1.096382;3.346077;
FootLeft;-0.982273;-1.114962;3.326755;
Head;-0.8799875;0.5603714;3.31584;
ShoulderCenter;-0.9552494;0.3788545;3.242672;
ShoulderRight;-0.8480084;0.2127526;3.333382;
ShoulderLeft;-0.9908743;0.2469166;3.096724;
ElbowRight;-0.8004932;-0.01948175;3.263816;
ElbowLeft;-0.9384248;-0.008336655;2.987936;
WristRight;-0.7722484;-0.2606593;3.314318;
WristLeft;-0.7982696;-0.2186145;2.967885;
HandRight;-0.7789257;-0.3474272;3.382232;
HandLeft;-0.7373348;-0.276503;2.968982;
Spine;-0.9099116;-0.007727156;3.229772;
HipCenter;-0.8998814;-0.08605186;3.23057;
HipRight;-0.8611682;-0.1641267;3.287399;
HipLeft;-0.9278231;-0.140496;3.166761;
KneeRight;-0.7855062;-0.6669204;3.395822;
KneeLeft;-0.990028;-0.6675178;3.217534;
AnkleRight;-0.9329832;-1.057104;3.388677;
AnkleLeft;-1.064495;-1.050871;3.307767;
FootRight;-0.8741218;-1.111356;3.424473;
FootLeft;-0.9787297;-1.118701;3.332947;
Head;-0.8418714;0.577278;3.276973;
ShoulderCenter;-0.9030028;0.3917723;3.236352;
ShoulderRight;-0.8170854;0.2501311;3.320033;
ShoulderLeft;-0.9562191;0.2533203;3.093184;
ElbowRight;-0.7799639;0.01122555;3.249012;
ElbowLeft;-0.8999649;0.01561367;2.979679;
WristRight;-0.751719;-0.229952;3.299624;
WristLeft;-0.7056556;-0.1926168;2.955387;
HandRight;-0.7584004;-0.316774;3.36758;
HandLeft;-0.6432653;-0.2437114;2.968122;
Spine;-0.8804688;-0.01904532;3.214971;
HipCenter;-0.8746457;-0.1005957;3.214428;
HipRight;-0.8325064;-0.1664263;3.261677;
HipLeft;-0.9135177;-0.1421511;3.160098;
KneeRight;-0.7584482;-0.6700934;3.383133;
KneeLeft;-0.9793158;-0.6716242;3.215268;
AnkleRight;-0.8039587;-1.043347;3.385852;
AnkleLeft;-1.062899;-1.057934;3.306227;
FootRight;-0.7750342;-1.1236;3.378662;
FootLeft;-0.9796132;-1.117506;3.328116;
Head;-0.7905385;0.5574104;3.305808;
ShoulderCenter;-0.8769616;0.3803446;3.24516;
ShoulderRight;-0.7910442;0.2387034;3.328841;
ShoulderLeft;-0.9033633;0.2527361;3.095898;
ElbowRight;-0.7280707;-0.01499243;3.279088;
ElbowLeft;-0.8486626;0.03061833;2.975914;
WristRight;-0.6998259;-0.25617;3.329525;
WristLeft;-0.629018;-0.1679974;2.952557;
HandRight;-0.7065481;-0.3435217;3.397895;
HandLeft;-0.5666296;-0.2351094;2.96802;
Spine;-0.8536764;-0.02391801;3.223457;
HipCenter;-0.8493706;-0.1045445;3.222602;
HipRight;-0.8259087;-0.1644142;3.257091;
HipLeft;-0.8580208;-0.1338013;3.194707;
KneeRight;-0.7082579;-0.6778331;3.378156;
KneeLeft;-0.9542681;-0.6517015;3.21372;
AnkleRight;-0.6931021;-1.060882;3.376895;
AnkleLeft;-1.057456;-1.043574;3.298891;
FootRight;-0.5828022;-1.097326;3.405694;
FootLeft;-0.9796185;-1.115317;3.333154;
Head;-0.7518579;0.5543189;3.285282;
ShoulderCenter;-0.8242491;0.3729318;3.250845;
ShoulderRight;-0.7383317;0.2312906;3.334526;
ShoulderLeft;-0.8859996;0.2490418;3.099683;
ElbowRight;-0.699675;-0.002465895;3.28826;
ElbowLeft;-0.8059198;0.03444599;2.973542;
WristRight;-0.6714301;-0.2436435;3.338604;
WristLeft;-0.563231;-0.1508857;2.958818;
HandRight;-0.6781372;-0.3308001;3.406822;
HandLeft;-0.5035586;-0.2032977;2.979044;
Spine;-0.8037884;-0.0458096;3.226435;
HipCenter;-0.7996962;-0.1295579;3.225217;
HipRight;-0.7709932;-0.1901258;3.258587;
HipLeft;-0.8234977;-0.1693015;3.183739;
KneeRight;-0.6504915;-0.6880954;3.373551;
KneeLeft;-0.9440721;-0.6531873;3.216731;
AnkleRight;-0.5238981;-1.061635;3.356593;
AnkleLeft;-1.057157;-1.04162;3.297548;
FootRight;-0.4283763;-1.078316;3.363207;
FootLeft;-0.9770167;-1.111278;3.321548;
Head;-0.7296163;0.552023;3.291181;
ShoulderCenter;-0.8054672;0.3738205;3.252756;
ShoulderRight;-0.7195498;0.2321793;3.336437;
ShoulderLeft;-0.8266369;0.2302277;3.095702;
ElbowRight;-0.6619061;0.01239816;3.292436;
ElbowLeft;-0.7092581;-0.007368396;2.963075;
WristRight;-0.6336613;-0.2287795;3.342699;
WristLeft;-0.4876775;-0.1562324;2.953189;
HandRight;-0.6403568;-0.3157842;3.410798;
HandLeft;-0.4252096;-0.2041303;2.975483;
Spine;-0.7819018;-0.04855479;3.228346;
HipCenter;-0.7770887;-0.1331089;3.227148;
HipRight;-0.749511;-0.1974493;3.267203;
HipLeft;-0.7942067;-0.178558;3.177613;
KneeRight;-0.6015492;-0.668856;3.355816;
KneeLeft;-0.922647;-0.6690641;3.217517;
AnkleRight;-0.4636386;-1.036208;3.349407;
AnkleLeft;-1.058195;-1.042627;3.298583;
FootRight;-0.3450616;-1.052546;3.338401;
FootLeft;-0.9913967;-1.110043;3.325349;
Head;-0.6795784;0.5357872;3.304126;
ShoulderCenter;-0.7454671;0.3590292;3.262748;
ShoulderRight;-0.6425588;0.1835772;3.329389;
ShoulderLeft;-0.8080927;0.2295387;3.094681;
ElbowRight;-0.630254;-0.03876901;3.290465;
ElbowLeft;-0.6641386;-0.003063295;2.960358;
WristRight;-0.601508;-0.2451608;3.354434;
WristLeft;-0.4317973;-0.1586515;2.951382;
HandRight;-0.6081807;-0.3318695;3.422301;
HandLeft;-0.3659121;-0.2041408;2.966805;
Spine;-0.7293326;-0.04107262;3.230289;
HipCenter;-0.7261056;-0.121093;3.227488;
HipRight;-0.6931456;-0.2069628;3.290905;
HipLeft;-0.7525042;-0.1979325;3.147005;
KneeRight;-0.5938037;-0.6674082;3.352369;
KneeLeft;-0.9165261;-0.6685166;3.213539;
AnkleRight;-0.3832397;-1.038841;3.343256;
AnkleLeft;-1.05193;-1.037683;3.292243;
FootRight;-0.2790811;-1.064289;3.383789;
FootLeft;-0.9908687;-1.109361;3.324504;
Head;-0.642412;0.5338233;3.312054;
ShoulderCenter;-0.7077326;0.3597345;3.269582;
ShoulderRight;-0.6048243;0.1842825;3.336223;
ShoulderLeft;-0.7514547;0.2197023;3.111002;
ElbowRight;-0.5740094;-0.03437115;3.298734;
ElbowLeft;-0.6122736;-0.01250262;2.962461;
WristRight;-0.5516986;-0.2398234;3.36177;
WristLeft;-0.3705825;-0.1585832;2.935644;
HandRight;-0.5583212;-0.3258811;3.429127;
HandLeft;-0.3038914;-0.2042533;2.939531;
Spine;-0.6981227;-0.04294196;3.235865;
HipCenter;-0.6961019;-0.1234194;3.232843;
HipRight;-0.664676;-0.2064352;3.294339;
HipLeft;-0.7233745;-0.2016842;3.154121;
KneeRight;-0.5617312;-0.6725491;3.343945;
KneeLeft;-0.8701361;-0.6402978;3.189748;
AnkleRight;-0.3901431;-1.02;3.337359;
AnkleLeft;-1.051055;-1.040868;3.292063;
FootRight;-0.3106469;-1.062184;3.287211;
FootLeft;-0.9998524;-1.101311;3.329391;
Head;-0.586539;0.5271541;3.320866;
ShoulderCenter;-0.6565924;0.3561212;3.28422;
ShoulderRight;-0.5536841;0.1806692;3.350861;
ShoulderLeft;-0.7027469;0.2177701;3.116035;
ElbowRight;-0.5331969;-0.03730641;3.311239;
ElbowLeft;-0.5806578;-0.01483595;2.962971;
WristRight;-0.5077278;-0.2406159;3.373856;
WristLeft;-0.3624004;-0.1580433;2.932317;
HandRight;-0.5143764;-0.3270111;3.441478;
HandLeft;-0.285009;-0.2030815;2.949513;
Spine;-0.6551658;-0.05562285;3.229901;
HipCenter;-0.6542468;-0.138048;3.222855;
HipRight;-0.6185555;-0.2093854;3.264679;
HipLeft;-0.6920239;-0.1930345;3.159662;
KneeRight;-0.5361215;-0.6788726;3.34684;
KneeLeft;-0.8592969;-0.6414016;3.189455;
AnkleRight;-0.3904901;-1.021069;3.333941;
AnkleLeft;-1.047188;-1.041037;3.291539;
FootRight;-0.2859463;-1.073047;3.36433;
FootLeft;-0.9819179;-1.107732;3.310438;
Head;-0.5534377;0.5262118;3.35288;
ShoulderCenter;-0.6312261;0.3642115;3.284124;
ShoulderRight;-0.5283178;0.1887595;3.350765;
ShoulderLeft;-0.6706222;0.2248953;3.1226;
ElbowRight;-0.5041363;-0.02781168;3.311671;
ElbowLeft;-0.5350367;-0.01042637;2.977342;
WristRight;-0.4800153;-0.2305238;3.373276;
WristLeft;-0.3383807;-0.1615185;2.926834;
HandRight;-0.4866725;-0.3170314;3.440986;
HandLeft;-0.2762518;-0.2095928;2.947954;
Spine;-0.6234471;-0.05792605;3.234315;
HipCenter;-0.621655;-0.142611;3.228192;
HipRight;-0.5953889;-0.2055057;3.260021;
HipLeft;-0.6420063;-0.183761;3.18712;
KneeRight;-0.4948289;-0.677321;3.352098;
KneeLeft;-0.8128934;-0.6583554;3.19301;
AnkleRight;-0.3963364;-1.020481;3.32217;
AnkleLeft;-1.04104;-1.044601;3.292833;
FootRight;-0.2962182;-1.077336;3.363058;
FootLeft;-0.9796491;-1.108998;3.308306;
Head;-0.5034536;0.5279295;3.384619;
ShoulderCenter;-0.5741175;0.367594;3.285324;
ShoulderRight;-0.4712092;0.192142;3.351965;
ShoulderLeft;-0.6091482;0.2250936;3.128277;
ElbowRight;-0.4317157;-0.01167682;3.246474;
ElbowLeft;-0.5072585;-0.02429858;2.977489;
WristRight;-0.4034709;-0.2528544;3.29655;
WristLeft;-0.3155094;-0.1733461;2.928714;
HandRight;-0.4101353;-0.3394551;3.364332;
HandLeft;-0.2573723;-0.228453;2.943368;
Spine;-0.5674493;-0.06512151;3.235442;
HipCenter;-0.5661157;-0.1516646;3.229195;
HipRight;-0.537939;-0.2056412;3.252757;
HipLeft;-0.5933691;-0.186814;3.193321;
KneeRight;-0.4676455;-0.6752645;3.351418;
KneeLeft;-0.7485504;-0.6755689;3.205925;
AnkleRight;-0.3953901;-1.023662;3.320148;
AnkleLeft;-1.021791;-1.046851;3.294567;
FootRight;-0.3287771;-1.079962;3.302305;
FootLeft;-0.9625555;-1.112427;3.305349;
Head;-0.4460329;0.5170964;3.382972;
ShoulderCenter;-0.5310653;0.3593526;3.290367;
ShoulderRight;-0.4281571;0.1839006;3.357008;
ShoulderLeft;-0.578699;0.2268364;3.126197;
ElbowRight;-0.3886636;-0.01991825;3.251394;
ElbowLeft;-0.4685014;-0.0273809;2.993061;
WristRight;-0.3604187;-0.2610959;3.301407;
WristLeft;-0.2888328;-0.1964071;2.937231;
HandRight;-0.3670913;-0.3478029;3.369273;
HandLeft;-0.2399343;-0.2591121;2.955253;
Spine;-0.5274874;-0.02986595;3.238498;
HipCenter;-0.5273309;-0.1076026;3.231807;
HipRight;-0.5050274;-0.1906161;3.27116;
HipLeft;-0.5530497;-0.1634225;3.168618;
KneeRight;-0.41839;-0.6644703;3.34836;
KneeLeft;-0.7123713;-0.6738341;3.187784;
AnkleRight;-0.397325;-1.01861;3.320211;
AnkleLeft;-0.9608216;-1.015717;3.275549;
FootRight;-0.333058;-1.076553;3.303507;
FootLeft;-0.9489435;-1.100917;3.297511;
Head;-0.4341103;0.542768;3.377009;
ShoulderCenter;-0.4938334;0.3700158;3.29239;
ShoulderRight;-0.390925;0.1945638;3.359031;
ShoulderLeft;-0.5404367;0.2306252;3.127731;
ElbowRight;-0.3514315;-0.009254994;3.253314;
ElbowLeft;-0.456232;-0.0245712;2.998342;
WristRight;-0.3231867;-0.2504326;3.303275;
WristLeft;-0.2897851;-0.1996877;2.941059;
HandRight;-0.3298701;-0.3372802;3.37125;
HandLeft;-0.2447336;-0.2662046;2.955729;
Spine;-0.5066766;-0.04251993;3.227308;
HipCenter;-0.5065065;-0.1261067;3.216886;
HipRight;-0.4747236;-0.1905982;3.234616;
HipLeft;-0.5427234;-0.1637429;3.171577;
KneeRight;-0.3935265;-0.6597525;3.328272;
KneeLeft;-0.6316638;-0.6651106;3.181814;
AnkleRight;-0.3978153;-1.017956;3.320675;
AnkleLeft;-0.8795133;-0.9675307;3.238072;
FootRight;-0.3327831;-1.075914;3.308403;
FootLeft;-0.8856086;-1.06781;3.297755;
Head;-0.3767037;0.5167855;3.375614;
ShoulderCenter;-0.4526377;0.3114051;3.289668;
ShoulderRight;-0.3497294;0.1359531;3.356309;
ShoulderLeft;-0.4939488;0.2422918;3.140361;
ElbowRight;-0.3102359;-0.0678657;3.250591;
ElbowLeft;-0.4362131;-0.01840248;3.00595;
WristRight;-0.281991;-0.3090433;3.300552;
WristLeft;-0.2916841;-0.2164372;2.956125;
HandRight;-0.2887096;-0.3963473;3.368885;
HandLeft;-0.2471504;-0.3050804;2.971476;
Spine;-0.4677829;-0.08230317;3.203485;
HipCenter;-0.4708119;-0.1610448;3.190006;
HipRight;-0.4417786;-0.2192299;3.197962;
HipLeft;-0.5051377;-0.186548;3.161896;
KneeRight;-0.3652472;-0.6706911;3.268424;
KneeLeft;-0.6040134;-0.683621;3.171531;
AnkleRight;-0.3859262;-1.021913;3.320032;
AnkleLeft;-0.8091377;-0.9672976;3.233557;
FootRight;-0.3287651;-1.089434;3.325269;
FootLeft;-0.8005556;-1.066214;3.300773;
Head;-0.3494554;0.5150995;3.373227;
ShoulderCenter;-0.4245543;0.3103303;3.288495;
ShoulderRight;-0.321646;0.1348783;3.355136;
ShoulderLeft;-0.4736174;0.2439424;3.137825;
ElbowRight;-0.2821525;-0.0689405;3.249411;
ElbowLeft;-0.4074876;-0.02798238;3.012566;
WristRight;-0.2539076;-0.3101181;3.299368;
WristLeft;-0.2940648;-0.2205403;2.961977;
HandRight;-0.2606604;-0.3978665;3.368049;
HandLeft;-0.2577362;-0.3107611;2.977416;
Spine;-0.4553009;-0.09133573;3.195006;
HipCenter;-0.4600166;-0.1719764;3.179771;
HipRight;-0.4292263;-0.2337138;3.185914;
HipLeft;-0.4958367;-0.1972518;3.150556;
KneeRight;-0.3399416;-0.6596408;3.201255;
KneeLeft;-0.5442807;-0.6870923;3.168092;
AnkleRight;-0.3819034;-1.020168;3.319769;
AnkleLeft;-0.7156323;-0.982585;3.210109;
FootRight;-0.3263057;-1.089271;3.328096;
FootLeft;-0.6923577;-1.081082;3.27555;
Head;-0.2975868;0.522024;3.376158;
ShoulderCenter;-0.3939777;0.3222143;3.279667;
ShoulderRight;-0.2910694;0.1467623;3.346308;
ShoulderLeft;-0.4220534;0.2490319;3.142454;
ElbowRight;-0.2515759;-0.05705649;3.240574;
ElbowLeft;-0.3961064;-0.0296822;3.01613;
WristRight;-0.2075499;-0.262839;3.284945;
WristLeft;-0.2983791;-0.222388;2.966561;
HandRight;-0.1954281;-0.3724287;3.296926;
HandLeft;-0.2715843;-0.3198951;2.97842;
Spine;-0.4211933;-0.07868174;3.1882;
HipCenter;-0.4273797;-0.159271;3.173826;
HipRight;-0.4036863;-0.2240072;3.186826;
HipLeft;-0.4567161;-0.1824197;3.137126;
KneeRight;-0.2811167;-0.6491538;3.173647;
KneeLeft;-0.4897327;-0.6927527;3.16966;
AnkleRight;-0.3759402;-1.020355;3.324515;
AnkleLeft;-0.6103103;-1.012026;3.205872;
FootRight;-0.2937499;-1.063585;3.275506;
FootLeft;-0.5633929;-1.09865;3.275707;
Head;-0.2788835;0.5611172;3.379714;
ShoulderCenter;-0.3487036;0.3934683;3.284224;
ShoulderRight;-0.2457953;0.2180163;3.350865;
ShoulderLeft;-0.4043279;0.2520792;3.139308;
ElbowRight;-0.2063018;0.01419744;3.245116;
ElbowLeft;-0.3775052;-0.03087828;3.024077;
WristRight;-0.1762768;-0.257278;3.277238;
WristLeft;-0.296158;-0.2302481;2.967249;
HandRight;-0.1438588;-0.3208131;3.316464;
HandLeft;-0.2797626;-0.3205807;2.979011;
Spine;-0.3244708;-0.05630912;3.234257;
HipCenter;-0.3196242;-0.1462646;3.228026;
HipRight;-0.2823131;-0.197522;3.252419;
HipLeft;-0.3521957;-0.1829787;3.191964;
KneeRight;-0.2173896;-0.621726;3.158808;
KneeLeft;-0.373645;-0.6423329;3.177927;
AnkleRight;-0.3706328;-1.013876;3.287434;
AnkleLeft;-0.4706316;-0.9858961;3.190311;
FootRight;-0.2929591;-1.085089;3.348068;
FootLeft;-0.407125;-1.070407;3.215478;
Head;-0.2331614;0.5658233;3.368348;
ShoulderCenter;-0.3098502;0.400196;3.282892;
ShoulderRight;-0.2069419;0.2247441;3.349533;
ShoulderLeft;-0.3705604;0.2613213;3.137031;
ElbowRight;-0.1674484;0.02092524;3.243784;
ElbowLeft;-0.3707487;-0.02492237;3.026083;
WristRight;-0.1230764;-0.2559295;3.309661;
WristLeft;-0.2973583;-0.2283179;2.971097;
HandRight;-0.09711588;-0.3200635;3.351617;
HandLeft;-0.2856908;-0.3209482;2.980355;
Spine;-0.2649505;-0.04862308;3.231422;
HipCenter;-0.2569477;-0.1385561;3.224923;
HipRight;-0.212619;-0.1951036;3.25525;
HipLeft;-0.2924546;-0.1811445;3.181149;
KneeRight;-0.1814448;-0.6111561;3.160041;
KneeLeft;-0.2885124;-0.7237169;3.176262;
AnkleRight;-0.2889972;-1.011282;3.187711;
AnkleLeft;-0.3781097;-1.052327;3.20799;
FootRight;-0.2449136;-1.079669;3.277961;
FootLeft;-0.2701004;-1.096;3.242513;
Head;-0.1987299;0.5792249;3.352541;
ShoulderCenter;-0.2699312;0.4071169;3.282;
ShoulderRight;-0.1670229;0.2316649;3.348641;
ShoulderLeft;-0.3324198;0.263014;3.137506;
ElbowRight;-0.1275294;0.02784603;3.242872;
ElbowLeft;-0.3618451;-0.02246562;3.026774;
WristRight;-0.09019585;-0.2556028;3.311783;
WristLeft;-0.2982644;-0.2295732;2.971358;
HandRight;-0.0673719;-0.3034808;3.407194;
HandLeft;-0.2895106;-0.3377964;2.982651;
Spine;-0.2343259;-0.04700063;3.222143;
HipCenter;-0.2262;-0.1376959;3.213806;
HipRight;-0.1782859;-0.1840879;3.231528;
HipLeft;-0.263962;-0.1792214;3.179459;
KneeRight;-0.1678962;-0.619988;3.166313;
KneeLeft;-0.3351128;-0.6393968;3.210505;
AnkleRight;-0.2189642;-1.037208;3.183392;
AnkleLeft;-0.4033164;-1.031382;3.304081;
FootRight;-0.1369348;-1.071713;3.170841;
FootLeft;-0.2927482;-1.05633;3.260074;
Head;-0.1878221;0.5836333;3.343123;
ShoulderCenter;-0.2348471;0.4009194;3.282901;
ShoulderRight;-0.1319388;0.2254674;3.349543;
ShoulderLeft;-0.2909572;0.2585592;3.1355;
ElbowRight;-0.09244527;0.02164862;3.243694;
ElbowLeft;-0.3449033;-0.02418634;3.025198;
WristRight;-0.03694237;-0.2054801;3.414229;
WristLeft;-0.2983926;-0.2382225;2.981718;
HandRight;0.0248455;-0.3503443;3.522708;
HandLeft;-0.2975922;-0.3280933;2.987949;
Spine;-0.1837579;-0.04772662;3.206348;
HipCenter;-0.174835;-0.1372271;3.194786;
HipRight;-0.1378431;-0.1931695;3.224889;
HipLeft;-0.2050768;-0.1850298;3.145117;
KneeRight;-0.1132033;-0.6579763;3.159353;
KneeLeft;-0.325161;-0.640788;3.217179;
AnkleRight;-0.1138751;-1.042547;3.160871;
AnkleLeft;-0.3277774;-1.041901;3.302408;
FootRight;-0.01821205;-1.091545;3.175309;
FootLeft;-0.2155123;-1.059934;3.258671;
Head;-0.1623258;0.5796448;3.316593;
ShoulderCenter;-0.2041056;0.3944826;3.278893;
ShoulderRight;-0.1011973;0.2190306;3.345534;
ShoulderLeft;-0.2659545;0.2564881;3.1311;
ElbowRight;-0.03570715;-0.05017869;3.424815;
ElbowLeft;-0.312602;-0.01795758;3.014604;
WristRight;0.03595416;-0.2909502;3.503809;
WristLeft;-0.2973786;-0.2370351;2.982498;
HandRight;0.08590456;-0.3529684;3.510844;
HandLeft;-0.2964218;-0.3291248;2.990829;
Spine;-0.1510367;-0.03563821;3.204651;
HipCenter;-0.1385862;-0.1204708;3.193529;
HipRight;-0.0952289;-0.1849804;3.226742;
HipLeft;-0.1653479;-0.1685174;3.13794;
KneeRight;-0.08390616;-0.6554564;3.156559;
KneeLeft;-0.3149764;-0.6642424;3.262294;
AnkleRight;0.00924215;-1.027996;3.154115;
AnkleLeft;-0.3599613;-1.023893;3.320845;
FootRight;0.1202045;-1.06732;3.185564;
FootLeft;-0.3570578;-1.104954;3.281698;
Head;-0.1062667;0.5706249;3.321773;
ShoulderCenter;-0.1554347;0.386277;3.27074;
ShoulderRight;-0.0525264;0.210825;3.337381;
ShoulderLeft;-0.2115979;0.2487929;3.123088;
ElbowRight;0.01156862;-0.03046368;3.468658;
ElbowLeft;-0.297686;-0.02449481;3.012916;
WristRight;0.09546148;-0.2768125;3.525837;
WristLeft;-0.2910724;-0.243765;2.983101;
HandRight;0.1418267;-0.3399764;3.539725;
HandLeft;-0.2915208;-0.3502011;2.99929;
Spine;-0.1241901;-0.05751481;3.19449;
HipCenter;-0.1163448;-0.1461776;3.182837;
HipRight;-0.07509646;-0.2075979;3.214201;
HipLeft;-0.1518907;-0.1865545;3.132325;
KneeRight;-0.0479296;-0.684899;3.163432;
KneeLeft;-0.2984962;-0.6896502;3.293155;
AnkleRight;0.1386731;-1.02826;3.140352;
AnkleLeft;-0.3592441;-1.026687;3.318116;
FootRight;0.2502558;-1.059471;3.178316;
FootLeft;-0.3614869;-1.107373;3.278037;
Head;-0.05416483;0.553355;3.328359;
ShoulderCenter;-0.1223392;0.3749236;3.265533;
ShoulderRight;0.0102743;0.2086399;3.306247;
ShoulderLeft;-0.1892654;0.2408789;3.118891;
ElbowRight;0.06367828;-0.02783598;3.447446;
ElbowLeft;-0.2634052;-0.03584459;3.010077;
WristRight;0.1489695;-0.2792631;3.52449;
WristLeft;-0.2813731;-0.2543174;2.982634;
HandRight;0.2161684;-0.3230553;3.510144;
HandLeft;-0.2915297;-0.3604272;2.998784;
Spine;-0.1044792;-0.0612106;3.188515;
HipCenter;-0.1005846;-0.1486502;3.177225;
HipRight;-0.05089157;-0.2161717;3.204682;
HipLeft;-0.1410356;-0.1904933;3.127131;
KneeRight;0.02319746;-0.6773985;3.156423;
KneeLeft;-0.2951773;-0.6893489;3.297563;
AnkleRight;0.2365337;-1.016142;3.148962;
AnkleLeft;-0.3589866;-1.026058;3.317125;
FootRight;0.3568346;-1.032196;3.150571;
FootLeft;-0.3592305;-1.105706;3.275836;
Head;0.002622359;0.5438998;3.329443;
ShoulderCenter;-0.07018628;0.3670173;3.260566;
ShoulderRight;0.05291072;0.2032872;3.302558;
ShoulderLeft;-0.132224;0.2284286;3.115541;
ElbowRight;0.1060483;-0.02075842;3.459229;
ElbowLeft;-0.2289061;-0.0411326;3.007585;
WristRight;0.203742;-0.2717264;3.527341;
WristLeft;-0.264418;-0.2880867;2.981193;
HandRight;0.275401;-0.3084534;3.481518;
HandLeft;-0.2869537;-0.3650248;2.996444;
Spine;-0.05473657;-0.07068709;3.18433;
HipCenter;-0.05164662;-0.158228;3.172871;
HipRight;-0.009547528;-0.218077;3.190289;
HipLeft;-0.09378797;-0.1959944;3.137073;
KneeRight;0.06336457;-0.6743786;3.15621;
KneeLeft;-0.2553214;-0.6935719;3.29374;
AnkleRight;0.3186271;-1.021392;3.174406;
AnkleLeft;-0.3583738;-1.025881;3.316278;
FootRight;0.4384036;-1.037376;3.176008;
FootLeft;-0.3570008;-1.104793;3.27445;
Head;0.04640044;0.5365362;3.291238;
ShoulderCenter;-0.03066515;0.3621968;3.256211;
ShoulderRight;0.09538762;0.2195715;3.33977;
ShoulderLeft;-0.1064867;0.2254646;3.113114;
ElbowRight;0.1547138;-0.0172711;3.476581;
ElbowLeft;-0.1858617;-0.0485165;3.00387;
WristRight;0.2543596;-0.2654445;3.527623;
WristLeft;-0.2466585;-0.2982768;2.980466;
HandRight;0.3015445;-0.3213675;3.498395;
HandLeft;-0.2729529;-0.3799086;2.994664;
Spine;-0.01309051;-0.07090268;3.185239;
HipCenter;-0.009419839;-0.157498;3.174864;
HipRight;0.04107535;-0.2239521;3.203253;
HipLeft;-0.05001915;-0.2042886;3.126235;
KneeRight;0.1107252;-0.6924019;3.164814;
KneeLeft;-0.2348816;-0.7028448;3.298559;
AnkleRight;0.3226667;-1.026346;3.175811;
AnkleLeft;-0.3519525;-1.022007;3.30844;
FootRight;0.4314633;-1.064772;3.210699;
FootLeft;-0.3491281;-1.103541;3.27263;
Head;0.1040126;0.5301852;3.311635;
ShoulderCenter;0.01059064;0.3639204;3.247852;
ShoulderRight;0.140953;0.2015371;3.282722;
ShoulderLeft;-0.05143993;0.2191253;3.10464;
ElbowRight;0.1997219;-0.02638651;3.430604;
ElbowLeft;-0.146037;-0.05023202;2.998709;
WristRight;0.2782958;-0.2622523;3.513252;
WristLeft;-0.2026623;-0.3092128;2.972236;
HandRight;0.3551866;-0.3164365;3.514092;
HandLeft;-0.2318173;-0.3812464;2.983582;
Spine;0.002761886;-0.08897525;3.220618;
HipCenter;0.04715503;-0.1677053;3.169837;
HipRight;0.09459113;-0.2288179;3.193748;
HipLeft;0.006297071;-0.2129799;3.127366;
KneeRight;0.1549859;-0.6866592;3.160955;
KneeLeft;-0.2264228;-0.6901313;3.306948;
AnkleRight;0.3206189;-1.030751;3.174885;
AnkleLeft;-0.3345961;-1.012639;3.302196;
FootRight;0.4294502;-1.072085;3.204593;
FootLeft;-0.2678315;-1.053136;3.232786;
Head;0.1186421;0.5335468;3.311908;
ShoulderCenter;0.04969234;0.357103;3.233395;
ShoulderRight;0.1844969;0.1523166;3.226469;
ShoulderLeft;-0.0102806;0.2157888;3.099158;
ElbowRight;0.246318;-0.04261585;3.408352;
ElbowLeft;-0.09740293;-0.05528496;2.992334;
WristRight;0.3127952;-0.2755202;3.509602;
WristLeft;-0.1520214;-0.3034075;2.954595;
HandRight;0.3668237;-0.3304818;3.521346;
HandLeft;-0.1859886;-0.380162;2.971135;
Spine;0.02254181;-0.08477396;3.220281;
HipCenter;0.0583784;-0.1644231;3.165142;
HipRight;0.1036148;-0.2287883;3.192201;
HipLeft;0.01725429;-0.2113524;3.118848;
KneeRight;0.1949446;-0.6750879;3.157926;
KneeLeft;-0.1635032;-0.7053444;3.302286;
AnkleRight;0.28893;-1.026894;3.156991;
AnkleLeft;-0.3185009;-1.027936;3.326565;
FootRight;0.392271;-1.067928;3.203854;
FootLeft;-0.31244;-1.10637;3.284548;
Head;0.1932943;0.5269762;3.308431;
ShoulderCenter;0.09653196;0.3636853;3.227863;
ShoulderRight;0.2249334;0.1589807;3.222481;
ShoulderLeft;0.03949957;0.2213214;3.093985;
ElbowRight;0.2916473;-0.05165251;3.386648;
ElbowLeft;-0.04147771;-0.05414517;2.998311;
WristRight;0.37209;-0.3001739;3.507;
WristLeft;-0.1002771;-0.3074451;2.946782;
HandRight;0.4375697;-0.3489494;3.477437;
HandLeft;-0.136314;-0.3880626;2.955579;
Spine;0.08385155;-0.08250583;3.208901;
HipCenter;0.1223172;-0.1606151;3.15484;
HipRight;0.1694915;-0.2210578;3.176759;
HipLeft;0.08007568;-0.2052087;3.115216;
KneeRight;0.2163838;-0.6637572;3.151421;
KneeLeft;-0.0918147;-0.6065158;3.278673;
AnkleRight;0.2882864;-1.026989;3.156985;
AnkleLeft;-0.2942052;-1.013256;3.323738;
FootRight;0.3916049;-1.068475;3.204867;
FootLeft;-0.2883362;-1.092028;3.281489;
Head;0.2192807;0.5389495;3.282216;
ShoulderCenter;0.1279649;0.368524;3.22331;
ShoulderRight;0.2612931;0.1646297;3.21735;
ShoulderLeft;0.07312901;0.2275986;3.09305;
ElbowRight;0.311126;-0.04240696;3.231275;
ElbowLeft;0.007224789;-0.04665077;2.990601;
WristRight;0.377415;-0.2611808;3.401112;
WristLeft;-0.02016456;-0.2603847;2.945333;
HandRight;0.4284919;-0.3229967;3.469164;
HandLeft;-0.05918624;-0.3577302;2.953226;
Spine;0.1227709;-0.09141891;3.202557;
HipCenter;0.1626552;-0.1720896;3.147258;
HipRight;0.2120996;-0.2325996;3.167615;
HipLeft;0.1185839;-0.2131368;3.109803;
KneeRight;0.2279576;-0.6629936;3.151101;
KneeLeft;-0.07228725;-0.7023926;3.307621;
AnkleRight;0.29437;-1.027971;3.158759;
AnkleLeft;-0.2525581;-0.9873453;3.313014;
FootRight;0.395595;-1.071278;3.200413;
FootLeft;-0.2262356;-1.066959;3.344639;
Head;0.242056;0.549128;3.276212;
ShoulderCenter;0.1784332;0.3656527;3.217258;
ShoulderRight;0.3066323;0.1850168;3.202665;
ShoulderLeft;0.128519;0.2321349;3.079529;
ElbowRight;0.3507424;-0.105915;3.197435;
ElbowLeft;0.06208464;0.003433211;2.995181;
WristRight;0.4263739;-0.3074414;3.384132;
WristLeft;0.04814694;-0.2698758;2.922916;
HandRight;0.4527938;-0.3385564;3.45034;
HandLeft;0.03075432;-0.3695608;2.951795;
Spine;0.1748044;-0.09167786;3.192585;
HipCenter;0.2148277;-0.1707282;3.137253;
HipRight;0.2615494;-0.2286884;3.160334;
HipLeft;0.1748166;-0.2116673;3.096558;
KneeRight;0.2568679;-0.661606;3.144974;
KneeLeft;0.1050932;-0.681738;3.221859;
AnkleRight;0.2919512;-1.029851;3.161198;
AnkleLeft;-0.1658883;-0.9495885;3.306334;
FootRight;0.3510585;-1.091993;3.18589;
FootLeft;-0.171497;-1.056538;3.332492;
Head;0.2928102;0.5435849;3.275152;
ShoulderCenter;0.2130619;0.365747;3.215667;
ShoulderRight;0.3412611;0.1851112;3.201074;
ShoulderLeft;0.1487846;0.2302525;3.076227;
ElbowRight;0.3855308;-0.1068739;3.195987;
ElbowLeft;0.1098779;-0.01458981;2.996007;
WristRight;0.4614832;-0.3086727;3.383881;
WristLeft;0.1288029;-0.247454;2.929946;
HandRight;0.4952704;-0.3408902;3.446246;
HandLeft;0.1173381;-0.35222;2.93124;
Spine;0.2259829;-0.09593441;3.198106;
HipCenter;0.2661176;-0.1754369;3.143042;
HipRight;0.3232477;-0.2288036;3.157832;
HipLeft;0.2129367;-0.2139784;3.111732;
KneeRight;0.2590575;-0.6581467;3.151679;
KneeLeft;0.1246345;-0.6138446;3.217478;
AnkleRight;0.2960146;-1.030568;3.160752;
AnkleLeft;-0.07179935;-0.9211888;3.304155;
FootRight;0.397684;-1.072984;3.210969;
FootLeft;-0.0152428;-0.9619071;3.225246;
Head;0.3192072;0.5575049;3.252873;
ShoulderCenter;0.2465368;0.3775943;3.20363;
ShoulderRight;0.3747358;0.1969585;3.189037;
ShoulderLeft;0.1978956;0.2393347;3.072568;
ElbowRight;0.418898;-0.09431687;3.183897;
ElbowLeft;0.1795289;-0.04864575;2.977674;
WristRight;0.473334;-0.322354;3.22416;
WristLeft;0.2209527;-0.2662368;2.918683;
HandRight;0.4807391;-0.3953899;3.249123;
HandLeft;0.2227353;-0.3530063;2.907264;
Spine;0.2579879;-0.0857354;3.199043;
HipCenter;0.3009062;-0.1666206;3.146424;
HipRight;0.3497626;-0.2198268;3.165738;
HipLeft;0.2658894;-0.2086575;3.113526;
KneeRight;0.3192441;-0.6805121;3.133299;
KneeLeft;0.2199946;-0.6824058;3.171888;
AnkleRight;0.3096367;-1.030068;3.160968;
AnkleLeft;0.02190117;-0.9136542;3.298465;
FootRight;0.4092415;-1.07439;3.21404;
FootLeft;0.02196093;-1.003331;3.31977;
Head;0.337973;0.5701779;3.226597;
ShoulderCenter;0.2768291;0.3862407;3.196483;
ShoulderRight;0.4050282;0.2056049;3.181889;
ShoulderLeft;0.2289;0.2467211;3.068898;
ElbowRight;0.4490962;-0.08504947;3.176696;
ElbowLeft;0.2404331;-0.03793529;2.96172;
WristRight;0.496522;-0.324245;3.232889;
WristLeft;0.3060612;-0.2671368;2.91849;
HandRight;0.5038823;-0.3968395;3.257701;
HandLeft;0.3255299;-0.3519299;2.912769;
Spine;0.292261;-0.07795256;3.209336;
HipCenter;0.3335492;-0.1615093;3.159917;
HipRight;0.3792461;-0.2095673;3.16748;
HipLeft;0.3003167;-0.1964233;3.14969;
KneeRight;0.3528472;-0.6651414;3.150614;
KneeLeft;0.2754709;-0.6411447;3.151011;
AnkleRight;0.3125472;-1.030138;3.160154;
AnkleLeft;0.1266963;-0.9737071;3.306394;
FootRight;0.4120474;-1.074447;3.213768;
FootLeft;0.1267561;-1.063384;3.3277;
Head;0.4103806;0.5755522;3.255948;
ShoulderCenter;0.3285055;0.3988844;3.199285;
ShoulderRight;0.4567046;0.2182486;3.184691;
ShoulderLeft;0.2636895;0.2553601;3.066856;
ElbowRight;0.5007139;-0.07201806;3.179475;
ElbowLeft;0.3005859;-0.02663651;2.959384;
WristRight;0.5505077;-0.3145035;3.241105;
WristLeft;0.3931432;-0.2524664;2.883013;
HandRight;0.5578255;-0.386678;3.265773;
HandLeft;0.4349302;-0.3280436;2.859577;
Spine;0.3233513;-0.06999689;3.21845;
HipCenter;0.3584045;-0.1570271;3.169292;
HipRight;0.4109108;-0.2082799;3.172565;
HipLeft;0.3124095;-0.1919464;3.158237;
KneeRight;0.3930959;-0.6774337;3.112242;
KneeLeft;0.289251;-0.6416168;3.136592;
AnkleRight;0.3159093;-1.033148;3.165299;
AnkleLeft;0.295311;-1.06091;3.175986;
FootRight;0.4154138;-1.077199;3.219126;
FootLeft;0.4061861;-1.08977;3.216146;
Head;0.4040157;0.5334684;3.233301;
ShoulderCenter;0.3656326;0.3283046;3.182307;
ShoulderRight;0.4938317;0.1476688;3.167713;
ShoulderLeft;0.3132861;0.2560314;3.055784;
ElbowRight;0.5376967;-0.1416461;3.162544;
ElbowLeft;0.3683218;-0.02086341;2.944551;
WristRight;0.5876348;-0.3850833;3.224324;
WristLeft;0.4953524;-0.2468271;2.864942;
HandRight;0.5949109;-0.4568465;3.248851;
HandLeft;0.5396546;-0.3115653;2.850984;
Spine;0.327145;-0.09208883;3.168214;
HipCenter;0.3580867;-0.1677254;3.11501;
HipRight;0.3999004;-0.2375206;3.119405;
HipLeft;0.3148229;-0.1932489;3.094721;
KneeRight;0.553152;-0.6362236;3.274371;
KneeLeft;0.3017729;-0.6409534;3.128163;
AnkleRight;0.3284395;-1.032711;3.241733;
AnkleLeft;0.3036148;-1.038866;3.167049;
FootRight;0.4349707;-1.08122;3.273062;
FootLeft;0.4107367;-1.081481;3.204364;
Head;0.4374821;0.5267301;3.232799;
ShoulderCenter;0.4021183;0.3146421;3.184916;
ShoulderRight;0.3864133;0.2680725;3.022135;
ShoulderLeft;0.3334624;0.2567115;3.053199;
ElbowRight;0.4720007;-0.003198355;2.921502;
ElbowLeft;0.42078;-0.006640345;2.928665;
WristRight;0.5529841;-0.2419728;3.055387;
WristLeft;0.5846528;-0.2227354;2.846912;
HandRight;0.5879127;-0.3309684;3.093314;
HandLeft;0.6213621;-0.2918213;2.841176;
Spine;0.4559626;-0.0987251;3.203702;
HipCenter;0.431998;-0.1778668;3.154752;
HipRight;0.436344;-0.1992821;3.162537;
HipLeft;0.4292709;-0.1881291;3.144003;
KneeRight;0.5752074;-0.6617005;3.27722;
KneeLeft;0.321261;-0.6391884;3.122098;
AnkleRight;0.485553;-1.045369;3.298138;
AnkleLeft;0.3077622;-1.03818;3.169319;
FootRight;0.5393162;-1.112029;3.324467;
FootLeft;0.2599228;-1.084049;3.087357;
Head;0.444241;0.5181571;3.226002;
ShoulderCenter;0.4417009;0.3218371;3.181877;
ShoulderRight;0.4091035;0.2090169;2.975142;
ShoulderLeft;0.3786973;0.2580896;3.049371;
ElbowRight;0.5612006;-0.03641538;2.899235;
ElbowLeft;0.4752049;0.002976507;2.913942;
WristRight;0.6043842;-0.2739158;3.048674;
WristLeft;0.6527953;-0.2134841;2.837282;
HandRight;0.6788261;-0.5271173;3.152018;
HandLeft;0.7080634;-0.266418;2.840002;
Spine;0.5267413;-0.08638357;3.190663;
HipCenter;0.4811948;-0.1720282;3.173541;
HipRight;0.4841641;-0.1886244;3.175241;
HipLeft;0.4803047;-0.1848075;3.170451;
KneeRight;0.6269895;-0.6493008;3.277736;
KneeLeft;0.3401194;-0.6361715;3.12023;
AnkleRight;0.5641403;-1.026791;3.280482;
AnkleLeft;0.3076461;-1.03798;3.169889;
FootRight;0.4771949;-1.077396;3.247875;
FootLeft;0.2207007;-1.088585;3.137283;
Head;0.5181039;0.5817122;3.222814;
ShoulderCenter;0.4815169;0.3917105;3.190977;
ShoulderRight;0.4444386;0.2780759;2.98459;
ShoulderLeft;0.4056424;0.2544215;3.056029;
ElbowRight;0.5632672;0.01538539;2.906958;
ElbowLeft;0.526559;0.01478136;2.910305;
WristRight;0.5909962;-0.2267444;3.052654;
WristLeft;0.725859;-0.1913853;2.838829;
HandRight;0.6540457;-0.4911344;3.158053;
HandLeft;0.7679462;-0.2541984;2.83712;
Spine;0.5322188;-0.08577172;3.187477;
HipCenter;0.4877478;-0.1729664;3.160142;
HipRight;0.4932292;-0.1901546;3.167098;
HipLeft;0.4831263;-0.1829776;3.147286;
KneeRight;0.6519904;-0.6445511;3.269462;
KneeLeft;0.349705;-0.6368643;3.123029;
AnkleRight;0.6782444;-1.023773;3.279954;
AnkleLeft;0.308019;-1.03752;3.171127;
FootRight;0.5950323;-1.071067;3.234854;
FootLeft;0.224807;-1.084813;3.126027;
Head;0.5895044;0.5775142;3.241668;
ShoulderCenter;0.5300467;0.3922248;3.20172;
ShoulderRight;0.4929685;0.2785901;2.995333;
ShoulderLeft;0.4613218;0.2489173;3.051462;
ElbowRight;0.6159862;0.0176321;2.918792;
ElbowLeft;0.5835646;0.0101361;2.905308;
WristRight;0.6388999;-0.217456;3.07528;
WristLeft;0.7794158;-0.1795138;2.838199;
HandRight;0.6961831;-0.4575886;3.176093;
HandLeft;0.8478537;-0.2105403;2.844696;
Spine;0.5405405;-0.1150935;3.177762;
HipCenter;0.4874135;-0.2189151;3.144372;
HipRight;0.4958641;-0.2402143;3.162262;
HipLeft;0.4767178;-0.2308647;3.122217;
KneeRight;0.6864046;-0.6459355;3.258771;
KneeLeft;0.3613217;-0.6364213;3.125572;
AnkleRight;0.7994974;-1.009038;3.261992;
AnkleLeft;0.3082642;-1.03565;3.173074;
FootRight;0.7139312;-1.054001;3.218714;
FootLeft;0.2226979;-1.080612;3.129796;
Head;0.6448016;0.5663494;3.261866;
ShoulderCenter;0.5584042;0.3913342;3.206263;
ShoulderRight;0.5213259;0.2776996;2.999876;
ShoulderLeft;0.4809483;0.2438415;3.052549;
ElbowRight;0.6784023;0.04696402;2.882817;
ElbowLeft;0.6155431;0.01535997;2.899253;
WristRight;0.6916291;-0.1683967;3.064458;
WristLeft;0.8253801;-0.1560268;2.844882;
HandRight;0.7384428;-0.3409283;3.135614;
HandLeft;0.9185929;-0.1904086;2.868423;
Spine;0.577986;-0.09950474;3.175949;
HipCenter;0.5286036;-0.1883911;3.136485;
HipRight;0.5282347;-0.2262922;3.171993;
HipLeft;0.5187974;-0.2225143;3.088921;
KneeRight;0.7305928;-0.6406063;3.237643;
KneeLeft;0.4432223;-0.664696;3.163871;
AnkleRight;0.8738143;-0.9926844;3.249741;
AnkleLeft;0.3079042;-1.035246;3.175994;
FootRight;0.7940818;-1.03756;3.195216;
FootLeft;0.2281717;-1.080122;3.121469;
Head;0.6903478;0.5566123;3.280957;
ShoulderCenter;0.6152861;0.3773178;3.212016;
ShoulderRight;0.7067268;0.09260403;2.997403;
ShoulderLeft;0.5308073;0.2336391;3.063313;
ElbowRight;0.8632712;-0.0886878;2.870633;
ElbowLeft;0.6676834;0.008661225;2.903857;
WristRight;1.038173;-0.2098226;2.896504;
WristLeft;0.8631709;-0.1541348;2.846473;
HandRight;1.065836;-0.2792511;2.905133;
HandLeft;0.9495998;-0.190487;2.869051;
Spine;0.5763347;-0.09988177;3.202328;
HipCenter;0.5536178;-0.1846341;3.140342;
HipRight;0.5940197;-0.2766904;3.18525;
HipLeft;0.5191492;-0.2265162;3.084649;
KneeRight;0.7885632;-0.6525199;3.239567;
KneeLeft;0.44644;-0.6638408;3.162271;
AnkleRight;0.9506612;-0.9908167;3.240814;
AnkleLeft;0.3094298;-1.036082;3.177064;
FootRight;1.011866;-1.045948;3.203884;
FootLeft;0.4184877;-1.08841;3.193952;
Head;0.7331962;0.535472;3.299279;
ShoulderCenter;0.6425721;0.3664519;3.211772;
ShoulderRight;0.7344164;0.09216322;2.984334;
ShoulderLeft;0.5667212;0.2236373;3.063034;
ElbowRight;0.8551909;-0.07137895;2.879313;
ElbowLeft;0.6998132;-0.001403928;2.900377;
WristRight;0.9874274;-0.2399976;2.832659;
WristLeft;0.8892616;-0.1329771;2.851481;
HandRight;1.036563;-0.2305736;2.88919;
HandLeft;0.9795569;-0.1736696;2.876428;
Spine;0.6121114;-0.1169446;3.197784;
HipCenter;0.586117;-0.201893;3.136408;
HipRight;0.6211759;-0.2842188;3.163585;
HipLeft;0.533947;-0.2317787;3.090031;
KneeRight;0.7978384;-0.6544984;3.234013;
KneeLeft;0.4504696;-0.6556549;3.143781;
AnkleRight;0.9531008;-0.9843131;3.238452;
AnkleLeft;0.3122082;-1.033908;3.177992;
FootRight;0.9999018;-1.050604;3.199776;
FootLeft;0.4025221;-1.086564;3.193678;
Head;0.7860862;0.5449616;3.304135;
ShoulderCenter;0.7042836;0.3689141;3.227442;
ShoulderRight;0.7840293;0.09280514;3.014028;
ShoulderLeft;0.624963;0.2259444;3.06877;
ElbowRight;0.8992424;-0.07554331;2.911086;
ElbowLeft;0.7581345;-0.005987227;2.918885;
WristRight;1.069445;-0.209294;2.894847;
WristLeft;0.9551286;-0.1549787;2.875301;
HandRight;1.114517;-0.2691768;2.899771;
HandLeft;1.029697;-0.1912165;2.889969;
Spine;0.6539947;-0.1298964;3.200755;
HipCenter;0.6319329;-0.2160868;3.134834;
HipRight;0.6670521;-0.2903989;3.149253;
HipLeft;0.5857692;-0.2425362;3.102031;
KneeRight;0.8254966;-0.6729969;3.235773;
KneeLeft;0.463405;-0.6551067;3.129643;
AnkleRight;0.9754017;-1.022217;3.207378;
AnkleLeft;0.314293;-1.032869;3.176626;
FootRight;0.9439573;-1.10473;3.193233;
FootLeft;0.3996972;-1.086435;3.191295;
Head;0.8403713;0.5361088;3.308405;
ShoulderCenter;0.7402706;0.3695306;3.231152;
ShoulderRight;0.8200163;0.09342165;3.017738;
ShoulderLeft;0.6750866;0.2216248;3.082458;
ElbowRight;0.7910108;-0.1053906;2.908403;
ElbowLeft;0.7872802;-0.01761238;2.92769;
WristRight;0.99352;-0.176833;2.914248;
WristLeft;0.9678908;-0.1554087;2.879919;
HandRight;1.083133;-0.2209303;2.896177;
HandLeft;1.050534;-0.1952725;2.888081;
Spine;0.7151989;-0.1441499;3.21102;
HipCenter;0.6911088;-0.2350216;3.147241;
HipRight;0.7368333;-0.3052686;3.151061;
HipLeft;0.6371788;-0.2541979;3.128616;
KneeRight;0.8764178;-0.6709327;3.259981;
KneeLeft;0.5126239;-0.6592776;3.118966;
AnkleRight;0.9739254;-0.9823387;3.205275;
AnkleLeft;0.3218108;-1.030603;3.173606;
FootRight;0.9578342;-1.061947;3.16893;
FootLeft;0.3983604;-1.086085;3.190208;
Head;0.8658335;0.547125;3.325598;
ShoulderCenter;0.7813048;0.3739291;3.237276;
ShoulderRight;0.7503818;0.2037664;3.022884;
ShoulderLeft;0.7146907;0.2353726;3.095848;
ElbowRight;0.8176488;-0.03330219;2.941123;
ElbowLeft;0.8154399;-0.01174878;2.945229;
WristRight;1.058071;-0.1973585;2.897416;
WristLeft;0.9950414;-0.1691666;2.892085;
HandRight;1.097178;-0.2609276;2.894373;
HandLeft;1.062552;-0.2010257;2.889457;
Spine;0.7940636;-0.1577422;3.189662;
HipCenter;0.7388257;-0.2553809;3.151642;
HipRight;0.7478957;-0.2891757;3.135861;
HipLeft;0.7226233;-0.2621556;3.168377;
KneeRight;0.9073834;-0.6709841;3.256721;
KneeLeft;0.5604743;-0.6743389;3.125883;
AnkleRight;0.9735569;-0.9986134;3.192683;
AnkleLeft;0.3645627;-1.017476;3.172511;
FootRight;0.8909401;-1.042585;3.145693;
FootLeft;0.2819459;-1.061448;3.125521;
Head;0.9439515;0.5471645;3.349254;
ShoulderCenter;0.843049;0.3808319;3.267154;
ShoulderRight;0.8198611;0.211826;3.053019;
ShoulderLeft;0.7630709;0.2413917;3.106262;
ElbowRight;0.8987737;-0.02862082;2.972969;
ElbowLeft;0.8468596;-0.01094979;2.951787;
WristRight;1.08904;-0.2017437;2.919062;
WristLeft;1.03845;-0.2029511;2.907383;
HandRight;1.108169;-0.293202;2.902521;
HandLeft;1.093777;-0.2629525;2.902974;
Spine;0.8366331;-0.1482587;3.211787;
HipCenter;0.7944043;-0.2401346;3.153114;
HipRight;0.814041;-0.2769924;3.117879;
HipLeft;0.7699604;-0.2558241;3.177269;
KneeRight;0.9661971;-0.6817595;3.260394;
KneeLeft;0.6371866;-0.6916565;3.130632;
AnkleRight;0.974654;-1.014405;3.191532;
AnkleLeft;0.4125338;-0.9736417;3.149382;
FootRight;0.9682897;-1.089055;3.143968;
FootLeft;0.4195504;-1.078366;3.194647;
Head;0.9432212;0.5725635;3.347356;
ShoulderCenter;0.8687488;0.3903702;3.277647;
ShoulderRight;0.8174191;0.2222154;3.06199;
ShoulderLeft;0.80461;0.2526951;3.120788;
ElbowRight;0.8759256;0.01898402;2.98511;
ElbowLeft;0.8759709;-0.005619168;2.971961;
WristRight;1.055655;-0.09953766;2.94692;
WristLeft;1.045281;-0.2177034;2.91085;
HandRight;1.076301;-0.1965865;2.927967;
HandLeft;1.093817;-0.2743402;2.907511;
Spine;0.8878208;-0.1064145;3.166384;
HipCenter;0.8263924;-0.1964107;3.128297;
HipRight;0.8278834;-0.2084629;3.133326;
HipLeft;0.8233051;-0.2030981;3.117925;
KneeRight;0.9930268;-0.6724373;3.243675;
KneeLeft;0.7182271;-0.6775289;3.119576;
AnkleRight;0.9749587;-1.005442;3.194763;
AnkleLeft;0.4806985;-0.9435616;3.12825;
FootRight;0.9940283;-1.081985;3.154204;
FootLeft;0.4891942;-1.048524;3.185798;
Head;0.9790199;0.5796643;3.360572;
ShoulderCenter;0.9218035;0.3909557;3.287853;
ShoulderRight;0.9030905;0.2346251;3.090364;
ShoulderLeft;0.8396087;0.2491587;3.122056;
ElbowRight;0.7951311;0.07455495;3.280127;
ElbowLeft;0.9077632;-0.01800571;2.991834;
WristRight;0.9207094;-0.1135125;3.077976;
WristLeft;1.046507;-0.2283363;2.918885;
HandRight;1.090332;-0.3518708;2.947279;
HandLeft;1.08132;-0.3150661;2.935894;
Spine;0.879057;-0.1100135;3.200495;
HipCenter;0.8475097;-0.1896561;3.128162;
HipRight;0.8639808;-0.2057091;3.11937;
HipLeft;0.8339833;-0.1990317;3.12418;
KneeRight;0.9670687;-0.6654463;3.15071;
KneeLeft;0.7747179;-0.6791661;3.106191;
AnkleRight;0.9786614;-0.9889082;3.198074;
AnkleLeft;0.553037;-0.9238831;3.118296;
FootRight;0.9916393;-1.068854;3.162414;
FootLeft;0.5178018;-0.965961;3.029825;
Head;0.9680831;0.5333232;3.349735;
ShoulderCenter;0.9535495;0.3382058;3.274055;
ShoulderRight;0.9806627;0.2020933;3.126559;
ShoulderLeft;0.8777816;0.2502434;3.130848;
ElbowRight;0.837317;0.07318117;3.315834;
ElbowLeft;0.9300601;-0.0191952;2.998775;
WristRight;0.9190326;-0.07969424;3.06448;
WristLeft;1.047808;-0.2503978;2.939439;
HandRight;1.023057;-0.2386626;2.960525;
HandLeft;1.074205;-0.3314673;2.945332;
Spine;0.8904601;-0.104666;3.205992;
HipCenter;0.8881415;-0.1744938;3.131542;
HipRight;0.9092192;-0.2127556;3.143236;
HipLeft;0.8587222;-0.1949107;3.106768;
KneeRight;0.9775829;-0.6443775;3.087631;
KneeLeft;0.834102;-0.6733108;3.102114;
AnkleRight;0.9796668;-0.9861891;3.199459;
AnkleLeft;0.6388534;-0.9385982;3.11465;
FootRight;1.022865;-1.0621;3.18386;
FootLeft;0.649573;-0.9792804;3.019123;
Head;1.032877;0.5171171;3.356485;
ShoulderCenter;0.9689581;0.3333864;3.274482;
ShoulderRight;0.9557498;0.1840059;3.06988;
ShoulderLeft;0.8965083;0.2621692;3.137375;
ElbowRight;0.8568269;0.08209714;3.294486;
ElbowLeft;0.9660898;0.00602692;3.011392;
WristRight;0.9459125;-0.07705489;3.050474;
WristLeft;1.044775;-0.2502973;2.945084;
HandRight;1.048415;-0.2290448;2.966638;
HandLeft;1.055601;-0.3323581;2.959911;
Spine;0.9412913;-0.1124564;3.204091;
HipCenter;0.9010397;-0.1804741;3.138675;
HipRight;0.9123322;-0.2150924;3.146252;
HipLeft;0.8888583;-0.1995046;3.118399;
KneeRight;1.035818;-0.6553786;3.069713;
KneeLeft;0.9340434;-0.6477708;3.109331;
AnkleRight;0.984919;-0.9900787;3.201303;
AnkleLeft;0.7571977;-0.9307144;3.111702;
FootRight;0.966662;-1.076424;3.19677;
FootLeft;0.7914503;-1.01384;3.125775;
Head;1.050164;0.5238515;3.345997;
ShoulderCenter;1.001075;0.3358522;3.270458;
ShoulderRight;1.010085;0.2570433;3.125104;
ShoulderLeft;0.9478443;0.2721354;3.152471;
ElbowRight;0.8912074;0.1033926;3.311974;
ElbowLeft;0.9709322;0.009377856;3.013806;
WristRight;0.9783706;-0.04436573;3.06044;
WristLeft;1.039078;-0.2449044;2.951114;
HandRight;1.090072;-0.2074779;2.944684;
HandLeft;1.038504;-0.3193616;2.957575;
Spine;0.9757763;-0.1037703;3.221431;
HipCenter;0.9484392;-0.1733056;3.154616;
HipRight;0.9583131;-0.1987554;3.161987;
HipLeft;0.934462;-0.1824891;3.138375;
KneeRight;1.026928;-0.6680479;3.083019;
KneeLeft;0.957521;-0.6435362;3.122762;
AnkleRight;0.9911715;-0.9858989;3.192956;
AnkleLeft;0.8875522;-0.966069;3.11737;
FootRight;1.00306;-1.05843;3.14494;
FootLeft;0.9260994;-1.044357;3.107741;
Head;1.092885;0.5139837;3.332997;
ShoulderCenter;1.04317;0.3258565;3.264337;
ShoulderRight;1.075452;0.2397523;3.135039;
ShoulderLeft;0.9826316;0.275404;3.154466;
ElbowRight;0.9460497;0.06107901;3.294197;
ElbowLeft;0.9923027;0.01496701;3.018799;
WristRight;1.025295;-0.09851462;3.048552;
WristLeft;1.043983;-0.2349733;2.961993;
HandRight;1.131984;-0.2700763;2.935901;
HandLeft;1.042085;-0.3096672;2.962218;
Spine;0.9792569;-0.1013465;3.232414;
HipCenter;0.9615308;-0.1709607;3.163494;
HipRight;0.9721266;-0.1991504;3.168028;
HipLeft;0.9449637;-0.181379;3.149499;
KneeRight;0.9449223;-0.6364372;3.253118;
KneeLeft;1.070446;-0.6120574;3.124428;
AnkleRight;0.9575887;-0.9641945;3.185084;
AnkleLeft;0.9654168;-0.9807512;3.100749;
FootRight;0.9558188;-0.9459895;3.099696;
FootLeft;1.010529;-1.054587;3.088967;
Head;1.173624;0.5956806;3.348854;
ShoulderCenter;1.101459;0.4137972;3.290115;
ShoulderRight;1.115402;0.2566979;3.159379;
ShoulderLeft;1.033674;0.2784498;3.167972;
ElbowRight;1.028091;0.03636131;3.022304;
ElbowLeft;1.009051;0.01505939;3.026949;
WristRight;1.019772;-0.2526126;2.97061;
WristLeft;1.057431;-0.2196797;2.972409;
HandRight;1.071903;-0.3652821;3.006293;
HandLeft;1.056039;-0.2943333;2.970869;
Spine;1.094241;-0.06738278;3.259437;
HipCenter;1.089432;-0.1498859;3.190332;
HipRight;1.105466;-0.171642;3.175277;
HipLeft;1.072456;-0.1723144;3.196348;
KneeRight;0.9527549;-0.6423336;3.253678;
KneeLeft;1.118186;-0.6193089;3.148368;
AnkleRight;0.9622006;-0.9711183;3.243047;
AnkleLeft;1.0452;-1.010348;3.123893;
FootRight;0.964536;-1.024517;3.173941;
FootLeft;1.15134;-1.056347;3.099616;
Head;1.199258;0.6023839;3.35869;
ShoulderCenter;1.133423;0.4186523;3.294145;
ShoulderRight;1.182617;0.2948175;3.186278;
ShoulderLeft;1.059935;0.2833752;3.163793;
ElbowRight;1.118501;0.02565721;3.067098;
ElbowLeft;1.0384;0.0219275;3.035488;
WristRight;1.039999;-0.245236;2.981662;
WristLeft;1.069631;-0.183383;2.965206;
HandRight;1.027338;-0.3094866;3.017293;
HandLeft;1.068215;-0.2578736;2.962523;
Spine;1.087907;-0.04504034;3.267545;
HipCenter;1.090893;-0.1221607;3.201086;
HipRight;1.106507;-0.1670938;3.170991;
HipLeft;1.06787;-0.1601772;3.219249;
KneeRight;1.010799;-0.6637876;3.28281;
KneeLeft;1.099578;-0.615034;3.193945;
AnkleRight;0.9890422;-1.034002;3.185015;
AnkleLeft;1.084812;-1.002093;3.137506;
FootRight;1.005646;-1.0744;3.092138;
FootLeft;1.196362;-1.031374;3.112403;
Head;1.249761;0.5953473;3.342932;
ShoulderCenter;1.183393;0.4103776;3.300453;
ShoulderRight;1.123247;0.2122023;3.111277;
ShoulderLeft;1.103176;0.2746533;3.168028;
ElbowRight;1.083927;-0.05492441;3.010925;
ElbowLeft;1.07512;0.01392345;3.038867;
WristRight;1.039527;-0.3155628;2.975071;
WristLeft;1.070426;-0.1973159;2.967677;
HandRight;1.00922;-0.378851;3.000288;
HandLeft;1.06898;-0.2718188;2.965036;
Spine;1.195176;-0.084896;3.228735;
HipCenter;1.1394;-0.1719219;3.184387;
HipRight;1.141204;-0.1994677;3.157613;
HipLeft;1.133588;-0.1941371;3.199958;
KneeRight;1.01312;-0.6131818;3.307864;
KneeLeft;1.116321;-0.6088484;3.212287;
AnkleRight;0.9883327;-1.027712;3.187805;
AnkleLeft;1.105542;-0.9948676;3.158115;
FootRight;0.907919;-1.070214;3.140033;
FootLeft;1.025128;-1.03737;3.110343;
Head;1.258598;0.5276066;3.344373;
ShoulderCenter;1.21024;0.3386969;3.282984;
ShoulderRight;1.213361;0.2407603;3.152463;
ShoulderLeft;1.147003;0.2667558;3.150852;
ElbowRight;1.106693;-0.01220199;3.027641;
ElbowLeft;1.095949;0.002750899;3.037895;
WristRight;1.067477;-0.298694;2.986173;
WristLeft;1.089047;-0.2156176;2.966196;
HandRight;1.023442;-0.3308915;2.935574;
HandLeft;1.087467;-0.2899588;2.963572;
Spine;1.156574;-0.08705313;3.256474;
HipCenter;1.157277;-0.1635766;3.187265;
HipRight;1.166409;-0.2015198;3.15077;
HipLeft;1.14241;-0.1936104;3.205774;
KneeRight;1.296021;-0.6307864;3.124771;
KneeLeft;1.05514;-0.6671439;3.258727;
AnkleRight;1.388237;-0.9775628;3.063293;
AnkleLeft;1.008297;-0.991308;3.196607;
FootRight;1.497948;-1.019481;3.074729;
FootLeft;1.122851;-1.000204;3.169724;
Head;1.327874;0.5802372;3.32027;
ShoulderCenter;1.254933;0.39904;3.289821;
ShoulderRight;1.288348;0.2289955;3.168914;
ShoulderLeft;1.184176;0.2690793;3.168544;
ElbowRight;1.147118;0.004002124;3.019408;
ElbowLeft;1.129888;0.0009848475;3.038479;
WristRight;1.086883;-0.2804214;2.988629;
WristLeft;1.107646;-0.2403069;2.967492;
HandRight;1.067625;-0.3513424;2.978189;
HandLeft;1.096138;-0.3394008;2.979028;
Spine;1.214112;-0.08067212;3.255276;
HipCenter;1.211501;-0.1627975;3.185395;
HipRight;1.233024;-0.205831;3.147558;
HipLeft;1.177277;-0.1950477;3.206897;
KneeRight;1.361683;-0.6516145;3.115377;
KneeLeft;1.057373;-0.669485;3.259887;
AnkleRight;1.532088;-0.9956315;3.083026;
AnkleLeft;1.006937;-1.000639;3.193343;
FootRight;1.608153;-1.035175;3.066881;
FootLeft;1.016023;-1.040907;3.099379;
Head;1.397839;0.5519697;3.372674;
ShoulderCenter;1.301858;0.3847392;3.289935;
ShoulderRight;1.283787;0.2377393;3.142446;
ShoulderLeft;1.219978;0.2593793;3.168624;
ElbowRight;1.168145;-0.009038944;3.011652;
ElbowLeft;1.181765;-0.00300687;3.041517;
WristRight;1.118016;-0.2959923;2.979254;
WristLeft;1.160107;-0.2378439;2.9755;
HandRight;1.101911;-0.36609;2.961919;
HandLeft;1.142079;-0.3356144;2.987117;
Spine;1.256073;-0.07632807;3.257524;
HipCenter;1.229118;-0.15356;3.191408;
HipRight;1.238945;-0.2069219;3.140183;
HipLeft;1.218225;-0.1970919;3.236214;
KneeRight;1.383508;-0.6558126;3.112528;
KneeLeft;1.072881;-0.6746926;3.262147;
AnkleRight;1.614574;-1.007313;3.105212;
AnkleLeft;1.006801;-0.9983408;3.193944;
FootRight;1.586902;-1.048111;3.015136;
FootLeft;0.9791288;-1.039139;3.103868;
Head;1.406338;0.5651189;3.303066;
ShoulderCenter;1.338027;0.3833506;3.288166;
ShoulderRight;1.282351;0.2386559;3.125108;
ShoulderLeft;1.258521;0.2540811;3.159288;
ElbowRight;1.218608;-0.0189707;3.003324;
ElbowLeft;1.219266;-0.003971618;3.030547;
WristRight;1.157882;-0.282063;2.960692;
WristLeft;1.197609;-0.2388086;2.9645;
HandRight;1.142636;-0.354339;2.956902;
HandLeft;1.177163;-0.336736;2.962059;
Spine;1.322288;-0.08039726;3.262331;
HipCenter;1.266562;-0.1597385;3.21884;
HipRight;1.256126;-0.2175034;3.148526;
HipLeft;1.253546;-0.2189005;3.268058;
KneeRight;1.426513;-0.6619853;3.11714;
KneeLeft;1.092522;-0.6796628;3.264961;
AnkleRight;1.648716;-1.011014;3.139334;
AnkleLeft;1.007537;-0.9978218;3.194836;
FootRight;1.596931;-1.067963;3.098107;
FootLeft;1.023603;-1.081267;3.174749;
Head;1.479928;0.5505726;3.321116;
ShoulderCenter;1.388167;0.3769373;3.289608;
ShoulderRight;1.328826;0.218611;3.100697;
ShoulderLeft;1.29498;0.2447886;3.171512;
ElbowRight;1.256953;-0.05514842;2.995557;
ElbowLeft;1.277608;0.04290203;3.020432;
WristRight;1.203487;-0.3106185;2.955461;
WristLeft;1.255951;-0.191935;2.954416;
HandRight;1.165751;-0.3712121;2.936389;
HandLeft;1.233331;-0.2892661;2.951584;
Spine;1.372556;-0.08680183;3.259516;
HipCenter;1.311256;-0.1664367;3.224442;
HipRight;1.312275;-0.2265455;3.159878;
HipLeft;1.294094;-0.224261;3.271736;
KneeRight;1.464228;-0.6684255;3.117809;
KneeLeft;1.128068;-0.6846424;3.278514;
AnkleRight;1.64589;-1.010529;3.138318;
AnkleLeft;1.013695;-0.9885841;3.201579;
FootRight;1.600063;-1.072105;3.096678;
FootLeft;1.040287;-1.069146;3.180887;
Head;1.49608;0.5585127;3.304895;
ShoulderCenter;1.421685;0.3766758;3.276727;
ShoulderRight;1.407716;0.2126039;3.104899;
ShoulderLeft;1.354501;0.2531839;3.155338;
ElbowRight;1.320331;-0.01724552;2.99248;
ElbowLeft;1.315827;-0.01504308;3.013209;
WristRight;1.254306;-0.2977886;2.938229;
WristLeft;1.294032;-0.2508311;2.946784;
HandRight;1.219736;-0.3643991;2.930646;
HandLeft;1.271406;-0.3481888;2.943951;
Spine;1.408925;-0.08751187;3.243867;
HipCenter;1.365277;-0.165846;3.1878;
HipRight;1.372702;-0.2219577;3.128243;
HipLeft;1.346214;-0.2108576;3.228324;
KneeRight;1.514156;-0.6586193;3.121248;
KneeLeft;1.16832;-0.6773946;3.290268;
AnkleRight;1.642699;-1.01122;3.137494;
AnkleLeft;1.028614;-0.9792929;3.210019;
FootRight;1.651426;-1.080528;3.085019;
FootLeft;1.051406;-1.063067;3.200233;
Head;1.524277;0.5492862;3.245926;
ShoulderCenter;1.45552;0.3781984;3.270939;
ShoulderRight;1.428458;0.226263;3.097333;
ShoulderLeft;1.388421;0.2557552;3.153335;
ElbowRight;1.357158;-0.0188592;2.974957;
ElbowLeft;1.380219;-0.00468412;2.987527;
WristRight;1.311329;-0.2954407;2.926334;
WristLeft;1.358549;-0.2399117;2.921279;
HandRight;1.288866;-0.3653395;2.918085;
HandLeft;1.335931;-0.3372353;2.918447;
Spine;1.459569;-0.07563394;3.238425;
HipCenter;1.410145;-0.1537935;3.192841;
HipRight;1.410506;-0.2143994;3.131166;
HipLeft;1.397446;-0.2006336;3.235871;
KneeRight;1.537521;-0.6541487;3.120545;
KneeLeft;1.201622;-0.6813565;3.296834;
AnkleRight;1.642721;-1.010527;3.135951;
AnkleLeft;1.048824;-0.9855826;3.223559;
FootRight;1.642963;-1.087988;3.095474;
FootLeft;1.078419;-1.066687;3.20996;
Head;1.533968;0.564659;3.25276;
ShoulderCenter;1.504791;0.3737711;3.249424;
ShoulderRight;1.492527;0.2019092;3.090878;
ShoulderLeft;1.402194;0.2544128;3.151095;
ElbowRight;1.425999;-0.06947805;2.971674;
ElbowLeft;1.398044;-0.00939256;2.99282;
WristRight;1.371578;-0.3428894;2.936135;
WristLeft;1.376319;-0.248551;2.924715;
HandRight;1.345257;-0.4025634;2.901906;
HandLeft;1.35377;-0.3455796;2.921891;
Spine;1.490715;-0.04818202;3.250551;
HipCenter;1.455223;-0.1210023;3.195456;
HipRight;1.462317;-0.2158784;3.097272;
HipLeft;1.427812;-0.2059536;3.266075;
KneeRight;1.591678;-0.655741;3.121452;
KneeLeft;1.248141;-0.7188408;3.285002;
AnkleRight;1.644665;-1.0094;3.135242;
AnkleLeft;1.066381;-0.9891006;3.229161;
FootRight;1.648132;-1.086756;3.094784;
FootLeft;1.112407;-1.06291;3.221002;
Head;1.605031;0.5737758;3.262943;
ShoulderCenter;1.548185;0.387077;3.24971;
ShoulderRight;1.522429;0.2371257;3.08414;
ShoulderLeft;1.465907;0.2689328;3.147431;
ElbowRight;1.487302;-0.02070658;2.969207;
ElbowLeft;1.453048;-0.005006701;3.011872;
WristRight;1.458592;-0.3100525;2.912076;
WristLeft;1.431095;-0.246159;2.943472;
HandRight;1.451135;-0.3819162;2.899126;
HandLeft;1.464575;-0.2781338;2.878537;
Spine;1.562539;-0.05687032;3.226081;
HipCenter;1.517344;-0.1348742;3.177099;
HipRight;1.525422;-0.1970773;3.104336;
HipLeft;1.501229;-0.1999785;3.228406;
KneeRight;1.58716;-0.6486474;3.121774;
KneeLeft;1.326445;-0.7180699;3.24326;
AnkleRight;1.6456;-1.005595;3.131657;
AnkleLeft;1.12948;-0.9765037;3.239689;
FootRight;1.646137;-1.086617;3.099632;
FootLeft;1.156315;-1.057801;3.269292;
Head;1.657942;0.5657486;3.270483;
ShoulderCenter;1.570831;0.3895746;3.249126;
ShoulderRight;1.536737;0.2374182;3.080956;
ShoulderLeft;1.494635;0.261575;3.138517;
ElbowRight;1.530497;-0.03995934;2.955225;
ElbowLeft;1.515166;0.002320707;2.972375;
WristRight;1.534529;-0.3264582;2.91122;
WristLeft;1.541286;-0.2852221;2.904829;
HandRight;1.528895;-0.3949009;2.936734;
HandLeft;1.576925;-0.3409608;2.835589;
Spine;1.560202;-0.05741182;3.226178;
HipCenter;1.503993;-0.1327662;3.184458;
HipRight;1.500923;-0.1935831;3.123719;
HipLeft;1.481317;-0.1845568;3.23419;
KneeRight;1.58946;-0.6425828;3.120682;
KneeLeft;1.371527;-0.7028878;3.309546;
AnkleRight;1.648211;-1.006928;3.13181;
AnkleLeft;1.198982;-0.9776732;3.254028;
FootRight;1.644038;-1.089582;3.105723;
FootLeft;1.228138;-1.05655;3.275431;
Head;1.696428;0.5748519;3.271894;
ShoulderCenter;1.61693;0.3940817;3.242305;
ShoulderRight;1.579104;0.2331356;3.071748;
ShoulderLeft;1.523188;0.2853084;3.174747;
ElbowRight;1.583766;-0.0125156;2.951019;
ElbowLeft;1.555065;0.05282674;2.975355;
WristRight;1.586385;-0.2270847;2.902632;
WristLeft;1.581519;-0.2360444;2.913802;
HandRight;1.58076;-0.295412;2.928104;
HandLeft;1.615363;-0.2719956;2.848233;
Spine;1.577802;-0.05143944;3.227957;
HipCenter;1.517053;-0.1246433;3.191374;
HipRight;1.516309;-0.1928337;3.121737;
HipLeft;1.493751;-0.178959;3.248555;
KneeRight;1.588695;-0.6415682;3.121933;
KneeLeft;1.481549;-0.6517415;3.332919;
AnkleRight;1.64846;-1.007083;3.131546;
AnkleLeft;1.300864;-0.9147632;3.241293;
FootRight;1.641574;-1.089835;3.10731;
FootLeft;1.316853;-1.000938;3.269381;
Head;1.706437;0.598159;3.262941;
ShoulderCenter;1.665306;0.4073399;3.251633;
ShoulderRight;1.587878;0.2444198;3.067872;
ShoulderLeft;1.554618;0.2982106;3.180029;
ElbowRight;1.608286;0.03456283;2.956115;
ElbowLeft;1.587734;0.04357868;3.00692;
WristRight;1.621141;-0.1822044;2.944235;
WristLeft;1.616716;-0.1952348;2.952116;
HandRight;1.615525;-0.2504293;2.969668;
HandLeft;1.650196;-0.2272097;2.887181;
Spine;1.626139;-0.02720877;3.238684;
HipCenter;1.556865;-0.09822953;3.214024;
HipRight;1.53431;-0.1983794;3.115811;
HipLeft;1.534217;-0.1556951;3.298748;
KneeRight;1.580563;-0.6240445;3.182301;
KneeLeft;1.509825;-0.657236;3.248027;
AnkleRight;1.649367;-1.010483;3.130367;
AnkleLeft;1.384613;-0.9550159;3.246931;
FootRight;1.564253;-1.05237;3.093687;
FootLeft;1.45651;-0.948668;3.199347;
Head;1.752381;0.5894368;3.240956;
ShoulderCenter;1.677468;0.4129913;3.245837;
ShoulderRight;1.616718;0.2872067;3.078225;
ShoulderLeft;1.600722;0.290857;3.148549;
ElbowRight;1.611236;0.04227165;2.999617;
ElbowLeft;1.607023;0.02760527;3.033902;
WristRight;1.624095;-0.1745633;2.98774;
WristLeft;1.633502;-0.2049188;2.980026;
HandRight;1.618487;-0.2426873;3.013135;
HandLeft;1.666982;-0.2368936;2.91509;
Spine;1.647339;0.004980543;3.265657;
HipCenter;1.574052;-0.06334862;3.258806;
HipRight;1.545341;-0.1701295;3.180364;
HipLeft;1.561808;-0.1297888;3.338136;
KneeRight;1.603993;-0.6915034;3.119017;
KneeLeft;1.54124;-0.6334074;3.282129;
AnkleRight;1.651474;-1.01267;3.128447;
AnkleLeft;1.500799;-0.9539691;3.233631;
FootRight;1.630859;-1.094665;3.110693;
FootLeft;1.410956;-0.9960562;3.21157;
Head;1.797835;0.5934498;3.270224;
ShoulderCenter;1.700579;0.4236081;3.256684;
ShoulderRight;1.620206;0.2861378;3.082304;
ShoulderLeft;1.614536;0.3005148;3.157588;
ElbowRight;1.673362;0.03488837;3.058641;
ElbowLeft;1.62932;0.01190823;3.071869;
WristRight;1.686236;-0.1821941;3.046766;
WristLeft;1.657552;-0.2451489;3.014341;
HandRight;1.680637;-0.2502181;3.072125;
HandLeft;1.691032;-0.2771238;2.949405;
Spine;1.689715;0.02687699;3.235232;
HipCenter;1.618987;-0.04070567;3.226535;
HipRight;1.597633;-0.1559533;3.10638;
HipLeft;1.592708;-0.1389668;3.326424;
KneeRight;1.614503;-0.6127476;3.107026;
KneeLeft;1.614463;-0.6366202;3.272806;
AnkleRight;1.630885;-0.9832444;3.164791;
AnkleLeft;1.560873;-0.9553709;3.243411;
FootRight;1.640865;-1.055246;3.118176;
FootLeft;1.603844;-1.015529;3.333876;
Head;1.826993;0.4438985;3.193843;
ShoulderCenter;1.693334;0.4193169;3.292812;
ShoulderRight;1.639108;0.1811784;3.162227;
ShoulderLeft;1.607535;0.2981229;3.196602;
ElbowRight;1.714233;-0.01011446;3.061054;
ElbowLeft;1.639915;0.01794973;3.082855;
WristRight;1.699391;-0.2240914;3.081085;
WristLeft;1.670026;-0.2418823;3.021939;
HandRight;1.693799;-0.2920169;3.106406;
HandLeft;1.703506;-0.2738571;2.957004;
Spine;1.671819;-0.009757635;3.324297;
HipCenter;1.634163;-0.08816639;3.277627;
HipRight;1.633742;-0.2000345;3.157903;
HipLeft;1.613762;-0.1582174;3.384276;
KneeRight;1.616197;-0.6133287;3.107508;
KneeLeft;1.700254;-0.6246721;3.48341;
AnkleRight;1.659971;-1.007421;3.119981;
AnkleLeft;1.646712;-0.9431362;3.454018;
FootRight;1.62684;-1.08714;3.118766;
FootLeft;1.648792;-0.9777009;3.342458;
Head;1.725649;0.397558;3.293747;
ShoulderCenter;1.672488;0.1483665;3.28926;
ShoulderRight;1.668322;0.07536326;3.16406;
ShoulderLeft;1.656016;0.1852277;3.448549;
ElbowRight;1.832364;-0.0633659;3.102041;
ElbowLeft;1.67055;0.02303709;3.173729;
WristRight;1.673037;-0.2057055;3.125612;
WristLeft;1.700611;-0.2440606;3.069217;
HandRight;1.667453;-0.2735334;3.150898;
HandLeft;1.734091;-0.2760355;3.004282;
Spine;1.706143;-0.1098438;3.249335;
HipCenter;1.648053;-0.1551459;3.239864;
HipRight;1.63908;-0.2039557;3.156394;
HipLeft;1.636037;-0.2464875;3.294418;
KneeRight;1.624615;-0.6096874;3.112151;
KneeLeft;1.719835;-0.7288219;3.383939;
AnkleRight;1.659123;-1.001699;3.120563;
AnkleLeft;1.666344;-1.04698;3.354574;
FootRight;1.617853;-1.075915;3.135835;
FootLeft;1.668406;-1.081611;3.243115;
Head;1.735091;0.34962;3.278812;
ShoulderCenter;1.689638;0.1636361;3.284928;
ShoulderRight;1.707618;0.01576937;3.176096;
ShoulderLeft;1.673166;0.2004973;3.444217;
ElbowRight;1.662826;-0.1949792;3.121485;
ElbowLeft;1.685302;0.01997223;3.183083;
WristRight;1.857843;-0.1978397;3.20084;
WristLeft;1.71501;-0.2532837;3.078547;
HandRight;1.852268;-0.2655713;3.226089;
HandLeft;1.748491;-0.2852586;3.013611;
Spine;1.738615;-0.09251616;3.298989;
HipCenter;1.682191;-0.1434762;3.296491;
HipRight;1.691282;-0.2242717;3.214954;
HipLeft;1.664766;-0.232787;3.377022;
KneeRight;1.63411;-0.6188313;3.117928;
KneeLeft;1.765542;-0.6842352;3.517673;
AnkleRight;1.659149;-1.001812;3.120524;
AnkleLeft;1.712103;-1.002085;3.48834;
FootRight;1.61701;-1.076334;3.130167;
FootLeft;1.714145;-1.036754;3.377076;
Head;1.800477;0.4297759;3.284976;
ShoulderCenter;1.760452;0.291862;3.376451;
ShoulderRight;1.770488;0.1369215;3.269586;
ShoulderLeft;1.74398;0.3287233;3.53574;
ElbowRight;1.71124;-0.1003822;3.162137;
ElbowLeft;1.727026;0.1308975;3.28995;
WristRight;1.671596;-0.3125724;3.164934;
WristLeft;1.741831;-0.1369929;3.156605;
HandRight;1.666028;-0.3802059;3.190147;
HandLeft;1.778911;-0.2341174;3.062984;
Spine;1.773662;-0.09864545;3.368968;
HipCenter;1.712461;-0.1692792;3.359493;
HipRight;1.716997;-0.2191616;3.35931;
HipLeft;1.69826;-0.2068401;3.353997;
KneeRight;1.645543;-0.6266264;3.124772;
KneeLeft;1.650944;-0.7160064;3.134526;
AnkleRight;1.661778;-1.008558;3.123333;
AnkleLeft;1.648374;-1.036065;3.139517;
FootRight;1.571702;-1.051826;3.106304;
FootLeft;1.688138;-1.088068;3.083492;
Head;1.792012;0.2750309;3.412997;
ShoulderCenter;1.777243;0.02639608;3.422431;
ShoulderRight;1.787279;-0.1285445;3.315567;
ShoulderLeft;1.760771;0.06325729;3.581721;
ElbowRight;1.714974;-0.2811757;3.149136;
ElbowLeft;1.74268;-0.1102351;3.315392;
WristRight;1.681851;-0.4919741;3.173177;
WristLeft;1.758848;-0.3763861;3.177161;
HandRight;1.676291;-0.5595107;3.198354;
HandLeft;1.795034;-0.4529029;3.091666;
Spine;1.803341;-0.2299073;3.438715;
HipCenter;1.744624;-0.274092;3.434263;
HipRight;1.749641;-0.360215;3.366353;
HipLeft;1.723609;-0.3353441;3.500434;
KneeRight;1.6488;-0.6749681;3.113554;
KneeLeft;1.652811;-0.7298908;3.133346;
AnkleRight;1.667531;-1.011831;3.12392;
AnkleLeft;1.648992;-1.050105;3.133329;
FootRight;1.577434;-1.055233;3.107306;
FootLeft;1.703203;-1.071775;3.069951;
Head;1.825268;0.249482;3.395478;
ShoulderCenter;1.824206;0.1431289;3.517868;
ShoulderRight;1.812848;-0.02850792;3.344925;
ShoulderLeft;1.807734;0.1799902;3.677157;
ElbowRight;1.750235;-0.2918741;3.202074;
ElbowLeft;1.789665;0.006712675;3.411128;
WristRight;1.698913;-0.5520489;3.181636;
WristLeft;1.805779;-0.2590474;3.272916;
HandRight;1.693362;-0.6194898;3.206777;
HandLeft;1.841996;-0.33617;3.187113;
Spine;1.870513;-0.2049635;3.574974;
HipCenter;1.81447;-0.2732951;3.58834;
HipRight;1.800838;-0.3216487;3.612494;
HipLeft;1.825848;-0.3213478;3.576942;
KneeRight;1.677692;-0.6372718;3.163465;
KneeLeft;1.680673;-0.6951504;3.184692;
AnkleRight;1.605794;-0.8215467;2.880099;
AnkleLeft;1.6643;-1.015314;3.175904;
FootRight;1.518822;-0.8587656;2.889226;
FootLeft;1.676779;-1.057137;3.099399;
Head;1.865963;0.180135;3.51805;
ShoulderCenter;1.840964;-0.03252307;3.56269;
ShoulderRight;1.829606;-0.2041599;3.389747;
ShoulderLeft;1.824492;0.004338142;3.721979;
ElbowRight;1.767069;-0.4672065;3.247092;
ElbowLeft;1.806444;-0.1687291;3.456295;
WristRight;1.715671;-0.7277009;3.226547;
WristLeft;1.822506;-0.4341071;3.31813;
HandRight;1.710127;-0.7950472;3.251653;
HandLeft;1.858754;-0.511822;3.232025;
Spine;1.823515;-0.3753051;3.539063;
HipCenter;1.757134;-0.4292992;3.527982;
HipRight;1.745394;-0.4849325;3.524918;
HipLeft;1.74958;-0.4649891;3.519526;
KneeRight;1.686304;-0.675335;3.074803;
KneeLeft;1.669845;-0.745467;3.144757;
AnkleRight;1.639644;-0.8256857;2.701368;
AnkleLeft;1.637988;-1.016402;3.142828;
FootRight;1.548651;-0.8676622;2.686232;
FootLeft;1.676495;-1.081623;3.10179;
Head;1.873913;0.1033904;3.545365;
ShoulderCenter;1.848914;-0.1092677;3.590093;
ShoulderRight;1.837556;-0.2809045;3.41715;
ShoulderLeft;1.832442;-0.07240646;3.749382;
ElbowRight;1.908739;-0.1003501;3.483464;
ElbowLeft;1.814376;-0.2456557;3.483509;
WristRight;1.85701;-0.3404056;3.468179;
WristLeft;1.830483;-0.5113645;3.345359;
HandRight;1.851473;-0.4076584;3.49325;
HandLeft;1.866704;-0.5885666;3.259516;
Spine;1.83795;-0.3931035;3.538487;
HipCenter;1.773038;-0.4370874;3.522423;
HipRight;1.75898;-0.5110347;3.519703;
HipLeft;1.781696;-0.4560126;3.499168;
KneeRight;1.821836;-0.606158;3.040109;
KneeLeft;1.671305;-0.8089947;3.157762;
AnkleRight;1.871444;-0.6812328;2.643621;
AnkleLeft;1.629211;-1.018681;3.140677;
FootRight;1.781014;-0.7233181;2.625757;
FootLeft;1.667713;-1.083893;3.099645;
Head;1.926628;-0.1114138;3.523507;
ShoulderCenter;1.901629;-0.3240718;3.56831;
ShoulderRight;1.890271;-0.4957087;3.395367;
ShoulderLeft;1.885157;-0.2872106;3.7276;
ElbowRight;1.961528;-0.3149667;3.461832;
ElbowLeft;1.867072;-0.4606398;3.461532;
WristRight;1.909725;-0.5552098;3.446473;
WristLeft;1.883224;-0.7266757;3.323396;
HandRight;1.904196;-0.6223702;3.471509;
HandLeft;1.91942;-0.8033708;3.23781;
Spine;1.940309;-0.2170127;3.556929;
HipCenter;1.989183;-0.2383131;3.585828;
HipRight;2.033732;-0.2357467;3.598404;
HipLeft;2.013456;-0.1734679;3.575004;
KneeRight;1.863314;-0.5179561;3.236142;
KneeLeft;1.916155;-0.6203173;3.253431;
AnkleRight;1.728967;-0.7404325;2.932599;
AnkleLeft;1.62907;-1.025485;3.138037;
FootRight;1.781784;-0.8196365;2.967352;
FootLeft;1.667577;-1.090706;3.097001;
