Floor;-0.02165266;0.9997548;0.004617962;1.071759;
Head;1.315998;0.583048;3.354564;
ShoulderCenter;1.412538;0.3611029;3.304861;
ShoulderRight;1.465172;0.2346832;3.149367;
ShoulderLeft;1.333027;0.1866506;3.46824;
ElbowRight;1.568462;-0.03223914;3.016361;
ElbowLeft;1.310727;-0.0009787643;3.615568;
WristRight;1.607662;-0.2617705;2.94835;
WristLeft;1.09612;-0.1237379;3.590127;
HandRight;1.619521;-0.338643;2.93469;
HandLeft;1.002371;-0.1682816;3.564773;
Spine;1.371664;-0.007751405;3.242362;
HipCenter;1.363489;-0.08152227;3.23328;
HipRight;1.386241;-0.1337075;3.164851;
HipLeft;1.326776;-0.1553222;3.277354;
KneeRight;1.504241;-0.6563368;3.211741;
KneeLeft;1.265049;-0.675968;3.152596;
AnkleRight;1.698214;-1.011796;3.285056;
AnkleLeft;1.044114;-0.9949977;3.112842;
FootRight;1.571282;-1.017501;3.252931;
FootLeft;0.9477397;-1.042416;3.074745;
Head;1.267182;0.5492182;3.319672;
ShoulderCenter;1.39289;0.3520029;3.295062;
ShoulderRight;1.431521;0.2251579;3.13472;
ShoulderLeft;1.301445;0.2036906;3.408481;
ElbowRight;1.539816;-0.06805114;3.000867;
ElbowLeft;1.294375;0.001560247;3.60521;
WristRight;1.581573;-0.314482;2.941175;
WristLeft;1.075526;-0.1273096;3.584698;
HandRight;1.608687;-0.354733;2.955189;
HandLeft;0.9956043;-0.1686998;3.566793;
Spine;1.341885;-0.02405018;3.232451;
HipCenter;1.331358;-0.09952582;3.223459;
HipRight;1.34692;-0.1610831;3.151717;
HipLeft;1.297543;-0.1672716;3.270663;
KneeRight;1.408888;-0.5821219;3.172876;
KneeLeft;1.248977;-0.681142;3.154278;
AnkleRight;1.666354;-0.9806089;3.273444;
AnkleLeft;1.042338;-1.008702;3.122047;
FootRight;1.58809;-1.019763;3.2368;
FootLeft;0.9638919;-1.058512;3.089656;
Head;1.233478;0.5594416;3.302255;
ShoulderCenter;1.333814;0.3495761;3.277892;
ShoulderRight;1.38156;0.2147823;3.125601;
ShoulderLeft;1.242754;0.1919105;3.371546;
ElbowRight;1.494174;-0.07806109;2.997084;
ElbowLeft;1.212447;-0.02518052;3.584711;
WristRight;1.572213;-0.3080585;2.945729;
WristLeft;1.007258;-0.1560209;3.560558;
HandRight;1.595987;-0.3837061;2.957398;
HandLeft;0.9220067;-0.2182809;3.54968;
Spine;1.291582;-0.02257303;3.223565;
HipCenter;1.284283;-0.09706286;3.216329;
HipRight;1.314573;-0.1578713;3.147431;
HipLeft;1.244499;-0.1674077;3.263676;
KneeRight;1.430715;-0.6065877;3.198055;
KneeLeft;1.195569;-0.6714655;3.147662;
AnkleRight;1.673346;-0.9874713;3.282545;
AnkleLeft;1.042345;-1.008671;3.122269;
FootRight;1.721926;-1.049949;3.265694;
FootLeft;0.9551735;-1.074351;3.130747;
Head;1.202347;0.555167;3.324741;
ShoulderCenter;1.304649;0.3480085;3.262677;
ShoulderRight;1.335251;0.2169235;3.120386;
ShoulderLeft;1.200654;0.1933705;3.370468;
ElbowRight;1.422289;0.01178658;2.997702;
ElbowLeft;1.157041;-0.04806562;3.550486;
WristRight;1.500281;-0.3034543;2.941233;
WristLeft;0.9870555;-0.2191391;3.556638;
HandRight;1.546785;-0.4001922;2.943463;
HandLeft;0.939043;-0.2259304;3.549457;
Spine;1.249881;-0.04587846;3.208877;
HipCenter;1.240227;-0.124586;3.202355;
HipRight;1.262492;-0.1886691;3.128523;
HipLeft;1.200947;-0.1992422;3.255309;
KneeRight;1.403003;-0.6146166;3.199089;
KneeLeft;1.176455;-0.6712229;3.145747;
AnkleRight;1.64822;-0.9775242;3.284446;
AnkleLeft;1.037194;-1.01185;3.124202;
FootRight;1.628039;-1.048475;3.26355;
FootLeft;0.9532115;-1.070474;3.107782;
Head;1.143908;0.5554912;3.310645;
ShoulderCenter;1.255241;0.3550545;3.254619;
ShoulderRight;1.306595;0.219999;3.11643;
ShoulderLeft;1.1442;0.1778802;3.338208;
ElbowRight;1.373195;0.01145634;2.990281;
ElbowLeft;1.120662;-0.06061966;3.524749;
WristRight;1.450838;-0.3017696;2.943268;
WristLeft;0.9765685;-0.2447893;3.563063;
HandRight;1.480383;-0.3693026;2.954441;
HandLeft;0.9484294;-0.2669667;3.552891;
Spine;1.209621;-0.04423044;3.200633;
HipCenter;1.199303;-0.1239457;3.193188;
HipRight;1.228785;-0.1813231;3.125881;
HipLeft;1.152916;-0.1992275;3.23834;
KneeRight;1.328235;-0.6147497;3.170853;
KneeLeft;1.130297;-0.6720926;3.139791;
AnkleRight;1.603773;-0.9687973;3.285182;
AnkleLeft;1.036095;-1.01503;3.124117;
FootRight;1.537366;-1.005526;3.23839;
FootLeft;0.951787;-1.070796;3.106964;
Head;1.118607;0.5692585;3.292017;
ShoulderCenter;1.214915;0.3615828;3.262072;
ShoulderRight;1.25555;0.2369488;3.112228;
ShoulderLeft;1.081873;0.1776741;3.337277;
ElbowRight;1.33689;-0.05056821;2.977705;
ElbowLeft;1.093033;-0.07024217;3.508958;
WristRight;1.388894;-0.3268404;2.921595;
WristLeft;0.9834027;-0.2723743;3.546454;
HandRight;1.383363;-0.4176888;2.941753;
HandLeft;0.9564313;-0.3075512;3.517916;
Spine;1.18435;-0.04802462;3.187464;
HipCenter;1.17648;-0.1297485;3.176153;
HipRight;1.211932;-0.1819958;3.112731;
HipLeft;1.129241;-0.2075886;3.212772;
KneeRight;1.226725;-0.6127353;3.141732;
KneeLeft;1.118372;-0.6727471;3.139786;
AnkleRight;1.526856;-0.9477847;3.284122;
AnkleLeft;1.038135;-1.019077;3.123686;
FootRight;1.461627;-0.9842891;3.236603;
FootLeft;0.9533224;-1.073249;3.107945;
Head;1.097374;0.5825751;3.264274;
ShoulderCenter;1.167826;0.3812254;3.242505;
ShoulderRight;1.234374;0.2371207;3.10477;
ShoulderLeft;1.059793;0.1883611;3.307251;
ElbowRight;1.278925;-0.05557276;2.982719;
ElbowLeft;1.053754;-0.06057316;3.464233;
WristRight;1.303424;-0.3209491;2.913808;
WristLeft;1.002759;-0.2819005;3.525624;
HandRight;1.317051;-0.4184144;2.922767;
HandLeft;0.9792582;-0.3530141;3.528681;
Spine;1.135644;-0.0440404;3.166829;
HipCenter;1.129208;-0.1290936;3.155309;
HipRight;1.16251;-0.1753095;3.100848;
HipLeft;1.087295;-0.1966727;3.187029;
KneeRight;1.183292;-0.6056086;3.11564;
KneeLeft;1.093147;-0.6675076;3.13711;
AnkleRight;1.475462;-0.9157993;3.258002;
AnkleLeft;1.038844;-1.017093;3.123807;
FootRight;1.491309;-0.9972265;3.281196;
FootLeft;0.9526204;-1.073258;3.110759;
Head;1.034083;0.5619611;3.272132;
ShoulderCenter;1.139473;0.3741271;3.244293;
ShoulderRight;1.18371;0.2393333;3.099711;
ShoulderLeft;1.020011;0.1799507;3.304243;
ElbowRight;1.216536;-0.07203703;2.975252;
ElbowLeft;1.010314;-0.04863965;3.431892;
WristRight;1.224499;-0.3183298;2.907248;
WristLeft;1.008655;-0.279136;3.49046;
HandRight;1.211539;-0.3937039;2.934123;
HandLeft;0.9962603;-0.3505135;3.504217;
Spine;1.094419;-0.0357426;3.17032;
HipCenter;1.084329;-0.1168263;3.159272;
HipRight;1.115021;-0.1590359;3.106514;
HipLeft;1.040363;-0.1863666;3.189187;
KneeRight;1.14976;-0.6088583;3.107638;
KneeLeft;1.055939;-0.6763269;3.169908;
AnkleRight;1.391589;-0.9424839;3.285589;
AnkleLeft;1.035636;-1.027628;3.120763;
FootRight;1.388534;-1.013983;3.312216;
FootLeft;0.9589093;-1.084505;3.123525;
Head;1.011731;0.5962573;3.270307;
ShoulderCenter;1.101028;0.3982998;3.222879;
ShoulderRight;1.15817;0.2486465;3.089933;
ShoulderLeft;0.9905361;0.2147184;3.315;
ElbowRight;1.183241;0.02416539;2.984072;
ElbowLeft;0.9805613;0.0189594;3.458169;
WristRight;1.134776;-0.2867224;2.903564;
WristLeft;0.9795809;-0.2104299;3.508549;
HandRight;1.141847;-0.3734117;2.899257;
HandLeft;0.9717754;-0.2816883;3.521509;
Spine;1.036096;-0.024525;3.172087;
HipCenter;1.02311;-0.10909;3.165575;
HipRight;1.049611;-0.1638918;3.104206;
HipLeft;0.9773127;-0.1799331;3.20906;
KneeRight;1.085476;-0.6096689;3.102701;
KneeLeft;0.9982173;-0.6343479;3.220924;
AnkleRight;1.295728;-0.9479761;3.261332;
AnkleLeft;1.02233;-1.018701;3.119622;
FootRight;1.292686;-1.019163;3.287843;
FootLeft;0.9487169;-1.085702;3.1219;
Head;0.9613947;0.5901713;3.256106;
ShoulderCenter;1.06213;0.3971387;3.234059;
ShoulderRight;1.105413;0.2552038;3.084536;
ShoulderLeft;0.9463835;0.2163612;3.299669;
ElbowRight;1.127691;0.02600473;2.982691;
ElbowLeft;0.9381478;0.01944007;3.442608;
WristRight;1.032263;-0.2637512;2.914011;
WristLeft;0.9371763;-0.2078538;3.492306;
HandRight;1.001493;-0.3580361;2.916336;
HandLeft;0.9293194;-0.2795811;3.505352;
Spine;1.005359;-0.009972727;3.177378;
HipCenter;0.9930275;-0.09119129;3.169924;
HipRight;1.015726;-0.1432377;3.114686;
HipLeft;0.9501454;-0.1568294;3.206698;
KneeRight;1.071187;-0.6121022;3.103776;
KneeLeft;0.9125388;-0.6149719;3.30482;
AnkleRight;1.055901;-0.997148;3.108459;
AnkleLeft;1.022232;-1.0183;3.119489;
FootRight;0.9828435;-1.069111;3.133059;
FootLeft;0.948634;-1.085321;3.121704;
Head;0.9375592;0.5947724;3.262107;
ShoulderCenter;1.032384;0.3961549;3.224597;
ShoulderRight;1.079058;0.2549589;3.077791;
ShoulderLeft;0.9012115;0.2153547;3.270216;
ElbowRight;1.073606;0.02752914;2.971704;
ElbowLeft;0.8922463;0.0184048;3.412771;
WristRight;0.9462433;-0.2581186;2.903846;
WristLeft;0.8912826;-0.2070747;3.461907;
HandRight;0.9003214;-0.3451496;2.91849;
HandLeft;0.8834034;-0.2790052;3.47499;
Spine;0.9657195;-0.03769395;3.163516;
HipCenter;0.9539567;-0.1244118;3.15549;
HipRight;0.9948361;-0.1593962;3.114046;
HipLeft;0.9077156;-0.1807213;3.182005;
KneeRight;1.045444;-0.617514;3.10273;
KneeLeft;0.8859279;-0.629591;3.305228;
AnkleRight;1.054814;-0.9914315;3.105716;
AnkleLeft;1.007503;-0.9932871;3.229813;
FootRight;0.9846224;-1.070413;3.133044;
FootLeft;0.9924982;-1.083668;3.289125;
Head;0.889075;0.5891884;3.254873;
ShoulderCenter;0.9750038;0.3969161;3.219962;
ShoulderRight;1.030879;0.266104;3.073394;
ShoulderLeft;0.852102;0.2163669;3.268153;
ElbowRight;1.023286;0.03143248;2.95614;
ElbowLeft;0.8431368;0.019417;3.410783;
WristRight;0.8610255;-0.2351408;2.895955;
WristLeft;0.8277534;-0.2728279;3.278356;
HandRight;0.792951;-0.3194101;2.885734;
HandLeft;0.8199521;-0.3440472;3.291309;
Spine;0.9414014;-0.02234476;3.154002;
HipCenter;0.9324831;-0.106157;3.144399;
HipRight;0.9675909;-0.1419449;3.08938;
HipLeft;0.8880676;-0.1755442;3.177427;
KneeRight;1.028511;-0.6227698;3.098;
KneeLeft;0.8421155;-0.6415958;3.298616;
AnkleRight;1.054634;-0.9915698;3.105582;
AnkleLeft;0.9655075;-0.9940317;3.270377;
FootRight;0.9823909;-1.070871;3.13144;
FootLeft;0.9111676;-1.069687;3.263665;
Head;0.9235628;0.6288114;3.249074;
ShoulderCenter;0.9442842;0.4227353;3.210422;
ShoulderRight;1.004662;0.2721321;3.068519;
ShoulderLeft;0.8207799;0.2423776;3.258531;
ElbowRight;0.9659652;0.03671271;2.944794;
ElbowLeft;0.8118147;0.04542759;3.40118;
WristRight;0.77942;-0.2087147;2.870175;
WristLeft;0.7970542;-0.245652;3.269375;
HandRight;0.7157173;-0.2804571;2.858832;
HandLeft;0.7893261;-0.316204;3.282208;
Spine;0.9099345;-0.01333415;3.147864;
HipCenter;0.9036323;-0.1003385;3.139102;
HipRight;0.9449465;-0.1349878;3.091679;
HipLeft;0.8517011;-0.1666468;3.167179;
KneeRight;1.019527;-0.6211103;3.094013;
KneeLeft;0.8124936;-0.6549233;3.292661;
AnkleRight;1.051779;-0.9920855;3.104474;
AnkleLeft;0.8915721;-1.018699;3.286177;
FootRight;0.9795954;-1.072416;3.132434;
FootLeft;0.8051926;-1.068228;3.291528;
Head;0.8184495;0.584681;3.253417;
ShoulderCenter;0.904572;0.3953815;3.199446;
ShoulderRight;0.948943;0.2557954;3.050678;
ShoulderLeft;0.7812959;0.2148748;3.247633;
ElbowRight;0.8910719;0.02336979;2.921378;
ElbowLeft;0.7723307;0.01792486;3.390469;
WristRight;0.6734598;-0.1967736;2.860542;
WristLeft;0.7574068;-0.2721256;3.259047;
HandRight;0.5795186;-0.2410813;2.862355;
HandLeft;0.7497197;-0.3423034;3.271811;
Spine;0.8804963;-0.02146654;3.133159;
HipCenter;0.8745887;-0.1057158;3.123293;
HipRight;0.9110563;-0.1441907;3.060373;
HipLeft;0.8268702;-0.1768206;3.161352;
KneeRight;1.004508;-0.6190138;3.099642;
KneeLeft;0.7439201;-0.6554673;3.285863;
AnkleRight;1.048645;-0.9910445;3.103903;
AnkleLeft;0.7653943;-1.027227;3.28209;
FootRight;0.9773049;-1.071945;3.130115;
FootLeft;0.6658428;-1.072273;3.314325;
Head;0.7941358;0.5927567;3.275129;
ShoulderCenter;0.8611649;0.4025454;3.201246;
ShoulderRight;0.920948;0.2574824;3.048727;
ShoulderLeft;0.7378096;0.2220129;3.249422;
ElbowRight;0.8384622;0.02132933;2.909858;
ElbowLeft;0.7288443;0.02506297;3.391973;
WristRight;0.6043318;-0.1826482;2.859003;
WristLeft;0.7140085;-0.2646617;3.260537;
HandRight;0.5068271;-0.2134462;2.878746;
HandLeft;0.7063498;-0.334579;3.273254;
Spine;0.8447502;-0.02843879;3.134852;
HipCenter;0.841648;-0.1143411;3.1252;
HipRight;0.8649519;-0.1478138;3.094158;
HipLeft;0.8083743;-0.1777956;3.147023;
KneeRight;0.9614857;-0.6373497;3.13396;
KneeLeft;0.7186356;-0.6518005;3.274417;
AnkleRight;1.040348;-1.001647;3.11036;
AnkleLeft;0.6392988;-1.016564;3.267567;
FootRight;0.9755464;-1.075235;3.12697;
FootLeft;0.5357379;-1.063566;3.283828;
Head;0.7413034;0.5773031;3.263511;
ShoulderCenter;0.8321659;0.3945552;3.199766;
ShoulderRight;0.8663772;0.2526737;3.042714;
ShoulderLeft;0.7088591;0.2140227;3.247943;
ElbowRight;0.7910969;0.01961291;2.893389;
ElbowLeft;0.6998939;0.01707276;3.390298;
WristRight;0.5369586;-0.1602263;2.854479;
WristLeft;0.6589056;-0.2779323;3.281419;
HandRight;0.4750659;-0.1833494;2.879444;
HandLeft;0.6513376;-0.3470225;3.293985;
Spine;0.8003442;-0.0448713;3.131007;
HipCenter;0.7942956;-0.1327976;3.120938;
HipRight;0.829497;-0.1637827;3.084464;
HipLeft;0.7578186;-0.1951432;3.141663;
KneeRight;0.9511696;-0.6354547;3.132163;
KneeLeft;0.6568117;-0.6588788;3.265631;
AnkleRight;1.038846;-0.9998759;3.110289;
AnkleLeft;0.5158775;-0.9903566;3.241847;
FootRight;0.9722669;-1.073978;3.125732;
FootLeft;0.4351539;-1.035014;3.222533;
Head;0.6817238;0.5649609;3.250633;
ShoulderCenter;0.7815933;0.384905;3.19734;
ShoulderRight;0.8369172;0.2485138;3.039231;
ShoulderLeft;0.6582715;0.2043644;3.245515;
ElbowRight;0.7310939;0.01060659;2.88445;
ElbowLeft;0.6493063;0.007414512;3.387718;
WristRight;0.4801083;-0.1624235;2.850092;
WristLeft;0.6208538;-0.2891335;3.278107;
HandRight;0.4089059;-0.1858136;2.87032;
HandLeft;0.6133333;-0.3577902;3.290595;
Spine;0.7680193;-0.04894799;3.130795;
HipCenter;0.7648667;-0.1359434;3.12111;
HipRight;0.7925079;-0.1741495;3.072266;
HipLeft;0.7236063;-0.2078447;3.150372;
KneeRight;0.9313176;-0.639639;3.131048;
KneeLeft;0.6007959;-0.6698223;3.264364;
AnkleRight;1.03572;-1.001079;3.110312;
AnkleLeft;0.4458381;-0.9970498;3.235408;
FootRight;0.9801151;-1.066602;3.113733;
FootLeft;0.3329288;-1.024748;3.230518;
Head;0.6434127;0.5973593;3.25501;
ShoulderCenter;0.7367286;0.4124734;3.19855;
ShoulderRight;0.7914745;0.2554874;3.04386;
ShoulderLeft;0.6134068;0.2319328;3.246725;
ElbowRight;0.6891205;0.009989314;2.877042;
ElbowLeft;0.6044416;0.03498291;3.388747;
WristRight;0.4448808;-0.1484183;2.845085;
WristLeft;0.5705985;-0.2616118;3.279043;
HandRight;0.3891551;-0.1828198;2.868603;
HandLeft;0.5631426;-0.3296781;3.291423;
Spine;0.7119649;-0.0255342;3.142096;
HipCenter;0.7070122;-0.1131357;3.13455;
HipRight;0.7371988;-0.1473312;3.117852;
HipLeft;0.6721501;-0.161636;3.138769;
KneeRight;0.8852777;-0.6166579;3.120152;
KneeLeft;0.5894594;-0.6600958;3.257863;
AnkleRight;1.034282;-0.9973657;3.107296;
AnkleLeft;0.3832557;-1.03344;3.216852;
FootRight;0.9598917;-1.069792;3.127623;
FootLeft;0.2739667;-1.039199;3.218423;
Head;0.5947669;0.5690362;3.246114;
ShoulderCenter;0.6913724;0.3843873;3.192755;
ShoulderRight;0.7365143;0.2327573;3.034187;
ShoulderLeft;0.5680506;0.2038467;3.24093;
ElbowRight;0.6261776;-0.01868801;2.874632;
ElbowLeft;0.5590854;0.006896786;3.382819;
WristRight;0.4091413;-0.1506822;2.844459;
WristLeft;0.5276582;-0.1956832;3.144525;
HandRight;0.3385356;-0.1829839;2.870535;
HandLeft;0.5202256;-0.2635373;3.156867;
Spine;0.6675068;-0.05214178;3.134889;
HipCenter;0.6627337;-0.1394476;3.127078;
HipRight;0.6929539;-0.1814907;3.083925;
HipLeft;0.6267206;-0.2033614;3.153833;
KneeRight;0.8823992;-0.6164809;3.116104;
KneeLeft;0.5317604;-0.6642525;3.246491;
AnkleRight;1.028553;-0.9909033;3.103172;
AnkleLeft;0.3833459;-1.034427;3.213676;
FootRight;0.955557;-1.071433;3.126513;
FootLeft;0.2715547;-1.073533;3.212471;
Head;0.6360232;0.6158409;3.260734;
ShoulderCenter;0.6514735;0.4120981;3.191598;
ShoulderRight;0.697986;0.2330755;3.034339;
ShoulderLeft;0.5281518;0.2315576;3.239774;
ElbowRight;0.6334881;-0.0110103;2.88528;
ElbowLeft;0.5191866;0.03460767;3.3815;
WristRight;0.3584694;-0.1610304;2.855762;
WristLeft;0.4715343;-0.211542;3.177672;
HandRight;0.275151;-0.1787995;2.89417;
HandLeft;0.4641201;-0.2792275;3.189982;
Spine;0.634977;-0.05241031;3.129202;
HipCenter;0.6298196;-0.1444139;3.120348;
HipRight;0.660062;-0.1840745;3.084697;
HipLeft;0.5949402;-0.2002282;3.140831;
KneeRight;0.8560249;-0.6186846;3.101232;
KneeLeft;0.505895;-0.6582175;3.235073;
AnkleRight;1.022768;-0.9904051;3.100457;
AnkleLeft;0.383486;-1.032062;3.20486;
FootRight;0.9520253;-1.072547;3.125533;
FootLeft;0.2729401;-1.077184;3.215695;
Head;0.5865937;0.5729898;3.251812;
ShoulderCenter;0.6094887;0.3729275;3.191672;
ShoulderRight;0.6616864;0.2308236;3.034544;
ShoulderLeft;0.486167;0.1923869;3.239847;
ElbowRight;0.5673654;-0.04093705;2.891743;
ElbowLeft;0.4772018;-0.004563011;3.381433;
WristRight;0.339049;-0.1737651;2.860564;
WristLeft;0.4300273;-0.2514859;3.177257;
HandRight;0.2688012;-0.192966;2.887731;
HandLeft;0.4226457;-0.3188742;3.189514;
Spine;0.5922224;-0.04906073;3.129437;
HipCenter;0.5878101;-0.1339204;3.120774;
HipRight;0.6156031;-0.1790734;3.071841;
HipLeft;0.553014;-0.2026203;3.149772;
KneeRight;0.8171459;-0.6480173;3.091104;
KneeLeft;0.4577431;-0.6711461;3.241083;
AnkleRight;1.011373;-0.9943672;3.097301;
AnkleLeft;0.3831528;-1.026046;3.195863;
FootRight;0.94928;-1.076041;3.130332;
FootLeft;0.3108341;-1.074656;3.183892;
Head;0.4572344;0.5370754;3.230236;
ShoulderCenter;0.5778541;0.3742305;3.189521;
ShoulderRight;0.619403;0.2355984;3.038448;
ShoulderLeft;0.4545324;0.1936899;3.237696;
ElbowRight;0.5579612;0.001569452;2.893448;
ElbowLeft;0.4455672;-0.003260003;3.379148;
WristRight;0.3301756;-0.1839839;2.861857;
WristLeft;0.3984596;-0.2498328;3.17517;
HandRight;0.2590572;-0.2179828;2.877471;
HandLeft;0.3911029;-0.3169944;3.187386;
Spine;0.5586833;-0.05486751;3.122027;
HipCenter;0.5552422;-0.1407248;3.112432;
HipRight;0.5851262;-0.1895145;3.056538;
HipLeft;0.5179625;-0.2144762;3.145826;
KneeRight;0.7895794;-0.6643246;3.083844;
KneeLeft;0.4416862;-0.6623896;3.239738;
AnkleRight;0.9615944;-0.9958636;3.091321;
AnkleLeft;0.3824968;-1.023588;3.195901;
FootRight;0.9259623;-1.077481;3.109664;
FootLeft;0.2857643;-1.084898;3.21482;
Head;0.4403321;0.494244;3.227077;
ShoulderCenter;0.5311921;0.3167708;3.184151;
ShoulderRight;0.5774919;0.2346757;3.035797;
ShoulderLeft;0.4078704;0.1362303;3.232327;
ElbowRight;0.4995013;-0.04916628;2.902044;
ElbowLeft;0.4065793;-0.113848;3.369347;
WristRight;0.309049;-0.2215286;2.869713;
WristLeft;0.3344916;-0.4060789;3.271981;
HandRight;0.2531807;-0.2673425;2.869859;
HandLeft;0.3271715;-0.4729051;3.284136;
Spine;0.5234076;-0.09915136;3.106098;
HipCenter;0.5218507;-0.1823358;3.094305;
HipRight;0.5649078;-0.2072181;3.0497;
HipLeft;0.4837107;-0.2588733;3.118546;
KneeRight;0.6835806;-0.6518269;3.071704;
KneeLeft;0.3979563;-0.6888239;3.240709;
AnkleRight;0.9298196;-0.9892611;3.098121;
AnkleLeft;0.382642;-1.023711;3.195732;
FootRight;0.9129975;-1.074289;3.094469;
FootLeft;0.3290844;-1.091957;3.195288;
Head;0.405558;0.476252;3.221677;
ShoulderCenter;0.4878301;0.2979832;3.157623;
ShoulderRight;0.5273193;0.2408365;3.038632;
ShoulderLeft;0.3645083;0.1174427;3.205798;
ElbowRight;0.4939807;-0.04913633;2.904155;
ElbowLeft;0.3632173;-0.1326356;3.343056;
WristRight;0.3149994;-0.2315283;2.870227;
WristLeft;0.2915956;-0.4229768;3.246339;
HandRight;0.2582202;-0.2943454;2.871093;
HandLeft;0.28429;-0.4896716;3.25847;
Spine;0.4913152;-0.08287086;3.084014;
HipCenter;0.490012;-0.1584104;3.071773;
HipRight;0.5215074;-0.195655;3.024363;
HipLeft;0.4573257;-0.2340553;3.093161;
KneeRight;0.6437594;-0.665063;3.06534;
KneeLeft;0.3626664;-0.6699739;3.230211;
AnkleRight;0.8588812;-0.9856982;3.093868;
AnkleLeft;0.3794486;-1.009911;3.201327;
FootRight;0.7894035;-1.027732;3.034268;
FootLeft;0.3251853;-1.082325;3.202987;
Head;0.328025;0.5461235;3.234394;
ShoulderCenter;0.4497947;0.390028;3.182639;
ShoulderRight;0.5084975;0.2482665;3.040065;
ShoulderLeft;0.3264729;0.2094874;3.230814;
ElbowRight;0.4738296;-0.04534051;2.911375;
ElbowLeft;0.3251818;-0.04059082;3.368077;
WristRight;0.3386401;-0.2584525;2.876179;
WristLeft;0.2531729;-0.3325022;3.270923;
HandRight;0.2771609;-0.3271289;2.881034;
HandLeft;0.2458628;-0.399238;3.283062;
Spine;0.4228539;-0.06518848;3.13294;
HipCenter;0.4174658;-0.1562318;3.126787;
HipRight;0.4587167;-0.1872981;3.086314;
HipLeft;0.3705062;-0.2216251;3.154663;
KneeRight;0.5741482;-0.6674821;3.053095;
KneeLeft;0.3223459;-0.6603715;3.222765;
AnkleRight;0.7710152;-0.9441164;3.071581;
AnkleLeft;0.3779176;-1.010669;3.203725;
FootRight;0.7722561;-1.043415;3.112629;
FootLeft;0.324496;-1.077312;3.205563;
Head;0.2955666;0.5543267;3.237335;
ShoulderCenter;0.4144446;0.394764;3.190485;
ShoulderRight;0.4696244;0.2600279;3.042144;
ShoulderLeft;0.2911228;0.2142235;3.238661;
ElbowRight;0.438513;-0.009497101;2.91625;
ElbowLeft;0.2898318;-0.03585477;3.375915;
WristRight;0.3599089;-0.256493;2.871759;
WristLeft;0.2553099;-0.3414733;3.30438;
HandRight;0.3294139;-0.338552;2.883215;
HandLeft;0.2052727;-0.6267025;3.279926;
Spine;0.3875433;-0.05577028;3.136363;
HipCenter;0.3820327;-0.145836;3.129333;
HipRight;0.4226059;-0.1862743;3.083422;
HipLeft;0.3360609;-0.2143368;3.159715;
KneeRight;0.5441316;-0.6605085;3.046948;
KneeLeft;0.3134135;-0.6471705;3.126511;
AnkleRight;0.6904761;-0.9516394;3.077195;
AnkleLeft;0.3784993;-1.010641;3.204008;
FootRight;0.6524705;-1.027143;3.071804;
FootLeft;0.3277831;-1.078472;3.202981;
Head;0.2536234;0.5558351;3.246782;
ShoulderCenter;0.3758056;0.3980171;3.191458;
ShoulderRight;0.4524311;0.2678038;3.041629;
ShoulderLeft;0.2524838;0.2174766;3.239634;
ElbowRight;0.4261448;0.03956722;2.926651;
ElbowLeft;0.2511927;-0.03260168;3.376918;
WristRight;0.3655815;-0.2536855;2.87527;
WristLeft;0.237046;-0.2573198;3.14449;
HandRight;0.3842001;-0.3227828;2.860375;
HandLeft;0.2087112;-0.3555747;3.145214;
Spine;0.3507372;-0.04693966;3.133684;
HipCenter;0.3456748;-0.1359331;3.125921;
HipRight;0.3922636;-0.17691;3.092577;
HipLeft;0.2895069;-0.1935551;3.140917;
KneeRight;0.4874367;-0.6497447;3.050266;
KneeLeft;0.3373033;-0.6987645;3.051135;
AnkleRight;0.5656098;-0.9644213;3.082007;
AnkleLeft;0.3801053;-1.010934;3.20559;
FootRight;0.55973;-1.046236;3.060272;
FootLeft;0.3283421;-1.078111;3.202677;
Head;0.2123475;0.5612285;3.250425;
ShoulderCenter;0.3302808;0.3984944;3.196638;
ShoulderRight;0.3925637;0.2681834;3.038481;
ShoulderLeft;0.2069591;0.2179539;3.244813;
ElbowRight;0.4215682;0.04171109;2.928772;
ElbowLeft;0.205668;-0.0321244;3.382124;
WristRight;0.3837177;-0.2241838;2.880908;
WristLeft;0.1909774;-0.1963664;3.136223;
HandRight;0.3889076;-0.3151071;2.862043;
HandLeft;0.1633757;-0.2829767;3.148188;
Spine;0.3001793;-0.03010262;3.1278;
HipCenter;0.2945643;-0.1158263;3.117767;
HipRight;0.3354066;-0.1582161;3.075308;
HipLeft;0.251115;-0.1812536;3.140677;
KneeRight;0.391353;-0.6688273;3.055209;
KneeLeft;0.217612;-0.6103081;3.042208;
AnkleRight;0.4668353;-0.9878481;3.085878;
AnkleLeft;0.3617136;-0.9903462;3.198212;
FootRight;0.4218022;-1.058452;3.077084;
FootLeft;0.3209543;-1.074687;3.18282;
Head;0.1803549;0.5615158;3.252105;
ShoulderCenter;0.305448;0.4036886;3.189889;
ShoulderRight;0.3634988;0.2727089;3.041936;
ShoulderLeft;0.1821263;0.2231481;3.238064;
ElbowRight;0.4045149;0.04220964;2.933536;
ElbowLeft;0.1808352;-0.02693019;3.375396;
WristRight;0.3923824;-0.2348084;2.882282;
WristLeft;0.1097724;-0.2601738;3.540401;
HandRight;0.4101601;-0.3253037;2.87336;
HandLeft;0.07890125;-0.317061;3.562783;
Spine;0.2667084;-0.03607966;3.128768;
HipCenter;0.2577485;-0.1246505;3.120658;
HipRight;0.2962148;-0.1712825;3.088691;
HipLeft;0.2052399;-0.1732892;3.138256;
KneeRight;0.2787062;-0.6368924;3.067004;
KneeLeft;0.1785079;-0.6501099;3.048637;
AnkleRight;0.3694582;-0.9954924;3.094241;
AnkleLeft;0.3143997;-1.03266;3.208282;
FootRight;0.2779799;-1.065494;3.096267;
FootLeft;0.2250304;-1.104349;3.216397;
Head;0.1335744;0.5686277;3.246359;
ShoulderCenter;0.2556196;0.4067008;3.19486;
ShoulderRight;0.3272767;0.2669088;3.040145;
ShoulderLeft;0.1322979;0.2261602;3.243035;
ElbowRight;0.3919728;0.03258365;2.937207;
ElbowLeft;0.1310068;-0.02391803;3.380278;
WristRight;0.4188372;-0.2764706;2.880592;
WristLeft;0.0473903;-0.2226761;3.530857;
HandRight;0.4382287;-0.3575054;2.887298;
HandLeft;0.01197379;-0.2781276;3.548831;
Spine;0.2363469;-0.04139014;3.116338;
HipCenter;0.2311889;-0.1308368;3.105104;
HipRight;0.2679232;-0.1777307;3.068424;
HipLeft;0.187849;-0.1812467;3.123823;
KneeRight;0.4127151;-0.6625347;3.197119;
KneeLeft;0.1738472;-0.6328625;3.059587;
AnkleRight;0.3158071;-1.028698;3.129364;
AnkleLeft;0.3100406;-1.016262;3.219566;
FootRight;0.2086672;-1.063646;3.104388;
FootLeft;0.2208355;-1.045534;3.152411;
Head;0.09312311;0.5539955;3.242944;
ShoulderCenter;0.2222244;0.396845;3.195873;
ShoulderRight;0.2745378;0.2614304;3.050524;
ShoulderLeft;0.09890259;0.2163045;3.244048;
ElbowRight;0.3572062;-0.006857451;2.938365;
ElbowLeft;0.09761155;-0.03377379;3.381278;
WristRight;0.4192745;-0.2839071;2.879616;
WristLeft;-0.01937186;-0.2050701;3.529004;
HandRight;0.4397478;-0.3566108;2.887314;
HandLeft;-0.07118492;-0.2560559;3.541199;
Spine;0.1878727;-0.0490793;3.135201;
HipCenter;0.1823255;-0.1378737;3.126819;
HipRight;0.2238637;-0.1848098;3.084437;
HipLeft;0.135362;-0.1966887;3.151915;
KneeRight;0.3697554;-0.6942219;3.197408;
KneeLeft;0.1127152;-0.6528736;3.07566;
AnkleRight;0.3722654;-1.03138;3.206531;
AnkleLeft;0.09120275;-1.018373;3.06946;
FootRight;0.260864;-1.050409;3.182467;
FootLeft;0.009046486;-1.083269;3.1055;
Head;0.05888999;0.5739183;3.237463;
ShoulderCenter;0.1692751;0.4023893;3.193775;
ShoulderRight;0.2502226;0.2633408;3.054546;
ShoulderLeft;0.0459533;0.2218488;3.24195;
ElbowRight;0.3319007;0.01246428;2.945288;
ElbowLeft;0.04466227;-0.02822948;3.379121;
WristRight;0.4196092;-0.2836546;2.88056;
WristLeft;-0.0866163;-0.1911378;3.519187;
HandRight;0.4395799;-0.3564771;2.887603;
HandLeft;-0.1418332;-0.2411691;3.525413;
Spine;0.2036905;-0.06102141;3.158804;
HipCenter;0.1608067;-0.1433671;3.10584;
HipRight;0.2080169;-0.1858453;3.075919;
HipLeft;0.1102037;-0.1993611;3.111502;
KneeRight;0.3501979;-0.6773737;3.204346;
KneeLeft;0.04568545;-0.669803;3.087779;
AnkleRight;0.3757434;-1.024165;3.205224;
AnkleLeft;-0.02065439;-1.037638;3.087336;
FootRight;0.3658219;-1.103198;3.174088;
FootLeft;-0.097261;-1.074192;3.097795;
Head;0.007614516;0.5320194;3.233652;
ShoulderCenter;0.1322511;0.3695937;3.185917;
ShoulderRight;0.1951535;0.2518865;3.054126;
ShoulderLeft;0.008929312;0.1890532;3.234092;
ElbowRight;0.3069659;0.008808265;2.948234;
ElbowLeft;0.007638276;-0.06102508;3.371255;
WristRight;0.4169387;-0.2817822;2.882215;
WristLeft;-0.1386113;-0.1873797;3.515627;
HandRight;0.4397938;-0.3553428;2.888949;
HandLeft;-0.2005478;-0.2192293;3.519307;
Spine;0.1777569;-0.06067276;3.150863;
HipCenter;0.1367256;-0.1394438;3.099841;
HipRight;0.1721399;-0.1853951;3.05507;
HipLeft;0.09571348;-0.1988068;3.115938;
KneeRight;0.3403719;-0.6758753;3.207701;
KneeLeft;0.02263044;-0.6696104;3.093115;
AnkleRight;0.3766208;-1.023118;3.204252;
AnkleLeft;-0.152366;-1.03799;3.098788;
FootRight;0.3456299;-1.094513;3.169952;
FootLeft;-0.2557606;-1.08065;3.125832;
Head;-0.03679033;0.5536962;3.230179;
ShoulderCenter;0.08351088;0.3872693;3.191695;
ShoulderRight;0.1699991;0.2531887;3.048673;
ShoulderLeft;-0.0398109;0.2067288;3.239871;
ElbowRight;0.2570619;0.0187196;2.946506;
ElbowLeft;-0.005583122;-0.08175051;3.333431;
WristRight;0.3982962;-0.2607446;2.889086;
WristLeft;-0.1865238;-0.1771785;3.510491;
HandRight;0.4189873;-0.3246857;2.895609;
HandLeft;-0.2590761;-0.2215993;3.528059;
Spine;0.173788;-0.05791663;3.152056;
HipCenter;0.1365427;-0.1398285;3.098945;
HipRight;0.1786425;-0.1906876;3.042278;
HipLeft;0.09820598;-0.2119116;3.120855;
KneeRight;0.3154435;-0.6805678;3.208565;
KneeLeft;-0.01157382;-0.6702585;3.100186;
AnkleRight;0.3769618;-1.022596;3.203586;
AnkleLeft;-0.2337518;-1.028324;3.109915;
FootRight;0.3090017;-1.066953;3.179246;
FootLeft;-0.3250614;-1.072969;3.130407;
Head;-0.07588275;0.5293105;3.224103;
ShoulderCenter;0.04867796;0.3686576;3.180948;
ShoulderRight;0.113711;0.2316097;3.042841;
ShoulderLeft;-0.07464381;0.188117;3.229123;
ElbowRight;0.2355413;-0.01491077;2.952045;
ElbowLeft;0.03354435;-0.06018673;3.151242;
WristRight;0.3848542;-0.289208;2.895819;
WristLeft;-0.1560532;-0.1427754;3.373266;
HandRight;0.406494;-0.3517441;2.908376;
HandLeft;-0.2130713;-0.1770238;3.38388;
Spine;0.1348421;-0.1005015;3.142154;
HipCenter;0.1038316;-0.1895203;3.089911;
HipRight;0.1534289;-0.219705;3.050598;
HipLeft;0.06855205;-0.2608499;3.108191;
KneeRight;0.2918426;-0.6873016;3.210341;
KneeLeft;-0.07827253;-0.7007444;3.110296;
AnkleRight;0.3766857;-1.02091;3.202821;
AnkleLeft;-0.2642334;-1.010015;3.146442;
FootRight;0.2911243;-1.084086;3.224777;
FootLeft;-0.3663979;-1.064029;3.147773;
Head;-0.1328099;0.5233555;3.219881;
ShoulderCenter;-0.004959699;0.3644462;3.178375;
ShoulderRight;0.06880195;0.2251168;3.034588;
ShoulderLeft;-0.1282815;0.1839056;3.22655;
ElbowRight;0.1819455;-0.0141829;2.949028;
ElbowLeft;0.06896348;-0.01040556;3.047257;
WristRight;0.3386217;-0.2858855;2.912592;
WristLeft;-0.1047337;-0.1033509;3.276671;
HandRight;0.3394546;-0.342059;2.949341;
HandLeft;-0.327105;-0.222696;3.507009;
Spine;0.04383152;-0.1097235;3.154572;
HipCenter;0.004905078;-0.1977461;3.105087;
HipRight;0.05349568;-0.2339415;3.068788;
HipLeft;-0.041871;-0.2649601;3.125049;
KneeRight;0.254807;-0.6931149;3.216876;
KneeLeft;-0.1091113;-0.6905123;3.117079;
AnkleRight;0.3708228;-1.024923;3.198432;
AnkleLeft;-0.2775595;-1.049625;3.181077;
FootRight;0.3009291;-1.065939;3.171949;
FootLeft;-0.3777611;-1.07753;3.145497;
Head;-0.1612513;0.5295141;3.199495;
ShoulderCenter;-0.04837822;0.3624987;3.164358;
ShoulderRight;0.03214805;0.2286959;3.030656;
ShoulderLeft;-0.1717;0.1819582;3.212533;
ElbowRight;0.1458535;-0.01515901;2.941281;
ElbowLeft;-0.04291135;-0.08442038;3.138757;
WristRight;0.319398;-0.2760928;2.916815;
WristLeft;-0.2253448;-0.1677849;3.364156;
HandRight;0.297077;-0.380258;2.924597;
HandLeft;-0.2639552;-0.2131553;3.394973;
Spine;0.001239698;-0.1128388;3.139096;
HipCenter;-0.03552599;-0.2006892;3.08741;
HipRight;0.02435047;-0.2413487;3.066615;
HipLeft;-0.09004135;-0.2529266;3.090995;
KneeRight;0.237506;-0.7200097;3.225579;
KneeLeft;-0.133732;-0.6797795;3.117896;
AnkleRight;0.3655626;-1.034023;3.199202;
AnkleLeft;-0.2802623;-1.033673;3.183634;
FootRight;0.2931568;-1.070011;3.172792;
FootLeft;-0.377236;-1.083369;3.150799;
Head;-0.2101234;0.5257782;3.186214;
ShoulderCenter;-0.09253041;0.3640389;3.149181;
ShoulderRight;-0.01804016;0.2206887;3.018781;
ShoulderLeft;-0.2158522;0.1834984;3.197356;
ElbowRight;0.1142351;-0.0583943;2.939265;
ElbowLeft;-0.09225222;-0.08683795;3.132222;
WristRight;0.2370545;-0.3378265;2.896925;
WristLeft;-0.2558685;-0.1805765;3.366115;
HandRight;0.2669647;-0.3960962;2.909265;
HandLeft;-0.2895121;-0.2321346;3.391652;
Spine;-0.04759036;-0.1135649;3.130287;
HipCenter;-0.08522491;-0.2021674;3.080024;
HipRight;-0.03529223;-0.2373596;3.04667;
HipLeft;-0.130895;-0.2679676;3.097778;
KneeRight;0.1857405;-0.7054237;3.226999;
KneeLeft;-0.1990701;-0.7029856;3.128944;
AnkleRight;0.3485839;-1.035417;3.206859;
AnkleLeft;-0.2900037;-1.034294;3.183191;
FootRight;0.2806134;-1.08443;3.191221;
FootLeft;-0.3888238;-1.093757;3.182727;
Head;-0.2500823;0.5185698;3.176706;
ShoulderCenter;-0.1326054;0.3587585;3.134956;
ShoulderRight;-0.07021076;0.2137325;3.011838;
ShoulderLeft;-0.2559271;0.178218;3.183131;
ElbowRight;0.02642534;-0.01508179;2.925144;
ElbowLeft;-0.1295044;-0.1039071;3.111748;
WristRight;0.1346637;-0.3071767;2.895152;
WristLeft;-0.2873915;-0.2094242;3.343521;
HandRight;0.1818045;-0.3821314;2.912659;
HandLeft;-0.3145105;-0.2650941;3.368344;
Spine;-0.09291632;-0.1151326;3.11822;
HipCenter;-0.1325944;-0.202618;3.068848;
HipRight;-0.08879365;-0.2326998;3.028283;
HipLeft;-0.17434;-0.2744181;3.094614;
KneeRight;0.1581175;-0.6723377;3.243788;
KneeLeft;-0.2278359;-0.6968269;3.124336;
AnkleRight;0.2852337;-0.9722903;3.184663;
AnkleLeft;-0.2956045;-1.032961;3.180144;
FootRight;0.2707927;-1.05371;3.20364;
FootLeft;-0.3842787;-1.096092;3.172911;
Head;-0.2986418;0.5216171;3.173365;
ShoulderCenter;-0.1844364;0.3589229;3.123567;
ShoulderRight;-0.1227404;0.2102092;3.010436;
ShoulderLeft;-0.3077581;0.1783823;3.171742;
ElbowRight;-0.05438915;-0.01148767;2.90596;
ElbowLeft;-0.1676928;-0.09619111;3.099931;
WristRight;0.05318489;-0.3029268;2.876294;
WristLeft;-0.3137258;-0.2200022;3.329397;
HandRight;0.09330713;-0.4014107;2.909841;
HandLeft;-0.3321465;-0.2757021;3.361288;
Spine;-0.1460097;-0.1237382;3.103966;
HipCenter;-0.184207;-0.2125617;3.05275;
HipRight;-0.1377246;-0.2386284;3.016547;
HipLeft;-0.2306509;-0.282685;3.07441;
KneeRight;0.06106256;-0.6052349;3.234759;
KneeLeft;-0.2419704;-0.6941002;3.122702;
AnkleRight;0.2610137;-0.9835935;3.217425;
AnkleLeft;-0.2984551;-1.03241;3.178456;
FootRight;0.238261;-1.062518;3.196688;
FootLeft;-0.3837896;-1.096308;3.172053;
Head;-0.3433062;0.5233519;3.170247;
ShoulderCenter;-0.2231548;0.3644418;3.126196;
ShoulderRight;-0.139399;0.2230985;3.012992;
ShoulderLeft;-0.3464765;0.1839012;3.174371;
ElbowRight;-0.1037557;-0.04804257;2.894272;
ElbowLeft;-0.1923358;-0.03547354;2.987767;
WristRight;-0.05559886;-0.3008957;2.862227;
WristLeft;-0.3369318;-0.1762793;3.207697;
HandRight;-0.02915247;-0.3623291;2.897564;
HandLeft;-0.3889556;-0.2147673;3.190976;
Spine;-0.1916309;-0.106825;3.105052;
HipCenter;-0.2288669;-0.1915721;3.05134;
HipRight;-0.1818881;-0.2245204;3.035971;
HipLeft;-0.2765786;-0.251442;3.051504;
KneeRight;-0.08257952;-0.6867464;3.126163;
KneeLeft;-0.274221;-0.6867791;3.109159;
AnkleRight;0.1736124;-1.02985;3.208887;
AnkleLeft;-0.3002471;-1.031341;3.175639;
FootRight;0.1462569;-1.109098;3.18838;
FootLeft;-0.3922581;-1.099173;3.166655;
Head;-0.3661481;0.5485765;3.161878;
ShoulderCenter;-0.2584922;0.3833652;3.126897;
ShoulderRight;-0.1900156;0.243275;3.016005;
ShoulderLeft;-0.3818139;0.2028247;3.175072;
ElbowRight;-0.1662076;-0.02954258;2.88768;
ElbowLeft;-0.2252478;-0.01499504;2.990454;
WristRight;-0.1444593;-0.2918414;2.851689;
WristLeft;-0.1141098;-0.2867867;2.877654;
HandRight;-0.1220946;-0.3777977;2.864635;
HandLeft;-0.1140345;-0.351894;2.892731;
Spine;-0.2001451;-0.09138189;3.106786;
HipCenter;-0.2352903;-0.1795578;3.054003;
HipRight;-0.1914016;-0.1990054;3.024819;
HipLeft;-0.2803811;-0.2488464;3.064059;
KneeRight;-0.03524588;-0.5454963;3.243505;
KneeLeft;-0.2773325;-0.687066;3.106689;
AnkleRight;0.09070901;-0.9493666;3.230895;
AnkleLeft;-0.3003564;-1.032957;3.176233;
FootRight;0.08098231;-1.031104;3.250076;
FootLeft;-0.3776308;-1.098628;3.155803;
Head;-0.4015267;0.5329824;3.175697;
ShoulderCenter;-0.2782976;0.3781295;3.129284;
ShoulderRight;-0.2190382;0.2353608;3.008319;
ShoulderLeft;-0.4016194;0.1975889;3.177459;
ElbowRight;-0.2215665;-0.04893911;2.889318;
ElbowLeft;-0.2466723;-0.02013141;2.992616;
WristRight;-0.2631303;-0.3210763;2.870624;
WristLeft;-0.1317044;-0.2897749;2.880767;
HandRight;-0.2641229;-0.3958802;2.884423;
HandLeft;-0.1316293;-0.3547761;2.895819;
Spine;-0.2499161;-0.09579332;3.127564;
HipCenter;-0.2895655;-0.1833651;3.080945;
HipRight;-0.2449908;-0.2222019;3.046679;
HipLeft;-0.3341819;-0.2449702;3.103477;
KneeRight;-0.09181321;-0.6826917;3.219322;
KneeLeft;-0.2871561;-0.6797518;3.094927;
AnkleRight;0.006503955;-0.9874277;3.251861;
AnkleLeft;-0.2994871;-1.034629;3.177675;
FootRight;-0.05096967;-1.045169;3.274059;
FootLeft;-0.3698089;-1.09714;3.153514;
Head;-0.4398185;0.5488091;3.176379;
ShoulderCenter;-0.3292712;0.3840075;3.127451;
ShoulderRight;-0.2503322;0.2399585;3.004192;
ShoulderLeft;-0.452593;0.2034669;3.175626;
ElbowRight;-0.2776352;-0.04570184;2.889448;
ElbowLeft;-0.2974961;-0.01346162;2.990858;
WristRight;-0.3524246;-0.273846;2.86197;
WristLeft;-0.1836019;-0.2832303;2.879745;
HandRight;-0.3908678;-0.3547558;2.876577;
HandLeft;-0.1835264;-0.3485854;2.894879;
Spine;-0.2817107;-0.08702706;3.132429;
HipCenter;-0.3188856;-0.1762978;3.084821;
HipRight;-0.2705772;-0.2116872;3.05196;
HipLeft;-0.3675763;-0.2421636;3.106995;
KneeRight;-0.1812911;-0.655254;3.139;
KneeLeft;-0.3328767;-0.6701832;3.091606;
AnkleRight;-0.2198579;-1.051495;3.233644;
AnkleLeft;-0.3003572;-1.033163;3.173688;
FootRight;-0.3243603;-1.086405;3.202868;
FootLeft;-0.3670365;-1.09024;3.141985;
Head;-0.4525546;0.503535;3.164157;
ShoulderCenter;-0.3592177;0.3249043;3.114165;
ShoulderRight;-0.3012709;0.2595287;3.009626;
ShoulderLeft;-0.4825394;0.1443637;3.16234;
ElbowRight;-0.3310054;-0.01652284;2.892146;
ElbowLeft;-0.3279479;-0.07185812;2.978196;
WristRight;-0.4713302;-0.2894121;2.86706;
WristLeft;-0.2143014;-0.3406364;2.867289;
HandRight;-0.5472908;-0.3611945;2.871364;
HandLeft;-0.214226;-0.4059712;2.882418;
Spine;-0.2555638;-0.09672142;3.090601;
HipCenter;-0.2802773;-0.1786329;3.037567;
HipRight;-0.2338814;-0.1925443;3.018586;
HipLeft;-0.3116368;-0.2606338;3.038996;
KneeRight;-0.2476083;-0.6464139;3.108079;
KneeLeft;-0.4021364;-0.6907203;3.093714;
AnkleRight;-0.154633;-0.9395408;3.271312;
AnkleLeft;-0.3630561;-1.031163;3.127756;
FootRight;-0.2442665;-1.001876;3.237309;
FootLeft;-0.4251254;-1.08548;3.095116;
Head;-0.5224925;0.5662712;3.169395;
ShoulderCenter;-0.4041735;0.4074992;3.122625;
ShoulderRight;-0.3328906;0.2639661;3.003147;
ShoulderLeft;-0.5274953;0.2269587;3.1708;
ElbowRight;-0.406141;-0.02330738;2.89554;
ElbowLeft;-0.3732339;0.01119867;2.987077;
WristRight;-0.5765269;-0.2691236;2.851562;
WristLeft;-0.5105232;-0.243571;2.871114;
HandRight;-0.6600575;-0.3028368;2.862614;
HandLeft;-0.5104477;-0.30892;2.886247;
Spine;-0.3610916;-0.05686089;3.133239;
HipCenter;-0.3974218;-0.1456251;3.087885;
HipRight;-0.3602548;-0.1754433;3.09172;
HipLeft;-0.4335293;-0.2026031;3.076167;
KneeRight;-0.3140172;-0.6594833;3.073675;
KneeLeft;-0.5467167;-0.5883535;3.127336;
AnkleRight;-0.1852883;-0.9443486;3.244236;
AnkleLeft;-0.3856299;-0.9990329;3.133769;
FootRight;-0.2733156;-1.01074;3.213628;
FootLeft;-0.4224519;-1.084824;3.10239;
Head;-0.542913;0.5690196;3.174173;
ShoulderCenter;-0.4259828;0.4085834;3.121615;
ShoulderRight;-0.3620309;0.2686462;3.000526;
ShoulderLeft;-0.5493045;0.2280429;3.169791;
ElbowRight;-0.4579993;-0.009629935;2.88638;
ElbowLeft;-0.292369;0.1640016;3.292726;
WristRight;-0.6551599;-0.2369571;2.848323;
WristLeft;-0.4371012;-0.02356058;3.083497;
HandRight;-0.7386033;-0.271468;2.858603;
HandLeft;-0.4900998;-0.07742677;3.033009;
Spine;-0.3698058;-0.05680744;3.111579;
HipCenter;-0.4056792;-0.144538;3.060404;
HipRight;-0.3601206;-0.1687505;3.029794;
HipLeft;-0.4427218;-0.2051369;3.068134;
KneeRight;-0.3239574;-0.6570849;3.072258;
KneeLeft;-0.5846332;-0.67308;3.279233;
AnkleRight;-0.3061182;-1.029433;3.137586;
AnkleLeft;-0.4752458;-1.027173;3.284285;
FootRight;-0.3934813;-1.099954;3.16218;
FootLeft;-0.5195863;-1.097769;3.325646;
Head;-0.5816851;0.5752916;3.175038;
ShoulderCenter;-0.4661085;0.4130637;3.129587;
ShoulderRight;-0.4155892;0.2615167;2.987879;
ShoulderLeft;-0.5894302;0.2325232;3.177762;
ElbowRight;-0.4943157;0.002356376;2.881951;
ElbowLeft;-0.3399938;0.1192568;3.282798;
WristRight;-0.7113066;-0.1853701;2.840687;
WristLeft;-0.5075169;-0.04337718;3.070002;
HandRight;-0.7974289;-0.2028527;2.865245;
HandLeft;-0.5666482;-0.09064463;3.01906;
Spine;-0.4363959;-0.04912525;3.135544;
HipCenter;-0.4803116;-0.1361701;3.094813;
HipRight;-0.4431671;-0.1662261;3.083985;
HipLeft;-0.5189463;-0.1873131;3.098089;
KneeRight;-0.3281496;-0.6578444;3.073897;
KneeLeft;-0.6112761;-0.6681849;3.274772;
AnkleRight;-0.3056855;-1.028205;3.137286;
AnkleLeft;-0.5597831;-1.029867;3.301467;
FootRight;-0.385649;-1.098091;3.151633;
FootLeft;-0.6165187;-1.092811;3.30434;
Head;-0.6154748;0.5770215;3.168223;
ShoulderCenter;-0.5038369;0.4111598;3.12625;
ShoulderRight;-0.4399681;0.2614048;2.990347;
ShoulderLeft;-0.6271585;0.2306193;3.174425;
ElbowRight;-0.5491745;0.01727113;2.878411;
ElbowLeft;-0.3803134;0.113616;3.285237;
WristRight;-0.7972976;-0.1602276;2.853385;
WristLeft;-0.5788004;-0.02204358;3.077821;
HandRight;-0.8862505;-0.1719525;2.872322;
HandLeft;-0.6681146;-0.01636221;3.097806;
Spine;-0.4673555;0.01053582;3.144526;
HipCenter;-0.5053785;-0.0658329;3.105485;
HipRight;-0.4701768;-0.1380401;3.039358;
HipLeft;-0.5392531;-0.1500009;3.159862;
KneeRight;-0.3526653;-0.649433;3.073245;
KneeLeft;-0.6505847;-0.6555487;3.256455;
AnkleRight;-0.3057866;-1.028386;3.13742;
AnkleLeft;-0.6898115;-1.056931;3.288725;
FootRight;-0.3949467;-1.099687;3.156991;
FootLeft;-0.7989794;-1.088056;3.311745;
Head;-0.6641185;0.5604588;3.164638;
ShoulderCenter;-0.5408649;0.4021669;3.121032;
ShoulderRight;-0.4789962;0.2598132;2.988152;
ShoulderLeft;-0.6641866;0.2216263;3.169208;
ElbowRight;-0.6090956;0.02047061;2.870065;
ElbowLeft;-0.4090669;0.1125887;3.275165;
WristRight;-0.8206177;-0.1093099;2.848495;
WristLeft;-0.6247169;-0.00871487;3.074124;
HandRight;-0.9012827;-0.1500547;2.864899;
HandLeft;-0.6979367;-0.04120273;3.029186;
Spine;-0.4929073;-0.001464622;3.136549;
HipCenter;-0.5291089;-0.07992895;3.097881;
HipRight;-0.4887164;-0.1461847;3.034287;
HipLeft;-0.5645108;-0.163172;3.149852;
KneeRight;-0.4258786;-0.6608689;3.123147;
KneeLeft;-0.6846791;-0.6541293;3.240303;
AnkleRight;-0.3057837;-1.028268;3.13755;
AnkleLeft;-0.8133227;-1.054171;3.281652;
FootRight;-0.395809;-1.099287;3.158047;
FootLeft;-0.9204735;-1.073779;3.297467;
Head;-0.6949016;0.5663469;3.172356;
ShoulderCenter;-0.5877241;0.3954672;3.123353;
ShoulderRight;-0.5113412;0.2539476;2.990091;
ShoulderLeft;-0.7110458;0.2149267;3.171528;
ElbowRight;-0.6729618;0.006885901;2.861431;
ElbowLeft;-0.4527903;0.1089497;3.278235;
WristRight;-0.8786918;-0.09580704;2.845136;
WristLeft;-0.6669148;-0.009968229;3.07085;
HandRight;-0.9657456;-0.1190211;2.864808;
HandLeft;-0.7573498;-0.003941248;3.087862;
Spine;-0.532733;0.01145353;3.132639;
HipCenter;-0.5653062;-0.06278475;3.091843;
HipRight;-0.5273113;-0.1482276;3.000273;
HipLeft;-0.5956366;-0.166457;3.15949;
KneeRight;-0.4299839;-0.6630795;3.123484;
KneeLeft;-0.7148255;-0.6425165;3.225144;
AnkleRight;-0.3077879;-1.026262;3.13696;
AnkleLeft;-0.9361143;-1.02003;3.272957;
FootRight;-0.3955761;-1.098236;3.148195;
FootLeft;-0.9968688;-1.064415;3.205546;
Head;-0.6839207;0.5787306;3.147583;
ShoulderCenter;-0.6154995;0.3894565;3.125239;
ShoulderRight;-0.5629951;0.2442587;2.990399;
ShoulderLeft;-0.7388211;0.2089159;3.173414;
ElbowRight;-0.7246948;0.002949836;2.857477;
ElbowLeft;-0.5034088;0.06916574;3.29485;
WristRight;-0.9394186;-0.08346587;2.842345;
WristLeft;-0.7330553;-0.0256829;3.088652;
HandRight;-1.025815;-0.1124347;2.859746;
HandLeft;-0.7993024;-0.00837782;3.092337;
Spine;-0.5833983;-0.004237046;3.134739;
HipCenter;-0.6210734;-0.07799687;3.097117;
HipRight;-0.584676;-0.1544071;3.02702;
HipLeft;-0.6562936;-0.1602303;3.152111;
KneeRight;-0.4615385;-0.6566167;3.115722;
KneeLeft;-0.7819587;-0.6621632;3.22287;
AnkleRight;-0.3086048;-1.025861;3.137494;
AnkleLeft;-0.9759991;-1.052969;3.281914;
FootRight;-0.3977789;-1.098895;3.15893;
FootLeft;-1.092485;-1.051087;3.268759;
Head;-0.7772257;0.5571337;3.130348;
ShoulderCenter;-0.6659806;0.3935464;3.129974;
ShoulderRight;-0.5943941;0.2419411;2.993879;
ShoulderLeft;-0.7893022;0.2130059;3.178149;
ElbowRight;-0.7601995;-0.003379717;2.862887;
ElbowLeft;-0.549009;0.08145161;3.298196;
WristRight;-1.022467;-0.07731212;2.869633;
WristLeft;-0.7724668;-0.01846564;3.088094;
HandRight;-1.073698;-0.1224651;2.876522;
HandLeft;-0.8403525;-0.00896038;3.091567;
Spine;-0.6174499;0.007431476;3.140546;
HipCenter;-0.6520677;-0.06661431;3.101725;
HipRight;-0.6149305;-0.1657361;3.006086;
HipLeft;-0.6956745;-0.1749855;3.182293;
KneeRight;-0.4629153;-0.6480437;3.096119;
KneeLeft;-0.8018649;-0.6584717;3.220138;
AnkleRight;-0.3094918;-1.026592;3.142797;
AnkleLeft;-0.9830464;-1.046504;3.27813;
FootRight;-0.3813645;-1.092149;3.141418;
FootLeft;-1.09463;-1.082163;3.284714;
Head;-0.8089679;0.5461325;3.148951;
ShoulderCenter;-0.7005141;0.3743763;3.116427;
ShoulderRight;-0.6470639;0.2361746;3.000663;
ShoulderLeft;-0.6839581;0.2003368;2.913007;
ElbowRight;-0.7806466;-0.01046139;2.861735;
ElbowLeft;-0.5872971;0.08442008;3.155818;
WristRight;-1.021837;-0.07771067;2.866998;
WristLeft;-0.8393795;-0.02989946;2.995553;
HandRight;-1.107336;-0.108652;2.885892;
HandLeft;-0.9057535;-0.01906185;3.009289;
Spine;-0.7455312;-0.04224275;3.109942;
HipCenter;-0.697044;-0.1225794;3.087716;
HipRight;-0.6874418;-0.1693041;3.038941;
HipLeft;-0.7052899;-0.1756952;3.127813;
KneeRight;-0.4745732;-0.6536629;3.09181;
KneeLeft;-0.8555095;-0.6498309;3.219673;
AnkleRight;-0.3174997;-1.02497;3.141575;
AnkleLeft;-0.9913114;-1.027659;3.265507;
FootRight;-0.232574;-1.067921;3.104456;
FootLeft;-0.9063858;-1.07061;3.228387;
Head;-0.845107;0.5478096;3.157411;
ShoulderCenter;-0.7410221;0.3720785;3.117739;
ShoulderRight;-0.6793579;0.2311492;2.998571;
ShoulderLeft;-0.7256898;0.1568421;2.918715;
ElbowRight;-0.8055384;-0.01342993;2.866104;
ElbowLeft;-0.6236598;0.06371731;3.168199;
WristRight;-1.025114;-0.08328127;2.864441;
WristLeft;-0.8771298;-0.0478285;3.008208;
HandRight;-1.112558;-0.1108478;2.88189;
HandLeft;-0.9453439;-0.04576793;3.01828;
Spine;-0.7722927;-0.05435097;3.122161;
HipCenter;-0.7275261;-0.1356441;3.093061;
HipRight;-0.722591;-0.1701135;3.061751;
HipLeft;-0.7317601;-0.1787694;3.121288;
KneeRight;-0.5201163;-0.6696988;3.086056;
KneeLeft;-0.8902088;-0.6547529;3.224979;
AnkleRight;-0.3273747;-1.026346;3.142292;
AnkleLeft;-0.9957199;-1.026985;3.260793;
FootRight;-0.2491139;-1.068663;3.091638;
FootLeft;-0.9174591;-1.069302;3.210139;
Head;-0.8629028;0.5652968;3.16033;
ShoulderCenter;-0.7850485;0.3760592;3.123008;
ShoulderRight;-0.7339041;0.2364834;2.998352;
ShoulderLeft;-0.7386858;0.2012971;2.935388;
ElbowRight;-0.8148209;-0.00448995;2.872036;
ElbowLeft;-0.6580182;0.09071133;3.185113;
WristRight;-1.09691;-0.132591;2.881379;
WristLeft;-0.8979042;-0.03878354;3.017791;
HandRight;-1.18767;-0.1446635;2.899326;
HandLeft;-0.9653648;-0.04421649;3.031033;
Spine;-0.8371861;-0.01286737;3.10272;
HipCenter;-0.7851368;-0.09027607;3.097471;
HipRight;-0.7796316;-0.1830052;3.000337;
HipLeft;-0.789569;-0.1942935;3.177126;
KneeRight;-0.5495374;-0.6791424;3.07911;
KneeLeft;-0.9426736;-0.6682336;3.227376;
AnkleRight;-0.3678613;-1.021059;3.142474;
AnkleLeft;-0.9990981;-1.030237;3.258706;
FootRight;-0.2757802;-1.065442;3.134999;
FootLeft;-0.9070171;-1.07462;3.25123;
Head;-0.9362854;0.5480845;3.171625;
ShoulderCenter;-0.8276296;0.3740811;3.119558;
ShoulderRight;-0.7648098;0.2364578;2.998934;
ShoulderLeft;-0.830178;0.2007254;2.934164;
ElbowRight;-0.8904234;-0.03627883;2.885061;
ElbowLeft;-0.7275999;0.1072266;3.182497;
WristRight;-1.099374;-0.1518682;2.879153;
WristLeft;-0.9540692;-0.05470269;3.026952;
HandRight;-1.181057;-0.195168;2.891777;
HandLeft;-1.006986;-0.01448415;3.045357;
Spine;-0.8415003;-0.02517739;3.128238;
HipCenter;-0.8043814;-0.09840839;3.088696;
HipRight;-0.7868142;-0.1873543;2.997945;
HipLeft;-0.8177577;-0.1931205;3.159054;
KneeRight;-0.6638671;-0.6723769;3.068022;
KneeLeft;-0.9794946;-0.6744567;3.224734;
AnkleRight;-0.4407386;-0.9898171;3.132426;
AnkleLeft;-1.003205;-1.030011;3.257586;
FootRight;-0.4505267;-1.082765;3.155622;
FootLeft;-0.9394419;-1.071367;3.18869;
Head;-0.9448135;0.5634465;3.180387;
ShoulderCenter;-0.8490002;0.3820246;3.120078;
ShoulderRight;-0.8119417;0.2424196;3.002876;
ShoulderLeft;-0.8390756;0.2164856;2.938524;
ElbowRight;-0.9082562;-0.04074585;2.88607;
ElbowLeft;-0.7505363;0.1169513;3.189176;
WristRight;-1.104637;-0.1963527;2.878778;
WristLeft;-0.9505949;-0.0703989;3.026055;
HandRight;-1.189862;-0.2320984;2.894228;
HandLeft;-1.230039;-0.2624466;2.901088;
Spine;-0.8830618;-0.03242004;3.103873;
HipCenter;-0.8349297;-0.1116424;3.078615;
HipRight;-0.8295373;-0.1785042;3.012166;
HipLeft;-0.8449886;-0.1739059;3.127164;
KneeRight;-0.7042089;-0.6869779;3.067729;
KneeLeft;-1.003065;-0.6758737;3.195462;
AnkleRight;-0.4975978;-0.9798973;3.117513;
AnkleLeft;-1.005923;-1.032062;3.255325;
FootRight;-0.5068707;-1.091669;3.153784;
FootLeft;-0.9205706;-1.074182;3.216805;
Head;-0.9812839;0.5674471;3.195391;
ShoulderCenter;-0.8889304;0.3858096;3.119349;
ShoulderRight;-0.843362;0.2542308;3.018169;
ShoulderLeft;-0.8529817;0.2068969;2.93228;
ElbowRight;-0.9279701;-0.02913359;2.891994;
ElbowLeft;-0.7827516;0.09218092;3.181762;
WristRight;-1.121103;-0.2665682;2.884963;
WristLeft;-0.9569341;-0.1223353;3.023946;
HandRight;-1.19038;-0.3161727;2.899189;
HandLeft;-1.184817;-0.310733;2.925038;
Spine;-0.9233246;-0.01715442;3.091582;
HipCenter;-0.8695519;-0.094449;3.081086;
HipRight;-0.8617662;-0.16645;3.00632;
HipLeft;-0.8639402;-0.1726256;3.135935;
KneeRight;-0.7818416;-0.6853547;3.067248;
KneeLeft;-1.006689;-0.6657946;3.110791;
AnkleRight;-0.5935631;-0.9485397;3.099236;
AnkleLeft;-1.01258;-1.032104;3.257757;
FootRight;-0.5804973;-1.035172;3.103527;
FootLeft;-0.9196779;-1.075001;3.244391;
Head;-0.981952;0.6059144;3.182424;
ShoulderCenter;-0.9453923;0.4037053;3.118994;
ShoulderRight;-0.8806385;0.2612294;3.021523;
ShoulderLeft;-0.9305943;0.2609474;2.973477;
ElbowRight;-0.9525698;-0.027363;2.902456;
ElbowLeft;-0.9032072;0.02123346;3.116445;
WristRight;-1.090377;-0.2502443;2.869371;
WristLeft;-1.06017;-0.1990009;2.948719;
HandRight;-1.158316;-0.3114198;2.891274;
HandLeft;-1.107738;-0.2800859;2.948165;
Spine;-0.9464544;-0.01827235;3.112988;
HipCenter;-0.9032875;-0.09311651;3.071709;
HipRight;-0.8843185;-0.1604344;2.997709;
HipLeft;-0.915099;-0.1799572;3.125837;
KneeRight;-0.8278733;-0.6817692;3.084496;
KneeLeft;-0.9973802;-0.6599734;3.059771;
AnkleRight;-0.6685397;-0.9653866;3.105104;
AnkleLeft;-1.014195;-1.03652;3.259334;
FootRight;-0.7190589;-1.037667;3.100888;
FootLeft;-0.9475209;-1.077273;3.19091;
Head;-0.9733065;0.6101412;3.175119;
ShoulderCenter;-0.965191;0.4038773;3.123712;
ShoulderRight;-0.8836713;0.2722988;3.12187;
ShoulderLeft;-0.9120819;0.2065563;2.930216;
ElbowRight;-0.9577121;0.01404685;2.936942;
ElbowLeft;-0.8523568;0.1127141;3.188879;
WristRight;-1.073079;-0.2722125;2.893856;
WristLeft;-1.014381;-0.1058534;3.025036;
HandRight;-1.135963;-0.2964361;2.911266;
HandLeft;-0.9405538;-0.1542979;2.992326;
Spine;-0.9812776;-0.03835812;3.082999;
HipCenter;-0.9249396;-0.1240101;3.066899;
HipRight;-0.908084;-0.1714751;3.005427;
HipLeft;-0.9233534;-0.1904649;3.115181;
KneeRight;-0.8597315;-0.7008378;3.098702;
KneeLeft;-1.037808;-0.7026602;3.06532;
AnkleRight;-0.7906808;-1.017881;3.121215;
AnkleLeft;-1.013335;-1.039004;3.257126;
FootRight;-0.6971179;-1.059675;3.104059;
FootLeft;-0.9197726;-1.080798;3.23997;
Head;-1.077008;0.5389572;3.178778;
ShoulderCenter;-1.00292;0.3472863;3.12826;
ShoulderRight;-0.9523217;0.2691493;3.017153;
ShoulderLeft;-0.9951866;0.2387038;2.955697;
ElbowRight;-0.9951089;-0.006467677;2.913243;
ElbowLeft;-0.908002;0.1540915;3.209585;
WristRight;-1.038599;-0.2413034;2.854223;
WristLeft;-0.9664246;-0.08737786;3.00977;
HandRight;-1.022653;-0.3340611;2.850951;
HandLeft;-0.9769534;-0.1560723;3.013701;
Spine;-0.9911162;-0.1052095;3.109992;
HipCenter;-0.9410734;-0.1849252;3.071544;
HipRight;-0.9272601;-0.1951719;3.083492;
HipLeft;-0.9504076;-0.2132227;3.054361;
KneeRight;-0.9293615;-0.6970474;3.122202;
KneeLeft;-1.11825;-0.6671042;3.060078;
AnkleRight;-0.9278436;-1.02208;3.139345;
AnkleLeft;-1.062695;-1.03803;3.210166;
FootRight;-0.8528785;-1.062294;3.079393;
FootLeft;-0.9877294;-1.078244;3.150213;
Head;-1.148168;0.5899845;3.20507;
ShoulderCenter;-1.05014;0.4127383;3.122673;
ShoulderRight;-0.9847246;0.2701489;3.011824;
ShoulderLeft;-0.9980665;0.2617182;2.949388;
ElbowRight;-1.000056;0.004043573;2.912563;
ElbowLeft;-0.9294273;0.1445782;3.196163;
WristRight;-1.042803;-0.2323109;2.853351;
WristLeft;-0.9733683;-0.1002061;2.997506;
HandRight;-1.026854;-0.3250872;2.850079;
HandLeft;-0.9361238;-0.1564078;3.014867;
Spine;-1.109509;-0.08099072;3.079397;
HipCenter;-1.060491;-0.1791019;3.061454;
HipRight;-1.057515;-0.1865992;3.071028;
HipLeft;-1.063879;-0.1951494;3.048825;
KneeRight;-0.9666435;-0.6579105;3.158284;
KneeLeft;-1.134487;-0.7103784;3.086345;
AnkleRight;-1.026005;-1.039396;3.162498;
AnkleLeft;-1.082345;-1.029204;3.113216;
FootRight;-0.9339256;-1.08447;3.142694;
FootLeft;-0.9902666;-1.074278;3.093412;
Head;-1.162987;0.5946482;3.195448;
ShoulderCenter;-1.07274;0.4108499;3.126688;
ShoulderRight;-1.033655;0.2658841;3.012857;
ShoulderLeft;-1.000552;0.2586106;2.952656;
ElbowRight;-1.021969;-2.419425E-05;2.904387;
ElbowLeft;-0.9607002;0.1605933;3.211685;
WristRight;-1.064685;-0.2364719;2.844922;
WristLeft;-0.9738972;-0.08718462;3.013009;
HandRight;-1.048744;-0.3292032;2.841651;
HandLeft;-0.9497678;-0.1500445;3.030584;
Spine;-1.124367;-0.07919042;3.048565;
HipCenter;-1.080525;-0.1817572;3.067098;
HipRight;-1.084599;-0.1894885;3.075896;
HipLeft;-1.077932;-0.1955617;3.055182;
KneeRight;-0.987842;-0.6663193;3.178348;
KneeLeft;-1.209824;-0.7328267;3.095567;
AnkleRight;-1.090571;-1.055017;3.184965;
AnkleLeft;-1.177477;-1.05085;3.137684;
FootRight;-1.009747;-1.103868;3.229525;
FootLeft;-1.096653;-1.099701;3.182244;
Head;-1.21997;0.5857497;3.200713;
ShoulderCenter;-1.121733;0.4072107;3.121337;
ShoulderRight;-1.065491;0.2587804;3.001438;
ShoulderLeft;-1.08937;0.2650335;2.966346;
ElbowRight;-1.037633;-0.007036173;2.900234;
ElbowLeft;-1.017241;0.1903057;3.225893;
WristRight;-1.080301;-0.2434985;2.840705;
WristLeft;-0.9983648;-0.0586358;3.029555;
HandRight;-1.06436;-0.336229;2.837435;
HandLeft;-0.9498298;-0.1069075;3.042069;
Spine;-1.150797;-0.09311678;3.107353;
HipCenter;-1.10592;-0.1880232;3.073514;
HipRight;-1.101359;-0.2046527;3.090549;
HipLeft;-1.120042;-0.2108548;3.051758;
KneeRight;-1.024982;-0.680262;3.20944;
KneeLeft;-1.27829;-0.6858649;3.091982;
AnkleRight;-1.025733;-1.063309;3.278451;
AnkleLeft;-1.306705;-1.066998;3.132222;
FootRight;-0.9459968;-1.106021;3.226065;
FootLeft;-1.226969;-1.10971;3.079835;
Head;-1.276721;0.5802553;3.205016;
ShoulderCenter;-1.176311;0.4024256;3.127075;
ShoulderRight;-1.111262;0.2643424;3.021851;
ShoulderLeft;-1.170474;0.2099436;3.001016;
ElbowRight;-1.045219;-0.006084261;2.897772;
ElbowLeft;-1.047247;0.1185204;3.237134;
WristRight;-1.087879;-0.2425541;2.838217;
WristLeft;-1.006162;-0.1101324;3.01967;
HandRight;-1.07194;-0.3352729;2.834946;
HandLeft;-0.964892;-0.1648894;3.031487;
Spine;-1.161378;-0.1073343;3.134604;
HipCenter;-1.142573;-0.2014034;3.078875;
HipRight;-1.11822;-0.2154698;3.086651;
HipLeft;-1.164787;-0.2205789;3.070848;
KneeRight;-1.041597;-0.6878451;3.243435;
KneeLeft;-1.360648;-0.7030137;3.09342;
AnkleRight;-1.018591;-1.054089;3.260529;
AnkleLeft;-1.414518;-1.050015;3.09456;
FootRight;-1.133038;-1.068105;3.22653;
FootLeft;-1.506747;-1.111095;3.072826;
Head;-1.332495;0.554606;3.194421;
ShoulderCenter;-1.211859;0.3875826;3.129661;
ShoulderRight;-1.15305;0.2494304;3.011258;
ShoulderLeft;-1.185385;0.2185369;2.963689;
ElbowRight;-1.084695;-0.000857524;2.905402;
ElbowLeft;-1.070257;-0.06424478;2.887958;
WristRight;-1.127338;-0.2373385;2.845854;
WristLeft;-0.9674256;-0.2941871;2.860806;
HandRight;-1.111405;-0.3300194;2.842586;
HandLeft;-0.9302971;-0.3524454;2.868847;
Spine;-1.238815;-0.08775895;3.09822;
HipCenter;-1.193907;-0.1748236;3.057208;
HipRight;-1.187033;-0.2102515;3.089041;
HipLeft;-1.197594;-0.2175623;3.013042;
KneeRight;-1.054403;-0.689252;3.248414;
KneeLeft;-1.400371;-0.712153;3.091804;
AnkleRight;-1.018684;-1.053952;3.26058;
AnkleLeft;-1.562594;-1.079956;3.085967;
FootRight;-1.046697;-1.102762;3.191819;
FootLeft;-1.559039;-1.167893;3.073725;
Head;-1.368046;0.5609403;3.180048;
ShoulderCenter;-1.259788;0.3846299;3.123636;
ShoulderRight;-1.184508;0.2415201;3.004605;
ShoulderLeft;-1.22765;0.2184864;2.954009;
ElbowRight;-1.134593;0.01425139;2.908522;
ElbowLeft;-1.091931;-0.05727895;2.88994;
WristRight;-1.177246;-0.2222292;2.848951;
WristLeft;-0.9651379;-0.2987391;2.862156;
HandRight;-1.161322;-0.3148618;2.845684;
HandLeft;-0.9302872;-0.3584363;2.869494;
Spine;-1.260491;-0.09091569;3.100112;
HipCenter;-1.216772;-0.1761774;3.056022;
HipRight;-1.205576;-0.2073229;3.083297;
HipLeft;-1.225518;-0.2182754;3.018684;
KneeRight;-1.067985;-0.6920265;3.255197;
KneeLeft;-1.458618;-0.7007459;3.081812;
AnkleRight;-1.016374;-1.050921;3.257817;
AnkleLeft;-1.595902;-1.042409;3.110212;
FootRight;-1.021937;-1.110073;3.191706;
FootLeft;-1.525726;-1.083231;3.044303;
Head;-1.414334;0.542079;3.167006;
ShoulderCenter;-1.292742;0.3740176;3.119464;
ShoulderRight;-1.247563;0.2382575;3.014903;
ShoulderLeft;-1.216548;0.2090663;2.94769;
ElbowRight;-1.190853;0.01877691;2.912474;
ElbowLeft;-1.102635;-0.07703249;2.887412;
WristRight;-1.233506;-0.2177037;2.852883;
WristLeft;-0.970399;-0.3107344;2.864577;
HandRight;-1.217593;-0.3102702;2.849618;
HandLeft;-0.934002;-0.3689604;2.875078;
Spine;-1.326677;-0.08873766;3.044952;
HipCenter;-1.275286;-0.182681;3.06107;
HipRight;-1.277949;-0.21235;3.090648;
HipLeft;-1.266362;-0.2345704;3.020478;
KneeRight;-1.093143;-0.6910598;3.259118;
KneeLeft;-1.47603;-0.6786097;3.08477;
AnkleRight;-1.016954;-1.049055;3.254813;
AnkleLeft;-1.626383;-1.024801;3.125264;
FootRight;-1.017713;-1.121686;3.203515;
FootLeft;-1.663142;-1.092896;3.186764;
Head;-1.428453;0.5573914;3.146841;
ShoulderCenter;-1.350479;0.3654467;3.116776;
ShoulderRight;-1.27832;0.2227334;3.001934;
ShoulderLeft;-1.225359;0.2020465;2.939906;
ElbowRight;-1.216888;0.01272966;2.905601;
ElbowLeft;-1.171365;-0.07160382;2.898464;
WristRight;-1.260796;-0.2194594;2.847337;
WristLeft;-1.010672;-0.268378;2.866041;
HandRight;-1.244859;-0.3121722;2.844067;
HandLeft;-0.9796676;-0.3544496;2.875222;
Spine;-1.350436;-0.09510786;3.034463;
HipCenter;-1.303072;-0.1882277;3.062762;
HipRight;-1.315608;-0.2324243;3.102496;
HipLeft;-1.290103;-0.2405633;3.013979;
KneeRight;-1.134966;-0.7278609;3.266706;
KneeLeft;-1.491327;-0.675163;3.08351;
AnkleRight;-1.023362;-1.044817;3.252794;
AnkleLeft;-1.64129;-1.031865;3.146831;
FootRight;-1.007857;-1.123581;3.214379;
FootLeft;-1.569795;-1.078618;3.207366;
Head;-1.488323;0.5408601;3.121634;
ShoulderCenter;-1.384755;0.3621489;3.101207;
ShoulderRight;-1.326862;0.2133108;2.981528;
ShoulderLeft;-1.354111;0.2119299;2.950655;
ElbowRight;-1.270462;-0.00168936;2.897611;
ElbowLeft;-1.203168;-0.05642678;2.891406;
WristRight;-1.317915;-0.2216823;2.842134;
WristLeft;-1.026818;-0.2724155;2.86585;
HandRight;-1.301962;-0.3144832;2.838861;
HandLeft;-1.005626;-0.3439577;2.874092;
Spine;-1.400869;-0.1033256;3.099471;
HipCenter;-1.356235;-0.1897478;3.061793;
HipRight;-1.334695;-0.2305986;3.10401;
HipLeft;-1.359867;-0.2518482;3.008964;
KneeRight;-1.161472;-0.6932013;3.279751;
KneeLeft;-1.505262;-0.6555811;3.083256;
AnkleRight;-1.034065;-1.047319;3.254944;
AnkleLeft;-1.646038;-1.031768;3.150037;
FootRight;-0.9620043;-1.089504;3.191652;
FootLeft;-1.573977;-1.073952;3.086745;
Head;-1.498459;0.544765;3.117462;
ShoulderCenter;-1.42908;0.3484969;3.084577;
ShoulderRight;-1.359643;0.2172889;2.987024;
ShoulderLeft;-1.358212;0.2109085;2.941669;
ElbowRight;-1.322757;0.001838595;2.889359;
ElbowLeft;-1.258673;-0.08111751;2.889185;
WristRight;-1.365789;-0.2324269;2.830434;
WristLeft;-1.105857;-0.3015492;2.87278;
HandRight;-1.349828;-0.3252718;2.827159;
HandLeft;-1.065918;-0.3580698;2.880821;
Spine;-1.462391;-0.08981382;3.044094;
HipCenter;-1.40606;-0.1748699;3.041471;
HipRight;-1.404258;-0.2317468;3.096014;
HipLeft;-1.402939;-0.228331;2.974566;
KneeRight;-1.191391;-0.7019566;3.290899;
KneeLeft;-1.510239;-0.6497104;3.080089;
AnkleRight;-1.051533;-1.058963;3.272084;
AnkleLeft;-1.662784;-1.03773;3.158373;
FootRight;-0.9564205;-1.103115;3.274288;
FootLeft;-1.674216;-1.084385;3.233476;
Head;-1.533305;0.5439694;3.093938;
ShoulderCenter;-1.454998;0.3522163;3.075249;
ShoulderRight;-1.419173;0.2135261;2.965485;
ShoulderLeft;-1.454635;0.1905333;2.9361;
ElbowRight;-1.362156;0.003637165;2.86449;
ElbowLeft;-1.319044;-0.08670506;2.885547;
WristRight;-1.409352;-0.2166829;2.81037;
WristLeft;-1.172999;-0.3159747;2.876926;
HandRight;-1.393399;-0.3094833;2.807097;
HandLeft;-1.16981;-0.3815427;2.900172;
Spine;-1.43427;-0.07840136;3.148983;
HipCenter;-1.392748;-0.1633212;3.124073;
HipRight;-1.379527;-0.1961125;3.174787;
HipLeft;-1.393806;-0.218913;3.079575;
KneeRight;-1.255297;-0.728785;3.283747;
KneeLeft;-1.527966;-0.6125969;3.071288;
AnkleRight;-1.096619;-1.013329;3.285775;
AnkleLeft;-1.667608;-1.014425;3.164244;
FootRight;-1.140477;-1.108323;3.285126;
FootLeft;-1.607533;-1.05942;3.090873;
Head;-1.598065;0.5468959;3.086738;
ShoulderCenter;-1.503853;0.361149;3.060832;
ShoulderRight;-1.406559;0.2721854;3.174677;
ShoulderLeft;-1.450678;0.1972366;2.935126;
ElbowRight;-1.423564;0.05760157;2.922306;
ElbowLeft;-1.386587;-0.09219209;2.861043;
WristRight;-1.470129;-0.2282386;2.81173;
WristLeft;-1.282023;-0.3055587;2.871368;
HandRight;-1.454154;-0.3211678;2.808452;
HandLeft;-1.224347;-0.3559827;2.872585;
Spine;-1.495638;-0.08046365;3.083891;
HipCenter;-1.439037;-0.1620634;3.080094;
HipRight;-1.42464;-0.2056127;3.133322;
HipLeft;-1.44135;-0.2160602;3.027547;
KneeRight;-1.349688;-0.6274458;3.253158;
KneeLeft;-1.533122;-0.6203808;3.075186;
AnkleRight;-1.157853;-1.019443;3.265152;
AnkleLeft;-1.673865;-1.02093;3.173991;
FootRight;-1.188058;-1.112377;3.302996;
FootLeft;-1.663869;-1.064198;3.25143;
Head;-1.598994;0.5462527;3.060173;
ShoulderCenter;-1.513027;0.3602068;3.058198;
ShoulderRight;-1.42593;0.1980926;3.246946;
ShoulderLeft;-1.452855;0.2016473;2.93586;
ElbowRight;-1.45307;0.042643;2.950696;
ElbowLeft;-1.468856;-0.09840187;2.872281;
WristRight;-1.502892;-0.2351426;2.809388;
WristLeft;-1.382845;-0.3099042;2.853151;
HandRight;-1.486888;-0.3282423;2.806104;
HandLeft;-1.362158;-0.3762853;2.877926;
Spine;-1.527632;-0.08419919;3.08111;
HipCenter;-1.476034;-0.1697985;3.085602;
HipRight;-1.473617;-0.2222771;3.135258;
HipLeft;-1.474559;-0.2257808;3.038841;
KneeRight;-1.405204;-0.6330984;3.251221;
KneeLeft;-1.533382;-0.6307086;3.084212;
AnkleRight;-1.212063;-1.014917;3.275179;
AnkleLeft;-1.677455;-1.03208;3.179349;
FootRight;-1.218792;-1.102029;3.299224;
FootLeft;-1.582023;-1.075386;3.171026;
Head;-1.642775;0.5260682;3.101362;
ShoulderCenter;-1.520103;0.3555727;3.058741;
ShoulderRight;-1.427272;0.1956042;3.248099;
ShoulderLeft;-1.483963;0.2007843;2.922014;
ElbowRight;-1.476151;0.01641323;2.969792;
ElbowLeft;-1.487991;-0.09503789;2.864718;
WristRight;-1.505599;-0.2529015;2.817239;
WristLeft;-1.475343;-0.3381446;2.846498;
HandRight;-1.489603;-0.3459568;2.813957;
HandLeft;-1.468397;-0.3995009;2.87911;
Spine;-1.538327;-0.04904341;3.147734;
HipCenter;-1.484134;-0.126184;3.159516;
HipRight;-1.460454;-0.1945888;3.260785;
HipLeft;-1.493305;-0.2073932;3.084805;
KneeRight;-1.453123;-0.611179;3.264409;
KneeLeft;-1.537212;-0.6173605;3.09915;
AnkleRight;-1.308429;-0.9991922;3.276822;
AnkleLeft;-1.676375;-1.02573;3.178373;
FootRight;-1.214331;-1.043371;3.260486;
FootLeft;-1.582277;-1.069909;3.162037;
Head;-1.660603;0.5403329;3.077948;
ShoulderCenter;-1.56222;0.372771;3.112545;
ShoulderRight;-1.463356;0.2118652;3.304693;
ShoulderLeft;-1.522564;0.2244192;2.972061;
ElbowRight;-1.5127;0.03691606;3.023605;
ElbowLeft;-1.539803;-0.08443309;2.950695;
WristRight;-1.555429;-0.2626737;2.943249;
WristLeft;-1.517109;-0.3375823;2.936862;
HandRight;-1.551742;-0.3549426;2.923765;
HandLeft;-1.51017;-0.3988728;2.969438;
Spine;-1.566974;-0.04081027;3.183834;
HipCenter;-1.510565;-0.1192672;3.190288;
HipRight;-1.489039;-0.2000946;3.294716;
HipLeft;-1.512966;-0.2049051;3.105812;
KneeRight;-1.519362;-0.6688468;3.236971;
KneeLeft;-1.561276;-0.6133658;3.13074;
AnkleRight;-1.395701;-0.9668491;3.271346;
AnkleLeft;-1.681283;-1.034197;3.182443;
FootRight;-1.430319;-1.048113;3.256762;
FootLeft;-1.586545;-1.077118;3.165834;
Head;-1.589769;0.369568;3.124955;
ShoulderCenter;-1.539343;0.1142134;3.19506;
ShoulderRight;-1.440478;-0.04669234;3.387207;
ShoulderLeft;-1.539347;0.0683307;3.068853;
ElbowRight;-1.535522;-0.01943456;3.063286;
ElbowLeft;-1.584469;-0.1321557;2.937685;
WristRight;-1.582856;-0.3172114;2.977666;
WristLeft;-1.548673;-0.3567935;2.946639;
HandRight;-1.592928;-0.3856411;2.987355;
HandLeft;-1.541726;-0.4181596;2.979256;
Spine;-1.593272;-0.1060793;3.198644;
HipCenter;-1.549973;-0.1507356;3.186158;
HipRight;-1.499055;-0.2603002;3.266076;
HipLeft;-1.60489;-0.1408227;3.09703;
KneeRight;-1.567018;-0.6989382;3.224753;
KneeLeft;-1.585494;-0.6438001;3.129418;
AnkleRight;-1.536549;-1.023738;3.281822;
AnkleLeft;-1.636854;-1.055441;3.260982;
FootRight;-1.446137;-1.070113;3.253482;
FootLeft;-1.688413;-1.088741;3.193755;
Head;-1.606457;0.3600758;3.184036;
ShoulderCenter;-1.578706;0.1068827;3.266477;
ShoulderRight;-1.479841;-0.05402307;3.458624;
ShoulderLeft;-1.572946;0.04284488;3.133843;
ElbowRight;-1.567824;0.02512486;3.141998;
ElbowLeft;-1.598415;-0.1667459;3.015067;
WristRight;-1.590873;-0.2664413;3.024942;
WristLeft;-1.564013;-0.3912961;3.026953;
HandRight;-1.600953;-0.3349271;3.034639;
HandLeft;-1.55706;-0.4527125;3.059597;
Spine;-1.624052;-0.1812391;3.224583;
HipCenter;-1.578455;-0.2355351;3.205331;
HipRight;-1.545522;-0.3101343;3.264931;
HipLeft;-1.611309;-0.2703766;3.121213;
KneeRight;-1.617616;-0.7165406;3.277238;
KneeLeft;-1.614343;-0.7076503;3.168042;
AnkleRight;-1.579079;-0.9958569;3.331228;
AnkleLeft;-1.680131;-1.049671;3.234661;
FootRight;-1.658783;-1.071859;3.280285;
FootLeft;-1.701684;-1.134265;3.214086;
Head;-1.622436;0.3258141;3.230535;
ShoulderCenter;-1.602193;0.1048492;3.259004;
ShoulderRight;-1.503329;-0.05605651;3.451151;
ShoulderLeft;-1.604948;0.03064415;3.188585;
ElbowRight;-1.59111;0.02290975;3.135188;
ElbowLeft;-1.619539;-0.1823334;3.07712;
WristRight;-1.615972;-0.2539872;3.058981;
WristLeft;-1.595384;-0.4126433;3.068644;
HandRight;-1.626026;-0.3223015;3.068653;
HandLeft;-1.588448;-0.473906;3.101206;
Spine;-1.727851;-0.1912316;3.409148;
HipCenter;-1.705159;-0.272346;3.418582;
HipRight;-1.684396;-0.3202156;3.479216;
HipLeft;-1.749097;-0.3182035;3.394599;
KneeRight;-1.645492;-0.6169745;3.160314;
KneeLeft;-1.680436;-0.7257788;3.373939;
AnkleRight;-1.604888;-0.9267035;2.813167;
AnkleLeft;-1.695093;-1.041454;3.239815;
FootRight;-1.532431;-0.9940754;2.772414;
FootLeft;-1.661902;-1.019422;3.159607;
Head;-1.660875;0.2724052;3.287735;
ShoulderCenter;-1.658949;0.0499241;3.304017;
ShoulderRight;-1.560085;-0.1109817;3.496164;
ShoulderLeft;-1.651792;-0.02342287;3.236744;
ElbowRight;-1.668193;-0.08028912;3.222278;
ElbowLeft;-1.653018;-0.214971;3.08255;
WristRight;-1.664945;-0.3730877;3.214297;
WristLeft;-1.628066;-0.4402502;3.092076;
HandRight;-1.663862;-0.4706873;3.21681;
HandLeft;-1.647052;-0.4904668;3.13645;
Spine;-1.782194;-0.205567;3.393123;
HipCenter;-1.759202;-0.2764643;3.391215;
HipRight;-1.721792;-0.3489462;3.400092;
HipLeft;-1.813207;-0.2580067;3.394202;
KneeRight;-1.71669;-0.7243079;3.212687;
KneeLeft;-1.568451;-0.5501344;3.219865;
AnkleRight;-1.686761;-1.00936;3.288086;
AnkleLeft;-1.599969;-0.9898741;3.134855;
FootRight;-1.74866;-1.102041;3.292915;
FootLeft;-1.661879;-1.049653;3.101452;
Head;-1.694302;0.254628;3.321982;
ShoulderCenter;-1.695877;0.01777556;3.353968;
ShoulderRight;-1.597013;-0.1431302;3.546116;
ShoulderLeft;-1.68872;-0.0555714;3.286696;
ElbowRight;-1.705121;-0.1124377;3.272292;
ElbowLeft;-1.693305;-0.2482207;3.134847;
WristRight;-1.701872;-0.4052363;3.264343;
WristLeft;-1.667749;-0.4732349;3.143833;
HandRight;-1.70079;-0.5028358;3.266857;
HandLeft;-1.684165;-0.5244474;3.188063;
Spine;-1.798139;-0.1180471;3.462669;
HipCenter;-1.776994;-0.1747922;3.463506;
HipRight;-1.746944;-0.2403458;3.477381;
HipLeft;-1.827404;-0.1575733;3.473237;
KneeRight;-1.736179;-0.615805;3.291611;
KneeLeft;-1.651606;-0.4777435;3.266262;
AnkleRight;-1.724593;-1.019934;3.077924;
AnkleLeft;-1.6831;-0.9171578;3.181355;
FootRight;-1.659672;-1.107223;3.033712;
FootLeft;-1.618568;-0.9909022;3.143287;
