Floor;-0.02996242;0.9995505;0.0009332043;1.076517;
Head;0.0665724;0.4633724;3.13189;
ShoulderCenter;0.1223882;0.2916905;3.147411;
ShoulderRight;0.1751925;0.1649205;3.041061;
ShoulderLeft;0.03899568;0.1990536;3.234197;
ElbowRight;0.1201568;-0.04114476;2.951849;
ElbowLeft;0.0003939644;-0.01890245;3.178939;
WristRight;-0.0211702;-0.2149387;2.937456;
WristLeft;-0.07585208;-0.1925644;3.049168;
HandRight;-0.05927302;-0.2589317;2.934239;
HandLeft;-0.1012674;-0.2504517;3.009418;
Spine;0.09595048;-0.1606617;3.135541;
HipCenter;0.09066294;-0.2511322;3.135738;
HipRight;0.1185982;-0.3051645;3.099764;
HipLeft;0.05730958;-0.2898046;3.167923;
KneeRight;0.1953531;-0.6546789;3.086824;
KneeLeft;-0.09778742;-0.6701573;3.251539;
AnkleRight;0.2936942;-1.009753;3.13229;
AnkleLeft;-0.1584895;-1.040338;3.21865;
FootRight;0.2644702;-1.073916;3.148693;
FootLeft;-0.2450077;-1.081099;3.227068;
Head;0.009299467;0.4519571;3.162477;
ShoulderCenter;0.09088864;0.2962674;3.169446;
ShoulderRight;0.1256313;0.1623476;3.047762;
ShoulderLeft;-0.02046854;0.1411073;3.206807;
ElbowRight;0.06220236;-0.06512868;2.953708;
ElbowLeft;-0.04588185;-0.05030633;3.164261;
WristRight;-0.08924098;-0.2582999;2.941301;
WristLeft;-0.1308121;-0.2332335;3.010541;
HandRight;-0.1540259;-0.3152734;2.941326;
HandLeft;-0.1638287;-0.3067133;2.954973;
Spine;0.06259998;-0.1581466;3.147666;
HipCenter;0.05641253;-0.2490096;3.14648;
HipRight;0.08575822;-0.2910571;3.112391;
HipLeft;0.01744235;-0.2975839;3.173036;
KneeRight;0.1792058;-0.6536722;3.101541;
KneeLeft;-0.1394689;-0.6715874;3.268064;
AnkleRight;0.2938622;-1.009664;3.141956;
AnkleLeft;-0.2651791;-1.052885;3.215285;
FootRight;0.2613176;-1.081123;3.161117;
FootLeft;-0.374466;-1.050797;3.218409;
Head;-0.01309124;0.4369206;3.162406;
ShoulderCenter;0.03492404;0.2853628;3.186048;
ShoulderRight;0.08066101;0.1515653;3.054356;
ShoulderLeft;-0.09427154;0.07769772;3.238872;
ElbowRight;0.01900739;-0.07902648;2.951509;
ElbowLeft;-0.06721815;-0.1057332;3.042785;
WristRight;-0.1242122;-0.2516178;2.939047;
WristLeft;-0.1816227;-0.312251;2.945948;
HandRight;-0.1988592;-0.3086934;2.937367;
HandLeft;-0.2197575;-0.3810903;2.918475;
Spine;0.01432735;-0.1440201;3.138984;
HipCenter;0.01020801;-0.2298967;3.133095;
HipRight;0.04669077;-0.2652757;3.095413;
HipLeft;-0.03125446;-0.2983305;3.157204;
KneeRight;0.1462431;-0.6526657;3.097744;
KneeLeft;-0.1868097;-0.7292042;3.257239;
AnkleRight;0.2932967;-1.009673;3.144907;
AnkleLeft;-0.3367821;-1.008877;3.209296;
FootRight;0.2570935;-1.079222;3.186883;
FootLeft;-0.4493444;-1.025766;3.208193;
Head;-0.08213555;0.4297387;3.189324;
ShoulderCenter;-0.0106978;0.2828769;3.190205;
ShoulderRight;0.03989991;0.1462922;3.05684;
ShoulderLeft;-0.137182;0.04885759;3.207551;
ElbowRight;-0.02855299;-0.08870737;2.962549;
ElbowLeft;-0.09917568;-0.1454266;2.991556;
WristRight;-0.1755279;-0.25323;2.940159;
WristLeft;-0.2257708;-0.3472338;2.934379;
HandRight;-0.2338402;-0.3178145;2.940661;
HandLeft;-0.2803918;-0.3170634;2.949962;
Spine;0.001073487;-0.1665902;3.188366;
HipCenter;-0.04096028;-0.2484695;3.144119;
HipRight;-0.004753359;-0.2774161;3.113233;
HipLeft;-0.0825528;-0.3210174;3.163353;
KneeRight;0.1207065;-0.6562797;3.098301;
KneeLeft;-0.2318691;-0.7625946;3.262886;
AnkleRight;0.2919357;-1.009686;3.147012;
AnkleLeft;-0.3620837;-1.045792;3.211548;
FootRight;0.244507;-1.076928;3.161764;
FootLeft;-0.4718221;-1.053042;3.220818;
Head;-0.09790616;0.4384326;3.177259;
ShoulderCenter;-0.04357548;0.2831631;3.190311;
ShoulderRight;-0.01460177;0.1400743;3.060469;
ShoulderLeft;-0.1251464;0.1612443;3.13958;
ElbowRight;-0.07838076;-0.1042752;2.958537;
ElbowLeft;-0.127049;-0.07799757;3.002122;
WristRight;-0.2091396;-0.2676293;2.936652;
WristLeft;-0.2540942;-0.3045455;2.945384;
HandRight;-0.2596587;-0.3306396;2.935994;
HandLeft;-0.2964426;-0.3800615;2.93118;
Spine;-0.05210358;-0.2500919;3.212163;
HipCenter;-0.08845185;-0.3511964;3.167823;
HipRight;-0.06526744;-0.3846589;3.152418;
HipLeft;-0.1150125;-0.3751324;3.179843;
KneeRight;0.09285198;-0.691169;3.088236;
KneeLeft;-0.2524683;-0.7770559;3.265858;
AnkleRight;0.2900773;-1.010581;3.144662;
AnkleLeft;-0.3679332;-1.062704;3.210825;
FootRight;0.2434342;-1.080159;3.157578;
FootLeft;-0.4787282;-1.079885;3.234868;
Head;-0.1565815;0.4439614;3.174939;
ShoulderCenter;-0.1009927;0.2874816;3.195593;
ShoulderRight;-0.06497299;0.1439535;3.068431;
ShoulderLeft;-0.1750051;0.165497;3.144079;
ElbowRight;-0.1019504;-0.09678753;2.962834;
ElbowLeft;-0.1803455;-0.0732543;3.006505;
WristRight;-0.2321801;-0.2747698;2.935086;
WristLeft;-0.2929448;-0.3092103;2.9676;
HandRight;-0.2786768;-0.3401079;2.934211;
HandLeft;-0.3304779;-0.3878623;2.959453;
Spine;-0.1012581;-0.1880816;3.169805;
HipCenter;-0.1353578;-0.272212;3.115534;
HipRight;-0.1122289;-0.3035783;3.101592;
HipLeft;-0.1617433;-0.2938837;3.120518;
KneeRight;0.005270852;-0.6694219;3.090236;
KneeLeft;-0.2683346;-0.7353305;3.256793;
AnkleRight;0.2503754;-0.9971254;3.137741;
AnkleLeft;-0.3566854;-1.028676;3.200492;
FootRight;0.2452073;-1.079989;3.155448;
FootLeft;-0.458961;-1.073159;3.227919;
Head;-0.1201326;0.4338641;3.213809;
ShoulderCenter;-0.1435149;0.2826261;3.195248;
ShoulderRight;-0.1174991;0.1454021;3.068928;
ShoulderLeft;-0.1016882;0.2229639;3.085072;
ElbowRight;-0.1581;-0.1070896;2.961461;
ElbowLeft;-0.161484;-0.02738616;2.966265;
WristRight;-0.2856053;-0.3171352;2.936112;
WristLeft;-0.3159817;-0.2520338;2.963405;
HandRight;-0.3204836;-0.3687071;2.932142;
HandLeft;-0.367481;-0.3269163;2.967233;
Spine;-0.1751021;-0.1051544;3.077818;
HipCenter;-0.1922264;-0.1931356;3.119554;
HipRight;-0.1975071;-0.2286809;3.121116;
HipLeft;-0.1903922;-0.1937781;3.111135;
KneeRight;-0.06931957;-0.6619164;3.089692;
KneeLeft;-0.2831981;-0.6601943;3.234736;
AnkleRight;0.1942185;-0.9735651;3.128941;
AnkleLeft;-0.3447802;-0.9586229;3.181403;
FootRight;0.198929;-1.05877;3.136325;
FootLeft;-0.4251623;-1.035147;3.214751;
Head;-0.2442129;0.4516346;3.179039;
ShoulderCenter;-0.1891083;0.2982791;3.199984;
ShoulderRight;-0.1521351;0.1471636;3.067193;
ShoulderLeft;-0.2226463;0.1770886;3.080935;
ElbowRight;-0.1835885;-0.09804066;2.963536;
ElbowLeft;-0.3409747;-0.05987622;2.996595;
WristRight;-0.2852601;-0.3110088;2.935003;
WristLeft;-0.3802055;-0.2972116;3.106445;
HandRight;-0.3235715;-0.3733533;2.931118;
HandLeft;-0.3932824;-0.3763234;3.147857;
Spine;-0.2274671;-0.1426081;3.186352;
HipCenter;-0.2422369;-0.2193404;3.124913;
HipRight;-0.219561;-0.2375243;3.121153;
HipLeft;-0.2581145;-0.2282011;3.1234;
KneeRight;-0.1328373;-0.7363353;3.093696;
KneeLeft;-0.3696808;-0.7021186;3.253155;
AnkleRight;0.1467609;-0.9766783;3.119426;
AnkleLeft;-0.3566395;-1.004727;3.209656;
FootRight;0.1470457;-1.062743;3.104883;
FootLeft;-0.4461823;-1.073664;3.243942;
Head;-0.2034924;0.450552;3.229831;
ShoulderCenter;-0.2258892;0.2945782;3.195524;
ShoulderRight;-0.1553565;0.09809189;3.090423;
ShoulderLeft;-0.2532359;0.165955;3.049086;
ElbowRight;-0.2235494;-0.09946407;2.96213;
ElbowLeft;-0.3699899;-0.08178554;2.997888;
WristRight;-0.2949878;-0.3123923;2.934587;
WristLeft;-0.3396906;-0.3340778;3.087939;
HandRight;-0.3240042;-0.3750706;2.929215;
HandLeft;-0.3295908;-0.4181752;3.122816;
Spine;-0.314254;-0.1703323;3.215739;
HipCenter;-0.3058606;-0.2622393;3.166102;
HipRight;-0.2871208;-0.304091;3.162768;
HipLeft;-0.3317196;-0.2737539;3.165296;
KneeRight;-0.179456;-0.7461231;3.088171;
KneeLeft;-0.4223842;-0.7003912;3.257927;
AnkleRight;0.089314;-0.9895512;3.117123;
AnkleLeft;-0.369273;-1.032514;3.218498;
FootRight;0.09995031;-1.074678;3.101125;
FootLeft;-0.4632788;-1.096197;3.250863;
Head;-0.2543466;0.4546895;3.235542;
ShoulderCenter;-0.2787071;0.2961473;3.197002;
ShoulderRight;-0.2332601;0.1542786;3.068652;
ShoulderLeft;-0.308038;0.1906062;3.073689;
ElbowRight;-0.2507779;-0.09226135;2.963957;
ElbowLeft;-0.2491776;-0.02563385;2.9485;
WristRight;-0.3234382;-0.3271852;2.937039;
WristLeft;-0.2642789;-0.2995674;2.966911;
HandRight;-0.3370686;-0.387765;2.928071;
HandLeft;-0.2255194;-0.3486808;2.971571;
Spine;-0.3386585;-0.1639575;3.206527;
HipCenter;-0.3517795;-0.2486422;3.149449;
HipRight;-0.337281;-0.2637646;3.151545;
HipLeft;-0.3679304;-0.2710785;3.145024;
KneeRight;-0.2658717;-0.7146869;3.091643;
KneeLeft;-0.4196594;-0.6982605;3.134334;
AnkleRight;-0.02117451;-0.9447416;3.102258;
AnkleLeft;-0.3724304;-1.029771;3.217263;
FootRight;-0.004262758;-1.026954;3.084082;
FootLeft;-0.4414281;-1.084975;3.215253;
Head;-0.2953276;0.4684382;3.231707;
ShoulderCenter;-0.3060021;0.3039641;3.193329;
ShoulderRight;-0.2650441;0.156942;3.067063;
ShoulderLeft;-0.3549078;0.2176823;3.105482;
ElbowRight;-0.2830613;-0.1043123;2.965051;
ElbowLeft;-0.3038714;0.02121725;2.955039;
WristRight;-0.3362971;-0.3167863;2.93881;
WristLeft;-0.3767068;-0.2459545;2.965021;
HandRight;-0.3563151;-0.3748601;2.932516;
HandLeft;-0.3962486;-0.3265691;2.974958;
Spine;-0.3627551;-0.1482966;3.193575;
HipCenter;-0.3922133;-0.2276224;3.137532;
HipRight;-0.3736962;-0.2515348;3.129119;
HipLeft;-0.4178498;-0.2497438;3.140481;
KneeRight;-0.3328353;-0.6955593;3.092413;
KneeLeft;-0.4117542;-0.7070875;3.085843;
AnkleRight;-0.1048248;-0.9426988;3.110065;
AnkleLeft;-0.375008;-1.030601;3.220197;
FootRight;-0.1391005;-1.033474;3.100536;
FootLeft;-0.4408478;-1.085565;3.217856;
Head;-0.4016507;0.4651459;3.176836;
ShoulderCenter;-0.3523154;0.3089757;3.192294;
ShoulderRight;-0.2957619;0.1628849;3.066917;
ShoulderLeft;-0.4011408;0.1864094;3.097003;
ElbowRight;-0.309215;-0.09935394;2.963761;
ElbowLeft;-0.3698554;-0.0807265;3.004011;
WristRight;-0.3646422;-0.299405;2.938537;
WristLeft;-0.4334764;-0.3497111;2.996672;
HandRight;-0.3528734;-0.3590231;2.929653;
HandLeft;-0.4525549;-0.4300974;3.005507;
Spine;-0.3926722;-0.1579367;3.189697;
HipCenter;-0.4173878;-0.2408301;3.132065;
HipRight;-0.3953346;-0.2535226;3.121668;
HipLeft;-0.4473844;-0.2770385;3.136822;
KneeRight;-0.5012447;-0.6149324;3.077438;
KneeLeft;-0.3376559;-0.6927735;3.202564;
AnkleRight;-0.2559727;-0.9441067;3.096684;
AnkleLeft;-0.3758546;-1.029703;3.216702;
FootRight;-0.2395186;-1.056556;3.093242;
FootLeft;-0.4416301;-1.085428;3.218362;
Head;-0.3730858;0.4738123;3.221485;
ShoulderCenter;-0.3918616;0.3116399;3.19518;
ShoulderRight;-0.3443175;0.1686704;3.061918;
ShoulderLeft;-0.3673062;0.2347446;3.05216;
ElbowRight;-0.336012;-0.09753624;2.962847;
ElbowLeft;-0.3772288;-0.0357843;2.972464;
WristRight;-0.3801772;-0.3087245;2.930931;
WristLeft;-0.4598195;-0.2983521;2.968594;
HandRight;-0.3631406;-0.367914;2.923835;
HandLeft;-0.4703127;-0.3583848;2.957194;
Spine;-0.4886625;-0.1150013;3.192177;
HipCenter;-0.4762255;-0.1978569;3.139617;
HipRight;-0.473886;-0.2057278;3.115905;
HipLeft;-0.4852776;-0.2329987;3.157373;
KneeRight;-0.5506018;-0.6229512;3.075688;
KneeLeft;-0.4174588;-0.6599975;3.250555;
AnkleRight;-0.3333853;-0.9733826;3.109568;
AnkleLeft;-0.4116344;-1.019251;3.161821;
FootRight;-0.3950118;-1.069958;3.119159;
FootLeft;-0.4504938;-1.090959;3.192654;
Head;-0.4169244;0.4785247;3.208586;
ShoulderCenter;-0.4272229;0.3149434;3.185354;
ShoulderRight;-0.3742797;0.1695161;3.066164;
ShoulderLeft;-0.4777683;0.2040411;3.109446;
ElbowRight;-0.3632534;-0.09113637;2.960091;
ElbowLeft;-0.4326572;-0.05403267;3.007169;
WristRight;-0.4147637;-0.2842848;2.922745;
WristLeft;-0.3883646;-0.3201651;2.956449;
HandRight;-0.4058424;-0.3673967;2.922228;
HandLeft;-0.3682324;-0.4249487;2.953102;
Spine;-0.4480565;-0.1340618;3.172921;
HipCenter;-0.4736773;-0.2142405;3.111003;
HipRight;-0.4539987;-0.2289027;3.083091;
HipLeft;-0.4970607;-0.2592813;3.119017;
KneeRight;-0.6188807;-0.6129283;3.061108;
KneeLeft;-0.4540088;-0.6807782;3.262536;
AnkleRight;-0.4663829;-0.9901184;3.109167;
AnkleLeft;-0.3390368;-1.070404;3.250375;
FootRight;-0.5284719;-1.085451;3.126196;
FootLeft;-0.380959;-1.144024;3.272374;
Head;-0.4419108;0.482789;3.209391;
ShoulderCenter;-0.4545899;0.3176103;3.182664;
ShoulderRight;-0.3957069;0.1705404;3.059597;
ShoulderLeft;-0.4815611;0.2181764;3.085439;
ElbowRight;-0.3900928;-0.09078673;2.962668;
ElbowLeft;-0.4498479;-0.04340859;2.997092;
WristRight;-0.4267805;-0.2856867;2.924144;
WristLeft;-0.4112318;-0.3088609;2.949421;
HandRight;-0.4246216;-0.3707483;2.922704;
HandLeft;-0.3890818;-0.4317864;2.944104;
Spine;-0.4711725;-0.1364436;3.169551;
HipCenter;-0.4867278;-0.2167036;3.107596;
HipRight;-0.4691127;-0.2314498;3.083113;
HipLeft;-0.5073998;-0.2569;3.1182;
KneeRight;-0.681789;-0.6235784;3.061518;
KneeLeft;-0.4736698;-0.6892856;3.25527;
AnkleRight;-0.5187455;-0.9960612;3.133142;
AnkleLeft;-0.4233768;-1.041013;3.188725;
FootRight;-0.6121103;-1.060076;3.115113;
FootLeft;-0.465299;-1.114632;3.210724;
Head;-0.5656306;0.4651591;3.157451;
ShoulderCenter;-0.5044109;0.3106368;3.183116;
ShoulderRight;-0.4583722;0.1621374;3.053143;
ShoulderLeft;-0.5357286;0.2268616;3.087608;
ElbowRight;-0.4238045;-0.0988383;2.9626;
ElbowLeft;-0.5037267;-0.03492753;2.998807;
WristRight;-0.4525419;-0.2942838;2.916933;
WristLeft;-0.6488289;-0.1626484;3.173767;
HandRight;-0.4564947;-0.3803771;2.921183;
HandLeft;-0.6833721;-0.2090415;3.146894;
Spine;-0.4980925;-0.1440681;3.165255;
HipCenter;-0.5150197;-0.2242174;3.104979;
HipRight;-0.4972125;-0.2370436;3.092256;
HipLeft;-0.5349723;-0.2585352;3.108547;
KneeRight;-0.7197633;-0.6438125;3.071997;
KneeLeft;-0.4859563;-0.6848108;3.254426;
AnkleRight;-0.70643;-1.056757;3.122504;
AnkleLeft;-0.3973159;-1.033775;3.197943;
FootRight;-0.8103193;-1.108222;3.14396;
FootLeft;-0.4763547;-1.09564;3.25981;
Head;-0.5916632;0.4606379;3.15132;
ShoulderCenter;-0.5455532;0.3058372;3.172786;
ShoulderRight;-0.4832691;0.1598133;3.05215;
ShoulderLeft;-0.561986;0.1843728;3.026499;
ElbowRight;-0.4581589;-0.1031765;2.963345;
ElbowLeft;-0.5598776;-0.08502705;2.968834;
WristRight;-0.5053638;-0.2965415;2.926504;
WristLeft;-0.7043961;-0.1831135;3.161504;
HandRight;-0.4832225;-0.3648698;2.912101;
HandLeft;-0.757811;-0.2266489;3.214975;
Spine;-0.5731538;-0.1546413;3.154342;
HipCenter;-0.5562772;-0.237148;3.095318;
HipRight;-0.5380971;-0.2497325;3.077974;
HipLeft;-0.5730775;-0.2656903;3.105684;
KneeRight;-0.7518648;-0.6410356;3.077868;
KneeLeft;-0.5113533;-0.6631663;3.250877;
AnkleRight;-0.8221475;-1.047909;3.142081;
AnkleLeft;-0.3975714;-1.031602;3.198059;
FootRight;-0.9307592;-1.094722;3.147556;
FootLeft;-0.4577362;-1.097223;3.221164;
Head;-0.6445336;0.4543664;3.141556;
ShoulderCenter;-0.5793795;0.3044825;3.165881;
ShoulderRight;-0.4864459;0.1022439;3.056758;
ShoulderLeft;-0.6517025;0.1520231;3.077811;
ElbowRight;-0.5038362;-0.1068834;2.958742;
ElbowLeft;-0.5803745;-0.1023284;2.986662;
WristRight;-0.5404868;-0.3436989;2.923494;
WristLeft;-0.742227;-0.1916205;3.170889;
HandRight;-0.5265293;-0.4051186;2.914948;
HandLeft;-0.9583496;-0.3458457;3.351286;
Spine;-0.588696;-0.1736084;3.153492;
HipCenter;-0.5964268;-0.2601174;3.091765;
HipRight;-0.5564843;-0.2905994;3.070064;
HipLeft;-0.6402133;-0.3103074;3.101058;
KneeRight;-0.8020419;-0.6743737;3.086602;
KneeLeft;-0.5176918;-0.6580263;3.249524;
AnkleRight;-0.9499773;-1.063139;3.147916;
AnkleLeft;-0.396224;-1.031256;3.199614;
FootRight;-1.065207;-1.087198;3.129495;
FootLeft;-0.4703543;-1.102066;3.233198;
Head;-0.689465;0.4383514;3.152161;
ShoulderCenter;-0.6162462;0.2930381;3.150774;
ShoulderRight;-0.5767813;0.1426674;3.03803;
ShoulderLeft;-0.637021;0.1586341;3.007536;
ElbowRight;-0.5450204;-0.1196979;2.952616;
ElbowLeft;-0.7606819;-0.00806798;3.152109;
WristRight;-0.5813869;-0.3357304;2.92477;
WristLeft;-0.8997309;-0.2046822;3.260338;
HandRight;-0.5534419;-0.3898902;2.907115;
HandLeft;-0.9482204;-0.2677475;3.292599;
Spine;-0.703918;-0.1674314;3.179988;
HipCenter;-0.6933344;-0.2601383;3.135137;
HipRight;-0.6780841;-0.2697057;3.130389;
HipLeft;-0.7123372;-0.2787704;3.138418;
KneeRight;-0.8044091;-0.6469907;3.078999;
KneeLeft;-0.5517157;-0.6699445;3.246629;
AnkleRight;-0.9982702;-1.012748;3.142247;
AnkleLeft;-0.3963984;-1.030892;3.1996;
FootRight;-1.107366;-1.055778;3.123427;
FootLeft;-0.3538363;-1.076819;3.117462;
Head;-0.647126;0.4462799;3.181925;
ShoulderCenter;-0.6798922;0.2844702;3.152805;
ShoulderRight;-0.6144745;0.1408795;3.036165;
ShoulderLeft;-0.7016848;0.1878178;3.04513;
ElbowRight;-0.5878129;-0.1191362;2.949458;
ElbowLeft;-0.8168802;-0.001398787;3.167391;
WristRight;-0.6023627;-0.3240035;2.916735;
WristLeft;-0.9468524;-0.2055306;3.267751;
HandRight;-0.5890041;-0.3816269;2.895734;
HandLeft;-0.9904046;-0.272092;3.297494;
Spine;-0.7145236;-0.1831824;3.16618;
HipCenter;-0.7248244;-0.2703514;3.111912;
HipRight;-0.7067173;-0.2856054;3.09737;
HipLeft;-0.7531795;-0.3023414;3.117821;
KneeRight;-0.9186926;-0.6775275;3.114249;
KneeLeft;-0.5681297;-0.6790442;3.251074;
AnkleRight;-1.065036;-1.064757;3.159812;
AnkleLeft;-0.4030558;-1.028847;3.197625;
FootRight;-1.174207;-1.075944;3.127854;
FootLeft;-0.4489511;-1.103071;3.202061;
Head;-0.783731;0.4144982;3.127815;
ShoulderCenter;-0.7210407;0.2777573;3.148451;
ShoulderRight;-0.667736;0.1276275;3.030221;
ShoulderLeft;-0.7314026;0.1818364;3.031189;
ElbowRight;-0.6299369;-0.1286766;2.944303;
ElbowLeft;-0.8387198;0.01045555;3.115155;
WristRight;-0.6649592;-0.3253583;2.913317;
WristLeft;-0.9581774;-0.1801687;3.242468;
HandRight;-0.6766333;-0.3909189;2.907741;
HandLeft;-0.9991247;-0.2456475;3.274857;
Spine;-0.7390939;-0.1914142;3.155486;
HipCenter;-0.7396416;-0.278497;3.099861;
HipRight;-0.7177678;-0.2904969;3.094072;
HipLeft;-0.7631502;-0.3074715;3.100121;
KneeRight;-0.951246;-0.6851588;3.108014;
KneeLeft;-0.584969;-0.6870416;3.247932;
AnkleRight;-1.051404;-1.052463;3.164437;
AnkleLeft;-0.4105162;-1.027192;3.1971;
FootRight;-1.163363;-1.087854;3.152823;
FootLeft;-0.4494739;-1.10505;3.20224;
Head;-0.8102026;0.4236839;3.104012;
ShoulderCenter;-0.7599097;0.2684579;3.139039;
ShoulderRight;-0.7133988;0.1230431;3.02247;
ShoulderLeft;-0.7983248;0.1378349;3.013741;
ElbowRight;-0.6941013;-0.1339125;2.947052;
ElbowLeft;-0.8645916;-0.04432061;3.166234;
WristRight;-0.7092164;-0.3270985;2.905879;
WristLeft;-1.010737;-0.233484;3.265783;
HandRight;-0.7142548;-0.3914938;2.896872;
HandLeft;-1.120255;-0.3737861;3.321755;
Spine;-0.7555211;-0.2075771;3.13714;
HipCenter;-0.7490789;-0.2952864;3.079;
HipRight;-0.7254457;-0.3041927;3.084315;
HipLeft;-0.772631;-0.3305115;3.061977;
KneeRight;-0.9530265;-0.6680849;3.095416;
KneeLeft;-0.6013153;-0.6947219;3.249168;
AnkleRight;-1.052021;-1.048339;3.164093;
AnkleLeft;-0.4334789;-1.021444;3.206776;
FootRight;-1.159913;-1.094847;3.159335;
FootLeft;-0.4202013;-1.062886;3.114251;
Head;-0.8450676;0.412659;3.09406;
ShoulderCenter;-0.8105412;0.2682339;3.120942;
ShoulderRight;-0.7645119;0.1186441;3.012026;
ShoulderLeft;-0.8437731;0.1283496;2.991951;
ElbowRight;-0.7456978;-0.1101408;2.940908;
ElbowLeft;-0.8451414;-0.1344699;2.993365;
WristRight;-0.7453676;-0.3028422;2.893949;
WristLeft;-1.00286;-0.2308645;3.168279;
HandRight;-0.7452576;-0.367076;2.883033;
HandLeft;-1.040546;-0.2942307;3.208764;
Spine;-0.7844674;-0.214068;3.130365;
HipCenter;-0.7642692;-0.302023;3.075802;
HipRight;-0.7407511;-0.311049;3.080324;
HipLeft;-0.7843653;-0.3330931;3.063721;
KneeRight;-1.009047;-0.6853974;3.094492;
KneeLeft;-0.7743533;-0.7038923;3.207325;
AnkleRight;-1.058283;-1.048375;3.162815;
AnkleLeft;-0.4811916;-0.99331;3.214576;
FootRight;-1.156727;-1.10637;3.190068;
FootLeft;-0.4555026;-1.034693;3.124796;
Head;-0.8967669;0.41741;3.077729;
ShoulderCenter;-0.8493025;0.2721094;3.111268;
ShoulderRight;-0.7842883;0.09503625;3.002448;
ShoulderLeft;-0.8614752;0.1404791;2.982949;
ElbowRight;-0.8031004;-0.1671905;2.924489;
ElbowLeft;-0.8230348;-0.1207184;2.911237;
WristRight;-0.8486584;-0.3595633;2.90395;
WristLeft;-0.9782888;-0.2456894;3.075541;
HandRight;-0.8638445;-0.4236876;2.901862;
HandLeft;-1.006628;-0.2809597;3.118614;
Spine;-0.8363481;-0.1966319;3.135427;
HipCenter;-0.8153362;-0.2853711;3.086471;
HipRight;-0.7915109;-0.301823;3.096573;
HipLeft;-0.8356644;-0.3196948;3.072916;
KneeRight;-1.047355;-0.6297169;3.079871;
KneeLeft;-0.7038926;-0.7642214;3.263438;
AnkleRight;-1.068122;-1.037888;3.162752;
AnkleLeft;-0.5113531;-1.010179;3.215276;
FootRight;-1.16022;-1.105365;3.190338;
FootLeft;-0.4828871;-1.052473;3.126772;
Head;-0.9319705;0.4322619;3.073804;
ShoulderCenter;-0.8889715;0.2784464;3.097658;
ShoulderRight;-0.8433785;0.137675;2.995374;
ShoulderLeft;-0.8938589;0.1530469;2.966359;
ElbowRight;-0.8596725;-0.1242305;2.915752;
ElbowLeft;-0.8070605;0.008386835;3.145738;
WristRight;-0.8956031;-0.3255245;2.897388;
WristLeft;-0.9329197;-0.1014554;3.34024;
HandRight;-0.9075799;-0.3926225;2.89604;
HandLeft;-0.9636116;-0.1388158;3.380169;
Spine;-0.8931811;-0.1786433;3.114868;
HipCenter;-0.8628116;-0.2649619;3.071671;
HipRight;-0.8428338;-0.2741719;3.090079;
HipLeft;-0.880188;-0.3036856;3.049816;
KneeRight;-1.074428;-0.6383165;3.072836;
KneeLeft;-0.7560177;-0.74914;3.239692;
AnkleRight;-1.072523;-1.043181;3.165584;
AnkleLeft;-0.5507555;-0.9840581;3.226154;
FootRight;-1.022614;-1.085388;3.085707;
FootLeft;-0.5848733;-1.068759;3.238801;
Head;-0.9159237;0.4349802;3.086263;
ShoulderCenter;-0.9373323;0.2805842;3.098255;
ShoulderRight;-0.8936107;0.1356456;2.9882;
ShoulderLeft;-0.9053222;0.1578668;2.960896;
ElbowRight;-0.9119493;-0.124998;2.905817;
ElbowLeft;-0.8408604;-0.03355187;3.107051;
WristRight;-0.9841963;-0.3317203;2.898531;
WristLeft;-0.965997;-0.1555718;3.294308;
HandRight;-1.008279;-0.4006277;2.900895;
HandLeft;-0.9967431;-0.1929982;3.334308;
Spine;-0.956884;-0.1503575;3.086692;
HipCenter;-0.9050835;-0.2313559;3.068294;
HipRight;-0.8905439;-0.2749972;3.013435;
HipLeft;-0.9127453;-0.2942996;3.113922;
KneeRight;-1.071394;-0.626605;3.073242;
KneeLeft;-0.7917427;-0.754488;3.234689;
AnkleRight;-1.078508;-1.030271;3.166819;
AnkleLeft;-0.6015737;-1.000987;3.221502;
FootRight;-0.9885313;-1.072038;3.135558;
FootLeft;-0.5115967;-1.042754;3.190241;
Head;-1.015954;0.4398389;3.059877;
ShoulderCenter;-0.9682841;0.2844911;3.089156;
ShoulderRight;-0.9168218;0.2103153;3.058227;
ShoulderLeft;-0.9687648;0.1583546;2.939886;
ElbowRight;-0.9487592;-0.03600353;2.933201;
ElbowLeft;-0.8900025;0.002132609;3.112711;
WristRight;-1.01879;-0.2927939;2.904409;
WristLeft;-1.015159;-0.1102086;3.305108;
HandRight;-1.060491;-0.4369056;2.912392;
HandLeft;-1.045745;-0.1474397;3.3449;
Spine;-0.9803954;-0.1181897;3.091083;
HipCenter;-0.9312398;-0.1894503;3.069486;
HipRight;-0.9101855;-0.237092;3.015579;
HipLeft;-0.9382575;-0.2604344;3.115529;
KneeRight;-1.059243;-0.6855006;3.097573;
KneeLeft;-0.9770885;-0.7283271;3.2517;
AnkleRight;-1.080531;-1.054515;3.175877;
AnkleLeft;-0.742373;-0.9321541;3.229867;
FootRight;-0.9935991;-1.0964;3.134102;
FootLeft;-0.7535192;-1.045441;3.244507;
Head;-1.043143;0.454205;3.051008;
ShoulderCenter;-1.011594;0.3033445;3.068869;
ShoulderRight;-0.9566191;0.207637;3.032285;
ShoulderLeft;-1.019005;0.1668608;2.939232;
ElbowRight;-1.007299;-0.0405291;2.920881;
ElbowLeft;-0.9431055;-0.009841606;3.095395;
WristRight;-1.093004;-0.2923883;2.890063;
WristLeft;-1.057507;-0.1335011;3.287488;
HandRight;-1.122347;-0.3718951;2.88389;
HandLeft;-1.088248;-0.1709207;3.327481;
Spine;-0.9934412;-0.1261665;3.092742;
HipCenter;-0.9464712;-0.2022864;3.064727;
HipRight;-0.9239529;-0.2341332;3.025025;
HipLeft;-0.9624307;-0.2579269;3.094349;
KneeRight;-1.063741;-0.6896884;3.104057;
KneeLeft;-0.981105;-0.7313763;3.255513;
AnkleRight;-1.083924;-1.054151;3.175421;
AnkleLeft;-0.8559968;-1.01262;3.259882;
FootRight;-1.00498;-1.095895;3.11824;
FootLeft;-0.7770529;-1.054364;3.202701;
Head;-1.071489;0.4527029;3.059122;
ShoulderCenter;-1.054486;0.3000877;3.080646;
ShoulderRight;-1.002314;0.1485179;2.971094;
ShoulderLeft;-1.0365;0.1719403;2.93808;
ElbowRight;-1.072414;-0.1042336;2.899291;
ElbowLeft;-0.9652404;-0.01381709;3.08622;
WristRight;-1.184773;-0.3310449;2.869962;
WristLeft;-1.080907;-0.1395089;3.275591;
HandRight;-1.215404;-0.4055966;2.86779;
HandLeft;-1.111478;-0.176722;3.315363;
Spine;-1.047652;-0.12897;3.092225;
HipCenter;-1.002511;-0.2074419;3.058283;
HipRight;-0.9830315;-0.2452765;3.008469;
HipLeft;-1.010943;-0.2725565;3.100497;
KneeRight;-1.083935;-0.707037;3.115226;
KneeLeft;-0.990077;-0.7570493;3.253454;
AnkleRight;-1.05997;-1.040939;3.205363;
AnkleLeft;-0.9534732;-1.057047;3.28008;
FootRight;-0.9876342;-1.082724;3.140543;
FootLeft;-0.8811374;-1.098831;3.21526;
Head;-1.073849;0.4645406;3.081238;
ShoulderCenter;-1.083955;0.3021792;3.079042;
ShoulderRight;-1.02523;0.1049123;2.973691;
ShoulderLeft;-1.109745;0.1675926;2.932163;
ElbowRight;-1.131772;-0.1114179;2.890343;
ElbowLeft;-1.031368;-0.009782016;3.086212;
WristRight;-1.264619;-0.3235284;2.880244;
WristLeft;-1.142991;-0.135022;3.278478;
HandRight;-1.308292;-0.3957449;2.877485;
HandLeft;-1.173539;-0.1722068;3.31822;
Spine;-1.130375;-0.1160593;3.09639;
HipCenter;-1.110612;-0.197045;3.052189;
HipRight;-1.089587;-0.2575366;2.989943;
HipLeft;-1.13601;-0.2591484;3.104445;
KneeRight;-1.105507;-0.709141;3.109023;
KneeLeft;-1.336536;-0.6528103;3.229844;
AnkleRight;-1.075671;-1.045865;3.198112;
AnkleLeft;-1.028334;-0.9233612;3.278202;
FootRight;-1.172732;-1.120266;3.199073;
FootLeft;-1.06939;-1.034318;3.30881;
Head;-1.126581;0.4583241;3.05387;
ShoulderCenter;-1.133366;0.2990526;3.066783;
ShoulderRight;-1.081438;0.1552055;2.959387;
ShoulderLeft;-1.154508;0.1575758;2.929861;
ElbowRight;-1.182462;-0.08738671;2.885964;
ElbowLeft;-1.064504;-0.002688676;3.094581;
WristRight;-1.332722;-0.3072617;2.884152;
WristLeft;-1.186057;-0.1178884;3.287564;
HandRight;-1.372772;-0.3810995;2.886294;
HandLeft;-1.216458;-0.1548942;3.327115;
Spine;-1.188191;-0.1013721;3.112894;
HipCenter;-1.179375;-0.1828705;3.076589;
HipRight;-1.167105;-0.2450508;3.015128;
HipLeft;-1.204065;-0.2507772;3.136791;
KneeRight;-1.118473;-0.7149185;3.110427;
KneeLeft;-1.36172;-0.7267386;3.240853;
AnkleRight;-1.097384;-1.05947;3.186409;
AnkleLeft;-1.264852;-1.092925;3.275682;
FootRight;-1.182724;-1.126643;3.200233;
FootLeft;-1.228417;-1.140589;3.188621;
Head;-1.149415;0.4655975;3.080276;
ShoulderCenter;-1.173958;0.3009097;3.070517;
ShoulderRight;-1.110103;0.1569884;2.958054;
ShoulderLeft;-1.17458;0.1616906;2.928157;
ElbowRight;-1.220049;-0.08197793;2.887067;
ElbowLeft;-1.089815;0.01320229;3.104038;
WristRight;-1.382586;-0.2929085;2.881999;
WristLeft;-1.210631;-0.09916645;3.298753;
HandRight;-1.442;-0.3508355;2.893862;
HandLeft;-1.240955;-0.1360793;3.338205;
Spine;-1.212814;-0.1173356;3.107748;
HipCenter;-1.201692;-0.2013789;3.074461;
HipRight;-1.184038;-0.244774;3.026276;
HipLeft;-1.221052;-0.2537503;3.120334;
KneeRight;-1.129778;-0.7192535;3.112273;
KneeLeft;-1.404589;-0.718819;3.238086;
AnkleRight;-1.100307;-1.06032;3.185781;
AnkleLeft;-1.345499;-1.056684;3.243565;
FootRight;-1.181045;-1.126132;3.196331;
FootLeft;-1.304429;-1.103431;3.157883;
Head;-1.266807;0.4576558;3.066753;
ShoulderCenter;-1.210522;0.303137;3.069219;
ShoulderRight;-1.162293;0.1562243;2.963344;
ShoulderLeft;-1.242329;0.1629634;2.943728;
ElbowRight;-1.270097;-0.07966304;2.874246;
ElbowLeft;-1.130651;0.0474379;3.127536;
WristRight;-1.440784;-0.2821035;2.888154;
WristLeft;-1.260992;-0.05512484;3.321349;
HandRight;-1.48345;-0.3359558;2.888206;
HandLeft;-1.291148;-0.09183329;3.360582;
Spine;-1.269591;-0.1020113;3.13188;
HipCenter;-1.269976;-0.1862351;3.105328;
HipRight;-1.26054;-0.23762;3.064293;
HipLeft;-1.290734;-0.2388382;3.150993;
KneeRight;-1.177894;-0.7061475;3.10725;
KneeLeft;-1.465477;-0.7132322;3.246834;
AnkleRight;-1.102175;-1.06031;3.185077;
AnkleLeft;-1.453922;-1.060625;3.217088;
FootRight;-1.179823;-1.125943;3.194671;
FootLeft;-1.559642;-1.109507;3.252116;
Head;-1.269781;0.4617026;3.05891;
ShoulderCenter;-1.255891;0.2966248;3.060845;
ShoulderRight;-1.192251;0.1549204;2.959598;
ShoulderLeft;-1.24754;0.1656101;2.939876;
ElbowRight;-1.303872;-0.07605207;2.878655;
ElbowLeft;-1.171556;0.09377708;3.159568;
WristRight;-1.453593;-0.2376151;2.882961;
WristLeft;-1.311412;-0.0003636703;3.355175;
HandRight;-1.504549;-0.3033681;2.886174;
HandLeft;-1.341529;-0.03702366;3.394356;
Spine;-1.294835;-0.1036801;3.120841;
HipCenter;-1.291092;-0.186846;3.09885;
HipRight;-1.283183;-0.2361598;3.053417;
HipLeft;-1.309403;-0.2430022;3.148323;
KneeRight;-1.183033;-0.7059724;3.109018;
KneeLeft;-1.505766;-0.71227;3.238933;
AnkleRight;-1.107673;-1.060757;3.183577;
AnkleLeft;-1.597523;-1.091415;3.228417;
FootRight;-1.180394;-1.126382;3.195182;
FootLeft;-1.681952;-1.124933;3.22798;
Head;-1.283147;0.4596521;3.068992;
ShoulderCenter;-1.308056;0.2970372;3.077406;
ShoulderRight;-1.243127;0.1533832;2.972815;
ShoulderLeft;-1.313644;0.1495536;2.924757;
ElbowRight;-1.343074;-0.06262209;2.886906;
ElbowLeft;-1.21372;0.02184255;3.110877;
WristRight;-1.472764;-0.2131324;2.881643;
WristLeft;-1.341502;-0.08471023;3.307788;
HandRight;-1.511668;-0.2515442;2.883646;
HandLeft;-1.371424;-0.1211331;3.346716;
Spine;-1.328743;-0.1188822;3.094243;
HipCenter;-1.314448;-0.201801;3.06776;
HipRight;-1.292923;-0.238845;3.026495;
HipLeft;-1.338847;-0.2536982;3.106928;
KneeRight;-1.193583;-0.7067369;3.108775;
KneeLeft;-1.540752;-0.7185705;3.226865;
AnkleRight;-1.109856;-1.060842;3.182989;
AnkleLeft;-1.629354;-1.012565;3.193667;
FootRight;-1.183535;-1.127118;3.19595;
FootLeft;-1.575099;-1.057204;3.115865;
Head;-1.318748;0.4532915;3.069119;
ShoulderCenter;-1.35098;0.288562;3.067718;
ShoulderRight;-1.285087;0.1430259;2.964964;
ShoulderLeft;-1.329514;0.1497939;2.926206;
ElbowRight;-1.370467;-0.05908435;2.891867;
ElbowLeft;-1.248483;0.01652303;3.11617;
WristRight;-1.504177;-0.2057597;2.87492;
WristLeft;-1.373813;-0.09137244;3.313159;
HandRight;-1.543238;-0.252121;2.876229;
HandLeft;-1.403492;-0.1274996;3.35177;
Spine;-1.389527;-0.12764;3.093545;
HipCenter;-1.373477;-0.211472;3.075585;
HipRight;-1.36037;-0.2477843;3.03786;
HipLeft;-1.389655;-0.2515369;3.112365;
KneeRight;-1.233886;-0.7042552;3.105513;
KneeLeft;-1.569366;-0.7291269;3.228126;
AnkleRight;-1.111487;-1.05969;3.183112;
AnkleLeft;-1.668648;-1.018151;3.192583;
FootRight;-1.184147;-1.126943;3.195822;
FootLeft;-1.606609;-1.064453;3.122644;
Head;-1.445292;0.4528916;3.067374;
ShoulderCenter;-1.404462;0.2938705;3.07443;
ShoulderRight;-1.332821;0.1402867;2.982934;
ShoulderLeft;-1.386658;0.1642122;2.944994;
ElbowRight;-1.418906;-0.05496345;2.88832;
ElbowLeft;-1.462197;-0.09206504;2.898172;
WristRight;-1.521998;-0.2238471;2.86816;
WristLeft;-1.625937;-0.2159185;3.055606;
HandRight;-1.556358;-0.2735981;2.862911;
HandLeft;-1.655642;-0.2520776;3.094252;
Spine;-1.442494;-0.1347725;3.103179;
HipCenter;-1.43173;-0.2213158;3.085898;
HipRight;-1.418953;-0.2512327;3.057117;
HipLeft;-1.447759;-0.252815;3.114315;
KneeRight;-1.253875;-0.7063279;3.102564;
KneeLeft;-1.614411;-0.7395478;3.202965;
AnkleRight;-1.114319;-1.05985;3.182556;
AnkleLeft;-1.646836;-1.04019;3.203461;
FootRight;-1.177415;-1.122314;3.183724;
FootLeft;-1.715793;-0.9849199;3.212083;
Head;-1.460886;0.4439434;3.060734;
ShoulderCenter;-1.444534;0.2869543;3.081915;
ShoulderRight;-1.375939;0.1400776;2.981687;
ShoulderLeft;-1.440933;0.1493288;2.950511;
ElbowRight;-1.438849;-0.0566297;2.89132;
ElbowLeft;-1.488426;-0.1134584;2.890431;
WristRight;-1.578632;-0.2343366;2.833231;
WristLeft;-1.652663;-0.2252153;3.057117;
HandRight;-1.623451;-0.2880216;2.82046;
HandLeft;-1.682402;-0.2614161;3.095807;
Spine;-1.46265;-0.1280713;3.098558;
HipCenter;-1.454482;-0.2104468;3.077428;
HipRight;-1.449368;-0.2602025;3.027727;
HipLeft;-1.46515;-0.2529858;3.116699;
KneeRight;-1.316239;-0.7218362;3.110464;
KneeLeft;-1.621796;-0.7398888;3.198834;
AnkleRight;-1.122834;-1.062095;3.181217;
AnkleLeft;-1.67573;-1.034626;3.211813;
FootRight;-1.187059;-1.123897;3.18876;
FootLeft;-1.70443;-0.951071;3.21018;
Head;-1.526446;0.4390168;3.054553;
ShoulderCenter;-1.495383;0.2884254;3.08283;
ShoulderRight;-1.426275;0.1409281;2.984581;
ShoulderLeft;-1.456278;0.1521888;2.947014;
ElbowRight;-1.490683;-0.07557644;2.897052;
ElbowLeft;-1.507209;-0.112388;2.896821;
WristRight;-1.52922;-0.2557902;2.959666;
WristLeft;-1.671617;-0.2282356;3.062867;
HandRight;-1.554365;-0.310333;2.969792;
HandLeft;-1.701428;-0.2645238;3.101651;
Spine;-1.484589;-0.1292234;3.085303;
HipCenter;-1.461667;-0.2101206;3.071821;
HipRight;-1.454677;-0.2511517;3.028837;
HipLeft;-1.472511;-0.2483636;3.104231;
KneeRight;-1.361448;-0.688683;3.082838;
KneeLeft;-1.624918;-0.6486434;3.162513;
AnkleRight;-1.172021;-1.032228;3.171902;
AnkleLeft;-1.661598;-0.9411138;3.202911;
FootRight;-1.211875;-1.122184;3.18836;
FootLeft;-1.58604;-0.983005;3.146085;
Head;-1.521912;0.4400244;3.064669;
ShoulderCenter;-1.523186;0.2905923;3.099756;
ShoulderRight;-1.458068;0.1607253;3.002588;
ShoulderLeft;-1.478214;0.1534361;2.969898;
ElbowRight;-1.511184;-0.07747333;2.913423;
ElbowLeft;-1.528831;-0.1127669;2.924795;
WristRight;-1.562137;-0.3300183;2.944308;
WristLeft;-1.694828;-0.2204197;3.096163;
HandRight;-1.587359;-0.3847272;2.954466;
HandLeft;-1.72473;-0.2568185;3.135064;
Spine;-1.502154;-0.1426959;3.085211;
HipCenter;-1.473944;-0.2247507;3.070177;
HipRight;-1.469918;-0.2471841;3.049086;
HipLeft;-1.479507;-0.2463906;3.090117;
KneeRight;-1.413576;-0.698059;3.076592;
KneeLeft;-1.590514;-0.6406997;3.11451;
AnkleRight;-1.196578;-1.028324;3.155197;
AnkleLeft;-1.677843;-0.9031174;3.20885;
FootRight;-1.215427;-1.113559;3.16329;
FootLeft;-1.597872;-0.9436208;3.157842;
Head;-1.555515;0.4404607;3.075763;
ShoulderCenter;-1.542099;0.2854316;3.098059;
ShoulderRight;-1.491502;0.1425321;3.032724;
ShoulderLeft;-1.505139;0.1594084;2.990369;
ElbowRight;-1.536;-0.04446885;2.950633;
ElbowLeft;-1.538873;-0.02271545;2.887632;
WristRight;-1.56281;-0.3129654;2.945949;
WristLeft;-1.703508;-0.0976801;3.073602;
HandRight;-1.587889;-0.3673674;2.956049;
HandLeft;-1.733242;-0.1338747;3.112286;
Spine;-1.529735;-0.1330135;3.10373;
HipCenter;-1.497793;-0.2125397;3.102406;
HipRight;-1.487157;-0.2441292;3.071308;
HipLeft;-1.501965;-0.2272687;3.131412;
KneeRight;-1.476183;-0.701053;3.062574;
KneeLeft;-1.597628;-0.6032025;3.158541;
AnkleRight;-1.248635;-1.016923;3.136234;
AnkleLeft;-1.706592;-0.9345512;3.215262;
FootRight;-1.243532;-1.103252;3.125183;
FootLeft;-1.616087;-0.9756182;3.189915;
Head;-1.600327;0.4613923;3.104616;
ShoulderCenter;-1.576198;0.2991815;3.101931;
ShoulderRight;-1.511672;0.1556908;3.036692;
ShoulderLeft;-1.527782;0.1860313;2.99985;
ElbowRight;-1.546744;-0.05605525;2.999549;
ElbowLeft;-1.540666;-0.02758361;2.946262;
WristRight;-1.575936;-0.2868268;2.990316;
WristLeft;-1.707013;-0.1196253;3.123122;
HandRight;-1.600885;-0.3409443;3.000364;
HandLeft;-1.736591;-0.1556307;3.161603;
Spine;-1.558186;-0.1328426;3.135844;
HipCenter;-1.525496;-0.2169733;3.136336;
HipRight;-1.521184;-0.2543375;3.107393;
HipLeft;-1.526746;-0.2395873;3.171628;
KneeRight;-1.571159;-0.6871536;3.053002;
KneeLeft;-1.613272;-0.5966495;3.029066;
AnkleRight;-1.308403;-0.9818749;3.11148;
AnkleLeft;-1.703755;-0.9700423;2.866773;
FootRight;-1.303863;-1.088475;3.108473;
FootLeft;-1.619373;-1.025686;2.829788;
Head;-1.617513;0.4416255;3.131766;
ShoulderCenter;-1.603405;0.2790446;3.133363;
ShoulderRight;-1.542754;0.1383666;3.0702;
ShoulderLeft;-1.552803;0.1686344;3.031451;
ElbowRight;-1.561003;-0.129635;3.036767;
ElbowLeft;-1.584511;-0.05362093;3.006187;
WristRight;-1.597552;-0.3362572;3.00536;
WristLeft;-1.750242;-0.1453216;3.182404;
HandRight;-1.61344;-0.4147451;3.021442;
HandLeft;-1.779791;-0.1812904;3.220847;
Spine;-1.598531;-0.1333629;3.184625;
HipCenter;-1.56673;-0.2140027;3.19152;
HipRight;-1.557375;-0.2675408;3.273119;
HipLeft;-1.564851;-0.307135;3.122617;
KneeRight;-1.536036;-0.7693371;3.101586;
KneeLeft;-1.650773;-0.6849114;3.143109;
AnkleRight;-1.319114;-0.9693676;3.126844;
AnkleLeft;-1.740386;-1.078919;3.151292;
FootRight;-1.388548;-1.061003;3.104134;
FootLeft;-1.653052;-1.136184;3.133325;
Head;-1.613719;0.1200725;3.264291;
ShoulderCenter;-1.600445;-0.04787091;3.211463;
ShoulderRight;-1.539045;-0.1879434;3.147405;
ShoulderLeft;-1.550422;-0.1586374;3.110402;
ElbowRight;-1.656947;-0.1725803;2.962128;
ElbowLeft;-1.622069;-0.3422275;3.081633;
WristRight;-1.618249;-0.3476003;3.029721;
WristLeft;-1.785547;-0.4174585;3.264058;
HandRight;-1.638792;-0.3840113;3.0633;
HandLeft;-1.815035;-0.4533525;3.30242;
Spine;-1.629305;-0.2655417;3.283818;
HipCenter;-1.606144;-0.3125275;3.29016;
HipRight;-1.584094;-0.3201093;3.330252;
HipLeft;-1.628774;-0.3319043;3.256625;
KneeRight;-1.586603;-0.7971529;3.101656;
KneeLeft;-1.654418;-0.7118858;3.176211;
AnkleRight;-1.501005;-1.083676;3.071478;
AnkleLeft;-1.70601;-0.9803758;3.189724;
FootRight;-1.41828;-1.132247;3.038661;
FootLeft;-1.63758;-0.9164143;3.120291;
Head;-1.646182;0.08626439;3.265485;
ShoulderCenter;-1.632932;-0.08136699;3.212973;
ShoulderRight;-1.571533;-0.2214395;3.148914;
ShoulderLeft;-1.582909;-0.1921335;3.111911;
ElbowRight;-1.705706;-0.206518;2.979331;
ElbowLeft;-1.703384;-0.3277145;3.15748;
WristRight;-1.652358;-0.3698342;3.096804;
WristLeft;-1.860234;-0.3891581;3.347518;
HandRight;-1.662483;-0.4225269;3.132396;
HandLeft;-1.889667;-0.4249867;3.385811;
Spine;-1.651037;-0.06827357;3.302341;
HipCenter;-1.674273;-0.08707026;3.312632;
HipRight;-1.671975;-0.1410353;3.488683;
HipLeft;-1.734776;-0.03967927;3.260146;
KneeRight;-1.640731;-0.6040637;3.240885;
KneeLeft;-1.695176;-0.4112574;3.157448;
AnkleRight;-1.593635;-0.8938321;3.162128;
AnkleLeft;-1.757279;-0.7481695;3.161428;
FootRight;-1.602792;-0.9880685;3.095144;
FootLeft;-1.693546;-0.8367639;3.122182;
Head;-0.5050932;0.4044268;3.138283;
ShoulderCenter;-0.5847615;0.2428773;3.099079;
ShoulderRight;-0.5045714;0.124776;3.236811;
ShoulderLeft;-0.6295167;0.1152271;2.973999;
ElbowRight;-0.4654972;-0.1238132;3.31425;
ElbowLeft;-0.6708573;-0.1363108;2.901949;
WristRight;-0.4015298;-0.3537152;3.376829;
WristLeft;-0.6732355;-0.3586589;2.863529;
HandRight;-0.3653215;-0.417388;3.397186;
HandLeft;-0.6935944;-0.4594246;2.866887;
Spine;-0.5318277;-0.1450924;3.078706;
HipCenter;-0.5212409;-0.2226864;3.07814;
HipRight;-0.4849819;-0.2802455;3.127064;
HipLeft;-0.5412073;-0.2845425;3.020164;
KneeRight;-0.4936434;-0.6839615;3.108824;
KneeLeft;-0.786474;-0.7256167;3.212624;
AnkleRight;-0.88153;-0.9997214;3.184324;
AnkleLeft;-0.9367454;-1.07167;3.198736;
FootRight;-0.7632107;-1.01472;3.170378;
FootLeft;-0.8177849;-1.073697;3.182512;
Head;-0.4749589;0.4036641;3.12694;
ShoulderCenter;-0.5464875;0.2465418;3.10536;
ShoulderRight;-0.4672532;0.143762;3.248758;
ShoulderLeft;-0.5894989;0.1192095;2.979942;
ElbowRight;-0.4259955;-0.1125514;3.290497;
ElbowLeft;-0.6207799;-0.1285846;2.89166;
WristRight;-0.3679734;-0.3556755;3.375224;
WristLeft;-0.6205752;-0.3355922;2.850338;
HandRight;-0.3417816;-0.4287021;3.391339;
HandLeft;-0.6431946;-0.4398918;2.860465;
Spine;-0.5092814;-0.1459704;3.073733;
HipCenter;-0.5007738;-0.2242543;3.07144;
HipRight;-0.4672805;-0.2793936;3.119453;
HipLeft;-0.5208653;-0.2884417;3.011862;
KneeRight;-0.4618117;-0.6983129;3.117173;
KneeLeft;-0.7033417;-0.7042621;3.201023;
AnkleRight;-0.3152949;-1.027797;3.1094;
AnkleLeft;-0.9102436;-1.027673;3.201717;
FootRight;-0.2224128;-1.08378;3.105262;
FootLeft;-0.7935118;-1.037216;3.184934;
Head;-0.4338442;0.4050893;3.123158;
ShoulderCenter;-0.5065028;0.2487909;3.103528;
ShoulderRight;-0.4080346;0.1230827;3.230357;
ShoulderLeft;-0.548068;0.1196282;2.973134;
ElbowRight;-0.3736283;-0.1600896;3.28843;
ElbowLeft;-0.5661979;-0.125116;2.905686;
WristRight;-0.3273759;-0.3615918;3.35009;
WristLeft;-0.5710453;-0.3640214;2.853092;
HandRight;-0.3022519;-0.420104;3.386126;
HandLeft;-0.5760728;-0.4565145;2.862241;
Spine;-0.4477954;-0.1408833;3.070156;
HipCenter;-0.4369876;-0.2188706;3.067055;
HipRight;-0.3981611;-0.2770475;3.112065;
HipLeft;-0.4594765;-0.2785848;3.009272;
KneeRight;-0.4722617;-0.6854838;3.136683;
KneeLeft;-0.6314541;-0.70801;3.205173;
AnkleRight;-0.3109146;-1.023028;3.109346;
AnkleLeft;-0.8654096;-1.032211;3.208587;
FootRight;-0.227503;-1.061729;3.064035;
FootLeft;-0.7493956;-1.041787;3.189979;
Head;-0.3963923;0.3986558;3.115702;
ShoulderCenter;-0.456451;0.2530262;3.104872;
ShoulderRight;-0.3758656;0.1452374;3.247283;
ShoulderLeft;-0.4988555;0.1206464;2.97704;
ElbowRight;-0.3259263;-0.1607077;3.244354;
ElbowLeft;-0.5273844;-0.1041444;2.910749;
WristRight;-0.287113;-0.3862052;3.388807;
WristLeft;-0.5041621;-0.3310872;2.868501;
HandRight;-0.269192;-0.4573578;3.419969;
HandLeft;-0.5129422;-0.4375195;2.883585;
Spine;-0.399659;-0.09038772;3.082507;
HipCenter;-0.3883006;-0.1590705;3.081483;
HipRight;-0.3502932;-0.2126747;3.129355;
HipLeft;-0.4066246;-0.2244892;3.02278;
KneeRight;-0.4415621;-0.6979421;3.150762;
KneeLeft;-0.2985894;-0.672281;3.075691;
AnkleRight;-0.3064035;-1.022754;3.107732;
AnkleLeft;-0.6700412;-0.9072146;3.161951;
FootRight;-0.2198575;-1.061621;3.06692;
FootLeft;-0.5607349;-0.9531054;3.154693;
Head;-0.3402252;0.4161045;3.124483;
ShoulderCenter;-0.4269971;0.2563716;3.104746;
ShoulderRight;-0.3156272;0.1026482;3.204487;
ShoulderLeft;-0.4522842;0.1315983;2.974766;
ElbowRight;-0.2893223;-0.1514385;3.349637;
ElbowLeft;-0.462645;-0.1130538;2.912419;
WristRight;-0.2600412;-0.3182254;3.493155;
WristLeft;-0.3743136;-0.3257285;2.918849;
HandRight;-0.2424154;-0.388206;3.523804;
HandLeft;-0.4145897;-0.4192163;2.889013;
Spine;-0.3744909;-0.07562628;3.081404;
HipCenter;-0.3634782;-0.1416962;3.080128;
HipRight;-0.3253845;-0.211246;3.132602;
HipLeft;-0.381537;-0.2021376;3.014059;
KneeRight;-0.4455636;-0.7301409;3.205663;
KneeLeft;-0.305338;-0.6449354;3.066608;
AnkleRight;-0.2948487;-1.031336;3.106117;
AnkleLeft;-0.6585713;-0.9226671;3.163087;
FootRight;-0.2353775;-1.09012;3.132877;
FootLeft;-0.5485296;-0.9667154;3.155306;
Head;-0.3137725;0.4219222;3.123949;
ShoulderCenter;-0.3843816;0.2606548;3.103858;
ShoulderRight;-0.2894568;0.1487761;3.237158;
ShoulderLeft;-0.4466603;0.1358561;2.975957;
ElbowRight;-0.2631518;-0.1053107;3.382486;
ElbowLeft;-0.4058672;-0.117832;2.90811;
WristRight;-0.2336276;-0.2734827;3.527402;
WristLeft;-0.3612871;-0.3466179;2.896783;
HandRight;-0.2158202;-0.3441843;3.558367;
HandLeft;-0.3520411;-0.4531879;2.903322;
Spine;-0.3418034;-0.09354948;3.075982;
HipCenter;-0.3318342;-0.164915;3.073609;
HipRight;-0.2922591;-0.2237969;3.118617;
HipLeft;-0.3604655;-0.2221692;3.016009;
KneeRight;-0.329271;-0.6941473;3.154795;
KneeLeft;-0.2981059;-0.6535949;3.070838;
AnkleRight;-0.2918542;-1.036018;3.10339;
AnkleLeft;-0.6204005;-0.9597082;3.185237;
FootRight;-0.241125;-1.105546;3.118043;
FootLeft;-0.5100154;-0.9981807;3.16829;
Head;-0.2837099;0.4234781;3.121201;
ShoulderCenter;-0.3517707;0.2738781;3.101466;
ShoulderRight;-0.2620546;0.160696;3.234939;
ShoulderLeft;-0.3860679;0.1400918;2.982372;
ElbowRight;-0.2202241;-0.1332686;3.293051;
ElbowLeft;-0.3551642;-0.1072538;2.910317;
WristRight;-0.1831474;-0.3558087;3.450166;
WristLeft;-0.2755106;-0.3211514;2.899834;
HandRight;-0.1658609;-0.424442;3.480226;
HandLeft;-0.2634651;-0.3965701;2.908769;
Spine;-0.302159;-0.0731022;3.085281;
HipCenter;-0.2925721;-0.142601;3.085592;
HipRight;-0.2542529;-0.1929994;3.130637;
HipLeft;-0.3136658;-0.2038403;3.03359;
KneeRight;-0.1657646;-0.6181427;3.275012;
KneeLeft;-0.2860786;-0.6548297;3.067163;
AnkleRight;-0.2908213;-1.027478;3.103599;
AnkleLeft;-0.5502387;-0.9267921;3.192769;
FootRight;-0.2394956;-1.096014;3.119058;
FootLeft;-0.4479071;-0.9807948;3.171107;
Head;-0.243299;0.4325431;3.124567;
ShoulderCenter;-0.3162797;0.2748306;3.10138;
ShoulderRight;-0.2234689;0.1625323;3.234736;
ShoulderLeft;-0.356061;0.141995;2.984591;
ElbowRight;-0.1918757;-0.1259101;3.296099;
ElbowLeft;-0.3035404;-0.100909;2.903538;
WristRight;-0.1557404;-0.3577737;3.457088;
WristLeft;-0.2131885;-0.3059647;2.895323;
HandRight;-0.1390035;-0.424225;3.486192;
HandLeft;-0.1839371;-0.374332;2.898954;
Spine;-0.2632466;-0.0923894;3.092138;
HipCenter;-0.2514687;-0.1670482;3.094053;
HipRight;-0.2210272;-0.2083112;3.130486;
HipLeft;-0.2755122;-0.2192316;3.052371;
KneeRight;-0.1347579;-0.6305503;3.265205;
KneeLeft;-0.2728165;-0.6633395;3.065928;
AnkleRight;-0.2705409;-1.021993;3.102758;
AnkleLeft;-0.3702635;-0.9900176;3.132012;
FootRight;-0.2093788;-1.084765;3.123395;
FootLeft;-0.2725083;-1.062469;3.126159;
Head;-0.1974332;0.439676;3.145504;
ShoulderCenter;-0.2761773;0.2802392;3.104902;
ShoulderRight;-0.1856627;0.167852;3.238138;
ShoulderLeft;-0.3138555;0.1427885;2.982869;
ElbowRight;-0.1407732;-0.1136125;3.301269;
ElbowLeft;-0.2471709;-0.1044219;2.9018;
WristRight;-0.1004595;-0.3499936;3.464665;
WristLeft;-0.1298392;-0.3146293;2.910303;
HandRight;-0.08423751;-0.4144007;3.492873;
HandLeft;-0.0913409;-0.3755937;2.907412;
Spine;-0.2407725;-0.09064948;3.088674;
HipCenter;-0.2330078;-0.1651281;3.089495;
HipRight;-0.1969305;-0.20996;3.127862;
HipLeft;-0.2549925;-0.2212636;3.043441;
KneeRight;-0.08386614;-0.6483894;3.261753;
KneeLeft;-0.2636929;-0.6711887;3.071182;
AnkleRight;-0.1540108;-0.9805129;3.288542;
AnkleLeft;-0.315199;-1.001652;3.105078;
FootRight;-0.1790178;-1.088309;3.239683;
FootLeft;-0.2333969;-1.089433;3.120418;
Head;-0.1727127;0.427085;3.142136;
ShoulderCenter;-0.2472221;0.2841532;3.103637;
ShoulderRight;-0.1551894;0.1719956;3.2369;
ShoulderLeft;-0.287329;0.1452384;2.981936;
ElbowRight;-0.110012;-0.1164004;3.28834;
ElbowLeft;-0.1974089;-0.1004289;2.910756;
WristRight;-0.08053057;-0.2849669;3.429651;
WristLeft;-0.04975902;-0.2934184;2.902411;
HandRight;-0.06463712;-0.3480694;3.457288;
HandLeft;-0.01095972;-0.3529209;2.908841;
Spine;-0.2228055;-0.1148606;3.056416;
HipCenter;-0.2184742;-0.1965521;3.048208;
HipRight;-0.1853086;-0.2612913;3.082022;
HipLeft;-0.2484922;-0.2266964;3.005526;
KneeRight;-0.05087478;-0.6651084;3.258241;
KneeLeft;-0.2469903;-0.6855569;3.08402;
AnkleRight;-0.1937986;-1.009693;3.223333;
AnkleLeft;-0.3053967;-1.015531;3.107065;
FootRight;-0.1653434;-1.095093;3.273381;
FootLeft;-0.2275856;-1.095202;3.122443;
Head;-0.1383786;0.4372879;3.135542;
ShoulderCenter;-0.1993045;0.2866853;3.115185;
ShoulderRight;-0.1082847;0.1744374;3.248399;
ShoulderLeft;-0.2390993;0.1516939;2.989209;
ElbowRight;-0.07428901;-0.1108093;3.303428;
ElbowLeft;-0.1484247;-0.08467636;2.910474;
WristRight;-0.03673304;-0.3530615;3.460421;
WristLeft;0.000780985;-0.268187;2.9162;
HandRight;-0.02081524;-0.4162607;3.488101;
HandLeft;0.05286471;-0.3484185;2.910964;
Spine;-0.1495892;-0.1193051;3.131916;
HipCenter;-0.1396976;-0.200506;3.138593;
HipRight;-0.1133573;-0.2586503;3.172273;
HipLeft;-0.1535048;-0.2452481;3.106954;
KneeRight;-0.02202436;-0.7117608;3.246404;
KneeLeft;-0.2364231;-0.6858318;3.087118;
AnkleRight;-0.1111698;-1.02854;3.219284;
AnkleLeft;-0.2960003;-1.03216;3.109675;
FootRight;-0.06341875;-1.085042;3.265098;
FootLeft;-0.2279319;-1.096578;3.123251;
Head;-0.08225866;0.4407177;3.137985;
ShoulderCenter;-0.1682562;0.2844355;3.119856;
ShoulderRight;-0.07647107;0.1721797;3.253232;
ShoulderLeft;-0.2019684;0.1517125;2.990073;
ElbowRight;-0.009275019;-0.1060667;3.156065;
ElbowLeft;-0.1065898;-0.07680376;2.918068;
WristRight;0.05060677;-0.3861515;3.212347;
WristLeft;0.07697146;-0.2807817;2.911985;
HandRight;0.06637242;-0.4487465;3.239761;
HandLeft;0.119229;-0.3467102;2.926354;
Spine;-0.12196;-0.1243334;3.115726;
HipCenter;-0.111307;-0.2063855;3.117139;
HipRight;-0.07827958;-0.2675632;3.156804;
HipLeft;-0.1279615;-0.2517464;3.068822;
KneeRight;0.0274846;-0.7278937;3.247949;
KneeLeft;-0.1857837;-0.6804652;3.09531;
AnkleRight;-0.001161827;-1.05141;3.211001;
AnkleLeft;-0.2937093;-1.030808;3.10971;
FootRight;0.09397978;-1.093025;3.262771;
FootLeft;-0.2334502;-1.093822;3.11908;
Head;-0.03258523;0.4223311;3.153463;
ShoulderCenter;-0.1212154;0.284696;3.126607;
ShoulderRight;-0.02998979;0.1724702;3.259901;
ShoulderLeft;-0.156054;0.1545156;3.001004;
ElbowRight;0.02507518;-0.1047439;3.163111;
ElbowLeft;-0.04373363;-0.09376;2.924325;
WristRight;0.07772878;-0.3832009;3.2169;
WristLeft;0.1177796;-0.2589518;2.914407;
HandRight;0.09336874;-0.445297;3.244096;
HandLeft;0.1720785;-0.3173134;2.9265;
Spine;-0.07310412;-0.1387537;3.120481;
HipCenter;-0.06371582;-0.223445;3.122509;
HipRight;-0.03584037;-0.274455;3.155665;
HipLeft;-0.08697361;-0.2611515;3.085417;
KneeRight;0.08762176;-0.7242152;3.24585;
KneeLeft;-0.1799808;-0.6765472;3.090703;
AnkleRight;0.1343485;-1.042422;3.206026;
AnkleLeft;-0.2923137;-1.029023;3.109565;
FootRight;0.2129193;-1.073346;3.248062;
FootLeft;-0.2319193;-1.093622;3.118958;
Head;-0.06518569;0.4667007;3.164422;
ShoulderCenter;-0.07670564;0.2750686;3.154899;
ShoulderRight;0.01479145;0.1628454;3.288235;
ShoulderLeft;-0.1304057;0.1505836;3.004241;
ElbowRight;0.08517104;-0.1093055;3.192899;
ElbowLeft;0.004110717;-0.09131259;2.927898;
WristRight;0.1461793;-0.3829767;3.250879;
WristLeft;0.1687376;-0.256151;2.929391;
HandRight;0.1617077;-0.4446296;3.277881;
HandLeft;0.2249072;-0.3095705;2.94301;
Spine;-0.04530054;-0.1289975;3.126202;
HipCenter;-0.0371375;-0.2102887;3.125023;
HipRight;0.0008465424;-0.2718318;3.166363;
HipLeft;-0.06255998;-0.2543353;3.07681;
KneeRight;0.1194974;-0.7691792;3.230615;
KneeLeft;-0.1652315;-0.6757871;3.089713;
AnkleRight;0.2432889;-1.061133;3.208155;
AnkleLeft;-0.2839605;-1.023603;3.108976;
FootRight;0.2744169;-0.9836017;3.215754;
FootLeft;-0.23411;-1.090583;3.11712;
Head;0.02327785;0.4208866;3.126636;
ShoulderCenter;-0.05051691;0.2714303;3.15208;
ShoulderRight;0.04098018;0.159207;3.285416;
ShoulderLeft;-0.08085746;0.1391462;3.011025;
ElbowRight;0.114178;-0.1087174;3.186185;
ElbowLeft;0.02831735;-0.09686881;2.933508;
WristRight;0.1781963;-0.3822015;3.23161;
WristLeft;0.2124879;-0.2506195;2.935167;
HandRight;0.1936467;-0.4435451;3.258476;
HandLeft;0.2615989;-0.3144077;2.949869;
Spine;-0.001199266;-0.1420974;3.126142;
HipCenter;0.00756737;-0.2247464;3.12454;
HipRight;0.03696603;-0.2735414;3.158854;
HipLeft;-0.01579642;-0.2690912;3.083949;
KneeRight;0.1849492;-0.7472706;3.272601;
KneeLeft;-0.1483146;-0.6770086;3.089513;
AnkleRight;0.3106195;-1.032891;3.210119;
AnkleLeft;-0.2819815;-1.034587;3.11543;
FootRight;0.2637189;-0.9713429;3.178029;
FootLeft;-0.2270175;-1.09775;3.118091;
Head;0.08346606;0.405596;3.146971;
ShoulderCenter;0.0006931737;0.2718189;3.155923;
ShoulderRight;0.09219027;0.1595956;3.289258;
ShoulderLeft;-0.04889777;0.1334156;3.019697;
ElbowRight;0.1569228;-0.1084827;3.189918;
ElbowLeft;0.08376364;-0.09859965;2.939221;
WristRight;0.2155364;-0.3811238;3.235533;
WristLeft;0.2365164;-0.2515115;2.931494;
HandRight;0.2309128;-0.4421737;3.262271;
HandLeft;0.2890794;-0.3111567;2.940952;
Spine;0.03995387;-0.1291957;3.13334;
HipCenter;0.04894092;-0.2091887;3.13234;
HipRight;0.08503712;-0.2580471;3.165123;
HipLeft;0.0248231;-0.2540236;3.09259;
KneeRight;0.1871173;-0.6824;3.254841;
KneeLeft;-0.1052277;-0.6801372;3.089393;
AnkleRight;0.3124779;-0.9859816;3.223491;
AnkleLeft;-0.27817;-1.029536;3.116275;
FootRight;0.3094693;-1.049228;3.168734;
FootLeft;-0.2284703;-1.096881;3.117726;
Head;0.05895381;0.4489403;3.167417;
ShoulderCenter;0.03861186;0.2664405;3.154414;
ShoulderRight;0.130109;0.1542173;3.28775;
ShoulderLeft;-0.008028579;0.1301624;3.031011;
ElbowRight;0.1827949;-0.1165429;3.197148;
ElbowLeft;0.1009195;-0.09666307;2.943454;
WristRight;0.2337191;-0.3884944;3.243015;
WristLeft;0.2593082;-0.254872;2.936527;
HandRight;0.2771917;-0.5996209;3.302672;
HandLeft;0.3015009;-0.3155215;2.93551;
Spine;0.08532773;-0.1403755;3.133106;
HipCenter;0.09385508;-0.221602;3.13227;
HipRight;0.1269315;-0.2684591;3.157408;
HipLeft;0.06640232;-0.2575127;3.100902;
KneeRight;0.2292125;-0.6925362;3.268036;
KneeLeft;-0.07661533;-0.6729753;3.086406;
AnkleRight;0.3246563;-1.025353;3.22801;
AnkleLeft;-0.2700024;-1.024819;3.118329;
FootRight;0.4036674;-1.057141;3.23545;
FootLeft;-0.2247625;-1.093973;3.118873;
Head;0.1094444;0.4364474;3.167295;
ShoulderCenter;0.08890553;0.26217;3.16693;
ShoulderRight;0.1804026;0.1499467;3.300266;
ShoulderLeft;0.03148269;0.1316604;3.040197;
ElbowRight;0.2214808;-0.1120088;3.36778;
ElbowLeft;0.1345321;-0.09029679;2.954459;
WristRight;0.2592117;-0.3345812;3.522204;
WristLeft;0.2668175;-0.2509356;2.936712;
HandRight;0.2775038;-0.4128784;3.562017;
HandLeft;0.3355609;-0.3104718;2.950089;
Spine;0.1295232;-0.1483756;3.137887;
HipCenter;0.1382155;-0.2305421;3.135606;
HipRight;0.1770024;-0.2835886;3.168916;
HipLeft;0.1142245;-0.2774942;3.093532;
KneeRight;0.2458643;-0.6952424;3.267895;
KneeLeft;0.03234257;-0.7299173;3.132342;
AnkleRight;0.3278876;-1.022842;3.229319;
AnkleLeft;-0.2580602;-1.025113;3.1141;
FootRight;0.4263719;-1.066983;3.262002;
FootLeft;-0.2091192;-1.092577;3.114507;
Head;0.132901;0.4404087;3.202784;
ShoulderCenter;0.1224431;0.2545832;3.163344;
ShoulderRight;0.2139402;0.14236;3.29668;
ShoulderLeft;0.06555429;0.1327528;3.048765;
ElbowRight;0.2548566;-0.1185639;3.36367;
ElbowLeft;0.1714293;-0.09560902;2.967924;
WristRight;0.292457;-0.3404379;3.517113;
WristLeft;0.3029402;-0.2556603;2.945765;
HandRight;0.3078358;-0.4014968;3.543855;
HandLeft;0.3581671;-0.3292592;2.955734;
Spine;0.1726851;-0.1692983;3.138245;
HipCenter;0.1824662;-0.2542951;3.136799;
HipRight;0.2176503;-0.3045312;3.161532;
HipLeft;0.1494429;-0.2870792;3.104177;
KneeRight;0.2778049;-0.6913989;3.260835;
KneeLeft;0.0425422;-0.6987349;3.070821;
AnkleRight;0.3361409;-1.020976;3.231422;
AnkleLeft;-0.2055338;-1.016512;3.10523;
FootRight;0.420956;-1.074349;3.284676;
FootLeft;-0.2028866;-1.100076;3.111983;
Head;0.23864;0.4187404;3.203305;
ShoulderCenter;0.1684025;0.272136;3.189007;
ShoulderRight;0.2598996;0.1599127;3.322343;
ShoulderLeft;0.110834;0.1444353;3.068674;
ElbowRight;0.3006788;-0.1001365;3.388854;
ElbowLeft;0.198958;-0.100642;2.98077;
WristRight;0.3381684;-0.3214161;3.541452;
WristLeft;0.3207555;-0.2700453;2.951059;
HandRight;0.3535859;-0.3826287;3.568261;
HandLeft;0.3719091;-0.3472872;2.956193;
Spine;0.1940094;-0.1570978;3.136806;
HipCenter;0.2010355;-0.2424457;3.131586;
HipRight;0.2364222;-0.2968776;3.15457;
HipLeft;0.173587;-0.272183;3.096695;
KneeRight;0.3259476;-0.7151795;3.259396;
KneeLeft;0.1284255;-0.6906965;3.079208;
AnkleRight;0.3464276;-1.028499;3.232348;
AnkleLeft;-0.1595524;-0.9849192;3.103831;
FootRight;0.3751614;-1.089359;3.182236;
FootLeft;-0.1780923;-1.067461;3.10536;
Head;0.256758;0.4154819;3.205653;
ShoulderCenter;0.2079715;0.2127573;3.165132;
ShoulderRight;0.2994686;0.1005341;3.298468;
ShoulderLeft;0.1553185;0.1465798;3.073844;
ElbowRight;0.3641168;-0.1425413;3.389246;
ElbowLeft;0.2316847;-0.1032371;2.996688;
WristRight;0.4063641;-0.354592;3.549914;
WristLeft;0.3650265;-0.313325;2.952292;
HandRight;0.4233678;-0.4238355;3.583442;
HandLeft;0.3835947;-0.3782307;2.951635;
Spine;0.2145039;-0.1791898;3.113099;
HipCenter;0.2154671;-0.2573746;3.108287;
HipRight;0.2537315;-0.3194992;3.119376;
HipLeft;0.1800629;-0.2755934;3.084778;
KneeRight;0.3984738;-0.7245312;3.292951;
KneeLeft;0.1626191;-0.7240896;3.063225;
AnkleRight;0.3466198;-1.030961;3.232108;
AnkleLeft;-0.09528621;-0.9669338;3.090317;
FootRight;0.3761637;-1.089223;3.180573;
FootLeft;-0.1143525;-1.071212;3.119922;
Head;0.257098;0.4415309;3.204818;
ShoulderCenter;0.2493693;0.2798982;3.189403;
ShoulderRight;0.3408664;0.167675;3.322739;
ShoulderLeft;0.1956183;0.1476125;3.079112;
ElbowRight;0.4051474;-0.07401948;3.413011;
ElbowLeft;0.2533283;-0.109635;3.005293;
WristRight;0.4472826;-0.2850675;3.572496;
WristLeft;0.3524333;-0.2854599;2.959536;
HandRight;0.4647656;-0.3566947;3.607966;
HandLeft;0.3746659;-0.3489836;2.951219;
Spine;0.2156706;-0.157043;3.149736;
HipCenter;0.2098176;-0.2442428;3.143626;
HipRight;0.2389251;-0.2990157;3.169527;
HipLeft;0.1747738;-0.2710451;3.109153;
KneeRight;0.3748916;-0.6603931;3.07369;
KneeLeft;0.2445169;-0.717839;3.070178;
AnkleRight;0.3583604;-0.9983393;3.236613;
AnkleLeft;-0.005405013;-0.9262081;3.075737;
FootRight;0.372436;-1.072478;3.203522;
FootLeft;-0.03557815;-1.020728;3.08513;
Head;0.2718815;0.4478197;3.206087;
ShoulderCenter;0.2618162;0.2878204;3.191413;
ShoulderRight;0.3533133;0.1755971;3.324749;
ShoulderLeft;0.2179381;0.1522819;3.07809;
ElbowRight;0.4173179;-0.06505843;3.414655;
ElbowLeft;0.2772777;-0.1133876;3.010073;
WristRight;0.4593669;-0.2753489;3.57326;
WristLeft;0.3603296;-0.2961452;2.963149;
HandRight;0.4772125;-0.3487725;3.610188;
HandLeft;0.3788198;-0.3659884;2.959749;
Spine;0.2313169;-0.1577964;3.156579;
HipCenter;0.2262986;-0.2471176;3.152848;
HipRight;0.2539477;-0.2976464;3.171461;
HipLeft;0.1964086;-0.2711866;3.131886;
KneeRight;0.3871359;-0.6785526;3.063442;
KneeLeft;0.2996189;-0.7151508;3.077876;
AnkleRight;0.3598668;-0.9979113;3.237387;
AnkleLeft;0.0790994;-0.9343315;3.07036;
FootRight;0.386505;-1.072737;3.220424;
FootLeft;0.07128541;-1.015172;3.070233;
Head;0.3287176;0.4812182;3.233577;
ShoulderCenter;0.2986339;0.3031408;3.197331;
ShoulderRight;0.3901311;0.1909176;3.330667;
ShoulderLeft;0.2543019;0.1502354;3.086893;
ElbowRight;0.4539007;-0.04885395;3.420269;
ElbowLeft;0.296945;-0.1106416;3.01143;
WristRight;0.495875;-0.2584978;3.578131;
WristLeft;0.3685194;-0.2968322;2.961603;
HandRight;0.5140303;-0.333452;3.616296;
HandLeft;0.3867806;-0.3579629;2.942286;
Spine;0.2895908;-0.1580868;3.165023;
HipCenter;0.2869501;-0.2506785;3.161808;
HipRight;0.320081;-0.2940593;3.165858;
HipLeft;0.2519863;-0.2715684;3.151963;
KneeRight;0.3200477;-0.6491183;3.264044;
KneeLeft;0.4775741;-0.5850249;3.074835;
AnkleRight;0.3603368;-0.9996933;3.234165;
AnkleLeft;0.2013645;-0.9053925;3.071712;
FootRight;0.4350098;-1.039491;3.192463;
FootLeft;0.2760375;-0.9451904;3.030011;
Head;0.3430414;0.4740528;3.232629;
ShoulderCenter;0.3470482;0.2980392;3.209694;
ShoulderRight;0.4385453;0.1858159;3.34303;
ShoulderLeft;0.2868527;0.1571418;3.092416;
ElbowRight;0.5020931;-0.05312151;3.432346;
ElbowLeft;0.3208477;-0.09561534;3.011309;
WristRight;0.543996;-0.2621534;3.589511;
WristLeft;0.3777817;-0.2899049;2.965452;
HandRight;0.5624446;-0.3385537;3.628841;
HandLeft;0.3883271;-0.3512692;2.943018;
Spine;0.3174682;-0.150907;3.171474;
HipCenter;0.3131104;-0.2411878;3.16764;
HipRight;0.3473991;-0.284624;3.172698;
HipLeft;0.2743738;-0.2650021;3.155784;
KneeRight;0.3634069;-0.6505009;3.264758;
KneeLeft;0.5203278;-0.608309;3.088863;
AnkleRight;0.3972638;-1.004431;3.227658;
AnkleLeft;0.2580917;-0.9401792;3.104411;
FootRight;0.3712389;-1.072049;3.195449;
FootLeft;0.2880601;-1.027006;3.095656;
Head;0.3767255;0.4666956;3.235409;
ShoulderCenter;0.3730032;0.3024187;3.212197;
ShoulderRight;0.4645003;0.1901955;3.345533;
ShoulderLeft;0.3255389;0.1606852;3.091026;
ElbowRight;0.5278395;-0.04795776;3.434581;
ElbowLeft;0.341336;-0.1017143;3.011506;
WristRight;0.5696744;-0.256413;3.591093;
WristLeft;0.4117927;-0.287895;2.96771;
HandRight;0.5883995;-0.3341741;3.631517;
HandLeft;0.3998757;-0.3495166;2.940248;
Spine;0.3490739;-0.1500028;3.186425;
HipCenter;0.3438283;-0.2406985;3.184659;
HipRight;0.3737926;-0.2813097;3.186693;
HipLeft;0.3114822;-0.2670305;3.178807;
KneeRight;0.395517;-0.6637325;3.274288;
KneeLeft;0.5737628;-0.6117367;3.102025;
AnkleRight;0.4060029;-1.033816;3.133626;
AnkleLeft;0.337481;-0.957355;3.11716;
FootRight;0.45186;-1.085061;3.173359;
FootLeft;0.4065666;-1.037608;3.13539;
Head;0.4215812;0.4662486;3.244913;
ShoulderCenter;0.4003322;0.3061357;3.210051;
ShoulderRight;0.4918292;0.1939124;3.343387;
ShoulderLeft;0.3655588;0.1550149;3.089953;
ElbowRight;0.554994;-0.04358503;3.432219;
ElbowLeft;0.3624544;-0.1007267;3.009878;
WristRight;0.5967712;-0.2515568;3.588189;
WristLeft;0.4225357;-0.2891357;2.961548;
HandRight;0.6157286;-0.3304572;3.629526;
HandLeft;0.4198664;-0.3505335;2.937011;
Spine;0.3739285;-0.1536542;3.201208;
HipCenter;0.3699032;-0.2459931;3.203949;
HipRight;0.3965192;-0.2816598;3.206445;
HipLeft;0.3398883;-0.2735133;3.199353;
KneeRight;0.4190295;-0.6721179;3.279425;
KneeLeft;0.644033;-0.6231859;3.107557;
AnkleRight;0.4874596;-1.043056;3.15218;
AnkleLeft;0.3941837;-0.9640502;3.156016;
FootRight;0.5560244;-1.080996;3.138833;
FootLeft;0.4430306;-1.057509;3.177124;
Head;0.4649729;0.4133035;3.243683;
ShoulderCenter;0.4517537;0.2015905;3.194033;
ShoulderRight;0.5432508;0.08936724;3.327369;
ShoulderLeft;0.387614;0.1564716;3.090985;
ElbowRight;0.6061571;-0.1471582;3.415854;
ElbowLeft;0.3958601;-0.1079346;3.007673;
WristRight;0.6478477;-0.3544112;3.57101;
WristLeft;0.4388767;-0.2985919;2.951884;
HandRight;0.6671501;-0.4350024;3.613699;
HandLeft;0.4297854;-0.3483177;2.935907;
Spine;0.4773912;-0.1965313;3.172741;
HipCenter;0.4825186;-0.2761557;3.171812;
HipRight;0.5250203;-0.3356081;3.1832;
HipLeft;0.4449791;-0.2937604;3.154643;
KneeRight;0.4601334;-0.6777624;3.286632;
KneeLeft;0.6787586;-0.6275927;3.114877;
AnkleRight;0.5928977;-1.024146;3.145854;
AnkleLeft;0.4836918;-0.9977575;3.177499;
FootRight;0.6711413;-1.065289;3.148049;
FootLeft;0.5565752;-1.035102;3.132192;
Head;0.4876184;0.4123446;3.246045;
ShoulderCenter;0.4790395;0.1981945;3.197614;
ShoulderRight;0.5705367;0.08597121;3.33095;
ShoulderLeft;0.4339015;0.1552043;3.091749;
ElbowRight;0.6331775;-0.1495564;3.419075;
ElbowLeft;0.423578;-0.1008626;3.002438;
WristRight;0.674778;-0.3560695;3.573398;
WristLeft;0.453528;-0.293007;2.946154;
HandRight;0.694436;-0.4383984;3.617471;
HandLeft;0.4479381;-0.3415897;2.932075;
Spine;0.5168159;-0.2042274;3.16951;
HipCenter;0.5248327;-0.2848987;3.166875;
HipRight;0.5595891;-0.3463518;3.181034;
HipLeft;0.4964144;-0.2986687;3.145143;
KneeRight;0.4664227;-0.6788877;3.286449;
KneeLeft;0.7231704;-0.6414695;3.120193;
AnkleRight;0.3624289;-1.044235;3.215489;
AnkleLeft;0.6945446;-1.027893;3.150583;
FootRight;0.3750657;-1.112721;3.177196;
FootLeft;0.7707394;-1.06434;3.110478;
Head;0.5969692;0.4302869;3.265604;
ShoulderCenter;0.5246332;0.2204064;3.217656;
ShoulderRight;0.6161304;0.1081831;3.350992;
ShoulderLeft;0.4630371;0.1613985;3.096691;
ElbowRight;0.6786109;-0.1267413;3.438722;
ElbowLeft;0.4607203;-0.09787285;2.999652;
WristRight;0.720156;-0.3328062;3.592452;
WristLeft;0.5065044;-0.310173;2.960223;
HandRight;0.7400296;-0.4161865;3.637361;
HandLeft;0.4744957;-0.3580163;2.929048;
Spine;0.5296842;-0.1803201;3.175383;
HipCenter;0.5329666;-0.2599159;3.171097;
HipRight;0.57383;-0.305815;3.18636;
HipLeft;0.497577;-0.2883989;3.146927;
KneeRight;0.4952623;-0.6605116;3.268316;
KneeLeft;0.7501612;-0.636465;3.120106;
AnkleRight;0.3724228;-1.034557;3.213457;
AnkleLeft;0.7916399;-1.011901;3.12965;
FootRight;0.3850641;-1.103068;3.175149;
FootLeft;0.8656921;-1.049679;3.086781;
Head;0.5938103;0.4372581;3.280779;
ShoulderCenter;0.5504612;0.2187551;3.215488;
ShoulderRight;0.6419584;0.1065318;3.348824;
ShoulderLeft;0.5204968;0.152885;3.096614;
ElbowRight;0.7043431;-0.1280328;3.436277;
ElbowLeft;0.4845625;-0.08384974;3.000951;
WristRight;0.7458551;-0.3338297;3.589631;
WristLeft;0.5178159;-0.2945461;2.953808;
HandRight;0.7658576;-0.4178378;3.635038;
HandLeft;0.513828;-0.3612149;2.932302;
Spine;0.5639901;-0.2092546;3.194358;
HipCenter;0.5652805;-0.2952206;3.193977;
HipRight;0.610355;-0.3478996;3.177336;
HipLeft;0.5208003;-0.3057481;3.206403;
KneeRight;0.497935;-0.6742322;3.274009;
KneeLeft;0.7764786;-0.6361846;3.12103;
AnkleRight;0.3731027;-1.038668;3.214312;
AnkleLeft;0.8973084;-1.007731;3.106235;
FootRight;0.3978297;-1.102485;3.173676;
FootLeft;0.9746125;-1.046229;3.070034;
Head;0.6021596;0.4624287;3.278764;
ShoulderCenter;0.6041053;0.2941914;3.230982;
ShoulderRight;0.6956024;0.1819681;3.364317;
ShoulderLeft;0.5423613;0.153603;3.100321;
ElbowRight;0.7586939;-0.05525374;3.452992;
ElbowLeft;0.5284289;-0.08979341;2.997579;
WristRight;0.8004467;-0.2630219;3.608702;
WristLeft;0.5386385;-0.3141069;2.949468;
HandRight;0.8195017;-0.3424015;3.650423;
HandLeft;0.533047;-0.3752925;2.928591;
Spine;0.6462573;-0.1589835;3.185701;
HipCenter;0.6546877;-0.2496185;3.179994;
HipRight;0.6987054;-0.295396;3.15669;
HipLeft;0.6171102;-0.2730787;3.195062;
KneeRight;0.5444192;-0.6787436;3.276079;
KneeLeft;0.7796137;-0.692101;3.145986;
AnkleRight;0.3762075;-1.034726;3.216503;
AnkleLeft;0.9603788;-1.018071;3.115459;
FootRight;0.3923997;-1.106416;3.185408;
FootLeft;1.03485;-1.054354;3.071276;
Head;0.6507791;0.4609278;3.282956;
ShoulderCenter;0.6368254;0.2916099;3.231733;
ShoulderRight;0.7283226;0.1793866;3.365069;
ShoulderLeft;0.6026765;0.1453015;3.105965;
ElbowRight;0.5714752;-0.03957815;3.303934;
ElbowLeft;0.5721979;-0.09782065;2.994528;
WristRight;0.5197796;-0.2814152;3.402313;
WristLeft;0.5800422;-0.2935755;2.937327;
HandRight;0.5251257;-0.3891723;3.450699;
HandLeft;0.5750308;-0.3804556;2.923963;
Spine;0.6618887;-0.1501769;3.177765;
HipCenter;0.6686681;-0.238426;3.170156;
HipRight;0.7136011;-0.2762781;3.146029;
HipLeft;0.6296388;-0.2663264;3.184149;
KneeRight;0.5501187;-0.6753442;3.277159;
KneeLeft;0.8537543;-0.6908679;3.140794;
AnkleRight;0.378576;-1.034134;3.220135;
AnkleLeft;0.9718819;-1.006239;3.109084;
FootRight;0.4045411;-1.103847;3.190538;
FootLeft;1.049399;-1.04318;3.070372;
Head;0.7014136;0.4476814;3.283763;
ShoulderCenter;0.6827125;0.2805317;3.236099;
ShoulderRight;0.7742096;0.1683085;3.369435;
ShoulderLeft;0.6332178;0.1383507;3.104818;
ElbowRight;0.6084915;-0.0428945;3.305401;
ElbowLeft;0.6212351;-0.1219041;3.003245;
WristRight;0.5463578;-0.2844183;3.397733;
WristLeft;0.6323652;-0.3162303;2.942217;
HandRight;0.5476632;-0.3999695;3.448405;
HandLeft;0.6245564;-0.3730122;2.946344;
Spine;0.722193;-0.1619707;3.190084;
HipCenter;0.72984;-0.250411;3.184215;
HipRight;0.77092;-0.2916401;3.162974;
HipLeft;0.6945752;-0.2764347;3.197125;
KneeRight;0.587624;-0.656505;3.28371;
KneeLeft;0.8222691;-0.6960927;3.136064;
AnkleRight;0.4117192;-1.003305;3.222627;
AnkleLeft;1.011004;-1.002566;3.104082;
FootRight;0.4879724;-1.039799;3.180936;
FootLeft;1.087257;-1.03906;3.062391;
Head;0.7067716;0.4591163;3.281713;
ShoulderCenter;0.7310216;0.2921959;3.229336;
ShoulderRight;0.8225187;0.1799726;3.362672;
ShoulderLeft;0.6881517;0.1362378;3.093245;
ElbowRight;0.6613578;-0.03424679;3.297883;
ElbowLeft;0.6752656;-0.1228974;2.995866;
WristRight;0.6021308;-0.2763696;3.389799;
WristLeft;0.6841703;-0.3186304;2.941503;
HandRight;0.6039979;-0.3924462;3.440548;
HandLeft;0.6773366;-0.3716769;2.94809;
Spine;0.7344507;-0.1499895;3.16978;
HipCenter;0.7380171;-0.2372444;3.159864;
HipRight;0.7784148;-0.279201;3.141259;
HipLeft;0.7000877;-0.2605288;3.165833;
KneeRight;0.6063131;-0.6534525;3.284307;
KneeLeft;0.8345307;-0.6945785;3.131781;
AnkleRight;0.4130895;-0.997866;3.227837;
AnkleLeft;0.9962813;-1.010115;3.117456;
FootRight;0.4900456;-1.03581;3.188509;
FootLeft;1.073237;-1.048059;3.078128;
Head;0.7799521;0.4554287;3.275268;
ShoulderCenter;0.764596;0.2866072;3.228512;
ShoulderRight;0.8560932;0.1743839;3.361847;
ShoulderLeft;0.7181549;0.136158;3.094687;
ElbowRight;0.6952753;-0.03937939;3.297222;
ElbowLeft;0.7253234;-0.1146935;2.98749;
WristRight;0.6359762;-0.281029;3.388748;
WristLeft;0.7372708;-0.3096893;2.932506;
HandRight;0.6375723;-0.3980349;3.439849;
HandLeft;0.7239943;-0.3689795;2.910781;
Spine;0.7951069;-0.1656242;3.182964;
HipCenter;0.799786;-0.2558336;3.177227;
HipRight;0.8411847;-0.2970309;3.156092;
HipLeft;0.7618076;-0.2805785;3.190462;
KneeRight;0.7665399;-0.6652223;3.227739;
KneeLeft;0.9767683;-0.5689707;3.117424;
AnkleRight;0.4609177;-0.9643973;3.2338;
AnkleLeft;1.020567;-0.9953708;3.106679;
FootRight;0.5375682;-1.001524;3.193073;
FootLeft;1.097217;-1.032497;3.065952;
Head;0.807511;0.4643273;3.269922;
ShoulderCenter;0.8021534;0.2943668;3.222082;
ShoulderRight;0.8936505;0.1821435;3.355418;
ShoulderLeft;0.7772481;0.1431618;3.097881;
ElbowRight;0.7872885;0.01258531;3.147884;
ElbowLeft;0.7516697;-0.1128181;2.990169;
WristRight;0.7429333;-0.2524565;3.156844;
WristLeft;0.790907;-0.3160413;2.943104;
HandRight;0.7551281;-0.3322707;3.185148;
HandLeft;0.7930543;-0.3652479;2.901384;
Spine;0.8156546;-0.1483383;3.178383;
HipCenter;0.8195487;-0.2362256;3.17271;
HipRight;0.8565364;-0.279878;3.140713;
HipLeft;0.7852256;-0.2663713;3.195966;
KneeRight;0.8221592;-0.6490606;3.219519;
KneeLeft;0.9951522;-0.5554179;3.121507;
AnkleRight;0.5151421;-0.9443233;3.235846;
AnkleLeft;1.017976;-0.9827185;3.108602;
FootRight;0.4892118;-1.043726;3.272519;
FootLeft;1.100793;-1.051037;3.127892;
Head;0.8407803;0.4705088;3.263229;
ShoulderCenter;0.8515651;0.3000547;3.223812;
ShoulderRight;0.9430622;0.1878314;3.357148;
ShoulderLeft;0.8067763;0.1578338;3.087999;
ElbowRight;0.8618852;0.03449732;3.124447;
ElbowLeft;0.8166038;-0.1029816;2.994925;
WristRight;0.8385065;-0.2262411;3.132537;
WristLeft;0.8633496;-0.3299751;2.966071;
HandRight;0.8538581;-0.2871922;3.159231;
HandLeft;0.8805233;-0.3914875;2.975695;
Spine;0.8723646;-0.1449976;3.164433;
HipCenter;0.8765022;-0.2340106;3.155885;
HipRight;0.9097193;-0.2739701;3.143393;
HipLeft;0.8461083;-0.2547885;3.159104;
KneeRight;0.9153694;-0.6799253;3.210467;
KneeLeft;1.004743;-0.5906847;3.150766;
AnkleRight;0.5771861;-0.9346657;3.242315;
AnkleLeft;1.005891;-1.012121;3.116556;
FootRight;0.6543317;-0.9718676;3.202409;
FootLeft;1.09121;-1.058311;3.117898;
Head;0.900898;0.4780189;3.268705;
ShoulderCenter;0.8923532;0.3068534;3.228415;
ShoulderRight;0.9838504;0.1946302;3.361751;
ShoulderLeft;0.8473149;0.1647513;3.091227;
ElbowRight;0.9134181;0.0349661;3.130424;
ElbowLeft;0.8697684;-0.09501177;2.998564;
WristRight;0.8917192;-0.2330664;3.121648;
WristLeft;0.9448228;-0.322228;2.97824;
HandRight;0.906225;-0.3044648;3.14853;
HandLeft;0.9620069;-0.383778;2.98787;
Spine;0.8649654;-0.144963;3.163925;
HipCenter;0.8559756;-0.2348961;3.154366;
HipRight;0.8811501;-0.2734274;3.138595;
HipLeft;0.8201456;-0.2610404;3.15922;
KneeRight;0.9217976;-0.6686516;3.216882;
KneeLeft;1.085672;-0.6091548;3.132804;
AnkleRight;0.5997405;-0.9448203;3.25684;
AnkleLeft;1.007137;-1.01362;3.116111;
FootRight;0.5927427;-1.04017;3.309784;
FootLeft;1.0891;-1.058589;3.115774;
Head;0.923322;0.484324;3.263982;
ShoulderCenter;0.9312763;0.312598;3.225229;
ShoulderRight;1.022773;0.2003747;3.358565;
ShoulderLeft;0.8758661;0.1721974;3.091946;
ElbowRight;0.9394642;0.03531204;3.137157;
ElbowLeft;0.9213515;-0.08462518;3.001261;
WristRight;0.9086282;-0.2313276;3.132798;
WristLeft;0.998122;-0.297707;2.96671;
HandRight;0.9219283;-0.3100178;3.160105;
HandLeft;1.027333;-0.3552379;2.970805;
Spine;0.8770483;-0.1411778;3.162781;
HipCenter;0.8675848;-0.2312981;3.153369;
HipRight;0.8984356;-0.2705541;3.1401;
HipLeft;0.8306569;-0.2566454;3.156331;
KneeRight;0.952296;-0.6629151;3.215529;
KneeLeft;1.078955;-0.6077881;3.146441;
AnkleRight;0.6533508;-0.9585046;3.284303;
AnkleLeft;1.007756;-1.012902;3.116051;
FootRight;0.652236;-1.062021;3.320539;
FootLeft;1.089175;-1.058404;3.115766;
Head;0.9959742;0.4893459;3.275409;
ShoulderCenter;0.9802036;0.3175657;3.237203;
ShoulderRight;1.071701;0.2053425;3.370538;
ShoulderLeft;0.9291377;0.1698001;3.097964;
ElbowRight;0.9901025;0.03677945;3.151582;
ElbowLeft;0.9838766;-0.08498015;3.007121;
WristRight;0.9615024;-0.2297222;3.151274;
WristLeft;1.069522;-0.2835416;2.969691;
HandRight;0.9748948;-0.3089295;3.17888;
HandLeft;1.094954;-0.3676494;2.967228;
Spine;0.917999;-0.1311745;3.171431;
HipCenter;0.9045784;-0.2212894;3.161389;
HipRight;0.9274985;-0.2636746;3.144207;
HipLeft;0.8696659;-0.2491725;3.1669;
KneeRight;0.9591904;-0.6826529;3.245589;
KneeLeft;1.035872;-0.6403142;3.125264;
AnkleRight;0.7369511;-0.9348164;3.275647;
AnkleLeft;1.008368;-1.011719;3.115915;
FootRight;0.7459925;-1.016603;3.30815;
FootLeft;1.08876;-1.058492;3.116216;
Head;1.017381;0.4948049;3.264168;
ShoulderCenter;1.011308;0.3228548;3.242893;
ShoulderRight;1.102805;0.2106315;3.376229;
ShoulderLeft;0.9536774;0.1814497;3.098468;
ElbowRight;1.070765;0.0330376;3.15117;
ElbowLeft;1.048362;-0.05998296;3.003503;
WristRight;1.074676;-0.2350874;3.140732;
WristLeft;1.150063;-0.3068298;2.96461;
HandRight;1.090447;-0.3248265;3.167766;
HandLeft;1.182051;-0.3954905;2.964783;
Spine;0.9559672;-0.09376708;3.192501;
HipCenter;0.9433538;-0.1773542;3.185457;
HipRight;0.965619;-0.2412042;3.218695;
HipLeft;0.9041492;-0.2257588;3.135998;
KneeRight;0.972162;-0.6972862;3.246417;
KneeLeft;1.038238;-0.6413984;3.124435;
AnkleRight;0.8027669;-0.9612405;3.267169;
AnkleLeft;1.008462;-1.01131;3.115591;
FootRight;0.8629836;-1.00799;3.241271;
FootLeft;1.083711;-1.057313;3.113806;
Head;1.053444;0.4960346;3.260755;
ShoulderCenter;1.052725;0.3237396;3.241711;
ShoulderRight;1.144222;0.2115163;3.375047;
ShoulderLeft;0.9883312;0.1811841;3.114039;
ElbowRight;1.162499;0.01432689;3.16792;
ElbowLeft;1.087493;-0.05532803;3.009935;
WristRight;1.190745;-0.2105395;3.011492;
WristLeft;1.209319;-0.2532582;2.959368;
HandRight;1.206513;-0.2717611;2.996084;
HandLeft;1.241584;-0.3327473;2.939599;
Spine;1.044661;-0.06478747;3.156466;
HipCenter;1.042233;-0.1425103;3.142774;
HipRight;1.074021;-0.1934185;3.167334;
HipLeft;1.007112;-0.1983304;3.092482;
KneeRight;0.9967802;-0.6720886;3.211034;
KneeLeft;1.05646;-0.6441123;3.128718;
AnkleRight;0.9296754;-0.9727536;3.255443;
AnkleLeft;1.010549;-1.011364;3.116633;
FootRight;0.9721156;-1.06151;3.302347;
FootLeft;1.082421;-1.057105;3.113297;
Head;1.11059;0.4939021;3.26414;
ShoulderCenter;1.087307;0.3220981;3.242233;
ShoulderRight;1.178804;0.2098749;3.375568;
ShoulderLeft;1.028401;0.1824582;3.124626;
ElbowRight;1.198941;0.01957919;3.161075;
ElbowLeft;1.142741;-0.0449217;3.01371;
WristRight;1.252104;-0.1945705;2.995222;
WristLeft;1.243802;-0.2336594;2.962843;
HandRight;1.270405;-0.2575203;2.998811;
HandLeft;1.289357;-0.3067603;2.941139;
Spine;1.076857;-0.06261472;3.168839;
HipCenter;1.075718;-0.1394626;3.157987;
HipRight;1.116825;-0.2114098;3.198862;
HipLeft;1.031759;-0.1953561;3.094743;
KneeRight;1.28728;-0.6612019;3.278326;
KneeLeft;1.082977;-0.6450683;3.137166;
AnkleRight;0.9690644;-0.8804601;3.236032;
AnkleLeft;1.01242;-1.006695;3.12128;
FootRight;1.011002;-0.9666299;3.285817;
FootLeft;1.087761;-1.057316;3.11397;
Head;1.167972;0.4930875;3.263522;
ShoulderCenter;1.140416;0.3222015;3.24936;
ShoulderRight;1.231913;0.2099782;3.382695;
ShoulderLeft;1.07386;0.1882031;3.135027;
ElbowRight;1.245953;0.02972133;3.157752;
ElbowLeft;1.190632;-0.03498191;3.016034;
WristRight;1.310001;-0.1866677;2.999117;
WristLeft;1.321028;-0.2331574;2.957683;
HandRight;1.36388;-0.3524207;2.940777;
HandLeft;1.361197;-0.3130153;2.956757;
Spine;1.11824;-0.06330087;3.175205;
HipCenter;1.112592;-0.1403393;3.16355;
HipRight;1.142529;-0.2120219;3.201559;
HipLeft;1.07499;-0.1971277;3.098581;
KneeRight;1.309004;-0.6673869;3.270112;
KneeLeft;1.090496;-0.6447735;3.134948;
AnkleRight;1.185641;-1.025326;3.210039;
AnkleLeft;1.016466;-1.008958;3.120543;
FootRight;1.214499;-1.073586;3.268062;
FootLeft;1.088179;-1.057445;3.113024;
Head;1.162072;0.500691;3.270497;
ShoulderCenter;1.171894;0.3260026;3.246478;
ShoulderRight;1.263391;0.2137794;3.379813;
ShoulderLeft;1.124821;0.1954238;3.119214;
ElbowRight;1.295954;0.01942648;3.170884;
ElbowLeft;1.24129;-0.03183725;3.010058;
WristRight;1.359756;-0.1926942;3.005808;
WristLeft;1.387574;-0.2430152;2.948814;
HandRight;1.382731;-0.2638257;2.956374;
HandLeft;1.406753;-0.3157361;2.900079;
Spine;1.153981;-0.0722846;3.176478;
HipCenter;1.151895;-0.1526643;3.165971;
HipRight;1.191854;-0.2222507;3.200258;
HipLeft;1.107422;-0.1961783;3.108627;
KneeRight;1.347493;-0.6592855;3.261011;
KneeLeft;1.098498;-0.6454084;3.133796;
AnkleRight;1.282067;-1.006009;3.209232;
AnkleLeft;1.043928;-1.00657;3.124074;
FootRight;1.312223;-1.069342;3.249606;
FootLeft;1.097975;-1.065369;3.11095;
Head;1.228773;0.489911;3.274625;
ShoulderCenter;1.203139;0.3159025;3.245921;
ShoulderRight;1.294636;0.2036792;3.379256;
ShoulderLeft;1.14819;0.1820132;3.13019;
ElbowRight;1.341904;0.01131164;3.171515;
ElbowLeft;1.274011;-0.03172427;3.001175;
WristRight;1.421334;-0.1946945;3.005514;
WristLeft;1.432465;-0.2412915;2.933477;
HandRight;1.452284;-0.2693992;2.966285;
HandLeft;1.451699;-0.3142221;2.884602;
Spine;1.174596;-0.0699539;3.182078;
HipCenter;1.169704;-0.1479979;3.17237;
HipRight;1.199768;-0.2219848;3.209374;
HipLeft;1.135148;-0.2048535;3.108417;
KneeRight;1.368017;-0.660167;3.259499;
KneeLeft;1.14573;-0.6488186;3.143777;
AnkleRight;1.372618;-0.9863273;3.194458;
AnkleLeft;1.042305;-1.003749;3.120373;
FootRight;1.461171;-1.044992;3.218713;
FootLeft;1.079054;-1.075017;3.111505;
Head;1.227643;0.4830899;3.270249;
ShoulderCenter;1.261089;0.3106079;3.249231;
ShoulderRight;1.352586;0.1983846;3.382567;
ShoulderLeft;1.193958;0.1771846;3.140411;
ElbowRight;1.38818;0.00907056;3.169194;
ElbowLeft;1.321877;-0.03143863;3.004029;
WristRight;1.465967;-0.1979879;3.004007;
WristLeft;1.466375;-0.2478443;2.925851;
HandRight;1.501535;-0.2744255;2.972545;
HandLeft;1.51974;-0.2868544;2.918487;
Spine;1.23209;-0.07442372;3.183988;
HipCenter;1.22629;-0.15143;3.174294;
HipRight;1.258177;-0.2263057;3.214385;
HipLeft;1.183896;-0.2088662;3.108801;
KneeRight;1.4153;-0.6549197;3.247652;
KneeLeft;1.195498;-0.6409059;3.147211;
AnkleRight;1.481503;-0.9832193;3.172577;
AnkleLeft;1.042269;-1.003677;3.120379;
FootRight;1.540938;-1.037719;3.168414;
FootLeft;1.082376;-1.072306;3.106184;
Head;1.297667;0.4844348;3.282058;
ShoulderCenter;1.286472;0.3082836;3.255905;
ShoulderRight;1.377969;0.1960603;3.389241;
ShoulderLeft;1.231373;0.1796663;3.147967;
ElbowRight;1.410138;0.01055303;3.172052;
ElbowLeft;1.35137;-0.02603281;2.998851;
WristRight;1.516728;-0.196372;3.026206;
WristLeft;1.489141;-0.2247984;2.932503;
HandRight;1.548371;-0.2663481;2.979409;
HandLeft;1.547339;-0.2932968;2.92952;
Spine;1.261263;-0.1253505;3.179626;
HipCenter;1.254302;-0.2119016;3.167229;
HipRight;1.293032;-0.2609318;3.118478;
HipLeft;1.207622;-0.2617157;3.196013;
KneeRight;1.450541;-0.6668129;3.244477;
KneeLeft;1.196513;-0.6419873;3.144358;
AnkleRight;1.593423;-0.9823131;3.16356;
AnkleLeft;1.044625;-1.001585;3.117738;
FootRight;1.691916;-1.02735;3.177661;
FootLeft;1.089321;-1.068273;3.10928;
Head;1.351222;0.4730221;3.273097;
ShoulderCenter;1.347324;0.2967018;3.253045;
ShoulderRight;1.333223;0.1663168;3.087246;
ShoulderLeft;1.287415;0.1561162;3.129941;
ElbowRight;1.416474;-0.0728987;2.974218;
ElbowLeft;1.403772;-0.05066641;2.979422;
WristRight;1.558665;-0.282874;2.944179;
WristLeft;1.543273;-0.2311643;2.943749;
HandRight;1.597003;-0.3353902;2.931294;
HandLeft;1.580386;-0.2858607;2.938775;
Spine;1.297743;-0.1477345;3.182365;
HipCenter;1.288332;-0.2365965;3.171479;
HipRight;1.296091;-0.2688003;3.116326;
HipLeft;1.273292;-0.2837813;3.21521;
KneeRight;1.486115;-0.6694145;3.233749;
KneeLeft;1.206278;-0.6580434;3.136403;
AnkleRight;1.628694;-0.9876157;3.158339;
AnkleLeft;1.044857;-1.00169;3.117829;
FootRight;1.68439;-1.018762;3.108792;
FootLeft;1.096094;-1.063517;3.10893;
Head;1.363103;0.4670212;3.275787;
ShoulderCenter;1.373007;0.2908723;3.258486;
ShoulderRight;1.3664;0.1412724;3.077299;
ShoulderLeft;1.291965;0.1455966;3.257435;
ElbowRight;1.470691;-0.09105232;2.969071;
ElbowLeft;1.390989;-0.008655801;3.035868;
WristRight;1.578064;-0.2688627;2.92277;
WristLeft;1.545158;-0.213059;2.945314;
HandRight;1.612363;-0.323458;2.907881;
HandLeft;1.583027;-0.266405;2.935892;
Spine;1.338684;-0.1567482;3.178032;
HipCenter;1.332168;-0.246332;3.164778;
HipRight;1.35315;-0.2918328;3.109129;
HipLeft;1.299002;-0.2889418;3.204976;
KneeRight;1.495346;-0.664114;3.221595;
KneeLeft;1.222207;-0.6775552;3.124106;
AnkleRight;1.624229;-0.980918;3.156276;
AnkleLeft;1.050483;-0.9958752;3.114605;
FootRight;1.683512;-1.020917;3.118601;
FootLeft;0.9713638;-1.036082;3.080446;
Head;1.455904;0.4533212;3.310047;
ShoulderCenter;1.425425;0.2778979;3.257407;
ShoulderRight;1.387156;0.1368705;3.088989;
ShoulderLeft;1.328485;0.1610169;3.372982;
ElbowRight;1.463402;-0.1157918;3.020244;
ElbowLeft;1.404064;0.02658305;3.127746;
WristRight;1.439573;-0.3816324;2.994165;
WristLeft;1.524648;-0.1651328;2.972211;
HandRight;1.433853;-0.4470794;2.997529;
HandLeft;1.562188;-0.2185931;2.964459;
Spine;1.362573;-0.1478563;3.18094;
HipCenter;1.352316;-0.2342174;3.168657;
HipRight;1.367694;-0.2689197;3.120102;
HipLeft;1.336303;-0.2749744;3.202179;
KneeRight;1.522446;-0.6820925;3.203366;
KneeLeft;1.269516;-0.6548122;3.116579;
AnkleRight;1.627662;-0.9818606;3.144625;
AnkleLeft;1.061568;-0.9874789;3.109664;
FootRight;1.675068;-1.031875;3.102245;
FootLeft;0.9775006;-1.027558;3.090043;
Head;1.470517;0.4593917;3.287281;
ShoulderCenter;1.469649;0.2811083;3.259585;
ShoulderRight;1.431863;0.1328872;3.077477;
ShoulderLeft;1.372709;0.1642273;3.37516;
ElbowRight;1.507312;-0.1018276;2.982726;
ElbowLeft;1.443957;0.0277763;3.130062;
WristRight;1.456578;-0.3470489;2.991583;
WristLeft;1.556244;-0.1583688;2.961445;
HandRight;1.450878;-0.4122665;2.994936;
HandLeft;1.600204;-0.248318;2.937401;
Spine;1.424504;-0.1359706;3.185235;
HipCenter;1.414933;-0.2194258;3.17371;
HipRight;1.421731;-0.2627263;3.112132;
HipLeft;1.396823;-0.2747665;3.215629;
KneeRight;1.546234;-0.6863096;3.187042;
KneeLeft;1.295799;-0.746357;3.095353;
AnkleRight;1.635148;-0.9868969;3.145262;
AnkleLeft;1.093202;-0.9825863;3.108587;
FootRight;1.681639;-1.037024;3.101994;
FootLeft;1.096365;-1.063316;3.112949;
Head;1.547088;0.4572509;3.272087;
ShoulderCenter;1.504449;0.2862709;3.263445;
ShoulderRight;1.483178;0.136018;3.078295;
ShoulderLeft;1.40751;0.1693899;3.379019;
ElbowRight;1.550869;-0.09118851;2.982568;
ElbowLeft;1.483932;0.01455231;3.148654;
WristRight;1.500135;-0.3364098;2.991405;
WristLeft;1.573591;-0.1641601;2.958348;
HandRight;1.494434;-0.4016453;2.994759;
HandLeft;1.616639;-0.2135956;2.956791;
Spine;1.449795;-0.1393785;3.184878;
HipCenter;1.439578;-0.2243283;3.172656;
HipRight;1.454767;-0.2587634;3.127017;
HipLeft;1.421534;-0.2709845;3.203491;
KneeRight;1.592926;-0.6946942;3.144676;
KneeLeft;1.441636;-0.6741579;3.051358;
AnkleRight;1.640447;-1.00332;3.143791;
AnkleLeft;1.158614;-0.9456859;3.079292;
FootRight;1.680614;-1.030224;3.079452;
FootLeft;1.147168;-1.025892;3.096896;
Head;1.549774;0.4723845;3.297747;
ShoulderCenter;1.545077;0.2930651;3.253788;
ShoulderRight;1.497486;0.1398293;3.084979;
ShoulderLeft;1.436897;0.1161084;3.332314;
ElbowRight;1.582872;-0.08965425;2.980684;
ElbowLeft;1.521723;-0.03219606;3.100853;
WristRight;1.573062;-0.3548886;2.988742;
WristLeft;1.60751;-0.1820921;2.950709;
HandRight;1.567363;-0.4200959;2.992093;
HandLeft;1.639618;-0.2388249;2.943912;
Spine;1.50233;-0.1465503;3.170662;
HipCenter;1.493076;-0.2345912;3.15759;
HipRight;1.505926;-0.2746365;3.103564;
HipLeft;1.471018;-0.2821518;3.193509;
KneeRight;1.542643;-0.6602784;3.047181;
KneeLeft;1.515595;-0.6775786;3.061837;
AnkleRight;1.648667;-0.9575984;3.142035;
AnkleLeft;1.222832;-0.9159024;3.076937;
FootRight;1.663229;-1.027092;3.104614;
FootLeft;1.197787;-1.00898;3.094576;
Head;1.553737;0.4741333;3.319763;
ShoulderCenter;1.578078;0.2977479;3.255735;
ShoulderRight;1.54836;0.166044;3.089302;
ShoulderLeft;1.492607;0.1730691;3.288237;
ElbowRight;1.599571;-0.08382906;2.98751;
ElbowLeft;1.578348;-0.004670352;3.083109;
WristRight;1.584953;-0.3485885;2.991808;
WristLeft;1.667049;-0.1788845;2.937937;
HandRight;1.57926;-0.4137277;2.995157;
HandLeft;1.702028;-0.2339282;2.932158;
Spine;1.523303;-0.1353365;3.178754;
HipCenter;1.513239;-0.2217191;3.166946;
HipRight;1.517334;-0.2711124;3.104774;
HipLeft;1.495003;-0.2692072;3.211549;
KneeRight;1.553322;-0.6562491;3.053914;
KneeLeft;1.581591;-0.5992073;3.051634;
AnkleRight;1.653527;-0.9570712;3.139494;
AnkleLeft;1.68041;-0.9758235;2.857787;
FootRight;1.664427;-1.03033;3.108719;
FootLeft;1.600126;-1.022111;2.830381;
Head;1.619886;0.4764099;3.319122;
ShoulderCenter;1.620029;0.2988302;3.249922;
ShoulderRight;1.580267;0.1701233;3.077806;
ShoulderLeft;1.531487;0.1643434;3.374352;
ElbowRight;1.61077;-0.08646341;2.989848;
ElbowLeft;1.570226;-0.0176874;3.157936;
WristRight;1.594414;-0.3505703;2.997205;
WristLeft;1.636602;-0.2167795;2.982961;
HandRight;1.588723;-0.4156904;3.000552;
HandLeft;1.671571;-0.2718071;2.977184;
Spine;1.552775;-0.1239845;3.181331;
HipCenter;1.539774;-0.2088896;3.170753;
HipRight;1.547959;-0.2602435;3.106415;
HipLeft;1.515599;-0.2582286;3.216484;
KneeRight;1.556107;-0.6868836;3.122891;
KneeLeft;1.622864;-0.6031134;3.122558;
AnkleRight;1.662146;-0.9772222;3.142632;
AnkleLeft;1.745499;-0.9974164;3.003848;
FootRight;1.66436;-1.042772;3.095968;
FootLeft;1.663321;-1.045288;2.987574;
Head;1.666936;0.4900813;3.324303;
ShoulderCenter;1.657576;0.3128095;3.252628;
ShoulderRight;1.60807;0.1757165;3.075621;
ShoulderLeft;1.56322;0.1771976;3.377276;
ElbowRight;1.625886;-0.03020908;3.007375;
ElbowLeft;1.597437;0.009313092;3.147598;
WristRight;1.609286;-0.2940598;3.015737;
WristLeft;1.656784;-0.1609208;2.986225;
HandRight;1.603594;-0.3591977;3.019085;
HandLeft;1.691763;-0.2159633;2.980446;
Spine;1.571991;-0.1113294;3.194753;
HipCenter;1.556277;-0.1958192;3.186486;
HipRight;1.560619;-0.2451379;3.120624;
HipLeft;1.536676;-0.2406767;3.240077;
KneeRight;1.561952;-0.6117347;3.160909;
KneeLeft;1.654208;-0.6293235;3.161831;
AnkleRight;1.659384;-0.9789283;3.131667;
AnkleLeft;1.765845;-0.9984781;3.073511;
FootRight;1.574363;-1.01878;3.118093;
FootLeft;1.680824;-1.038329;3.059937;
Head;1.758013;0.4718691;3.290792;
ShoulderCenter;1.680394;0.3086804;3.249813;
ShoulderRight;1.63769;0.1711768;3.071617;
ShoulderLeft;1.588932;0.1735776;3.374507;
ElbowRight;1.643511;-0.03485968;3.004679;
ElbowLeft;1.612795;-0.001142666;3.147744;
WristRight;1.626845;-0.2997678;3.013126;
WristLeft;1.658833;-0.2487309;3.047145;
HandRight;1.621161;-0.3647998;3.016469;
HandLeft;1.676829;-0.3664646;3.043815;
Spine;1.603344;-0.1009366;3.208142;
HipCenter;1.588685;-0.1819253;3.204184;
HipRight;1.597141;-0.2163517;3.234844;
HipLeft;1.574379;-0.2134776;3.169997;
KneeRight;1.574902;-0.7122165;3.162065;
KneeLeft;1.669871;-0.6308814;3.194723;
AnkleRight;1.64491;-1.009928;3.073967;
AnkleLeft;1.523588;-0.9431728;3.106492;
FootRight;1.560016;-1.049846;3.059319;
FootLeft;1.438694;-0.983091;3.091845;
Head;1.744069;0.4819517;3.310336;
ShoulderCenter;1.695781;0.3077679;3.263081;
ShoulderRight;1.646519;0.1850452;3.159952;
ShoulderLeft;1.603693;0.1730053;3.387769;
ElbowRight;1.653343;-0.03522932;3.034626;
ElbowLeft;1.634026;-0.01718047;3.177288;
WristRight;1.636706;-0.2996849;3.043033;
WristLeft;1.662137;-0.2607455;3.060541;
HandRight;1.631025;-0.3646814;3.046374;
HandLeft;1.68624;-0.3430896;3.081774;
Spine;1.631528;-0.1365042;3.230872;
HipCenter;1.61693;-0.2252549;3.226302;
HipRight;1.615314;-0.2310421;3.235233;
HipLeft;1.605785;-0.2391331;3.214305;
KneeRight;1.593037;-0.7291243;3.175108;
KneeLeft;1.685133;-0.6354236;3.217746;
AnkleRight;1.652432;-1.022901;3.064759;
AnkleLeft;1.63836;-0.8995699;3.033145;
FootRight;1.6608;-1.026727;3.144922;
FootLeft;1.65123;-0.9976582;3.079305;
Head;1.743805;0.4800659;3.244662;
ShoulderCenter;1.749083;0.330391;3.305434;
ShoulderRight;1.69108;0.2081867;3.194771;
ShoulderLeft;1.656922;0.1958108;3.430372;
ElbowRight;1.700456;-0.01218375;3.077204;
ElbowLeft;1.663209;-0.0115369;3.237458;
WristRight;1.683842;-0.2762737;3.085575;
WristLeft;1.675546;-0.2479888;3.10342;
HandRight;1.678164;-0.3412356;3.088914;
HandLeft;1.702341;-0.3308294;3.118368;
Spine;1.676293;-0.1178119;3.278723;
HipCenter;1.661734;-0.2074525;3.27676;
HipRight;1.664491;-0.2451925;3.310092;
HipLeft;1.645487;-0.2412273;3.236721;
KneeRight;1.645612;-0.7440031;3.247716;
KneeLeft;1.687555;-0.6408814;3.219025;
AnkleRight;1.665979;-1.019282;3.079637;
AnkleLeft;1.638927;-0.9035479;3.032045;
FootRight;1.650717;-1.048005;3.153395;
FootLeft;1.652042;-1.002084;3.076913;
Head;1.742421;0.2685648;3.281499;
ShoulderCenter;1.680389;0.04656101;3.32416;
ShoulderRight;1.622387;-0.07564335;3.213496;
ShoulderLeft;1.588229;-0.08801922;3.449097;
ElbowRight;1.725106;-0.2094153;3.085901;
ElbowLeft;1.666532;-0.03590257;3.17358;
WristRight;1.686025;-0.4683057;3.11676;
WristLeft;1.702695;-0.2064603;3.069523;
HandRight;1.68035;-0.5332367;3.120097;
HandLeft;1.730202;-0.2892034;3.083434;
Spine;1.705397;-0.313278;3.285777;
HipCenter;1.710399;-0.3852458;3.281478;
HipRight;1.724851;-0.4119197;3.258966;
HipLeft;1.69795;-0.3874031;3.300218;
KneeRight;1.697589;-0.9136516;3.256778;
KneeLeft;1.694153;-0.7471246;3.193706;
AnkleRight;1.623862;-0.9293777;2.929431;
AnkleLeft;1.644511;-0.9087928;3.03045;
FootRight;1.644138;-0.9800893;3.02374;
FootLeft;1.665254;-1.002027;3.082929;
Head;1.777367;0.1972507;3.30352;
ShoulderCenter;1.729887;-0.03972368;3.305303;
ShoulderRight;1.721925;-0.1665214;3.211445;
ShoulderLeft;1.637727;-0.1743039;3.430241;
ElbowRight;1.738845;-0.4308922;3.173971;
ElbowLeft;1.70467;-0.02727243;3.192926;
WristRight;1.724133;-0.694815;3.180508;
WristLeft;1.737029;-0.2056043;3.104626;
HandRight;1.718461;-0.7597154;3.183844;
HandLeft;1.764522;-0.2883085;3.118531;
Spine;1.739418;-0.365185;3.282227;
HipCenter;1.741324;-0.4302772;3.280988;
HipRight;1.76392;-0.4685109;3.217527;
HipLeft;1.721836;-0.4981963;3.334086;
KneeRight;1.711127;-0.9656238;3.250496;
KneeLeft;1.684988;-0.8101848;3.122466;
AnkleRight;1.595333;-1.012743;2.942134;
AnkleLeft;1.651725;-0.9193895;3.028766;
FootRight;1.517113;-1.056019;2.911134;
FootLeft;1.667664;-1.009632;3.087432;
Head;1.824276;0.1870642;3.371032;
ShoulderCenter;1.776758;-0.0501036;3.372854;
ShoulderRight;1.768795;-0.1769013;3.278996;
ShoulderLeft;1.684597;-0.1846838;3.497791;
ElbowRight;1.780284;-0.3697869;3.218862;
ElbowLeft;1.746806;-0.0890319;3.231267;
WristRight;1.763202;-0.6334346;3.228246;
WristLeft;1.775376;-0.2692557;3.145828;
HandRight;1.757533;-0.6983049;3.23158;
HandLeft;1.802857;-0.3519215;3.159727;
Spine;1.745396;-0.4528914;3.272711;
HipCenter;1.739124;-0.5334489;3.256058;
HipRight;1.761867;-0.5433056;3.267143;
HipLeft;1.713021;-0.5667323;3.233315;
KneeRight;1.740192;-0.9752215;3.253225;
KneeLeft;1.717314;-0.9365761;3.240925;
AnkleRight;1.583377;-0.9958333;2.963906;
AnkleLeft;1.662299;-0.9304612;3.033712;
FootRight;1.503631;-1.035537;2.932598;
FootLeft;1.670608;-1.019321;3.095569;
