Floor;-0.01094854;0.9997774;0.01803535;1.03682;
Head;0.7317491;0.4765332;3.301376;
ShoulderCenter;0.8398772;0.3223847;3.260445;
ShoulderRight;0.9190207;0.2159995;3.154931;
ShoulderLeft;0.73774;0.129979;3.257718;
ElbowRight;0.9825279;-0.04782108;3.000761;
ElbowLeft;0.7470863;-0.05654703;3.4883;
WristRight;0.9472132;-0.2942075;2.901668;
WristLeft;0.6158594;-0.282977;3.44917;
HandRight;0.9593785;-0.3447819;2.895268;
HandLeft;0.614153;-0.2854506;3.455693;
Spine;0.8418912;-0.08548914;3.233976;
HipCenter;0.8063881;-0.154058;3.179809;
HipRight;0.8434912;-0.1871288;3.140459;
HipLeft;0.761915;-0.225838;3.198201;
KneeRight;0.9951199;-0.7176788;3.250803;
KneeLeft;0.733689;-0.6816083;3.133652;
AnkleRight;1.179775;-1.050408;3.215693;
AnkleLeft;1.145755;-0.9743321;3.203241;
FootRight;1.119708;-1.08914;3.242942;
FootLeft;1.116744;-1.060111;3.253339;
Head;0.6880306;0.4795294;3.275553;
ShoulderCenter;0.7948786;0.3295454;3.238669;
ShoulderRight;0.8899629;0.2155585;3.138849;
ShoulderLeft;0.7073843;0.1439857;3.268904;
ElbowRight;0.927036;-0.0584913;2.989018;
ElbowLeft;0.6902745;-0.1074063;3.439081;
WristRight;0.8998522;-0.282926;2.902141;
WristLeft;0.6042159;-0.315257;3.499982;
HandRight;0.9056451;-0.3510432;2.889593;
HandLeft;0.5574846;-0.4056333;3.489493;
Spine;0.8102795;-0.07813209;3.217889;
HipCenter;0.7734038;-0.1488448;3.167138;
HipRight;0.8062475;-0.1916283;3.112985;
HipLeft;0.7316047;-0.2234056;3.196169;
KneeRight;0.9206906;-0.6649565;3.209069;
KneeLeft;0.7239366;-0.6886266;3.136914;
AnkleRight;1.172935;-1.017209;3.244968;
AnkleLeft;0.584823;-1.049944;3.121788;
FootRight;1.124509;-1.101467;3.289743;
FootLeft;0.4871238;-1.10922;3.175768;
Head;0.6686718;0.4741037;3.268537;
ShoulderCenter;0.7809303;0.3314092;3.239013;
ShoulderRight;0.8407014;0.217009;3.121243;
ShoulderLeft;0.6552229;0.1273076;3.252796;
ElbowRight;0.8861412;-0.05210096;2.982084;
ElbowLeft;0.6763799;-0.09959382;3.424767;
WristRight;0.8343365;-0.2676217;2.904258;
WristLeft;0.5993314;-0.300668;3.473676;
HandRight;0.8470226;-0.3429703;2.880008;
HandLeft;0.5899258;-0.3208727;3.451675;
Spine;0.7669777;-0.07627215;3.214705;
HipCenter;0.7224314;-0.1437265;3.164963;
HipRight;0.7597244;-0.183759;3.113667;
HipLeft;0.6748919;-0.2238933;3.193877;
KneeRight;0.8853604;-0.5848029;3.176112;
KneeLeft;0.6921713;-0.7047027;3.144264;
AnkleRight;1.078856;-1.006926;3.271414;
AnkleLeft;0.5848296;-1.052162;3.122191;
FootRight;1.142836;-0.9721937;3.217804;
FootLeft;0.5158873;-1.102926;3.144529;
Head;0.6194344;0.4828587;3.264615;
ShoulderCenter;0.7275801;0.346027;3.232328;
ShoulderRight;0.8128369;0.2261304;3.110656;
ShoulderLeft;0.6369067;0.1311851;3.256917;
ElbowRight;0.8197661;-0.02878306;2.974961;
ElbowLeft;0.6347727;-0.05864748;3.334198;
WristRight;0.7696903;-0.2423976;2.903143;
WristLeft;0.5928633;-0.2800746;3.442776;
HandRight;0.7669976;-0.3317074;2.881713;
HandLeft;0.5674058;-0.3469738;3.443515;
Spine;0.7407947;-0.06775028;3.217997;
HipCenter;0.6989698;-0.1402757;3.171098;
HipRight;0.7324935;-0.1769825;3.125274;
HipLeft;0.6546997;-0.2199285;3.198784;
KneeRight;0.8604088;-0.6224033;3.199028;
KneeLeft;0.6853771;-0.6956552;3.146606;
AnkleRight;1.014324;-0.9268798;3.279614;
AnkleLeft;0.5848407;-1.045529;3.120544;
FootRight;1.107923;-0.8922967;3.214801;
FootLeft;0.5222289;-1.107107;3.125269;
Head;0.5732727;0.4875244;3.240041;
ShoulderCenter;0.6930997;0.352431;3.234142;
ShoulderRight;0.7545256;0.2352587;3.107033;
ShoulderLeft;0.5888333;0.1597215;3.253348;
ElbowRight;0.7647659;0.02536509;2.96416;
ElbowLeft;0.5947675;-0.02431902;3.327808;
WristRight;0.7119448;-0.2323044;2.89615;
WristLeft;0.576069;-0.2961033;3.399584;
HandRight;0.6980594;-0.3250322;2.883784;
HandLeft;0.5691715;-0.3355615;3.456871;
Spine;0.7127641;-0.0725987;3.2129;
HipCenter;0.6712463;-0.1477972;3.166136;
HipRight;0.7069945;-0.1835436;3.122215;
HipLeft;0.6337261;-0.2199578;3.193308;
KneeRight;0.8086069;-0.6074197;3.158378;
KneeLeft;0.6631269;-0.6909838;3.146528;
AnkleRight;1.006651;-0.9240584;3.270394;
AnkleLeft;0.5846568;-1.0455;3.120964;
FootRight;0.9950994;-1.027078;3.332566;
FootLeft;0.6123837;-1.12984;3.130991;
Head;0.5337863;0.492648;3.22599;
ShoulderCenter;0.6535528;0.3577789;3.227921;
ShoulderRight;0.7391299;0.2398627;3.107298;
ShoulderLeft;0.5602458;0.1633293;3.247826;
ElbowRight;0.7162042;0.03323562;2.95563;
ElbowLeft;0.564916;-0.02799219;3.32005;
WristRight;0.653298;-0.2149406;2.889456;
WristLeft;0.5507976;-0.2961764;3.391889;
HandRight;0.6342497;-0.3063279;2.883712;
HandLeft;0.5266396;-0.3400073;3.439576;
Spine;0.6645753;-0.05310394;3.210366;
HipCenter;0.6252496;-0.1248727;3.162347;
HipRight;0.6622443;-0.1593833;3.123196;
HipLeft;0.5830985;-0.1949084;3.184253;
KneeRight;0.6939751;-0.637885;3.143726;
KneeLeft;0.6086844;-0.6817172;3.175636;
AnkleRight;0.9258494;-0.9145022;3.256446;
AnkleLeft;0.5843881;-1.045574;3.120952;
FootRight;0.9082235;-1.010505;3.326508;
FootLeft;0.5151713;-1.101562;3.139546;
Head;0.4893885;0.4879261;3.218287;
ShoulderCenter;0.598628;0.364415;3.219599;
ShoulderRight;0.6591463;0.2420706;3.084883;
ShoulderLeft;0.4954346;0.2099798;3.228974;
ElbowRight;0.6333636;0.009915561;2.956499;
ElbowLeft;0.488079;-0.02598575;3.337723;
WristRight;0.5315513;-0.1865767;2.899868;
WristLeft;0.4730011;-0.2944785;3.409085;
HandRight;0.4891877;-0.2655688;2.87886;
HandLeft;0.4557723;-0.3369352;3.459395;
Spine;0.6051295;-0.03108216;3.198011;
HipCenter;0.564772;-0.09875318;3.15031;
HipRight;0.5969345;-0.1353108;3.114498;
HipLeft;0.5281376;-0.1504691;3.170202;
KneeRight;0.6341483;-0.6549801;3.113293;
KneeLeft;0.4774455;-0.6412342;3.247825;
AnkleRight;0.6075364;-1.04466;3.126364;
AnkleLeft;0.5805068;-1.045014;3.122552;
FootRight;0.5456989;-1.103933;3.14725;
FootLeft;0.5133271;-1.099952;3.140552;
Head;0.4344271;0.5024324;3.223385;
ShoulderCenter;0.5473924;0.3611755;3.206054;
ShoulderRight;0.6218519;0.2374033;3.075149;
ShoulderLeft;0.4370212;0.1253981;3.209747;
ElbowRight;0.5750958;0.01087892;2.943268;
ElbowLeft;0.4401432;-0.09443759;3.305107;
WristRight;0.451887;-0.1930473;2.892031;
WristLeft;0.4250158;-0.3638131;3.37678;
HandRight;0.3986136;-0.2625938;2.866326;
HandLeft;0.4079301;-0.4059171;3.426672;
Spine;0.5742406;-0.04366538;3.199172;
HipCenter;0.5363405;-0.1168027;3.151007;
HipRight;0.5790802;-0.1429061;3.119375;
HipLeft;0.4878343;-0.1974242;3.165175;
KneeRight;0.6150395;-0.6696491;3.123715;
KneeLeft;0.430936;-0.6429918;3.255896;
AnkleRight;0.6075087;-1.041434;3.12529;
AnkleLeft;0.548766;-1.019583;3.191496;
FootRight;0.5450365;-1.104416;3.147215;
FootLeft;0.5050543;-1.085268;3.286676;
Head;0.4069324;0.4974478;3.21988;
ShoulderCenter;0.522772;0.361352;3.19553;
ShoulderRight;0.5801222;0.2459066;3.075361;
ShoulderLeft;0.4124009;0.1255746;3.199223;
ElbowRight;0.5334245;0.0321824;2.937476;
ElbowLeft;0.4272434;-0.03535215;3.3169;
WristRight;0.3727436;-0.1892082;2.888023;
WristLeft;0.4122087;-0.3030771;3.388147;
HandRight;0.3286339;-0.2597807;2.884212;
HandLeft;0.3953652;-0.3445841;3.437331;
Spine;0.5522202;-0.05052867;3.189382;
HipCenter;0.5165354;-0.1251538;3.14242;
HipRight;0.5631635;-0.1540581;3.113732;
HipLeft;0.4697537;-0.1967895;3.15719;
KneeRight;0.6078032;-0.6690092;3.121642;
KneeLeft;0.4036538;-0.6510986;3.255856;
AnkleRight;0.6101411;-1.029628;3.126961;
AnkleLeft;0.4912305;-1.020382;3.230957;
FootRight;0.537074;-1.090632;3.135314;
FootLeft;0.4414432;-1.085644;3.29649;
Head;0.3591441;0.5021572;3.239513;
ShoulderCenter;0.4654912;0.3572659;3.18095;
ShoulderRight;0.5535436;0.2465268;3.072563;
ShoulderLeft;0.3551201;0.1214886;3.184643;
ElbowRight;0.4848644;0.02061527;2.932589;
ElbowLeft;0.3918271;-0.02834448;3.298063;
WristRight;0.3132749;-0.1863691;2.91168;
WristLeft;0.3768454;-0.2951257;3.36886;
HandRight;0.2613669;-0.2555501;2.916553;
HandLeft;0.3601831;-0.3361863;3.417515;
Spine;0.5088621;-0.05650691;3.179627;
HipCenter;0.4832179;-0.1326644;3.128566;
HipRight;0.5174594;-0.1744914;3.095633;
HipLeft;0.4500684;-0.2028323;3.146231;
KneeRight;0.5577826;-0.6679286;3.118264;
KneeLeft;0.341015;-0.6465885;3.259382;
AnkleRight;0.608965;-1.027881;3.127203;
AnkleLeft;0.4063921;-1.043571;3.260249;
FootRight;0.5361432;-1.083934;3.1215;
FootLeft;0.3062298;-1.091494;3.316716;
Head;0.3328363;0.4842606;3.233636;
ShoulderCenter;0.4552292;0.357602;3.180393;
ShoulderRight;0.504977;0.2347143;3.065277;
ShoulderLeft;0.3487037;0.1254763;3.22553;
ElbowRight;0.458129;0.02874463;2.931943;
ElbowLeft;0.3822219;-0.02379533;3.336447;
WristRight;0.2646587;-0.1715261;2.917883;
WristLeft;0.3673536;-0.2885562;3.406794;
HandRight;0.2145557;-0.2535461;2.916764;
HandLeft;0.350992;-0.3288759;3.454571;
Spine;0.4810253;-0.06632887;3.189145;
HipCenter;0.4377728;-0.1464623;3.152049;
HipRight;0.4680147;-0.1964718;3.105201;
HipLeft;0.4062769;-0.2209284;3.188168;
KneeRight;0.5525275;-0.6667434;3.115675;
KneeLeft;0.2915013;-0.6561591;3.26638;
AnkleRight;0.605203;-1.028911;3.124574;
AnkleLeft;0.301607;-1.024993;3.270363;
FootRight;0.5326962;-1.086383;3.117199;
FootLeft;0.1824808;-1.061093;3.286928;
Head;0.2831845;0.4783396;3.217105;
ShoulderCenter;0.399117;0.3576499;3.183937;
ShoulderRight;0.482148;0.2351073;3.068798;
ShoulderLeft;0.3081876;0.1266068;3.272076;
ElbowRight;0.4093477;0.02766713;2.933585;
ElbowLeft;0.3226408;-0.05187801;3.341581;
WristRight;0.2261358;-0.1788419;2.918562;
WristLeft;0.3058865;-0.3151865;3.408398;
HandRight;0.1661479;-0.2416654;2.921326;
HandLeft;0.2896225;-0.3552654;3.455889;
Spine;0.4374338;-0.05404098;3.204441;
HipCenter;0.3952745;-0.1337733;3.170207;
HipRight;0.4258297;-0.1956921;3.115181;
HipLeft;0.3649289;-0.2165358;3.216873;
KneeRight;0.5362806;-0.6617864;3.111426;
KneeLeft;0.2423241;-0.6711639;3.271802;
AnkleRight;0.6040718;-1.02696;3.122946;
AnkleLeft;0.1744421;-1.063102;3.269062;
FootRight;0.5333501;-1.084377;3.115452;
FootLeft;0.0768329;-1.07066;3.278358;
Head;0.2573269;0.4796822;3.22748;
ShoulderCenter;0.3631201;0.3572778;3.199069;
ShoulderRight;0.4400903;0.2405001;3.066237;
ShoulderLeft;0.2721907;0.1262347;3.287208;
ElbowRight;0.357093;0.01596253;2.948469;
ElbowLeft;0.2983642;-0.05344313;3.348966;
WristRight;0.1623912;-0.1746114;2.924889;
WristLeft;0.2786363;-0.3149673;3.414164;
HandRight;0.1095687;-0.2361318;2.921374;
HandLeft;0.2625071;-0.3547143;3.461263;
Spine;0.41987;-0.05944182;3.194998;
HipCenter;0.3762958;-0.140258;3.159579;
HipRight;0.4123134;-0.1971793;3.111399;
HipLeft;0.3400355;-0.2140408;3.190141;
KneeRight;0.5275215;-0.6658798;3.11089;
KneeLeft;0.2232703;-0.6701252;3.267905;
AnkleRight;0.6033815;-1.028727;3.123287;
AnkleLeft;0.06175034;-1.056107;3.299135;
FootRight;0.5193483;-1.09727;3.139925;
FootLeft;-0.0358589;-1.063665;3.308432;
Head;0.1989318;0.4722552;3.223866;
ShoulderCenter;0.3134284;0.3436316;3.218793;
ShoulderRight;0.3977602;0.2322635;3.072371;
ShoulderLeft;0.222499;0.1125885;3.306932;
ElbowRight;0.3279589;0.01427599;2.954775;
ElbowLeft;0.2390135;-0.07585655;3.346237;
WristRight;0.1384804;-0.1798079;2.923989;
WristLeft;0.2200964;-0.3321901;3.41297;
HandRight;0.08049538;-0.2428997;2.921879;
HandLeft;0.2040555;-0.3717195;3.459811;
Spine;0.3782477;-0.06863647;3.190325;
HipCenter;0.3391459;-0.1473723;3.15103;
HipRight;0.3811108;-0.1944215;3.105274;
HipLeft;0.3054545;-0.2201268;3.177995;
KneeRight;0.502324;-0.6731282;3.110107;
KneeLeft;0.192074;-0.6463644;3.256028;
AnkleRight;0.6030399;-1.034324;3.125019;
AnkleLeft;0.01666643;-1.046209;3.27545;
FootRight;0.5210497;-1.096669;3.138897;
FootLeft;-0.0876082;-1.065678;3.341648;
Head;0.1818926;0.4622836;3.227883;
ShoulderCenter;0.2867296;0.3302237;3.217535;
ShoulderRight;0.3691009;0.2193128;3.078423;
ShoulderLeft;0.1958002;0.09918065;3.305675;
ElbowRight;0.253439;-0.01520985;2.973777;
ElbowLeft;0.2123545;-0.08971968;3.34497;
WristRight;0.09835114;-0.1893975;2.923883;
WristLeft;0.1933975;-0.345598;3.411453;
HandRight;0.0462407;-0.2525727;2.92521;
HandLeft;0.1774568;-0.3848806;3.458001;
Spine;0.3485034;-0.07946318;3.188352;
HipCenter;0.3071348;-0.1573039;3.148006;
HipRight;0.3430571;-0.2078054;3.09901;
HipLeft;0.2737357;-0.2301013;3.175565;
KneeRight;0.3854875;-0.6801835;3.155506;
KneeLeft;0.1582701;-0.6549578;3.255845;
AnkleRight;0.5953625;-1.030846;3.123354;
AnkleLeft;0.005145323;-1.040967;3.28038;
FootRight;0.5187118;-1.096842;3.139493;
FootLeft;-0.1029169;-1.069167;3.339504;
Head;0.1212124;0.4616008;3.234378;
ShoulderCenter;0.2367618;0.3296288;3.219672;
ShoulderRight;0.3176412;0.2165616;3.09249;
ShoulderLeft;0.1458324;0.09858571;3.307811;
ElbowRight;0.2303622;-0.02555194;2.974672;
ElbowLeft;0.1623886;-0.09033583;3.346977;
WristRight;0.06847218;-0.1915023;2.927687;
WristLeft;0.1434298;-0.3461929;3.413383;
HandRight;0.009843145;-0.2528923;2.934079;
HandLeft;0.1274988;-0.3854514;3.459903;
Spine;0.3079887;-0.085251;3.193208;
HipCenter;0.2706718;-0.1649061;3.151682;
HipRight;0.3138063;-0.2119844;3.10573;
HipLeft;0.237129;-0.2343226;3.177421;
KneeRight;0.379691;-0.6804929;3.152735;
KneeLeft;0.1007254;-0.6653725;3.269308;
AnkleRight;0.5788245;-1.018971;3.122308;
AnkleLeft;-0.01047628;-1.031546;3.273947;
FootRight;0.514082;-1.094433;3.138564;
FootLeft;-0.1067601;-1.077449;3.341203;
Head;0.09527807;0.4679123;3.231409;
ShoulderCenter;0.2026023;0.3356876;3.238519;
ShoulderRight;0.2776867;0.2135196;3.107934;
ShoulderLeft;0.111673;0.1046445;3.326658;
ElbowRight;0.2029962;-0.03115584;2.985853;
ElbowLeft;0.09556724;-0.09371938;3.328207;
WristRight;0.05367994;-0.1952165;2.935394;
WristLeft;0.08170971;-0.3514637;3.400476;
HandRight;-0.001082655;-0.2604183;2.938851;
HandLeft;0.06576198;-0.3907635;3.447044;
Spine;0.2582342;-0.101167;3.206597;
HipCenter;0.2171521;-0.1837923;3.165458;
HipRight;0.2563998;-0.2295976;3.125627;
HipLeft;0.1817797;-0.2444975;3.186858;
KneeRight;0.3873475;-0.6896857;3.125156;
KneeLeft;0.09598078;-0.6674992;3.265095;
AnkleRight;0.5681581;-1.025273;3.132937;
AnkleLeft;-0.01792681;-1.034734;3.270902;
FootRight;0.499826;-1.088608;3.134346;
FootLeft;-0.09185402;-1.11403;3.333925;
Head;0.03940487;0.4750651;3.242515;
ShoulderCenter;0.1587967;0.338551;3.234659;
ShoulderRight;0.2409274;0.2273342;3.113567;
ShoulderLeft;0.06786738;0.1075079;3.322799;
ElbowRight;0.1759369;0.00103735;2.997673;
ElbowLeft;0.06046376;-0.0906249;3.322108;
WristRight;0.04295908;-0.1949536;2.939954;
WristLeft;0.04563032;-0.3469755;3.393858;
HandRight;-0.01054893;-0.2615981;2.944497;
HandLeft;0.02961354;-0.3864454;3.440629;
Spine;0.2317149;-0.1005744;3.210448;
HipCenter;0.194095;-0.1853867;3.168114;
HipRight;0.2355943;-0.2281526;3.130844;
HipLeft;0.1578891;-0.2495851;3.188242;
KneeRight;0.357643;-0.688597;3.118397;
KneeLeft;0.05407076;-0.6823619;3.271458;
AnkleRight;0.527526;-1.01948;3.130882;
AnkleLeft;-0.0241104;-1.037708;3.270901;
FootRight;0.4837972;-1.101303;3.126112;
FootLeft;0.006405085;-1.124529;3.258217;
Head;0.01796468;0.4801074;3.257027;
ShoulderCenter;0.1298753;0.3500064;3.240041;
ShoulderRight;0.2172656;0.2286393;3.118475;
ShoulderLeft;0.03894594;0.1189633;3.32818;
ElbowRight;0.137306;-0.01423861;3.000379;
ElbowLeft;0.04740672;-0.07894418;3.32766;
WristRight;-0.00318358;-0.2155763;2.944149;
WristLeft;0.02998871;-0.3345832;3.400382;
HandRight;-0.03877746;-0.2932469;2.941798;
HandLeft;0.01399385;-0.3739991;3.447088;
Spine;0.2017622;-0.0986796;3.200862;
HipCenter;0.1649353;-0.1840993;3.155511;
HipRight;0.2069477;-0.2216707;3.120075;
HipLeft;0.1287387;-0.2499348;3.17122;
KneeRight;0.2918714;-0.6825612;3.121814;
KneeLeft;0.03441578;-0.6783419;3.250081;
AnkleRight;0.4652661;-0.98625;3.119857;
AnkleLeft;-0.0325864;-1.025514;3.265935;
FootRight;0.439781;-1.074414;3.110634;
FootLeft;0.004929405;-1.108337;3.257393;
Head;-0.02922001;0.4805913;3.260633;
ShoulderCenter;0.08302632;0.3511552;3.244832;
ShoulderRight;0.1672975;0.2290334;3.127789;
ShoulderLeft;-0.007903065;0.1201121;3.332971;
ElbowRight;0.119282;-0.0165085;2.998737;
ElbowLeft;-0.01288871;-0.06105286;3.386913;
WristRight;-0.002590505;-0.2130695;2.943584;
WristLeft;-0.02787702;-0.3062192;3.445148;
HandRight;-0.03882711;-0.2905055;2.940756;
HandLeft;-0.04388529;-0.3456682;3.491893;
Spine;0.1598799;-0.08908753;3.197778;
HipCenter;0.1244379;-0.1727657;3.151054;
HipRight;0.1632382;-0.2094227;3.114652;
HipLeft;0.09420605;-0.2393443;3.166317;
KneeRight;0.2437419;-0.6770524;3.126221;
KneeLeft;0.01065778;-0.6750229;3.205094;
AnkleRight;0.4126443;-0.9607989;3.11015;
AnkleLeft;-0.03408981;-1.030807;3.265391;
FootRight;0.3933529;-1.048383;3.104466;
FootLeft;0.01077886;-1.108179;3.256683;
Head;-0.0568828;0.4811807;3.262888;
ShoulderCenter;0.05532416;0.2942913;3.236794;
ShoulderRight;0.1443105;0.2433916;3.131423;
ShoulderLeft;-0.0356052;0.06324826;3.324933;
ElbowRight;0.09701036;0.006819361;3.00658;
ElbowLeft;-0.03876667;-0.1169374;3.378119;
WristRight;-0.007697363;-0.2135022;2.942718;
WristLeft;-0.05419782;-0.363117;3.436829;
HandRight;-0.04239589;-0.2916782;2.939518;
HandLeft;-0.07021518;-0.4025883;3.483601;
Spine;0.141878;-0.09583814;3.192846;
HipCenter;0.1085984;-0.1740798;3.145091;
HipRight;0.1501172;-0.211063;3.102913;
HipLeft;0.07190025;-0.2545258;3.159983;
KneeRight;0.1901333;-0.6672661;3.132242;
KneeLeft;-0.01385455;-0.6543833;3.136244;
AnkleRight;0.3221496;-0.9641708;3.125217;
AnkleLeft;-0.03414012;-1.030605;3.265603;
FootRight;0.2926863;-1.047036;3.117951;
FootLeft;0.007125843;-1.108142;3.257078;
Head;-0.09320721;0.4713869;3.268316;
ShoulderCenter;0.02510426;0.2851765;3.242701;
ShoulderRight;0.1130775;0.2551802;3.130994;
ShoulderLeft;-0.0658251;0.05413344;3.33084;
ElbowRight;0.06989191;0.008978203;3.008342;
ElbowLeft;-0.06897657;-0.1254818;3.383986;
WristRight;-0.01227764;-0.2143188;2.942078;
WristLeft;-0.08441772;-0.3722318;3.443066;
HandRight;-0.04682569;-0.2923661;2.93518;
HandLeft;-0.1004426;-0.4117216;3.48986;
Spine;0.09263316;-0.1043441;3.198596;
HipCenter;0.05637809;-0.1761679;3.152815;
HipRight;0.1010722;-0.2166589;3.110345;
HipLeft;0.02232834;-0.2619502;3.166111;
KneeRight;0.1420249;-0.6692411;3.138025;
KneeLeft;-0.0105661;-0.7539471;3.174703;
AnkleRight;0.2443951;-0.9747803;3.130495;
AnkleLeft;-0.03397488;-1.047885;3.27771;
FootRight;0.2009626;-1.048604;3.117347;
FootLeft;0.01986709;-1.111658;3.254403;
Head;-0.1316815;0.4727087;3.271447;
ShoulderCenter;-0.01160418;0.2851966;3.249518;
ShoulderRight;0.0638423;0.2450121;3.132575;
ShoulderLeft;-0.1025336;0.05415353;3.337657;
ElbowRight;0.0438377;-0.002527878;3.007422;
ElbowLeft;-0.1056774;-0.125029;3.390525;
WristRight;-0.04244574;-0.2372141;2.944772;
WristLeft;-0.1211262;-0.3722117;3.449761;
HandRight;-0.05699363;-0.3052462;2.931833;
HandLeft;-0.1370238;-0.4113879;3.496183;
Spine;0.04374822;-0.1202172;3.205372;
HipCenter;0.002689106;-0.1949841;3.16256;
HipRight;0.04436496;-0.2291924;3.126886;
HipLeft;-0.03406138;-0.2785242;3.173065;
KneeRight;0.07836683;-0.6652876;3.142791;
KneeLeft;-0.1254741;-0.653858;3.119116;
AnkleRight;0.1453723;-0.980176;3.142244;
AnkleLeft;-0.04271233;-1.04992;3.256083;
FootRight;0.1056987;-1.05137;3.112967;
FootLeft;-0.1179481;-1.092317;3.202025;
Head;-0.1585389;0.488646;3.266539;
ShoulderCenter;-0.05758096;0.3156139;3.254252;
ShoulderRight;0.04866113;0.2485738;3.133532;
ShoulderLeft;-0.1485103;0.08457078;3.342391;
ElbowRight;0.02463749;0.0002600998;3.012167;
ElbowLeft;-0.1516504;-0.09439412;3.39507;
WristRight;-0.04909556;-0.2221148;2.937047;
WristLeft;-0.1671029;-0.3417945;3.454359;
HandRight;-0.06251127;-0.3047031;2.929654;
HandLeft;-0.1829439;-0.3808311;3.500616;
Spine;-0.005239334;-0.1146091;3.225899;
HipCenter;-0.04494063;-0.1946245;3.181856;
HipRight;0.0007853776;-0.2325231;3.157898;
HipLeft;-0.08788615;-0.2689629;3.186659;
KneeRight;0.01263204;-0.6663207;3.150016;
KneeLeft;-0.126718;-0.6741587;3.11605;
AnkleRight;0.05777372;-0.9973661;3.137837;
AnkleLeft;-0.06089616;-1.02512;3.268207;
FootRight;0.007617317;-1.073444;3.141501;
FootLeft;-0.08475754;-1.107249;3.265239;
Head;-0.2178222;0.4874396;3.266165;
ShoulderCenter;-0.1015142;0.3755614;3.264379;
ShoulderRight;-0.002344219;0.251772;3.14154;
ShoulderLeft;-0.1924435;0.1445183;3.352518;
ElbowRight;-0.001225487;0.002168953;3.020969;
ElbowLeft;-0.1955817;-0.03434128;3.405131;
WristRight;-0.06098844;-0.2174779;2.937435;
WristLeft;-0.2110361;-0.281847;3.46446;
HandRight;-0.0702391;-0.3009873;2.926158;
HandLeft;-0.2663469;-0.273682;3.492748;
Spine;-0.05047425;-0.08266038;3.244297;
HipCenter;-0.08993001;-0.169359;3.201636;
HipRight;-0.03214563;-0.2124426;3.16713;
HipLeft;-0.1414291;-0.2338997;3.22007;
KneeRight;-0.0274895;-0.7375261;3.167736;
KneeLeft;-0.1793406;-0.6219923;3.11315;
AnkleRight;-0.04459634;-1.05818;3.161306;
AnkleLeft;-0.1216201;-0.9719395;3.265424;
FootRight;-0.1264829;-1.084149;3.135984;
FootLeft;-0.1279496;-1.044825;3.174186;
Head;-0.2441564;0.48658;3.283092;
ShoulderCenter;-0.1176506;0.3694352;3.26279;
ShoulderRight;-0.03115132;0.240305;3.135709;
ShoulderLeft;-0.2085799;0.1383921;3.350929;
ElbowRight;-0.02288258;-0.008249864;3.01394;
ElbowLeft;-0.2117129;-0.04016784;3.40339;
WristRight;-0.08034508;-0.2106195;2.937073;
WristLeft;-0.3096271;-0.2689864;3.481085;
HandRight;-0.08399096;-0.2945773;2.923657;
HandLeft;-0.3651515;-0.2607899;3.509482;
Spine;-0.06471892;-0.08836059;3.242369;
HipCenter;-0.105495;-0.1754709;3.201648;
HipRight;-0.05538838;-0.2164246;3.174839;
HipLeft;-0.1547282;-0.236213;3.215772;
KneeRight;-0.07814605;-0.6621256;3.201191;
KneeLeft;-0.1751262;-0.6437719;3.131888;
AnkleRight;-0.1210755;-1.046833;3.173509;
AnkleLeft;-0.1987591;-1.024426;3.1366;
FootRight;-0.2244517;-1.078425;3.130991;
FootLeft;-0.2318067;-1.078189;3.078389;
Head;-0.27685;0.4889695;3.280673;
ShoulderCenter;-0.1615324;0.3676251;3.260801;
ShoulderRight;-0.05553398;0.2444045;3.136919;
ShoulderLeft;-0.2524618;0.1365821;3.34894;
ElbowRight;-0.05175486;-0.003620923;3.014069;
ElbowLeft;-0.2555919;-0.04181375;3.401249;
WristRight;-0.1090765;-0.2192741;2.94057;
WristLeft;-0.3685754;-0.2427676;3.498472;
HandRight;-0.1093629;-0.302199;2.919847;
HandLeft;-0.4139918;-0.2836973;3.514395;
Spine;-0.1021603;-0.09176469;3.247664;
HipCenter;-0.1392172;-0.1799861;3.205094;
HipRight;-0.09033346;-0.2205332;3.184535;
HipLeft;-0.1842238;-0.2395931;3.213444;
KneeRight;-0.03911166;-0.6568121;3.260591;
KneeLeft;-0.2132425;-0.6989301;3.147437;
AnkleRight;-0.04714338;-1.027229;3.284006;
AnkleLeft;-0.2986024;-1.062639;3.131253;
FootRight;-0.1480384;-1.046126;3.229421;
FootLeft;-0.3847503;-1.099349;3.156761;
Head;-0.3209528;0.474681;3.28515;
ShoulderCenter;-0.1895646;0.3643595;3.258233;
ShoulderRight;-0.112736;0.2345432;3.139036;
ShoulderLeft;-0.2804939;0.1333164;3.346372;
ElbowRight;-0.08487793;-0.01083626;3.00632;
ElbowLeft;-0.342631;-0.1101151;3.410411;
WristRight;-0.135611;-0.227987;2.937374;
WristLeft;-0.4280822;-0.2398099;3.518485;
HandRight;-0.1332736;-0.3114892;2.918647;
HandLeft;-0.464241;-0.2902093;3.505984;
Spine;-0.1526568;-0.0988053;3.232818;
HipCenter;-0.1954931;-0.1849378;3.192451;
HipRight;-0.1440243;-0.2166365;3.168154;
HipLeft;-0.2463934;-0.2483883;3.202918;
KneeRight;-0.04585106;-0.6565244;3.265165;
KneeLeft;-0.3156407;-0.6420096;3.137345;
AnkleRight;-0.04434867;-1.025494;3.28262;
AnkleLeft;-0.4228666;-1.062524;3.12897;
FootRight;0.01072023;-1.091912;3.28292;
FootLeft;-0.5254961;-1.109302;3.15905;
Head;-0.3605286;0.4743844;3.283938;
ShoulderCenter;-0.2314664;0.3528335;3.245207;
ShoulderRight;-0.1273128;0.2324681;3.135538;
ShoulderLeft;-0.3223958;0.1217905;3.333346;
ElbowRight;-0.1135036;-0.01733367;3.00473;
ElbowLeft;-0.3716783;-0.1249629;3.402747;
WristRight;-0.1605121;-0.2313687;2.931718;
WristLeft;-0.4893377;-0.2328128;3.508;
HandRight;-0.1560833;-0.3160423;2.916116;
HandLeft;-0.5096958;-0.2673557;3.494517;
Spine;-0.1779301;-0.09755765;3.239245;
HipCenter;-0.2167556;-0.1842805;3.196228;
HipRight;-0.1621172;-0.2175265;3.171872;
HipLeft;-0.2707521;-0.2502024;3.208359;
KneeRight;-0.07865427;-0.6694171;3.281127;
KneeLeft;-0.3367982;-0.7037222;3.149022;
AnkleRight;-0.04505882;-1.025165;3.282501;
AnkleLeft;-0.5127754;-1.066121;3.132425;
FootRight;0.007968191;-1.092014;3.27363;
FootLeft;-0.6113105;-1.091533;3.121264;
Head;-0.4028146;0.4744155;3.279975;
ShoulderCenter;-0.2828581;0.3464747;3.24949;
ShoulderRight;-0.1848241;0.22054;3.126987;
ShoulderLeft;-0.3737874;0.1154317;3.337629;
ElbowRight;-0.1511942;-0.03041641;2.997006;
ElbowLeft;-0.4471327;-0.1043769;3.452463;
WristRight;-0.177783;-0.2340712;2.924277;
WristLeft;-0.5496729;-0.2599714;3.514503;
HandRight;-0.1778655;-0.3199992;2.911436;
HandLeft;-0.5838529;-0.3118363;3.540082;
Spine;-0.2270766;-0.08547099;3.244464;
HipCenter;-0.2653316;-0.168583;3.20436;
HipRight;-0.2099136;-0.2135058;3.160023;
HipLeft;-0.3164793;-0.2402569;3.235232;
KneeRight;-0.09138328;-0.677331;3.289192;
KneeLeft;-0.3578379;-0.6485046;3.152502;
AnkleRight;-0.04626928;-1.024671;3.28259;
AnkleLeft;-0.5580353;-1.037027;3.136457;
FootRight;0.006381378;-1.091445;3.272516;
FootLeft;-0.6656828;-1.079383;3.130183;
Head;-0.4370038;0.459745;3.287492;
ShoulderCenter;-0.3052478;0.3449227;3.239929;
ShoulderRight;-0.2056949;0.2161051;3.123074;
ShoulderLeft;-0.3961772;0.1138796;3.328068;
ElbowRight;-0.1890045;-0.03716251;2.987936;
ElbowLeft;-0.4786544;-0.1024617;3.447992;
WristRight;-0.2216823;-0.2560057;2.908707;
WristLeft;-0.605275;-0.2551717;3.47824;
HandRight;-0.2273978;-0.3430296;2.908293;
HandLeft;-0.6222305;-0.2722836;3.460806;
Spine;-0.2648593;-0.1031516;3.237156;
HipCenter;-0.306698;-0.1890756;3.197274;
HipRight;-0.2507648;-0.2297459;3.178625;
HipLeft;-0.363314;-0.2483405;3.205105;
KneeRight;-0.1155073;-0.728515;3.301893;
KneeLeft;-0.4467832;-0.7218773;3.148029;
AnkleRight;-0.04641229;-1.060825;3.287368;
AnkleLeft;-0.651144;-1.056567;3.138942;
FootRight;0.01624206;-1.110085;3.257268;
FootLeft;-0.7582839;-1.092133;3.135172;
Head;-0.4767824;0.4576893;3.256412;
ShoulderCenter;-0.3657409;0.3256226;3.243401;
ShoulderRight;-0.2601738;0.210519;3.117835;
ShoulderLeft;-0.4566702;0.09457947;3.33154;
ElbowRight;-0.2262291;-0.04374449;2.983102;
ElbowLeft;-0.5376431;-0.1224626;3.455628;
WristRight;-0.2567986;-0.2624519;2.91139;
WristLeft;-0.6353768;-0.2961398;3.489622;
HandRight;-0.2542576;-0.3496086;2.908629;
HandLeft;-0.6679546;-0.3540322;3.505839;
Spine;-0.30715;-0.104135;3.22855;
HipCenter;-0.342753;-0.1868195;3.18692;
HipRight;-0.2828965;-0.2331256;3.16875;
HipLeft;-0.3978512;-0.2430675;3.191503;
KneeRight;-0.157729;-0.6757411;3.288561;
KneeLeft;-0.461293;-0.7058039;3.148971;
AnkleRight;-0.0634356;-1.01101;3.28363;
AnkleLeft;-0.6638181;-1.056834;3.142496;
FootRight;-0.008005911;-1.082122;3.266974;
FootLeft;-0.7706319;-1.098077;3.158023;
Head;-0.5416948;0.4459211;3.263569;
ShoulderCenter;-0.4195328;0.3205001;3.241331;
ShoulderRight;-0.3056659;0.2086624;3.120966;
ShoulderLeft;-0.5104622;0.08945699;3.32947;
ElbowRight;-0.2617875;-0.04263914;2.977604;
ElbowLeft;-0.5920597;-0.1292592;3.454798;
WristRight;-0.2898419;-0.2477097;2.917951;
WristLeft;-0.6691258;-0.3209327;3.447676;
HandRight;-0.2851249;-0.3311677;2.890787;
HandLeft;-0.6948145;-0.3848239;3.450177;
Spine;-0.3595453;-0.105703;3.234541;
HipCenter;-0.3950779;-0.1875947;3.191988;
HipRight;-0.330687;-0.2282813;3.169013;
HipLeft;-0.4532688;-0.2557447;3.201264;
KneeRight;-0.1684812;-0.6778721;3.292598;
KneeLeft;-0.5188616;-0.7269959;3.154494;
AnkleRight;-0.06406153;-1.011097;3.284125;
AnkleLeft;-0.6708581;-1.057502;3.145307;
FootRight;-0.1294913;-1.054028;3.221145;
FootLeft;-0.7752589;-1.104609;3.160347;
Head;-0.5638987;0.4524875;3.256621;
ShoulderCenter;-0.4442923;0.325267;3.237942;
ShoulderRight;-0.3415804;0.209208;3.114075;
ShoulderLeft;-0.5352216;0.09422395;3.326081;
ElbowRight;-0.3135599;-0.04723492;2.979028;
ElbowLeft;-0.5927422;-0.1689529;3.370382;
WristRight;-0.3538976;-0.2588146;2.923115;
WristLeft;-0.6909211;-0.3089983;3.471133;
HandRight;-0.3558334;-0.344627;2.904211;
HandLeft;-0.7253358;-0.363666;3.464257;
Spine;-0.3986534;-0.1147778;3.211142;
HipCenter;-0.4391699;-0.1970687;3.166674;
HipRight;-0.3933952;-0.2444889;3.139684;
HipLeft;-0.4747736;-0.2557907;3.182585;
KneeRight;-0.1979821;-0.6697805;3.306059;
KneeLeft;-0.5252272;-0.6863924;3.146855;
AnkleRight;-0.06677731;-1.01437;3.284539;
AnkleLeft;-0.6710083;-1.056651;3.144402;
FootRight;-0.1359659;-1.056013;3.224797;
FootLeft;-0.7640225;-1.115767;3.179017;
Head;-0.6065003;0.4734059;3.23455;
ShoulderCenter;-0.4977856;0.3405216;3.221585;
ShoulderRight;-0.3816597;0.2137565;3.112522;
ShoulderLeft;-0.5887149;0.1094785;3.309724;
ElbowRight;-0.3595042;-0.04646687;2.987756;
ElbowLeft;-0.6352031;-0.1547386;3.35552;
WristRight;-0.4060317;-0.2400919;2.921541;
WristLeft;-0.6986827;-0.3215311;3.443405;
HandRight;-0.4001986;-0.3257825;2.903929;
HandLeft;-0.718107;-0.3823929;3.454272;
Spine;-0.436516;-0.1076296;3.207505;
HipCenter;-0.4696567;-0.1931769;3.161788;
HipRight;-0.4229782;-0.2421897;3.135381;
HipLeft;-0.5172825;-0.2497883;3.172449;
KneeRight;-0.2608509;-0.6418759;3.301083;
KneeLeft;-0.5315333;-0.6879398;3.147464;
AnkleRight;-0.07437804;-1.006602;3.290957;
AnkleLeft;-0.6706049;-1.054588;3.146173;
FootRight;-0.1378182;-1.049136;3.22587;
FootLeft;-0.7340451;-1.097122;3.081086;
Head;-0.6649675;0.4638379;3.251163;
ShoulderCenter;-0.5318196;0.3411905;3.213211;
ShoulderRight;-0.4352478;0.2156513;3.102719;
ShoulderLeft;-0.6227489;0.1101475;3.30135;
ElbowRight;-0.4187281;-0.04126963;2.966789;
ElbowLeft;-0.6846442;-0.1083467;3.349268;
WristRight;-0.4568666;-0.241101;2.918435;
WristLeft;-0.7564269;-0.2697671;3.44129;
HandRight;-0.4622719;-0.3269768;2.903044;
HandLeft;-0.7883224;-0.3248045;3.452595;
Spine;-0.4791274;-0.1057944;3.196439;
HipCenter;-0.5178835;-0.190314;3.153211;
HipRight;-0.474073;-0.2340759;3.120975;
HipLeft;-0.5516706;-0.2538345;3.170703;
KneeRight;-0.2984679;-0.5873867;3.306428;
KneeLeft;-0.5426335;-0.6960481;3.151804;
AnkleRight;-0.1140232;-0.9650089;3.292779;
AnkleLeft;-0.6715625;-1.054685;3.147372;
FootRight;-0.1595907;-1.062457;3.333609;
FootLeft;-0.7386258;-1.096807;3.086222;
Head;-0.6934081;0.4842852;3.24236;
ShoulderCenter;-0.5765737;0.355052;3.202771;
ShoulderRight;-0.4781639;0.2252037;3.095803;
ShoulderLeft;-0.667503;0.1240089;3.29091;
ElbowRight;-0.4686164;-0.0339718;2.962428;
ElbowLeft;-0.717759;-0.09644915;3.341501;
WristRight;-0.5177587;-0.2333899;2.90104;
WristLeft;-0.789736;-0.2583063;3.433771;
HandRight;-0.5301086;-0.3195994;2.898671;
HandLeft;-0.8215256;-0.3131613;3.44504;
Spine;-0.5170139;-0.096425;3.188402;
HipCenter;-0.5524911;-0.1828913;3.144822;
HipRight;-0.5057014;-0.220229;3.117547;
HipLeft;-0.6012477;-0.2466611;3.15603;
KneeRight;-0.3649403;-0.6688503;3.297634;
KneeLeft;-0.5653696;-0.7060121;3.15461;
AnkleRight;-0.1410361;-0.8988366;3.301157;
AnkleLeft;-0.6735433;-1.055106;3.148366;
FootRight;-0.1791556;-0.991863;3.35708;
FootLeft;-0.7392089;-1.097634;3.086026;
Head;-0.7410308;0.4842729;3.219625;
ShoulderCenter;-0.617379;0.3640875;3.205964;
ShoulderRight;-0.5273408;0.2270206;3.08054;
ShoulderLeft;-0.7083083;0.1330444;3.294103;
ElbowRight;-0.5194969;-0.03495561;2.955213;
ElbowLeft;-0.5341504;-0.05585033;3.375496;
WristRight;-0.5750846;-0.2259664;2.885222;
WristLeft;-0.5001819;-0.2465967;3.480009;
HandRight;-0.59271;-0.3110498;2.884554;
HandLeft;-0.5318879;-0.3013073;3.491248;
Spine;-0.5354368;-0.08604297;3.194819;
HipCenter;-0.5701935;-0.175151;3.153925;
HipRight;-0.5298826;-0.1992686;3.139091;
HipLeft;-0.6083628;-0.2439105;3.159546;
KneeRight;-0.4442236;-0.6396869;3.269803;
KneeLeft;-0.6158214;-0.7047215;3.131121;
AnkleRight;-0.2625356;-0.9211791;3.280347;
AnkleLeft;-0.6752545;-1.055543;3.149991;
FootRight;-0.2991062;-1.014949;3.336096;
FootLeft;-0.7433923;-1.099664;3.091505;
Head;-0.7807409;0.4802647;3.232823;
ShoulderCenter;-0.6505904;0.3627761;3.193279;
ShoulderRight;-0.544946;0.2370639;3.078618;
ShoulderLeft;-0.7415196;0.131733;3.281418;
ElbowRight;-0.5750849;-0.01603168;2.937383;
ElbowLeft;-0.491801;0.01114493;3.281573;
WristRight;-0.6473702;-0.2356497;2.889505;
WristLeft;-0.486752;-0.1670521;3.370463;
HandRight;-0.6750149;-0.3120803;2.859699;
HandLeft;-0.5183402;-0.2215593;3.38166;
Spine;-0.5383909;-0.07667284;3.147875;
HipCenter;-0.5619483;-0.1630594;3.097751;
HipRight;-0.5084101;-0.1835028;3.069097;
HipLeft;-0.5972962;-0.2434018;3.105763;
KneeRight;-0.5261278;-0.6397834;3.193537;
KneeLeft;-0.6178229;-0.7403106;3.140302;
AnkleRight;-0.3055034;-0.8775746;3.264239;
AnkleLeft;-0.6752483;-1.054583;3.150301;
FootRight;-0.4005914;-0.9382016;3.28584;
FootLeft;-0.7396036;-1.098199;3.087651;
Head;-0.8207213;0.4842594;3.226322;
ShoulderCenter;-0.6954178;0.3638844;3.196497;
ShoulderRight;-0.6055638;0.2398179;3.069256;
ShoulderLeft;-0.786347;0.1328413;3.284636;
ElbowRight;-0.6217048;-0.01728278;2.936315;
ElbowLeft;-0.5431967;0.0005407184;3.282941;
WristRight;-0.7202988;-0.218949;2.865895;
WristLeft;-0.5217701;-0.178878;3.366524;
HandRight;-0.7428058;-0.298578;2.841545;
HandLeft;-0.5532442;-0.2331885;3.377681;
Spine;-0.6116245;-0.07451566;3.157422;
HipCenter;-0.6450327;-0.1593219;3.111998;
HipRight;-0.5996633;-0.1857916;3.101449;
HipLeft;-0.680945;-0.2265368;3.104811;
KneeRight;-0.5808129;-0.6497453;3.170663;
KneeLeft;-0.6544294;-0.6650777;3.118718;
AnkleRight;-0.5174657;-0.9598465;3.273468;
AnkleLeft;-0.678606;-1.05299;3.148539;
FootRight;-0.5988123;-1.022153;3.221912;
FootLeft;-0.7479042;-1.09593;3.09107;
Head;-0.8542913;0.4857467;3.222329;
ShoulderCenter;-0.7256595;0.3699354;3.188573;
ShoulderRight;-0.6282584;0.2419855;3.063593;
ShoulderLeft;-0.8165888;0.1388923;3.276712;
ElbowRight;-0.6846362;-0.007759586;2.92859;
ElbowLeft;-0.5695968;0.0240651;3.301411;
WristRight;-0.7840599;-0.2179012;2.835337;
WristLeft;-0.563951;-0.149948;3.395455;
HandRight;-0.8102219;-0.2991421;2.825859;
HandLeft;-0.5952854;-0.2040174;3.406562;
Spine;-0.673726;-0.06311829;3.171345;
HipCenter;-0.7116829;-0.1454622;3.129921;
HipRight;-0.6751405;-0.1831812;3.11288;
HipLeft;-0.7441437;-0.2051031;3.133585;
KneeRight;-0.6405458;-0.6554923;3.11939;
KneeLeft;-0.8586335;-0.6445167;3.267594;
AnkleRight;-0.5771986;-0.9655935;3.222305;
AnkleLeft;-0.6856815;-1.035677;3.161005;
FootRight;-0.6507125;-1.044472;3.181833;
FootLeft;-0.7545565;-1.077974;3.101872;
Head;-0.8899796;0.4819992;3.214075;
ShoulderCenter;-0.7575861;0.3720444;3.18151;
ShoulderRight;-0.6804719;0.2389275;3.053782;
ShoulderLeft;-0.8485155;0.1410013;3.269649;
ElbowRight;-0.7406719;-0.01064563;2.921963;
ElbowLeft;-0.6053026;0.01332609;3.276783;
WristRight;-0.8471841;-0.2288427;2.82871;
WristLeft;-0.6014702;-0.16346;3.365608;
HandRight;-0.8769475;-0.3064624;2.827392;
HandLeft;-0.6326616;-0.2172827;3.376664;
Spine;-0.6956329;-0.0004857673;3.18483;
HipCenter;-0.7335275;-0.07377094;3.149583;
HipRight;-0.6944336;-0.1653264;3.051772;
HipLeft;-0.7572102;-0.1998623;3.225653;
KneeRight;-0.6503393;-0.66079;3.114121;
KneeLeft;-0.8841326;-0.6746967;3.265506;
AnkleRight;-0.5955955;-0.9649746;3.196941;
AnkleLeft;-0.6617667;-1.041063;3.163246;
FootRight;-0.6650833;-1.0522;3.168484;
FootLeft;-0.7435915;-1.101652;3.216915;
Head;-0.934094;0.4905403;3.202142;
ShoulderCenter;-0.8112139;0.3694973;3.171575;
ShoulderRight;-0.7034899;0.2404357;3.055616;
ShoulderLeft;-0.9021432;0.1384542;3.259714;
ElbowRight;-0.7861672;0.001617566;2.915648;
ElbowLeft;-0.6411793;0.08358455;3.304695;
WristRight;-0.9152711;-0.2271455;2.833986;
WristLeft;-0.6407505;-0.08248055;3.409535;
HandRight;-0.9464427;-0.2944247;2.843499;
HandLeft;-0.6718078;-0.1360717;3.420543;
Spine;-0.7437217;0.004220457;3.196202;
HipCenter;-0.7780262;-0.06953219;3.158936;
HipRight;-0.7346107;-0.1685473;3.059998;
HipLeft;-0.8049906;-0.2012394;3.243956;
KneeRight;-0.6806745;-0.6646933;3.104899;
KneeLeft;-0.9384115;-0.6865392;3.271218;
AnkleRight;-0.6615332;-1.041877;3.142039;
AnkleLeft;-0.8525937;-1.05599;3.318942;
FootRight;-0.711311;-1.109319;3.156281;
FootLeft;-0.9157721;-1.100866;3.255694;
Head;-0.9678016;0.4703451;3.200523;
ShoulderCenter;-0.8303013;0.3649301;3.164246;
ShoulderRight;-0.7684625;0.2372835;3.048911;
ShoulderLeft;-0.9212306;0.1338871;3.252385;
ElbowRight;-0.8317291;-0.004891172;2.904809;
ElbowLeft;-0.6983992;0.02161339;3.342516;
WristRight;-0.9962047;-0.2228055;2.850222;
WristLeft;-0.689409;-0.1422195;3.449552;
HandRight;-1.032911;-0.2732437;2.85873;
HandLeft;-0.7204898;-0.1958514;3.460569;
Spine;-0.77315;-0.01404293;3.17843;
HipCenter;-0.814101;-0.0892813;3.145929;
HipRight;-0.7825632;-0.170677;3.064102;
HipLeft;-0.8380291;-0.2000239;3.215391;
KneeRight;-0.6909196;-0.6660126;3.10276;
KneeLeft;-0.9870142;-0.6729746;3.27462;
AnkleRight;-0.6612775;-1.043332;3.142982;
AnkleLeft;-0.9223564;-1.067467;3.334502;
FootRight;-0.7144978;-1.108166;3.153694;
FootLeft;-1.016001;-1.088516;3.329219;
Head;-1.010848;0.4790037;3.230272;
ShoulderCenter;-0.8809322;0.3585502;3.157842;
ShoulderRight;-0.788947;0.2318745;3.047257;
ShoulderLeft;-0.9718615;0.1275071;3.245981;
ElbowRight;-0.8849642;-0.001630858;2.909545;
ElbowLeft;-0.7488282;0.02651197;3.344345;
WristRight;-1.051112;-0.2141076;2.857907;
WristLeft;-0.7153269;-0.1298316;3.45619;
HandRight;-1.09398;-0.2731737;2.864909;
HandLeft;-0.7462283;-0.1831536;3.467143;
Spine;-0.8264927;-0.01039356;3.187921;
HipCenter;-0.8636389;-0.08418221;3.153176;
HipRight;-0.8300333;-0.1889451;3.054472;
HipLeft;-0.888089;-0.2138173;3.241931;
KneeRight;-0.7171478;-0.673858;3.105889;
KneeLeft;-1.001533;-0.6746141;3.274803;
AnkleRight;-0.6621704;-1.044997;3.144241;
AnkleLeft;-1.063375;-1.0467;3.34737;
FootRight;-0.718;-1.107454;3.155148;
FootLeft;-1.162737;-1.083301;3.390393;
Head;-1.04083;0.4726119;3.214206;
ShoulderCenter;-0.9086955;0.3610116;3.162231;
ShoulderRight;-0.8375078;0.2250717;3.035914;
ShoulderLeft;-0.9880658;-0.006118281;2.919637;
ElbowRight;-0.9354683;-0.0133929;2.912918;
ElbowLeft;-0.8590677;-0.01119317;3.134678;
WristRight;-1.119615;-0.2111325;2.882601;
WristLeft;-0.7899652;-0.09681997;3.372493;
HandRight;-1.170787;-0.2778722;2.890614;
HandLeft;-0.8207912;-0.1500121;3.38342;
Spine;-0.9133208;-0.0428636;3.188317;
HipCenter;-0.8831199;-0.122657;3.142323;
HipRight;-0.8431818;-0.2066578;3.071175;
HipLeft;-0.9077286;-0.2293994;3.192136;
KneeRight;-0.7545879;-0.6805612;3.11121;
KneeLeft;-1.042343;-0.6755149;3.270537;
AnkleRight;-0.6641231;-1.045714;3.146395;
AnkleLeft;-1.195813;-1.047433;3.344613;
FootRight;-0.7187566;-1.109912;3.155293;
FootLeft;-1.148111;-1.08796;3.266977;
Head;-1.148446;0.4467063;3.236118;
ShoulderCenter;-1.009363;0.34673;3.164327;
ShoulderRight;-0.9246076;0.2141864;3.041464;
ShoulderLeft;-0.942935;0.220017;2.993677;
ElbowRight;-1.02669;-0.02842098;2.934884;
ElbowLeft;-0.8731405;0.09351817;3.199724;
WristRight;-1.202418;-0.2064422;2.897142;
WristLeft;-0.8610877;-0.07593359;3.401594;
HandRight;-1.251448;-0.2682253;2.905958;
HandLeft;-0.8919709;-0.1292243;3.412541;
Spine;-1.033995;-0.0386657;3.158949;
HipCenter;-0.9802619;-0.11015;3.139506;
HipRight;-0.9697876;-0.1947861;3.063205;
HipLeft;-0.9806742;-0.1834876;3.202348;
KneeRight;-0.835684;-0.6975369;3.132892;
KneeLeft;-1.167392;-0.6657878;3.284401;
AnkleRight;-0.668924;-1.048479;3.150563;
AnkleLeft;-1.341598;-1.060397;3.330623;
FootRight;-0.5837886;-1.089254;3.11822;
FootLeft;-1.256463;-1.101172;3.29828;
Head;-1.182416;0.4674432;3.236852;
ShoulderCenter;-1.058904;0.3450678;3.179601;
ShoulderRight;-0.9645798;0.2135003;3.05429;
ShoulderLeft;-0.9924763;0.2183549;3.008951;
ElbowRight;-1.066484;-0.02855118;2.945839;
ElbowLeft;-0.9147681;0.09026225;3.211506;
WristRight;-1.244432;-0.2133303;2.914992;
WristLeft;-0.8979973;-0.08131664;3.411298;
HandRight;-1.302526;-0.2713383;2.935763;
HandLeft;-0.928897;-0.134636;3.422252;
Spine;-1.059636;-0.03409228;3.172983;
HipCenter;-1.007216;-0.1006922;3.143773;
HipRight;-0.9876097;-0.1953842;3.055052;
HipLeft;-1.006806;-0.1917174;3.215045;
KneeRight;-0.8450205;-0.6898597;3.128586;
KneeLeft;-1.204172;-0.6779439;3.29113;
AnkleRight;-0.6779695;-1.044219;3.15055;
AnkleLeft;-1.351593;-1.069818;3.317177;
FootRight;-0.7253705;-1.114594;3.148261;
FootLeft;-1.272894;-1.108835;3.26968;
Head;-1.145743;0.5033496;3.272233;
ShoulderCenter;-1.085462;0.3457364;3.183468;
ShoulderRight;-1.00936;0.2113186;3.064202;
ShoulderLeft;-1.019035;0.2190235;3.012818;
ElbowRight;-1.102421;-0.03301406;2.952438;
ElbowLeft;-0.9547241;0.08798148;3.21761;
WristRight;-1.264193;-0.2082352;2.920665;
WristLeft;-0.9486447;-0.08506943;3.416577;
HandRight;-1.322115;-0.2666617;2.940965;
HandLeft;-0.9795649;-0.1384241;3.427537;
Spine;-1.106477;-0.05398091;3.146993;
HipCenter;-1.048754;-0.1286539;3.131878;
HipRight;-1.029011;-0.1977003;3.051672;
HipLeft;-1.049857;-0.2093334;3.191221;
KneeRight;-0.8752825;-0.6912056;3.122146;
KneeLeft;-1.235745;-0.6854296;3.289095;
AnkleRight;-0.6949691;-1.039224;3.154662;
AnkleLeft;-1.348323;-1.045564;3.311943;
FootRight;-0.6052141;-1.079921;3.138324;
FootLeft;-1.258568;-1.086261;3.295605;
Head;-1.220088;0.5155181;3.278034;
ShoulderCenter;-1.180634;0.3473258;3.204119;
ShoulderRight;-1.094027;0.2109954;3.077779;
ShoulderLeft;-1.114206;0.2206129;3.03347;
ElbowRight;-1.174274;-0.03673817;2.963196;
ElbowLeft;-1.043489;0.08143538;3.231328;
WristRight;-1.337399;-0.2342684;2.945003;
WristLeft;-1.039198;-0.1002063;3.422835;
HandRight;-1.372817;-0.3015848;2.955062;
HandLeft;-1.070166;-0.1536427;3.433812;
Spine;-1.178743;-0.05667696;3.169685;
HipCenter;-1.121195;-0.126526;3.142611;
HipRight;-1.105885;-0.1939748;3.067712;
HipLeft;-1.118747;-0.200646;3.19489;
KneeRight;-0.9924207;-0.6403751;3.160674;
KneeLeft;-1.27556;-0.689244;3.246177;
AnkleRight;-0.7916698;-0.9883586;3.166654;
AnkleLeft;-1.360078;-1.048524;3.304642;
FootRight;-0.8317025;-1.063265;3.165616;
FootLeft;-1.376689;-1.129102;3.283524;
Head;-1.277615;0.5101471;3.281306;
ShoulderCenter;-1.203925;0.3533735;3.207272;
ShoulderRight;-1.131453;0.2165017;3.084934;
ShoulderLeft;-1.137498;0.2266606;3.036622;
ElbowRight;-1.20282;-0.03376186;2.970532;
ElbowLeft;-1.067118;0.08823915;3.234875;
WristRight;-1.338349;-0.2330327;2.946444;
WristLeft;-1.063274;-0.09301707;3.426502;
HandRight;-1.390103;-0.2976832;2.964451;
HandLeft;-1.094198;-0.1463784;3.437463;
Spine;-1.200245;-0.05679007;3.158493;
HipCenter;-1.138018;-0.1292677;3.146452;
HipRight;-1.123675;-0.1974408;3.073113;
HipLeft;-1.133626;-0.2040095;3.197711;
KneeRight;-1.046059;-0.6859822;3.172762;
KneeLeft;-1.271932;-0.6774726;3.182068;
AnkleRight;-0.8715605;-0.9583979;3.156024;
AnkleLeft;-1.361754;-1.048695;3.303736;
FootRight;-0.8865911;-1.039629;3.138877;
FootLeft;-1.370926;-1.12595;3.271088;
Head;-1.282898;0.5332885;3.29069;
ShoulderCenter;-1.262759;0.3648126;3.200603;
ShoulderRight;-1.162544;0.2229716;3.090118;
ShoulderLeft;-1.173744;0.2283897;3.047883;
ElbowRight;-1.223331;-0.02835201;2.972789;
ElbowLeft;-1.106725;0.07962543;3.239858;
WristRight;-1.35931;-0.2338863;2.94519;
WristLeft;-1.110574;-0.1093823;3.423598;
HandRight;-1.399134;-0.3064164;2.962406;
HandLeft;-1.141413;-0.1625968;3.43453;
Spine;-1.24824;-0.04487184;3.169341;
HipCenter;-1.184993;-0.1152893;3.152071;
HipRight;-1.161666;-0.1884997;3.068183;
HipLeft;-1.17439;-0.2112197;3.213652;
KneeRight;-1.098206;-0.6755722;3.195844;
KneeLeft;-1.303345;-0.728887;3.227781;
AnkleRight;-0.9440025;-0.9588524;3.160482;
AnkleLeft;-1.357622;-1.02862;3.306358;
FootRight;-0.9717677;-1.046836;3.156348;
FootLeft;-1.368953;-1.106765;3.278143;
Head;-1.415765;0.4907058;3.242783;
ShoulderCenter;-1.286096;0.3707897;3.21152;
ShoulderRight;-1.201539;0.2291404;3.090832;
ShoulderLeft;-1.205001;0.235474;3.061805;
ElbowRight;-1.246196;-0.02621168;2.975547;
ElbowLeft;-1.14107;0.09292729;3.258587;
WristRight;-1.373669;-0.2281109;2.948328;
WristLeft;-1.151607;-0.09035005;3.438063;
HandRight;-1.412206;-0.3025497;2.958316;
HandLeft;-1.182409;-0.1435011;3.448982;
Spine;-1.267394;-0.05010353;3.162623;
HipCenter;-1.203139;-0.1232664;3.151677;
HipRight;-1.193542;-0.1852189;3.081487;
HipLeft;-1.199038;-0.2022516;3.202147;
KneeRight;-1.151501;-0.6895315;3.214708;
KneeLeft;-1.340919;-0.6631511;3.153737;
AnkleRight;-1.032199;-0.9888822;3.185373;
AnkleLeft;-1.364703;-1.047588;3.304606;
FootRight;-0.9421976;-1.027305;3.177237;
FootLeft;-1.36942;-1.123147;3.269457;
Head;-1.44855;0.502777;3.250329;
ShoulderCenter;-1.319505;0.3809982;3.210236;
ShoulderRight;-1.219939;0.2334733;3.090384;
ShoulderLeft;-1.234205;0.2443568;3.059559;
ElbowRight;-1.266574;-0.02325423;2.980752;
ElbowLeft;-1.172568;0.1329829;3.273837;
WristRight;-1.387412;-0.2185773;2.944132;
WristLeft;-1.187747;-0.0268418;3.449854;
HandRight;-1.416151;-0.2978044;2.94789;
HandLeft;-1.21853;-0.07995914;3.460766;
Spine;-1.31681;-0.04066546;3.189571;
HipCenter;-1.257392;-0.1154662;3.165803;
HipRight;-1.235485;-0.1859823;3.084746;
HipLeft;-1.25266;-0.2108866;3.227121;
KneeRight;-1.211287;-0.685223;3.223544;
KneeLeft;-1.34274;-0.6639516;3.15452;
AnkleRight;-1.184539;-1.018183;3.214089;
AnkleLeft;-1.364751;-1.048321;3.304343;
FootRight;-1.178749;-1.093278;3.178006;
FootLeft;-1.372587;-1.126095;3.274941;
Head;-1.478051;0.4541374;3.253039;
ShoulderCenter;-1.359622;0.3229928;3.206422;
ShoulderRight;-1.277896;0.2413836;3.101213;
ShoulderLeft;-1.275901;0.1868224;3.055382;
ElbowRight;-1.293304;-0.01774727;2.989262;
ElbowLeft;-1.217665;0.1296212;3.288145;
WristRight;-1.398779;-0.2229884;2.94198;
WristLeft;-1.236894;-0.0006674826;3.462994;
HandRight;-1.425322;-0.302907;2.941777;
HandLeft;-1.267621;-0.05369001;3.473886;
Spine;-1.354848;-0.06733397;3.182237;
HipCenter;-1.290991;-0.1347488;3.17098;
HipRight;-1.282977;-0.2009616;3.099844;
HipLeft;-1.277561;-0.219655;3.227461;
KneeRight;-1.281668;-0.6915816;3.233362;
KneeLeft;-1.367436;-0.6663631;3.168108;
AnkleRight;-1.267173;-1.017923;3.215564;
AnkleLeft;-1.407593;-1.037701;3.286719;
FootRight;-1.178243;-1.056425;3.200915;
FootLeft;-1.387423;-1.106791;3.24477;
Head;-1.492541;0.4817379;3.237601;
ShoulderCenter;-1.395403;0.3230112;3.213716;
ShoulderRight;-1.301475;0.2441205;3.102242;
ShoulderLeft;-1.287704;0.2240196;3.03053;
ElbowRight;-1.335503;-0.01566353;2.999069;
ElbowLeft;-1.247292;0.06779714;3.222568;
WristRight;-1.420305;-0.2328425;2.930097;
WristLeft;-1.272943;-0.1153528;3.388494;
HandRight;-1.439525;-0.3144779;2.934212;
HandLeft;-1.303582;-0.1682225;3.399355;
Spine;-1.378958;-0.0599291;3.172827;
HipCenter;-1.315298;-0.1263478;3.177315;
HipRight;-1.304607;-0.1898755;3.107799;
HipLeft;-1.301272;-0.2098218;3.230973;
KneeRight;-1.32864;-0.6961614;3.261114;
KneeLeft;-1.414103;-0.6821018;3.208507;
AnkleRight;-1.369634;-1.085055;3.211384;
AnkleLeft;-1.435955;-1.071668;3.161649;
FootRight;-1.280838;-1.123881;3.223367;
FootLeft;-1.417956;-1.138971;3.116527;
Head;-1.473794;0.5514565;3.264874;
ShoulderCenter;-1.428662;0.3808131;3.212087;
ShoulderRight;-1.33818;0.2338986;3.098421;
ShoulderLeft;-1.315314;0.2832565;3.026716;
ElbowRight;-1.357709;-0.02770391;2.997127;
ElbowLeft;-1.288019;0.1085865;3.206364;
WristRight;-1.444361;-0.2344639;2.935602;
WristLeft;-1.307581;-0.08725563;3.380681;
HandRight;-1.448657;-0.317349;2.924357;
HandLeft;-1.338142;-0.1399907;3.391514;
Spine;-1.399222;-0.04670507;3.166436;
HipCenter;-1.335793;-0.1211057;3.184174;
HipRight;-1.327021;-0.1886884;3.116993;
HipLeft;-1.322724;-0.1986296;3.239609;
KneeRight;-1.341537;-0.6832889;3.293006;
KneeLeft;-1.499442;-0.6568312;3.169854;
AnkleRight;-1.408673;-1.059982;3.263844;
AnkleLeft;-1.489073;-1.054549;3.162124;
FootRight;-1.325676;-1.099746;3.297683;
FootLeft;-1.406076;-1.094313;3.195963;
Head;-1.589849;0.494919;3.238882;
ShoulderCenter;-1.460966;0.3753322;3.220396;
ShoulderRight;-1.369743;0.2317214;3.103948;
ShoulderLeft;-1.347618;0.2777756;3.035025;
ElbowRight;-1.388793;-0.02776216;2.995629;
ElbowLeft;-1.320329;0.1031431;3.214673;
WristRight;-1.464358;-0.2465972;2.937029;
WristLeft;-1.339878;-0.09265403;3.388976;
HandRight;-1.455608;-0.322626;2.915332;
HandLeft;-1.370489;-0.1454751;3.399827;
Spine;-1.432466;-0.04851491;3.17558;
HipCenter;-1.369838;-0.1243793;3.194194;
HipRight;-1.363029;-0.1862291;3.133696;
HipLeft;-1.353782;-0.1924617;3.244841;
KneeRight;-1.359514;-0.6861475;3.306352;
KneeLeft;-1.546648;-0.6658286;3.160617;
AnkleRight;-1.371144;-1.051099;3.334803;
AnkleLeft;-1.588611;-1.06113;3.162955;
FootRight;-1.364307;-1.119818;3.288041;
FootLeft;-1.505519;-1.100939;3.196694;
Head;-1.617312;0.4939328;3.225754;
ShoulderCenter;-1.494552;0.3696573;3.217565;
ShoulderRight;-1.404993;0.2209865;3.102932;
ShoulderLeft;-1.381204;0.2721007;3.032194;
ElbowRight;-1.413587;-0.03733277;2.989003;
ElbowLeft;-1.353909;0.09743129;3.211807;
WristRight;-1.483246;-0.2407586;2.929502;
WristLeft;-1.373471;-0.09841022;3.386107;
HandRight;-1.477314;-0.3204507;2.9049;
HandLeft;-1.40398;-0.1510566;3.396922;
Spine;-1.460401;-0.04961128;3.179274;
HipCenter;-1.397257;-0.1239577;3.200778;
HipRight;-1.386533;-0.1918239;3.136047;
HipLeft;-1.381636;-0.1910864;3.257485;
KneeRight;-1.382646;-0.6907201;3.312406;
KneeLeft;-1.551663;-0.6438447;3.166023;
AnkleRight;-1.371743;-1.051661;3.335999;
AnkleLeft;-1.622922;-1.009773;3.170057;
FootRight;-1.364201;-1.119841;3.288412;
FootLeft;-1.540738;-1.049359;3.206467;
Head;-1.669592;0.4550966;3.22226;
ShoulderCenter;-1.518605;0.3666895;3.214385;
ShoulderRight;-1.453342;0.2144628;3.093838;
ShoulderLeft;-1.449753;0.2160258;3.042326;
ElbowRight;-1.451712;-0.04383188;2.980432;
ElbowLeft;-1.422487;0.04154779;3.221778;
WristRight;-1.489595;-0.2406408;2.911982;
WristLeft;-1.441987;-0.1540641;3.395924;
HandRight;-1.508051;-0.3212479;2.900128;
HandLeft;-1.472469;-0.2066628;3.406729;
Spine;-1.498699;-0.06058858;3.202176;
HipCenter;-1.433371;-0.1361177;3.208207;
HipRight;-1.422488;-0.2029896;3.146252;
HipLeft;-1.422979;-0.1969217;3.26564;
KneeRight;-1.41157;-0.6773064;3.32022;
KneeLeft;-1.555468;-0.6282182;3.17322;
AnkleRight;-1.371318;-1.052816;3.335387;
AnkleLeft;-1.637104;-0.9374399;3.178268;
FootRight;-1.368906;-1.118715;3.284214;
FootLeft;-1.595002;-0.9979907;3.139176;
Head;-1.660633;0.4943832;3.210397;
ShoulderCenter;-1.563939;0.347486;3.198767;
ShoulderRight;-1.484736;0.2078034;3.097662;
ShoulderLeft;-1.519771;0.160991;3.034624;
ElbowRight;-1.479165;-0.05004552;2.984692;
ElbowLeft;-1.492554;-0.01317742;3.213789;
WristRight;-1.508447;-0.2353815;2.899116;
WristLeft;-1.511953;-0.2084177;3.387674;
HandRight;-1.515984;-0.3179947;2.889159;
HandLeft;-1.54244;-0.2610248;3.398481;
Spine;-1.519803;-0.09075969;3.251416;
HipCenter;-1.461101;-0.1709659;3.231005;
HipRight;-1.447886;-0.2204855;3.191276;
HipLeft;-1.448214;-0.2047472;3.271554;
KneeRight;-1.433525;-0.6974458;3.331676;
KneeLeft;-1.542759;-0.6193951;3.209944;
AnkleRight;-1.371222;-1.054525;3.336139;
AnkleLeft;-1.686116;-0.9053326;3.169927;
FootRight;-1.371343;-1.118036;3.282586;
FootLeft;-1.630164;-0.8444007;3.162301;
Head;-1.615209;0.5192009;3.182562;
ShoulderCenter;-1.585935;0.3527085;3.198412;
ShoulderRight;-1.523978;0.2083093;3.080552;
ShoulderLeft;-1.537524;0.2104388;3.037848;
ElbowRight;-1.514127;-0.04732892;2.963463;
ElbowLeft;-1.510368;0.03666261;3.216638;
WristRight;-1.53754;-0.2436005;2.916725;
WristLeft;-1.52964;-0.1581072;3.390188;
HandRight;-1.532202;-0.3240896;2.894814;
HandLeft;-1.560141;-0.2107377;3.400999;
Spine;-1.555258;-0.08025739;3.243202;
HipCenter;-1.489833;-0.1568527;3.237578;
HipRight;-1.476046;-0.215104;3.191589;
HipLeft;-1.483989;-0.1981632;3.290112;
KneeRight;-1.463585;-0.6854284;3.334045;
KneeLeft;-1.534854;-0.5878535;3.252945;
AnkleRight;-1.372609;-1.054685;3.336115;
AnkleLeft;-1.80933;-0.8537594;3.044044;
FootRight;-1.37272;-1.117395;3.281786;
FootLeft;-1.723707;-0.8919353;3.016849;
Head;-1.62412;0.5250457;3.179856;
ShoulderCenter;-1.605337;0.354766;3.188968;
ShoulderRight;-1.529509;0.2090445;3.084204;
ShoulderLeft;-1.538474;0.2111359;3.039538;
ElbowRight;-1.53517;-0.0563722;2.999956;
ElbowLeft;-1.550107;-0.01885148;2.946197;
WristRight;-1.601823;-0.3151343;3.00455;
WristLeft;-1.619949;-0.1759081;3.035811;
HandRight;-1.600486;-0.3888906;2.992444;
HandLeft;-1.650381;-0.2284206;3.046598;
Spine;-1.59422;-0.08283985;3.244244;
HipCenter;-1.532788;-0.1635179;3.248259;
HipRight;-1.528538;-0.2159746;3.210964;
HipLeft;-1.523064;-0.2016443;3.294964;
KneeRight;-1.504742;-0.7075941;3.349906;
KneeLeft;-1.542162;-0.5940089;3.268857;
AnkleRight;-1.375033;-1.054042;3.334737;
AnkleLeft;-1.810794;-0.8075266;3.018759;
FootRight;-1.374007;-1.118209;3.282314;
FootLeft;-1.723325;-0.8467008;3.000914;
Head;-1.688527;0.530401;3.212185;
ShoulderCenter;-1.636807;0.362851;3.204963;
ShoulderRight;-1.57675;0.2748958;3.141778;
ShoulderLeft;-1.544181;0.05262741;3.091491;
ElbowRight;-1.56444;0.01472563;3.039381;
ElbowLeft;-1.595855;0.02639622;2.87241;
WristRight;-1.5964;-0.254124;3.012056;
WristLeft;-1.612675;-0.062918;3.037072;
HandRight;-1.610035;-0.3409448;3.026303;
HandLeft;-1.642994;-0.1152362;3.047819;
Spine;-1.625916;-0.1335435;3.281992;
HipCenter;-1.56045;-0.2246194;3.30302;
HipRight;-1.565848;-0.2673613;3.368316;
HipLeft;-1.537775;-0.3062416;3.254903;
KneeRight;-1.537594;-0.7004033;3.330382;
KneeLeft;-1.591195;-0.6942967;3.261221;
AnkleRight;-1.386989;-1.050516;3.33044;
AnkleLeft;-1.773147;-0.5639058;2.974185;
FootRight;-1.384246;-1.11152;3.274618;
FootLeft;-1.684031;-0.6029348;2.977231;
Head;-1.635923;0.2667597;3.244381;
ShoulderCenter;-1.589749;0.0546483;3.308468;
ShoulderRight;-1.52424;-0.03470765;3.242469;
ShoulderLeft;-1.585222;0.0503366;3.160353;
ElbowRight;-1.623507;-0.02966874;3.042118;
ElbowLeft;-1.617563;-0.04454941;2.960494;
WristRight;-1.629599;-0.2970009;3.065861;
WristLeft;-1.655625;-0.1175418;3.128428;
HandRight;-1.641269;-0.3950789;3.084583;
HandLeft;-1.685854;-0.1697035;3.139143;
Spine;-1.644889;-0.2731903;3.338169;
HipCenter;-1.60588;-0.3395668;3.309508;
HipRight;-1.590393;-0.3759895;3.320622;
HipLeft;-1.623616;-0.3581372;3.2966;
KneeRight;-1.580625;-0.7665271;3.327197;
KneeLeft;-1.659999;-0.7343886;3.181987;
AnkleRight;-1.394463;-1.058389;3.332622;
AnkleLeft;-1.705359;-1.046417;3.152607;
FootRight;-1.389963;-1.11774;3.275548;
FootLeft;-1.687333;-0.9365317;3.159518;
Head;-1.657452;0.2334783;3.31831;
ShoulderCenter;-1.631173;0.01204039;3.368006;
ShoulderRight;-1.565664;-0.07731555;3.302007;
ShoulderLeft;-1.625947;0.01383119;3.189382;
ElbowRight;-1.675281;-0.1213832;3.114866;
ElbowLeft;-1.642567;-0.1667327;3.080606;
WristRight;-1.659494;-0.3703535;3.131675;
WristLeft;-1.714143;-0.2424996;3.236043;
HandRight;-1.670461;-0.437586;3.146056;
HandLeft;-1.744284;-0.2945099;3.246727;
Spine;-1.687794;-0.2675078;3.378313;
HipCenter;-1.6436;-0.3230582;3.35434;
HipRight;-1.614384;-0.3957587;3.461079;
HipLeft;-1.677784;-0.3842866;3.236595;
KneeRight;-1.634306;-0.7597575;3.306801;
KneeLeft;-1.646638;-0.7423894;3.375688;
AnkleRight;-1.442507;-1.023143;3.318924;
AnkleLeft;-1.704654;-1.051077;3.357824;
FootRight;-1.437345;-1.081364;3.26135;
FootLeft;-1.695804;-0.9451115;3.325984;
Head;-1.689665;0.2349188;3.30158;
ShoulderCenter;-1.678182;0.01368329;3.354254;
ShoulderRight;-1.612673;-0.07567265;3.288255;
ShoulderLeft;-1.672956;0.01547409;3.175631;
ElbowRight;-1.722039;-0.1196394;3.101608;
ElbowLeft;-1.680888;-0.1873604;3.164583;
WristRight;-1.674305;-0.364508;3.145294;
WristLeft;-1.749926;-0.3426099;3.253146;
HandRight;-1.682789;-0.4211785;3.1658;
HandLeft;-1.779971;-0.3944545;3.263796;
Spine;-1.701468;-0.4317148;3.399338;
HipCenter;-1.649948;-0.5186433;3.383488;
HipRight;-1.630692;-0.5292549;3.398313;
HipLeft;-1.666519;-0.5577564;3.370119;
KneeRight;-1.72021;-0.8823925;3.245901;
KneeLeft;-1.669586;-1.001117;3.395739;
AnkleRight;-1.478743;-1.004287;3.306506;
AnkleLeft;-1.691734;-0.7549469;3.176203;
FootRight;-1.473609;-1.062189;3.249246;
FootLeft;-1.680572;-0.8526384;3.226388;
Head;-1.693711;-0.527275;3.387808;
ShoulderCenter;-1.676699;-0.7467093;3.443117;
ShoulderRight;-1.61119;-0.8360652;3.377119;
ShoulderLeft;-1.671473;-0.7449185;3.264494;
ElbowRight;-1.655136;-0.5760944;3.306467;
ElbowLeft;-1.692666;-0.4785219;3.234711;
WristRight;-1.735803;-0.4089622;3.225055;
WristLeft;-1.760954;-0.3043298;3.286498;
HandRight;-1.762692;-0.3532514;3.202497;
HandLeft;-1.783717;-0.2462658;3.308341;
Spine;-1.746944;-0.8465443;3.410121;
HipCenter;-1.704345;-0.8622156;3.380035;
HipRight;-1.706666;-0.971049;3.470044;
HipLeft;-1.724873;-0.8488463;3.226535;
KneeRight;-1.701319;-0.6363479;3.259526;
KneeLeft;-1.74623;-1.052365;3.542794;
AnkleRight;-1.695499;-0.2720932;3.018403;
AnkleLeft;-1.639822;-0.87647;3.28067;
FootRight;-1.617002;-0.300093;2.973915;
FootLeft;-1.69347;-0.9270014;3.246665;
Head;-1.737372;-0.534839;3.35615;
ShoulderCenter;-1.720378;-0.7540457;3.411494;
ShoulderRight;-1.654868;-0.8434017;3.345496;
ShoulderLeft;-1.715151;-0.7522549;3.232871;
ElbowRight;-1.698656;-0.5843693;3.275091;
ElbowLeft;-1.727763;-0.4884054;3.239663;
WristRight;-1.778737;-0.417612;3.194182;
WristLeft;-1.788575;-0.2859157;3.333523;
HandRight;-1.805431;-0.3620262;3.171777;
HandLeft;-1.808846;-0.2184192;3.369375;
Spine;-1.768366;-0.9481682;3.480301;
HipCenter;-1.725193;-0.9934716;3.463921;
HipRight;-1.705034;-1.037021;3.507348;
HipLeft;-1.747282;-1.045855;3.436013;
KneeRight;-1.70919;-0.7018865;3.297918;
KneeLeft;-1.856203;-1.387427;3.57106;
AnkleRight;-1.713702;-0.3379317;3.058468;
AnkleLeft;-1.818963;-1.313067;3.433937;
FootRight;-1.643665;-0.3718499;3.006704;
FootLeft;-1.804392;-1.377598;3.38764;
