Floor;-0.01094854;0.9997774;0.01803535;1.03682;
Head;1.319034;0.5402133;3.239213;
ShoulderCenter;1.375559;0.3740159;3.211111;
ShoulderRight;1.417221;0.2478992;3.041832;
ShoulderLeft;1.307506;0.2171338;3.237683;
ElbowRight;1.363371;0.03905211;2.908732;
ElbowLeft;1.282295;-0.03475903;3.201222;
WristRight;1.170169;-0.1689437;2.913334;
WristLeft;1.218714;-0.3086972;3.230956;
HandRight;1.112887;-0.2310925;2.923526;
HandLeft;1.19752;-0.4000099;3.245124;
Spine;1.353023;-0.1143705;3.117848;
HipCenter;1.348516;-0.2120477;3.102317;
HipRight;1.371259;-0.2472338;3.059001;
HipLeft;1.321887;-0.2610783;3.128164;
KneeRight;1.446794;-0.6642877;3.00421;
KneeLeft;1.241244;-0.6978202;3.240315;
AnkleRight;1.468649;-1.03122;3.003601;
AnkleLeft;1.220977;-1.047506;3.206791;
FootRight;1.385494;-1.073705;2.957741;
FootLeft;1.137823;-1.08999;3.160931;
Head;1.338009;0.5456501;3.290889;
ShoulderCenter;1.349465;0.365964;3.231795;
ShoulderRight;1.384668;0.2438541;3.063834;
ShoulderLeft;1.25242;0.1227715;3.262691;
ElbowRight;1.309996;0.03371983;2.924412;
ElbowLeft;1.232981;-0.07130843;3.225992;
WristRight;1.122766;-0.1517675;2.926148;
WristLeft;1.092235;-0.1779666;3.021439;
HandRight;1.047984;-0.2155376;2.926064;
HandLeft;1.020848;-0.2414252;2.926247;
Spine;1.32234;-0.1039846;3.144964;
HipCenter;1.315805;-0.1970305;3.131888;
HipRight;1.337854;-0.2176556;3.091899;
HipLeft;1.285312;-0.2703349;3.153795;
KneeRight;1.43117;-0.6650544;3.025178;
KneeLeft;1.190664;-0.6700296;3.249351;
AnkleRight;1.472683;-1.022148;3.011904;
AnkleLeft;1.090427;-1.054646;3.226882;
FootRight;1.444899;-1.091177;2.984546;
FootLeft;1.164698;-1.106548;3.17247;
Head;1.20922;0.5254302;3.291311;
ShoulderCenter;1.30779;0.3556231;3.234208;
ShoulderRight;1.350538;0.2385499;3.068687;
ShoulderLeft;1.207263;0.1268423;3.280951;
ElbowRight;1.293729;0.03338239;2.933696;
ElbowLeft;1.180225;-0.1548706;3.203982;
WristRight;1.067389;-0.1429245;2.921711;
WristLeft;1.035498;-0.1861963;2.943074;
HandRight;0.9984467;-0.2093271;2.940837;
HandLeft;1.006155;-0.2429696;2.915584;
Spine;1.28611;-0.06387396;3.137168;
HipCenter;1.282431;-0.1476104;3.121441;
HipRight;1.31099;-0.1750924;3.071303;
HipLeft;1.249269;-0.2248565;3.144892;
KneeRight;1.349839;-0.6623157;3.08916;
KneeLeft;1.135266;-0.6535538;3.26367;
AnkleRight;1.472762;-1.02225;3.012616;
AnkleLeft;0.9783627;-1.039234;3.253581;
FootRight;1.43249;-1.093196;2.994399;
FootLeft;1.015055;-1.10124;3.211202;
Head;1.197666;0.5420964;3.284338;
ShoulderCenter;1.256518;0.3497586;3.237779;
ShoulderRight;1.307155;0.232348;3.086592;
ShoulderLeft;1.187703;0.2256184;3.268042;
ElbowRight;1.225114;0.01484547;2.953164;
ElbowLeft;1.155845;-0.05426738;3.247458;
WristRight;1.020028;-0.1566289;2.945776;
WristLeft;1.008358;-0.2190562;3.057421;
HandRight;0.9477189;-0.2141706;2.953052;
HandLeft;0.9389383;-0.24354;2.964921;
Spine;1.242169;-0.08820755;3.148168;
HipCenter;1.239299;-0.1758008;3.133986;
HipRight;1.264514;-0.2158705;3.091292;
HipLeft;1.218762;-0.219993;3.155499;
KneeRight;1.344841;-0.6684747;3.084452;
KneeLeft;1.08653;-0.652469;3.274896;
AnkleRight;1.482911;-1.029402;3.011621;
AnkleLeft;0.9079867;-1.036109;3.257911;
FootRight;1.439744;-1.088815;2.985503;
FootLeft;0.9425091;-1.097414;3.224366;
Head;1.231662;0.5418873;3.302011;
ShoulderCenter;1.206304;0.3386731;3.256686;
ShoulderRight;1.26993;0.2276148;3.094917;
ShoulderLeft;1.114884;0.1511271;3.287476;
ElbowRight;1.180212;0.004878638;2.961732;
ElbowLeft;1.097009;-0.1244528;3.211053;
WristRight;0.9666967;-0.1750268;2.945049;
WristLeft;0.9454883;-0.1883234;2.969028;
HandRight;0.9125226;-0.2309632;2.959082;
HandLeft;0.8748031;-0.2367455;2.952953;
Spine;1.199737;-0.09589767;3.155321;
HipCenter;1.198942;-0.1827546;3.138928;
HipRight;1.235966;-0.2120541;3.099602;
HipLeft;1.160158;-0.2450459;3.15423;
KneeRight;1.329127;-0.6679647;3.073114;
KneeLeft;1.03473;-0.6833197;3.291191;
AnkleRight;1.483991;-1.023788;3.013159;
AnkleLeft;0.871062;-1.028997;3.266341;
FootRight;1.441379;-1.086174;2.986152;
FootLeft;0.8983485;-1.087923;3.229587;
Head;1.070187;0.5131156;3.339757;
ShoulderCenter;1.177479;0.3361307;3.261548;
ShoulderRight;1.216795;0.2194558;3.115268;
ShoulderLeft;1.068924;0.1015143;3.310513;
ElbowRight;1.164854;0.005199586;2.96896;
ElbowLeft;1.044049;-0.1822617;3.218798;
WristRight;0.9342036;-0.1724139;2.965897;
WristLeft;0.8893722;-0.2181082;2.960448;
HandRight;0.8978649;-0.231635;2.962739;
HandLeft;0.862258;-0.2531527;2.964994;
Spine;1.165117;-0.1003611;3.163368;
HipCenter;1.162225;-0.1877473;3.147694;
HipRight;1.191486;-0.2147567;3.101562;
HipLeft;1.124781;-0.2664965;3.168983;
KneeRight;1.328616;-0.6725667;3.045067;
KneeLeft;0.9948019;-0.7734464;3.274785;
AnkleRight;1.48415;-1.030298;3.033504;
AnkleLeft;0.844141;-1.057581;3.261965;
FootRight;1.419874;-1.0883;2.992722;
FootLeft;0.8903056;-1.097248;3.220152;
Head;1.018631;0.5335136;3.365663;
ShoulderCenter;1.123225;0.3507664;3.28865;
ShoulderRight;1.17516;0.2238794;3.126096;
ShoulderLeft;1.023529;0.1169313;3.336292;
ElbowRight;1.124467;0.01879268;2.983396;
ElbowLeft;1.014632;-0.1725439;3.223563;
WristRight;0.9085586;-0.187178;2.964611;
WristLeft;0.8419849;-0.2453198;2.972322;
HandRight;0.8601759;-0.2441867;2.963687;
HandLeft;0.8600891;-0.3108918;2.954322;
Spine;1.115889;-0.1064046;3.177162;
HipCenter;1.114559;-0.1978099;3.158672;
HipRight;1.150045;-0.2265486;3.10679;
HipLeft;1.08282;-0.2751651;3.181076;
KneeRight;1.26913;-0.6730877;3.071342;
KneeLeft;0.9635463;-0.6839768;3.303238;
AnkleRight;1.456847;-1.022408;3.034644;
AnkleLeft;0.8515669;-1.032875;3.257685;
FootRight;1.412915;-1.085042;2.993161;
FootLeft;0.7848556;-1.067986;3.21458;
Head;0.9876442;0.5461246;3.35744;
ShoulderCenter;1.070375;0.3482288;3.296459;
ShoulderRight;1.126538;0.227995;3.140851;
ShoulderLeft;0.970679;0.1143937;3.344101;
ElbowRight;1.082844;0.009000789;2.994048;
ElbowLeft;0.935524;-0.1824738;3.311441;
WristRight;0.9023434;-0.192203;2.962331;
WristLeft;0.8467276;-0.07940766;3.029432;
HandRight;0.8447574;-0.2551681;2.959269;
HandLeft;0.7956377;-0.05480297;2.855735;
Spine;1.061005;-0.1069758;3.198793;
HipCenter;1.059131;-0.1980167;3.183125;
HipRight;1.093074;-0.2271115;3.134533;
HipLeft;1.022938;-0.2782321;3.205872;
KneeRight;1.248713;-0.6806379;3.066182;
KneeLeft;0.9498444;-0.7736822;3.282881;
AnkleRight;1.404558;-1.014706;3.019289;
AnkleLeft;0.8298794;-1.067403;3.253408;
FootRight;1.436262;-1.082919;2.96489;
FootLeft;0.7657487;-1.101846;3.209457;
Head;0.9254736;0.5383149;3.366017;
ShoulderCenter;1.045784;0.3604296;3.301657;
ShoulderRight;1.082706;0.2434633;3.148086;
ShoulderLeft;0.9460879;0.1265945;3.349299;
ElbowRight;1.071419;0.01869861;3.002864;
ElbowLeft;0.9093985;-0.1524803;3.240708;
WristRight;0.9014845;-0.19147;2.958774;
WristLeft;0.79706;-0.03737815;2.970899;
HandRight;0.840939;-0.2597958;2.954296;
HandLeft;0.7641035;-0.03880342;2.878565;
Spine;1.029387;-0.09788249;3.190234;
HipCenter;1.025249;-0.1894551;3.171226;
HipRight;1.053177;-0.2079975;3.136944;
HipLeft;0.9860682;-0.2577478;3.177407;
KneeRight;1.186643;-0.6648031;3.070682;
KneeLeft;0.9147055;-0.6807479;3.298631;
AnkleRight;1.362826;-0.9749581;3.02117;
AnkleLeft;0.8442739;-1.030448;3.253369;
FootRight;1.34632;-1.045171;3.00677;
FootLeft;0.856881;-1.096249;3.283717;
Head;0.8937954;0.5570665;3.375353;
ShoulderCenter;0.9973859;0.3660766;3.313029;
ShoulderRight;1.049466;0.2413073;3.153356;
ShoulderLeft;0.8743851;0.1124475;3.281802;
ElbowRight;1.013922;0.01470918;3.006439;
ElbowLeft;0.8668656;-0.1736673;3.224609;
WristRight;0.9006489;-0.1919841;2.957246;
WristLeft;0.9872395;-0.1997124;2.983781;
HandRight;0.8477969;-0.2660623;2.953405;
HandLeft;0.9933469;-0.2648109;2.967752;
Spine;0.9746194;-0.07574787;3.204952;
HipCenter;0.9700661;-0.1641128;3.187205;
HipRight;1.020352;-0.2079449;3.132078;
HipLeft;0.9215002;-0.2325245;3.213364;
KneeRight;1.112444;-0.6921479;3.103233;
KneeLeft;0.9002805;-0.6816645;3.287793;
AnkleRight;1.301609;-1.004513;3.043129;
AnkleLeft;0.8426005;-1.029929;3.252794;
FootRight;1.245749;-1.039171;2.983799;
FootLeft;0.786741;-1.064587;3.193464;
Head;0.8406566;0.5481422;3.370186;
ShoulderCenter;0.9743961;0.3754408;3.304852;
ShoulderRight;1.010813;0.2471972;3.153201;
ShoulderLeft;0.8513954;0.1218117;3.273625;
ElbowRight;1.007357;0.01513887;3.011873;
ElbowLeft;0.8341519;-0.1831969;3.223195;
WristRight;0.8886572;-0.2005431;2.950172;
WristLeft;0.9395254;-0.2433529;2.977356;
HandRight;0.8458655;-0.2800016;2.946587;
HandLeft;0.9455818;-0.3079075;2.961462;
Spine;0.9502158;-0.09169053;3.205934;
HipCenter;0.9429181;-0.187573;3.190432;
HipRight;0.9850784;-0.2272433;3.144752;
HipLeft;0.8949811;-0.2534712;3.213226;
KneeRight;1.084763;-0.6986398;3.099828;
KneeLeft;0.8526077;-0.6722164;3.251723;
AnkleRight;1.221727;-0.9785862;3.047792;
AnkleLeft;0.8403315;-1.034418;3.250097;
FootRight;1.213691;-1.05629;3.056617;
FootLeft;0.7831334;-1.069861;3.190232;
Head;0.8518378;0.5831689;3.371072;
ShoulderCenter;0.9171746;0.3753342;3.295685;
ShoulderRight;0.9653114;0.2519467;3.157257;
ShoulderLeft;0.8020846;0.1286205;3.282193;
ElbowRight;1.000833;0.005978316;3.029156;
ElbowLeft;0.781792;-0.1792453;3.221167;
WristRight;0.882318;-0.2147126;2.946838;
WristLeft;0.8987305;-0.2586901;2.961274;
HandRight;0.8465981;-0.295358;2.932548;
HandLeft;0.9047219;-0.3225531;2.945549;
Spine;0.9431873;-0.1080347;3.239507;
HipCenter;0.9040688;-0.1918572;3.182736;
HipRight;0.9502257;-0.2278544;3.146181;
HipLeft;0.8556344;-0.2529896;3.196542;
KneeRight;1.021894;-0.6944307;3.117214;
KneeLeft;0.8284249;-0.6595747;3.188118;
AnkleRight;1.128323;-1.019139;3.066617;
AnkleLeft;0.8411415;-1.032875;3.249613;
FootRight;1.117074;-1.083427;3.106965;
FootLeft;0.7783499;-1.095288;3.303821;
Head;0.7587376;0.5501188;3.308441;
ShoulderCenter;0.8960839;0.3793638;3.286822;
ShoulderRight;0.952316;0.2526653;3.153971;
ShoulderLeft;0.7809939;0.1326501;3.27333;
ElbowRight;0.9336037;-0.01320132;3.010684;
ElbowLeft;0.7457343;-0.1374142;3.223904;
WristRight;0.8657863;-0.2246501;2.935062;
WristLeft;0.863474;-0.2158885;2.966301;
HandRight;0.8420854;-0.3076869;2.917369;
HandLeft;0.8693847;-0.2788902;2.950788;
Spine;0.9009993;-0.09929654;3.229329;
HipCenter;0.8543426;-0.179025;3.170841;
HipRight;0.8957263;-0.2201688;3.129153;
HipLeft;0.807164;-0.239588;3.189355;
KneeRight;0.9560733;-0.6828442;3.133377;
KneeLeft;0.7738039;-0.645559;3.143555;
AnkleRight;1.029492;-1.014268;3.082584;
AnkleLeft;0.8584108;-1.024865;3.254584;
FootRight;0.9832842;-1.065436;3.046809;
FootLeft;0.806888;-1.082769;3.259652;
Head;0.7352546;0.5609477;3.343278;
ShoulderCenter;0.8441424;0.3792765;3.269529;
ShoulderRight;0.9086352;0.2610803;3.147212;
ShoulderLeft;0.7595435;0.2559088;3.249722;
ElbowRight;0.9206967;-0.00952208;3.005498;
ElbowLeft;0.7341043;-0.01603186;3.204644;
WristRight;0.8495923;-0.2226269;2.936865;
WristLeft;0.712594;-0.2323786;3.412979;
HandRight;0.8452249;-0.2931622;2.920456;
HandLeft;0.7043378;-0.2892286;3.441763;
Spine;0.8542911;-0.08093526;3.240148;
HipCenter;0.8167483;-0.1602481;3.181;
HipRight;0.8506609;-0.1904177;3.149297;
HipLeft;0.7738456;-0.2078589;3.198669;
KneeRight;0.8711263;-0.6605629;3.146813;
KneeLeft;0.7485117;-0.6255951;3.111638;
AnkleRight;0.9295042;-0.9967253;3.101635;
AnkleLeft;0.8369516;-1.010421;3.237372;
FootRight;0.8885649;-1.067901;3.078274;
FootLeft;0.805299;-1.07667;3.258241;
Head;0.7167216;0.5599645;3.33158;
ShoulderCenter;0.8183795;0.3812178;3.269599;
ShoulderRight;0.8876716;0.2600361;3.145081;
ShoulderLeft;0.7220479;0.2438268;3.249593;
ElbowRight;0.8993325;0.01156276;3.001483;
ElbowLeft;0.6896742;-0.02159351;3.37367;
WristRight;0.8325359;-0.2202687;2.929787;
WristLeft;0.6467904;-0.2319281;3.458586;
HandRight;0.8392442;-0.2956679;2.916702;
HandLeft;0.6093858;-0.2978796;3.468382;
Spine;0.7920524;-0.0704577;3.229077;
HipCenter;0.7512337;-0.1434261;3.167988;
HipRight;0.7848177;-0.1861232;3.130711;
HipLeft;0.7081968;-0.1877568;3.185812;
KneeRight;0.8404788;-0.6638582;3.145528;
KneeLeft;0.7351055;-0.6384472;3.12415;
AnkleRight;0.8328965;-0.9867497;3.095631;
AnkleLeft;0.767788;-1.01781;3.156449;
FootRight;0.7891091;-1.043224;3.067446;
FootLeft;0.7239547;-1.079807;3.168118;
Head;0.6577256;0.5510377;3.321898;
ShoulderCenter;0.7714531;0.3787966;3.261481;
ShoulderRight;0.8432634;0.266524;3.143067;
ShoulderLeft;0.6545886;0.1343048;3.272598;
ElbowRight;0.8824081;0.003220112;2.992511;
ElbowLeft;0.6410472;-0.0548191;3.461692;
WristRight;0.8231238;-0.2137416;2.921171;
WristLeft;0.5389512;-0.2609142;3.449692;
HandRight;0.8316352;-0.2915711;2.907922;
HandLeft;0.5171201;-0.2731678;3.453994;
Spine;0.7764134;-0.0647523;3.223259;
HipCenter;0.7300411;-0.1391993;3.167456;
HipRight;0.7644578;-0.1890918;3.111389;
HipLeft;0.6673532;-0.2142805;3.201753;
KneeRight;0.7494044;-0.6623284;3.169005;
KneeLeft;0.639931;-0.614195;3.122609;
AnkleRight;0.7524797;-1.035962;3.117535;
AnkleLeft;0.6572908;-1.039647;3.110053;
FootRight;0.6576124;-1.076241;3.11132;
FootLeft;0.6229433;-1.107044;3.120155;
Head;0.6350148;0.5549573;3.307175;
ShoulderCenter;0.7392385;0.3833295;3.268393;
ShoulderRight;0.8042121;0.2550714;3.140559;
ShoulderLeft;0.6521623;0.2276479;3.27751;
ElbowRight;0.8585347;-0.004218985;2.986769;
ElbowLeft;0.6051922;-0.01751077;3.427255;
WristRight;0.7940484;-0.2254856;2.919607;
WristLeft;0.4829428;-0.2044114;3.455428;
HandRight;0.8195916;-0.2920731;2.900596;
HandLeft;0.4492726;-0.25296;3.449916;
Spine;0.7214159;-0.04806387;3.231255;
HipCenter;0.6719525;-0.1177981;3.178079;
HipRight;0.6973326;-0.1718504;3.115426;
HipLeft;0.6334869;-0.1862721;3.214154;
KneeRight;0.8321301;-0.654452;3.207922;
KneeLeft;0.6524818;-0.7377251;3.155521;
AnkleRight;0.8227566;-1.042982;3.218716;
AnkleLeft;0.5524418;-1.033277;3.116229;
FootRight;0.7249339;-1.057522;3.187791;
FootLeft;0.4957507;-1.068459;3.055673;
Head;0.5847678;0.5351419;3.276396;
ShoulderCenter;0.6966743;0.3698783;3.262895;
ShoulderRight;0.7655292;0.2522337;3.133945;
ShoulderLeft;0.582648;0.1457442;3.308038;
ElbowRight;0.8246717;-0.01474252;2.980542;
ElbowLeft;0.5660518;-0.02469966;3.440707;
WristRight;0.7832352;-0.2346931;2.906301;
WristLeft;0.4175315;-0.1932062;3.461879;
HandRight;0.7855515;-0.3032658;2.886347;
HandLeft;0.3743537;-0.2391654;3.473289;
Spine;0.704187;-0.05414101;3.223583;
HipCenter;0.6529741;-0.1252472;3.173743;
HipRight;0.6865426;-0.1765503;3.113427;
HipLeft;0.6025556;-0.2011782;3.205815;
KneeRight;0.7936491;-0.6651866;3.213116;
KneeLeft;0.5568746;-0.6819758;3.136002;
AnkleRight;0.8376471;-1.041828;3.243985;
AnkleLeft;0.4826564;-1.033342;3.090072;
FootRight;0.7429055;-1.044958;3.199996;
FootLeft;0.4286664;-1.061359;3.042465;
Head;0.5575212;0.5334979;3.273883;
ShoulderCenter;0.6493645;0.3608082;3.254863;
ShoulderRight;0.732648;0.2418771;3.130866;
ShoulderLeft;0.5582156;0.1658386;3.284784;
ElbowRight;0.7934369;-0.02282136;2.972983;
ElbowLeft;0.5112547;-0.02561031;3.451035;
WristRight;0.7682868;-0.241783;2.895713;
WristLeft;0.3504017;-0.1819053;3.481292;
HandRight;0.7753395;-0.3154741;2.864264;
HandLeft;0.299652;-0.2201103;3.474463;
Spine;0.6574827;-0.07649156;3.223758;
HipCenter;0.6106732;-0.150731;3.172476;
HipRight;0.6548725;-0.1932759;3.117018;
HipLeft;0.568121;-0.2171835;3.205437;
KneeRight;0.7707813;-0.6661199;3.216529;
KneeLeft;0.5311013;-0.6934088;3.137982;
AnkleRight;0.8398297;-1.038397;3.243261;
AnkleLeft;0.3544313;-1.038468;3.079729;
FootRight;0.8206259;-1.111197;3.230201;
FootLeft;0.2608701;-1.082088;3.085376;
Head;0.5159134;0.5072624;3.243259;
ShoulderCenter;0.6326888;0.3571284;3.257356;
ShoulderRight;0.6933508;0.2272079;3.122571;
ShoulderLeft;0.5062836;0.116096;3.290351;
ElbowRight;0.7622788;-0.0228491;2.965192;
ElbowLeft;0.4892126;-0.02266812;3.455447;
WristRight;0.7366104;-0.2453372;2.878611;
WristLeft;0.312386;-0.1659573;3.479825;
HandRight;0.7393685;-0.3227189;2.839391;
HandLeft;0.2650431;-0.2039726;3.459106;
Spine;0.6400575;-0.0665146;3.216863;
HipCenter;0.5897698;-0.1351137;3.165211;
HipRight;0.6280661;-0.1800391;3.098001;
HipLeft;0.5401403;-0.2137766;3.201745;
KneeRight;0.7274476;-0.6728102;3.225963;
KneeLeft;0.5074006;-0.6960099;3.140557;
AnkleRight;0.8372552;-1.039865;3.239539;
AnkleLeft;0.2490625;-1.028182;3.072824;
FootRight;0.8221737;-1.115544;3.235502;
FootLeft;0.1884247;-1.063961;3.015316;
Head;0.4729555;0.499375;3.227042;
ShoulderCenter;0.5898547;0.3494905;3.246601;
ShoulderRight;0.6674889;0.2195179;3.116622;
ShoulderLeft;0.4571843;0.1336313;3.232983;
ElbowRight;0.7145733;-0.04964712;2.944453;
ElbowLeft;0.4434454;-0.01675992;3.456573;
WristRight;0.7076139;-0.2665978;2.852131;
WristLeft;0.2836385;-0.1778224;3.480728;
HandRight;0.7258902;-0.3329526;2.831971;
HandLeft;0.2093024;-0.2067623;3.443383;
Spine;0.5818801;-0.08736922;3.214957;
HipCenter;0.5429645;-0.1592531;3.155534;
HipRight;0.5944026;-0.1956814;3.098302;
HipLeft;0.4861573;-0.243505;3.187018;
KneeRight;0.65593;-0.641899;3.196882;
KneeLeft;0.4634405;-0.6935628;3.127384;
AnkleRight;0.8286819;-1.028017;3.233713;
AnkleLeft;0.2184552;-1.034695;3.086147;
FootRight;0.7835577;-1.063078;3.163871;
FootLeft;0.1199614;-1.053449;3.059371;
Head;0.4353688;0.4924299;3.222069;
ShoulderCenter;0.5299804;0.324727;3.221737;
ShoulderRight;0.6148995;0.2045482;3.09955;
ShoulderLeft;0.4346448;0.1311853;3.237062;
ElbowRight;0.6925787;-0.0514921;2.943887;
ElbowLeft;0.3845738;-0.02947237;3.472082;
WristRight;0.6559069;-0.2681582;2.854232;
WristLeft;0.2114377;-0.1831138;3.472407;
HandRight;0.6742616;-0.3413728;2.806796;
HandLeft;0.1482789;-0.2282372;3.428563;
Spine;0.5413251;-0.07173223;3.21034;
HipCenter;0.497889;-0.1389407;3.159443;
HipRight;0.5421146;-0.2003439;3.096728;
HipLeft;0.4447884;-0.200334;3.201631;
KneeRight;0.6434639;-0.7025291;3.225394;
KneeLeft;0.450286;-0.6934842;3.135674;
AnkleRight;0.8239808;-1.033353;3.233995;
AnkleLeft;0.1998079;-1.037213;3.08574;
FootRight;0.7705417;-1.069407;3.169942;
FootLeft;0.1199834;-1.069327;3.068686;
Head;0.4133136;0.5016888;3.214096;
ShoulderCenter;0.4984761;0.3262094;3.20789;
ShoulderRight;0.5854114;0.202308;3.093617;
ShoulderLeft;0.3823619;0.1293246;3.259249;
ElbowRight;0.6359019;-0.06459095;2.933343;
ElbowLeft;0.3516704;-0.02710997;3.487246;
WristRight;0.6272792;-0.2880443;2.851591;
WristLeft;0.1908851;-0.1959289;3.462713;
HandRight;0.6472086;-0.362604;2.805744;
HandLeft;0.1600147;-0.2124849;3.423914;
Spine;0.5124347;-0.067825;3.190687;
HipCenter;0.4696888;-0.1346476;3.14031;
HipRight;0.5170487;-0.1944008;3.081436;
HipLeft;0.4144454;-0.1961105;3.176885;
KneeRight;0.6336591;-0.7143804;3.231539;
KneeLeft;0.3572529;-0.6768175;3.10842;
AnkleRight;0.8154985;-1.028818;3.239297;
AnkleLeft;0.1850461;-1.035284;3.083257;
FootRight;0.7600638;-1.065109;3.176197;
FootLeft;0.1184217;-1.072363;3.06793;
Head;0.349728;0.4960873;3.204567;
ShoulderCenter;0.4444002;0.3260722;3.182207;
ShoulderRight;0.5308319;0.2011503;3.078274;
ShoulderLeft;0.342124;0.1473076;3.247971;
ElbowRight;0.5875515;-0.07844447;2.927079;
ElbowLeft;0.2965672;-0.05774581;3.450943;
WristRight;0.5692107;-0.3024759;2.855799;
WristLeft;0.1475499;-0.2335469;3.459633;
HandRight;0.5891838;-0.341542;2.823732;
HandLeft;0.120753;-0.2495932;3.423569;
Spine;0.4528709;-0.07067046;3.185924;
HipCenter;0.4071171;-0.1401965;3.140718;
HipRight;0.4481531;-0.1983802;3.087241;
HipLeft;0.3566683;-0.1997315;3.179902;
KneeRight;0.6202285;-0.7115401;3.255371;
KneeLeft;0.3267896;-0.7005595;3.106978;
AnkleRight;0.8031381;-0.9697163;3.217132;
AnkleLeft;0.1806186;-1.034164;3.080784;
FootRight;0.7760932;-1.048199;3.251024;
FootLeft;0.117327;-1.079678;3.080534;
Head;0.3222296;0.512999;3.201332;
ShoulderCenter;0.4020905;0.3349431;3.180848;
ShoulderRight;0.4857264;0.2101548;3.070658;
ShoulderLeft;0.2978828;0.1290047;3.231817;
ElbowRight;0.5363491;-0.07606257;2.927609;
ElbowLeft;0.261989;-0.06216688;3.405123;
WristRight;0.5099179;-0.2982483;2.849069;
WristLeft;0.1410913;-0.2444392;3.46907;
HandRight;0.5295829;-0.3458507;2.832901;
HandLeft;0.08011742;-0.3032947;3.436143;
Spine;0.4020728;-0.08064861;3.185724;
HipCenter;0.3557678;-0.1538462;3.140763;
HipRight;0.3933263;-0.2054296;3.092045;
HipLeft;0.3076923;-0.2215881;3.176049;
KneeRight;0.5757449;-0.7163672;3.265377;
KneeLeft;0.3157707;-0.6920162;3.104351;
AnkleRight;0.7842564;-0.9522531;3.233358;
AnkleLeft;0.1798677;-1.033966;3.080259;
FootRight;0.7490075;-1.042083;3.274769;
FootLeft;0.119352;-1.082535;3.081965;
Head;0.2678149;0.510726;3.199037;
ShoulderCenter;0.36469;0.3401838;3.177444;
ShoulderRight;0.4550043;0.2190889;3.06162;
ShoulderLeft;0.257216;0.1251232;3.216844;
ElbowRight;0.4791077;-0.04967776;2.932384;
ElbowLeft;0.2213184;-0.06060478;3.399853;
WristRight;0.4556398;-0.2750049;2.862747;
WristLeft;0.1232494;-0.2613574;3.450945;
HandRight;0.459901;-0.3385137;2.838264;
HandLeft;0.07364488;-0.3335964;3.4257;
Spine;0.3742151;-0.07570094;3.18203;
HipCenter;0.3308081;-0.1496925;3.135124;
HipRight;0.3720992;-0.2006384;3.088494;
HipLeft;0.2801653;-0.2182585;3.167444;
KneeRight;0.5558515;-0.7085901;3.275811;
KneeLeft;0.2636905;-0.6864174;3.086211;
AnkleRight;0.7457134;-0.9547871;3.214106;
AnkleLeft;0.1790917;-1.035668;3.080385;
FootRight;0.7293659;-1.018207;3.296845;
FootLeft;0.1153833;-1.092119;3.08436;
Head;0.2232084;0.5232068;3.193103;
ShoulderCenter;0.3170568;0.3520727;3.183011;
ShoulderRight;0.3914814;0.220916;3.056673;
ShoulderLeft;0.2163352;0.1550481;3.186723;
ElbowRight;0.4148517;-0.02868513;2.931484;
ElbowLeft;0.1791575;-0.03023656;3.370272;
WristRight;0.3824414;-0.2566995;2.862332;
WristLeft;0.1285491;-0.2533277;3.399973;
HandRight;0.3826944;-0.3410417;2.845765;
HandLeft;0.09257338;-0.3051814;3.405425;
Spine;0.3511518;-0.07616036;3.180063;
HipCenter;0.3135935;-0.153227;3.130505;
HipRight;0.3533409;-0.1983704;3.089781;
HipLeft;0.2694142;-0.2162803;3.158333;
KneeRight;0.4357567;-0.6399192;3.164972;
KneeLeft;0.2635517;-0.6863424;3.085953;
AnkleRight;0.6479596;-0.9215332;3.25917;
AnkleLeft;0.1783471;-1.036012;3.080342;
FootRight;0.6419215;-1.003253;3.326363;
FootLeft;0.1135254;-1.093465;3.08462;
Head;0.1855272;0.5192027;3.176974;
ShoulderCenter;0.2859815;0.3532343;3.177071;
ShoulderRight;0.3599834;0.2280348;3.055716;
ShoulderLeft;0.200017;0.2021786;3.161129;
ElbowRight;0.3724986;0.01201026;2.938811;
ElbowLeft;0.1455962;-0.02015266;3.349041;
WristRight;0.3197579;-0.220883;2.887578;
WristLeft;0.1167757;-0.2724552;3.352739;
HandRight;0.3103799;-0.3098684;2.868434;
HandLeft;0.0940007;-0.3167295;3.398513;
Spine;0.3002423;-0.07654943;3.180535;
HipCenter;0.2660717;-0.1540499;3.129068;
HipRight;0.3014688;-0.1874511;3.097142;
HipLeft;0.2301522;-0.2066175;3.151334;
KneeRight;0.3975763;-0.6008447;3.108965;
KneeLeft;0.220258;-0.6988455;3.107355;
AnkleRight;0.5584698;-0.9111601;3.246363;
AnkleLeft;0.1786404;-1.035696;3.080503;
FootRight;0.5114539;-0.9486172;3.175931;
FootLeft;0.1136229;-1.093419;3.08483;
Head;0.1738062;0.545927;3.171786;
ShoulderCenter;0.2440565;0.3645824;3.174053;
ShoulderRight;0.3251761;0.2374137;3.056907;
ShoulderLeft;0.1563974;0.2023292;3.175278;
ElbowRight;0.3182709;0.01293707;2.943584;
ElbowLeft;0.1036335;-0.03794377;3.344981;
WristRight;0.2510382;-0.2114998;2.896533;
WristLeft;0.07770094;-0.3032858;3.35928;
HandRight;0.2312527;-0.2997426;2.879536;
HandLeft;0.0573093;-0.356416;3.396524;
Spine;0.2704917;-0.06288902;3.174375;
HipCenter;0.2347496;-0.1401385;3.123266;
HipRight;0.2756388;-0.1776994;3.088371;
HipLeft;0.1912193;-0.1946462;3.1467;
KneeRight;0.2319039;-0.6191977;3.072468;
KneeLeft;0.1585286;-0.6407113;3.160936;
AnkleRight;0.4507121;-0.9027996;3.230319;
AnkleLeft;0.1743251;-1.029853;3.074069;
FootRight;0.4326472;-0.9933142;3.259033;
FootLeft;0.1135747;-1.079545;3.070398;
Head;0.09480657;0.531724;3.167759;
ShoulderCenter;0.2048063;0.3704547;3.169618;
ShoulderRight;0.2859033;0.2435437;3.048988;
ShoulderLeft;0.1153623;0.2131973;3.162123;
ElbowRight;0.2569098;-0.001442979;2.948625;
ElbowLeft;0.06518303;-0.02842349;3.33253;
WristRight;0.1757078;-0.21821;2.894577;
WristLeft;0.03976426;-0.2927836;3.345964;
HandRight;0.1435239;-0.3042426;2.883423;
HandLeft;0.01925894;-0.34621;3.383415;
Spine;0.2139171;-0.05760989;3.173482;
HipCenter;0.1782168;-0.1344896;3.122448;
HipRight;0.2135556;-0.1792936;3.083984;
HipLeft;0.1385368;-0.1898116;3.1487;
KneeRight;0.2262212;-0.6182915;3.067461;
KneeLeft;0.06408584;-0.6356306;3.24323;
AnkleRight;0.4450293;-0.9018934;3.225293;
AnkleLeft;0.1727772;-1.023489;3.076227;
FootRight;0.3573359;-0.955095;3.195872;
FootLeft;0.1170787;-1.078989;3.070081;
Head;0.07033593;0.5390154;3.150264;
ShoulderCenter;0.1740758;0.3767899;3.16429;
ShoulderRight;0.2441442;0.2482562;3.043802;
ShoulderLeft;0.06561697;0.2250989;3.181526;
ElbowRight;0.1938204;0.008471683;2.936682;
ElbowLeft;0.01413934;-0.01723172;3.352359;
WristRight;0.09650703;-0.2035114;2.889304;
WristLeft;-0.01117109;-0.2805227;3.364899;
HandRight;0.05460584;-0.284269;2.869574;
HandLeft;-0.03180172;-0.3342757;3.402579;
Spine;0.1866767;-0.04538685;3.173779;
HipCenter;0.1467007;-0.1215918;3.126806;
HipRight;0.1844843;-0.1643808;3.090546;
HipLeft;0.1022006;-0.1771002;3.15287;
KneeRight;0.2083435;-0.6185692;3.064981;
KneeLeft;0.01204914;-0.6332677;3.258793;
AnkleRight;0.1888278;-1.016296;3.06795;
AnkleLeft;0.09947075;-0.9530967;3.164138;
FootRight;0.1175349;-1.090446;3.102829;
FootLeft;0.1125994;-1.039343;3.099434;
Head;0.03901275;0.5381518;3.163433;
ShoulderCenter;0.1270861;0.3124313;3.147357;
ShoulderRight;0.2140353;0.258437;3.040991;
ShoulderLeft;0.02641869;0.1591341;3.165935;
ElbowRight;0.1666273;0.011772;2.933;
ElbowLeft;-0.02523143;-0.08400854;3.337419;
WristRight;0.01203606;-0.2015052;2.881791;
WristLeft;-0.05036937;-0.3464876;3.349277;
HandRight;-0.04863504;-0.2721397;2.880659;
HandLeft;-0.07100561;-0.4002551;3.386968;
Spine;0.1641809;-0.06618381;3.146448;
HipCenter;0.1321215;-0.1345504;3.098198;
HipRight;0.1727586;-0.1669591;3.072898;
HipLeft;0.09230237;-0.2069536;3.105637;
KneeRight;0.1868725;-0.642579;3.06759;
KneeLeft;-0.002547399;-0.64165;3.253566;
AnkleRight;0.1908031;-1.009738;3.068154;
AnkleLeft;0.09357187;-1.017067;3.228691;
FootRight;0.1375829;-1.067611;3.081526;
FootLeft;0.07050049;-1.082062;3.271949;
Head;-0.01284999;0.5528581;3.156224;
ShoulderCenter;0.08728319;0.3824786;3.15287;
ShoulderRight;0.1738774;0.2521832;3.036022;
ShoulderLeft;-0.01450962;0.2166566;3.185578;
ElbowRight;0.1139394;0.01891056;2.916809;
ElbowLeft;-0.06590128;-0.0252693;3.356195;
WristRight;-0.05327686;-0.1720344;2.877107;
WristLeft;-0.09129768;-0.288965;3.36913;
HandRight;-0.1111303;-0.2423434;2.871558;
HandLeft;-0.1119228;-0.3427036;3.4068;
Spine;0.1130885;-0.04830394;3.153296;
HipCenter;0.07570598;-0.1271209;3.105193;
HipRight;0.1115606;-0.1667641;3.068489;
HipLeft;0.0374619;-0.1926571;3.128969;
KneeRight;0.180943;-0.6491156;3.064272;
KneeLeft;-0.06055237;-0.6532304;3.25437;
AnkleRight;0.1879869;-1.022836;3.075486;
AnkleLeft;0.03019726;-1.054607;3.246013;
FootRight;0.1315517;-1.078206;3.079983;
FootLeft;-0.02298975;-1.092743;3.179709;
Head;-0.05565608;0.5381625;3.163339;
ShoulderCenter;0.05418254;0.3757145;3.155429;
ShoulderRight;0.1307577;0.2542976;3.034068;
ShoulderLeft;-0.04761028;0.2098925;3.188137;
ElbowRight;0.07197537;0.02237154;2.912033;
ElbowLeft;-0.09875508;-0.03087138;3.357926;
WristRight;-0.123229;-0.179663;2.868452;
WristLeft;-0.1243983;-0.2957291;3.37189;
HandRight;-0.1741374;-0.237371;2.870885;
HandLeft;-0.1449568;-0.349294;3.409438;
Spine;0.07397215;-0.05902357;3.162679;
HipCenter;0.03318794;-0.1393204;3.118517;
HipRight;0.06537842;-0.1827193;3.080957;
HipLeft;-0.004548251;-0.2067408;3.145571;
KneeRight;0.1592018;-0.6542268;3.06453;
KneeLeft;-0.09572801;-0.7020282;3.248483;
AnkleRight;0.1835334;-1.016871;3.073119;
AnkleLeft;-0.05883677;-1.073393;3.258977;
FootRight;0.1184788;-1.084782;3.077113;
FootLeft;-0.1642806;-1.095437;3.269096;
Head;-0.08239328;0.5410945;3.154701;
ShoulderCenter;0.009944558;0.3721028;3.152921;
ShoulderRight;0.09960829;0.2465313;3.03044;
ShoulderLeft;-0.09184825;0.2062809;3.185629;
ElbowRight;0.02146439;0.02257806;2.90562;
ElbowLeft;-0.142755;-0.03336239;3.354621;
WristRight;-0.1782687;-0.1713424;2.86876;
WristLeft;-0.1686363;-0.2993408;3.369576;
HandRight;-0.2331711;-0.2209962;2.870958;
HandLeft;-0.1891257;-0.3527257;3.406999;
Spine;0.04245144;-0.060627;3.158212;
HipCenter;0.005965768;-0.1413602;3.112052;
HipRight;0.04491535;-0.1797763;3.081785;
HipLeft;-0.03593974;-0.2032761;3.129689;
KneeRight;0.1415548;-0.6525797;3.062707;
KneeLeft;-0.153759;-0.6649901;3.236728;
AnkleRight;0.1824662;-1.015167;3.072048;
AnkleLeft;-0.1982923;-1.055599;3.231473;
FootRight;0.1293724;-1.077651;3.07877;
FootLeft;-0.2982616;-1.088051;3.245637;
Head;-0.1411407;0.5161064;3.156809;
ShoulderCenter;-0.02845443;0.3597435;3.156908;
ShoulderRight;0.05479006;0.2317084;3.027277;
ShoulderLeft;-0.1302473;0.1939216;3.189615;
ElbowRight;-0.02928188;0.006678166;2.906758;
ElbowLeft;-0.1813086;-0.04644972;3.359145;
WristRight;-0.2174297;-0.1611613;2.867998;
WristLeft;-0.2070353;-0.3117;3.373467;
HandRight;-0.276013;-0.2157317;2.874195;
HandLeft;-0.2274826;-0.3649753;3.410812;
Spine;0.00828371;-0.07016817;3.142827;
HipCenter;-0.02978024;-0.1487339;3.094285;
HipRight;0.0110593;-0.1843183;3.06543;
HipLeft;-0.06949226;-0.2085955;3.109225;
KneeRight;0.1304808;-0.6538129;3.064025;
KneeLeft;-0.1983125;-0.6958984;3.226111;
AnkleRight;0.1799598;-1.019667;3.071562;
AnkleLeft;-0.3087841;-1.051133;3.229203;
FootRight;0.1362607;-1.08597;3.085338;
FootLeft;-0.4105968;-1.069207;3.263801;
Head;-0.1796867;0.5182357;3.154671;
ShoulderCenter;-0.07407566;0.357742;3.159048;
ShoulderRight;0.005176821;0.2276835;3.032178;
ShoulderLeft;-0.1758685;0.1919201;3.191756;
ElbowRight;-0.1204065;-0.0389502;2.892211;
ElbowLeft;-0.2267402;-0.04755817;3.360502;
WristRight;-0.3032756;-0.1828693;2.878675;
WristLeft;-0.2526565;-0.3137016;3.375538;
HandRight;-0.3590071;-0.218084;2.895428;
HandLeft;-0.2730795;-0.3669134;3.412839;
Spine;-0.01650879;-0.06861985;3.135422;
HipCenter;-0.05055328;-0.1476292;3.085833;
HipRight;-0.01102538;-0.1869691;3.053755;
HipLeft;-0.08824586;-0.204253;3.101232;
KneeRight;-0.005497414;-0.6695744;3.126456;
KneeLeft;-0.2351382;-0.6406133;3.21455;
AnkleRight;0.1773417;-1.019019;3.071987;
AnkleLeft;-0.3929954;-1.03796;3.218696;
FootRight;0.1341598;-1.086532;3.084571;
FootLeft;-0.4944619;-1.062146;3.252838;
Head;-0.2066798;0.5118238;3.152102;
ShoulderCenter;-0.1136668;0.3420067;3.152372;
ShoulderRight;-0.02438955;0.2152994;3.031989;
ShoulderLeft;-0.2154596;0.1761847;3.18508;
ElbowRight;-0.1440887;-0.04382496;2.886177;
ElbowLeft;-0.2661709;-0.06253853;3.353195;
WristRight;-0.3277765;-0.1849993;2.883257;
WristLeft;-0.2922476;-0.3294369;3.368851;
HandRight;-0.3783296;-0.2241087;2.897125;
HandLeft;-0.3126369;-0.3825611;3.40609;
Spine;-0.06286085;-0.07712383;3.126467;
HipCenter;-0.09465155;-0.1528951;3.074201;
HipRight;-0.04883736;-0.1962394;3.040111;
HipLeft;-0.1361087;-0.2075622;3.090179;
KneeRight;-0.005846691;-0.6738558;3.121915;
KneeLeft;-0.26516;-0.6353455;3.213704;
AnkleRight;0.1722212;-1.019209;3.071487;
AnkleLeft;-0.4435711;-1.024804;3.206382;
FootRight;0.1327157;-1.089157;3.085533;
FootLeft;-0.5465935;-1.043093;3.241391;
Head;-0.2697102;0.4981491;3.15396;
ShoulderCenter;-0.1588221;0.3380286;3.151572;
ShoulderRight;-0.07836378;0.2090978;3.037608;
ShoulderLeft;-0.260615;0.1722066;3.18428;
ElbowRight;-0.1825848;-0.04109401;2.891128;
ElbowLeft;-0.311191;-0.06587997;3.351829;
WristRight;-0.3649731;-0.1875588;2.881516;
WristLeft;-0.337403;-0.333415;3.367992;
HandRight;-0.4305479;-0.243431;2.898853;
HandLeft;-0.3577785;-0.3865031;3.405206;
Spine;-0.1261504;-0.0796783;3.141272;
HipCenter;-0.1615921;-0.1552943;3.092128;
HipRight;-0.1229355;-0.2014413;3.060776;
HipLeft;-0.2003489;-0.2069875;3.108736;
KneeRight;-0.0171731;-0.6757735;3.118781;
KneeLeft;-0.3383248;-0.6965337;3.238121;
AnkleRight;0.1715599;-1.020422;3.074018;
AnkleLeft;-0.4751529;-1.0379;3.215837;
FootRight;0.1287014;-1.087442;3.095472;
FootLeft;-0.5621862;-1.074293;3.275227;
Head;-0.3017835;0.511898;3.155402;
ShoulderCenter;-0.1989073;0.3489849;3.163537;
ShoulderRight;-0.1282476;0.2092498;3.040352;
ShoulderLeft;-0.3007001;0.183163;3.196244;
ElbowRight;-0.2293624;-0.05633885;2.895532;
ElbowLeft;-0.3511317;-0.05424362;3.363196;
WristRight;-0.4072711;-0.2031555;2.884611;
WristLeft;-0.3774882;-0.3224587;3.379904;
HandRight;-0.4479431;-0.2530914;2.898783;
HandLeft;-0.3978268;-0.3754509;3.417051;
Spine;-0.1389203;-0.07704023;3.135779;
HipCenter;-0.174212;-0.1547065;3.086517;
HipRight;-0.1352132;-0.1936232;3.058228;
HipLeft;-0.2134833;-0.2063667;3.098019;
KneeRight;-0.05107057;-0.6813853;3.106925;
KneeLeft;-0.370536;-0.6872026;3.242106;
AnkleRight;0.167638;-1.029424;3.083533;
AnkleLeft;-0.4757453;-1.037824;3.215068;
FootRight;0.1010953;-1.076616;3.09977;
FootLeft;-0.5670855;-1.080524;3.265046;
Head;-0.36091;0.5102376;3.170695;
ShoulderCenter;-0.243392;0.3510763;3.157691;
ShoulderRight;-0.1657793;0.2131891;3.041108;
ShoulderLeft;-0.3451849;0.1852543;3.190399;
ElbowRight;-0.2279397;-0.001006114;2.898862;
ElbowLeft;-0.3957541;-0.05280003;3.357847;
WristRight;-0.412175;-0.2056862;2.882055;
WristLeft;-0.4219729;-0.3203673;3.374;
HandRight;-0.4635252;-0.2678541;2.891783;
HandLeft;-0.4423088;-0.3733523;3.411142;
Spine;-0.1802863;-0.08753087;3.113056;
HipCenter;-0.2109854;-0.1669414;3.057366;
HipRight;-0.1678447;-0.1998887;3.024341;
HipLeft;-0.2471774;-0.2240452;3.071221;
KneeRight;-0.07070589;-0.6900958;3.099232;
KneeLeft;-0.3981222;-0.6825321;3.242889;
AnkleRight;0.1300829;-1.022191;3.094925;
AnkleLeft;-0.4783331;-1.038232;3.214007;
FootRight;0.07264004;-1.092426;3.087546;
FootLeft;-0.5635405;-1.085205;3.27106;
Head;-0.3915578;0.5179941;3.167139;
ShoulderCenter;-0.2850794;0.3541299;3.169383;
ShoulderRight;-0.1984004;0.2195354;3.042768;
ShoulderLeft;-0.3868722;0.188308;3.202091;
ElbowRight;-0.240664;0.006943535;2.907945;
ElbowLeft;-0.4375477;-0.05024707;3.369856;
WristRight;-0.4148772;-0.2063496;2.881462;
WristLeft;-0.4636603;-0.3173137;3.385545;
HandRight;-0.4658789;-0.2827271;2.884522;
HandLeft;-0.484024;-0.3703714;3.422738;
Spine;-0.2095704;-0.076842;3.117615;
HipCenter;-0.2384164;-0.1552448;3.061287;
HipRight;-0.1990731;-0.1858939;3.028283;
HipLeft;-0.2693463;-0.2167608;3.072627;
KneeRight;-0.1352357;-0.6893562;3.082217;
KneeLeft;-0.4089359;-0.6819652;3.231106;
AnkleRight;0.08504587;-1.003717;3.090626;
AnkleLeft;-0.4856316;-1.041749;3.213533;
FootRight;0.05906882;-1.089514;3.072173;
FootLeft;-0.5678047;-1.088983;3.275129;
Head;-0.4192972;0.5248882;3.168165;
ShoulderCenter;-0.3283894;0.3544882;3.180485;
ShoulderRight;-0.2458135;0.221394;3.050144;
ShoulderLeft;-0.4301821;0.1886663;3.213192;
ElbowRight;-0.3072363;-0.02257432;2.916191;
ElbowLeft;-0.4810279;-0.05068927;3.381539;
WristRight;-0.4279239;-0.2202476;2.879708;
WristLeft;-0.50697;-0.3169554;3.396526;
HandRight;-0.477044;-0.2981424;2.881223;
HandLeft;-0.5273805;-0.3701343;3.433804;
Spine;-0.2785475;-0.07242504;3.136749;
HipCenter;-0.3126853;-0.1483434;3.083009;
HipRight;-0.2740684;-0.1871827;3.04676;
HipLeft;-0.3477463;-0.2076466;3.097176;
KneeRight;-0.1557913;-0.6855972;3.080055;
KneeLeft;-0.4441016;-0.7137143;3.200965;
AnkleRight;0.02226054;-0.9692181;3.078388;
AnkleLeft;-0.487201;-1.042196;3.211366;
FootRight;0.01249874;-1.064;3.079855;
FootLeft;-0.5671751;-1.090801;3.275017;
Head;-0.4702035;0.5247204;3.177413;
ShoulderCenter;-0.3581048;0.3633768;3.178692;
ShoulderRight;-0.2704919;0.2321071;3.058169;
ShoulderLeft;-0.4598976;0.1975549;3.2114;
ElbowRight;-0.3179217;-0.02367342;2.918841;
ElbowLeft;-0.5109392;-0.04272319;3.380435;
WristRight;-0.4310268;-0.2263317;2.878175;
WristLeft;-0.5366857;-0.3080667;3.39462;
HandRight;-0.4781305;-0.3056755;2.879058;
HandLeft;-0.5571348;-0.3613468;3.431968;
Spine;-0.2921887;-0.06452739;3.135716;
HipCenter;-0.3224995;-0.1416233;3.080196;
HipRight;-0.2839651;-0.1774334;3.043223;
HipLeft;-0.355306;-0.2041149;3.094873;
KneeRight;-0.220791;-0.6899539;3.078904;
KneeLeft;-0.4274484;-0.7459399;3.158358;
AnkleRight;-0.04806543;-0.9556896;3.079181;
AnkleLeft;-0.4901602;-1.046249;3.213096;
FootRight;-0.06297933;-1.066251;3.09914;
FootLeft;-0.5719326;-1.094352;3.275096;
Head;-0.4805807;0.4920701;3.181787;
ShoulderCenter;-0.4070211;0.3051564;3.166593;
ShoulderRight;-0.3234466;0.2356693;3.057602;
ShoulderLeft;-0.5088139;0.1393345;3.199301;
ElbowRight;-0.3653648;-0.03683478;2.922959;
ElbowLeft;-0.5596739;-0.1000885;3.367605;
WristRight;-0.4434938;-0.2529678;2.871635;
WristLeft;-0.5856019;-0.3662871;3.382486;
HandRight;-0.4861059;-0.3349679;2.872693;
HandLeft;-0.6060822;-0.4196483;3.419892;
Spine;-0.3266426;-0.0766605;3.131546;
HipCenter;-0.3505681;-0.1473211;3.077256;
HipRight;-0.3044864;-0.178711;3.04432;
HipLeft;-0.3860127;-0.2154734;3.086538;
KneeRight;-0.2601292;-0.6966451;3.08307;
KneeLeft;-0.4489202;-0.7313216;3.114234;
AnkleRight;-0.1365032;-0.986125;3.075916;
AnkleLeft;-0.4898522;-1.046076;3.213236;
FootRight;-0.1783945;-1.064661;3.11226;
FootLeft;-0.5516316;-1.096612;3.258631;
Head;-0.5237873;0.5008023;3.170885;
ShoulderCenter;-0.4278087;0.3126023;3.16546;
ShoulderRight;-0.3463671;0.23532;3.059581;
ShoulderLeft;-0.5296016;0.1467804;3.198168;
ElbowRight;-0.3770674;-0.03682978;2.924004;
ElbowLeft;-0.5802879;-0.09182493;3.365779;
WristRight;-0.451262;-0.2521667;2.86547;
WristLeft;-0.6063896;-0.3588412;3.381327;
HandRight;-0.4807815;-0.3397507;2.86015;
HandLeft;-0.6269054;-0.4122952;3.418798;
Spine;-0.3648618;-0.08460207;3.134424;
HipCenter;-0.3981715;-0.1577008;3.081552;
HipRight;-0.356176;-0.1916005;3.055324;
HipLeft;-0.4310094;-0.2176819;3.088329;
KneeRight;-0.3265805;-0.6879277;3.095841;
KneeLeft;-0.4458824;-0.7760717;3.123019;
AnkleRight;-0.2228987;-0.9841077;3.080266;
AnkleLeft;-0.4922049;-1.052567;3.23507;
FootRight;-0.2701243;-1.065364;3.079559;
FootLeft;-0.5577892;-1.100034;3.257026;
Head;-0.5827698;0.5353287;3.152158;
ShoulderCenter;-0.4865329;0.3741056;3.177141;
ShoulderRight;-0.3992434;0.2386836;3.061009;
ShoulderLeft;-0.5883257;0.2082837;3.209849;
ElbowRight;-0.3902526;-0.03881525;2.926522;
ElbowLeft;-0.6388608;-0.02960981;3.376845;
WristRight;-0.4583299;-0.2534364;2.859024;
WristLeft;-0.6651137;-0.297338;3.392967;
HandRight;-0.4824004;-0.342775;2.853336;
HandLeft;-0.6856565;-0.350862;3.430487;
Spine;-0.4625577;-0.06539353;3.172188;
HipCenter;-0.4995502;-0.1454252;3.123412;
HipRight;-0.4587381;-0.1875865;3.105234;
HipLeft;-0.5425783;-0.1917047;3.129871;
KneeRight;-0.4695498;-0.6496798;3.086725;
KneeLeft;-0.5513768;-0.66678;3.033961;
AnkleRight;-0.3325341;-0.9854794;3.094173;
AnkleLeft;-0.4854805;-1.034819;3.207639;
FootRight;-0.3875559;-1.074908;3.120912;
FootLeft;-0.5631782;-1.090324;3.269073;
Head;-0.5974644;0.5459827;3.150468;
ShoulderCenter;-0.507702;0.3772072;3.166438;
ShoulderRight;-0.4295948;0.243023;3.056613;
ShoulderLeft;-0.6094948;0.2113852;3.199147;
ElbowRight;-0.4191415;-0.03633325;2.927317;
ElbowLeft;-0.6598889;-0.02584471;3.365607;
WristRight;-0.4718591;-0.2522436;2.851;
WristLeft;-0.6862828;-0.2942364;3.382285;
HandRight;-0.481447;-0.3444625;2.845994;
HandLeft;-0.7068593;-0.3478481;3.419866;
Spine;-0.5097368;-0.05553548;3.178853;
HipCenter;-0.55045;-0.1342131;3.135793;
HipRight;-0.5107751;-0.1831903;3.118977;
HipLeft;-0.595672;-0.1706486;3.145783;
KneeRight;-0.5384359;-0.6448508;3.082576;
KneeLeft;-0.6005711;-0.6090378;3.067586;
AnkleRight;-0.4404176;-1.013689;3.1012;
AnkleLeft;-0.5133628;-1.017861;3.12283;
FootRight;-0.5099263;-1.087171;3.11527;
FootLeft;-0.5630124;-1.076391;3.155934;
Head;-0.6385616;0.5443688;3.143389;
ShoulderCenter;-0.5493231;0.3767633;3.156899;
ShoulderRight;-0.4567399;0.2449964;3.056758;
ShoulderLeft;-0.6511159;0.2109413;3.189608;
ElbowRight;-0.4349531;-0.03237374;2.921791;
ElbowLeft;-0.7013174;-0.02538194;3.355307;
WristRight;-0.4851775;-0.2474216;2.843674;
WristLeft;-0.794215;-0.2576418;3.363219;
HandRight;-0.4880861;-0.3397652;2.838949;
HandLeft;-0.8307998;-0.3066901;3.393735;
Spine;-0.5251229;-0.05318191;3.1708;
HipCenter;-0.5599276;-0.1335865;3.124569;
HipRight;-0.5228807;-0.1796928;3.095772;
HipLeft;-0.6032579;-0.1770483;3.139356;
KneeRight;-0.5352677;-0.7387058;3.114432;
KneeLeft;-0.6514082;-0.6458368;3.029448;
AnkleRight;-0.5386434;-1.053246;3.110534;
AnkleLeft;-0.4807839;-0.9899652;3.186321;
FootRight;-0.6123517;-1.077668;3.079736;
FootLeft;-0.5587088;-1.034147;3.117413;
Head;-0.6965842;0.5263882;3.167725;
ShoulderCenter;-0.5770991;0.3724803;3.150814;
ShoulderRight;-0.5085635;0.236074;3.048243;
ShoulderLeft;-0.678892;0.2066583;3.183522;
ElbowRight;-0.4659838;-0.03600969;2.917624;
ElbowLeft;-0.7288983;-0.0287462;3.348579;
WristRight;-0.5359958;-0.2487015;2.855784;
WristLeft;-0.8516562;-0.2359066;3.382216;
HandRight;-0.506304;-0.3312231;2.8271;
HandLeft;-0.9100196;-0.2711849;3.382963;
Spine;-0.5590693;-0.07864875;3.150134;
HipCenter;-0.5955818;-0.1620273;3.103644;
HipRight;-0.5579243;-0.2040266;3.064869;
HipLeft;-0.6351227;-0.2246865;3.130569;
KneeRight;-0.5188568;-0.6626803;3.182212;
KneeLeft;-0.6784427;-0.7126828;3.034541;
AnkleRight;-0.6167156;-0.9747645;3.168505;
AnkleLeft;-0.4935066;-1.040519;3.207213;
FootRight;-0.6949837;-1.038705;3.118133;
FootLeft;-0.5980052;-1.05773;3.168028;
Head;-0.7330835;0.5197815;3.120772;
ShoulderCenter;-0.6297917;0.3695878;3.14622;
ShoulderRight;-0.5248563;0.2351151;3.042345;
ShoulderLeft;-0.7315845;0.2037659;3.178928;
ElbowRight;-0.49534;-0.03119231;2.912312;
ElbowLeft;-0.7814713;-0.0310757;3.343548;
WristRight;-0.5366518;-0.2483108;2.840428;
WristLeft;-0.911131;-0.2147804;3.367496;
HandRight;-0.5232573;-0.3324205;2.80479;
HandLeft;-0.9553131;-0.2667677;3.368914;
Spine;-0.6032464;-0.08409342;3.159175;
HipCenter;-0.6344349;-0.1697096;3.112137;
HipRight;-0.5777892;-0.2088937;3.077892;
HipLeft;-0.6927186;-0.230545;3.133628;
KneeRight;-0.5203079;-0.6809384;3.216129;
KneeLeft;-0.7630196;-0.6705403;3.053985;
AnkleRight;-0.6089606;-0.9827765;3.219727;
AnkleLeft;-0.5307744;-0.9921478;3.18506;
FootRight;-0.7030618;-1.021538;3.170613;
FootLeft;-0.6350928;-1.021898;3.153402;
Head;-0.7755932;0.5202735;3.129993;
ShoulderCenter;-0.6799702;0.3591997;3.141309;
ShoulderRight;-0.5821477;0.233576;3.042793;
ShoulderLeft;-0.781763;0.1933778;3.174016;
ElbowRight;-0.5255046;-0.03860749;2.906192;
ElbowLeft;-0.8315017;-0.04076682;3.338093;
WristRight;-0.5533794;-0.2542481;2.824148;
WristLeft;-0.9744069;-0.2154119;3.352183;
HandRight;-0.5457329;-0.3189539;2.809477;
HandLeft;-1.026708;-0.2483193;3.323324;
Spine;-0.6575896;-0.09517148;3.165676;
HipCenter;-0.6875745;-0.1823969;3.122917;
HipRight;-0.6323215;-0.2238214;3.122005;
HipLeft;-0.7441117;-0.2324277;3.118187;
KneeRight;-0.5255843;-0.6765801;3.222253;
KneeLeft;-0.7965707;-0.640233;3.049118;
AnkleRight;-0.6091889;-0.9813214;3.220872;
AnkleLeft;-0.560113;-0.9656729;3.16932;
FootRight;-0.7111905;-1.008943;3.180852;
FootLeft;-0.5880345;-1.047987;3.241525;
Head;-0.7998954;0.5210505;3.13918;
ShoulderCenter;-0.7032286;0.3574915;3.141987;
ShoulderRight;-0.6102344;0.2311022;3.041995;
ShoulderLeft;-0.8050214;0.1916695;3.174695;
ElbowRight;-0.5671487;-0.03824407;2.897175;
ElbowLeft;-0.854648;-0.04194741;3.338355;
WristRight;-0.5659316;-0.2547617;2.813933;
WristLeft;-1.024011;-0.1911213;3.347849;
HandRight;-0.5713249;-0.3447185;2.793901;
HandLeft;-1.077458;-0.2283749;3.326607;
Spine;-0.6788421;-0.09850623;3.158002;
HipCenter;-0.7089267;-0.1855442;3.115127;
HipRight;-0.6591008;-0.2274455;3.10037;
HipLeft;-0.7631121;-0.2366115;3.118679;
KneeRight;-0.5511537;-0.6743279;3.226333;
KneeLeft;-0.8247083;-0.7015564;3.070547;
AnkleRight;-0.6145504;-0.9846498;3.223388;
AnkleLeft;-0.5440148;-0.9930456;3.186553;
FootRight;-0.7199281;-1.005851;3.188299;
FootLeft;-0.5863022;-1.067317;3.260585;
Head;-0.8429055;0.5075486;3.132617;
ShoulderCenter;-0.7441743;0.3475519;3.145498;
ShoulderRight;-0.652921;0.2155505;3.030896;
ShoulderLeft;-0.8459671;0.18173;3.178206;
ElbowRight;-0.5960618;-0.0451906;2.893728;
ElbowLeft;-0.9520972;-0.05412051;3.316199;
WristRight;-0.6729477;-0.262933;2.859877;
WristLeft;-1.102218;-0.2197152;3.34478;
HandRight;-0.6228585;-0.3222777;2.80919;
HandLeft;-1.144204;-0.2357572;3.344894;
Spine;-0.7058825;-0.07969944;3.121148;
HipCenter;-0.7352679;-0.157293;3.072162;
HipRight;-0.6844457;-0.2005289;3.05196;
HipLeft;-0.7837769;-0.2074336;3.075941;
KneeRight;-0.5743241;-0.6731509;3.222608;
KneeLeft;-0.8408428;-0.6997814;3.07227;
AnkleRight;-0.6221167;-0.9863474;3.226119;
AnkleLeft;-0.5527617;-0.9875402;3.18399;
FootRight;-0.7292185;-1.005314;3.194044;
FootLeft;-0.5919527;-1.063069;3.258948;
Head;-0.8849596;0.5011899;3.110413;
ShoulderCenter;-0.7963762;0.3383107;3.126511;
ShoulderRight;-0.6862265;0.2138184;3.023145;
ShoulderLeft;-0.898169;0.1724888;3.159219;
ElbowRight;-0.6506197;-0.07044756;2.893434;
ElbowLeft;-0.9938871;-0.07283387;3.287979;
WristRight;-0.6935614;-0.2974138;2.848246;
WristLeft;-1.148647;-0.2243975;3.340985;
HandRight;-0.6542808;-0.3364173;2.798889;
HandLeft;-1.201252;-0.2676698;3.345153;
Spine;-0.8000731;-0.09459456;3.109398;
HipCenter;-0.8351862;-0.1704391;3.059352;
HipRight;-0.7941049;-0.2162734;3.04563;
HipLeft;-0.8834751;-0.2190875;3.057825;
KneeRight;-0.6014646;-0.6903422;3.222015;
KneeLeft;-0.867702;-0.6946114;3.075714;
AnkleRight;-0.6399903;-1.00521;3.227625;
AnkleLeft;-0.570342;-0.9775698;3.180309;
FootRight;-0.747632;-1.020114;3.195369;
FootLeft;-0.6028748;-1.055504;3.255921;
Head;-0.9310582;0.49984;3.123188;
ShoulderCenter;-0.829013;0.3394997;3.116808;
ShoulderRight;-0.7383606;0.2051039;3.016299;
ShoulderLeft;-0.9308057;0.1736777;3.149515;
ElbowRight;-0.6882031;-0.07158978;2.891196;
ElbowLeft;-1.026224;-0.07087496;3.277874;
WristRight;-0.7137002;-0.3016311;2.819835;
WristLeft;-1.171714;-0.2280255;3.33614;
HandRight;-0.71499;-0.3612864;2.78734;
HandLeft;-1.205594;-0.2525277;3.291842;
Spine;-0.8052369;-0.09340414;3.109917;
HipCenter;-0.8392613;-0.1718468;3.060587;
HipRight;-0.7980318;-0.2170106;3.047032;
HipLeft;-0.8856454;-0.2201776;3.059501;
KneeRight;-0.6244793;-0.6832343;3.229922;
KneeLeft;-0.9197842;-0.7045425;3.087137;
AnkleRight;-0.6478549;-1.00117;3.229061;
AnkleLeft;-0.5992417;-0.9688891;3.179858;
FootRight;-0.7550928;-1.017084;3.196173;
FootLeft;-0.6180402;-1.051959;3.254564;
Head;-0.9542757;0.5079859;3.09822;
ShoulderCenter;-0.8658944;0.3397757;3.094249;
ShoulderRight;-0.7836712;0.2014574;2.998183;
ShoulderLeft;-0.9676871;0.1739538;3.126957;
ElbowRight;-0.7462701;-0.07243926;2.871559;
ElbowLeft;-1.062974;-0.07026283;3.255045;
WristRight;-0.7906079;-0.2893809;2.811393;
WristLeft;-1.185348;-0.2345987;3.335484;
HandRight;-0.7756786;-0.3436429;2.8016;
HandLeft;-1.251266;-0.2974531;3.349325;
Spine;-0.8589145;-0.1032348;3.092213;
HipCenter;-0.8934159;-0.1837932;3.045429;
HipRight;-0.8545668;-0.2271023;3.040138;
HipLeft;-0.9362516;-0.2247428;3.040734;
KneeRight;-0.6529495;-0.6853199;3.230237;
KneeLeft;-0.9302467;-0.7152594;3.102384;
AnkleRight;-0.660027;-1.004724;3.229683;
AnkleLeft;-0.60454;-0.9789907;3.185804;
FootRight;-0.7675148;-1.022579;3.198135;
FootLeft;-0.635581;-1.057641;3.261423;
Head;-1.019463;0.4866514;3.107427;
ShoulderCenter;-0.8958072;0.3368757;3.079874;
ShoulderRight;-0.8317421;0.1989589;2.976988;
ShoulderLeft;-1.036626;0.1072959;3.07954;
ElbowRight;-0.7969122;-0.07995921;2.854042;
ElbowLeft;-0.8735581;-0.02854641;3.272751;
WristRight;-0.8505461;-0.2976245;2.801651;
WristLeft;-1.128678;-0.1948976;3.300237;
HandRight;-0.8398207;-0.3853482;2.775792;
HandLeft;-1.165556;-0.2443904;3.328921;
Spine;-0.8816233;-0.1085837;3.101587;
HipCenter;-0.9098054;-0.1936799;3.056027;
HipRight;-0.8603026;-0.2361131;3.040062;
HipLeft;-0.9725686;-0.2585305;3.076874;
KneeRight;-0.6875344;-0.6897645;3.248022;
KneeLeft;-0.9492854;-0.7217679;3.108628;
AnkleRight;-0.7192615;-1.008947;3.23403;
AnkleLeft;-0.6145629;-0.9749868;3.191547;
FootRight;-0.8274556;-1.022179;3.201572;
FootLeft;-0.6425686;-1.054358;3.268036;
Head;-1.000829;0.5265927;3.095134;
ShoulderCenter;-0.9525185;0.3375299;3.062721;
ShoulderRight;-0.8563366;0.2029819;2.968746;
ShoulderLeft;-1.086607;0.1086026;3.065624;
ElbowRight;-0.8550335;-0.07685765;2.847021;
ElbowLeft;-0.9185494;-0.006505951;3.266377;
WristRight;-0.8956208;-0.2928719;2.774989;
WristLeft;-1.153276;-0.2042369;3.265852;
HandRight;-0.9012135;-0.3834049;2.759315;
HandLeft;-1.187098;-0.2548417;3.296254;
Spine;-0.8901378;-0.1017975;3.100378;
HipCenter;-0.9095454;-0.1901569;3.056168;
HipRight;-0.8483045;-0.2193509;3.046962;
HipLeft;-0.9702359;-0.2585239;3.069999;
KneeRight;-0.7722029;-0.6216661;3.245582;
KneeLeft;-1.052255;-0.7013673;3.065586;
AnkleRight;-0.7706615;-0.9605971;3.235129;
AnkleLeft;-0.6931062;-0.9138761;3.161342;
FootRight;-0.8740849;-0.9899241;3.197385;
FootLeft;-0.6770955;-1.010182;3.220078;
Head;-0.976296;0.5409077;3.089322;
ShoulderCenter;-0.9952043;0.3470317;3.064361;
ShoulderRight;-0.92546;0.2062967;2.963818;
ShoulderLeft;-1.051361;0.1946423;3.023674;
ElbowRight;-0.9102322;-0.0486607;2.840534;
ElbowLeft;-0.9435856;0.07376665;3.254737;
WristRight;-0.9755545;-0.2650782;2.809875;
WristLeft;-1.180611;-0.1190997;3.264693;
HandRight;-0.9857137;-0.3560747;2.803167;
HandLeft;-1.214532;-0.169836;3.294355;
Spine;-0.9604228;-0.1157505;3.077864;
HipCenter;-0.9777405;-0.2048603;3.032588;
HipRight;-0.946256;-0.224186;3.017309;
HipLeft;-1.005141;-0.246501;3.044135;
KneeRight;-0.8380421;-0.6184229;3.208139;
KneeLeft;-1.05901;-0.6997339;3.064237;
AnkleRight;-0.7656495;-0.9469754;3.222754;
AnkleLeft;-1.175976;-1.036817;3.070756;
FootRight;-0.7010086;-1.03316;3.259631;
FootLeft;-1.214235;-1.078375;2.989433;
Head;-0.9851754;0.5428321;3.092506;
ShoulderCenter;-1.026591;0.3518422;3.063048;
ShoulderRight;-0.9514477;0.2089757;2.957428;
ShoulderLeft;-1.110062;0.1568481;3.009192;
ElbowRight;-0.9735976;-0.06718423;2.843306;
ElbowLeft;-1.005421;0.02917787;3.237575;
WristRight;-1.056637;-0.2758712;2.80222;
WristLeft;-1.224899;-0.1766354;3.278079;
HandRight;-1.079291;-0.3346042;2.806978;
HandLeft;-1.258728;-0.2272339;3.30766;
Spine;-0.9505494;-0.1134209;3.040295;
HipCenter;-0.9522603;-0.1993357;2.981002;
HipRight;-0.912418;-0.21474;2.962967;
HipLeft;-0.9815375;-0.2548299;2.986635;
KneeRight;-0.8906631;-0.6938423;3.245982;
KneeLeft;-1.092528;-0.6978635;3.050257;
AnkleRight;-0.7598214;-0.9864632;3.202587;
AnkleLeft;-1.176002;-1.037074;3.07092;
FootRight;-0.7903963;-1.026473;3.117043;
FootLeft;-1.206577;-1.077083;2.985376;
Head;-1.075398;0.5579879;3.102394;
ShoulderCenter;-1.074591;0.3618457;3.059215;
ShoulderRight;-0.9964132;0.2192101;2.95628;
ShoulderLeft;-1.133706;0.2075025;2.991765;
ElbowRight;-1.040605;-0.06628006;2.833594;
ElbowLeft;-0.963545;0.03783587;3.150837;
WristRight;-1.141578;-0.262657;2.772552;
WristLeft;-1.182784;-0.1741199;3.148982;
HandRight;-1.173452;-0.3484092;2.773113;
HandLeft;-1.216586;-0.2246789;3.17854;
Spine;-1.00929;-0.1038643;3.039678;
HipCenter;-1.011403;-0.1894262;2.98289;
HipRight;-0.9779958;-0.2072047;2.968955;
HipLeft;-1.037771;-0.2326785;2.986738;
KneeRight;-0.9587671;-0.6185809;3.174134;
KneeLeft;-1.099609;-0.6990673;3.049713;
AnkleRight;-0.8099797;-0.903025;3.210031;
AnkleLeft;-1.177437;-1.040299;3.069907;
FootRight;-0.8569583;-0.9962338;3.257029;
FootLeft;-1.200458;-1.080058;2.981603;
Head;-1.091864;0.5677196;3.132871;
ShoulderCenter;-1.098107;0.373194;3.063298;
ShoulderRight;-1.021162;0.2301078;2.95742;
ShoulderLeft;-1.151541;0.2113687;2.99232;
ElbowRight;-1.103092;-0.04639968;2.830529;
ElbowLeft;-0.9709695;0.05406676;3.151391;
WristRight;-1.20942;-0.2447522;2.778498;
WristLeft;-1.209676;-0.1347458;3.126113;
HandRight;-1.253005;-0.325126;2.77777;
HandLeft;-1.24346;-0.1852755;3.155654;
Spine;-1.081541;-0.02761459;3.07817;
HipCenter;-1.092466;-0.102827;3.027781;
HipRight;-1.06405;-0.1792352;2.948127;
HipLeft;-1.115905;-0.1917749;3.089562;
KneeRight;-1.053077;-0.634866;3.107893;
KneeLeft;-1.119619;-0.7001936;3.040865;
AnkleRight;-0.9680916;-0.9499357;3.211079;
AnkleLeft;-1.177405;-1.040289;3.069802;
FootRight;-0.9929086;-1.044064;3.258823;
FootLeft;-1.201309;-1.080736;2.982353;
Head;-1.256749;0.5411665;3.106676;
ShoulderCenter;-1.135216;0.3866057;3.063373;
ShoulderRight;-1.072646;0.24572;2.948706;
ShoulderLeft;-1.19315;0.2238377;2.991352;
ElbowRight;-1.155155;-0.03152917;2.825917;
ElbowLeft;-1.011142;0.06833564;3.149721;
WristRight;-1.289212;-0.2406715;2.787137;
WristLeft;-1.243267;-0.1280407;3.132314;
HandRight;-1.341867;-0.3148665;2.795309;
HandLeft;-1.277018;-0.1785226;3.161828;
Spine;-1.084296;-0.02223176;3.070422;
HipCenter;-1.097392;-0.09802811;3.019402;
HipRight;-1.067734;-0.1671715;2.942988;
HipLeft;-1.121435;-0.1791318;3.069309;
KneeRight;-1.098716;-0.6419106;3.089571;
KneeLeft;-1.105075;-0.6810199;3.032147;
AnkleRight;-1.081902;-1.030318;3.242009;
AnkleLeft;-1.209183;-1.044927;3.033303;
FootRight;-1.149969;-1.067126;3.15798;
FootLeft;-1.239892;-1.085806;2.94814;
Head;-1.163297;0.5938637;3.121668;
ShoulderCenter;-1.182144;0.3985413;3.056584;
ShoulderRight;-1.093976;0.2519516;2.950595;
ShoulderLeft;-1.16618;0.1680033;2.875213;
ElbowRight;-1.202894;-0.01376876;2.821024;
ElbowLeft;-1.055008;0.1209815;3.125338;
WristRight;-1.355647;-0.2162769;2.789886;
WristLeft;-1.29646;-0.06052721;3.146729;
HandRight;-1.413418;-0.2794467;2.779665;
HandLeft;-1.330289;-0.1111264;3.17631;
Spine;-1.200977;-0.01976715;3.05506;
HipCenter;-1.165146;-0.09677113;3.013126;
HipRight;-1.146062;-0.1743345;2.923086;
HipLeft;-1.178149;-0.1911804;3.082955;
KneeRight;-1.143769;-0.6488438;3.032325;
KneeLeft;-1.425724;-0.6533159;3.232927;
AnkleRight;-1.169003;-1.03336;3.068377;
AnkleLeft;-1.15423;-0.9887128;3.154428;
FootRight;-1.203765;-1.10872;3.05158;
FootLeft;-1.132815;-1.075249;3.172962;
Head;-1.176493;0.5916599;3.100301;
ShoulderCenter;-1.205899;0.3960851;3.059135;
ShoulderRight;-1.120997;0.2513248;2.945458;
ShoulderLeft;-1.171389;0.2658797;2.894398;
ElbowRight;-1.22505;-0.01354698;2.818231;
ElbowLeft;-1.114251;0.1126962;3.121504;
WristRight;-1.398325;-0.1802755;2.782964;
WristLeft;-1.318617;-0.09769915;3.186503;
HandRight;-1.438195;-0.2570744;2.777591;
HandLeft;-1.352361;-0.1481702;3.21601;
Spine;-1.262717;-0.002087883;3.083879;
HipCenter;-1.228941;-0.08142969;3.049793;
HipRight;-1.218628;-0.1465518;2.981419;
HipLeft;-1.242986;-0.1583692;3.110624;
KneeRight;-1.158785;-0.6543449;3.033797;
KneeLeft;-1.438143;-0.665447;3.222194;
AnkleRight;-1.170552;-1.033544;3.066854;
AnkleLeft;-1.362506;-1.03623;3.219166;
FootRight;-1.225489;-1.096615;3.052985;
FootLeft;-1.298753;-1.079712;3.155964;
Head;-1.201145;0.5900046;3.093821;
ShoulderCenter;-1.247294;0.3973497;3.057075;
ShoulderRight;-1.171689;0.247215;2.939464;
ShoulderLeft;-1.193541;0.2707672;2.895471;
ElbowRight;-1.247687;-0.007967329;2.829583;
ElbowLeft;-1.138648;0.124182;3.126621;
WristRight;-1.427292;-0.1387366;2.782163;
WristLeft;-1.352063;-0.08050387;3.181344;
HandRight;-1.476986;-0.1819088;2.76686;
HandLeft;-1.385847;-0.1310353;3.210886;
Spine;-1.293367;-0.007074642;3.070731;
HipCenter;-1.249768;-0.08689629;3.050405;
HipRight;-1.242378;-0.1366231;2.996599;
HipLeft;-1.264758;-0.1536317;3.100194;
KneeRight;-1.170906;-0.6572454;3.035314;
KneeLeft;-1.48163;-0.6599812;3.208357;
AnkleRight;-1.171442;-1.036981;3.069962;
AnkleLeft;-1.413902;-1.045929;3.206866;
FootRight;-1.223162;-1.102733;3.055458;
FootLeft;-1.448759;-1.122285;3.219652;
Head;-1.266288;0.5883318;3.106715;
ShoulderCenter;-1.279045;0.3900828;3.06042;
ShoulderRight;-1.191042;0.2434711;2.942163;
ShoulderLeft;-1.20441;0.2620806;2.891933;
ElbowRight;-1.326437;0.01445058;2.813765;
ElbowLeft;-1.158824;0.1094694;3.121156;
WristRight;-1.469968;-0.1567334;2.777805;
WristLeft;-1.363189;-0.09890623;3.189792;
HandRight;-1.51127;-0.2082659;2.763092;
HandLeft;-1.397012;-0.1494952;3.219368;
Spine;-1.329283;-0.01952749;3.039524;
HipCenter;-1.281434;-0.1004568;3.022735;
HipRight;-1.269313;-0.1425972;2.963641;
HipLeft;-1.292993;-0.169839;3.070252;
KneeRight;-1.180317;-0.6561922;3.034981;
KneeLeft;-1.498555;-0.6750165;3.206439;
AnkleRight;-1.172153;-1.036765;3.070106;
AnkleLeft;-1.495253;-1.071051;3.241838;
FootRight;-1.221956;-1.104495;3.05745;
FootLeft;-1.509083;-1.128264;3.180492;
Head;-1.312659;0.575649;3.119212;
ShoulderCenter;-1.330989;0.3777597;3.063863;
ShoulderRight;-1.240928;0.2323584;2.937333;
ShoulderLeft;-1.22308;0.2614277;2.897123;
ElbowRight;-1.340394;0.01869886;2.814837;
ElbowLeft;-1.183508;0.09702846;3.119699;
WristRight;-1.496549;-0.1370855;2.7598;
WristLeft;-1.386574;-0.1135111;3.185077;
HandRight;-1.548602;-0.1890136;2.746421;
HandLeft;-1.420429;-0.1641484;3.214681;
Spine;-1.33499;-0.03548465;2.991578;
HipCenter;-1.284596;-0.1185028;3.005123;
HipRight;-1.268603;-0.1624582;2.932384;
HipLeft;-1.292569;-0.199856;3.052949;
KneeRight;-1.216221;-0.6712465;3.031893;
KneeLeft;-1.524387;-0.6917841;3.199471;
AnkleRight;-1.174032;-1.037622;3.070872;
AnkleLeft;-1.6095;-1.076037;3.216609;
FootRight;-1.09191;-1.08147;3.107743;
FootLeft;-1.527379;-1.119885;3.25348;
Head;-1.473714;0.5386549;3.093711;
ShoulderCenter;-1.362995;0.3738358;3.067441;
ShoulderRight;-1.268186;0.2280822;2.942401;
ShoulderLeft;-1.32775;0.244709;2.905016;
ElbowRight;-1.372494;0.009226806;2.829046;
ElbowLeft;-1.256679;0.08016713;3.12004;
WristRight;-1.553765;-0.06416088;2.677877;
WristLeft;-1.448566;-0.1388045;3.188992;
HandRight;-1.61326;-0.08667433;2.633205;
HandLeft;-1.482339;-0.1893191;3.218524;
Spine;-1.341769;-0.03212193;3.058923;
HipCenter;-1.304434;-0.1026422;3.011276;
HipRight;-1.273371;-0.1628305;2.93071;
HipLeft;-1.313222;-0.19342;3.070301;
KneeRight;-1.224887;-0.6638787;3.032367;
KneeLeft;-1.550548;-0.6924697;3.188435;
AnkleRight;-1.177028;-1.037792;3.072144;
AnkleLeft;-1.64845;-1.053167;3.220138;
FootRight;-1.225262;-1.106391;3.057229;
FootLeft;-1.595774;-1.091515;3.144007;
Head;-1.466133;0.5528848;3.088769;
ShoulderCenter;-1.391457;0.3693623;3.070304;
ShoulderRight;-1.31471;0.2249986;2.955105;
ShoulderLeft;-1.382383;0.1777802;2.883332;
ElbowRight;-1.394432;0.01349244;2.829809;
ElbowLeft;-1.29606;0.04694833;3.113183;
WristRight;-1.564551;-0.05633141;2.651522;
WristLeft;-1.487955;-0.1661095;3.195735;
HandRight;-1.619335;-0.07450563;2.599381;
HandLeft;-1.521648;-0.2165037;3.225197;
Spine;-1.391129;-0.05836097;3.058046;
HipCenter;-1.348435;-0.1337704;3.014073;
HipRight;-1.320485;-0.1894135;2.939152;
HipLeft;-1.362373;-0.2134187;3.06957;
KneeRight;-1.264689;-0.674604;3.035752;
KneeLeft;-1.577636;-0.6442477;3.147288;
AnkleRight;-1.18531;-1.042748;3.070698;
AnkleLeft;-1.642971;-0.9493414;3.192014;
FootRight;-1.234713;-1.109078;3.049985;
FootLeft;-1.581;-0.9882836;3.123424;
Head;-1.460341;0.5608748;3.087383;
ShoulderCenter;-1.441354;0.3660465;3.084699;
ShoulderRight;-1.359784;0.2137577;2.961108;
ShoulderLeft;-1.406025;0.1898868;2.887804;
ElbowRight;-1.310626;0.02755432;3.165154;
ElbowLeft;-1.335763;0.04447423;3.11435;
WristRight;-1.253033;-0.2084129;3.330619;
WristLeft;-1.531821;-0.1679909;3.188632;
HandRight;-1.207576;-0.3717466;3.428944;
HandLeft;-1.56554;-0.2184251;3.218117;
Spine;-1.422651;-0.06408673;3.058465;
HipCenter;-1.371148;-0.137849;3.022312;
HipRight;-1.355991;-0.1822143;2.967221;
HipLeft;-1.380946;-0.2060012;3.068553;
KneeRight;-1.311761;-0.6722645;3.042323;
KneeLeft;-1.595832;-0.62383;3.134372;
AnkleRight;-1.191005;-1.045198;3.069523;
AnkleLeft;-1.773432;-0.9691578;3.171807;
FootRight;-1.23603;-1.114477;3.049521;
FootLeft;-1.698425;-1.00742;3.11784;
Head;-1.473997;0.5557801;3.086394;
ShoulderCenter;-1.457845;0.3596687;3.080308;
ShoulderRight;-1.395585;0.2140444;2.958807;
ShoulderLeft;-1.456576;0.161876;2.881707;
ElbowRight;-1.345735;0.01753607;3.153751;
ElbowLeft;-1.378251;0.05423974;3.123824;
WristRight;-1.293639;-0.2208787;3.31722;
WristLeft;-1.585867;-0.1465496;3.198107;
HandRight;-1.272626;-0.2925869;3.369745;
HandLeft;-1.619615;-0.1970263;3.227617;
Spine;-1.445946;-0.06850394;3.076034;
HipCenter;-1.399915;-0.1442384;3.038249;
HipRight;-1.383888;-0.1892626;2.995056;
HipLeft;-1.410485;-0.1852766;3.075891;
KneeRight;-1.324403;-0.6725705;3.041196;
KneeLeft;-1.597788;-0.5900577;3.102869;
AnkleRight;-1.19508;-1.044421;3.068515;
AnkleLeft;-1.774256;-0.971423;3.113058;
FootRight;-1.24048;-1.111274;3.043195;
FootLeft;-1.707605;-1.010148;3.049939;
Head;-1.463429;0.5558628;3.099391;
ShoulderCenter;-1.512873;0.3631276;3.081663;
ShoulderRight;-1.428049;0.2171791;2.967012;
ShoulderLeft;-1.457306;0.2300457;2.946003;
ElbowRight;-1.387349;0.01347657;3.15697;
ElbowLeft;-1.498117;0.002965802;2.858437;
WristRight;-1.340808;-0.2307536;3.313493;
WristLeft;-1.752701;-0.1551699;2.806409;
HandRight;-1.319953;-0.3050713;3.362447;
HandLeft;-1.786473;-0.2056828;2.83594;
Spine;-1.478676;-0.03166929;3.104895;
HipCenter;-1.435381;-0.1017525;3.067851;
HipRight;-1.409783;-0.1753198;2.995608;
HipLeft;-1.432345;-0.1570164;3.132193;
KneeRight;-1.374668;-0.6666946;3.044163;
KneeLeft;-1.512574;-0.5501002;2.992888;
AnkleRight;-1.204026;-1.052604;3.073593;
AnkleLeft;-1.595208;-0.954965;2.835511;
FootRight;-1.24504;-1.117092;3.036955;
FootLeft;-1.541164;-1.010415;2.758631;
Head;-1.532081;0.5577277;3.080768;
ShoulderCenter;-1.522288;0.3631369;3.084243;
ShoulderRight;-1.45543;0.2169279;2.995254;
ShoulderLeft;-1.530874;0.2888532;2.979262;
ElbowRight;-1.431368;0.009127632;3.182581;
ElbowLeft;-1.508391;0.001814981;2.881198;
WristRight;-1.403013;-0.2335469;3.343643;
WristLeft;-1.762211;-0.1558461;2.829293;
HandRight;-1.388021;-0.3078023;3.394084;
HandLeft;-1.795838;-0.2061422;2.858697;
Spine;-1.482598;-0.04335538;3.133374;
HipCenter;-1.463445;-0.1256638;3.098072;
HipRight;-1.442037;-0.1661287;3.069312;
HipLeft;-1.471139;-0.1557662;3.12826;
KneeRight;-1.409538;-0.7092975;3.044218;
KneeLeft;-1.533773;-0.6025184;3.033941;
AnkleRight;-1.231587;-1.033149;3.07402;
AnkleLeft;-1.616808;-0.8880743;3.12038;
FootRight;-1.287431;-1.099591;3.050481;
FootLeft;-1.595351;-0.9304387;3.032862;
Head;-1.585634;0.5483657;3.093335;
ShoulderCenter;-1.539356;0.3587111;3.096441;
ShoulderRight;-1.479239;0.1990122;3.005258;
ShoulderLeft;-1.525402;0.2068165;2.909244;
ElbowRight;-1.466046;0.01834516;3.216619;
ElbowLeft;-1.505744;-0.01476577;2.88739;
WristRight;-1.472034;-0.2386522;3.358577;
WristLeft;-1.7895;-0.1059327;2.829508;
HandRight;-1.468745;-0.3100355;3.414653;
HandLeft;-1.823061;-0.1561311;2.858855;
Spine;-1.550889;-0.03116343;3.21896;
HipCenter;-1.503644;-0.1105247;3.222697;
HipRight;-1.476065;-0.1583822;3.279541;
HipLeft;-1.521353;-0.1658051;3.189033;
KneeRight;-1.459251;-0.6944196;3.075594;
KneeLeft;-1.49498;-0.5591323;3.028359;
AnkleRight;-1.288596;-0.9611978;3.078381;
AnkleLeft;-1.545263;-0.8723862;2.973487;
FootRight;-1.294587;-1.071305;3.046371;
FootLeft;-1.465277;-0.9174545;2.934243;
Head;-1.562693;0.5429789;3.082177;
ShoulderCenter;-1.581912;0.366978;3.133558;
ShoulderRight;-1.509787;0.1691721;3.064744;
ShoulderLeft;-1.541175;0.27681;2.996198;
ElbowRight;-1.527523;-0.05917766;3.087032;
ElbowLeft;-1.534919;0.01138996;2.941906;
WristRight;-1.527968;-0.243593;3.310252;
WristLeft;-1.788803;-0.1463108;2.890002;
HandRight;-1.528787;-0.3037608;3.378401;
HandLeft;-1.822394;-0.1965525;2.919375;
Spine;-1.590956;-0.08607178;3.263221;
HipCenter;-1.546101;-0.1791196;3.267593;
HipRight;-1.530743;-0.2169864;3.278677;
HipLeft;-1.557927;-0.1951216;3.268264;
KneeRight;-1.52244;-0.6236222;3.052926;
KneeLeft;-1.540298;-0.6732969;3.040352;
AnkleRight;-1.351307;-0.9938487;3.057779;
AnkleLeft;-1.59053;-0.98623;2.9855;
FootRight;-1.387278;-1.091496;3.061452;
FootLeft;-1.512226;-1.031903;2.942715;
Head;-1.600107;0.5517341;3.130629;
ShoulderCenter;-1.617429;0.372477;3.17647;
ShoulderRight;-1.545304;0.1746711;3.107656;
ShoulderLeft;-1.576692;0.282309;3.03911;
ElbowRight;-1.555368;-0.08944679;3.009152;
ElbowLeft;-1.570908;-0.01835406;3.008052;
WristRight;-1.593253;-0.2383651;3.252781;
WristLeft;-1.789447;-0.222366;2.960697;
HandRight;-1.604408;-0.283726;3.3308;
HandLeft;-1.823045;-0.2726198;2.990077;
Spine;-1.638382;-0.04219229;3.292744;
HipCenter;-1.596691;-0.1286067;3.293159;
HipRight;-1.56837;-0.205796;3.344455;
HipLeft;-1.621419;-0.1382087;3.259497;
KneeRight;-1.5605;-0.6342606;3.13824;
KneeLeft;-1.57621;-0.5978735;3.109848;
AnkleRight;-1.433272;-0.9762735;3.042832;
AnkleLeft;-1.582868;-0.912316;3.036103;
FootRight;-1.441818;-1.055447;3.011698;
FootLeft;-1.491296;-0.9817988;3.023116;
Head;-1.5824;0.3302584;3.3121;
ShoulderCenter;-1.594347;0.1293468;3.273016;
ShoulderRight;-1.522222;-0.06845905;3.204202;
ShoulderLeft;-1.576404;0.03571178;3.11501;
ElbowRight;-1.61182;-0.181177;3.006302;
ElbowLeft;-1.596983;-0.1659667;2.99578;
WristRight;-1.629562;-0.3009495;3.266097;
WristLeft;-1.876268;-0.2753321;2.969764;
HandRight;-1.640714;-0.3463001;3.344098;
HandLeft;-1.909859;-0.3255745;2.999137;
Spine;-1.651813;-0.05141092;3.320485;
HipCenter;-1.625986;-0.1023946;3.305482;
HipRight;-1.59516;-0.2163805;3.443524;
HipLeft;-1.688348;-0.1527913;3.183955;
KneeRight;-1.594438;-0.635094;3.141448;
KneeLeft;-1.606752;-0.6096036;3.153744;
AnkleRight;-1.526457;-0.986418;3.027311;
AnkleLeft;-1.613404;-0.9237046;3.08011;
FootRight;-1.459973;-1.036958;2.971022;
FootLeft;-1.549455;-1.005671;3.029061;
Head;-1.611874;0.3141749;3.323447;
ShoulderCenter;-1.634563;0.1159928;3.304081;
ShoulderRight;-1.562438;-0.08181305;3.235267;
ShoulderLeft;-1.616619;0.02235778;3.146076;
ElbowRight;-1.65187;-0.1943221;3.037691;
ElbowLeft;-1.624668;-0.1955611;3.07849;
WristRight;-1.669706;-0.314079;3.296885;
WristLeft;-1.88234;-0.344192;3.028072;
HandRight;-1.680843;-0.3593671;3.374779;
HandLeft;-1.915885;-0.3943652;3.057404;
Spine;-1.677955;-0.1967319;3.271127;
HipCenter;-1.639379;-0.255101;3.244334;
HipRight;-1.606758;-0.3660587;3.361876;
HipLeft;-1.673642;-0.2707169;3.101353;
KneeRight;-1.649868;-0.7241515;3.131912;
KneeLeft;-1.617056;-0.6604216;3.232453;
AnkleRight;-1.693864;-1.089608;2.883237;
AnkleLeft;-1.623696;-0.9740117;3.158904;
FootRight;-1.613968;-1.146528;2.832071;
FootLeft;-1.575563;-0.9687355;3.057104;
Head;-1.639591;0.3132882;3.317935;
ShoulderCenter;-1.662448;0.1231786;3.333947;
ShoulderRight;-1.590323;-0.07462725;3.265133;
ShoulderLeft;-1.644505;0.02954358;3.175942;
ElbowRight;-1.67957;-0.1869045;3.067916;
ElbowLeft;-1.647902;-0.1914063;3.147561;
WristRight;-1.697512;-0.3066432;3.326441;
WristLeft;-1.909517;-0.3309568;3.094445;
HandRight;-1.708627;-0.3518438;3.404185;
HandLeft;-1.942997;-0.381033;3.12372;
Spine;-1.733148;-0.0928052;3.374208;
HipCenter;-1.70586;-0.1432284;3.352189;
HipRight;-1.677546;-0.224785;3.456582;
HipLeft;-1.753178;-0.1864245;3.248027;
KneeRight;-1.720782;-0.6081672;3.276622;
KneeLeft;-1.677287;-0.6121869;3.151405;
AnkleRight;-1.764821;-0.9986662;3.079316;
AnkleLeft;-1.68391;-0.9249398;3.077985;
FootRight;-1.698865;-1.065027;3.016821;
FootLeft;-1.61086;-0.9242213;3.122458;
