Floor;-0.01094854;0.9997774;0.01803535;1.03682;
Head;-1.294948;0.5081136;3.138934;
ShoulderCenter;-1.368556;0.3516966;3.129511;
ShoulderRight;-1.25942;0.1822403;3.202906;
ShoulderLeft;-1.424313;0.2357574;3.000859;
ElbowRight;-1.238339;-0.08161741;3.146497;
ElbowLeft;-1.438826;-0.003911122;2.93655;
WristRight;-1.287021;-0.2310299;3.378339;
WristLeft;-1.34112;-0.279005;2.940356;
HandRight;-1.282566;-0.2629545;3.438099;
HandLeft;-1.29655;-0.3145992;2.903521;
Spine;-1.330485;-0.05960746;3.130011;
HipCenter;-1.32287;-0.1418683;3.133751;
HipRight;-1.280623;-0.2095113;3.172526;
HipLeft;-1.354825;-0.1854285;3.092576;
KneeRight;-1.284212;-0.642638;3.231122;
KneeLeft;-1.431633;-0.6413407;3.152862;
AnkleRight;-1.334064;-1.049503;3.122633;
AnkleLeft;-1.330284;-1.054964;3.106387;
FootRight;-1.262639;-1.090205;3.065958;
FootLeft;-1.329846;-1.129974;3.146097;
Head;-1.265461;0.5071243;3.135611;
ShoulderCenter;-1.348978;0.3552014;3.130935;
ShoulderRight;-1.245181;0.1906694;3.195836;
ShoulderLeft;-1.407528;0.236037;2.999558;
ElbowRight;-1.209727;-0.03304545;3.146567;
ElbowLeft;-1.390789;0.01565769;2.935376;
WristRight;-1.254721;-0.2041155;3.345138;
WristLeft;-1.27268;-0.2147659;2.939634;
HandRight;-1.250274;-0.2359811;3.404788;
HandLeft;-1.228357;-0.2947257;2.932587;
Spine;-1.307643;-0.05479522;3.129474;
HipCenter;-1.299321;-0.1367706;3.132786;
HipRight;-1.25765;-0.2044419;3.175261;
HipLeft;-1.328676;-0.1845032;3.08689;
KneeRight;-1.213252;-0.6403503;3.270734;
KneeLeft;-1.372003;-0.6507821;3.130876;
AnkleRight;-1.518001;-0.9844977;3.262718;
AnkleLeft;-1.383273;-1.024299;3.162325;
FootRight;-1.438659;-1.032043;3.19503;
FootLeft;-1.329352;-1.102627;3.132789;
Head;-1.224562;0.5273848;3.139076;
ShoulderCenter;-1.295284;0.3588477;3.113548;
ShoulderRight;-1.203133;0.1837996;3.191524;
ShoulderLeft;-1.351395;0.2394411;2.99673;
ElbowRight;-1.182846;-0.04098378;3.147637;
ElbowLeft;-1.316708;0.01528263;2.927182;
WristRight;-1.222218;-0.2174068;3.336998;
WristLeft;-1.181187;-0.2105145;2.928701;
HandRight;-1.217996;-0.247663;3.393635;
HandLeft;-1.142497;-0.2844969;2.928034;
Spine;-1.267207;-0.04720569;3.117796;
HipCenter;-1.262446;-0.1287257;3.122448;
HipRight;-1.224648;-0.1945372;3.160858;
HipLeft;-1.292049;-0.1694808;3.082567;
KneeRight;-1.170706;-0.661413;3.290449;
KneeLeft;-1.362557;-0.6543317;3.128131;
AnkleRight;-1.313107;-1.051568;3.316132;
AnkleLeft;-1.345019;-1.031421;3.103878;
FootRight;-1.306222;-1.11487;3.278575;
FootLeft;-1.281597;-1.067546;3.056582;
Head;-1.183492;0.515273;3.13418;
ShoulderCenter;-1.274097;0.3539081;3.109578;
ShoulderRight;-1.168763;0.1808309;3.197117;
ShoulderLeft;-1.330448;0.2359093;2.991435;
ElbowRight;-1.133133;-0.09895794;3.135636;
ElbowLeft;-1.251138;0.002877381;2.912078;
WristRight;-1.084132;-0.3527027;3.238539;
WristLeft;-1.102266;-0.1984086;2.929843;
HandRight;-1.080048;-0.3819708;3.293326;
HandLeft;-1.051006;-0.2506385;2.925151;
Spine;-1.241229;-0.04178707;3.111281;
HipCenter;-1.233608;-0.1203943;3.114923;
HipRight;-1.193557;-0.1891588;3.156725;
HipLeft;-1.264612;-0.1649081;3.071095;
KneeRight;-1.135841;-0.6606747;3.280456;
KneeLeft;-1.332649;-0.6611183;3.121488;
AnkleRight;-1.254305;-1.056269;3.289318;
AnkleLeft;-1.345929;-1.031103;3.102143;
FootRight;-1.209582;-1.1036;3.367815;
FootLeft;-1.328555;-1.098822;3.13034;
Head;-1.156509;0.5102406;3.128094;
ShoulderCenter;-1.228112;0.3555239;3.094484;
ShoulderRight;-1.135968;0.1878248;3.199878;
ShoulderLeft;-1.289303;0.2322073;2.987203;
ElbowRight;-1.110144;-0.01636877;3.202073;
ElbowLeft;-1.201515;0.02442499;2.899753;
WristRight;-1.016526;-0.1659062;2.972822;
WristLeft;-1.042489;-0.168043;2.926554;
HandRight;-0.942832;-0.2556139;2.929186;
HandLeft;-0.972688;-0.2245897;2.93448;
Spine;-1.214582;-0.04279314;3.094226;
HipCenter;-1.211362;-0.1221687;3.098222;
HipRight;-1.175309;-0.192782;3.14659;
HipLeft;-1.239478;-0.1742848;3.043555;
KneeRight;-1.087019;-0.6549026;3.26091;
KneeLeft;-1.313073;-0.6654115;3.122202;
AnkleRight;-1.224014;-1.040537;3.282568;
AnkleLeft;-1.348418;-1.033349;3.112465;
FootRight;-1.122161;-1.065608;3.3112;
FootLeft;-1.278742;-1.073239;3.06253;
Head;-1.105065;0.5025677;3.127373;
ShoulderCenter;-1.190921;0.3532261;3.099789;
ShoulderRight;-1.105673;0.1868982;3.216663;
ShoulderLeft;-1.250551;0.2288114;2.984891;
ElbowRight;-1.087592;-0.03199886;3.204351;
ElbowLeft;-1.152061;0.01164753;2.896286;
WristRight;-0.9495959;-0.1527186;2.983035;
WristLeft;-0.9557345;-0.1775142;2.924956;
HandRight;-0.9274498;-0.2148159;2.992769;
HandLeft;-0.9005657;-0.2450635;2.947826;
Spine;-1.174563;-0.08389001;3.105948;
HipCenter;-1.172441;-0.1712421;3.11069;
HipRight;-1.138005;-0.2445878;3.164215;
HipLeft;-1.203771;-0.2258403;3.05603;
KneeRight;-1.068088;-0.6609114;3.253984;
KneeLeft;-1.293367;-0.6692445;3.124482;
AnkleRight;-1.03525;-1.044487;3.288037;
AnkleLeft;-1.345676;-1.037231;3.121522;
FootRight;-0.9528036;-1.084798;3.314415;
FootLeft;-1.275257;-1.076204;3.077542;
Head;-1.075993;0.4976882;3.141004;
ShoulderCenter;-1.154993;0.34494;3.101504;
ShoulderRight;-1.060165;0.1836253;3.180339;
ShoulderLeft;-1.214505;0.2269761;2.983948;
ElbowRight;-1.01671;-0.04499462;3.138687;
ElbowLeft;-1.120662;0.01605056;2.896704;
WristRight;-0.8864515;-0.1785234;2.921093;
WristLeft;-0.90931;-0.156809;2.917605;
HandRight;-0.8708712;-0.2406018;2.932537;
HandLeft;-0.8396339;-0.2262034;2.950272;
Spine;-1.14686;-0.08679481;3.104038;
HipCenter;-1.144463;-0.173348;3.108196;
HipRight;-1.108769;-0.2445112;3.157975;
HipLeft;-1.176532;-0.2253137;3.05625;
KneeRight;-1.087725;-0.7275643;3.251823;
KneeLeft;-1.267683;-0.6726238;3.12607;
AnkleRight;-0.9107286;-1.06861;3.283167;
AnkleLeft;-1.345337;-1.036991;3.121467;
FootRight;-0.8282821;-1.108921;3.309546;
FootLeft;-1.281486;-1.075346;3.071365;
Head;-1.029989;0.4888198;3.134155;
ShoulderCenter;-1.125296;0.3424446;3.102312;
ShoulderRight;-1.010634;0.1667401;3.179291;
ShoulderLeft;-1.16954;0.2200586;2.980571;
ElbowRight;-0.9846361;-0.04243555;3.115998;
ElbowLeft;-1.072955;0.0228634;2.890518;
WristRight;-0.8272886;-0.1849484;2.929618;
WristLeft;-0.867155;-0.1507633;2.919279;
HandRight;-0.7958938;-0.235702;2.951905;
HandLeft;-0.8067098;-0.2256144;2.951661;
Spine;-1.107277;-0.08251308;3.097883;
HipCenter;-1.103816;-0.1673333;3.100511;
HipRight;-1.064584;-0.2393507;3.145855;
HipLeft;-1.137843;-0.2163346;3.050648;
KneeRight;-0.9606574;-0.7662263;3.244993;
KneeLeft;-1.242231;-0.6713005;3.120586;
AnkleRight;-0.8317834;-1.067901;3.274867;
AnkleLeft;-1.344753;-1.036778;3.117034;
FootRight;-0.7479051;-1.084722;3.334215;
FootLeft;-1.327869;-1.109488;3.135761;
Head;-0.9970132;0.4888588;3.125327;
ShoulderCenter;-1.072435;0.3328254;3.112804;
ShoulderRight;-0.9863671;0.1753831;3.170913;
ShoulderLeft;-1.132684;0.214238;2.977163;
ElbowRight;-0.9460119;-0.03654735;3.15899;
ElbowLeft;-1.025634;-0.003400597;2.900738;
WristRight;-0.7942877;-0.1757663;2.96603;
WristLeft;-0.8368822;-0.1627003;2.927805;
HandRight;-0.7788847;-0.232717;2.988586;
HandLeft;-0.7781329;-0.2177587;2.956433;
Spine;-1.062866;-0.08630083;3.098112;
HipCenter;-1.061347;-0.170159;3.098999;
HipRight;-1.028661;-0.2348792;3.140654;
HipLeft;-1.091565;-0.2183593;3.051499;
KneeRight;-0.9079636;-0.7604705;3.239852;
KneeLeft;-1.228372;-0.6769862;3.116484;
AnkleRight;-0.7445605;-1.057699;3.276461;
AnkleLeft;-1.343048;-1.037369;3.117765;
FootRight;-0.6428043;-1.061193;3.300576;
FootLeft;-1.324154;-1.11044;3.134639;
Head;-0.9575994;0.482698;3.117515;
ShoulderCenter;-1.041294;0.3295108;3.10959;
ShoulderRight;-0.9363917;0.1781058;3.165244;
ShoulderLeft;-1.096593;0.2061924;2.977339;
ElbowRight;-0.8991275;-0.02451725;3.128288;
ElbowLeft;-1.019647;0.004543368;2.903105;
WristRight;-0.7490487;-0.2095068;2.987347;
WristLeft;-0.8086281;-0.1581083;2.928056;
HandRight;-0.6963949;-0.2354113;3.007972;
HandLeft;-0.752721;-0.2150622;2.954746;
Spine;-1.029999;-0.09193482;3.096279;
HipCenter;-1.027463;-0.1763072;3.09732;
HipRight;-0.9888294;-0.2363403;3.135046;
HipLeft;-1.063253;-0.2225963;3.053366;
KneeRight;-0.8925853;-0.7628964;3.237695;
KneeLeft;-1.162495;-0.6961148;3.125706;
AnkleRight;-0.7181066;-1.065084;3.261154;
AnkleLeft;-1.338747;-1.041001;3.118941;
FootRight;-0.6252221;-1.093001;3.297916;
FootLeft;-1.308306;-1.110647;3.128951;
Head;-0.9094362;0.4733891;3.124194;
ShoulderCenter;-0.9918516;0.3204055;3.103845;
ShoulderRight;-0.8999038;0.1705584;3.169943;
ShoulderLeft;-1.045689;0.2049189;2.985734;
ElbowRight;-0.8440969;-0.05727838;3.165544;
ElbowLeft;-0.9420164;-0.01334702;2.91491;
WristRight;-0.7316152;-0.2256723;2.971809;
WristLeft;-0.7874701;-0.1679131;2.934554;
HandRight;-0.7031751;-0.2814217;2.960828;
HandLeft;-0.7329221;-0.2312999;2.954477;
Spine;-0.9804132;-0.09638627;3.09821;
HipCenter;-0.9783326;-0.1797323;3.100752;
HipRight;-0.9449825;-0.2399962;3.141591;
HipLeft;-1.010637;-0.2299412;3.055547;
KneeRight;-0.8531163;-0.7645683;3.228628;
KneeLeft;-1.160043;-0.6963959;3.116346;
AnkleRight;-0.7170995;-1.064665;3.248725;
AnkleLeft;-1.333803;-1.049042;3.125825;
FootRight;-0.6336449;-1.110774;3.280283;
FootLeft;-1.325255;-1.123535;3.13561;
Head;-0.888715;0.483268;3.108525;
ShoulderCenter;-0.962077;0.3211769;3.112937;
ShoulderRight;-0.8443285;0.151594;3.201714;
ShoulderLeft;-1.017805;0.1994104;2.98799;
ElbowRight;-0.8129519;-0.08573178;3.140439;
ElbowLeft;-0.8960704;-0.02552062;2.909805;
WristRight;-0.7106637;-0.2266109;2.934705;
WristLeft;-0.7721143;-0.1781991;2.935022;
HandRight;-0.6964379;-0.2834837;2.962633;
HandLeft;-0.7183431;-0.2440474;2.957189;
Spine;-0.9525163;-0.09019333;3.096366;
HipCenter;-0.9499346;-0.1723343;3.09674;
HipRight;-0.9101369;-0.2397461;3.141135;
HipLeft;-0.9850495;-0.2275866;3.044739;
KneeRight;-0.8411914;-0.7639609;3.227943;
KneeLeft;-1.105775;-0.7109692;3.110221;
AnkleRight;-0.715997;-1.063224;3.23839;
AnkleLeft;-1.33764;-1.072355;3.158416;
FootRight;-0.7084462;-1.137304;3.220112;
FootLeft;-1.291243;-1.131529;3.173412;
Head;-0.8365926;0.4856374;3.120344;
ShoulderCenter;-0.9078811;0.321421;3.114068;
ShoulderRight;-0.7999876;0.1590103;3.170261;
ShoulderLeft;-0.9672191;0.2055028;2.991337;
ElbowRight;-0.7803671;-0.08686648;3.158171;
ElbowLeft;-0.8926299;-0.01603843;2.909962;
WristRight;-0.7043276;-0.2277102;2.922822;
WristLeft;-0.7451774;-0.1906967;2.921002;
HandRight;-0.6802582;-0.2983708;2.953243;
HandLeft;-0.6963564;-0.261261;2.945624;
Spine;-0.9024341;-0.09475686;3.090575;
HipCenter;-0.9018915;-0.1779288;3.089641;
HipRight;-0.8625849;-0.2412064;3.124847;
HipLeft;-0.9419326;-0.2249783;3.045496;
KneeRight;-0.8308628;-0.7662816;3.225184;
KneeLeft;-1.090474;-0.7132288;3.101475;
AnkleRight;-0.7110004;-1.065671;3.232943;
AnkleLeft;-1.300011;-1.037245;3.147175;
FootRight;-0.7396136;-1.127693;3.196215;
FootLeft;-1.289298;-1.113041;3.159608;
Head;-0.8110489;0.487768;3.123823;
ShoulderCenter;-0.8706175;0.332922;3.127842;
ShoulderRight;-0.7709962;0.173213;3.198254;
ShoulderLeft;-0.9283556;0.2134838;2.998112;
ElbowRight;-0.7451506;-0.09872659;3.193227;
ElbowLeft;-0.8840836;0.004551829;2.913491;
WristRight;-0.6865739;-0.2095473;2.9341;
WristLeft;-0.7447304;-0.1909107;2.920004;
HandRight;-0.6811854;-0.2948956;2.94386;
HandLeft;-0.6947694;-0.263914;2.938897;
Spine;-0.8754989;-0.08613109;3.093019;
HipCenter;-0.8758075;-0.1696818;3.090235;
HipRight;-0.848848;-0.2368438;3.125387;
HipLeft;-0.8989145;-0.2150264;3.043005;
KneeRight;-0.785532;-0.7616291;3.227456;
KneeLeft;-1.027439;-0.7186198;3.088244;
AnkleRight;-0.7098231;-1.072367;3.234003;
AnkleLeft;-1.250627;-1.00494;3.142442;
FootRight;-0.6611133;-1.130981;3.240164;
FootLeft;-1.237896;-1.103467;3.16572;
Head;-0.7624995;0.4966225;3.122219;
ShoulderCenter;-0.838241;0.3383642;3.129534;
ShoulderRight;-0.7361827;0.1697453;3.215227;
ShoulderLeft;-0.8954597;0.218876;3.000952;
ElbowRight;-0.703825;-0.0488409;3.19041;
ElbowLeft;-0.8763414;0.006066836;2.918452;
WristRight;-0.6733997;-0.248202;3.171073;
WristLeft;-0.7282587;-0.216539;2.922999;
HandRight;-0.685931;-0.2998414;3.203446;
HandLeft;-0.6856136;-0.2964468;2.930364;
Spine;-0.8111143;-0.07811294;3.116721;
HipCenter;-0.8071974;-0.1616619;3.117758;
HipRight;-0.7664945;-0.2198263;3.153999;
HipLeft;-0.8430414;-0.2071392;3.075863;
KneeRight;-0.7391934;-0.6875695;3.195811;
KneeLeft;-0.9385589;-0.702612;3.075002;
AnkleRight;-0.7159193;-1.04402;3.229739;
AnkleLeft;-1.187284;-0.9821385;3.143862;
FootRight;-0.6500034;-1.080554;3.181827;
FootLeft;-1.17376;-1.083345;3.154883;
Head;-0.7288661;0.4975367;3.141819;
ShoulderCenter;-0.8041339;0.343804;3.134373;
ShoulderRight;-0.6888919;0.1569465;3.230272;
ShoulderLeft;-0.8641557;0.2219046;3.004244;
ElbowRight;-0.6593696;-0.06461839;3.169248;
ElbowLeft;-0.8351934;-0.02969643;2.935564;
WristRight;-0.6351551;-0.3338279;3.193723;
WristLeft;-0.7263706;-0.2193136;2.918618;
HandRight;-0.6431133;-0.4237449;3.228682;
HandLeft;-0.6950583;-0.3050858;2.919311;
Spine;-0.788265;-0.06660756;3.120878;
HipCenter;-0.7841043;-0.1483395;3.122067;
HipRight;-0.7359395;-0.2120685;3.166972;
HipLeft;-0.8278425;-0.2004515;3.073025;
KneeRight;-0.6880938;-0.6684067;3.144624;
KneeLeft;-0.8517433;-0.6667833;3.05546;
AnkleRight;-0.7137721;-1.042448;3.228097;
AnkleLeft;-1.115209;-0.9670364;3.14041;
FootRight;-0.6802776;-1.10935;3.23684;
FootLeft;-1.081907;-1.063311;3.143368;
Head;-0.6804516;0.4969071;3.15818;
ShoulderCenter;-0.7652225;0.3522845;3.141473;
ShoulderRight;-0.6664936;0.2141679;3.226274;
ShoulderLeft;-0.8157139;0.2261583;3.009317;
ElbowRight;-0.62925;-0.05120824;3.170082;
ElbowLeft;-0.8276021;-0.03219295;2.935311;
WristRight;-0.5974327;-0.3213432;3.196022;
WristLeft;-0.7262379;-0.223967;2.914406;
HandRight;-0.5952606;-0.4924844;3.243393;
HandLeft;-0.6974023;-0.3109096;2.914027;
Spine;-0.7322028;-0.06755464;3.134959;
HipCenter;-0.7264683;-0.151712;3.137166;
HipRight;-0.6907243;-0.2017958;3.176338;
HipLeft;-0.7564812;-0.204651;3.093639;
KneeRight;-0.6362383;-0.6319625;3.068811;
KneeLeft;-0.7823495;-0.6566008;3.054856;
AnkleRight;-0.7102825;-1.026743;3.220444;
AnkleLeft;-1.00198;-0.9814169;3.125042;
FootRight;-0.6861257;-1.095779;3.234812;
FootLeft;-0.9570465;-1.071643;3.121845;
Head;-0.65277;0.5072855;3.141507;
ShoulderCenter;-0.7371885;0.3591411;3.142966;
ShoulderRight;-0.6208758;0.1937753;3.218141;
ShoulderLeft;-0.7966685;0.2319815;3.014108;
ElbowRight;-0.5766664;-0.06849941;3.162213;
ElbowLeft;-0.8033148;0.01133368;2.939036;
WristRight;-0.5699773;-0.3397373;3.195226;
WristLeft;-0.7265519;-0.2253078;2.913517;
HandRight;-0.5456448;-0.4021249;3.194;
HandLeft;-0.7096446;-0.3139617;2.905416;
Spine;-0.6965961;-0.0603884;3.135108;
HipCenter;-0.6876894;-0.1441783;3.137141;
HipRight;-0.6370158;-0.1985378;3.179537;
HipLeft;-0.7274247;-0.200361;3.090871;
KneeRight;-0.5726928;-0.6180646;3.063599;
KneeLeft;-0.7072737;-0.6605054;3.056003;
AnkleRight;-0.6969082;-1.006872;3.210305;
AnkleLeft;-0.8925797;-0.9973039;3.107587;
FootRight;-0.6357702;-1.042081;3.158767;
FootLeft;-0.8416215;-1.081407;3.128214;
Head;-0.6072157;0.5037265;3.152603;
ShoulderCenter;-0.6950355;0.3634361;3.141212;
ShoulderRight;-0.5910412;0.1866976;3.2046;
ShoulderLeft;-0.771163;0.2382272;3.015689;
ElbowRight;-0.5562425;-0.05121088;3.20066;
ElbowLeft;-0.7934854;0.01120948;2.936865;
WristRight;-0.5506384;-0.2115838;3.409541;
WristLeft;-0.7237418;-0.2344889;2.90886;
HandRight;-0.5366222;-0.2735624;3.477043;
HandLeft;-0.7109562;-0.325974;2.901029;
Spine;-0.6593615;-0.05842243;3.133243;
HipCenter;-0.6527261;-0.1427707;3.135328;
HipRight;-0.6054083;-0.1975857;3.173493;
HipLeft;-0.6902674;-0.1969442;3.093086;
KneeRight;-0.4719824;-0.6129127;3.113608;
KneeLeft;-0.632617;-0.6509719;3.070696;
AnkleRight;-0.6811635;-0.9936665;3.193978;
AnkleLeft;-0.798307;-1.010924;3.114937;
FootRight;-0.6494795;-1.07161;3.254746;
FootLeft;-0.726417;-1.084054;3.130926;
Head;-0.5772962;0.505181;3.164195;
ShoulderCenter;-0.6674318;0.3627536;3.146135;
ShoulderRight;-0.5524418;0.1957356;3.230657;
ShoulderLeft;-0.7226898;0.2385719;3.025349;
ElbowRight;-0.5398588;-0.05343973;3.200488;
ElbowLeft;-0.7583888;0.01509746;2.926676;
WristRight;-0.5030892;-0.201663;3.414998;
WristLeft;-0.7182781;-0.2486145;2.894182;
HandRight;-0.4780371;-0.3119833;3.535152;
HandLeft;-0.7137873;-0.332713;2.892301;
Spine;-0.614401;-0.04136403;3.130975;
HipCenter;-0.6046115;-0.12175;3.131211;
HipRight;-0.5616761;-0.1843269;3.175156;
HipLeft;-0.6361914;-0.180471;3.079331;
KneeRight;-0.4338909;-0.6849625;3.137725;
KneeLeft;-0.579258;-0.6322836;3.0808;
AnkleRight;-0.6380443;-1.068299;3.106313;
AnkleLeft;-0.6906555;-1.010994;3.08871;
FootRight;-0.5895649;-1.102729;3.192279;
FootLeft;-0.6154162;-1.075554;3.121829;
Head;-0.5314283;0.5019823;3.167181;
ShoulderCenter;-0.619016;0.3547761;3.141881;
ShoulderRight;-0.5229087;0.1768531;3.228412;
ShoulderLeft;-0.7004944;0.2364874;3.0247;
ElbowRight;-0.4935331;-0.07785545;3.19706;
ElbowLeft;-0.738654;0.001571308;2.924283;
WristRight;-0.4648154;-0.2078314;3.424357;
WristLeft;-0.7153977;-0.243125;2.88625;
HandRight;-0.429059;-0.2933007;3.526205;
HandLeft;-0.7176663;-0.3312154;2.88205;
Spine;-0.5791613;-0.05653742;3.12806;
HipCenter;-0.5700846;-0.1389723;3.128793;
HipRight;-0.5192086;-0.2056561;3.175772;
HipLeft;-0.6050161;-0.1971836;3.074898;
KneeRight;-0.4932054;-0.6600305;3.080318;
KneeLeft;-0.5478187;-0.6410877;3.080001;
AnkleRight;-0.526344;-1.046283;3.069158;
AnkleLeft;-0.6264562;-1.083053;3.098466;
FootRight;-0.4775353;-1.080947;3.155708;
FootLeft;-0.5219211;-1.091567;3.107106;
Head;-0.5040723;0.5155089;3.163235;
ShoulderCenter;-0.5806045;0.3606665;3.140662;
ShoulderRight;-0.493467;0.1767862;3.228448;
ShoulderLeft;-0.6488181;0.236549;3.027752;
ElbowRight;-0.463142;-0.05246355;3.21357;
ElbowLeft;-0.7193987;-0.009567049;2.91966;
WristRight;-0.4085175;-0.1898705;3.432796;
WristLeft;-0.7130628;-0.2431286;2.883172;
HandRight;-0.3355399;-0.2765619;3.496585;
HandLeft;-0.7212164;-0.3367645;2.876636;
Spine;-0.5601076;-0.05509549;3.124604;
HipCenter;-0.5552377;-0.1380811;3.125339;
HipRight;-0.5109476;-0.2053346;3.173084;
HipLeft;-0.5908598;-0.1939973;3.070955;
KneeRight;-0.4636884;-0.6599613;3.077582;
KneeLeft;-0.6522017;-0.6544539;3.151899;
AnkleRight;-0.4307574;-1.035579;3.051712;
AnkleLeft;-0.7133117;-1.051659;3.22686;
FootRight;-0.3379596;-1.08537;3.068831;
FootLeft;-0.6452411;-1.09447;3.210933;
Head;-0.4859769;0.5138269;3.163706;
ShoulderCenter;-0.547168;0.3514169;3.145214;
ShoulderRight;-0.4419294;0.1694074;3.222711;
ShoulderLeft;-0.6291043;0.2320401;3.024034;
ElbowRight;-0.4221205;-0.05733624;3.209481;
ElbowLeft;-0.6969022;-0.02693743;2.921562;
WristRight;-0.3538004;-0.1948236;3.425771;
WristLeft;-0.7004085;-0.2503611;2.859104;
HandRight;-0.2871888;-0.2720674;3.465837;
HandLeft;-0.7168639;-0.3415118;2.853904;
Spine;-0.5134739;-0.064307;3.116709;
HipCenter;-0.5070053;-0.147295;3.1143;
HipRight;-0.4627662;-0.2167866;3.15787;
HipLeft;-0.5426861;-0.2042787;3.058844;
KneeRight;-0.3947551;-0.6449361;3.062262;
KneeLeft;-0.6538544;-0.6547019;3.157769;
AnkleRight;-0.3495102;-1.017962;3.024955;
AnkleLeft;-0.7080587;-1.052276;3.226516;
FootRight;-0.2539888;-1.064958;3.035373;
FootLeft;-0.644535;-1.089275;3.169531;
Head;-0.4348705;0.5083199;3.171276;
ShoulderCenter;-0.502725;0.3478667;3.154463;
ShoulderRight;-0.4176783;0.2171216;3.232889;
ShoulderLeft;-0.5755825;0.2265341;3.026714;
ElbowRight;-0.3997302;-0.0004436076;3.373818;
ElbowLeft;-0.653774;-0.02874032;2.924372;
WristRight;-0.290473;-0.207982;3.452862;
WristLeft;-0.6875619;-0.2722624;2.856733;
HandRight;-0.236715;-0.2671985;3.447356;
HandLeft;-0.710157;-0.3447866;2.845915;
Spine;-0.4988487;-0.06560239;3.114928;
HipCenter;-0.4958703;-0.1483837;3.111653;
HipRight;-0.4547708;-0.2157836;3.152498;
HipLeft;-0.5310538;-0.2004504;3.058512;
KneeRight;-0.3707287;-0.6783565;3.071271;
KneeLeft;-0.6455406;-0.6577477;3.163781;
AnkleRight;-0.2349791;-1.022645;3.017236;
AnkleLeft;-0.7043157;-1.053337;3.224309;
FootRight;-0.1367963;-1.061062;3.038356;
FootLeft;-0.6366388;-1.091586;3.172356;
Head;-0.4074175;0.5062697;3.170968;
ShoulderCenter;-0.4773571;0.3446813;3.147672;
ShoulderRight;-0.3709663;0.174304;3.222257;
ShoulderLeft;-0.533049;0.2202184;3.023739;
ElbowRight;-0.3463435;-0.05762716;3.341136;
ElbowLeft;-0.6175444;-0.03221865;2.920551;
WristRight;-0.2547441;-0.2149124;3.446732;
WristLeft;-0.6677911;-0.2845162;2.843298;
HandRight;-0.185804;-0.2705535;3.477252;
HandLeft;-0.688965;-0.3502512;2.835768;
Spine;-0.4560883;-0.07485298;3.11254;
HipCenter;-0.4530027;-0.1586179;3.109596;
HipRight;-0.4121234;-0.2236187;3.148693;
HipLeft;-0.4927535;-0.2055749;3.059156;
KneeRight;-0.3207779;-0.6849857;3.067668;
KneeLeft;-0.6252243;-0.6631061;3.168529;
AnkleRight;-0.1488384;-1.037934;3.012497;
AnkleLeft;-0.7033759;-1.052949;3.223255;
FootRight;-0.04348353;-1.05506;3.023081;
FootLeft;-0.6364751;-1.09052;3.170226;
Head;-0.3414171;0.4869119;3.178522;
ShoulderCenter;-0.4252447;0.3297372;3.141566;
ShoulderRight;-0.3199781;0.1607825;3.168905;
ShoulderLeft;-0.5035899;0.2122151;3.015491;
ElbowRight;-0.2993062;-0.04583041;3.321363;
ElbowLeft;-0.5852631;-0.03919181;2.907241;
WristRight;-0.2187242;-0.213863;3.450037;
WristLeft;-0.6218258;-0.2790899;2.843618;
HandRight;-0.1744205;-0.2769544;3.476776;
HandLeft;-0.6575779;-0.3498236;2.831228;
Spine;-0.4668393;-0.08999769;3.143785;
HipCenter;-0.430758;-0.1688499;3.098299;
HipRight;-0.3864415;-0.2293758;3.127825;
HipLeft;-0.4740251;-0.214781;3.054584;
KneeRight;-0.3091278;-0.6834;3.067365;
KneeLeft;-0.6150054;-0.6644074;3.169585;
AnkleRight;-0.1233639;-1.021625;3.02143;
AnkleLeft;-0.7009388;-1.049351;3.21998;
FootRight;-0.06763138;-1.059823;2.956796;
FootLeft;-0.6452063;-1.087549;3.155346;
Head;-0.2853838;0.4716283;3.17492;
ShoulderCenter;-0.3953213;0.3306355;3.140818;
ShoulderRight;-0.2851717;0.15412;3.191291;
ShoulderLeft;-0.4643184;0.2101292;3.011688;
ElbowRight;-0.2560594;-0.05263801;3.341562;
ElbowLeft;-0.5457271;-0.03827065;2.895956;
WristRight;-0.1911072;-0.2235304;3.443336;
WristLeft;-0.5783601;-0.2811482;2.827397;
HandRight;-0.14619;-0.286175;3.460902;
HandLeft;-0.5984389;-0.3559845;2.822213;
Spine;-0.4349316;-0.09170143;3.132659;
HipCenter;-0.3958651;-0.1702155;3.089186;
HipRight;-0.3565767;-0.2311594;3.122362;
HipLeft;-0.4352349;-0.2240015;3.039921;
KneeRight;-0.3110091;-0.6829256;3.073712;
KneeLeft;-0.5840461;-0.6677845;3.172511;
AnkleRight;-0.107177;-1.03073;3.026793;
AnkleLeft;-0.700838;-1.049354;3.219952;
FootRight;-0.0455447;-1.068733;2.967397;
FootLeft;-0.6392057;-1.087357;3.160556;
Head;-0.23871;0.4738991;3.192208;
ShoulderCenter;-0.3449433;0.3301387;3.128032;
ShoulderRight;-0.2296004;0.1457947;3.160611;
ShoulderLeft;-0.4136081;0.2070109;3.003274;
ElbowRight;-0.2080651;-0.0550946;3.317821;
ElbowLeft;-0.5004675;-0.04239288;2.897747;
WristRight;-0.1514061;-0.2540888;3.434163;
WristLeft;-0.5269011;-0.2753454;2.810526;
HandRight;-0.1159135;-0.3101953;3.452123;
HandLeft;-0.5511961;-0.3529037;2.803674;
Spine;-0.3781555;-0.08457044;3.126395;
HipCenter;-0.3407726;-0.1609464;3.080771;
HipRight;-0.2967358;-0.2233551;3.107689;
HipLeft;-0.3838802;-0.2079419;3.040009;
KneeRight;-0.2805865;-0.6989356;3.078956;
KneeLeft;-0.5536435;-0.6675234;3.179856;
AnkleRight;-0.104127;-1.034624;3.031082;
AnkleLeft;-0.6973207;-1.0506;3.220577;
FootRight;-0.04683505;-1.072446;2.96713;
FootLeft;-0.6400287;-1.088421;3.156626;
Head;-0.2105211;0.4809414;3.176282;
ShoulderCenter;-0.3133718;0.3334735;3.115941;
ShoulderRight;-0.2034242;0.1640962;3.170934;
ShoulderLeft;-0.3851022;0.2059531;2.996005;
ElbowRight;-0.1810931;-0.03629529;3.32774;
ElbowLeft;-0.442786;-0.0508403;2.889534;
WristRight;-0.1346434;-0.2637044;3.427582;
WristLeft;-0.4805747;-0.306895;2.809176;
HandRight;-0.09246282;-0.3128893;3.447031;
HandLeft;-0.4983473;-0.3719473;2.803793;
Spine;-0.3249845;-0.08609883;3.111785;
HipCenter;-0.2821434;-0.1614375;3.068879;
HipRight;-0.2359299;-0.2270416;3.105937;
HipLeft;-0.3225843;-0.2126938;3.017825;
KneeRight;-0.2785752;-0.6913316;3.084074;
KneeLeft;-0.522191;-0.6721113;3.194891;
AnkleRight;-0.0985864;-1.033305;3.033738;
AnkleLeft;-0.6463211;-1.047083;3.216965;
FootRight;-0.03754959;-1.070376;2.972738;
FootLeft;-0.5852842;-1.084154;3.155964;
Head;-0.1920015;0.505397;3.143588;
ShoulderCenter;-0.2648082;0.3388232;3.105532;
ShoulderRight;-0.1570459;0.1725393;3.165513;
ShoulderLeft;-0.3318772;0.2143843;2.982386;
ElbowRight;-0.1258959;-0.02903649;3.320623;
ElbowLeft;-0.3988386;-0.04078171;2.881525;
WristRight;-0.09411571;-0.2988448;3.345251;
WristLeft;-0.3933054;-0.2416903;2.837145;
HandRight;-0.08340476;-0.3325778;3.427218;
HandLeft;-0.4130381;-0.3273713;2.808773;
Spine;-0.2935629;-0.07813396;3.102461;
HipCenter;-0.2497039;-0.1545256;3.060652;
HipRight;-0.1990486;-0.2160995;3.09508;
HipLeft;-0.2944148;-0.2042372;3.011983;
KneeRight;-0.2672616;-0.691481;3.090289;
KneeLeft;-0.4543903;-0.6319795;3.201487;
AnkleRight;-0.09663914;-1.033973;3.033021;
AnkleLeft;-0.6098136;-1.000012;3.210491;
FootRight;-0.03339245;-1.071866;2.974324;
FootLeft;-0.6055999;-1.087662;3.274095;
Head;-0.1526726;0.5062175;3.135248;
ShoulderCenter;-0.2260645;0.339003;3.098381;
ShoulderRight;-0.1161568;0.1729257;3.15805;
ShoulderLeft;-0.2925541;0.2136253;2.974703;
ElbowRight;-0.09592839;-0.1028504;3.122572;
ElbowLeft;-0.3343362;-0.04480661;2.887394;
WristRight;-0.06463979;-0.330868;3.152629;
WristLeft;-0.3140231;-0.2466901;2.847583;
HandRight;-0.05090535;-0.3701683;3.230639;
HandLeft;-0.3240637;-0.3358388;2.82524;
Spine;-0.2415668;-0.07618913;3.108782;
HipCenter;-0.1974856;-0.1524747;3.069824;
HipRight;-0.1534308;-0.2146369;3.10675;
HipLeft;-0.2373973;-0.2047951;3.022657;
KneeRight;-0.1613706;-0.6964484;3.048444;
KneeLeft;-0.4469193;-0.6308352;3.206416;
AnkleRight;-0.08904226;-1.048131;3.033776;
AnkleLeft;-0.5546703;-0.9670566;3.206846;
FootRight;-0.02600873;-1.086116;2.974727;
FootLeft;-0.5504516;-1.054812;3.270526;
Head;-0.1330838;0.5188634;3.129633;
ShoulderCenter;-0.1964772;0.3469549;3.094717;
ShoulderRight;-0.08799134;0.1807017;3.154611;
ShoulderLeft;-0.2600387;0.2166181;2.965091;
ElbowRight;-0.05085824;-0.04682143;3.153148;
ElbowLeft;-0.2788444;-0.04204965;2.875727;
WristRight;-0.03188682;-0.2922092;3.158235;
WristLeft;-0.2446642;-0.2961678;2.847416;
HandRight;-0.02914757;-0.3702341;3.169498;
HandLeft;-0.2481854;-0.3576999;2.81845;
Spine;-0.2226169;-0.0783988;3.104712;
HipCenter;-0.1775576;-0.1576513;3.066504;
HipRight;-0.1333321;-0.2132764;3.095679;
HipLeft;-0.2161005;-0.2062326;3.027817;
KneeRight;-0.1594696;-0.7064523;3.054729;
KneeLeft;-0.3485591;-0.6201439;3.173762;
AnkleRight;-0.08898335;-1.048491;3.033818;
AnkleLeft;-0.4670001;-0.9412165;3.19723;
FootRight;-0.02495818;-1.086817;2.976688;
FootLeft;-0.4671691;-1.035796;3.249527;
Head;-0.09099379;0.5261534;3.12855;
ShoulderCenter;-0.1580133;0.3549288;3.094938;
ShoulderRight;-0.04866336;0.1889371;3.154794;
ShoulderLeft;-0.2060506;0.2368896;2.960384;
ElbowRight;-0.01467778;-0.04503618;3.166076;
ElbowLeft;-0.2319486;-0.03262554;2.869919;
WristRight;0.004293645;-0.2904239;3.171159;
WristLeft;-0.1778078;-0.2300925;2.84158;
HandRight;0.007032901;-0.3684489;3.182421;
HandLeft;-0.1673056;-0.3220361;2.845253;
Spine;-0.1826556;-0.06435581;3.10252;
HipCenter;-0.1364155;-0.1426716;3.067043;
HipRight;-0.102956;-0.2072923;3.101836;
HipLeft;-0.1678004;-0.187027;3.021336;
KneeRight;-0.1219937;-0.6679713;3.031564;
KneeLeft;-0.3256716;-0.6287173;3.173123;
AnkleRight;-0.08230498;-1.035697;3.03187;
AnkleLeft;-0.3721875;-0.9530919;3.192407;
FootRight;-0.0153029;-1.073758;2.979024;
FootLeft;-0.3051854;-0.9911538;3.139562;
Head;-0.05135179;0.534093;3.12353;
ShoulderCenter;-0.120308;0.3628134;3.091481;
ShoulderRight;-0.01163308;0.1966894;3.151362;
ShoulderLeft;-0.1871266;0.2362117;2.959894;
ElbowRight;0.02081973;-0.07987887;3.135928;
ElbowLeft;-0.1842479;0.01635313;2.866999;
WristRight;0.02726924;-0.3431023;3.119583;
WristLeft;-0.09465481;-0.2231764;2.852502;
HandRight;0.03000849;-0.4211272;3.130846;
HandLeft;-0.0731445;-0.3135166;2.853954;
Spine;-0.1451874;-0.06719375;3.111465;
HipCenter;-0.09986462;-0.1486914;3.075222;
HipRight;-0.05826754;-0.2084568;3.100444;
HipLeft;-0.1322374;-0.186278;3.045079;
KneeRight;-0.09761276;-0.6721063;3.018614;
KneeLeft;-0.2604613;-0.6464242;3.148613;
AnkleRight;-0.08066259;-1.035541;3.031808;
AnkleLeft;-0.2686857;-0.9707782;3.180977;
FootRight;-0.09777492;-1.109696;3.01066;
FootLeft;-0.2058421;-1.009076;3.12424;
Head;-0.02708026;0.5411538;3.120215;
ShoulderCenter;-0.09386078;0.3683017;3.091509;
ShoulderRight;0.01523751;0.2022669;3.151366;
ShoulderLeft;-0.1464887;0.238925;2.954677;
ElbowRight;0.04135396;-0.07603204;3.136202;
ElbowLeft;-0.1336056;0.02176354;2.869259;
WristRight;0.04667142;-0.3390811;3.119868;
WristLeft;-0.02920344;-0.2098632;2.859369;
HandRight;0.04941068;-0.417106;3.13113;
HandLeft;0.001867451;-0.2971427;2.848902;
Spine;-0.1122043;-0.07379758;3.115163;
HipCenter;-0.0645524;-0.1577954;3.082294;
HipRight;-0.02908664;-0.2085893;3.096768;
HipLeft;-0.09742308;-0.191369;3.065428;
KneeRight;-0.06846374;-0.6987377;3.006473;
KneeLeft;-0.1651915;-0.6748206;3.083522;
AnkleRight;-0.07326913;-1.036431;3.03042;
AnkleLeft;-0.2403229;-0.9741491;3.179374;
FootRight;-0.09951626;-1.10831;3.009719;
FootLeft;-0.1596037;-1.020509;3.126103;
Head;0.03400039;0.5381336;3.109854;
ShoulderCenter;-0.05102391;0.3731355;3.084268;
ShoulderRight;0.05782231;0.2070606;3.144139;
ShoulderLeft;-0.1292745;0.2397509;2.949949;
ElbowRight;0.08390899;-0.05705732;3.111987;
ElbowLeft;-0.05306386;-0.01632835;2.863965;
WristRight;0.08478709;-0.2728002;3.093323;
WristLeft;0.07616712;-0.2241498;2.848249;
HandRight;0.08752635;-0.3508251;3.104586;
HandLeft;0.1123496;-0.2813189;2.836085;
Spine;-0.08668204;-0.05306107;3.10402;
HipCenter;-0.04419729;-0.1337783;3.065385;
HipRight;0.001129096;-0.196933;3.09975;
HipLeft;-0.08754911;-0.1750073;3.016111;
KneeRight;-0.06695706;-0.6985821;3.005337;
KneeLeft;-0.1039919;-0.6746866;3.075571;
AnkleRight;-0.07029196;-1.034235;3.024879;
AnkleLeft;-0.1708041;-0.976865;3.171383;
FootRight;-0.09933385;-1.106959;3.011665;
FootLeft;-0.1026991;-1.032328;3.109497;
Head;-0.01727364;0.5182905;3.115321;
ShoulderCenter;-0.01949034;0.2983339;3.07812;
ShoulderRight;0.08947121;0.1322712;3.137969;
ShoulderLeft;-0.07461049;0.2353911;2.947503;
ElbowRight;0.1124443;-0.1321972;3.106329;
ElbowLeft;-0.01458307;0.01153512;2.86118;
WristRight;0.1133224;-0.3479401;3.087665;
WristLeft;0.156692;-0.2048544;2.845081;
HandRight;0.1160617;-0.425965;3.098928;
HandLeft;0.1943552;-0.2810828;2.852955;
Spine;-0.04467965;-0.08864985;3.091663;
HipCenter;0.001694231;-0.16042;3.056746;
HipRight;0.03905177;-0.2255026;3.075943;
HipLeft;-0.03110518;-0.194044;3.029766;
KneeRight;0.1192288;-0.6855428;3.192976;
KneeLeft;-0.06203404;-0.680468;3.019752;
AnkleRight;-0.06781169;-1.03378;3.018479;
AnkleLeft;-0.1695019;-0.9900354;3.111537;
FootRight;-0.000658989;-1.072349;2.964183;
FootLeft;-0.08874472;-1.049377;3.069267;
Head;0.006364717;0.5234162;3.120261;
ShoulderCenter;0.01380168;0.3137541;3.073846;
ShoulderRight;0.1227632;0.1476914;3.133695;
ShoulderLeft;-0.0527294;0.2353968;2.94396;
ElbowRight;0.1457364;-0.1167771;3.102056;
ElbowLeft;0.06445283;-0.01162835;2.856032;
WristRight;0.1466145;-0.3325199;3.083393;
WristLeft;0.2309745;-0.2063439;2.867645;
HandRight;0.1493537;-0.4105448;3.094655;
HandLeft;0.2589625;-0.2719007;2.870091;
Spine;-0.01492301;-0.07533292;3.099873;
HipCenter;0.02910767;-0.1490541;3.064725;
HipRight;0.07396442;-0.2194986;3.107152;
HipLeft;-0.006624476;-0.1971334;3.022819;
KneeRight;0.1382502;-0.6935673;3.193871;
KneeLeft;-0.05868879;-0.6806214;3.01882;
AnkleRight;0.1088563;-1.048966;3.1818;
AnkleLeft;-0.08152147;-1.055864;3.022012;
FootRight;0.02587506;-1.064439;3.112926;
FootLeft;-0.01658317;-1.102707;3.030548;
Head;0.0655016;0.5551049;3.09434;
ShoulderCenter;0.05319913;0.3702191;3.074219;
ShoulderRight;0.1621607;0.2041564;3.134068;
ShoulderLeft;-0.006272096;0.2285726;2.944671;
ElbowRight;0.1851338;-0.06031206;3.102372;
ElbowLeft;0.1013635;0.01684463;2.856116;
WristRight;0.1860119;-0.2760549;3.08368;
WristLeft;0.2849112;-0.1887951;2.871933;
HandRight;0.1887512;-0.3540798;3.094943;
HandLeft;0.3274803;-0.251611;2.873814;
Spine;0.03104239;-0.04906976;3.104973;
HipCenter;0.07620383;-0.1290784;3.071142;
HipRight;0.1120642;-0.1875429;3.105181;
HipLeft;0.04530157;-0.1801816;3.03318;
KneeRight;0.1946643;-0.677658;3.193831;
KneeLeft;-0.04618964;-0.6847777;3.020682;
AnkleRight;0.1866723;-1.035601;3.178624;
AnkleLeft;-0.08155669;-1.055857;3.022328;
FootRight;0.09379492;-1.052926;3.123984;
FootLeft;-0.01682312;-1.103123;3.031448;
Head;0.08722461;0.5527127;3.093822;
ShoulderCenter;0.08345197;0.3670819;3.07522;
ShoulderRight;0.1924135;0.2010192;3.135069;
ShoulderLeft;0.0169888;0.2270167;2.942417;
ElbowRight;0.2200006;-0.07913882;3.120561;
ElbowLeft;0.1686393;-0.005058795;2.862189;
WristRight;0.2280597;-0.3609178;3.105804;
WristLeft;0.3234829;-0.1636571;2.868551;
HandRight;0.2310767;-0.4486538;3.11707;
HandLeft;0.3848076;-0.2302102;2.87553;
Spine;0.04727213;-0.05215397;3.102697;
HipCenter;0.08981039;-0.1333016;3.06778;
HipRight;0.1280273;-0.1945912;3.102017;
HipLeft;0.05486036;-0.1828777;3.029082;
KneeRight;0.227865;-0.6565615;3.185311;
KneeLeft;-0.003069999;-0.6924576;3.034006;
AnkleRight;0.2566532;-1.042776;3.191031;
AnkleLeft;-0.07950184;-1.049717;3.021757;
FootRight;0.1596577;-1.054986;3.142087;
FootLeft;-0.018308;-1.102286;3.026424;
Head;0.1394282;0.543781;3.096769;
ShoulderCenter;0.1293467;0.3575268;3.075658;
ShoulderRight;0.2383082;0.1914641;3.135507;
ShoulderLeft;0.06493837;0.2209377;2.947261;
ElbowRight;0.2544459;-0.09145725;3.120999;
ElbowLeft;0.1943853;-0.0002870148;2.863602;
WristRight;0.2593059;-0.3751775;3.105931;
WristLeft;0.3942704;-0.1714506;2.873059;
HandRight;0.2620901;-0.4558217;3.117192;
HandLeft;0.4378138;-0.2231548;2.884372;
Spine;0.1040938;-0.05707756;3.114864;
HipCenter;0.1475651;-0.1373502;3.08178;
HipRight;0.1845597;-0.1982161;3.122677;
HipLeft;0.1146645;-0.1976134;3.038736;
KneeRight;0.2792809;-0.6591776;3.179689;
KneeLeft;0.02471393;-0.6960949;3.03584;
AnkleRight;0.4045745;-1.038291;3.187549;
AnkleLeft;-0.07946792;-1.04994;3.022263;
FootRight;0.3015312;-1.048972;3.1521;
FootLeft;-0.01956458;-1.104288;3.024984;
Head;0.2350911;0.5249406;3.121832;
ShoulderCenter;0.159701;0.3521984;3.082535;
ShoulderRight;0.2686625;0.1861357;3.142384;
ShoulderLeft;0.106371;0.2163206;2.949953;
ElbowRight;0.3046322;-0.09336868;3.144474;
ElbowLeft;0.2359819;0.009134999;2.86536;
WristRight;0.3167383;-0.3765832;3.135939;
WristLeft;0.4167132;-0.166091;2.87537;
HandRight;0.3207434;-0.4842207;3.147866;
HandLeft;0.4632336;-0.2160583;2.879167;
Spine;0.1273438;-0.07004666;3.11151;
HipCenter;0.1722805;-0.1519262;3.078627;
HipRight;0.2109371;-0.206975;3.108072;
HipLeft;0.1334158;-0.1989387;3.043855;
KneeRight;0.3277025;-0.6919155;3.184541;
KneeLeft;0.06383553;-0.6724962;3.038337;
AnkleRight;0.5133477;-1.044674;3.20105;
AnkleLeft;-0.07846649;-1.038991;3.027932;
FootRight;0.4086094;-1.048756;3.168679;
FootLeft;-0.02296242;-1.097967;3.023955;
Head;0.2935678;0.5130284;3.130908;
ShoulderCenter;0.207932;0.3445734;3.08883;
ShoulderRight;0.3168935;0.1785107;3.148679;
ShoulderLeft;0.1491241;0.2075558;2.967821;
ElbowRight;0.3424117;-0.1019038;3.14919;
ElbowLeft;0.2905211;-0.001915212;2.876396;
WristRight;0.3510162;-0.3848599;3.13986;
WristLeft;0.443027;-0.1653018;2.876837;
HandRight;0.3545634;-0.4894538;3.151646;
HandLeft;0.5013309;-0.2226115;2.891227;
Spine;0.1603712;-0.07032828;3.107891;
HipCenter;0.2001388;-0.1515118;3.071196;
HipRight;0.2346006;-0.21136;3.108225;
HipLeft;0.1702223;-0.2067029;3.02269;
KneeRight;0.3399577;-0.6588234;3.167325;
KneeLeft;0.08397793;-0.6730772;3.037353;
AnkleRight;0.5310082;-1.031863;3.200412;
AnkleLeft;-0.0778002;-1.032811;3.031449;
FootRight;0.4259931;-1.0374;3.168756;
FootLeft;-0.02461015;-1.093715;3.024342;
Head;0.3033792;0.5211973;3.132435;
ShoulderCenter;0.2384244;0.3433224;3.094604;
ShoulderRight;0.3473859;0.1772597;3.154454;
ShoulderLeft;0.1751269;0.2092121;2.973799;
ElbowRight;0.3810143;-0.1018801;3.155934;
ElbowLeft;0.3281902;-0.0199706;2.880954;
WristRight;0.3923068;-0.384423;3.147127;
WristLeft;0.4958868;-0.1822109;2.887036;
HandRight;0.3962211;-0.4918483;3.159024;
HandLeft;0.5491592;-0.2437648;2.906223;
Spine;0.182045;-0.0586576;3.107391;
HipCenter;0.2199531;-0.136986;3.068447;
HipRight;0.2492254;-0.2047491;3.111095;
HipLeft;0.1817648;-0.2006384;3.015173;
KneeRight;0.3976235;-0.6667794;3.16854;
KneeLeft;0.1111023;-0.6775105;3.034768;
AnkleRight;0.5403389;-1.022399;3.196267;
AnkleLeft;-0.07405341;-1.029175;3.030409;
FootRight;0.4670269;-1.050016;3.147048;
FootLeft;-0.02539036;-1.093597;3.025689;
Head;0.3482939;0.5205872;3.127948;
ShoulderCenter;0.2907791;0.3416674;3.111123;
ShoulderRight;0.3997406;0.1756047;3.170973;
ShoulderLeft;0.2354157;0.2040952;2.990428;
ElbowRight;0.4299693;-0.1036721;3.171773;
ElbowLeft;0.3634015;-0.03299234;2.885444;
WristRight;0.4401686;-0.3859428;3.162717;
WristLeft;0.5042426;-0.1864748;2.885048;
HandRight;0.4439704;-0.4933735;3.17459;
HandLeft;0.558059;-0.2459288;2.901625;
Spine;0.2478163;-0.06408989;3.125744;
HipCenter;0.2883388;-0.1420237;3.088122;
HipRight;0.3192692;-0.2034959;3.131197;
HipLeft;0.2567684;-0.2074261;3.035098;
KneeRight;0.4071032;-0.6849395;3.160995;
KneeLeft;0.1250438;-0.6886438;3.031634;
AnkleRight;0.544538;-1.023517;3.187705;
AnkleLeft;-0.07216882;-1.025029;3.030201;
FootRight;0.5505003;-1.097031;3.155926;
FootLeft;-0.02190128;-1.087493;3.025611;
Head;0.4114731;0.5108889;3.14553;
ShoulderCenter;0.320167;0.3441981;3.112525;
ShoulderRight;0.4291286;0.1781354;3.172374;
ShoulderLeft;0.270629;0.2087215;2.994156;
ElbowRight;0.4521769;-0.1007369;3.106091;
ElbowLeft;0.3931609;-0.03589432;2.895433;
WristRight;0.4591216;-0.3825811;3.077652;
WristLeft;0.5229013;-0.1992531;2.882566;
HandRight;0.4621172;-0.4710082;3.088416;
HandLeft;0.5835148;-0.2669027;2.901145;
Spine;0.2601136;-0.05885354;3.120661;
HipCenter;0.2989061;-0.1376546;3.082566;
HipRight;0.3269204;-0.2041466;3.128625;
HipLeft;0.2668836;-0.2026932;3.023609;
KneeRight;0.4448731;-0.6827527;3.161707;
KneeLeft;0.1624068;-0.726442;3.017633;
AnkleRight;0.5462946;-1.015909;3.180457;
AnkleLeft;-0.0506812;-1.011431;3.031355;
FootRight;0.6061398;-1.068874;3.178262;
FootLeft;0.01208975;-1.092768;3.028238;
Head;0.4417527;0.5279406;3.146916;
ShoulderCenter;0.3653057;0.3537399;3.116359;
ShoulderRight;0.4742672;0.1876772;3.176209;
ShoulderLeft;0.3104976;0.2118366;2.99597;
ElbowRight;0.4853054;-0.09143576;3.109322;
ElbowLeft;0.4078189;-0.04329389;2.896815;
WristRight;0.4891179;-0.3729125;3.080568;
WristLeft;0.5578129;-0.2079787;2.893176;
HandRight;0.4920316;-0.4638127;3.091199;
HandLeft;0.605411;-0.2875572;2.898614;
Spine;0.3011367;-0.05991815;3.114841;
HipCenter;0.3370987;-0.1401677;3.074191;
HipRight;0.3699577;-0.1979419;3.109756;
HipLeft;0.2997006;-0.1982089;3.02353;
KneeRight;0.4620003;-0.7002319;3.145588;
KneeLeft;0.2414942;-0.7281578;3.026627;
AnkleRight;0.5430692;-1.020289;3.166569;
AnkleLeft;0.008077943;-0.9715871;3.029196;
FootRight;0.605974;-1.060038;3.109463;
FootLeft;0.03392821;-1.076092;3.022406;
Head;0.4077265;0.547184;3.146698;
ShoulderCenter;0.3990677;0.357276;3.122326;
ShoulderRight;0.5080293;0.1912133;3.182175;
ShoulderLeft;0.3422098;0.2193676;3.003498;
ElbowRight;0.5280485;-0.08726203;3.116311;
ElbowLeft;0.4279812;-0.03842813;2.900189;
WristRight;0.5342168;-0.3684421;3.087932;
WristLeft;0.5557588;-0.2026147;2.890455;
HandRight;0.5372135;-0.4582;3.098635;
HandLeft;0.5983745;-0.2853959;2.891805;
Spine;0.3205166;-0.05178294;3.110467;
HipCenter;0.354635;-0.1314711;3.067364;
HipRight;0.3813101;-0.1965314;3.105867;
HipLeft;0.3175837;-0.185961;3.011459;
KneeRight;0.4949251;-0.6668894;3.084499;
KneeLeft;0.3000497;-0.6741803;3.008285;
AnkleRight;0.5428388;-1.020646;3.16582;
AnkleLeft;0.06364051;-0.932234;3.019618;
FootRight;0.5913115;-1.0831;3.176128;
FootLeft;0.08409979;-1.037736;3.028874;
Head;0.4148741;0.5476452;3.17857;
ShoulderCenter;0.4453664;0.3587323;3.124595;
ShoulderRight;0.554328;0.1926696;3.184444;
ShoulderLeft;0.3743165;0.220195;3.009508;
ElbowRight;0.3340667;0.04549636;3.249859;
ElbowLeft;0.4375939;-0.03071653;2.902174;
WristRight;0.2558616;-0.2230866;3.265067;
WristLeft;0.5530954;-0.2036385;2.889581;
HandRight;0.2586004;-0.3011133;3.27633;
HandLeft;0.5944324;-0.2872636;2.891781;
Spine;0.3725114;-0.04795021;3.110832;
HipCenter;0.4035866;-0.1260335;3.064585;
HipRight;0.4361643;-0.2001873;3.104051;
HipLeft;0.3546413;-0.1810308;3.006005;
KneeRight;0.5151305;-0.662948;3.026556;
KneeLeft;0.3677145;-0.6887351;3.009658;
AnkleRight;0.5425342;-1.021217;3.164007;
AnkleLeft;0.1413973;-0.9195786;3.019658;
FootRight;0.5796911;-1.091319;3.170102;
FootLeft;0.1754408;-1.02124;3.029484;
Head;0.4532328;0.490919;3.167402;
ShoulderCenter;0.4749866;0.2862107;3.117568;
ShoulderRight;0.5839481;0.120148;3.177418;
ShoulderLeft;0.4190213;0.2281824;3.01424;
ElbowRight;0.3191229;0.05303244;3.219698;
ElbowLeft;0.4439367;-0.02559145;2.903995;
WristRight;0.2891069;-0.17054;3.209225;
WristLeft;0.5578244;-0.2141203;2.890965;
HandRight;0.2918462;-0.2485649;3.220487;
HandLeft;0.5992421;-0.2978379;2.892524;
Spine;0.4148061;-0.06874483;3.10721;
HipCenter;0.4511232;-0.1353725;3.063403;
HipRight;0.4749918;-0.2115474;3.103101;
HipLeft;0.4172128;-0.1897543;3.002204;
KneeRight;0.5900424;-0.6278166;3.021096;
KneeLeft;0.4608336;-0.600118;3.017185;
AnkleRight;0.5425938;-1.019278;3.163038;
AnkleLeft;0.2323056;-0.9183606;3.027709;
FootRight;0.584866;-1.086108;3.170479;
FootLeft;0.2690144;-1.019124;3.020886;
Head;0.509584;0.5680158;3.188477;
ShoulderCenter;0.5140601;0.3766387;3.136619;
ShoulderRight;0.6230217;0.210576;3.196468;
ShoulderLeft;0.4455988;0.2340108;3.013015;
ElbowRight;0.3571168;0.1431868;3.239035;
ElbowLeft;0.4607653;-0.0289387;2.909672;
WristRight;0.3281805;-0.08011198;3.228268;
WristLeft;0.5592694;-0.238899;2.899715;
HandRight;0.3309198;-0.1581369;3.23953;
HandLeft;0.592674;-0.3041016;2.891736;
Spine;0.4810622;-0.01781985;3.166312;
HipCenter;0.5221812;-0.0937992;3.130133;
HipRight;0.5530795;-0.1497498;3.183022;
HipLeft;0.4936745;-0.1763965;3.070924;
KneeRight;0.568589;-0.6884866;3.017715;
KneeLeft;0.4957581;-0.5901984;3.023993;
AnkleRight;0.5448465;-1.01334;3.161145;
AnkleLeft;0.3248634;-0.9334643;3.021273;
FootRight;0.5818675;-1.083678;3.16666;
FootLeft;0.3884078;-1.020041;3.030605;
Head;0.543904;0.5719908;3.195121;
ShoulderCenter;0.5360107;0.3805072;3.140899;
ShoulderRight;0.6449723;0.2144445;3.200749;
ShoulderLeft;0.473937;0.2404543;3.01972;
ElbowRight;0.3779103;0.146762;3.243635;
ElbowLeft;0.4797287;-0.03238675;2.911712;
WristRight;0.3501311;-0.07624352;3.232558;
WristLeft;0.5591278;-0.2401021;2.896766;
HandRight;0.3528704;-0.1542684;3.24382;
HandLeft;0.5793443;-0.3046124;2.875054;
Spine;0.4971826;-0.01934195;3.157548;
HipCenter;0.5387471;-0.09554146;3.119125;
HipRight;0.578027;-0.144275;3.157635;
HipLeft;0.5041496;-0.1719915;3.06609;
KneeRight;0.5000756;-0.6788485;3.164475;
KneeLeft;0.6275251;-0.621757;3.043207;
AnkleRight;0.570511;-1.01053;3.156419;
AnkleLeft;0.4422498;-0.9637076;3.035777;
FootRight;0.632597;-1.049534;3.098112;
FootLeft;0.5015059;-1.051643;3.054799;
Head;0.5812739;0.5837681;3.205925;
ShoulderCenter;0.5809336;0.3913872;3.158573;
ShoulderRight;0.6898951;0.2253245;3.218423;
ShoulderLeft;0.5146109;0.2462774;3.030203;
ElbowRight;0.4215617;0.1573198;3.261638;
ElbowLeft;0.4976443;-0.02647515;2.915821;
WristRight;0.3950538;-0.06536357;3.250209;
WristLeft;0.5848116;-0.2747727;2.904348;
HandRight;0.3977932;-0.1433884;3.261472;
HandLeft;0.5658779;-0.3144306;2.851517;
Spine;0.537021;-0.02383372;3.151514;
HipCenter;0.5777852;-0.1011761;3.109435;
HipRight;0.6088377;-0.1466435;3.147279;
HipLeft;0.5437598;-0.1689025;3.057991;
KneeRight;0.5266308;-0.6844476;3.161643;
KneeLeft;0.6591467;-0.6089433;3.050942;
AnkleRight;0.5456184;-1.054781;3.089633;
AnkleLeft;0.4272072;-0.8907884;3.026383;
FootRight;0.6085448;-1.093091;3.031462;
FootLeft;0.5043514;-0.9628853;3.048826;
Head;0.5991468;0.5798203;3.228076;
ShoulderCenter;0.6007094;0.3890871;3.155874;
ShoulderRight;0.709671;0.2230244;3.215724;
ShoulderLeft;0.5264062;0.2487597;3.029442;
ElbowRight;0.4402235;0.1547374;3.259238;
ElbowLeft;0.5179287;-0.02070587;2.915281;
WristRight;0.4148297;-0.06766365;3.247505;
WristLeft;0.5775019;-0.2409424;2.877233;
HandRight;0.417569;-0.1456885;3.258767;
HandLeft;0.566741;-0.3069625;2.858559;
Spine;0.566085;-0.01865238;3.154773;
HipCenter;0.60658;-0.09382366;3.112662;
HipRight;0.6466508;-0.1414852;3.152974;
HipLeft;0.5688341;-0.1645968;3.059054;
KneeRight;0.5812657;-0.6732199;3.159194;
KneeLeft;0.7886639;-0.5957362;3.024816;
AnkleRight;0.6027964;-1.044067;3.074494;
AnkleLeft;0.4761623;-0.8965566;3.076163;
FootRight;0.664418;-1.082168;3.014622;
FootLeft;0.5004128;-0.9976128;3.105859;
Head;0.6601734;0.5729573;3.237742;
ShoulderCenter;0.6472813;0.3849256;3.15174;
ShoulderRight;0.7562429;0.2188629;3.211589;
ShoulderLeft;0.5802463;0.2393902;3.035453;
ElbowRight;0.487217;0.1506826;3.254985;
ElbowLeft;0.5468614;-0.02896327;2.914046;
WristRight;0.4614017;-0.07182516;3.243365;
WristLeft;0.5796614;-0.2413356;2.876554;
HandRight;0.464141;-0.1498501;3.254627;
HandLeft;0.5664237;-0.3128567;2.854449;
Spine;0.6086673;-0.06985863;3.1437;
HipCenter;0.6476246;-0.1549994;3.099514;
HipRight;0.6914478;-0.1913009;3.095876;
HipLeft;0.6036311;-0.1985867;3.093225;
KneeRight;0.5833398;-0.6724192;3.162833;
KneeLeft;0.7812886;-0.5809927;3.044897;
AnkleRight;0.5373298;-1.05017;3.147966;
AnkleLeft;0.5110383;-0.9188962;3.105551;
FootRight;0.5986896;-1.088614;3.087203;
FootLeft;0.5186576;-1.025007;3.127891;
Head;0.6952847;0.5702735;3.248489;
ShoulderCenter;0.6767135;0.3832466;3.15889;
ShoulderRight;0.785675;0.2171839;3.218739;
ShoulderLeft;0.6152244;0.2401975;3.033718;
ElbowRight;0.5156772;0.1487574;3.2624;
ElbowLeft;0.5727133;-0.02217729;2.916497;
WristRight;0.4908338;-0.07350413;3.250517;
WristLeft;0.5830837;-0.2437801;2.871832;
HandRight;0.4935731;-0.151529;3.261779;
HandLeft;0.5688024;-0.3149851;2.851232;
Spine;0.64182;-0.068302;3.145392;
HipCenter;0.6840736;-0.1519155;3.102139;
HipRight;0.7267136;-0.1885057;3.102872;
HipLeft;0.6436331;-0.1937864;3.090574;
KneeRight;0.5905446;-0.67057;3.168908;
KneeLeft;0.9011405;-0.5258759;3.04086;
AnkleRight;0.5337325;-1.045121;3.14707;
AnkleLeft;0.8592789;-0.966643;3.004022;
FootRight;0.6093083;-1.08927;3.211706;
FootLeft;0.9232984;-1.004804;2.945739;
Head;0.7156467;0.5594311;3.251839;
ShoulderCenter;0.7305357;0.3729167;3.157811;
ShoulderRight;0.8394973;0.206854;3.21766;
ShoulderLeft;0.6548914;0.227384;3.03866;
ElbowRight;0.5686382;0.1382093;3.261556;
ElbowLeft;0.6027775;-0.02439601;2.915962;
WristRight;0.544656;-0.08383399;3.249442;
WristLeft;0.6008236;-0.2339359;2.859994;
HandRight;0.5473953;-0.1618589;3.260704;
HandLeft;0.5798302;-0.3084631;2.843109;
Spine;0.6639422;-0.08443355;3.146251;
HipCenter;0.6991124;-0.1719178;3.100338;
HipRight;0.751605;-0.2286195;3.094184;
HipLeft;0.6484792;-0.2017081;3.092256;
KneeRight;0.6038779;-0.6607711;3.178671;
KneeLeft;0.8789403;-0.5444757;3.094812;
AnkleRight;0.5353721;-1.041373;3.145316;
AnkleLeft;0.9704907;-0.9716635;2.99581;
FootRight;0.624674;-1.081883;3.19267;
FootLeft;1.030524;-1.011143;2.934134;
Head;0.7824699;0.5574338;3.215023;
ShoulderCenter;0.7578201;0.3654131;3.161285;
ShoulderRight;0.8667817;0.1993504;3.221134;
ShoulderLeft;0.6905423;0.2240563;3.037234;
ElbowRight;0.5951122;0.1305003;3.265265;
ElbowLeft;0.6452641;-0.02625957;2.9142;
WristRight;0.5719404;-0.09133764;3.252939;
WristLeft;0.6247149;-0.2274545;2.828782;
HandRight;0.5746797;-0.1693625;3.264201;
HandLeft;0.6011414;-0.3174517;2.827016;
Spine;0.6919139;-0.09078392;3.150321;
HipCenter;0.7257349;-0.178517;3.105939;
HipRight;0.7713739;-0.2287299;3.091785;
HipLeft;0.6764534;-0.2131811;3.111214;
KneeRight;0.6136529;-0.658693;3.183223;
KneeLeft;0.9144095;-0.5508188;3.10392;
AnkleRight;0.5428675;-1.04048;3.147316;
AnkleLeft;1.055202;-0.9590225;2.980318;
FootRight;0.6306397;-1.083912;3.195114;
FootLeft;1.117393;-0.9988075;2.920916;
Head;0.7719238;0.5515227;3.205272;
ShoulderCenter;0.8117521;0.3619629;3.172962;
ShoulderRight;0.9207137;0.1959002;3.232812;
ShoulderLeft;0.7356202;0.2253322;3.044936;
ElbowRight;0.7678728;0.05442868;3.002539;
ElbowLeft;0.6824161;0.008957117;2.912243;
WristRight;0.6915298;-0.2042731;2.882874;
WristLeft;0.6663072;-0.1958549;2.837877;
HandRight;0.6373173;-0.2729254;2.851195;
HandLeft;0.6387403;-0.2828862;2.819952;
Spine;0.7283366;-0.0969656;3.152606;
HipCenter;0.7594705;-0.1861896;3.106226;
HipRight;0.7946058;-0.229965;3.097761;
HipLeft;0.7190492;-0.2266555;3.100402;
KneeRight;0.6328279;-0.6581749;3.188826;
KneeLeft;0.9459734;-0.5714436;3.088641;
AnkleRight;0.5523012;-1.037824;3.149549;
AnkleLeft;1.072804;-0.9917579;3.003251;
FootRight;0.6289714;-1.081855;3.213393;
FootLeft;1.134089;-1.031902;2.943039;
Head;0.8457197;0.4961503;3.215616;
ShoulderCenter;0.8538044;0.3022364;3.167006;
ShoulderRight;0.962766;0.1361737;3.226855;
ShoulderLeft;0.7787381;0.2171842;3.053179;
ElbowRight;0.8070902;-0.006994754;3.000972;
ElbowLeft;0.7158371;-0.02147886;2.91575;
WristRight;0.6868134;-0.2290287;2.846126;
WristLeft;0.6884919;-0.2198732;2.827183;
HandRight;0.6679282;-0.2922989;2.827209;
HandLeft;0.6777122;-0.311382;2.815127;
Spine;0.7743045;-0.1203443;3.147569;
HipCenter;0.8028624;-0.201224;3.100114;
HipRight;0.8430493;-0.2485671;3.087225;
HipLeft;0.7512861;-0.241093;3.098437;
KneeRight;0.654088;-0.6830093;3.196693;
KneeLeft;0.9741517;-0.5878929;3.093244;
AnkleRight;0.5550697;-1.037435;3.15046;
AnkleLeft;1.153944;-0.9846116;2.989089;
FootRight;0.6310871;-1.082189;3.214536;
FootLeft;1.213774;-1.024412;2.927243;
Head;0.8983116;0.5463074;3.270453;
ShoulderCenter;0.9028469;0.3578692;3.178377;
ShoulderRight;1.011809;0.1918065;3.238226;
ShoulderLeft;0.8158264;0.2159417;3.0554;
ElbowRight;0.8991551;0.01417583;3.072322;
ElbowLeft;0.7544312;-0.0390364;2.909475;
WristRight;0.7639812;-0.1796411;2.892112;
WristLeft;0.7517002;-0.2463905;2.845371;
HandRight;0.7260159;-0.2515134;2.847065;
HandLeft;0.7150389;-0.326839;2.816733;
Spine;0.8212963;-0.1016746;3.150728;
HipCenter;0.8493314;-0.1901192;3.10067;
HipRight;0.8870879;-0.2341341;3.086567;
HipLeft;0.8037764;-0.2321277;3.100269;
KneeRight;0.9553811;-0.6870066;3.067853;
KneeLeft;1.035887;-0.5717331;3.085474;
AnkleRight;0.6321347;-0.973578;3.129845;
AnkleLeft;1.193595;-0.9769287;2.979028;
FootRight;0.6661062;-1.048859;3.201171;
FootLeft;1.252622;-1.016443;2.916107;
Head;0.9279872;0.5522197;3.221466;
ShoulderCenter;0.9317437;0.3576536;3.181726;
ShoulderRight;1.040705;0.1915909;3.241575;
ShoulderLeft;0.8504384;0.2158819;3.057908;
ElbowRight;0.8854036;0.04876667;3.016099;
ElbowLeft;0.813774;-0.02020976;2.920772;
WristRight;0.7903667;-0.1890493;2.869408;
WristLeft;0.7900438;-0.2185084;2.832145;
HandRight;0.7502625;-0.341436;2.809789;
HandLeft;0.77143;-0.3069129;2.810376;
Spine;0.843173;-0.09810698;3.154758;
HipCenter;0.8722245;-0.1864055;3.105639;
HipRight;0.9141704;-0.2335078;3.08666;
HipLeft;0.8215732;-0.227925;3.109191;
KneeRight;1.026625;-0.6822664;3.047155;
KneeLeft;1.054965;-0.565943;3.084827;
AnkleRight;0.7017343;-0.9525331;3.144366;
AnkleLeft;1.217985;-0.9682388;2.976351;
FootRight;0.7223845;-1.036357;3.211708;
FootLeft;1.278076;-1.008283;2.914302;
Head;0.9836147;0.5591708;3.246071;
ShoulderCenter;0.9867164;0.3650136;3.18488;
ShoulderRight;1.095678;0.1989509;3.244729;
ShoulderLeft;0.9106876;0.2240111;3.062058;
ElbowRight;0.9405755;0.05630991;3.019468;
ElbowLeft;0.8554327;-0.02976835;2.922673;
WristRight;0.8571193;-0.1962553;2.895074;
WristLeft;0.8598056;-0.239041;2.870588;
HandRight;0.8340897;-0.2802761;2.862567;
HandLeft;0.8490707;-0.3018275;2.844774;
Spine;0.8969347;-0.097545;3.156614;
HipCenter;0.9257929;-0.1873578;3.107601;
HipRight;0.9643685;-0.2311868;3.089945;
HipLeft;0.8778836;-0.2281559;3.111111;
KneeRight;1.004709;-0.6801513;3.068438;
KneeLeft;1.089703;-0.5793744;3.085173;
AnkleRight;0.6815211;-0.954946;3.158689;
AnkleLeft;1.163925;-1.010913;3.004869;
FootRight;0.6635112;-1.051556;3.207829;
FootLeft;1.250715;-1.07256;2.977668;
Head;1.010959;0.5621364;3.235117;
ShoulderCenter;1.012809;0.3671144;3.183664;
ShoulderRight;1.12177;0.2010517;3.243513;
ShoulderLeft;0.9296369;0.2227043;3.06024;
ElbowRight;1.010601;0.007735014;3.032834;
ElbowLeft;0.9082527;-0.04104856;2.91883;
WristRight;0.9468258;-0.2509319;2.910273;
WristLeft;0.9223763;-0.2925144;2.867854;
HandRight;0.9238126;-0.3348928;2.877789;
HandLeft;0.9000415;-0.3573943;2.864894;
Spine;0.9523206;-0.08652672;3.156306;
HipCenter;0.9842801;-0.1717509;3.107011;
HipRight;1.023839;-0.2233688;3.090295;
HipLeft;0.9384939;-0.2074772;3.108962;
KneeRight;1.059447;-0.6995242;3.062618;
KneeLeft;1.18282;-0.5352942;3.07219;
AnkleRight;0.7113963;-0.9400468;3.155636;
AnkleLeft;1.208959;-0.9735229;3.006714;
FootRight;0.7118456;-1.036083;3.210504;
FootLeft;1.263456;-1.065506;2.97838;
Head;1.037223;0.5637261;3.240721;
ShoulderCenter;1.052842;0.3697309;3.178819;
ShoulderRight;1.161803;0.2036682;3.238668;
ShoulderLeft;0.9889045;0.2211576;3.053857;
ElbowRight;1.164438;-0.01297413;3.073596;
ElbowLeft;0.9616448;-0.04745819;2.924372;
WristRight;1.165316;-0.228717;3.05466;
WristLeft;0.9894447;-0.3047254;2.865037;
HandRight;1.142359;-0.312475;3.022255;
HandLeft;0.9753257;-0.3652679;2.836236;
Spine;0.9725016;-0.08454029;3.153649;
HipCenter;1.006299;-0.1722278;3.106875;
HipRight;1.04149;-0.223632;3.087727;
HipLeft;0.9658021;-0.2066088;3.11272;
KneeRight;1.12242;-0.6865859;3.017507;
KneeLeft;1.224531;-0.5223573;3.08224;
AnkleRight;0.807153;-0.9401785;3.161126;
AnkleLeft;1.221841;-0.960435;3.010381;
FootRight;0.8710119;-0.9806198;3.101417;
FootLeft;1.2857;-1.000876;2.950671;
Head;1.061097;0.5647323;3.229566;
ShoulderCenter;1.084701;0.3706985;3.17464;
ShoulderRight;1.193663;0.2046358;3.234489;
ShoulderLeft;1.01308;0.226375;3.053139;
ElbowRight;1.243448;-0.07564095;3.163129;
ElbowLeft;1.017004;-0.04344359;2.923743;
WristRight;1.256153;-0.357962;3.134273;
WristLeft;1.074612;-0.2788593;2.879318;
HandRight;1.233145;-0.4419005;3.101798;
HandLeft;1.075178;-0.365645;2.873242;
Spine;1.00541;-0.07026424;3.153206;
HipCenter;1.036693;-0.1553502;3.105941;
HipRight;1.076766;-0.2045141;3.076384;
HipLeft;0.9874245;-0.1968343;3.119022;
KneeRight;1.125314;-0.6859013;3.018801;
KneeLeft;0.9351356;-0.6046919;3.200571;
AnkleRight;0.8129172;-0.9293718;3.180702;
AnkleLeft;1.129691;-0.9716665;3.026002;
FootRight;0.7941086;-1.003835;3.238099;
FootLeft;1.191834;-1.012145;2.964292;
Head;1.139021;0.5724714;3.189127;
ShoulderCenter;1.137788;0.3781262;3.169804;
ShoulderRight;1.246749;0.2120635;3.229653;
ShoulderLeft;1.058085;0.2345872;3.062132;
ElbowRight;1.28731;-0.06957495;3.159245;
ElbowLeft;1.07589;-0.03233591;2.92732;
WristRight;1.297698;-0.3513564;3.13073;
WristLeft;1.16557;-0.2635489;2.883752;
HandRight;1.274665;-0.4353899;3.098218;
HandLeft;1.178182;-0.3275193;2.861983;
Spine;1.012556;-0.05956612;3.150393;
HipCenter;1.037347;-0.1466349;3.099854;
HipRight;1.072839;-0.1990198;3.069858;
HipLeft;0.9886292;-0.1872855;3.113369;
KneeRight;1.125761;-0.6842554;3.043407;
KneeLeft;0.963958;-0.6082187;3.203654;
AnkleRight;0.8924794;-0.9236864;3.174283;
AnkleLeft;1.140934;-0.9819006;3.020515;
FootRight;0.8759381;-0.9963828;3.23029;
FootLeft;1.237602;-1.0365;3.022265;
Head;1.135398;0.582732;3.209038;
ShoulderCenter;1.161674;0.3887034;3.176059;
ShoulderRight;1.270636;0.2226407;3.235908;
ShoulderLeft;1.11038;0.2475009;3.037113;
ElbowRight;1.244242;-5.441904E-05;3.027171;
ElbowLeft;1.13534;-0.02605863;2.924276;
WristRight;1.232407;-0.2598693;2.890668;
WristLeft;1.222252;-0.2121973;2.856199;
HandRight;1.255497;-0.3201656;2.867292;
HandLeft;1.242334;-0.3023522;2.84621;
Spine;1.057047;-0.04672461;3.135531;
HipCenter;1.086222;-0.1339089;3.088938;
HipRight;1.113198;-0.1874935;3.048039;
HipLeft;1.042035;-0.1810209;3.110542;
KneeRight;1.157099;-0.6734037;3.027283;
KneeLeft;1.000621;-0.6102068;3.20504;
AnkleRight;1.098549;-0.9939017;2.979879;
AnkleLeft;1.150537;-0.9934164;3.015615;
FootRight;1.121029;-1.07313;2.979031;
FootLeft;1.24333;-1.051254;2.994156;
Head;1.20392;0.5900933;3.245076;
ShoulderCenter;1.198511;0.3953951;3.175381;
ShoulderRight;1.307473;0.2293324;3.23523;
ShoulderLeft;1.122009;0.2529177;3.041777;
ElbowRight;1.288185;0.004756287;3.028419;
ElbowLeft;1.191405;-0.01015106;2.9216;
WristRight;1.281177;-0.245561;2.873623;
WristLeft;1.284421;-0.1894538;2.842315;
HandRight;1.293999;-0.2999209;2.833592;
HandLeft;1.304517;-0.2796725;2.832319;
Spine;1.099957;-0.0547359;3.144261;
HipCenter;1.130358;-0.1434929;3.096187;
HipRight;1.178521;-0.2270418;3.011505;
HipLeft;1.067792;-0.1990727;3.157537;
KneeRight;1.176252;-0.6711838;3.013452;
KneeLeft;1.111171;-0.6667621;3.114699;
AnkleRight;1.100867;-0.9882398;2.979113;
AnkleLeft;1.168407;-1.045385;2.995269;
FootRight;1.136392;-1.064221;2.974181;
FootLeft;1.2731;-1.083143;2.984585;
Head;1.265219;0.5950069;3.208127;
ShoulderCenter;1.226366;0.4034649;3.185269;
ShoulderRight;1.335327;0.2374021;3.245118;
ShoulderLeft;1.15335;0.2583131;3.047389;
ElbowRight;1.332731;0.01651874;3.03305;
ElbowLeft;1.241245;0.004003257;2.919298;
WristRight;1.348066;-0.2268688;2.867542;
WristLeft;1.34863;-0.175124;2.86904;
HandRight;1.361972;-0.2943769;2.869096;
HandLeft;1.381469;-0.2573385;2.839668;
Spine;1.136726;-0.04742128;3.139847;
HipCenter;1.167487;-0.1340066;3.089469;
HipRight;1.208703;-0.1838665;3.043336;
HipLeft;1.124164;-0.186492;3.111484;
KneeRight;1.184966;-0.6693113;3.012866;
KneeLeft;1.124635;-0.7349466;3.158263;
AnkleRight;1.121983;-0.9872167;2.957254;
AnkleLeft;1.169565;-1.023586;2.985961;
FootRight;1.204282;-1.062862;2.961906;
FootLeft;1.270523;-1.070704;2.996186;
Head;1.3419;0.5904181;3.218584;
ShoulderCenter;1.28341;0.4027836;3.185225;
ShoulderRight;1.266693;0.2916591;3.022913;
ShoulderLeft;1.18585;0.2619304;3.05336;
ElbowRight;1.345796;0.03082907;2.905793;
ElbowLeft;1.286835;0.01651405;2.916423;
WristRight;1.378097;-0.2379798;2.851242;
WristLeft;1.422459;-0.1950101;2.843619;
HandRight;1.430413;-0.2958255;2.855942;
HandLeft;1.454565;-0.2699288;2.84472;
Spine;1.237632;-0.04700609;3.151182;
HipCenter;1.200655;-0.1208304;3.089952;
HipRight;1.211489;-0.1790846;3.034546;
HipLeft;1.182357;-0.1744924;3.13253;
KneeRight;1.229211;-0.6227172;2.990858;
KneeLeft;1.177461;-0.6625076;3.055682;
AnkleRight;1.129257;-0.9765842;2.95183;
AnkleLeft;1.16733;-1.044338;2.992115;
FootRight;1.21536;-1.048096;2.950784;
FootLeft;1.273451;-1.079304;2.99878;
Head;1.457844;0.5229666;3.220201;
ShoulderCenter;1.301305;0.4036902;3.190322;
ShoulderRight;1.297166;0.2310716;2.99158;
ShoulderLeft;1.223549;0.2675972;3.067482;
ElbowRight;1.400068;-0.02421105;2.87955;
ElbowLeft;1.335773;0.03725639;2.907869;
WristRight;1.482823;-0.2197844;2.865296;
WristLeft;1.469974;-0.1672625;2.872376;
HandRight;1.525837;-0.3014106;2.880914;
HandLeft;1.514846;-0.2489935;2.880347;
Spine;1.271931;-0.05278509;3.147994;
HipCenter;1.223943;-0.1280848;3.094326;
HipRight;1.233718;-0.1915652;3.020309;
HipLeft;1.201159;-0.1874166;3.145136;
KneeRight;1.429916;-0.6633202;3.15262;
KneeLeft;1.175501;-0.6134907;3.095901;
AnkleRight;1.225972;-1.022592;3.006514;
AnkleLeft;1.165343;-1.044312;2.991429;
FootRight;1.167992;-1.060648;2.937617;
FootLeft;1.251884;-1.08363;2.980762;
Head;1.469362;0.5556566;3.229087;
ShoulderCenter;1.353181;0.3957908;3.183654;
ShoulderRight;1.309006;0.2718218;2.993907;
ShoulderLeft;1.255847;0.2629368;3.052447;
ElbowRight;1.435822;0.02421567;2.893204;
ElbowLeft;1.374725;0.02915707;2.905941;
WristRight;1.5538;-0.2022632;2.894059;
WristLeft;1.527789;-0.1636303;2.889885;
HandRight;1.578527;-0.266612;2.890544;
HandLeft;1.568146;-0.2370234;2.889632;
Spine;1.320018;-0.05957181;3.137623;
HipCenter;1.263844;-0.1337431;3.090237;
HipRight;1.259588;-0.1922698;3.016807;
HipLeft;1.246213;-0.1928145;3.140326;
KneeRight;1.46067;-0.681394;3.162194;
KneeLeft;1.253141;-0.678382;3.041868;
AnkleRight;1.469984;-1.050747;3.170221;
AnkleLeft;1.17016;-1.046864;2.992333;
FootRight;1.491043;-1.100882;3.094576;
FootLeft;1.102348;-1.085367;2.932595;
Head;1.486031;0.5607036;3.206975;
ShoulderCenter;1.381985;0.3934101;3.17976;
ShoulderRight;1.347257;0.2708181;2.992299;
ShoulderLeft;1.298306;0.2644525;3.063856;
ElbowRight;1.454127;0.01219901;2.899717;
ElbowLeft;1.41106;0.03208855;2.909456;
WristRight;1.58036;-0.1595351;2.895212;
WristLeft;1.560359;-0.1184032;2.892656;
HandRight;1.575581;-0.2244282;2.872343;
HandLeft;1.58907;-0.207006;2.886948;
Spine;1.354981;-0.04919766;3.137916;
HipCenter;1.296572;-0.1214429;3.098048;
HipRight;1.295387;-0.1927763;3.012438;
HipLeft;1.271541;-0.1888314;3.156506;
KneeRight;1.484655;-0.6885039;3.157001;
KneeLeft;1.247967;-0.6781324;3.033922;
AnkleRight;1.534723;-1.005808;3.175264;
AnkleLeft;1.170377;-1.047359;2.991778;
FootRight;1.488871;-1.094188;3.120668;
FootLeft;1.09531;-1.086329;2.940824;
Head;1.468094;0.5751118;3.206769;
ShoulderCenter;1.428018;0.3817326;3.178503;
ShoulderRight;1.403708;0.190612;2.975049;
ShoulderLeft;1.326931;0.2519925;3.097868;
ElbowRight;1.541687;-0.0573575;2.910095;
ElbowLeft;1.4606;0.0545962;2.907337;
WristRight;1.677087;-0.2200797;2.914109;
WristLeft;1.581424;-0.1199047;2.880833;
HandRight;1.672315;-0.2848732;2.891276;
HandLeft;1.583736;-0.1251796;2.893965;
Spine;1.386124;-0.06059997;3.151567;
HipCenter;1.327154;-0.1323768;3.10955;
HipRight;1.338945;-0.2253193;3.021983;
HipLeft;1.291421;-0.1957733;3.171482;
KneeRight;1.537735;-0.6633444;3.171629;
KneeLeft;1.25455;-0.6816945;3.028043;
AnkleRight;1.634905;-1.027052;3.206541;
AnkleLeft;1.170128;-1.047625;2.991471;
FootRight;1.641653;-1.096174;3.15962;
FootLeft;1.099696;-1.086355;2.934354;
Head;1.530037;0.5632169;3.216342;
ShoulderCenter;1.466543;0.3754342;3.172927;
ShoulderRight;1.44024;0.2292357;3.002871;
ShoulderLeft;1.385212;0.2413238;3.063491;
ElbowRight;1.542077;-0.03199005;2.911354;
ElbowLeft;1.50419;0.0172577;2.90568;
WristRight;1.617347;-0.2250701;2.850521;
WristLeft;1.625188;-0.1569902;2.896416;
HandRight;1.635594;-0.2718771;2.839435;
HandLeft;1.66552;-0.2150728;2.898362;
Spine;1.427453;-0.06868711;3.155885;
HipCenter;1.373221;-0.1424472;3.111021;
HipRight;1.365088;-0.2294338;3.021053;
HipLeft;1.346198;-0.2045472;3.179243;
KneeRight;1.552004;-0.7152599;3.161137;
KneeLeft;1.27442;-0.6865497;3.018763;
AnkleRight;1.683994;-1.006534;3.18428;
AnkleLeft;1.170303;-1.047932;2.991394;
FootRight;1.673335;-1.089967;3.238117;
FootLeft;1.249415;-1.084303;2.967966;
Head;1.514881;0.5671489;3.202788;
ShoulderCenter;1.501333;0.3704412;3.179;
ShoulderRight;1.552023;0.1578569;2.98494;
ShoulderLeft;1.391849;0.2120951;3.127495;
ElbowRight;1.573525;-0.04851136;2.911796;
ElbowLeft;1.519945;0.05662604;2.922935;
WristRight;1.600198;-0.3045236;2.842685;
WristLeft;1.682256;-0.07730424;2.933665;
HandRight;1.607825;-0.3777217;2.827234;
HandLeft;1.73636;-0.1219477;2.942265;
Spine;1.452304;-0.06938771;3.161681;
HipCenter;1.402697;-0.141504;3.111079;
HipRight;1.43536;-0.2239491;3.020656;
HipLeft;1.350353;-0.2090148;3.177809;
KneeRight;1.596881;-0.714804;3.163643;
KneeLeft;1.302152;-0.684452;3.021826;
AnkleRight;1.704958;-1.013852;3.192723;
AnkleLeft;1.173914;-1.043415;2.987704;
FootRight;1.649773;-1.052228;3.120388;
FootLeft;1.118729;-1.08179;2.915369;
Head;1.59015;0.5545211;3.230552;
ShoulderCenter;1.522087;0.368205;3.182818;
ShoulderRight;1.505858;0.1946813;3.013875;
ShoulderLeft;1.461823;0.2305717;3.064037;
ElbowRight;1.585028;-0.02680321;2.937084;
ElbowLeft;1.531401;0.04762147;2.928475;
WristRight;1.662501;-0.2435406;2.87582;
WristLeft;1.692536;-0.0875822;2.938443;
HandRight;1.687302;-0.3129207;2.861033;
HandLeft;1.746248;-0.1326501;2.94679;
Spine;1.488759;-0.07070644;3.168714;
HipCenter;1.438828;-0.1441693;3.121325;
HipRight;1.438267;-0.2200698;3.027077;
HipLeft;1.421653;-0.2154044;3.18796;
KneeRight;1.638798;-0.7141206;3.179409;
KneeLeft;1.323101;-0.6999677;3.018746;
AnkleRight;1.712281;-1.025211;3.192471;
AnkleLeft;1.183728;-1.033585;2.990776;
FootRight;1.652287;-1.063954;3.123914;
FootLeft;1.123734;-1.072328;2.922219;
Head;1.545865;0.5684885;3.238342;
ShoulderCenter;1.575044;0.372095;3.194757;
ShoulderRight;1.556899;0.23622;3.029547;
ShoulderLeft;1.49287;0.2338807;3.079182;
ElbowRight;1.600204;-0.01237307;2.952742;
ElbowLeft;1.557446;0.04125395;2.947579;
WristRight;1.636943;-0.2232779;2.89762;
WristLeft;1.717765;-0.09495963;2.956681;
HandRight;1.649616;-0.2960277;2.88381;
HandLeft;1.771204;-0.1403642;2.964744;
Spine;1.532148;-0.07770056;3.170964;
HipCenter;1.483018;-0.1516192;3.119083;
HipRight;1.487791;-0.2103088;3.040799;
HipLeft;1.455547;-0.2181964;3.177403;
KneeRight;1.655814;-0.7208823;3.177054;
KneeLeft;1.371531;-0.690115;3.013053;
AnkleRight;1.718465;-1.034419;3.184078;
AnkleLeft;1.19156;-1.028549;2.998082;
FootRight;1.655984;-1.093675;3.147516;
FootLeft;1.136107;-1.067039;2.925642;
Head;1.733966;0.5405929;3.248526;
ShoulderCenter;1.624277;0.3749239;3.204881;
ShoulderRight;1.576789;0.2346499;3.03854;
ShoulderLeft;1.535632;0.2432967;3.108923;
ElbowRight;1.605039;0.03449655;2.946526;
ElbowLeft;1.579823;-0.004498488;2.980083;
WristRight;1.640109;-0.2139764;2.853996;
WristLeft;1.739934;-0.1405968;2.989302;
HandRight;1.650137;-0.2850269;2.831856;
HandLeft;1.793304;-0.185963;2.997409;
Spine;1.585852;-0.08580612;3.15745;
HipCenter;1.524248;-0.1611812;3.117702;
HipRight;1.527166;-0.2063235;3.054133;
HipLeft;1.506878;-0.2175349;3.160792;
KneeRight;1.674187;-0.7211685;3.158441;
KneeLeft;1.422355;-0.6901976;3.010478;
AnkleRight;1.713796;-1.034037;3.18908;
AnkleLeft;1.238879;-0.9758216;3.007061;
FootRight;1.625626;-1.072917;3.128397;
FootLeft;1.162343;-1.014924;2.957878;
Head;1.746098;0.5536693;3.258088;
ShoulderCenter;1.654015;0.3776251;3.220806;
ShoulderRight;1.596404;0.2216893;3.042104;
ShoulderLeft;1.560039;0.2448738;3.112964;
ElbowRight;1.613111;0.02209602;2.94505;
ElbowLeft;1.587153;-0.01377852;3.009423;
WristRight;1.633861;-0.2257855;2.846239;
WristLeft;1.747101;-0.149739;3.01861;
HandRight;1.639794;-0.2966719;2.822303;
HandLeft;1.800418;-0.1950591;3.026709;
Spine;1.6103;-0.04130481;3.205254;
HipCenter;1.545218;-0.1084028;3.171398;
HipRight;1.529031;-0.2018807;3.060645;
HipLeft;1.519229;-0.1879383;3.249279;
KneeRight;1.685245;-0.6875686;3.166524;
KneeLeft;1.476709;-0.7039055;3.01685;
AnkleRight;1.786728;-1.003093;3.215466;
AnkleLeft;1.261106;-0.9398896;3.006439;
FootRight;1.709951;-1.042169;3.166844;
FootLeft;1.184329;-0.978965;2.957818;
Head;1.743783;0.5674419;3.24163;
ShoulderCenter;1.6759;0.3842369;3.234322;
ShoulderRight;1.60804;0.2582181;3.07953;
ShoulderLeft;1.585758;0.2460535;3.130429;
ElbowRight;1.647124;0.02883549;2.96242;
ElbowLeft;1.600688;-0.01752451;3.027561;
WristRight;1.68251;-0.1788382;2.868137;
WristLeft;1.705084;-0.1996891;3.036145;
HandRight;1.694305;-0.2480628;2.841747;
HandLeft;1.723863;-0.2199146;3.038297;
Spine;1.625797;-0.04208478;3.208481;
HipCenter;1.555914;-0.1095845;3.185277;
HipRight;1.556959;-0.1471453;3.228434;
HipLeft;1.550486;-0.1522606;3.151761;
KneeRight;1.701559;-0.6555989;3.204288;
KneeLeft;1.493476;-0.6997437;3.023175;
AnkleRight;1.793453;-0.9787229;3.168883;
AnkleLeft;1.323943;-0.9700028;3.01208;
FootRight;1.708806;-1.018208;3.136292;
FootLeft;1.239297;-1.009488;2.97949;
Head;1.76949;0.559396;3.2594;
ShoulderCenter;1.687384;0.3802485;3.241669;
ShoulderRight;1.613083;0.2544651;3.082779;
ShoulderLeft;1.620749;0.256591;3.164712;
ElbowRight;1.651675;0.05033274;3.014287;
ElbowLeft;1.627592;-0.01886684;3.058653;
WristRight;1.699509;-0.2026817;2.950999;
WristLeft;1.639716;-0.3039434;3.024741;
HandRight;1.713183;-0.2750121;2.937217;
HandLeft;1.689219;-0.4072815;3.031454;
Spine;1.656285;-0.04984328;3.227082;
HipCenter;1.582923;-0.1218957;3.232292;
HipRight;1.571967;-0.1539768;3.258512;
HipLeft;1.574775;-0.1582936;3.195545;
KneeRight;1.712137;-0.6587018;3.224021;
KneeLeft;1.582285;-0.6732677;3.063758;
AnkleRight;1.803089;-0.9862005;3.181829;
AnkleLeft;1.420542;-0.947605;3.015288;
FootRight;1.713111;-1.026558;3.188767;
FootLeft;1.330564;-0.9879628;3.022226;
Head;1.794199;0.5526361;3.252583;
ShoulderCenter;1.711621;0.3807316;3.26477;
ShoulderRight;1.634907;0.2528177;3.104127;
ShoulderLeft;1.649675;0.283549;3.218415;
ElbowRight;1.66486;-0.002524666;3.040265;
ElbowLeft;1.653931;0.02066776;3.077142;
WristRight;1.689518;-0.2127391;2.996978;
WristLeft;1.664803;-0.2647252;3.05669;
HandRight;1.69816;-0.2864121;2.987092;
HandLeft;1.715703;-0.4084222;3.064148;
Spine;1.674432;-0.05940291;3.240797;
HipCenter;1.6031;-0.1345309;3.245577;
HipRight;1.594658;-0.1511752;3.260784;
HipLeft;1.609633;-0.1545759;3.23694;
KneeRight;1.642571;-0.6329104;3.164958;
KneeLeft;1.607582;-0.6688042;3.07714;
AnkleRight;1.688855;-1.009702;3.145701;
AnkleLeft;1.535897;-0.9777524;3.015604;
FootRight;1.655563;-1.086975;3.143477;
FootLeft;1.445662;-1.018141;3.021255;
Head;1.839736;0.5273403;3.230633;
ShoulderCenter;1.729403;0.3900749;3.27907;
ShoulderRight;1.653594;0.2619633;3.119339;
ShoulderLeft;1.650364;0.2009087;3.330274;
ElbowRight;1.675906;0.03836476;3.078101;
ElbowLeft;1.668583;-0.03317101;3.137734;
WristRight;1.700478;-0.2078821;3.050204;
WristLeft;1.695613;-0.3165761;3.097625;
HandRight;1.707892;-0.2821795;3.046336;
HandLeft;1.745205;-0.4031888;3.105107;
Spine;1.718249;-0.06223916;3.275877;
HipCenter;1.648552;-0.143552;3.279579;
HipRight;1.639591;-0.2125408;3.200966;
HipLeft;1.635327;-0.2094929;3.353014;
KneeRight;1.684001;-0.6470523;3.211514;
KneeLeft;1.675012;-0.62871;3.267406;
AnkleRight;1.654061;-0.9753117;3.066631;
AnkleLeft;1.584908;-0.8948191;3.054123;
FootRight;1.584299;-1.062426;3.041917;
FootLeft;1.494431;-0.9359441;3.055713;
Head;1.734603;0.3391284;3.277349;
ShoulderCenter;1.69249;0.1538727;3.291478;
ShoulderRight;1.693611;0.1143671;3.193571;
ShoulderLeft;1.679766;0.1977738;3.356106;
ElbowRight;1.724191;-0.1184938;3.083176;
ElbowLeft;1.691465;-0.01620562;3.137696;
WristRight;1.75179;-0.3286553;2.995159;
WristLeft;1.702166;-0.301466;3.112462;
HandRight;1.76099;-0.3987091;2.970838;
HandLeft;1.751527;-0.405267;3.120126;
Spine;1.726651;-0.1504135;3.3254;
HipCenter;1.667337;-0.2071257;3.328103;
HipRight;1.667963;-0.2613518;3.270275;
HipLeft;1.65979;-0.2522192;3.391865;
KneeRight;1.704403;-0.6741222;3.226924;
KneeLeft;1.714458;-0.6561402;3.297016;
AnkleRight;1.670235;-0.9634835;3.096725;
AnkleLeft;1.619446;-0.8859847;3.090944;
FootRight;1.635647;-1.071691;3.108697;
FootLeft;1.530588;-0.9288993;3.079579;
Head;1.757041;0.2924662;3.366319;
ShoulderCenter;1.727665;0.05068266;3.437263;
ShoulderRight;1.728786;0.01117709;3.339356;
ShoulderLeft;1.718686;0.09418449;3.505197;
ElbowRight;1.714733;-0.1387609;3.161597;
ElbowLeft;1.723916;-0.04452352;3.225739;
WristRight;1.697342;-0.3243063;2.963123;
WristLeft;1.730833;-0.3274183;3.170022;
HandRight;1.692371;-0.3773349;2.910698;
HandLeft;1.781999;-0.5223466;3.161091;
Spine;1.755379;-0.2380802;3.366509;
HipCenter;1.695331;-0.2869297;3.347584;
HipRight;1.696338;-0.3206483;3.30126;
HipLeft;1.687325;-0.3262857;3.371242;
KneeRight;1.71669;-0.7313883;3.234323;
KneeLeft;1.743583;-0.732621;3.29669;
AnkleRight;1.714959;-0.9917499;3.154629;
AnkleLeft;1.631238;-0.8380877;3.107004;
FootRight;1.663908;-1.091505;3.171846;
FootLeft;1.657286;-0.9432701;3.143154;
Head;1.777821;0.3111796;3.372669;
ShoulderCenter;1.76041;0.1382604;3.424881;
ShoulderRight;1.757131;-0.009231647;3.277894;
ShoulderLeft;1.751431;0.1817622;3.492815;
ElbowRight;1.727781;-0.2015254;3.165671;
ElbowLeft;1.752683;-0.02483535;3.265565;
WristRight;1.691485;-0.4393161;3.048362;
WristLeft;1.746321;-0.3041471;3.189488;
HandRight;1.681113;-0.5072683;3.019136;
HandLeft;1.792422;-0.4655301;3.178658;
Spine;1.773296;-0.226899;3.363861;
HipCenter;1.70964;-0.2844983;3.344414;
HipRight;1.715668;-0.3237014;3.323218;
HipLeft;1.711563;-0.3255819;3.336947;
KneeRight;1.75293;-0.7293484;3.238108;
KneeLeft;1.757964;-0.7361147;3.309348;
AnkleRight;1.71996;-1.03997;3.151432;
AnkleLeft;1.654731;-0.8860615;3.099698;
FootRight;1.717095;-1.072943;3.229038;
FootLeft;1.687608;-0.965724;3.174546;
Head;1.828148;0.1521205;3.352241;
ShoulderCenter;1.808784;-0.02104258;3.403065;
ShoulderRight;1.774971;-0.009728431;3.286951;
ShoulderLeft;1.799805;0.02245924;3.470998;
ElbowRight;1.765202;-0.2336007;3.230632;
ElbowLeft;1.785372;-0.08208308;3.258652;
WristRight;1.918729;-0.3336516;3.3204;
WristLeft;1.779165;-0.367568;3.249343;
HandRight;1.969904;-0.367002;3.355334;
HandLeft;1.827147;-0.4466624;3.258315;
Spine;1.814797;-0.3398935;3.378592;
HipCenter;1.75036;-0.3940273;3.384545;
HipRight;1.747588;-0.4132267;3.382674;
HipLeft;1.750666;-0.3905749;3.384999;
KneeRight;1.788144;-0.8499447;3.347321;
KneeLeft;1.776993;-0.7901947;3.272251;
AnkleRight;1.689163;-1.04034;3.08477;
AnkleLeft;1.672635;-0.8399348;3.111956;
FootRight;1.720534;-1.055519;3.193207;
FootLeft;1.70075;-0.9430355;3.151364;
Head;1.854901;0.1394163;3.376906;
ShoulderCenter;1.835564;-0.03350123;3.427598;
ShoulderRight;1.815883;-0.02423315;3.32021;
ShoulderLeft;1.826584;0.01000059;3.495532;
ElbowRight;1.791981;-0.2460593;3.255168;
ElbowLeft;1.81217;-0.09441046;3.283417;
WristRight;1.945315;-0.3459847;3.344806;
WristLeft;1.805955;-0.379541;3.273878;
HandRight;1.996427;-0.3792931;3.379696;
HandLeft;1.853927;-0.4591211;3.282852;
Spine;1.858837;-0.3763261;3.376418;
HipCenter;1.796333;-0.4386137;3.372061;
HipRight;1.788729;-0.47727;3.319048;
HipLeft;1.795974;-0.4746384;3.411366;
KneeRight;1.804141;-0.8403138;3.340603;
KneeLeft;1.749571;-0.8445963;3.222158;
AnkleRight;1.730082;-0.9628875;3.181752;
AnkleLeft;1.682876;-0.9240793;3.096823;
FootRight;1.7182;-1.049924;3.190533;
FootLeft;1.714004;-1.012932;3.160511;
Head;1.815252;-0.5085453;3.239213;
ShoulderCenter;1.795942;-0.6812196;3.289932;
ShoulderRight;1.772483;-0.6701938;3.179082;
ShoulderLeft;1.786963;-0.6377177;3.357866;
ElbowRight;1.750498;-0.9144565;3.114644;
ElbowLeft;1.772566;-0.7420003;3.146083;
WristRight;1.730644;-1.135052;3.068025;
WristLeft;1.766344;-1.026784;3.13637;
HandRight;1.724025;-1.208584;3.057479;
HandLeft;1.814305;-1.106839;3.145347;
Spine;1.768768;-0.4424206;3.339401;
HipCenter;1.829536;-0.4019904;3.348926;
HipRight;1.82558;-0.3899769;3.347742;
HipLeft;1.83538;-0.3983086;3.352584;
KneeRight;1.826896;-0.8772584;3.265364;
KneeLeft;1.788271;-0.8064307;3.334263;
AnkleRight;1.745529;-1.006582;3.118121;
AnkleLeft;1.700935;-1.048561;3.121369;
FootRight;1.707004;-1.034836;3.187015;
FootLeft;1.733077;-0.9912484;3.173435;
