Floor;-0.02663833;0.9996355;0.004357785;1.069374;
Head;1.22322;0.6623135;3.299711;
ShoulderCenter;1.351849;0.4805645;3.277328;
ShoulderRight;1.374166;0.3554085;3.110704;
ShoulderLeft;1.282478;0.3327051;3.394102;
ElbowRight;1.389202;0.08997259;3.007241;
ElbowLeft;1.265618;0.05946353;3.394126;
WristRight;1.301383;-0.1685227;2.954194;
WristLeft;1.222838;-0.2116074;3.402884;
HandRight;1.258009;-0.2679937;2.938203;
HandLeft;1.200739;-0.2955472;3.414337;
Spine;1.287869;0.04822658;3.241348;
HipCenter;1.275073;-0.038241;3.238027;
HipRight;1.286985;-0.09204253;3.175783;
HipLeft;1.245726;-0.1022591;3.287745;
KneeRight;1.223628;-0.5741773;3.094027;
KneeLeft;1.256994;-0.7379921;3.216914;
AnkleRight;1.447881;-0.9023806;3.051194;
AnkleLeft;1.304474;-1.026631;3.15699;
FootRight;1.430323;-1.005072;3.053273;
FootLeft;1.249459;-1.047825;3.20655;
Head;1.209982;0.69785;3.288142;
ShoulderCenter;1.309076;0.4888204;3.24716;
ShoulderRight;1.353133;0.3607135;3.103135;
ShoulderLeft;1.251085;0.3517838;3.367933;
ElbowRight;1.371705;0.08273053;3.01228;
ElbowLeft;1.218176;0.03427604;3.42646;
WristRight;1.276189;-0.2052116;2.957812;
WristLeft;1.161964;-0.2104555;3.404536;
HandRight;1.257474;-0.2685515;2.937408;
HandLeft;1.117667;-0.2853214;3.39952;
Spine;1.257563;0.1202923;3.222141;
HipCenter;1.247261;0.04658667;3.220758;
HipRight;1.259843;-0.01241657;3.156692;
HipLeft;1.217555;-0.01691521;3.273407;
KneeRight;1.166336;-0.5958809;3.108417;
KneeLeft;1.31286;-0.5673742;3.226173;
AnkleRight;1.357495;-0.9744767;3.049911;
AnkleLeft;1.282254;-0.9875657;3.11413;
FootRight;1.327081;-1.033685;3.010373;
FootLeft;1.255059;-1.043744;3.198249;
Head;1.191692;0.6681915;3.323214;
ShoulderCenter;1.278022;0.4952594;3.245309;
ShoulderRight;1.314104;0.3657588;3.105966;
ShoulderLeft;1.22444;0.3842424;3.404272;
ElbowRight;1.356403;0.0860707;3.012853;
ElbowLeft;1.186834;0.07105741;3.416068;
WristRight;1.274405;-0.1976301;2.956325;
WristLeft;1.088407;-0.2002038;3.420318;
HandRight;1.256765;-0.2766304;2.936287;
HandLeft;1.053976;-0.2808439;3.414327;
Spine;1.219617;0.1117274;3.217521;
HipCenter;1.207114;0.03442456;3.215399;
HipRight;1.217232;-0.02520985;3.156984;
HipLeft;1.182892;-0.01778143;3.263864;
KneeRight;1.117075;-0.6289101;3.115117;
KneeLeft;1.289268;-0.6400086;3.226371;
AnkleRight;1.256086;-0.9898711;3.050159;
AnkleLeft;1.265534;-0.9786829;3.045222;
FootRight;1.195332;-1.045208;3.030238;
FootLeft;1.198562;-1.04547;3.10958;
Head;1.133762;0.6664425;3.251613;
ShoulderCenter;1.229577;0.4884365;3.228658;
ShoulderRight;1.272985;0.3629993;3.106983;
ShoulderLeft;1.165344;0.3426144;3.344043;
ElbowRight;1.327577;0.08914527;3.011407;
ElbowLeft;1.117261;0.03234938;3.419431;
WristRight;1.270854;-0.1970655;2.954567;
WristLeft;1.009415;-0.1937235;3.40635;
HandRight;1.255352;-0.2802309;2.935014;
HandLeft;0.9570237;-0.244425;3.397642;
Spine;1.186643;0.1119838;3.204702;
HipCenter;1.178233;0.03625486;3.203614;
HipRight;1.195074;-0.0193212;3.145522;
HipLeft;1.142689;-0.0253567;3.250185;
KneeRight;1.114527;-0.6363206;3.123183;
KneeLeft;1.238683;-0.6356757;3.231921;
AnkleRight;1.202975;-1.004447;3.083042;
AnkleLeft;1.301787;-0.9915539;3.145826;
FootRight;1.101004;-1.042975;3.042964;
FootLeft;1.206059;-1.0151;3.084419;
Head;1.127958;0.6775317;3.248592;
ShoulderCenter;1.205775;0.4843514;3.230458;
ShoulderRight;1.254969;0.3601236;3.105638;
ShoulderLeft;1.116176;0.3378723;3.371466;
ElbowRight;1.304223;0.08196315;3.013475;
ElbowLeft;1.081145;0.03879055;3.426538;
WristRight;1.265622;-0.2023251;2.949804;
WristLeft;0.9367007;-0.1785597;3.388892;
HandRight;1.246777;-0.2940982;2.934903;
HandLeft;0.8834707;-0.2232924;3.375364;
Spine;1.159239;0.1064741;3.184825;
HipCenter;1.148632;0.03054669;3.177232;
HipRight;1.17577;-0.01764085;3.128897;
HipLeft;1.110716;-0.02611898;3.20954;
KneeRight;0.9730901;-0.6136774;3.104217;
KneeLeft;1.096769;-0.6297745;3.159626;
AnkleRight;1.01664;-1.007359;3.036101;
AnkleLeft;0.9956043;-1.007467;3.048142;
FootRight;0.9206122;-1.065555;3.03863;
FootLeft;0.9168268;-1.048286;3.007322;
Head;1.074656;0.6833206;3.239211;
ShoulderCenter;1.151565;0.4845662;3.229455;
ShoulderRight;1.198964;0.3454935;3.104554;
ShoulderLeft;1.089673;0.3475541;3.369088;
ElbowRight;1.263099;0.06366467;3.011625;
ElbowLeft;1.038895;0.03777911;3.429563;
WristRight;1.243976;-0.2124148;2.942759;
WristLeft;0.8662997;-0.160873;3.368953;
HandRight;1.242793;-0.2966557;2.934218;
HandLeft;0.8149869;-0.2145049;3.357852;
Spine;1.114381;0.09053004;3.185811;
HipCenter;1.107966;0.01230539;3.180443;
HipRight;1.126838;-0.0447725;3.124479;
HipLeft;1.079438;-0.03990157;3.220195;
KneeRight;0.9466662;-0.5436111;3.115975;
KneeLeft;1.042507;-0.644944;3.151205;
AnkleRight;1.224281;-0.9076127;3.142457;
AnkleLeft;0.8903893;-1.01857;3.060718;
FootRight;1.239272;-1.015392;3.14565;
FootLeft;0.8117249;-1.065945;3.048983;
Head;1.060152;0.6814705;3.202435;
ShoulderCenter;1.104148;0.4747251;3.211416;
ShoulderRight;1.164501;0.3373324;3.102237;
ShoulderLeft;1.035719;0.3320551;3.344259;
ElbowRight;1.24255;0.05920674;3.014006;
ElbowLeft;0.9826603;0.04428177;3.41386;
WristRight;1.227893;-0.21794;2.944918;
WristLeft;0.8145591;-0.1363826;3.349243;
HandRight;1.221505;-0.3085442;2.938842;
HandLeft;0.7491835;-0.2051156;3.332928;
Spine;1.075749;0.09498451;3.177441;
HipCenter;1.068991;0.01891298;3.173721;
HipRight;1.091964;-0.04227132;3.111052;
HipLeft;1.033188;-0.04343447;3.222363;
KneeRight;1.197573;-0.6312091;3.225464;
KneeLeft;0.9898882;-0.6495998;3.145755;
AnkleRight;1.278539;-0.9758484;3.153149;
AnkleLeft;0.7830528;-1.016045;3.058147;
FootRight;1.241021;-1.045534;3.14753;
FootLeft;0.6860172;-1.055396;3.051401;
Head;1.001115;0.6534678;3.23836;
ShoulderCenter;1.078842;0.4704154;3.211353;
ShoulderRight;1.127304;0.3331511;3.094365;
ShoulderLeft;1.000056;0.3295223;3.309751;
ElbowRight;1.190833;0.04928124;3.018076;
ElbowLeft;0.9306382;0.04425389;3.396327;
WristRight;1.200949;-0.2256747;2.946674;
WristLeft;0.7620924;-0.1422163;3.353991;
HandRight;1.210359;-0.3175285;2.939681;
HandLeft;0.6977468;-0.1772328;3.339951;
Spine;1.044986;0.09201895;3.17079;
HipCenter;1.038673;0.01641862;3.166109;
HipRight;1.062228;-0.03894268;3.109409;
HipLeft;1.006241;-0.04024157;3.208416;
KneeRight;1.17147;-0.6401508;3.221102;
KneeLeft;0.884838;-0.6500182;3.109852;
AnkleRight;1.27328;-0.9728496;3.15205;
AnkleLeft;0.7030083;-1.006455;3.070517;
FootRight;1.241582;-1.043663;3.147291;
FootLeft;0.6206382;-1.049459;3.074133;
Head;0.9733278;0.6466092;3.23385;
ShoulderCenter;1.031525;0.4637012;3.218254;
ShoulderRight;1.074548;0.3211289;3.087645;
ShoulderLeft;0.950741;0.3282045;3.318646;
ElbowRight;1.159575;0.04412546;3.012366;
ElbowLeft;0.8772123;0.03095921;3.372059;
WristRight;1.150614;-0.23252;2.946336;
WristLeft;0.6987057;-0.1484065;3.339576;
HandRight;1.156169;-0.3165861;2.932547;
HandLeft;0.6444056;-0.1808953;3.326579;
Spine;0.9941686;0.07993525;3.16089;
HipCenter;0.9868651;0.003205866;3.152891;
HipRight;1.008573;-0.06298022;3.082054;
HipLeft;0.9528601;-0.05979623;3.201336;
KneeRight;1.159386;-0.6481792;3.21894;
KneeLeft;0.8706408;-0.6409249;3.116786;
AnkleRight;1.264456;-0.9712589;3.15093;
AnkleLeft;0.7000162;-1.003512;3.073071;
FootRight;1.245215;-1.045566;3.154372;
FootLeft;0.6119687;-1.048156;3.072634;
Head;0.9212847;0.6402996;3.223691;
ShoulderCenter;0.995747;0.4531405;3.215852;
ShoulderRight;1.037956;0.3139586;3.082098;
ShoulderLeft;0.9116958;0.3170041;3.305207;
ElbowRight;1.106762;0.04032047;3.010673;
ElbowLeft;0.834497;0.02615331;3.351362;
WristRight;1.10438;-0.2341738;2.934245;
WristLeft;0.6517171;-0.1494344;3.346761;
HandRight;1.11783;-0.3184628;2.92277;
HandLeft;0.6236967;-0.181612;3.332121;
Spine;0.9521047;0.06159672;3.149752;
HipCenter;0.9430497;-0.01701199;3.139728;
HipRight;0.9730172;-0.06438556;3.083448;
HipLeft;0.9094295;-0.07114641;3.176214;
KneeRight;1.10778;-0.6434641;3.215848;
KneeLeft;0.8170306;-0.620773;3.120889;
AnkleRight;1.25491;-0.9697059;3.152337;
AnkleLeft;0.6939148;-0.998909;3.078291;
FootRight;1.248125;-1.046554;3.154821;
FootLeft;0.603285;-1.05074;3.076012;
Head;0.8845583;0.6353894;3.201929;
ShoulderCenter;0.9546024;0.4553717;3.212153;
ShoulderRight;0.9989472;0.3127917;3.07701;
ShoulderLeft;0.8620514;0.3175288;3.293842;
ElbowRight;1.06624;0.03490055;2.996609;
ElbowLeft;0.7848476;0.01833321;3.3411;
WristRight;1.060211;-0.2433195;2.933779;
WristLeft;0.6159588;-0.1706574;3.345315;
HandRight;1.063066;-0.3344381;2.932059;
HandLeft;0.5729854;-0.1810959;3.336251;
Spine;0.9111456;0.06360158;3.140405;
HipCenter;0.9026754;-0.01479078;3.129593;
HipRight;0.9236521;-0.06611684;3.072345;
HipLeft;0.8637658;-0.06721646;3.163629;
KneeRight;1.096691;-0.720112;3.208536;
KneeLeft;0.8383414;-0.6131241;3.145243;
AnkleRight;1.269483;-0.9995459;3.147748;
AnkleLeft;0.6863087;-0.9926877;3.08488;
FootRight;1.231447;-1.065996;3.16264;
FootLeft;0.5998347;-1.050452;3.102833;
Head;0.8233042;0.6175288;3.178773;
ShoulderCenter;0.9153492;0.4505754;3.204287;
ShoulderRight;0.9486894;0.3149574;3.069759;
ShoulderLeft;0.8153301;0.3252453;3.259255;
ElbowRight;1.011007;0.04773744;2.98737;
ElbowLeft;0.7508203;0.01047197;3.339334;
WristRight;0.9858848;-0.246325;2.916993;
WristLeft;0.5777602;-0.1701998;3.339573;
HandRight;0.9849662;-0.3390404;2.9094;
HandLeft;0.5249911;-0.2172536;3.3304;
Spine;0.8493809;0.04925969;3.127477;
HipCenter;0.8370802;-0.03089435;3.1158;
HipRight;0.8627281;-0.06981226;3.071648;
HipLeft;0.798004;-0.07947745;3.141403;
KneeRight;1.048721;-0.7078215;3.211069;
KneeLeft;0.8056896;-0.6342607;3.14786;
AnkleRight;1.238804;-0.9723896;3.152186;
AnkleLeft;0.6765678;-0.9948068;3.086335;
FootRight;1.235348;-1.05001;3.159257;
FootLeft;0.5917853;-1.057658;3.088208;
Head;0.7930275;0.6298023;3.171126;
ShoulderCenter;0.8627204;0.4476881;3.184512;
ShoulderRight;0.912876;0.3101205;3.056312;
ShoulderLeft;0.7754236;0.3194408;3.241122;
ElbowRight;0.9646962;0.03917376;2.981539;
ElbowLeft;0.7020918;0.01542738;3.333478;
WristRight;0.9303507;-0.2447128;2.92264;
WristLeft;0.5673215;-0.1908429;3.344744;
HandRight;0.9243709;-0.3404978;2.914901;
HandLeft;0.5158881;-0.2393048;3.336342;
Spine;0.8038173;0.05105926;3.104724;
HipCenter;0.7920367;-0.02826652;3.092274;
HipRight;0.8173839;-0.06664686;3.046948;
HipLeft;0.7532758;-0.08020882;3.117372;
KneeRight;0.9894983;-0.6964803;3.196894;
KneeLeft;0.7931664;-0.6347758;3.151824;
AnkleRight;1.201752;-0.9394028;3.144832;
AnkleLeft;0.666397;-0.9928032;3.08695;
FootRight;1.185316;-1.021469;3.168188;
FootLeft;0.5859941;-1.060451;3.090387;
Head;0.7433313;0.6414286;3.16129;
ShoulderCenter;0.8200722;0.4585277;3.16701;
ShoulderRight;0.8668989;0.315993;3.045757;
ShoulderLeft;0.7358473;0.3474121;3.224666;
ElbowRight;0.9163997;0.02122048;2.980624;
ElbowLeft;0.685791;0.04208747;3.316709;
WristRight;0.8671065;-0.243558;2.909052;
WristLeft;0.5744975;-0.1726389;3.343606;
HandRight;0.8428997;-0.3382012;2.901061;
HandLeft;0.5117215;-0.2448984;3.322513;
Spine;0.7588196;0.07151701;3.099601;
HipCenter;0.7466399;-0.005870666;3.089707;
HipRight;0.7686252;-0.05678872;3.039817;
HipLeft;0.7096534;-0.05141233;3.12067;
KneeRight;0.9504079;-0.6787385;3.17968;
KneeLeft;0.7448634;-0.6345544;3.149467;
AnkleRight;1.136626;-0.9370867;3.143613;
AnkleLeft;0.6602294;-0.9912279;3.088377;
FootRight;1.11556;-1.028011;3.19416;
FootLeft;0.5835324;-1.0646;3.088112;
Head;0.7144775;0.6415526;3.164719;
ShoulderCenter;0.782523;0.4635074;3.148375;
ShoulderRight;0.8199814;0.3209284;3.037279;
ShoulderLeft;0.6811742;0.3061939;3.260221;
ElbowRight;0.8614807;0.05502762;2.967933;
ElbowLeft;0.622912;0.004623055;3.347997;
WristRight;0.8025304;-0.2149643;2.896561;
WristLeft;0.5520658;-0.2271897;3.344406;
HandRight;0.7685558;-0.3065441;2.89292;
HandLeft;0.4959266;-0.3057275;3.32909;
Spine;0.7062833;0.08516052;3.102959;
HipCenter;0.6917116;0.009401459;3.097702;
HipRight;0.7148909;-0.04535954;3.037676;
HipLeft;0.6468515;-0.04855724;3.142025;
KneeRight;0.8825826;-0.6637639;3.172845;
KneeLeft;0.7129897;-0.6479996;3.156236;
AnkleRight;1.063001;-0.9209584;3.161715;
AnkleLeft;0.6416379;-1.008049;3.089831;
FootRight;1.03546;-1.014112;3.204587;
FootLeft;0.5829756;-1.077223;3.092182;
Head;0.6626921;0.6512413;3.157444;
ShoulderCenter;0.7340404;0.4632997;3.143995;
ShoulderRight;0.7825283;0.3211703;3.026584;
ShoulderLeft;0.6392183;0.3055896;3.257649;
ElbowRight;0.8023891;0.05035389;2.946351;
ElbowLeft;0.580354;0.0009022057;3.346704;
WristRight;0.7133181;-0.1756679;2.899309;
WristLeft;0.5610954;-0.2430336;3.347229;
HandRight;0.699494;-0.2742696;2.890971;
HandLeft;0.5153285;-0.2458505;3.326796;
Spine;0.6661466;0.07412505;3.101934;
HipCenter;0.6516239;-0.00381164;3.09697;
HipRight;0.6782389;-0.05349744;3.034817;
HipLeft;0.6023945;-0.07124969;3.144253;
KneeRight;0.6138453;-0.6228263;3.07461;
KneeLeft;0.5278699;-0.5502574;3.237117;
AnkleRight;0.9294628;-0.887952;3.175419;
AnkleLeft;0.6245937;-0.9581335;3.105313;
FootRight;0.9260099;-0.9884522;3.212121;
FootLeft;0.5931417;-1.059887;3.094525;
Head;0.6118845;0.6426722;3.159811;
ShoulderCenter;0.6999729;0.4744777;3.134686;
ShoulderRight;0.7311169;0.3285477;3.021122;
ShoulderLeft;0.5999375;0.3174817;3.247564;
ElbowRight;0.7498133;0.05860989;2.932134;
ElbowLeft;0.5405552;0.01011291;3.337668;
WristRight;0.6442298;-0.1892956;2.894794;
WristLeft;0.5600975;-0.2358871;3.339499;
HandRight;0.6112514;-0.2837159;2.901467;
HandLeft;0.5159789;-0.2440871;3.326286;
Spine;0.6238518;0.07174551;3.105526;
HipCenter;0.6081908;-0.00907178;3.103435;
HipRight;0.6288586;-0.05346266;3.055975;
HipLeft;0.5724202;-0.06489176;3.143215;
KneeRight;0.6114523;-0.6217442;3.074775;
KneeLeft;0.4963737;-0.5485344;3.226692;
AnkleRight;0.8840436;-0.9183725;3.184251;
AnkleLeft;0.6190532;-0.9570653;3.10291;
FootRight;0.7906994;-0.9675006;3.160198;
FootLeft;0.5940638;-1.061708;3.09148;
Head;0.5911892;0.6407888;3.147603;
ShoulderCenter;0.6725533;0.477505;3.13757;
ShoulderRight;0.7032393;0.3390191;3.014431;
ShoulderLeft;0.5754813;0.3198033;3.250721;
ElbowRight;0.6949844;0.08121011;2.925466;
ElbowLeft;0.5166044;0.01505041;3.339841;
WristRight;0.5706847;-0.200787;2.909658;
WristLeft;0.5224372;-0.2298178;3.336806;
HandRight;0.5408549;-0.2771865;2.902701;
HandLeft;0.4987225;-0.2992978;3.330654;
Spine;0.598621;0.0778207;3.095953;
HipCenter;0.5832162;-0.002044844;3.09093;
HipRight;0.6052471;-0.04691387;3.041944;
HipLeft;0.5396367;-0.0538578;3.125586;
KneeRight;0.6100723;-0.6214648;3.073846;
KneeLeft;0.4657515;-0.5890538;3.213148;
AnkleRight;0.6933758;-0.9938158;3.127248;
AnkleLeft;0.6240385;-0.9906859;3.097454;
FootRight;0.6071075;-1.058614;3.108543;
FootLeft;0.5951692;-1.081286;3.090681;
Head;0.5365382;0.6581036;3.135745;
ShoulderCenter;0.6115462;0.4819973;3.135317;
ShoulderRight;0.6539214;0.34778;3.009111;
ShoulderLeft;0.5135788;0.3242353;3.248813;
ElbowRight;0.6466715;0.09140527;2.932783;
ElbowLeft;0.4551648;0.02187899;3.336982;
WristRight;0.5053107;-0.1817299;2.90392;
WristLeft;0.464517;-0.2209989;3.332778;
HandRight;0.4653985;-0.2490057;2.901723;
HandLeft;0.4359168;-0.2882473;3.328293;
Spine;0.5560341;0.07680753;3.089016;
HipCenter;0.546886;-0.004007244;3.083766;
HipRight;0.5750154;-0.0470776;3.035772;
HipLeft;0.5082988;-0.05990575;3.11898;
KneeRight;0.5936801;-0.6545279;3.085514;
KneeLeft;0.4388599;-0.5959529;3.21342;
AnkleRight;0.6510527;-1.00019;3.107105;
AnkleLeft;0.5780368;-1.01047;3.200487;
FootRight;0.580285;-1.080282;3.09984;
FootLeft;0.545653;-1.079427;3.24877;
Head;0.4989114;0.6508461;3.135886;
ShoulderCenter;0.5886699;0.4838204;3.129792;
ShoulderRight;0.6270181;0.3461559;3.007131;
ShoulderLeft;0.4907025;0.3260584;3.243288;
ElbowRight;0.5812784;0.08592023;2.92493;
ElbowLeft;0.432627;0.0254536;3.33075;
WristRight;0.4052236;-0.1896479;2.898904;
WristLeft;0.4414138;-0.2160041;3.327224;
HandRight;0.3630439;-0.2479779;2.890711;
HandLeft;0.4131132;-0.2825477;3.322787;
Spine;0.5327002;0.07792306;3.086384;
HipCenter;0.5206378;-0.00313664;3.081205;
HipRight;0.5453908;-0.04011128;3.039395;
HipLeft;0.4810334;-0.05631106;3.111468;
KneeRight;0.5883037;-0.6535805;3.083691;
KneeLeft;0.3880825;-0.6144204;3.220957;
AnkleRight;0.6402212;-1.01099;3.111014;
AnkleLeft;0.5105088;-1.02765;3.204853;
FootRight;0.5814121;-1.080586;3.100056;
FootLeft;0.4534111;-1.083171;3.198477;
Head;0.4521108;0.6617975;3.117206;
ShoulderCenter;0.5420011;0.4898741;3.125903;
ShoulderRight;0.5758472;0.3442501;2.99891;
ShoulderLeft;0.4440337;0.3321121;3.239399;
ElbowRight;0.5448786;0.08951006;2.924782;
ElbowLeft;0.3863339;0.0334523;3.326133;
WristRight;0.3529128;-0.1585336;2.900734;
WristLeft;0.3945105;-0.2064248;3.323366;
HandRight;0.2910005;-0.2277324;2.909614;
HandLeft;0.3662672;-0.2728341;3.318938;
Spine;0.4914792;0.08718603;3.086409;
HipCenter;0.4819327;0.006443198;3.081933;
HipRight;0.5102471;-0.03082806;3.037718;
HipLeft;0.4436406;-0.04857107;3.115049;
KneeRight;0.557797;-0.6279595;3.074879;
KneeLeft;0.3406426;-0.6372584;3.218458;
AnkleRight;0.637343;-1.008751;3.099838;
AnkleLeft;0.3913491;-1.029302;3.197822;
FootRight;0.5809888;-1.080793;3.101015;
FootLeft;0.3171427;-1.068423;3.156858;
Head;0.436479;0.6566585;3.117791;
ShoulderCenter;0.5014476;0.4824147;3.123368;
ShoulderRight;0.5526359;0.3476391;2.997674;
ShoulderLeft;0.4034801;0.3246527;3.236864;
ElbowRight;0.4863487;0.09334755;2.912437;
ElbowLeft;0.3453338;0.02368146;3.324548;
WristRight;0.2796919;-0.1604139;2.913393;
WristLeft;0.3542376;-0.2180736;3.32092;
HandRight;0.2321917;-0.2138855;2.9117;
HandLeft;0.3262906;-0.283786;3.316538;
Spine;0.458636;0.08419263;3.087636;
HipCenter;0.449572;0.00436783;3.083889;
HipRight;0.4786587;-0.02645138;3.052445;
HipLeft;0.4078834;-0.0437301;3.106412;
KneeRight;0.5456042;-0.6135689;3.065526;
KneeLeft;0.2906174;-0.62045;3.214754;
AnkleRight;0.6364155;-0.9907879;3.089962;
AnkleLeft;0.2716494;-0.9966148;3.186626;
FootRight;0.5821968;-1.078958;3.100708;
FootLeft;0.1985179;-1.063302;3.231507;
Head;0.3855794;0.6316285;3.098792;
ShoulderCenter;0.4516025;0.403608;3.109543;
ShoulderRight;0.4956761;0.337571;2.987489;
ShoulderLeft;0.3536351;0.245846;3.223039;
ElbowRight;0.4415499;0.08319983;2.90783;
ElbowLeft;0.2957681;-0.05367935;3.310169;
WristRight;0.224181;-0.1590363;2.912992;
WristLeft;0.304214;-0.2942603;3.307103;
HandRight;0.1777533;-0.2126496;2.913477;
HandLeft;0.2765089;-0.3594039;3.302759;
Spine;0.4115908;0.05115193;3.097959;
HipCenter;0.4035884;-0.01933929;3.099121;
HipRight;0.425185;-0.05424092;3.078146;
HipLeft;0.3752001;-0.06867217;3.114317;
KneeRight;0.5287978;-0.6115079;3.060218;
KneeLeft;0.2660173;-0.6313558;3.214352;
AnkleRight;0.6350903;-0.9922026;3.090712;
AnkleLeft;0.1477938;-1.026747;3.198915;
FootRight;0.5827512;-1.078736;3.101529;
FootLeft;0.07354974;-1.072336;3.210239;
Head;0.3288011;0.634524;3.12648;
ShoulderCenter;0.4124014;0.411487;3.104161;
ShoulderRight;0.4568315;0.3334636;2.982852;
ShoulderLeft;0.3144339;0.253725;3.217657;
ElbowRight;0.4110861;0.08894372;2.904099;
ElbowLeft;0.2562382;-0.04750201;3.305436;
WristRight;0.2182742;-0.1054621;2.9117;
WristLeft;0.2652241;-0.2894645;3.301706;
HandRight;0.1533534;-0.1767377;2.909315;
HandLeft;0.2373791;-0.354937;3.29734;
Spine;0.3875379;0.05262754;3.096575;
HipCenter;0.3820333;-0.0188175;3.098339;
HipRight;0.4051559;-0.05380957;3.072351;
HipLeft;0.3482288;-0.0746564;3.120392;
KneeRight;0.5013041;-0.614585;3.055438;
KneeLeft;0.2387397;-0.6304033;3.211455;
AnkleRight;0.6319489;-0.9865206;3.088166;
AnkleLeft;0.08861319;-1.018178;3.188504;
FootRight;0.5824512;-1.076935;3.101082;
FootLeft;-0.01213744;-1.04668;3.225072;
Head;0.2900602;0.6350816;3.135723;
ShoulderCenter;0.3689578;0.4585432;3.102981;
ShoulderRight;0.4188649;0.3265045;2.978401;
ShoulderLeft;0.2709903;0.3007812;3.216477;
ElbowRight;0.3799211;0.0904246;2.906206;
ElbowLeft;0.2125654;-0.001632124;3.304615;
WristRight;0.2016914;-0.09874146;2.913947;
WristLeft;0.2219362;-0.2445562;3.300359;
HandRight;0.1250559;-0.1587426;2.908397;
HandLeft;0.1937885;-0.3107404;3.295946;
Spine;0.3362092;0.04174744;3.098009;
HipCenter;0.3296595;-0.04161172;3.100506;
HipRight;0.3552838;-0.07349565;3.07168;
HipLeft;0.297215;-0.09652898;3.126424;
KneeRight;0.4770613;-0.6214466;3.053827;
KneeLeft;0.1826188;-0.6309674;3.208501;
AnkleRight;0.6286638;-0.9848895;3.087858;
AnkleLeft;0.01999448;-1.031171;3.192053;
FootRight;0.5823671;-1.075698;3.100653;
FootLeft;-0.08270903;-1.059711;3.225176;
Head;0.2431713;0.6334787;3.130773;
ShoulderCenter;0.3223958;0.4552673;3.114553;
ShoulderRight;0.372735;0.3237345;2.98544;
ShoulderLeft;0.2244283;0.2975053;3.228049;
ElbowRight;0.3187325;0.07879782;2.919266;
ElbowLeft;0.1657365;-0.00628975;3.316614;
WristRight;0.1571644;-0.1044145;2.913398;
WristLeft;0.1755646;-0.250332;3.31174;
HandRight;0.08814394;-0.1735359;2.902804;
HandLeft;0.1471957;-0.3170362;3.307292;
Spine;0.2888828;0.0280473;3.109108;
HipCenter;0.2823694;-0.05738341;3.111477;
HipRight;0.3097154;-0.09112847;3.081504;
HipLeft;0.2483157;-0.1129069;3.138356;
KneeRight;0.4243822;-0.6340669;3.060214;
KneeLeft;0.1470203;-0.6339487;3.202839;
AnkleRight;0.6231501;-0.9853541;3.087399;
AnkleLeft;0.02257652;-1.020499;3.182813;
FootRight;0.5812925;-1.075261;3.101216;
FootLeft;-0.07911254;-1.061983;3.207896;
Head;0.2009611;0.6292168;3.121384;
ShoulderCenter;0.2751309;0.4027118;3.128389;
ShoulderRight;0.3325225;0.3185288;3.003978;
ShoulderLeft;0.1771635;0.2449498;3.241885;
ElbowRight;0.2856583;0.07536688;2.934467;
ElbowLeft;0.1182314;-0.06008857;3.330918;
WristRight;0.09349196;-0.1084419;2.886104;
WristLeft;0.1284794;-0.3051351;3.325517;
HandRight;0.02746578;-0.181596;2.893603;
HandLeft;0.09994445;-0.3722298;3.321043;
Spine;0.2480065;0.009419782;3.113978;
HipCenter;0.2447538;-0.06894878;3.114525;
HipRight;0.2741006;-0.1043248;3.088914;
HipLeft;0.2083564;-0.1221755;3.135025;
KneeRight;0.4013321;-0.6366192;3.058612;
KneeLeft;0.09605111;-0.6326686;3.194209;
AnkleRight;0.6131833;-0.9949892;3.087453;
AnkleLeft;0.02147561;-1.015478;3.17838;
FootRight;0.5781832;-1.075979;3.100064;
FootLeft;-0.07619984;-1.066598;3.203786;
Head;0.1547193;0.6239011;3.12795;
ShoulderCenter;0.2469929;0.4041184;3.13586;
ShoulderRight;0.3010361;0.3156236;3.008303;
ShoulderLeft;0.1490254;0.2463565;3.249356;
ElbowRight;0.2384941;0.07482193;2.945494;
ElbowLeft;0.08986592;-0.05985928;3.338828;
WristRight;0.01937692;-0.1740813;2.897376;
WristLeft;0.100519;-0.3058552;3.332913;
HandRight;-0.04118655;-0.2360895;2.894377;
HandLeft;0.07207552;-0.3727349;3.328453;
Spine;0.2096432;0.0105994;3.113726;
HipCenter;0.1998654;-0.06804116;3.112413;
HipRight;0.2276836;-0.1014062;3.082957;
HipLeft;0.163147;-0.124707;3.134201;
KneeRight;0.3461112;-0.6514789;3.05373;
KneeLeft;0.06777649;-0.6359023;3.197407;
AnkleRight;0.6049894;-0.9984915;3.08931;
AnkleLeft;0.01721651;-1.00913;3.17413;
FootRight;0.5619776;-1.070344;3.089446;
FootLeft;-0.07502938;-1.069627;3.199963;
Head;0.1324626;0.5885838;3.13244;
ShoulderCenter;0.1849182;0.3466997;3.139601;
ShoulderRight;0.2421687;0.3144169;3.021454;
ShoulderLeft;0.08695078;0.1889377;3.253097;
ElbowRight;0.2153622;0.07283227;2.948657;
ElbowLeft;0.02760919;-0.1182204;3.342916;
WristRight;0.005924635;-0.180861;2.894948;
WristLeft;0.03859187;-0.3649749;3.336581;
HandRight;-0.04416589;-0.23936;2.892763;
HandLeft;0.01028594;-0.4315312;3.332143;
Spine;0.1496287;-0.002915017;3.127858;
HipCenter;0.1425708;-0.07283796;3.129018;
HipRight;0.1606016;-0.1109131;3.096662;
HipLeft;0.1132486;-0.1466267;3.154726;
KneeRight;0.2865668;-0.6655411;3.05925;
KneeLeft;0.0259122;-0.6447774;3.202689;
AnkleRight;0.5601425;-0.9978411;3.082657;
AnkleLeft;0.01401367;-1.009608;3.174055;
FootRight;0.5458652;-1.079426;3.074135;
FootLeft;-0.06505921;-1.073632;3.190213;
Head;0.06901532;0.6204166;3.12262;
ShoulderCenter;0.1555902;0.3939827;3.132669;
ShoulderRight;0.2039098;0.318166;3.027728;
ShoulderLeft;0.05762272;0.2362207;3.246165;
ElbowRight;0.1636443;0.06195296;2.950877;
ElbowLeft;-0.001373012;-0.0691472;3.335276;
WristRight;0.004215868;-0.1763803;2.900846;
WristLeft;0.008987623;-0.3144596;3.329708;
HandRight;-0.05163456;-0.2469994;2.888472;
HandLeft;-0.0192613;-0.3808818;3.325279;
Spine;0.1410951;0.005096534;3.106088;
HipCenter;0.1361279;-0.06971973;3.102504;
HipRight;0.1620907;-0.09276322;3.073824;
HipLeft;0.1017607;-0.1332891;3.11168;
KneeRight;0.1599909;-0.623275;3.070629;
KneeLeft;0.01189441;-0.6478938;3.190106;
AnkleRight;0.4772424;-0.9426198;3.059332;
AnkleLeft;0.008125762;-1.011476;3.171569;
FootRight;0.4828406;-1.037885;3.046891;
FootLeft;-0.06170312;-1.074968;3.186987;
Head;0.03888606;0.6304052;3.126772;
ShoulderCenter;0.1245626;0.4022212;3.139881;
ShoulderRight;0.16924;0.3211032;3.028155;
ShoulderLeft;0.02659516;0.2444592;3.253377;
ElbowRight;0.1385457;0.06472808;2.950297;
ElbowLeft;-0.0321516;-0.05962002;3.341973;
WristRight;-0.003384325;-0.1809692;2.901887;
WristLeft;-0.02222824;-0.3038919;3.33694;
HandRight;-0.0586419;-0.2605207;2.888097;
HandLeft;-0.05047656;-0.3703128;3.332511;
Spine;0.1208703;0.03448792;3.094514;
HipCenter;0.1203056;-0.03882902;3.088643;
HipRight;0.1526167;-0.05116536;3.072403;
HipLeft;0.08406828;-0.09332842;3.089327;
KneeRight;0.1156079;-0.6413717;3.056918;
KneeLeft;-0.01560923;-0.6576526;3.170062;
AnkleRight;0.4276347;-0.9417142;3.052688;
AnkleLeft;0.0009873752;-1.013754;3.169191;
FootRight;0.414091;-1.03428;3.048756;
FootLeft;-0.05897138;-1.076702;3.188686;
Head;0.006022267;0.6355023;3.134064;
ShoulderCenter;0.07570547;0.466214;3.145786;
ShoulderRight;0.1362971;0.3311808;3.025605;
ShoulderLeft;-0.02226198;0.308452;3.259282;
ElbowRight;0.1101121;0.06161565;2.956516;
ElbowLeft;-0.08069716;0.005985528;3.347298;
WristRight;-0.01734788;-0.1941383;2.903101;
WristLeft;-0.07130896;-0.2369816;3.342949;
HandRight;-0.06102114;-0.2675427;2.88868;
HandLeft;-0.09947912;-0.3032187;3.338532;
Spine;0.0396154;0.07176463;3.116484;
HipCenter;0.03239739;-0.00712524;3.114132;
HipRight;0.06369805;-0.03244864;3.079189;
HipLeft;-0.007320657;-0.07380035;3.140133;
KneeRight;0.07301951;-0.6439688;3.057204;
KneeLeft;-0.04286553;-0.6611055;3.112867;
AnkleRight;0.338494;-0.9392288;3.045705;
AnkleLeft;-0.0009089171;-1.013588;3.168353;
FootRight;0.3158253;-1.048458;3.058028;
FootLeft;-0.05546377;-1.077345;3.191434;
Head;-0.04751081;0.6337178;3.127743;
ShoulderCenter;0.04955482;0.4700209;3.151958;
ShoulderRight;0.1042394;0.3320865;3.031206;
ShoulderLeft;-0.04841262;0.312259;3.265454;
ElbowRight;0.07944528;0.06554074;2.95245;
ElbowLeft;-0.1065747;0.01120597;3.352931;
WristRight;-0.01849877;-0.1868552;2.906801;
WristLeft;-0.09764475;-0.2306155;3.349149;
HandRight;-0.05696274;-0.2721474;2.893832;
HandLeft;-0.1257855;-0.2967834;3.344736;
Spine;0.0159942;0.06937604;3.113399;
HipCenter;0.008712879;-0.01074505;3.109219;
HipRight;0.04095074;-0.03138886;3.078735;
HipLeft;-0.03138103;-0.07722941;3.129024;
KneeRight;0.02879418;-0.6419476;3.058672;
KneeLeft;-0.09242459;-0.6318932;3.059142;
AnkleRight;0.2544751;-0.9426508;3.053957;
AnkleLeft;-0.008029722;-1.019697;3.167975;
FootRight;0.2194972;-1.046917;3.078176;
FootLeft;-0.04380931;-1.088176;3.198934;
Head;-0.07084617;0.6419231;3.137864;
ShoulderCenter;-0.001420041;0.4765812;3.151502;
ShoulderRight;0.05740072;0.339191;3.032716;
ShoulderLeft;-0.09938749;0.3188192;3.264998;
ElbowRight;0.05362219;0.06446533;2.95329;
ElbowLeft;-0.1573331;0.01888674;3.351999;
WristRight;-0.02873039;-0.1768413;2.914096;
WristLeft;-0.1487593;-0.2220249;3.348631;
HandRight;-0.05573236;-0.268479;2.894806;
HandLeft;-0.1768993;-0.2881909;3.344218;
Spine;-0.03953522;0.07674699;3.116473;
HipCenter;-0.04715826;-0.003219858;3.112982;
HipRight;-0.01763741;-0.02956092;3.080794;
HipLeft;-0.08508051;-0.06501084;3.135452;
KneeRight;-0.0369933;-0.6724685;3.081395;
KneeLeft;-0.01729239;-0.5859373;3.213677;
AnkleRight;0.1435792;-0.9518815;3.052655;
AnkleLeft;-0.006038016;-1.020963;3.161677;
FootRight;0.0904279;-1.050467;3.047544;
FootLeft;-0.0450567;-1.091512;3.18085;
Head;-0.1212461;0.6428444;3.140052;
ShoulderCenter;-0.03628495;0.4837416;3.160897;
ShoulderRight;0.02255167;0.3414447;3.031695;
ShoulderLeft;-0.1342524;0.3259797;3.274394;
ElbowRight;0.03309564;0.0681874;2.9614;
ElbowLeft;-0.1925121;0.02442124;3.362039;
WristRight;-0.03305417;-0.1741526;2.916448;
WristLeft;-0.1834194;-0.2178101;3.358043;
HandRight;-0.05366446;-0.2677126;2.898125;
HandLeft;-0.211582;-0.2840293;3.353627;
Spine;-0.06285436;0.07297052;3.118686;
HipCenter;-0.06897254;-0.008756358;3.114098;
HipRight;-0.0363627;-0.0309057;3.083324;
HipLeft;-0.1061874;-0.06889573;3.134755;
KneeRight;-0.1780007;-0.6056073;3.081758;
KneeLeft;-0.04602269;-0.6132166;3.207006;
AnkleRight;0.04787901;-0.9755458;3.060604;
AnkleLeft;-0.04431893;-0.9910904;3.143986;
FootRight;-0.02489234;-1.059877;3.077466;
FootLeft;-0.09479318;-1.089556;3.159004;
Head;-0.1525282;0.6396487;3.135287;
ShoulderCenter;-0.08045805;0.4855487;3.163549;
ShoulderRight;-0.02199147;0.3422652;3.029645;
ShoulderLeft;-0.1784255;0.3277867;3.277045;
ElbowRight;0.004994027;0.06941275;2.967205;
ElbowLeft;-0.2364511;0.02744013;3.364211;
WristRight;-0.07552827;-0.1618317;2.924246;
WristLeft;-0.2792432;-0.2103254;3.344321;
HandRight;-0.06240391;-0.2556776;2.903011;
HandLeft;-0.2779118;-0.2717074;3.381501;
Spine;-0.1208727;0.07756902;3.124411;
HipCenter;-0.1284031;-0.004049528;3.120064;
HipRight;-0.1004958;-0.03663338;3.082141;
HipLeft;-0.1648164;-0.0636576;3.147065;
KneeRight;-0.2068663;-0.6248654;3.088669;
KneeLeft;-0.07554174;-0.6249386;3.209496;
AnkleRight;-0.05556262;-1.028714;3.094036;
AnkleLeft;-0.002313041;-1.038197;3.13732;
FootRight;-0.1497756;-1.075423;3.061359;
FootLeft;-0.09896393;-1.053199;3.081185;
Head;-0.1786605;0.6026887;3.138965;
ShoulderCenter;-0.1278837;0.3578067;3.129097;
ShoulderRight;-0.05906915;0.3356124;3.034122;
ShoulderLeft;-0.2258512;0.2000447;3.242593;
ElbowRight;-0.01791018;0.07099342;2.96854;
ElbowLeft;-0.28417;-0.1018192;3.330322;
WristRight;-0.08301596;-0.161347;2.926504;
WristLeft;-0.3828578;-0.3027061;3.41023;
HandRight;-0.07512476;-0.2550853;2.90095;
HandLeft;-0.4226687;-0.3618317;3.420737;
Spine;-0.1371815;-0.01990864;3.080471;
HipCenter;-0.1390411;-0.09545171;3.074261;
HipRight;-0.1073879;-0.09883343;3.049859;
HipLeft;-0.1730583;-0.1881075;3.083998;
KneeRight;-0.3063528;-0.6305171;3.067789;
KneeLeft;-0.0809127;-0.6459025;3.216278;
AnkleRight;-0.1382587;-1.033773;3.095538;
AnkleLeft;-0.04271362;-1.042097;3.167444;
FootRight;-0.2323603;-1.068468;3.043525;
FootLeft;-0.1002523;-1.102616;3.167536;
Head;-0.2283669;0.708208;3.137059;
ShoulderCenter;-0.1574092;0.4818695;3.142044;
ShoulderRight;-0.09413112;0.3363688;3.033383;
ShoulderLeft;-0.2553767;0.3241075;3.25554;
ElbowRight;-0.04801701;0.06456664;2.969327;
ElbowLeft;-0.3139699;0.02082291;3.343737;
WristRight;-0.1030511;-0.1694296;2.912963;
WristLeft;-0.3950174;-0.2057389;3.36985;
HandRight;-0.09573196;-0.2666759;2.900455;
HandLeft;-0.439277;-0.2539414;3.354264;
Spine;-0.1854966;0.06136989;3.084643;
HipCenter;-0.191114;-0.02273003;3.076688;
HipRight;-0.1605105;-0.04941093;3.049988;
HipLeft;-0.2270213;-0.07545041;3.090834;
KneeRight;-0.3621661;-0.6278902;3.0713;
KneeLeft;-0.1594109;-0.6434932;3.172846;
AnkleRight;-0.327635;-1.040349;3.058341;
AnkleLeft;-0.0357728;-1.030229;3.16818;
FootRight;-0.4172747;-1.10365;3.050962;
FootLeft;-0.08863116;-1.093037;3.220816;
Head;-0.2676629;0.6388484;3.123656;
ShoulderCenter;-0.1925552;0.4772603;3.140336;
ShoulderRight;-0.1331508;0.3328676;3.024443;
ShoulderLeft;-0.2905227;0.3194983;3.253832;
ElbowRight;-0.08612453;0.05417097;2.963904;
ElbowLeft;-0.3494044;0.01472056;3.34253;
WristRight;-0.1233839;-0.1834203;2.901571;
WristLeft;-0.4653832;-0.1972452;3.369894;
HandRight;-0.1200578;-0.2819029;2.890329;
HandLeft;-0.5104891;-0.2521774;3.351961;
Spine;-0.222448;0.06063163;3.079851;
HipCenter;-0.2285126;-0.02267064;3.071258;
HipRight;-0.1971954;-0.04861163;3.04475;
HipLeft;-0.2657556;-0.07629995;3.084405;
KneeRight;-0.3931412;-0.6188341;3.069778;
KneeLeft;-0.1608475;-0.6388603;3.187398;
AnkleRight;-0.4409303;-1.036438;3.068012;
AnkleLeft;-0.03494534;-1.029228;3.169347;
FootRight;-0.5410891;-1.088465;3.049246;
FootLeft;-0.09876879;-1.089698;3.242564;
Head;-0.3164321;0.6362461;3.135798;
ShoulderCenter;-0.2399741;0.4686877;3.133055;
ShoulderRight;-0.1772377;0.3231601;3.026978;
ShoulderLeft;-0.3379415;0.3109257;3.246551;
ElbowRight;-0.1180251;0.04486287;2.958998;
ElbowLeft;-0.3970795;0.00482136;3.335714;
WristRight;-0.1667347;-0.2020325;2.900961;
WristLeft;-0.5254197;-0.2011826;3.363012;
HandRight;-0.1375243;-0.2958504;2.886883;
HandLeft;-0.5713741;-0.2328187;3.334855;
Spine;-0.2761658;0.02971997;3.084137;
HipCenter;-0.2832835;-0.05805176;3.077912;
HipRight;-0.2504259;-0.06699945;3.059879;
HipLeft;-0.3221207;-0.1228426;3.086209;
KneeRight;-0.4221872;-0.628168;3.070327;
KneeLeft;-0.1612722;-0.6310872;3.197248;
AnkleRight;-0.5582604;-1.057238;3.065538;
AnkleLeft;-0.03468533;-1.028202;3.169789;
FootRight;-0.6659012;-1.081617;3.055779;
FootLeft;-0.09722249;-1.096681;3.227679;
Head;-0.3539551;0.631196;3.134798;
ShoulderCenter;-0.2774738;0.4598616;3.129965;
ShoulderRight;-0.2103651;0.3166652;3.023818;
ShoulderLeft;-0.3754413;0.3020996;3.243461;
ElbowRight;-0.1718304;0.0397718;2.956302;
ElbowLeft;-0.4348156;-0.005227983;3.333071;
WristRight;-0.2155651;-0.1972345;2.886533;
WristLeft;-0.5861253;-0.1982948;3.349733;
HandRight;-0.2139675;-0.2958252;2.873627;
HandLeft;-0.6274926;-0.2305298;3.311059;
Spine;-0.3227204;0.02939807;3.07781;
HipCenter;-0.3322707;-0.05647175;3.070801;
HipRight;-0.2988411;-0.07783077;3.050545;
HipLeft;-0.3735338;-0.1112758;3.080155;
KneeRight;-0.499853;-0.6556989;3.06317;
KneeLeft;-0.1790804;-0.6255373;3.204434;
AnkleRight;-0.6218591;-1.039412;3.080224;
AnkleLeft;-0.03492805;-1.026862;3.169753;
FootRight;-0.7333411;-1.063451;3.065573;
FootLeft;-0.09713154;-1.097077;3.228276;
Head;-0.3794104;0.6340575;3.120606;
ShoulderCenter;-0.3229094;0.4604024;3.130981;
ShoulderRight;-0.2612832;0.3078311;3.019331;
ShoulderLeft;-0.4208767;0.3026404;3.244477;
ElbowRight;-0.2006079;0.03681842;2.945868;
ElbowLeft;-0.4804748;-0.005845368;3.334504;
WristRight;-0.2530978;-0.2030714;2.895312;
WristLeft;-0.6258341;-0.2062873;3.337186;
HandRight;-0.2394291;-0.3010002;2.880066;
HandLeft;-0.6797822;-0.2531098;3.318069;
Spine;-0.362222;0.05486735;3.083616;
HipCenter;-0.3709494;-0.02540088;3.077871;
HipRight;-0.3435673;-0.0589445;3.041177;
HipLeft;-0.4060463;-0.08262422;3.101694;
KneeRight;-0.4661599;-0.6586564;3.106914;
KneeLeft;-0.2072425;-0.6239195;3.208183;
AnkleRight;-0.6415311;-1.03989;3.086449;
AnkleLeft;-0.03755203;-1.02492;3.171651;
FootRight;-0.7537696;-1.066983;3.092525;
FootLeft;-0.09368455;-1.096477;3.224924;
Head;-0.4350675;0.6222858;3.109433;
ShoulderCenter;-0.3492943;0.4572359;3.129788;
ShoulderRight;-0.2927102;0.3062746;3.018386;
ShoulderLeft;-0.4472617;0.2994739;3.243284;
ElbowRight;-0.2413127;0.03683599;2.936456;
ElbowLeft;-0.5070841;-0.01017293;3.333718;
WristRight;-0.2836197;-0.2071104;2.894239;
WristLeft;-0.6657379;-0.2022504;3.317911;
HandRight;-0.2891006;-0.3070008;2.882477;
HandLeft;-0.7149687;-0.2364871;3.328075;
Spine;-0.4069913;0.04986095;3.08307;
HipCenter;-0.4183877;-0.0315629;3.077346;
HipRight;-0.3947897;-0.07131054;3.040471;
HipLeft;-0.4543253;-0.08154877;3.101993;
KneeRight;-0.476243;-0.6606597;3.149901;
KneeLeft;-0.2298695;-0.6401544;3.213474;
AnkleRight;-0.6434735;-1.039149;3.08874;
AnkleLeft;-0.04743411;-1.018103;3.176799;
FootRight;-0.751861;-1.078463;3.102732;
FootLeft;-0.09632829;-1.097151;3.226847;
Head;-0.4851789;0.6163198;3.114211;
ShoulderCenter;-0.4066201;0.4481083;3.130724;
ShoulderRight;-0.3440991;0.2968125;3.015781;
ShoulderLeft;-0.5045875;0.2903464;3.24422;
ElbowRight;-0.2935396;0.02874217;2.944413;
ElbowLeft;-0.5646085;-0.02032843;3.33501;
WristRight;-0.358727;-0.2112266;2.904473;
WristLeft;-0.7143941;-0.2204369;3.320294;
HandRight;-0.3622558;-0.3116474;2.891021;
HandLeft;-0.7473915;-0.2431746;3.304105;
Spine;-0.4337862;0.046534;3.078244;
HipCenter;-0.4397566;-0.03397059;3.07198;
HipRight;-0.4094352;-0.06979699;3.03236;
HipLeft;-0.4814318;-0.09298366;3.098282;
KneeRight;-0.6342152;-0.6731318;3.072914;
KneeLeft;-0.2589378;-0.6511913;3.214881;
AnkleRight;-0.6565825;-1.038029;3.096274;
AnkleLeft;-0.05489007;-1.019411;3.180184;
FootRight;-0.7564355;-1.091908;3.121134;
FootLeft;-0.0927137;-1.093032;3.202988;
Head;-0.5027193;0.6121151;3.084401;
ShoulderCenter;-0.4423733;0.4469681;3.116433;
ShoulderRight;-0.3802524;0.2996427;3.017935;
ShoulderLeft;-0.5403408;0.2892061;3.229929;
ElbowRight;-0.3604439;0.04801708;2.940154;
ElbowLeft;-0.6004969;-0.02216789;3.320947;
WristRight;-0.3927164;-0.1993658;2.902761;
WristLeft;-0.7365603;-0.2313046;3.328947;
HandRight;-0.3990405;-0.3010164;2.896503;
HandLeft;-0.7679622;-0.2455181;3.312735;
Spine;-0.4930274;0.04097198;3.067617;
HipCenter;-0.5021662;-0.04019561;3.061814;
HipRight;-0.4708242;-0.06632553;3.031721;
HipLeft;-0.5428495;-0.09703328;3.08046;
KneeRight;-0.6374186;-0.6090475;3.062308;
KneeLeft;-0.300345;-0.6812482;3.201789;
AnkleRight;-0.659263;-1.038581;3.097732;
AnkleLeft;-0.1112414;-0.9596018;3.169491;
FootRight;-0.755696;-1.098634;3.12121;
FootLeft;-0.09335031;-1.061498;3.192571;
Head;-0.5648043;0.6162574;3.078113;
ShoulderCenter;-0.4890266;0.4591612;3.111242;
ShoulderRight;-0.4351525;0.306618;3.011172;
ShoulderLeft;-0.5869939;0.3013992;3.224739;
ElbowRight;-0.4126493;0.05466597;2.952838;
ElbowLeft;-0.6472625;-0.01055655;3.315938;
WristRight;-0.4727794;-0.1864721;2.903146;
WristLeft;-0.7647709;-0.2312606;3.323187;
HandRight;-0.4926823;-0.2869289;2.904582;
HandLeft;-0.8042747;-0.2939645;3.307748;
Spine;-0.522239;0.003940277;3.074934;
HipCenter;-0.5295696;-0.08819368;3.07146;
HipRight;-0.4929067;-0.09680964;3.058679;
HipLeft;-0.5703477;-0.1470717;3.076355;
KneeRight;-0.6496871;-0.6157816;3.067001;
KneeLeft;-0.5821247;-0.6713424;3.121275;
AnkleRight;-0.669578;-1.038075;3.099383;
AnkleLeft;-0.2070023;-0.9221258;3.164113;
FootRight;-0.7469909;-1.107012;3.132433;
FootLeft;-0.1583653;-1.00807;3.179977;
Head;-0.5963581;0.6237594;3.085457;
ShoulderCenter;-0.5301379;0.4541026;3.10896;
ShoulderRight;-0.4627558;0.3033481;3.003789;
ShoulderLeft;-0.6281054;0.2963406;3.222456;
ElbowRight;-0.4680592;0.03963435;2.936061;
ElbowLeft;-0.688508;-0.0163098;3.31388;
WristRight;-0.54269;-0.1995095;2.898717;
WristLeft;-0.7851249;-0.2481559;3.313012;
HandRight;-0.5532844;-0.3005316;2.883761;
HandLeft;-0.8249783;-0.3120243;3.30345;
Spine;-0.5029263;0.04575823;3.090045;
HipCenter;-0.4963096;-0.03500961;3.090168;
HipRight;-0.4536625;-0.06026806;3.066468;
HipLeft;-0.5324646;-0.09356619;3.108177;
KneeRight;-0.6679251;-0.6252394;3.070567;
KneeLeft;-0.624041;-0.7300172;3.113149;
AnkleRight;-0.6725442;-1.03976;3.103595;
AnkleLeft;-0.2280732;-0.9277479;3.168213;
FootRight;-0.7394308;-1.100152;3.112728;
FootLeft;-0.2163731;-1.026016;3.18501;
Head;-0.5811378;0.6349978;3.065734;
ShoulderCenter;-0.5582801;0.4577727;3.099306;
ShoulderRight;-0.5058559;0.3081996;2.99377;
ShoulderLeft;-0.6562474;0.3000107;3.212802;
ElbowRight;-0.5110806;0.04992968;2.927317;
ElbowLeft;-0.7167723;-0.01327243;3.304436;
WristRight;-0.6005259;-0.2320647;2.900824;
WristLeft;-0.8200498;-0.2430926;3.282797;
HandRight;-0.6234452;-0.3045126;2.901673;
HandLeft;-0.8335387;-0.3146889;3.303071;
Spine;-0.6008807;0.0367101;3.074866;
HipCenter;-0.6077636;-0.04771594;3.07412;
HipRight;-0.5758982;-0.06837722;3.062648;
HipLeft;-0.6454187;-0.09807237;3.080407;
KneeRight;-0.6754055;-0.6220948;3.080141;
KneeLeft;-0.615979;-0.6647735;3.157134;
AnkleRight;-0.6746947;-1.041258;3.105016;
AnkleLeft;-0.3068889;-0.91431;3.170954;
FootRight;-0.7485836;-1.104596;3.115947;
FootLeft;-0.3205027;-1.026505;3.196214;
Head;-0.6777984;0.6384599;3.078504;
ShoulderCenter;-0.6093032;0.4694036;3.087393;
ShoulderRight;-0.5409286;0.3196712;2.994034;
ShoulderLeft;-0.7072706;0.3116416;3.200889;
ElbowRight;-0.5558736;0.06539021;2.917052;
ElbowLeft;-0.7675679;-0.0004632771;3.2921;
WristRight;-0.6777173;-0.2516794;2.896017;
WristLeft;-0.8621663;-0.2330175;3.272452;
HandRight;-0.7006057;-0.3221379;2.882972;
HandLeft;-0.8887569;-0.301382;3.289116;
Spine;-0.6448888;0.06009219;3.079302;
HipCenter;-0.652006;-0.0217701;3.081256;
HipRight;-0.6067862;-0.06860668;3.065555;
HipLeft;-0.6955032;-0.05073715;3.092943;
KneeRight;-0.6910674;-0.6481463;3.097418;
KneeLeft;-0.6304852;-0.6866552;3.160191;
AnkleRight;-0.6795599;-1.042029;3.104507;
AnkleLeft;-0.368513;-0.8938755;3.180887;
FootRight;-0.7521437;-1.106381;3.115848;
FootLeft;-0.4142548;-0.9992183;3.196446;
Head;-0.6383958;0.6521131;3.08343;
ShoulderCenter;-0.6435842;0.4701583;3.090264;
ShoulderRight;-0.5894536;0.3227791;2.992682;
ShoulderLeft;-0.7415516;0.3123963;3.20376;
ElbowRight;-0.6140182;0.05456101;2.927769;
ElbowLeft;-0.8016123;0.001515716;3.294523;
WristRight;-0.7279799;-0.2336044;2.886222;
WristLeft;-0.8990266;-0.2288099;3.275173;
HandRight;-0.7572032;-0.3016607;2.875132;
HandLeft;-0.9218437;-0.2980655;3.292251;
Spine;-0.673516;0.01607575;3.065787;
HipCenter;-0.6780943;-0.07477176;3.064341;
HipRight;-0.6327596;-0.1186536;3.066129;
HipLeft;-0.7270349;-0.1024403;3.057155;
KneeRight;-0.6942147;-0.6728748;3.101512;
KneeLeft;-0.6358879;-0.703281;3.212965;
AnkleRight;-0.7059536;-1.039321;3.099948;
AnkleLeft;-0.4590048;-0.9896928;3.185176;
FootRight;-0.7673244;-1.117143;3.159948;
FootLeft;-0.5418964;-1.058074;3.228484;
Head;-0.6899781;0.6806142;3.130235;
ShoulderCenter;-0.6793374;0.4751288;3.094437;
ShoulderRight;-0.6138132;0.3268717;2.989706;
ShoulderLeft;-0.7773048;0.3173668;3.207933;
ElbowRight;-0.6681103;0.05870342;2.917265;
ElbowLeft;-0.8375316;0.005627215;3.299047;
WristRight;-0.7885808;-0.185323;2.86303;
WristLeft;-0.9331506;-0.2261801;3.278927;
HandRight;-0.8320349;-0.2753728;2.846178;
HandLeft;-0.9583525;-0.2946173;3.296189;
Spine;-0.7170797;0.06496897;3.069131;
HipCenter;-0.7233916;-0.01723492;3.067491;
HipRight;-0.6878572;-0.06568339;3.060984;
HipLeft;-0.7644363;-0.04055135;3.067848;
KneeRight;-0.716002;-0.6769468;3.090652;
KneeLeft;-0.9159619;-0.5864311;3.197313;
AnkleRight;-0.6346937;-1.007232;3.139446;
AnkleLeft;-0.596588;-0.9128894;3.176462;
FootRight;-0.721043;-1.084207;3.122387;
FootLeft;-0.6024855;-1.025098;3.208814;
Head;-0.7950118;0.6329468;3.073223;
ShoulderCenter;-0.7223218;0.4225788;3.078779;
ShoulderRight;-0.6664295;0.328456;2.989405;
ShoulderLeft;-0.8202892;0.2648168;3.192275;
ElbowRight;-0.7236052;0.04788122;2.908823;
ElbowLeft;-0.8803384;-0.046004;3.283025;
WristRight;-0.8483011;-0.1712868;2.851775;
WristLeft;-0.9764201;-0.276832;3.263465;
HandRight;-0.8947483;-0.2610043;2.843996;
HandLeft;-1.000631;-0.3455904;3.280646;
Spine;-0.7124113;0.04318071;3.068659;
HipCenter;-0.7131124;-0.03582055;3.069076;
HipRight;-0.6598856;-0.1039028;3.103529;
HipLeft;-0.7521516;-0.09101462;3.031086;
KneeRight;-0.7274091;-0.687512;3.089099;
KneeLeft;-0.927902;-0.6413755;3.201662;
AnkleRight;-0.6930494;-1.035911;3.117763;
AnkleLeft;-0.8211471;-1.076791;3.218379;
FootRight;-0.762198;-1.112465;3.130117;
FootLeft;-0.8635768;-1.128367;3.272934;
Head;-0.7559134;0.6679422;3.093417;
ShoulderCenter;-0.7515078;0.421972;3.076442;
ShoulderRight;-0.6939741;0.3315235;2.983356;
ShoulderLeft;-0.8494752;0.26421;3.189938;
ElbowRight;-0.768288;0.05650633;2.896395;
ElbowLeft;-0.909354;-0.04572886;3.280336;
WristRight;-0.922245;-0.1859851;2.84863;
WristLeft;-1.004973;-0.2759896;3.261194;
HandRight;-0.9657804;-0.2644515;2.847022;
HandLeft;-1.029135;-0.3446105;3.278341;
Spine;-0.7909659;0.005022064;3.068929;
HipCenter;-0.7970679;-0.07833073;3.071142;
HipRight;-0.7331064;-0.09376953;3.112844;
HipLeft;-0.867644;-0.1532484;3.025975;
KneeRight;-0.7361157;-0.6906301;3.089111;
KneeLeft;-0.9496501;-0.6986268;3.215837;
AnkleRight;-0.694789;-1.037258;3.116624;
AnkleLeft;-0.8670571;-1.066863;3.218013;
FootRight;-0.7509714;-1.105022;3.125262;
FootLeft;-0.9312678;-1.112241;3.259318;
Head;-0.7955837;0.6590691;3.083066;
ShoulderCenter;-0.8041562;0.4198198;3.064562;
ShoulderRight;-0.7464113;0.3357481;2.971707;
ShoulderLeft;-0.9021236;0.2620578;3.178058;
ElbowRight;-0.8038192;0.0582608;2.892469;
ElbowLeft;-0.9618641;-0.04716501;3.268171;
WristRight;-0.9983147;-0.2038593;2.840301;
WristLeft;-1.057109;-0.2769634;3.249363;
HandRight;-1.032181;-0.2702446;2.845953;
HandLeft;-1.08127;-0.3455795;3.266508;
Spine;-0.8167186;-0.0064329;3.068159;
HipCenter;-0.8210811;-0.09160083;3.071883;
HipRight;-0.7526061;-0.1007013;3.111256;
HipLeft;-0.8933004;-0.1710078;3.031336;
KneeRight;-0.7682912;-0.6779859;3.084021;
KneeLeft;-1.009438;-0.6834713;3.231914;
AnkleRight;-0.6959637;-1.036947;3.115099;
AnkleLeft;-0.9969189;-1.065255;3.24461;
FootRight;-0.7492551;-1.104469;3.126169;
FootLeft;-1.094862;-1.105061;3.295511;
Head;-0.9287012;0.6436635;3.108674;
ShoulderCenter;-0.8406743;0.4755005;3.062521;
ShoulderRight;-0.7757716;0.3337173;2.970629;
ShoulderLeft;-0.9386417;0.3177385;3.176017;
ElbowRight;-0.8525002;0.0574522;2.888748;
ElbowLeft;-0.9982545;0.009176642;3.265815;
WristRight;-1.029077;-0.1953607;2.841793;
WristLeft;-1.093156;-0.220194;3.247287;
HandRight;-1.075744;-0.2530071;2.848118;
HandLeft;-1.117219;-0.2885335;3.264363;
Spine;-0.8569245;0.05104153;3.065527;
HipCenter;-0.8601745;-0.03385027;3.069707;
HipRight;-0.8309773;-0.06602619;3.043061;
HipLeft;-0.8926927;-0.08841818;3.095083;
KneeRight;-0.7760918;-0.6714079;3.077644;
KneeLeft;-1.065686;-0.6704584;3.248829;
AnkleRight;-0.6974872;-1.03688;3.113431;
AnkleLeft;-1.142609;-1.068389;3.271367;
FootRight;-0.7490281;-1.105224;3.127151;
FootLeft;-1.247259;-1.11517;3.293595;
Head;-0.9622836;0.6450824;3.112079;
ShoulderCenter;-0.8761982;0.4766185;3.070271;
ShoulderRight;-0.8276954;0.3284805;2.972984;
ShoulderLeft;-0.9741655;0.3188565;3.183767;
ElbowRight;-0.8990335;0.05466142;2.890354;
ElbowLeft;-1.033642;0.01100019;3.273262;
WristRight;-1.094642;-0.173579;2.845469;
WristLeft;-1.128177;-0.2179125;3.255046;
HandRight;-1.16181;-0.2241868;2.847891;
HandLeft;-1.152191;-0.2861115;3.272088;
Spine;-0.8619665;0.01703784;3.053396;
HipCenter;-0.8589261;-0.08188153;3.050835;
HipRight;-0.8208852;-0.08295732;3.038429;
HipLeft;-0.8998098;-0.1407368;3.061527;
KneeRight;-0.8004301;-0.6597362;3.070517;
KneeLeft;-1.087716;-0.6665024;3.244328;
AnkleRight;-0.7006376;-1.036078;3.112519;
AnkleLeft;-1.24931;-1.071669;3.275352;
FootRight;-0.7476394;-1.108132;3.122922;
FootLeft;-1.363245;-1.096756;3.286956;
Head;-0.9239644;0.6551414;3.111542;
ShoulderCenter;-0.9275987;0.4659811;3.080597;
ShoulderRight;-0.8587986;0.3244972;2.976504;
ShoulderLeft;-1.025566;0.3082191;3.194093;
ElbowRight;-0.9401163;0.05357943;2.893017;
ElbowLeft;-1.084922;0.0009871423;3.28331;
WristRight;-1.147475;-0.1752004;2.853189;
WristLeft;-1.179135;-0.2275195;3.265363;
HandRight;-1.223718;-0.2350666;2.86969;
HandLeft;-1.203127;-0.2956583;3.282389;
Spine;-0.9509344;0.01890732;3.064116;
HipCenter;-0.9556015;-0.07050744;3.064408;
HipRight;-0.9235861;-0.1033228;3.06708;
HipLeft;-0.9913868;-0.1099172;3.05758;
KneeRight;-0.8293831;-0.6562217;3.07201;
KneeLeft;-1.144669;-0.6487821;3.242465;
AnkleRight;-0.7060716;-1.034474;3.112309;
AnkleLeft;-1.316233;-1.058572;3.267201;
FootRight;-0.7578331;-1.103567;3.136277;
FootLeft;-1.423427;-1.096637;3.296352;
Head;-0.9551026;0.6457667;3.101146;
ShoulderCenter;-0.9766618;0.4621442;3.10234;
ShoulderRight;-0.9110428;0.3110526;2.989902;
ShoulderLeft;-1.074629;0.3043822;3.215836;
ElbowRight;-0.9996482;0.03968739;2.892246;
ElbowLeft;-0.8574455;0.08965185;3.255046;
WristRight;-1.179018;-0.1640978;2.856382;
WristLeft;-0.9643208;-0.1311312;3.208371;
HandRight;-1.268196;-0.2060558;2.876783;
HandLeft;-0.9883685;-0.1994268;3.225436;
Spine;-0.992012;0.04923856;3.0802;
HipCenter;-0.995082;-0.03334258;3.079364;
HipRight;-0.9638748;-0.08145734;3.033255;
HipLeft;-1.030468;-0.09763306;3.116927;
KneeRight;-0.8503128;-0.6563486;3.071233;
KneeLeft;-1.200576;-0.659253;3.249688;
AnkleRight;-0.7109605;-1.035009;3.111837;
AnkleLeft;-1.331956;-1.056321;3.269979;
FootRight;-0.7636231;-1.10724;3.131084;
FootLeft;-1.439733;-1.098412;3.291242;
Head;-1.096883;0.6256747;3.113167;
ShoulderCenter;-1.013641;0.4597408;3.107825;
ShoulderRight;-0.936909;0.3077669;2.995307;
ShoulderLeft;-1.111609;0.3019788;3.221321;
ElbowRight;-1.029539;0.03807112;2.89735;
ElbowLeft;-0.8944252;0.08724841;3.26049;
WristRight;-1.235293;-0.1622142;2.868485;
WristLeft;-1.001375;-0.1336892;3.213772;
HandRight;-1.313674;-0.2101607;2.880856;
HandLeft;-1.0254;-0.2019187;3.230821;
Spine;-1.028305;0.05137602;3.088235;
HipCenter;-1.031324;-0.03029318;3.087931;
HipRight;-0.9959139;-0.08007883;3.036997;
HipLeft;-1.072299;-0.1038727;3.131131;
KneeRight;-0.8814722;-0.6793367;3.078137;
KneeLeft;-1.234652;-0.6632316;3.248519;
AnkleRight;-0.7149625;-1.036825;3.112578;
AnkleLeft;-1.337524;-1.053797;3.268685;
FootRight;-0.7645175;-1.105966;3.130553;
FootLeft;-1.442629;-1.10256;3.28179;
Head;-1.126164;0.6207744;3.103724;
ShoulderCenter;-1.048506;0.4579045;3.1157;
ShoulderRight;-0.9895828;0.303486;3.005401;
ShoulderLeft;-1.146474;0.3001425;3.229196;
ElbowRight;-1.06819;0.04279274;2.912807;
ElbowLeft;-0.9292901;0.08541217;3.268326;
WristRight;-1.254934;-0.1608168;2.87489;
WristLeft;-1.03627;-0.1355874;3.221579;
HandRight;-1.32714;-0.2118823;2.874292;
HandLeft;-1.060265;-0.2037343;3.238607;
Spine;-1.065038;0.0451135;3.090354;
HipCenter;-1.068463;-0.03748602;3.088862;
HipRight;-1.042361;-0.06286772;3.050898;
HipLeft;-1.101612;-0.1085839;3.121411;
KneeRight;-0.9377865;-0.6846955;3.089518;
KneeLeft;-1.292119;-0.6642562;3.262727;
AnkleRight;-0.7203405;-1.041936;3.112893;
AnkleLeft;-1.350256;-1.042328;3.276214;
FootRight;-0.776316;-1.10778;3.121128;
FootLeft;-1.442434;-1.103409;3.281234;
Head;-1.186859;0.6177284;3.110956;
ShoulderCenter;-1.10329;0.4568267;3.121051;
ShoulderRight;-1.043764;0.3006205;3.015992;
ShoulderLeft;-1.201258;0.2990647;3.234547;
ElbowRight;-1.10291;0.04255314;2.921196;
ElbowLeft;-0.9840741;0.08433431;3.273639;
WristRight;-1.296276;-0.1699257;2.881209;
WristLeft;-1.091063;-0.1366831;3.226871;
HandRight;-1.368291;-0.227135;2.871689;
HandLeft;-1.115027;-0.2047428;3.243877;
Spine;-1.124081;0.05532634;3.100839;
HipCenter;-1.128239;-0.02497374;3.100403;
HipRight;-1.100215;-0.06543764;3.041026;
HipLeft;-1.162833;-0.1113842;3.150458;
KneeRight;-1.00049;-0.6860062;3.102013;
KneeLeft;-1.321428;-0.665902;3.265455;
AnkleRight;-0.7414216;-1.043975;3.115608;
AnkleLeft;-1.361666;-1.049548;3.280912;
FootRight;-0.792852;-1.111848;3.133237;
FootLeft;-1.462159;-1.109522;3.293053;
Head;-1.135542;0.6485748;3.136264;
ShoulderCenter;-1.134522;0.4627706;3.129437;
ShoulderRight;-1.065899;0.3085594;3.013692;
ShoulderLeft;-1.232489;0.3050086;3.242934;
ElbowRight;-1.136526;0.04269427;2.93054;
ElbowLeft;-1.026472;0.09834296;3.26062;
WristRight;-1.333341;-0.1726878;2.897429;
WristLeft;-1.133441;-0.1226325;3.21384;
HandRight;-1.374067;-0.2318318;2.875131;
HandLeft;-1.157351;-0.1905383;3.230808;
Spine;-1.144108;0.06422456;3.104175;
HipCenter;-1.146498;-0.01560293;3.102944;
HipRight;-1.114776;-0.06089106;3.044666;
HipLeft;-1.182304;-0.09767064;3.150075;
KneeRight;-1.137207;-0.6210886;3.102807;
KneeLeft;-1.364038;-0.696063;3.263047;
AnkleRight;-0.8381686;-0.966581;3.107828;
AnkleLeft;-1.36792;-1.039747;3.272339;
FootRight;-0.8323007;-1.077465;3.122354;
FootLeft;-1.463959;-1.105667;3.291939;
Head;-1.160977;0.6391833;3.13195;
ShoulderCenter;-1.191945;0.4596808;3.14156;
ShoulderRight;-1.122802;0.3068964;3.02287;
ShoulderLeft;-1.289912;0.3019188;3.255056;
ElbowRight;-1.167924;0.04616379;2.939533;
ElbowLeft;-1.09015;0.1096725;3.261874;
WristRight;-1.356562;-0.1974165;2.902049;
WristLeft;-1.197019;-0.111097;3.215109;
HandRight;-1.404441;-0.2778432;2.887602;
HandLeft;-1.220901;-0.178923;3.232057;
Spine;-1.192919;0.06791117;3.114897;
HipCenter;-1.191236;-0.01065067;3.112771;
HipRight;-1.156612;-0.05852307;3.056868;
HipLeft;-1.223371;-0.08994237;3.156447;
KneeRight;-1.197305;-0.63726;3.111085;
KneeLeft;-1.380819;-0.6787617;3.235372;
AnkleRight;-0.8790732;-0.9661719;3.11147;
AnkleLeft;-1.377812;-1.042714;3.27247;
FootRight;-0.8727658;-1.053139;3.103884;
FootLeft;-1.471083;-1.114405;3.286011;
Head;-1.220397;0.6383569;3.140112;
ShoulderCenter;-1.241164;0.4560565;3.146055;
ShoulderRight;-1.163003;0.3061529;3.032554;
ShoulderLeft;-1.339132;0.2982945;3.259551;
ElbowRight;-1.2;0.0441362;2.952595;
ElbowLeft;-1.115866;0.1041417;3.275169;
WristRight;-1.35691;-0.1838115;2.907464;
WristLeft;-1.222696;-0.1165482;3.228401;
HandRight;-1.405083;-0.2705349;2.895623;
HandLeft;-1.246568;-0.1843443;3.245342;
Spine;-1.223215;0.05965444;3.117353;
HipCenter;-1.221209;-0.01980815;3.115324;
HipRight;-1.184949;-0.06482431;3.068751;
HipLeft;-1.254958;-0.08883239;3.151052;
KneeRight;-1.232985;-0.6598901;3.120991;
KneeLeft;-1.378267;-0.7035654;3.180316;
AnkleRight;-0.9475874;-0.9717498;3.116725;
AnkleLeft;-1.384651;-1.043622;3.264571;
FootRight;-0.9496385;-1.065092;3.122857;
FootLeft;-1.450492;-1.11997;3.271732;
Head;-1.26512;0.5624758;3.140897;
ShoulderCenter;-1.273436;0.3779611;3.139777;
ShoulderRight;-1.19616;0.3099726;3.034257;
ShoulderLeft;-1.371404;0.2201991;3.253273;
ElbowRight;-1.23273;0.03550274;2.961532;
ElbowLeft;-1.166425;0.04802469;3.272945;
WristRight;-1.371414;-0.1869333;2.917274;
WristLeft;-1.273161;-0.172471;3.2262;
HandRight;-1.415404;-0.2755112;2.903419;
HandLeft;-1.297022;-0.2402379;3.243133;
Spine;-1.249258;0.01639581;3.120684;
HipCenter;-1.24128;-0.05102973;3.119791;
HipRight;-1.205782;-0.1166082;3.058008;
HipLeft;-1.272992;-0.1458139;3.171127;
KneeRight;-1.251637;-0.7495208;3.160633;
KneeLeft;-1.350661;-0.6353017;3.247185;
AnkleRight;-1.015592;-0.9917261;3.142274;
AnkleLeft;-1.389292;-1.052715;3.27511;
FootRight;-1.06199;-1.06406;3.126764;
FootLeft;-1.444198;-1.120522;3.278743;
Head;-1.292974;0.6232243;3.149844;
ShoulderCenter;-1.31018;0.3705575;3.150574;
ShoulderRight;-1.225401;0.3174552;3.037481;
ShoulderLeft;-1.408148;0.2127955;3.26407;
ElbowRight;-1.266731;0.03395748;2.973594;
ElbowLeft;-1.193534;0.07726564;3.279392;
WristRight;-1.394937;-0.2041559;2.925585;
WristLeft;-1.300161;-0.1430043;3.232673;
HandRight;-1.421577;-0.2825678;2.907593;
HandLeft;-1.323984;-0.2106639;3.24958;
Spine;-1.302346;0.0150657;3.128536;
HipCenter;-1.299807;-0.05583678;3.127464;
HipRight;-1.262284;-0.1050467;3.076435;
HipLeft;-1.332487;-0.1418617;3.165985;
KneeRight;-1.433129;-0.6244321;3.133466;
KneeLeft;-1.39611;-0.6265324;3.288909;
AnkleRight;-1.140384;-0.9706043;3.147296;
AnkleLeft;-1.387753;-1.05398;3.274928;
FootRight;-1.199697;-1.072558;3.156096;
FootLeft;-1.440392;-1.123769;3.276219;
Head;-1.328754;0.6352767;3.144012;
ShoulderCenter;-1.351079;0.3933704;3.152868;
ShoulderRight;-1.278378;0.3281692;3.048629;
ShoulderLeft;-1.449046;0.2356084;3.266365;
ElbowRight;-1.286054;0.03780166;2.98144;
ElbowLeft;-1.233241;0.1046009;3.281021;
WristRight;-1.403209;-0.1788042;2.953949;
WristLeft;-1.339778;-0.1154842;3.234323;
HandRight;-1.429441;-0.2707496;2.925475;
HandLeft;-1.363616;-0.1831823;3.251239;
Spine;-1.3197;0.02574741;3.134839;
HipCenter;-1.31479;-0.04680255;3.134457;
HipRight;-1.271621;-0.1052297;3.066265;
HipLeft;-1.356695;-0.1576177;3.208596;
KneeRight;-1.519159;-0.6028157;3.113683;
KneeLeft;-1.413396;-0.6499276;3.292045;
AnkleRight;-1.286755;-0.9887602;3.174328;
AnkleLeft;-1.398897;-1.052944;3.255887;
FootRight;-1.361263;-1.079887;3.186621;
FootLeft;-1.495527;-1.117844;3.277269;
Head;-1.372461;0.659623;3.149538;
ShoulderCenter;-1.386773;0.4686329;3.156803;
ShoulderRight;-1.300967;0.3227235;3.050254;
ShoulderLeft;-1.48474;0.3108709;3.270299;
ElbowRight;-1.318025;0.03568168;2.98361;
ElbowLeft;-1.269434;0.1030072;3.297273;
WristRight;-1.411317;-0.1919191;2.95015;
WristLeft;-1.376014;-0.1171653;3.25054;
HandRight;-1.439216;-0.2865789;2.93497;
HandLeft;-1.399871;-0.1849192;3.26747;
Spine;-1.357716;0.0431158;3.148064;
HipCenter;-1.350123;-0.04132196;3.149017;
HipRight;-1.316246;-0.09592643;3.104202;
HipLeft;-1.38604;-0.109783;3.192789;
KneeRight;-1.540122;-0.6275308;3.127499;
KneeLeft;-1.442598;-0.6670599;3.301305;
AnkleRight;-1.384422;-1.050861;3.16672;
AnkleLeft;-1.371724;-1.065567;3.257605;
FootRight;-1.442663;-1.101095;3.125438;
FootLeft;-1.384077;-1.139008;3.303141;
Head;-1.436002;0.6400162;3.183586;
ShoulderCenter;-1.420702;0.4178677;3.159607;
ShoulderRight;-1.354192;0.3225954;3.044612;
ShoulderLeft;-1.518669;0.2601057;3.273103;
ElbowRight;-1.348613;0.03808822;2.981946;
ElbowLeft;-1.307798;0.05204663;3.302049;
WristRight;-1.419517;-0.197624;2.950107;
WristLeft;-1.414399;-0.1681694;3.255304;
HandRight;-1.446459;-0.2933167;2.939938;
HandLeft;-1.438276;-0.2359813;3.272249;
Spine;-1.38578;0.02606611;3.159433;
HipCenter;-1.37981;-0.05395093;3.163051;
HipRight;-1.340195;-0.104409;3.118512;
HipLeft;-1.406014;-0.1202556;3.202297;
KneeRight;-1.565849;-0.635777;3.137013;
KneeLeft;-1.47947;-0.6645202;3.265962;
AnkleRight;-1.451386;-1.058764;3.183711;
AnkleLeft;-1.384777;-1.078698;3.288868;
FootRight;-1.536153;-1.109079;3.118378;
FootLeft;-1.449805;-1.080553;3.190109;
Head;-1.479099;0.6811324;3.158855;
ShoulderCenter;-1.468527;0.4823474;3.148162;
ShoulderRight;-1.375391;0.3288138;3.047171;
ShoulderLeft;-1.566494;0.3245854;3.261658;
ElbowRight;-1.361184;0.0416864;2.983396;
ElbowLeft;-1.361785;0.1272306;3.319166;
WristRight;-1.422829;-0.1965302;2.949866;
WristLeft;-1.468403;-0.09302005;3.272394;
HandRight;-1.443172;-0.2944815;2.948263;
HandLeft;-1.492309;-0.160915;3.289359;
Spine;-1.424555;0.06593092;3.169141;
HipCenter;-1.41576;-0.01735239;3.176971;
HipRight;-1.364506;-0.0763853;3.123351;
HipLeft;-1.448525;-0.10181;3.233737;
KneeRight;-1.536489;-0.5511401;3.169486;
KneeLeft;-1.513351;-0.6694485;3.25746;
AnkleRight;-1.447717;-0.9930209;3.240938;
AnkleLeft;-1.598948;-1.070674;3.146105;
FootRight;-1.513884;-1.043762;3.180632;
FootLeft;-1.665116;-1.121415;3.085799;
Head;-1.511716;0.6575328;3.152728;
ShoulderCenter;-1.486449;0.4704783;3.138296;
ShoulderRight;-1.432966;0.3126769;3.037927;
ShoulderLeft;-1.584416;0.3127163;3.251792;
ElbowRight;-1.395082;0.04892191;2.986938;
ElbowLeft;-1.39588;0.1189412;3.333145;
WristRight;-1.450094;-0.1910839;2.957535;
WristLeft;-1.502449;-0.1012087;3.286367;
HandRight;-1.461961;-0.2905401;2.957803;
HandLeft;-1.526381;-0.1691768;3.303351;
Spine;-1.447952;0.0584305;3.171101;
HipCenter;-1.44118;-0.02420118;3.181514;
HipRight;-1.41347;-0.09117611;3.133616;
HipLeft;-1.463238;-0.1037831;3.238804;
KneeRight;-1.53845;-0.6368679;3.250972;
KneeLeft;-1.466937;-0.6724224;3.323269;
AnkleRight;-1.411334;-1.053198;3.270317;
AnkleLeft;-1.686846;-1.057741;3.189575;
FootRight;-1.454964;-1.12922;3.267582;
FootLeft;-1.663273;-1.128452;3.281885;
Head;-1.62608;0.6189473;3.116503;
ShoulderCenter;-1.524521;0.4676445;3.130504;
ShoulderRight;-1.45844;0.3156472;3.041445;
ShoulderLeft;-1.462983;0.3035691;2.993857;
ElbowRight;-1.416114;0.03621661;2.982577;
ElbowLeft;-1.440502;0.1764759;3.271542;
WristRight;-1.49465;-0.2265308;2.976248;
WristLeft;-1.533245;-0.04930098;3.288038;
HandRight;-1.451143;-0.2758442;2.942424;
HandLeft;-1.557151;-0.1171939;3.305002;
Spine;-1.526668;0.03743375;3.134159;
HipCenter;-1.526087;-0.04853317;3.138738;
HipRight;-1.527559;-0.08296759;3.105939;
HipLeft;-1.52414;-0.08450019;3.170769;
KneeRight;-1.626114;-0.5289486;3.216463;
KneeLeft;-1.4706;-0.6831624;3.324331;
AnkleRight;-1.477636;-0.9599974;3.262252;
AnkleLeft;-1.69051;-1.068481;3.19063;
FootRight;-1.384955;-1.004815;3.253365;
FootLeft;-1.6669;-1.139302;3.283084;
Head;-1.583575;0.6395581;3.106073;
ShoulderCenter;-1.562989;0.4609339;3.127762;
ShoulderRight;-1.502272;0.3095305;3.028968;
ShoulderLeft;-1.541471;0.3586113;3.009001;
ElbowRight;-1.46875;0.03774394;2.98766;
ElbowLeft;-1.47855;0.1892979;3.258577;
WristRight;-1.518229;-0.2257912;2.979179;
WristLeft;-1.551327;-0.04039182;3.290844;
HandRight;-1.474775;-0.2750448;2.945396;
HandLeft;-1.575204;-0.1082024;3.307789;
Spine;-1.562558;0.07489276;3.145795;
HipCenter;-1.56147;-0.002140608;3.153104;
HipRight;-1.544818;-0.05857773;3.10859;
HipLeft;-1.571913;-0.03705801;3.198775;
KneeRight;-1.662599;-0.5041945;3.202947;
KneeLeft;-1.489999;-0.6607534;3.306399;
AnkleRight;-1.518517;-0.9350002;3.25549;
AnkleLeft;-1.702141;-1.105211;3.184363;
FootRight;-1.477424;-0.9810846;3.172667;
FootLeft;-1.661048;-1.151296;3.10154;
Head;-1.596475;0.6308604;3.117242;
ShoulderCenter;-1.578618;0.4463766;3.121445;
ShoulderRight;-1.516998;0.3198889;3.056435;
ShoulderLeft;-1.524738;0.2566611;3.003317;
ElbowRight;-1.48364;0.02712305;2.990067;
ElbowLeft;-1.520234;0.02127278;3.041536;
WristRight;-1.545943;-0.2393238;2.983398;
WristLeft;-1.707093;-0.05198736;2.886393;
HandRight;-1.490926;-0.2584368;2.938195;
HandLeft;-1.730926;-0.1196744;2.903307;
Spine;-1.594202;0.01257629;3.162375;
HipCenter;-1.595759;-0.07273062;3.174812;
HipRight;-1.597903;-0.1000407;3.195792;
HipLeft;-1.594318;-0.08393678;3.156965;
KneeRight;-1.676126;-0.5639323;3.23542;
KneeLeft;-1.549078;-0.5827076;3.291042;
AnkleRight;-1.483955;-0.9792238;3.261157;
AnkleLeft;-1.480154;-1.036213;3.306513;
FootRight;-1.392173;-1.025574;3.252109;
FootLeft;-1.454888;-1.113129;3.39332;
Head;-1.61788;0.6161242;3.13613;
ShoulderCenter;-1.594115;0.4317482;3.138909;
ShoulderRight;-1.529625;0.3122096;3.081718;
ShoulderLeft;-1.548594;0.1344881;3.049607;
ElbowRight;-1.534503;-0.002302343;2.998704;
ElbowLeft;-1.566873;-0.103196;2.966654;
WristRight;-1.586469;-0.2633047;3.017861;
WristLeft;-1.521454;-0.3413375;2.982583;
HandRight;-1.603791;-0.3503055;3.029197;
HandLeft;-1.512071;-0.4143402;2.979184;
Spine;-1.569494;-0.06417574;3.253013;
HipCenter;-1.563493;-0.1623437;3.278253;
HipRight;-1.557059;-0.1797246;3.291328;
HipLeft;-1.565175;-0.2226686;3.280802;
KneeRight;-1.76847;-0.6900731;3.212158;
KneeLeft;-1.532949;-0.7244141;3.308701;
AnkleRight;-1.920676;-1.057499;3.136697;
AnkleLeft;-1.448727;-1.278576;3.334063;
FootRight;-1.834961;-1.103489;3.102209;
FootLeft;-1.424364;-1.32255;3.441577;
Head;-1.606763;0.3683072;3.255189;
ShoulderCenter;-1.603222;0.1367617;3.183363;
ShoulderRight;-1.537225;0.0199482;3.12787;
ShoulderLeft;-1.552315;-0.1554144;3.088001;
ElbowRight;-1.538224;-0.2922049;3.037134;
ElbowLeft;-1.632556;-0.08495504;2.839868;
WristRight;-1.59019;-0.5532072;3.056309;
WristLeft;-1.585064;-0.3005412;3.003591;
HandRight;-1.607512;-0.6402079;3.067645;
HandLeft;-1.570193;-0.3710753;2.988546;
Spine;-1.622673;-0.1545273;3.307216;
HipCenter;-1.626563;-0.2127851;3.335613;
HipRight;-1.624695;-0.215859;3.380898;
HipLeft;-1.633752;-0.2893974;3.321654;
KneeRight;-1.6213;-0.6790361;3.275167;
KneeLeft;-1.57851;-0.6742952;3.33168;
AnkleRight;-1.419537;-1.050401;3.271588;
AnkleLeft;-1.494288;-1.228457;3.357077;
FootRight;-1.4686;-1.123095;3.270048;
FootLeft;-1.469928;-1.272426;3.464579;
Head;-1.636724;0.3581093;3.270168;
ShoulderCenter;-1.638428;0.116848;3.255994;
ShoulderRight;-1.572431;3.447384E-05;3.200502;
ShoulderLeft;-1.661156;-0.04568234;3.226099;
ElbowRight;-1.658768;-0.2254735;3.197318;
ElbowLeft;-1.660301;-0.2871381;3.223035;
WristRight;-1.699613;-0.4627961;3.213948;
WristLeft;-1.67648;-0.485109;3.34794;
HandRight;-1.713228;-0.5419036;3.224434;
HandLeft;-1.681873;-0.5510993;3.394518;
Spine;-1.657626;-0.2416529;3.380676;
HipCenter;-1.661465;-0.313353;3.409237;
HipRight;-1.615538;-0.2921307;3.433495;
HipLeft;-1.709813;-0.379758;3.399517;
KneeRight;-1.73188;-0.758017;3.140585;
KneeLeft;-1.633859;-0.8185085;3.372366;
AnkleRight;-1.81565;-1.093467;2.91125;
AnkleLeft;-1.505402;-1.142953;3.304532;
FootRight;-1.825247;-1.15347;2.827912;
FootLeft;-1.515;-1.202956;3.221194;
Head;-1.591162;-0.5670497;3.333586;
ShoulderCenter;-1.587034;-0.8063262;3.316495;
ShoulderRight;-1.521037;-0.9231396;3.261003;
ShoulderLeft;-1.609762;-0.9688565;3.2866;
ElbowRight;-1.654859;-0.7234583;3.261943;
ElbowLeft;-1.658189;-0.6452739;3.238342;
WristRight;-1.676446;-1.029792;3.274305;
WristLeft;-1.726268;-0.413972;3.246933;
HandRight;-1.683641;-1.131903;3.283368;
HandLeft;-1.748961;-0.3368714;3.25474;
Spine;-1.674796;-0.6056306;3.337619;
HipCenter;-1.692348;-0.5654916;3.345468;
HipRight;-1.681267;-0.5518348;3.380879;
HipLeft;-1.732003;-0.5138068;3.313894;
KneeRight;-1.747553;-1.106714;3.352215;
KneeLeft;-1.637911;-0.9718156;3.35791;
AnkleRight;-1.428861;-1.015999;3.251328;
AnkleLeft;-1.550759;-1.095202;3.264249;
FootRight;-1.491988;-1.081423;3.271697;
FootLeft;-1.526426;-1.139121;3.371629;
Head;-1.649882;-0.6912391;3.339112;
ShoulderCenter;-1.590833;-0.8698802;3.331887;
ShoulderRight;-1.524836;-0.9866937;3.276395;
ShoulderLeft;-1.613561;-1.032411;3.301991;
ElbowRight;-1.658274;-0.7875863;3.277316;
ElbowLeft;-1.661849;-0.709758;3.253856;
WristRight;-1.680245;-1.093346;3.289798;
WristLeft;-1.729592;-0.4790627;3.262245;
HandRight;-1.687569;-1.195265;3.29889;
HandLeft;-1.752173;-0.4021643;3.269973;
Spine;-1.472467;-0.8697159;3.08952;
HipCenter;-1.448793;-0.869683;3.044662;
HipRight;-1.398256;-0.9092733;3.004032;
HipLeft;-1.454373;-0.8300303;2.9897;
KneeRight;-1.509752;-1.460553;3.290047;
KneeLeft;-1.786275;-0.903056;3.290182;
AnkleRight;-1.245333;-1.385287;3.201451;
AnkleLeft;-1.657818;-1.2275;3.22242;
FootRight;-1.262362;-1.486321;3.191173;
FootLeft;-1.674847;-1.328534;3.212141;
