Floor;-0.02663833;0.9996355;0.004357785;1.069374;
Head;1.343853;0.6987655;3.292756;
ShoulderCenter;1.427014;0.4917743;3.2447;
ShoulderRight;1.47907;0.3722714;3.114366;
ShoulderLeft;1.385256;0.3644695;3.409546;
ElbowRight;1.506024;0.09909273;3.031309;
ElbowLeft;1.340694;0.05650036;3.465668;
WristRight;1.420649;-0.1830996;2.963759;
WristLeft;1.191443;-0.1862076;3.41961;
HandRight;1.413659;-0.2633452;2.937807;
HandLeft;1.151144;-0.2338569;3.415357;
Spine;1.376151;0.1340604;3.226807;
HipCenter;1.365979;0.06251769;3.226601;
HipRight;1.376373;-0.01107404;3.14769;
HipLeft;1.334157;-0.01458493;3.294315;
KneeRight;1.301185;-0.6291657;3.120805;
KneeLeft;1.428796;-0.6273949;3.189421;
AnkleRight;1.383481;-0.9981824;3.061163;
AnkleLeft;1.481761;-0.9984797;3.121598;
FootRight;1.282115;-1.043322;3.009806;
FootLeft;1.369126;-1.023515;3.071167;
Head;1.274557;0.6613243;3.30713;
ShoulderCenter;1.397143;0.4858609;3.263683;
ShoulderRight;1.440647;0.367421;3.118681;
ShoulderLeft;1.337597;0.348377;3.412039;
ElbowRight;1.490978;0.09541573;3.027934;
ElbowLeft;1.28578;0.05744826;3.460055;
WristRight;1.416088;-0.183147;2.965248;
WristLeft;1.131887;-0.1779641;3.430938;
HandRight;1.413781;-0.2676677;2.937202;
HandLeft;1.081238;-0.2227822;3.417606;
Spine;1.338908;0.09465469;3.222421;
HipCenter;1.32844;0.01664688;3.216969;
HipRight;1.343808;-0.04135693;3.14723;
HipLeft;1.297843;-0.05142667;3.269317;
KneeRight;1.308825;-0.6327008;3.138376;
KneeLeft;1.443793;-0.6326748;3.197411;
AnkleRight;1.239617;-1.025576;3.052857;
AnkleLeft;1.490835;-1.002359;3.134755;
FootRight;1.132179;-1.067976;3.04767;
FootLeft;1.426927;-1.058931;3.139042;
Head;1.249479;0.6361207;3.265359;
ShoulderCenter;1.365026;0.4718156;3.271039;
ShoulderRight;1.399974;0.3568577;3.116234;
ShoulderLeft;1.318869;0.3550861;3.42512;
ElbowRight;1.472157;0.08566774;3.026774;
ElbowLeft;1.26095;0.06337214;3.468735;
WristRight;1.414147;-0.1881565;2.958405;
WristLeft;1.069278;-0.1502105;3.437277;
HandRight;1.412947;-0.2741622;2.936223;
HandLeft;1.010695;-0.1962232;3.416297;
Spine;1.323821;0.09334837;3.217614;
HipCenter;1.31399;0.01682459;3.210605;
HipRight;1.323235;-0.04594002;3.135963;
HipLeft;1.286158;-0.04909825;3.263001;
KneeRight;1.283974;-0.5635891;3.133079;
KneeLeft;1.445201;-0.6882049;3.186968;
AnkleRight;1.469215;-0.9651785;3.140762;
AnkleLeft;1.489093;-1.012356;3.135599;
FootRight;1.41871;-1.052425;3.137814;
FootLeft;1.42366;-1.056478;3.143177;
Head;1.212336;0.6402643;3.268958;
ShoulderCenter;1.33416;0.466691;3.28039;
ShoulderRight;1.36591;0.3506274;3.12802;
ShoulderLeft;1.258606;0.3475738;3.401569;
ElbowRight;1.428729;0.07250006;3.017;
ElbowLeft;1.184797;0.05594513;3.456637;
WristRight;1.405344;-0.196067;2.952188;
WristLeft;1.001754;-0.1277107;3.408584;
HandRight;1.405707;-0.2792873;2.937084;
HandLeft;0.9336658;-0.1783927;3.367833;
Spine;1.274828;0.08452331;3.219491;
HipCenter;1.26432;0.008313723;3.210367;
HipRight;1.283546;-0.05015071;3.141926;
HipLeft;1.23336;-0.05152632;3.255677;
KneeRight;1.403049;-0.6425295;3.201669;
KneeLeft;1.16796;-0.6373157;3.132486;
AnkleRight;1.479423;-0.9874467;3.14254;
AnkleLeft;1.466459;-0.9771085;3.135587;
FootRight;1.418966;-1.051511;3.137192;
FootLeft;1.436536;-1.051002;3.223624;
Head;1.157282;0.6380784;3.264732;
ShoulderCenter;1.278653;0.4571207;3.260371;
ShoulderRight;1.329636;0.3428959;3.119219;
ShoulderLeft;1.209857;0.3337236;3.376426;
ElbowRight;1.412989;0.06994034;3.019241;
ElbowLeft;1.135473;0.05201009;3.444552;
WristRight;1.388505;-0.1959403;2.942801;
WristLeft;0.9458019;-0.1230324;3.409326;
HandRight;1.388555;-0.2937337;2.934706;
HandLeft;0.8658175;-0.1612178;3.367213;
Spine;1.233662;0.1182958;3.21492;
HipCenter;1.224664;0.05053076;3.20926;
HipRight;1.242032;-0.01065359;3.140228;
HipLeft;1.190569;-0.01426159;3.258109;
KneeRight;1.385665;-0.6582425;3.206891;
KneeLeft;1.071169;-0.6586531;3.103272;
AnkleRight;1.477736;-0.9877432;3.140591;
AnkleLeft;1.425171;-0.9535286;3.127283;
FootRight;1.419713;-1.058706;3.134949;
FootLeft;1.420871;-1.041348;3.215077;
Head;1.133914;0.6381811;3.253881;
ShoulderCenter;1.233549;0.4589506;3.256081;
ShoulderRight;1.283657;0.3352234;3.12357;
ShoulderLeft;1.160044;0.3076347;3.377748;
ElbowRight;1.359203;0.0740172;3.026621;
ElbowLeft;1.081716;0.03341075;3.453689;
WristRight;1.361859;-0.2187062;2.94756;
WristLeft;0.8872492;-0.1206525;3.387499;
HandRight;1.365582;-0.3018118;2.931576;
HandLeft;0.8292499;-0.1613886;3.365639;
Spine;1.184058;0.04677331;3.203683;
HipCenter;1.174601;-0.03568008;3.196729;
HipRight;1.194728;-0.09345463;3.128623;
HipLeft;1.139812;-0.1057512;3.24589;
KneeRight;1.373023;-0.6561236;3.213086;
KneeLeft;1.041646;-0.6153076;3.117301;
AnkleRight;1.471574;-0.9875858;3.140046;
AnkleLeft;0.869472;-1.004706;3.094127;
FootRight;1.435868;-1.064413;3.162982;
FootLeft;0.7845961;-1.02585;3.086896;
Head;1.101853;0.6168463;3.242231;
ShoulderCenter;1.191446;0.4493314;3.251373;
ShoulderRight;1.244252;0.3283383;3.120561;
ShoulderLeft;1.121842;0.2983787;3.373448;
ElbowRight;1.334458;0.06647915;3.021039;
ElbowLeft;1.069677;0.03796623;3.447739;
WristRight;1.333769;-0.2306168;2.941281;
WristLeft;0.8497841;-0.1084498;3.367941;
HandRight;1.332648;-0.3147877;2.929107;
HandLeft;0.7879353;-0.1510089;3.356202;
Spine;1.164503;0.09924401;3.183731;
HipCenter;1.159735;0.02936848;3.173696;
HipRight;1.183916;-0.0136715;3.120293;
HipLeft;1.12875;-0.0273135;3.205349;
KneeRight;1.337513;-0.6738354;3.212944;
KneeLeft;1.095051;-0.6317647;3.167305;
AnkleRight;1.468023;-0.9801127;3.132164;
AnkleLeft;0.8629336;-1.007977;3.097387;
FootRight;1.417065;-1.047371;3.142185;
FootLeft;0.7848862;-1.038389;3.085554;
Head;1.036106;0.5998698;3.261418;
ShoulderCenter;1.141299;0.445318;3.236899;
ShoulderRight;1.207622;0.3193332;3.118118;
ShoulderLeft;1.088;0.3219883;3.407515;
ElbowRight;1.282612;0.04814112;3.023913;
ElbowLeft;1.011102;0.03679037;3.429209;
WristRight;1.28376;-0.2416476;2.93626;
WristLeft;0.8211313;-0.1195251;3.361322;
HandRight;1.299148;-0.3152292;2.928168;
HandLeft;0.7557434;-0.1488885;3.349638;
Spine;1.088904;0.04599284;3.198932;
HipCenter;1.078425;-0.0338722;3.194808;
HipRight;1.094;-0.1118152;3.111872;
HipLeft;1.042632;-0.1100153;3.259645;
KneeRight;1.322645;-0.7075461;3.225991;
KneeLeft;1.061216;-0.6243991;3.177092;
AnkleRight;1.461174;-1.004467;3.137866;
AnkleLeft;0.865038;-0.9887788;3.10843;
FootRight;1.401763;-1.05917;3.151725;
FootLeft;0.7845538;-1.029299;3.074177;
Head;0.9816803;0.6049668;3.254628;
ShoulderCenter;1.092695;0.4533069;3.225315;
ShoulderRight;1.162737;0.3220934;3.106119;
ShoulderLeft;1.04276;0.3309975;3.338886;
ElbowRight;1.23989;0.05450967;3.030636;
ElbowLeft;0.9764015;0.0394237;3.418541;
WristRight;1.256516;-0.2366285;2.941281;
WristLeft;0.7861122;-0.1168202;3.349811;
HandRight;1.24984;-0.3184409;2.937401;
HandLeft;0.7236992;-0.1653875;3.345435;
Spine;1.045519;0.0366306;3.180206;
HipCenter;1.035393;-0.04684088;3.17438;
HipRight;1.063332;-0.1102048;3.111036;
HipLeft;1.001606;-0.105798;3.22209;
KneeRight;1.253702;-0.7227567;3.233997;
KneeLeft;0.9194534;-0.6128527;3.141876;
AnkleRight;1.435141;-0.9892474;3.143621;
AnkleLeft;0.863693;-0.987256;3.107947;
FootRight;1.42093;-1.069756;3.155407;
FootLeft;0.807143;-1.046891;3.099688;
Head;0.9353892;0.6317772;3.241481;
ShoulderCenter;1.051152;0.4624889;3.224139;
ShoulderRight;1.109634;0.3303899;3.102844;
ShoulderLeft;0.9843838;0.3160252;3.332843;
ElbowRight;1.192916;0.06076815;3.030801;
ElbowLeft;0.9261891;0.02798648;3.413877;
WristRight;1.18815;-0.2303658;2.946417;
WristLeft;0.755634;-0.1494926;3.34375;
HandRight;1.193657;-0.324456;2.94014;
HandLeft;0.681906;-0.2152961;3.346419;
Spine;1.011601;0.05080469;3.172276;
HipCenter;1.003707;-0.03172806;3.165526;
HipRight;1.023474;-0.06925561;3.107806;
HipLeft;0.966375;-0.09663046;3.205925;
KneeRight;1.187548;-0.719873;3.23893;
KneeLeft;0.9151189;-0.6165297;3.146123;
AnkleRight;1.399978;-0.9625903;3.171641;
AnkleLeft;0.8536812;-0.9893087;3.105735;
FootRight;1.358401;-1.030605;3.152876;
FootLeft;0.7767417;-1.067289;3.09212;
Head;0.9010183;0.6119949;3.239828;
ShoulderCenter;1.01712;0.4589014;3.228341;
ShoulderRight;1.066021;0.3273597;3.097167;
ShoulderLeft;0.9557354;0.3121374;3.336805;
ElbowRight;1.141744;0.04789369;3.011756;
ElbowLeft;0.8712431;-0.005422528;3.378944;
WristRight;1.124666;-0.2267694;2.944946;
WristLeft;0.7101361;-0.2012583;3.357198;
HandRight;1.128542;-0.3158044;2.936447;
HandLeft;0.6608976;-0.2513677;3.374428;
Spine;0.9714363;0.03727148;3.155061;
HipCenter;0.9615338;-0.04763487;3.142819;
HipRight;0.9949729;-0.07447667;3.098145;
HipLeft;0.9276544;-0.1064348;3.172885;
KneeRight;1.028937;-0.5491825;3.256066;
KneeLeft;0.9061142;-0.6150424;3.153912;
AnkleRight;1.285992;-0.9087443;3.183191;
AnkleLeft;0.839899;-0.990906;3.104879;
FootRight;1.207569;-0.9485011;3.14718;
FootLeft;0.7747657;-1.067245;3.092385;
Head;0.8644097;0.6231928;3.237461;
ShoulderCenter;0.9877651;0.4611307;3.234967;
ShoulderRight;1.029978;0.3314853;3.097476;
ShoulderLeft;0.9233951;0.3140939;3.344028;
ElbowRight;1.087477;0.05365873;3.008106;
ElbowLeft;0.8333768;-0.01756817;3.348785;
WristRight;1.056429;-0.230771;2.942267;
WristLeft;0.7011044;-0.2313307;3.378274;
HandRight;1.043236;-0.3202269;2.931494;
HandLeft;0.6881767;-0.2401204;3.367166;
Spine;0.9340266;0.0488467;3.152653;
HipCenter;0.9231424;-0.03341306;3.139323;
HipRight;0.9397368;-0.06073342;3.092792;
HipLeft;0.8929931;-0.09005059;3.166683;
KneeRight;0.9877259;-0.5576354;3.244031;
KneeLeft;0.8944554;-0.6309304;3.167834;
AnkleRight;1.242817;-0.9240479;3.190434;
AnkleLeft;0.8368067;-0.9944642;3.104562;
FootRight;1.228635;-1.030968;3.209696;
FootLeft;0.7758937;-1.066988;3.089553;
Head;0.8284385;0.6378007;3.237584;
ShoulderCenter;0.9302754;0.47249;3.22051;
ShoulderRight;0.9887909;0.3335024;3.09871;
ShoulderLeft;0.8669881;0.3252569;3.329327;
ElbowRight;1.037948;0.0623774;3.002089;
ElbowLeft;0.8070604;-0.01570761;3.325013;
WristRight;0.9823487;-0.2227178;2.932938;
WristLeft;0.7008524;-0.2388921;3.379138;
HandRight;0.9773598;-0.3169672;2.926522;
HandLeft;0.6869786;-0.2495171;3.368453;
Spine;0.8734162;0.06353931;3.146071;
HipCenter;0.8620444;-0.01825084;3.134707;
HipRight;0.8851649;-0.05071133;3.082802;
HipLeft;0.8260397;-0.07845828;3.167687;
KneeRight;0.9235048;-0.5597017;3.240833;
KneeLeft;0.7846477;-0.6732133;3.131979;
AnkleRight;1.13645;-0.9452696;3.188372;
AnkleLeft;0.835406;-0.9993567;3.102958;
FootRight;1.12198;-1.038396;3.215817;
FootLeft;0.7768931;-1.054158;3.083044;
Head;0.764219;0.6291499;3.226956;
ShoulderCenter;0.8959022;0.4664147;3.226418;
ShoulderRight;0.9445032;0.3410941;3.097038;
ShoulderLeft;0.8326149;0.3191815;3.335235;
ElbowRight;0.9812723;0.0695327;2.997662;
ElbowLeft;0.7648894;-0.02219838;3.327158;
WristRight;0.911402;-0.2083655;2.945526;
WristLeft;0.7072732;-0.2647161;3.377945;
HandRight;0.9090342;-0.303659;2.937718;
HandLeft;0.6880679;-0.3455553;3.399721;
Spine;0.8191906;0.04635656;3.159031;
HipCenter;0.8051552;-0.03742407;3.148907;
HipRight;0.8220645;-0.07587692;3.112612;
HipLeft;0.7749043;-0.07860992;3.170461;
KneeRight;0.8058453;-0.6221498;3.129879;
KneeLeft;0.684144;-0.5647658;3.259019;
AnkleRight;0.9026321;-1.006734;3.149765;
AnkleLeft;0.819792;-0.9772768;3.109187;
FootRight;0.8053976;-1.054683;3.125406;
FootLeft;0.7737615;-1.062237;3.081707;
Head;0.7691146;0.6716366;3.203395;
ShoulderCenter;0.8590689;0.4807675;3.219413;
ShoulderRight;0.9106597;0.3476052;3.091118;
ShoulderLeft;0.7957817;0.3335343;3.32823;
ElbowRight;0.9322601;0.0804318;2.995074;
ElbowLeft;0.7333288;-0.005404413;3.319715;
WristRight;0.8246588;-0.1768102;2.947764;
WristLeft;0.7084756;-0.253993;3.357113;
HandRight;0.7935275;-0.2698611;2.939266;
HandLeft;0.6733903;-0.317238;3.365374;
Spine;0.7847682;0.06928499;3.142967;
HipCenter;0.7691298;-0.01228587;3.130667;
HipRight;0.7889313;-0.05043886;3.077769;
HipLeft;0.7347686;-0.06382234;3.164362;
KneeRight;0.805337;-0.6227009;3.128677;
KneeLeft;0.6736647;-0.5706344;3.249472;
AnkleRight;0.8498441;-1.010286;3.120903;
AnkleLeft;0.9498072;-0.9336401;3.232232;
FootRight;0.7813172;-1.067074;3.114658;
FootLeft;0.9259627;-1.03263;3.210573;
Head;0.6926278;0.6510638;3.231091;
ShoulderCenter;0.8248845;0.4817364;3.215267;
ShoulderRight;0.8619726;0.34874;3.082423;
ShoulderLeft;0.7615973;0.3345032;3.324083;
ElbowRight;0.8711699;0.09215599;2.984052;
ElbowLeft;0.6969382;-0.001032114;3.314504;
WristRight;0.7500076;-0.17242;2.930046;
WristLeft;0.6679006;-0.2490353;3.340375;
HandRight;0.7166353;-0.2630037;2.914494;
HandLeft;0.6510349;-0.3157997;3.362315;
Spine;0.7441401;0.06228436;3.179016;
HipCenter;0.7293802;-0.02164542;3.175547;
HipRight;0.7429186;-0.06063178;3.14195;
HipLeft;0.7028184;-0.06257721;3.199571;
KneeRight;0.7946193;-0.6361234;3.12974;
KneeLeft;0.6351004;-0.612627;3.244804;
AnkleRight;0.8395251;-1.001364;3.121027;
AnkleLeft;0.7621255;-1.003585;3.207152;
FootRight;0.778221;-1.066014;3.111539;
FootLeft;0.7273794;-1.076362;3.278111;
Head;0.660053;0.6337543;3.217551;
ShoulderCenter;0.7779298;0.4795703;3.20356;
ShoulderRight;0.8259633;0.3534936;3.07402;
ShoulderLeft;0.7146426;0.3323371;3.312376;
ElbowRight;0.7996783;0.0887549;2.981323;
ElbowLeft;0.6518445;-0.004763991;3.303067;
WristRight;0.6886698;-0.1328385;2.911578;
WristLeft;0.628163;-0.2541402;3.329504;
HandRight;0.6445411;-0.2203244;2.899417;
HandLeft;0.5978891;-0.3177952;3.348413;
Spine;0.723807;0.06004938;3.173169;
HipCenter;0.7114174;-0.02387639;3.170312;
HipRight;0.7231116;-0.06623708;3.13069;
HipLeft;0.6826651;-0.07042884;3.199094;
KneeRight;0.7880408;-0.6445593;3.125635;
KneeLeft;0.5798399;-0.6138895;3.242276;
AnkleRight;0.8259919;-1.003465;3.127187;
AnkleLeft;0.6939755;-1.018774;3.228001;
FootRight;0.7725416;-1.067001;3.103909;
FootLeft;0.649685;-1.073591;3.266342;
Head;0.6102873;0.6460859;3.216508;
ShoulderCenter;0.7259635;0.4789458;3.194276;
ShoulderRight;0.7772179;0.3520189;3.064364;
ShoulderLeft;0.6626762;0.3317126;3.303092;
ElbowRight;0.7466863;0.1056386;2.971362;
ElbowLeft;0.5995435;-0.00169602;3.293531;
WristRight;0.5807233;-0.165725;2.914607;
WristLeft;0.5733873;-0.2483999;3.318386;
HandRight;0.5394403;-0.2228388;2.899774;
HandLeft;0.5479652;-0.3125459;3.339008;
Spine;0.6817204;0.03957386;3.153316;
HipCenter;0.6728718;-0.04830053;3.148706;
HipRight;0.6892647;-0.08021676;3.116826;
HipLeft;0.6520194;-0.1037314;3.172153;
KneeRight;0.7570606;-0.6174716;3.113547;
KneeLeft;0.5259183;-0.6185083;3.23664;
AnkleRight;0.8282959;-0.9942313;3.114425;
AnkleLeft;0.5778169;-1.014732;3.235342;
FootRight;0.7883598;-1.064952;3.110216;
FootLeft;0.4982023;-1.059272;3.250322;
Head;0.5784621;0.6414295;3.226238;
ShoulderCenter;0.6928497;0.4776868;3.197309;
ShoulderRight;0.7516416;0.3542845;3.060848;
ShoulderLeft;0.6295624;0.3304536;3.306126;
ElbowRight;0.7209265;0.113303;2.964768;
ElbowLeft;0.567036;0.0002471507;3.296597;
WristRight;0.507215;-0.1428514;2.905282;
WristLeft;0.5407745;-0.2441177;3.320753;
HandRight;0.4617674;-0.1966867;2.896873;
HandLeft;0.5157273;-0.3073175;3.341072;
Spine;0.648331;0.02291584;3.163437;
HipCenter;0.6387568;-0.06873474;3.160601;
HipRight;0.650596;-0.1014076;3.135212;
HipLeft;0.6194301;-0.1181091;3.179154;
KneeRight;0.7524748;-0.6186839;3.110978;
KneeLeft;0.481274;-0.6184625;3.227007;
AnkleRight;0.8288665;-0.9928424;3.112045;
AnkleLeft;0.4492947;-1.011483;3.22205;
FootRight;0.7852798;-1.066499;3.109722;
FootLeft;0.353786;-1.060603;3.244162;
Head;0.5301899;0.6411306;3.207465;
ShoulderCenter;0.6394252;0.4732106;3.191926;
ShoulderRight;0.6917238;0.3447089;3.05632;
ShoulderLeft;0.576138;0.3259774;3.300743;
ElbowRight;0.6507373;0.09521574;2.950124;
ElbowLeft;0.5141848;-0.001201987;3.291247;
WristRight;0.4257852;-0.1445033;2.892178;
WristLeft;0.4878411;-0.2433532;3.314764;
HandRight;0.3816031;-0.1989554;2.891356;
HandLeft;0.4630858;-0.3058166;3.334846;
Spine;0.5993316;0.01113298;3.156089;
HipCenter;0.5916458;-0.08119448;3.152504;
HipRight;0.6069096;-0.1131661;3.124061;
HipLeft;0.5703322;-0.1298948;3.173365;
KneeRight;0.7205395;-0.6152778;3.112914;
KneeLeft;0.4573138;-0.6165817;3.220281;
AnkleRight;0.8275165;-0.991686;3.110641;
AnkleLeft;0.3557857;-0.9845369;3.223336;
FootRight;0.7815518;-1.066495;3.10645;
FootLeft;0.2612439;-1.041325;3.23988;
Head;0.5167775;0.5893652;3.193265;
ShoulderCenter;0.5909994;0.36133;3.179491;
ShoulderRight;0.6363975;0.3309929;3.050873;
ShoulderLeft;0.5277122;0.2140968;3.288307;
ElbowRight;0.5962976;0.08757981;2.950089;
ElbowLeft;0.4662472;-0.1105042;3.278577;
WristRight;0.4085178;-0.09708209;2.903702;
WristLeft;0.4398463;-0.350768;3.301432;
HandRight;0.3669603;-0.1809755;2.889737;
HandLeft;0.4151483;-0.413087;3.321468;
Spine;0.5570765;-0.01328549;3.149457;
HipCenter;0.5559822;-0.08737139;3.147777;
HipRight;0.5648714;-0.124557;3.117906;
HipLeft;0.5348407;-0.1409425;3.167744;
KneeRight;0.704492;-0.6163599;3.111896;
KneeLeft;0.404177;-0.6284621;3.229183;
AnkleRight;0.8173001;-0.9846454;3.107535;
AnkleLeft;0.2756939;-1.000929;3.231703;
FootRight;0.7745829;-1.06542;3.100395;
FootLeft;0.1781963;-1.050258;3.231293;
Head;0.4534475;0.6047052;3.176244;
ShoulderCenter;0.5452849;0.3814372;3.172487;
ShoulderRight;0.6201209;0.3268211;3.048589;
ShoulderLeft;0.4819977;0.234204;3.281303;
ElbowRight;0.5389891;0.06634963;2.946666;
ElbowLeft;0.4208954;-0.08848175;3.271366;
WristRight;0.341588;-0.1009278;2.90638;
WristLeft;0.3944593;-0.3273426;3.293721;
HandRight;0.2686801;-0.1604569;2.916599;
HandLeft;0.3697564;-0.3896738;3.313761;
Spine;0.5214199;-0.01667435;3.148233;
HipCenter;0.5107073;-0.0966623;3.146666;
HipRight;0.5378779;-0.129486;3.119304;
HipLeft;0.482796;-0.1491327;3.166242;
KneeRight;0.6615837;-0.6181503;3.111486;
KneeLeft;0.3642694;-0.6262201;3.234987;
AnkleRight;0.8109929;-0.9842958;3.108188;
AnkleLeft;0.2601191;-0.9956869;3.230478;
FootRight;0.7725728;-1.065078;3.101511;
FootLeft;0.1654022;-1.055416;3.229064;
Head;0.4046054;0.5916426;3.179559;
ShoulderCenter;0.5113226;0.4518582;3.172219;
ShoulderRight;0.560452;0.3145805;3.05738;
ShoulderLeft;0.4480353;0.304625;3.281035;
ElbowRight;0.4836862;0.06496638;2.945127;
ElbowLeft;0.387273;-0.0162653;3.270895;
WristRight;0.2636206;-0.125688;2.923282;
WristLeft;0.3608095;-0.2538102;3.292782;
HandRight;0.1912447;-0.1724471;2.919991;
HandLeft;0.3362624;-0.3157481;3.312695;
Spine;0.4766952;-0.01232746;3.131206;
HipCenter;0.4707861;-0.1046581;3.127182;
HipRight;0.4952123;-0.1259792;3.10317;
HipLeft;0.4400977;-0.1455767;3.143563;
KneeRight;0.6249242;-0.6304739;3.122495;
KneeLeft;0.3229812;-0.6262618;3.234287;
AnkleRight;0.8062414;-0.9861532;3.108299;
AnkleLeft;0.2433944;-1.006458;3.223747;
FootRight;0.7705719;-1.065223;3.102088;
FootLeft;0.147048;-1.064093;3.216511;
Head;0.3600728;0.587362;3.181702;
ShoulderCenter;0.4824612;0.4474723;3.17168;
ShoulderRight;0.5278031;0.3112522;3.053269;
ShoulderLeft;0.419174;0.3002391;3.280496;
ElbowRight;0.4711196;0.06360253;2.947006;
ElbowLeft;0.3581551;-0.02200595;3.270342;
WristRight;0.2331529;-0.1208974;2.922307;
WristLeft;0.3317119;-0.2605439;3.292496;
HandRight;0.1606627;-0.1679272;2.915653;
HandLeft;0.3072977;-0.3221463;3.312301;
Spine;0.437218;-0.01568303;3.147271;
HipCenter;0.4267424;-0.1083175;3.147262;
HipRight;0.4499533;-0.1316818;3.121192;
HipLeft;0.3969738;-0.1506424;3.169224;
KneeRight;0.5700499;-0.6473315;3.114545;
KneeLeft;0.2735261;-0.6350821;3.237467;
AnkleRight;0.7951751;-0.9863019;3.107305;
AnkleLeft;0.2252214;-1.008448;3.213447;
FootRight;0.7625505;-1.065368;3.101755;
FootLeft;0.1338182;-1.071678;3.213415;
Head;0.3197706;0.6221491;3.166194;
ShoulderCenter;0.4259352;0.4481018;3.171525;
ShoulderRight;0.4832412;0.3125049;3.054263;
ShoulderLeft;0.3626479;0.3008687;3.280341;
ElbowRight;0.4202479;0.07131369;2.953752;
ElbowLeft;0.301418;-0.02249125;3.270157;
WristRight;0.1799696;-0.116968;2.923663;
WristLeft;0.2749936;-0.2618461;3.292524;
HandRight;0.1074549;-0.1663257;2.9101;
HandLeft;0.2506914;-0.3231662;3.312238;
Spine;0.384638;0.01532587;3.161478;
HipCenter;0.3763785;-0.07122934;3.163056;
HipRight;0.3964067;-0.1230176;3.103327;
HipLeft;0.3443533;-0.1451649;3.21718;
KneeRight;0.5199101;-0.659699;3.104406;
KneeLeft;0.2499006;-0.6381398;3.237322;
AnkleRight;0.7812449;-0.9947175;3.107643;
AnkleLeft;0.2233884;-1.010337;3.215461;
FootRight;0.7567261;-1.073541;3.099736;
FootLeft;0.1338513;-1.073318;3.214391;
Head;0.2775657;0.6263767;3.187498;
ShoulderCenter;0.3770492;0.457956;3.169386;
ShoulderRight;0.4374349;0.3242782;3.049895;
ShoulderLeft;0.3137619;0.3107228;3.278203;
ElbowRight;0.4075053;0.08001818;2.959999;
ElbowLeft;0.2523573;-0.0135597;3.267975;
WristRight;0.1881693;-0.09908381;2.929737;
WristLeft;0.2259501;-0.2535903;3.29051;
HandRight;0.1156972;-0.1557796;2.91496;
HandLeft;0.2016342;-0.3149448;3.310236;
Spine;0.3470548;0.002450655;3.165975;
HipCenter;0.3394377;-0.08872058;3.168931;
HipRight;0.3592972;-0.1165962;3.139896;
HipLeft;0.3108496;-0.1463691;3.199536;
KneeRight;0.4262919;-0.6255839;3.08233;
KneeLeft;0.2163157;-0.6436654;3.239942;
AnkleRight;0.7209978;-0.9673152;3.108345;
AnkleLeft;0.2196631;-1.012222;3.216266;
FootRight;0.7216205;-1.047686;3.090459;
FootLeft;0.1359203;-1.077498;3.217173;
Head;0.253033;0.5991838;3.201189;
ShoulderCenter;0.3529282;0.4507556;3.17538;
ShoulderRight;0.401957;0.3249077;3.056806;
ShoulderLeft;0.289641;0.3035225;3.284196;
ElbowRight;0.3577879;0.07944278;2.984946;
ElbowLeft;0.2280787;-0.02159283;3.273936;
WristRight;0.1863234;-0.09295908;2.932924;
WristLeft;0.2016882;-0.2622333;3.296627;
HandRight;0.11392;-0.1502561;2.917911;
HandLeft;0.1772807;-0.3238191;3.316427;
Spine;0.3059239;0.0008985883;3.176093;
HipCenter;0.2971287;-0.08867428;3.179677;
HipRight;0.3203875;-0.113696;3.156446;
HipLeft;0.2669086;-0.1341707;3.201344;
KneeRight;0.3419369;-0.6229002;3.084628;
KneeLeft;0.2013042;-0.6490769;3.227115;
AnkleRight;0.6553791;-0.9498069;3.103273;
AnkleLeft;0.2161046;-1.013752;3.215243;
FootRight;0.6814927;-1.02736;3.101106;
FootLeft;0.1379295;-1.081107;3.220593;
Head;0.1963948;0.620836;3.198961;
ShoulderCenter;0.3064258;0.459171;3.180544;
ShoulderRight;0.3574392;0.3241049;3.064485;
ShoulderLeft;0.2431386;0.3119379;3.28936;
ElbowRight;0.3450353;0.08232965;2.992838;
ElbowLeft;0.1814629;-0.01377574;3.279072;
WristRight;0.1657807;-0.09160119;2.937172;
WristLeft;0.1550853;-0.2548542;3.301875;
HandRight;0.09744365;-0.1540356;2.920273;
HandLeft;0.1305346;-0.3168013;3.321792;
Spine;0.2846354;0.001289879;3.161567;
HipCenter;0.2775773;-0.08975726;3.161192;
HipRight;0.2981052;-0.117034;3.123882;
HipLeft;0.2494802;-0.1398693;3.189293;
KneeRight;0.2819951;-0.6205642;3.088084;
KneeLeft;0.1591099;-0.6617302;3.216984;
AnkleRight;0.5830823;-0.932501;3.108161;
AnkleLeft;0.2069359;-1.011623;3.212935;
FootRight;0.5792527;-1.021456;3.095555;
FootLeft;0.1383977;-1.087453;3.231019;
Head;0.1743541;0.6325638;3.206775;
ShoulderCenter;0.2636508;0.477467;3.189926;
ShoulderRight;0.3374983;0.3272503;3.069256;
ShoulderLeft;0.2003636;0.3302339;3.298743;
ElbowRight;0.3216828;0.08340047;3.015395;
ElbowLeft;0.1386402;0.004267752;3.288336;
WristRight;0.1524235;-0.09067974;2.93829;
WristLeft;0.1122681;-0.2369955;3.311132;
HandRight;0.08776808;-0.158276;2.922929;
HandLeft;0.08753511;-0.2994027;3.331196;
Spine;0.2223026;0.02443378;3.17736;
HipCenter;0.2142649;-0.06627208;3.178431;
HipRight;0.2392534;-0.0902064;3.15837;
HipLeft;0.1829947;-0.1132255;3.195026;
KneeRight;0.1946811;-0.5965028;3.076293;
KneeLeft;0.1496904;-0.7022136;3.167716;
AnkleRight;0.5036448;-0.9226841;3.09176;
AnkleLeft;0.2059317;-1.025031;3.214139;
FootRight;0.470126;-1.004733;3.07333;
FootLeft;0.1382412;-1.087554;3.230856;
Head;0.1252018;0.5992074;3.202014;
ShoulderCenter;0.2248988;0.3748159;3.178757;
ShoulderRight;0.2917441;0.3421872;3.075696;
ShoulderLeft;0.1616115;0.2275828;3.287574;
ElbowRight;0.2649093;0.09476006;3.007082;
ElbowLeft;0.09975764;-0.09907216;3.277157;
WristRight;0.1323394;-0.1055895;2.938689;
WristLeft;0.07340136;-0.3408396;3.300093;
HandRight;0.0713505;-0.177646;2.924094;
HandLeft;0.04847744;-0.4037284;3.320312;
Spine;0.230783;-0.03463763;3.126458;
HipCenter;0.2319599;-0.1165283;3.119639;
HipRight;0.2632743;-0.1329426;3.088179;
HipLeft;0.2019672;-0.1920875;3.137245;
KneeRight;0.1415133;-0.6071361;3.089815;
KneeLeft;0.2265642;-0.7998112;3.04972;
AnkleRight;0.4127494;-0.941389;3.083226;
AnkleLeft;0.1926991;-1.027231;3.264263;
FootRight;0.3746128;-1.012969;3.055151;
FootLeft;0.1489022;-1.085406;3.222955;
Head;0.09681295;0.617386;3.184417;
ShoulderCenter;0.187244;0.3886095;3.176124;
ShoulderRight;0.2481439;0.3466484;3.078216;
ShoulderLeft;0.1239567;0.2413764;3.28494;
ElbowRight;0.2180217;0.07123044;3.005179;
ElbowLeft;0.06187315;-0.08649175;3.27454;
WristRight;0.09501517;-0.1353986;2.933676;
WristLeft;0.03554668;-0.3291468;3.297744;
HandRight;0.04123267;-0.2142104;2.922275;
HandLeft;0.01047427;-0.3924103;3.318083;
Spine;0.191094;-0.00491482;3.136362;
HipCenter;0.1927322;-0.08393774;3.13212;
HipRight;0.2214313;-0.1005813;3.106163;
HipLeft;0.165815;-0.1532468;3.147453;
KneeRight;0.06830169;-0.6067264;3.090093;
KneeLeft;0.1879774;-0.6134955;3.240541;
AnkleRight;0.2794984;-0.9895822;3.113721;
AnkleLeft;0.1888996;-1.029471;3.174502;
FootRight;0.2535044;-1.060268;3.08034;
FootLeft;0.1181508;-1.083498;3.241569;
Head;0.06475583;0.6071546;3.19787;
ShoulderCenter;0.1552434;0.3731042;3.172125;
ShoulderRight;0.2211136;0.3490838;3.074505;
ShoulderLeft;0.09195609;0.225871;3.280942;
ElbowRight;0.2090696;0.07735611;3.003701;
ElbowLeft;0.02967457;-0.1030425;3.27054;
WristRight;0.0954299;-0.1370537;2.938431;
WristLeft;-0.04398181;-0.2210083;3.460716;
HandRight;0.04428874;-0.2181197;2.928926;
HandLeft;-0.06853393;-0.2603303;3.529091;
Spine;0.1512803;-0.03524137;3.143625;
HipCenter;0.1516511;-0.1163467;3.14173;
HipRight;0.1831691;-0.1373823;3.113164;
HipLeft;0.1205613;-0.1889484;3.161716;
KneeRight;0.0138431;-0.6284569;3.096248;
KneeLeft;0.1624772;-0.6322711;3.239556;
AnkleRight;0.1804492;-1.014753;3.08624;
AnkleLeft;0.2243595;-1.042867;3.024585;
FootRight;0.1058821;-1.076395;3.077928;
FootLeft;0.1456539;-1.070054;3.099353;
Head;0.007202104;0.6235735;3.205654;
ShoulderCenter;0.1091916;0.391596;3.172833;
ShoulderRight;0.1741767;0.3451045;3.073135;
ShoulderLeft;0.04590438;0.2443628;3.281649;
ElbowRight;0.1664125;0.0668183;3.002466;
ElbowLeft;-0.01656828;-0.0855599;3.271247;
WristRight;0.03991782;-0.2151089;2.945479;
WristLeft;-0.1158547;-0.2167703;3.442603;
HandRight;0.01233265;-0.2763027;2.924028;
HandLeft;-0.1427012;-0.281923;3.442991;
Spine;0.1114265;-0.005373125;3.139846;
HipCenter;0.1118887;-0.08476645;3.136908;
HipRight;0.1406136;-0.1135531;3.113397;
HipLeft;0.08418929;-0.1382177;3.151662;
KneeRight;-0.04082661;-0.6271901;3.096045;
KneeLeft;0.1338829;-0.6494647;3.244592;
AnkleRight;0.09305595;-1.036983;3.105542;
AnkleLeft;0.188326;-1.04097;3.188597;
FootRight;-0.006605312;-1.087654;3.096212;
FootLeft;0.1034861;-1.053646;3.116289;
Head;-0.03161126;0.6124621;3.193184;
ShoulderCenter;0.061804;0.3741303;3.16254;
ShoulderRight;0.1505155;0.3469284;3.066966;
ShoulderLeft;-0.001483262;0.2268971;3.271356;
ElbowRight;0.1479928;0.06021447;3.000784;
ElbowLeft;-0.06370246;-0.1016872;3.26082;
WristRight;0.05052934;-0.1929051;2.934975;
WristLeft;-0.1938069;-0.2052704;3.429219;
HandRight;0.02386259;-0.2652713;2.924561;
HandLeft;-0.2371751;-0.2397981;3.490354;
Spine;0.03097671;0.009324245;3.12756;
HipCenter;0.02481126;-0.06363697;3.124233;
HipRight;0.05046112;-0.09200743;3.089904;
HipLeft;-0.009314204;-0.1355656;3.146348;
KneeRight;-0.1175834;-0.6139479;3.085146;
KneeLeft;0.117607;-0.6456802;3.25192;
AnkleRight;-0.06376407;-1.038516;3.072557;
AnkleLeft;0.1849789;-1.031696;3.192159;
FootRight;-0.1404355;-1.084045;3.072262;
FootLeft;0.1290392;-1.092254;3.191967;
Head;-0.06837025;0.64513;3.185743;
ShoulderCenter;0.03706057;0.4892524;3.173908;
ShoulderRight;0.09679881;0.3438886;3.062531;
ShoulderLeft;-0.02622669;0.3420192;3.282725;
ElbowRight;0.1272621;0.055445;2.994369;
ElbowLeft;-0.08867124;0.01224482;3.272209;
WristRight;0.04761472;-0.1775689;2.935039;
WristLeft;-0.2247483;-0.153277;3.382974;
HandRight;0.02852564;-0.2709822;2.926913;
HandLeft;-0.2798515;-0.2192295;3.371352;
Spine;-0.002630625;0.04547787;3.138986;
HipCenter;-0.005158966;-0.04639023;3.13395;
HipRight;0.01433588;-0.07165421;3.094502;
HipLeft;-0.0391847;-0.1043277;3.167307;
KneeRight;-0.1667654;-0.6063334;3.079757;
KneeLeft;0.07698431;-0.6158885;3.246439;
AnkleRight;-0.1786052;-1.02846;3.067036;
AnkleLeft;0.1873049;-1.017247;3.197964;
FootRight;-0.250433;-1.082007;3.045293;
FootLeft;0.1349943;-1.080666;3.210271;
Head;-0.1306155;0.6242063;3.200988;
ShoulderCenter;-0.01111101;0.4725818;3.174974;
ShoulderRight;0.07448282;0.3394456;3.057006;
ShoulderLeft;-0.07439826;0.3253486;3.28379;
ElbowRight;0.111391;0.05922217;2.991356;
ElbowLeft;-0.1793775;0.02554765;3.368392;
WristRight;0.04476716;-0.1799272;2.933954;
WristLeft;-0.3151817;-0.1800216;3.392601;
HandRight;0.03028577;-0.2744689;2.92598;
HandLeft;-0.3660739;-0.1969882;3.387458;
Spine;-0.04794955;0.02182251;3.130975;
HipCenter;-0.05531726;-0.06832936;3.125856;
HipRight;-0.02812257;-0.08954265;3.095451;
HipLeft;-0.08700175;-0.1229544;3.147141;
KneeRight;-0.1951076;-0.6043183;3.082646;
KneeLeft;0.07782703;-0.6155951;3.245079;
AnkleRight;-0.2817208;-1.030267;3.063915;
AnkleLeft;0.1841339;-1.009841;3.19797;
FootRight;-0.3837193;-1.074344;3.067601;
FootLeft;0.125496;-1.081271;3.203822;
Head;-0.1627756;0.6025517;3.149849;
ShoulderCenter;-0.04168789;0.4710947;3.171158;
ShoulderRight;0.01422369;0.3327222;3.050492;
ShoulderLeft;-0.1049751;0.3238614;3.279974;
ElbowRight;0.07531381;0.05198376;2.982375;
ElbowLeft;-0.2276366;0.03307092;3.375026;
WristRight;0.03042068;-0.1910118;2.924555;
WristLeft;-0.380077;-0.1627959;3.395917;
HandRight;0.02429875;-0.2872606;2.920504;
HandLeft;-0.4263555;-0.1889599;3.379;
Spine;-0.0932809;0.03908329;3.121961;
HipCenter;-0.1023037;-0.04709459;3.115926;
HipRight;-0.07726087;-0.07472544;3.078584;
HipLeft;-0.135157;-0.09685107;3.142919;
KneeRight;-0.2303367;-0.5298765;3.08035;
KneeLeft;-0.1256938;-0.6721817;3.145189;
AnkleRight;-0.3533517;-0.972266;3.07382;
AnkleLeft;0.1770028;-1.002742;3.19754;
FootRight;-0.4438437;-1.037477;3.078702;
FootLeft;0.128145;-1.080251;3.20478;
Head;-0.1797007;0.6209816;3.132374;
ShoulderCenter;-0.09122549;0.4693169;3.173042;
ShoulderRight;-0.01268125;0.3292354;3.044634;
ShoulderLeft;-0.1545128;0.3220837;3.281858;
ElbowRight;0.05573513;0.05137948;2.977391;
ElbowLeft;-0.2795836;0.02484509;3.353957;
WristRight;0.01390103;-0.200867;2.931115;
WristLeft;-0.4470147;-0.1513301;3.397053;
HandRight;0.01497554;-0.2972946;2.926062;
HandLeft;-0.5018705;-0.1926837;3.377686;
Spine;-0.1422729;0.009938754;3.117863;
HipCenter;-0.1524438;-0.08193549;3.110492;
HipRight;-0.1181633;-0.1082181;3.098736;
HipLeft;-0.1932708;-0.1147883;3.113929;
KneeRight;-0.2809289;-0.5280321;3.081078;
KneeLeft;-0.1571245;-0.6388709;3.148394;
AnkleRight;-0.3986014;-0.9712698;3.075221;
AnkleLeft;0.1463201;-0.9759721;3.190694;
FootRight;-0.4856861;-1.041162;3.074803;
FootLeft;0.1424392;-1.083514;3.216413;
Head;-0.2542024;0.5886147;3.133033;
ShoulderCenter;-0.1357899;0.4552143;3.155234;
ShoulderRight;-0.06407967;0.320304;3.039393;
ShoulderLeft;-0.1990772;0.3079811;3.26405;
ElbowRight;0.00642709;0.04573055;2.973218;
ElbowLeft;-0.313665;0.01639402;3.364731;
WristRight;-0.004186032;-0.2038962;2.937073;
WristLeft;-0.4907357;-0.1550873;3.395702;
HandRight;-0.0003743321;-0.3007756;2.930914;
HandLeft;-0.5490667;-0.181554;3.380575;
Spine;-0.1682059;-0.006505288;3.085925;
HipCenter;-0.1756116;-0.09931639;3.074902;
HipRight;-0.1407447;-0.1176384;3.063005;
HipLeft;-0.2153386;-0.1431687;3.075636;
KneeRight;-0.30269;-0.5327346;3.075942;
KneeLeft;-0.1870796;-0.6280155;3.155184;
AnkleRight;-0.4082289;-0.9783292;3.076945;
AnkleLeft;0.1222657;-0.9602332;3.193245;
FootRight;-0.4955288;-1.048663;3.07673;
FootLeft;0.1099435;-1.063877;3.234163;
Head;-0.3097307;0.5943325;3.113877;
ShoulderCenter;-0.1935454;0.4546131;3.128256;
ShoulderRight;-0.1124122;0.3096757;3.024261;
ShoulderLeft;-0.2568326;0.30738;3.237072;
ElbowRight;-0.01651409;0.04143716;2.972707;
ElbowLeft;-0.3840266;0.02725562;3.348251;
WristRight;-0.05457627;-0.20895;2.940578;
WristLeft;-0.5502585;-0.1525377;3.38369;
HandRight;-0.04605512;-0.3057579;2.942617;
HandLeft;-0.6264499;-0.20472;3.353351;
Spine;-0.2088532;0.002586198;3.077024;
HipCenter;-0.2100156;-0.08874551;3.070318;
HipRight;-0.1609361;-0.1201136;3.058109;
HipLeft;-0.2627682;-0.1182602;3.074595;
KneeRight;-0.3829985;-0.6129993;3.096236;
KneeLeft;-0.2459373;-0.6211237;3.159707;
AnkleRight;-0.430244;-1.031501;3.084495;
AnkleLeft;0.08171186;-0.9400318;3.191583;
FootRight;-0.5307868;-1.081584;3.077399;
FootLeft;0.09602751;-1.045553;3.228023;
Head;-0.3491388;0.5948159;3.139571;
ShoulderCenter;-0.2272283;0.4495994;3.122053;
ShoulderRight;-0.1471279;0.3033017;3.014506;
ShoulderLeft;-0.2905155;0.3023662;3.230869;
ElbowRight;-0.0696523;0.02368555;2.965316;
ElbowLeft;-0.4126797;0.02182347;3.34331;
WristRight;-0.06736359;-0.2249893;2.933129;
WristLeft;-0.5890281;-0.1579292;3.378317;
HandRight;-0.06623724;-0.3222371;2.936306;
HandLeft;-0.6328254;-0.20011;3.339907;
Spine;-0.2241009;-0.01696001;3.057027;
HipCenter;-0.2243343;-0.1120798;3.045952;
HipRight;-0.1867161;-0.1291612;3.01774;
HipLeft;-0.2655023;-0.1743399;3.054563;
KneeRight;-0.4295402;-0.6273841;3.09345;
KneeLeft;-0.1714306;-0.6276111;3.221039;
AnkleRight;-0.4358572;-1.02896;3.083988;
AnkleLeft;0.1228668;-0.9838234;3.206386;
FootRight;-0.5351055;-1.084117;3.08133;
FootLeft;0.07897539;-1.076346;3.255504;
Head;-0.4001916;0.5996611;3.13254;
ShoulderCenter;-0.2762887;0.4555617;3.114692;
ShoulderRight;-0.2007457;0.3069291;3.007883;
ShoulderLeft;-0.3395759;0.3083285;3.223509;
ElbowRight;-0.1187919;0.02911333;2.952478;
ElbowLeft;-0.4637323;0.02923873;3.334316;
WristRight;-0.1208906;-0.231017;2.914903;
WristLeft;-0.6091322;-0.1658664;3.369415;
HandRight;-0.1156209;-0.3279046;2.921788;
HandLeft;-0.6646171;-0.2008204;3.339935;
Spine;-0.3047807;-0.01584087;3.064237;
HipCenter;-0.3104764;-0.1101217;3.057809;
HipRight;-0.2749773;-0.1327745;3.026709;
HipLeft;-0.3506447;-0.1647589;3.079091;
KneeRight;-0.4475922;-0.6211517;3.091711;
KneeLeft;-0.196425;-0.7048934;3.239624;
AnkleRight;-0.4500109;-1.02485;3.082275;
AnkleLeft;0.08306592;-0.9773439;3.193612;
FootRight;-0.5449333;-1.088096;3.082226;
FootLeft;0.04606996;-1.079874;3.205427;
Head;-0.448213;0.5969494;3.137333;
ShoulderCenter;-0.3187385;0.4583578;3.113343;
ShoulderRight;-0.2355573;0.3063003;2.996117;
ShoulderLeft;-0.3820258;0.3111246;3.222159;
ElbowRight;-0.1630056;0.02825382;2.939974;
ElbowLeft;-0.5056925;0.0330863;3.33241;
WristRight;-0.1733071;-0.2339379;2.894329;
WristLeft;-0.6324604;-0.1768701;3.350526;
HandRight;-0.1691644;-0.3306349;2.902935;
HandLeft;-0.6872632;-0.2211702;3.336663;
Spine;-0.3343643;-0.01631705;3.056115;
HipCenter;-0.3380237;-0.1111403;3.048545;
HipRight;-0.2993233;-0.1330414;3.026046;
HipLeft;-0.3813771;-0.1603282;3.058705;
KneeRight;-0.4822268;-0.6127442;3.084683;
KneeLeft;-0.3804037;-0.655264;3.152501;
AnkleRight;-0.4527165;-1.025079;3.082413;
AnkleLeft;-0.008181632;-0.9225112;3.191273;
FootRight;-0.5462521;-1.091465;3.089954;
FootLeft;0.01975923;-1.032719;3.208196;
Head;-0.4888965;0.5935651;3.119266;
ShoulderCenter;-0.3609788;0.4570722;3.115585;
ShoulderRight;-0.2897282;0.3042023;2.994101;
ShoulderLeft;-0.424266;0.309839;3.224401;
ElbowRight;-0.2110068;0.03621719;2.917852;
ElbowLeft;-0.5484707;0.03063145;3.335199;
WristRight;-0.2216815;-0.2234756;2.87426;
WristLeft;-0.650225;-0.1951754;3.340778;
HandRight;-0.227617;-0.3200098;2.88602;
HandLeft;-0.6981224;-0.213224;3.336959;
Spine;-0.3916451;-0.01942079;3.04638;
HipCenter;-0.3970431;-0.114697;3.036173;
HipRight;-0.3626786;-0.1376843;3.006718;
HipLeft;-0.4356449;-0.1664982;3.053251;
KneeRight;-0.4860912;-0.6144031;3.083514;
KneeLeft;-0.3920261;-0.6539223;3.163637;
AnkleRight;-0.4554349;-1.025859;3.082397;
AnkleLeft;-0.06108207;-0.9302561;3.199629;
FootRight;-0.5477399;-1.094674;3.093603;
FootLeft;-0.07607917;-1.040284;3.232038;
Head;-0.4987014;0.6060681;3.078146;
ShoulderCenter;-0.4008719;0.4599161;3.110844;
ShoulderRight;-0.3264644;0.3149441;2.994682;
ShoulderLeft;-0.4641592;0.3126829;3.21966;
ElbowRight;-0.2617629;0.04286715;2.911836;
ElbowLeft;-0.5888783;0.03228652;3.331013;
WristRight;-0.2767065;-0.2039119;2.862606;
WristLeft;-0.653151;-0.2084841;3.329784;
HandRight;-0.2849151;-0.3015447;2.87199;
HandLeft;-0.7045332;-0.2347167;3.336421;
Spine;-0.4254653;-0.01352855;3.047411;
HipCenter;-0.4310363;-0.108138;3.03833;
HipRight;-0.4008;-0.1290002;3.016077;
HipLeft;-0.4673791;-0.1561423;3.050544;
KneeRight;-0.5041901;-0.6149161;3.075989;
KneeLeft;-0.4175267;-0.6706106;3.174021;
AnkleRight;-0.4610956;-1.02734;3.080739;
AnkleLeft;-0.1567048;-0.9353909;3.188727;
FootRight;-0.5521971;-1.098127;3.09437;
FootLeft;-0.1829079;-1.035389;3.209964;
Head;-0.5204248;0.614889;3.067215;
ShoulderCenter;-0.4368294;0.4647124;3.106615;
ShoulderRight;-0.3523975;0.3166189;2.989232;
ShoulderLeft;-0.5001166;0.3174792;3.215431;
ElbowRight;-0.3290418;0.04692389;2.921801;
ElbowLeft;-0.6244071;0.03807151;3.326363;
WristRight;-0.3851469;-0.1945796;2.887223;
WristLeft;-0.6547269;-0.2086421;3.319618;
HandRight;-0.3860911;-0.2928697;2.890755;
HandLeft;-0.7045091;-0.2539849;3.329846;
Spine;-0.4459613;-0.01071003;3.047997;
HipCenter;-0.4482589;-0.1057431;3.039583;
HipRight;-0.414937;-0.128763;3.012062;
HipLeft;-0.4851183;-0.1600365;3.05676;
KneeRight;-0.5204406;-0.6335697;3.076085;
KneeLeft;-0.4209738;-0.7151084;3.218146;
AnkleRight;-0.462734;-1.02701;3.079657;
AnkleLeft;-0.2093173;-0.9832243;3.195672;
FootRight;-0.5524943;-1.10087;3.094014;
FootLeft;-0.2898892;-1.061374;3.229125;
Head;-0.5643214;0.6254538;3.04955;
ShoulderCenter;-0.4861156;0.4769952;3.097697;
ShoulderRight;-0.413917;0.3273971;2.992557;
ShoulderLeft;-0.5494028;0.329762;3.206513;
ElbowRight;-0.3951374;0.06228323;2.915645;
ElbowLeft;-0.6733528;0.05110937;3.317039;
WristRight;-0.4560944;-0.2153396;2.897076;
WristLeft;-0.6801292;-0.2154833;3.268437;
HandRight;-0.4559585;-0.299455;2.895477;
HandLeft;-0.7137845;-0.2667752;3.307281;
Spine;-0.4986978;-0.009808749;3.055293;
HipCenter;-0.5012142;-0.1071695;3.050482;
HipRight;-0.4665953;-0.1269935;3.042009;
HipLeft;-0.5374106;-0.1483742;3.052454;
KneeRight;-0.5251421;-0.6432362;3.073285;
KneeLeft;-0.4750309;-0.6475765;3.232831;
AnkleRight;-0.4621721;-1.027798;3.085274;
AnkleLeft;-0.3695506;-0.9813649;3.194357;
FootRight;-0.5441559;-1.102609;3.082049;
FootLeft;-0.3942236;-1.073538;3.239329;
Head;-0.6342481;0.6162619;3.081129;
ShoulderCenter;-0.5250466;0.4126536;3.090706;
ShoulderRight;-0.4429228;0.3341324;2.984262;
ShoulderLeft;-0.5883338;0.2654204;3.199523;
ElbowRight;-0.4476161;0.06621371;2.915786;
ElbowLeft;-0.7119874;-0.01256591;3.309681;
WristRight;-0.5319619;-0.1749276;2.895138;
WristLeft;-0.7190602;-0.279825;3.261398;
HandRight;-0.5429557;-0.2717283;2.882063;
HandLeft;-0.7556064;-0.3350274;3.291325;
Spine;-0.5521748;-0.0362419;3.084664;
HipCenter;-0.5576004;-0.126021;3.087129;
HipRight;-0.529007;-0.1556963;3.085684;
HipLeft;-0.590388;-0.1657464;3.086178;
KneeRight;-0.5295085;-0.6645379;3.066756;
KneeLeft;-0.7184578;-0.602478;3.189276;
AnkleRight;-0.4643797;-1.028441;3.08781;
AnkleLeft;-0.4197038;-0.9541768;3.184776;
FootRight;-0.5441918;-1.102592;3.082242;
FootLeft;-0.5109978;-1.022376;3.213094;
Head;-0.6510455;0.6424471;3.061251;
ShoulderCenter;-0.5581377;0.4814817;3.073661;
ShoulderRight;-0.4901252;0.3331241;2.969327;
ShoulderLeft;-0.6214249;0.3342485;3.182477;
ElbowRight;-0.5063485;0.05510624;2.907039;
ElbowLeft;-0.7445952;0.05734861;3.292115;
WristRight;-0.6213697;-0.2099165;2.879116;
WristLeft;-0.7521513;-0.2109968;3.24439;
HandRight;-0.6509277;-0.2831054;2.868824;
HandLeft;-0.7886161;-0.2660764;3.274251;
Spine;-0.5679253;-0.01925703;3.057318;
HipCenter;-0.570177;-0.1177608;3.058825;
HipRight;-0.5311;-0.1312319;3.032255;
HipLeft;-0.6079375;-0.1630816;3.073864;
KneeRight;-0.5437862;-0.7069882;3.078205;
KneeLeft;-0.6932809;-0.7355268;3.176215;
AnkleRight;-0.473665;-1.037662;3.086839;
AnkleLeft;-0.6314269;-1.066432;3.195632;
FootRight;-0.5441893;-1.102649;3.082308;
FootLeft;-0.7081805;-1.111452;3.147314;
Head;-0.731306;0.5976112;3.089091;
ShoulderCenter;-0.5856854;0.4769911;3.076303;
ShoulderRight;-0.506928;0.3345077;2.968368;
ShoulderLeft;-0.6489726;0.329758;3.185119;
ElbowRight;-0.5555019;0.05983848;2.893812;
ElbowLeft;-0.7718911;0.05342433;3.294505;
WristRight;-0.6982813;-0.2020342;2.854836;
WristLeft;-0.779699;-0.2154874;3.247081;
HandRight;-0.739028;-0.2692319;2.840956;
HandLeft;-0.8160825;-0.2704443;3.276875;
Spine;-0.6192094;-0.006073453;3.065573;
HipCenter;-0.6240671;-0.1023853;3.066912;
HipRight;-0.5816433;-0.121016;3.054194;
HipLeft;-0.6696784;-0.1469521;3.076861;
KneeRight;-0.5455893;-0.6790698;3.053316;
KneeLeft;-0.7773777;-0.6496162;3.194746;
AnkleRight;-0.4773156;-1.02724;3.083651;
AnkleLeft;-0.729304;-1.050989;3.201879;
FootRight;-0.543995;-1.104539;3.094934;
FootLeft;-0.8231773;-1.100619;3.251049;
Head;-0.7409402;0.6047422;3.051766;
ShoulderCenter;-0.648145;0.3747526;3.081056;
ShoulderRight;-0.5662335;0.3294022;2.962305;
ShoulderLeft;-0.7114322;0.2275194;3.189872;
ElbowRight;-0.6087302;0.05930644;2.892205;
ElbowLeft;-0.8340484;-0.0481351;3.298883;
WristRight;-0.7489402;-0.1609122;2.843489;
WristLeft;-0.8421586;-0.317726;3.251783;
HandRight;-0.8013154;-0.2437095;2.83701;
HandLeft;-0.8786637;-0.3728665;3.281678;
Spine;-0.6685435;-0.03879149;3.090743;
HipCenter;-0.6726232;-0.1215003;3.096351;
HipRight;-0.6473217;-0.1512673;3.093343;
HipLeft;-0.699789;-0.170626;3.097936;
KneeRight;-0.5559326;-0.6654689;3.051069;
KneeLeft;-0.8264987;-0.6692402;3.187546;
AnkleRight;-0.477353;-1.023317;3.082194;
AnkleLeft;-0.8600776;-1.032428;3.201584;
FootRight;-0.545819;-1.105636;3.095489;
FootLeft;-0.9474106;-1.093935;3.250707;
Head;-0.7770342;0.6102263;3.056872;
ShoulderCenter;-0.6810492;0.3763536;3.077746;
ShoulderRight;-0.5960287;0.3305546;2.961813;
ShoulderLeft;-0.7443365;0.2291204;3.186562;
ElbowRight;-0.6581892;0.07010449;2.888931;
ElbowLeft;-0.8666239;-0.04579479;3.29517;
WristRight;-0.8316665;-0.1864319;2.828558;
WristLeft;-0.8750629;-0.316125;3.248425;
HandRight;-0.8752066;-0.2433273;2.818321;
HandLeft;-0.9114668;-0.3711127;3.278236;
Spine;-0.6984551;-0.05004365;3.087522;
HipCenter;-0.7025247;-0.1355483;3.093087;
HipRight;-0.6741295;-0.1641149;3.092562;
HipLeft;-0.7356379;-0.1880271;3.09298;
KneeRight;-0.5905585;-0.6530835;3.056932;
KneeLeft;-0.8620074;-0.6614117;3.175541;
AnkleRight;-0.4776852;-1.02374;3.082024;
AnkleLeft;-0.9764764;-1.039119;3.214713;
FootRight;-0.5446438;-1.103965;3.093025;
FootLeft;-1.0802;-1.077269;3.254926;
Head;-0.8025179;0.5883236;3.043749;
ShoulderCenter;-0.7315335;0.3626244;3.073597;
ShoulderRight;-0.6407791;0.3254988;2.963089;
ShoulderLeft;-0.7948207;0.2153912;3.182414;
ElbowRight;-0.7203249;0.04702039;2.876181;
ElbowLeft;-0.9168129;-0.05886033;3.290655;
WristRight;-0.9082589;-0.1866806;2.823725;
WristLeft;-0.9255471;-0.3298541;3.244227;
HandRight;-0.9885217;-0.2300208;2.8384;
HandLeft;-0.9619218;-0.3847975;3.274015;
Spine;-0.7385464;-0.05670103;3.084223;
HipCenter;-0.7392656;-0.1406169;3.090085;
HipRight;-0.7117072;-0.1686396;3.087206;
HipLeft;-0.7683467;-0.1966262;3.092946;
KneeRight;-0.6296414;-0.6494102;3.065127;
KneeLeft;-0.9361153;-0.7474732;3.188453;
AnkleRight;-0.4805266;-1.021302;3.08141;
AnkleLeft;-1.087723;-1.043629;3.221742;
FootRight;-0.5446621;-1.104081;3.092588;
FootLeft;-1.192284;-1.083119;3.261215;
Head;-0.8652924;0.570609;3.086874;
ShoulderCenter;-0.7661456;0.3700997;3.068403;
ShoulderRight;-0.6911213;0.3133767;2.964741;
ShoulderLeft;-0.8294328;0.2228665;3.177219;
ElbowRight;-0.7785996;0.02604717;2.867566;
ElbowLeft;-0.9511831;-0.0508409;3.285155;
WristRight;-0.9722435;-0.1794111;2.825741;
WristLeft;-0.9601592;-0.3223788;3.238984;
HandRight;-1.052685;-0.2250869;2.835855;
HandLeft;-0.996506;-0.3772801;3.268749;
Spine;-0.7928109;-0.06893665;3.084591;
HipCenter;-0.7968856;-0.1570157;3.091704;
HipRight;-0.769253;-0.1762733;3.085278;
HipLeft;-0.828124;-0.2157017;3.099485;
KneeRight;-0.6324625;-0.6474881;3.060847;
KneeLeft;-0.9705628;-0.7456096;3.194203;
AnkleRight;-0.4868546;-1.018776;3.080433;
AnkleLeft;-1.134266;-1.050658;3.233815;
FootRight;-0.5414392;-1.102616;3.09291;
FootLeft;-1.244588;-1.081273;3.264851;
Head;-0.8954442;0.5673304;3.076466;
ShoulderCenter;-0.8134085;0.376435;3.060483;
ShoulderRight;-0.7406492;0.3036992;2.957472;
ShoulderLeft;-0.8766956;0.2292018;3.1693;
ElbowRight;-0.8072859;0.03797156;2.866416;
ElbowLeft;-0.9981454;-0.04383029;3.276862;
WristRight;-1.0189;-0.1623846;2.836917;
WristLeft;-1.007422;-0.3160436;3.231014;
HandRight;-1.103011;-0.2087948;2.835333;
HandLeft;-1.04375;-0.370917;3.260763;
Spine;-0.8270624;-0.02333438;3.079963;
HipCenter;-0.8296335;-0.1033097;3.087574;
HipRight;-0.8084116;-0.1459798;3.057034;
HipLeft;-0.8540806;-0.1609623;3.120653;
KneeRight;-0.6615672;-0.6519992;3.054328;
KneeLeft;-1.042285;-0.7294155;3.195904;
AnkleRight;-0.4893469;-1.020559;3.080531;
AnkleLeft;-1.139431;-1.047232;3.226281;
FootRight;-0.5452161;-1.105073;3.098221;
FootLeft;-1.246667;-1.097977;3.233898;
Head;-0.9477285;0.5693343;3.066909;
ShoulderCenter;-0.8623946;0.3769064;3.061077;
ShoulderRight;-0.7744457;0.3021839;2.960179;
ShoulderLeft;-0.9256819;0.2296732;3.169893;
ElbowRight;-0.852048;0.04347917;2.86902;
ElbowLeft;-1.047559;-0.04431984;3.277905;
WristRight;-1.07256;-0.1550141;2.840436;
WristLeft;-1.056408;-0.3155722;3.231555;
HandRight;-1.160211;-0.1984271;2.840091;
HandLeft;-1.092775;-0.3705032;3.261336;
Spine;-0.8681918;-0.01654244;3.085773;
HipCenter;-0.8697609;-0.09528604;3.094364;
HipRight;-0.8435307;-0.1442663;3.057754;
HipLeft;-0.8982993;-0.1605879;3.136272;
KneeRight;-0.7126325;-0.661796;3.049654;
KneeLeft;-1.055567;-0.6440966;3.189819;
AnkleRight;-0.4949383;-1.025126;3.080183;
AnkleLeft;-1.155527;-1.04601;3.220788;
FootRight;-0.5462013;-1.104734;3.098202;
FootLeft;-1.255304;-1.102496;3.227973;
Head;-1.007627;0.5523071;3.092394;
ShoulderCenter;-0.8971542;0.3727605;3.058969;
ShoulderRight;-0.8247309;0.303165;2.963101;
ShoulderLeft;-0.9604414;0.2255273;3.167786;
ElbowRight;-0.9053728;0.04328145;2.871805;
ElbowLeft;-0.7741642;0.03811645;3.294464;
WristRight;-1.114509;-0.1525391;2.845474;
WristLeft;-0.7549048;-0.1956399;3.212132;
HandRight;-1.1999;-0.2003509;2.848957;
HandLeft;-0.8291995;-0.2047089;3.148982;
Spine;-0.9261813;-0.02115762;3.093199;
HipCenter;-0.9306384;-0.09978043;3.103827;
HipRight;-0.9114268;-0.1555058;3.063732;
HipLeft;-0.9568896;-0.1682337;3.151861;
KneeRight;-0.7660013;-0.6665847;3.052477;
KneeLeft;-1.105676;-0.6881252;3.204193;
AnkleRight;-0.5216657;-1.028202;3.081097;
AnkleLeft;-1.166679;-1.053215;3.222222;
FootRight;-0.5579361;-1.107378;3.093581;
FootLeft;-1.268138;-1.114948;3.23018;
Head;-1.075134;0.5587598;3.122061;
ShoulderCenter;-0.9565448;0.3685471;3.070177;
ShoulderRight;-0.8656697;0.307985;2.964519;
ShoulderLeft;-1.019832;0.2213139;3.178993;
ElbowRight;-0.9345618;0.04059673;2.885093;
ElbowLeft;-0.8151824;0.03254439;3.262898;
WristRight;-1.149262;-0.1566401;2.842183;
WristLeft;-0.7959187;-0.2012649;3.180534;
HandRight;-1.216513;-0.2079862;2.84976;
HandLeft;-0.874091;-0.2096562;3.121939;
Spine;-0.9559118;-0.00820566;3.091401;
HipCenter;-0.9573079;-0.08399607;3.099874;
HipRight;-0.9344109;-0.1339136;3.062638;
HipLeft;-0.9837954;-0.1542172;3.141467;
KneeRight;-0.8717706;-0.6124642;3.043026;
KneeLeft;-1.135822;-0.6964192;3.208653;
AnkleRight;-0.5912343;-0.9708362;3.06866;
AnkleLeft;-1.171447;-1.055847;3.218451;
FootRight;-0.604983;-1.089285;3.066943;
FootLeft;-1.27326;-1.117592;3.225065;
Head;-1.095397;0.6087713;3.067878;
ShoulderCenter;-0.9982845;0.4533827;3.084114;
ShoulderRight;-0.9084113;0.309596;2.968169;
ShoulderLeft;-1.061572;0.3061495;3.19293;
ElbowRight;-0.9889042;0.0268465;2.901567;
ElbowLeft;-0.887674;0.04922968;3.27875;
WristRight;-1.211978;-0.1847897;2.854598;
WristLeft;-0.8487352;-0.1945609;3.216868;
HandRight;-1.287511;-0.2298744;2.861558;
HandLeft;-0.9250124;-0.2020317;3.155453;
Spine;-0.9949025;0.03347571;3.076439;
HipCenter;-0.9942261;-0.0505057;3.078613;
HipRight;-0.9620528;-0.1064838;3.017762;
HipLeft;-1.020198;-0.1435343;3.134411;
KneeRight;-0.9602057;-0.61492;3.052622;
KneeLeft;-1.15607;-0.7040627;3.202494;
AnkleRight;-0.6444275;-0.9461909;3.055834;
AnkleLeft;-1.179027;-1.054828;3.214647;
FootRight;-0.6221728;-1.045254;3.046133;
FootLeft;-1.272478;-1.123535;3.215302;
Head;-1.155328;0.5779427;3.056031;
ShoulderCenter;-1.030643;0.4476948;3.081836;
ShoulderRight;-0.9624198;0.3045609;2.970771;
ShoulderLeft;-1.09393;0.3004616;3.190653;
ElbowRight;-1.017558;0.02877464;2.905261;
ElbowLeft;-0.9196289;0.04294583;3.276725;
WristRight;-1.214639;-0.18398;2.857917;
WristLeft;-0.8810934;-0.2002489;3.214568;
HandRight;-1.29084;-0.2378434;2.867574;
HandLeft;-0.9567754;-0.2120808;3.152913;
Spine;-1.015872;0.03099085;3.069989;
HipCenter;-1.013378;-0.05248236;3.071512;
HipRight;-0.9803616;-0.1105512;3.008453;
HipLeft;-1.045462;-0.1348726;3.126413;
KneeRight;-1.059122;-0.6210833;3.069031;
KneeLeft;-1.172413;-0.6779157;3.134383;
AnkleRight;-0.7245827;-0.9356709;3.056558;
AnkleLeft;-1.183594;-1.054756;3.211668;
FootRight;-0.7262053;-1.052156;3.082397;
FootLeft;-1.266256;-1.12353;3.211178;
Head;-1.210581;0.593788;3.099974;
ShoulderCenter;-1.078789;0.459081;3.101923;
ShoulderRight;-0.9915836;0.3075084;2.978025;
ShoulderLeft;-1.142076;0.3118478;3.210739;
ElbowRight;-1.053528;0.02857112;2.906489;
ElbowLeft;-0.9673354;0.05368197;3.297052;
WristRight;-1.245026;-0.1951392;2.871915;
WristLeft;-0.9292399;-0.1888627;3.234576;
HandRight;-1.308979;-0.2671873;2.892223;
HandLeft;-1.00478;-0.2017668;3.172765;
Spine;-1.033452;0.02700705;3.070943;
HipCenter;-1.026949;-0.05796044;3.070281;
HipRight;-0.9899102;-0.1105503;3.011332;
HipLeft;-1.055457;-0.1349751;3.119576;
KneeRight;-1.093388;-0.6230136;3.079826;
KneeLeft;-1.190353;-0.6819268;3.104692;
AnkleRight;-0.8056925;-0.9343224;3.055827;
AnkleLeft;-1.185789;-1.052448;3.209455;
FootRight;-0.8340588;-1.037033;3.044862;
FootLeft;-1.259516;-1.121262;3.206114;
Head;-1.229865;0.5496309;3.101078;
ShoulderCenter;-1.123126;0.3910082;3.092977;
ShoulderRight;-1.044071;0.3196992;2.983836;
ShoulderLeft;-1.186414;0.243775;3.201793;
ElbowRight;-1.076751;0.03959271;2.912304;
ElbowLeft;-1.011255;-0.01500848;3.288354;
WristRight;-1.251953;-0.1969276;2.884176;
WristLeft;-0.9735771;-0.2569355;3.225585;
HandRight;-1.313755;-0.2729787;2.894837;
HandLeft;-1.049255;-0.2698421;3.163752;
Spine;-1.093023;-0.01522561;3.07652;
HipCenter;-1.087002;-0.09647238;3.076951;
HipRight;-1.052405;-0.1296628;3.040346;
HipLeft;-1.114185;-0.1633387;3.107141;
KneeRight;-1.132132;-0.7196946;3.1058;
KneeLeft;-1.167273;-0.7402348;3.193742;
AnkleRight;-0.8866363;-0.9524662;3.057515;
AnkleLeft;-1.193668;-1.073675;3.217807;
FootRight;-0.9486118;-1.039625;3.058854;
FootLeft;-1.262679;-1.127319;3.206629;
Head;-1.252174;0.578069;3.116306;
ShoulderCenter;-1.146526;0.3973882;3.0939;
ShoulderRight;-1.073623;0.3229662;2.985811;
ShoulderLeft;-1.209813;0.250155;3.202717;
ElbowRight;-1.107858;0.04017857;2.916131;
ElbowLeft;-1.034247;-0.009230405;3.289523;
WristRight;-1.253792;-0.1982885;2.887469;
WristLeft;-0.9969771;-0.2505555;3.22647;
HandRight;-1.3153;-0.27502;2.895185;
HandLeft;-1.072707;-0.2634711;3.164594;
Spine;-1.114442;-0.01025848;3.088666;
HipCenter;-1.108539;-0.09167717;3.091745;
HipRight;-1.070169;-0.1345782;3.043351;
HipLeft;-1.13996;-0.1701794;3.144331;
KneeRight;-1.276082;-0.6334775;3.116675;
KneeLeft;-1.17588;-0.7419621;3.215359;
AnkleRight;-1.075195;-0.9923788;3.12217;
AnkleLeft;-1.202066;-1.079245;3.194717;
FootRight;-1.14249;-1.084358;3.12228;
FootLeft;-1.272657;-1.131364;3.201845;
Head;-1.312264;0.5655004;3.128259;
ShoulderCenter;-1.200063;0.3985842;3.091112;
ShoulderRight;-1.128623;0.3234494;2.98959;
ShoulderLeft;-1.26335;0.251351;3.199928;
ElbowRight;-1.146023;0.02654905;2.928264;
ElbowLeft;-1.088127;-0.007527173;3.286479;
WristRight;-1.281191;-0.2363989;2.924937;
WristLeft;-1.132825;-0.3323048;3.209487;
HandRight;-1.321098;-0.2999756;2.915408;
HandLeft;-1.208559;-0.345221;3.147609;
Spine;-1.176553;-0.006712645;3.095979;
HipCenter;-1.171851;-0.08777202;3.100681;
HipRight;-1.141668;-0.133275;3.059591;
HipLeft;-1.195358;-0.1573485;3.140426;
KneeRight;-1.419989;-0.5701166;3.095251;
KneeLeft;-1.225177;-0.6757888;3.209849;
AnkleRight;-1.219102;-0.9290179;3.100718;
AnkleLeft;-1.195318;-1.012372;3.168104;
FootRight;-1.232213;-1.047289;3.094566;
FootLeft;-1.224148;-1.10342;3.096852;
Head;-1.352242;0.636269;3.092343;
ShoulderCenter;-1.256805;0.4766714;3.105709;
ShoulderRight;-1.153759;0.3313969;2.990496;
ShoulderLeft;-1.320092;0.3294382;3.214526;
ElbowRight;-1.160619;0.03964835;2.931454;
ElbowLeft;-1.144449;0.06994054;3.301304;
WristRight;-1.28048;-0.2354425;2.925755;
WristLeft;-1.189689;-0.255491;3.223807;
HandRight;-1.320274;-0.300199;2.918016;
HandLeft;-1.265661;-0.2684478;3.161734;
Spine;-1.212459;0.03890714;3.09429;
HipCenter;-1.203589;-0.0486457;3.09574;
HipRight;-1.161651;-0.1069626;3.051771;
HipLeft;-1.229174;-0.1153793;3.135667;
KneeRight;-1.497364;-0.5265905;3.090423;
KneeLeft;-1.263365;-0.6533503;3.210405;
AnkleRight;-1.306378;-0.9388385;3.126167;
AnkleLeft;-1.18686;-1.069538;3.222902;
FootRight;-1.360154;-1.042204;3.099397;
FootLeft;-1.276611;-1.081669;3.144861;
Head;-1.409353;0.5956874;3.069954;
ShoulderCenter;-1.275879;0.4742408;3.100164;
ShoulderRight;-1.198869;0.3309579;2.994818;
ShoulderLeft;-1.339167;0.3270076;3.208981;
ElbowRight;-1.195695;0.04644783;2.934167;
ElbowLeft;-1.163168;0.06698376;3.295961;
WristRight;-1.287837;-0.2338924;2.930551;
WristLeft;-1.20887;-0.2590018;3.218038;
HandRight;-1.312562;-0.3066272;2.926733;
HandLeft;-1.284995;-0.2719848;3.155839;
Spine;-1.297116;0.03386965;3.107147;
HipCenter;-1.299152;-0.05392276;3.112935;
HipRight;-1.269179;-0.1104084;3.070653;
HipLeft;-1.331812;-0.11334;3.15538;
KneeRight;-1.504932;-0.6226528;3.098749;
KneeLeft;-1.255516;-0.6502262;3.223446;
AnkleRight;-1.426743;-1.073321;3.08033;
AnkleLeft;-1.189501;-1.065871;3.218149;
FootRight;-1.537361;-1.119132;3.084679;
FootLeft;-1.282052;-1.126076;3.208546;
Head;-1.422076;0.5618025;3.11557;
ShoulderCenter;-1.33965;0.3816411;3.108806;
ShoulderRight;-1.251086;0.3275796;2.999944;
ShoulderLeft;-1.402937;0.2344079;3.217622;
ElbowRight;-1.212994;0.04833078;2.937162;
ElbowLeft;-1.227475;-0.02482373;3.304322;
WristRight;-1.292648;-0.2110425;2.932178;
WristLeft;-1.532948;-0.1416593;3.357112;
HandRight;-1.315381;-0.3050032;2.930112;
HandLeft;-1.575885;-0.196276;3.334679;
Spine;-1.323015;0.005541034;3.112355;
HipCenter;-1.315213;-0.06713888;3.115931;
HipRight;-1.288757;-0.1308654;3.062128;
HipLeft;-1.347367;-0.1515198;3.172751;
KneeRight;-1.491884;-0.5865927;3.10348;
KneeLeft;-1.255171;-0.6515114;3.224366;
AnkleRight;-1.537904;-1.043014;3.085429;
AnkleLeft;-1.202089;-1.070611;3.204372;
FootRight;-1.612049;-1.091814;3.031319;
FootLeft;-1.27927;-1.127787;3.207297;
Head;-1.510087;0.6001575;3.079744;
ShoulderCenter;-1.381532;0.475087;3.112637;
ShoulderRight;-1.297989;0.3297667;3.013238;
ShoulderLeft;-1.444819;0.3278538;3.221453;
ElbowRight;-1.258093;0.03419727;2.946839;
ElbowLeft;-1.268924;0.06798255;3.308412;
WristRight;-1.306558;-0.2084078;2.939361;
WristLeft;-1.557458;-0.09093744;3.353462;
HandRight;-1.331226;-0.3038009;2.943477;
HandLeft;-1.612671;-0.1364952;3.339711;
Spine;-1.362496;0.03447837;3.105642;
HipCenter;-1.355953;-0.05438345;3.108485;
HipRight;-1.317364;-0.1150206;3.063653;
HipLeft;-1.388893;-0.1109935;3.1475;
KneeRight;-1.56955;-0.56273;3.102664;
KneeLeft;-1.299187;-0.6475015;3.230081;
AnkleRight;-1.766437;-0.9122668;3.115067;
AnkleLeft;-1.207824;-1.065409;3.200355;
FootRight;-1.84115;-0.9604781;3.061289;
FootLeft;-1.297285;-1.135253;3.237764;
Head;-1.550637;0.5854672;3.078517;
ShoulderCenter;-1.424165;0.4559777;3.10771;
ShoulderRight;-1.349757;0.3114424;3.009295;
ShoulderLeft;-1.487452;0.3087445;3.216527;
ElbowRight;-1.292476;0.02003253;2.958174;
ElbowLeft;-1.312099;0.0496743;3.303201;
WristRight;-1.317111;-0.2254582;2.93881;
WristLeft;-1.610943;-0.08324452;3.354905;
HandRight;-1.342096;-0.3206045;2.943198;
HandLeft;-1.629528;-0.1516553;3.338419;
Spine;-1.394364;0.03805322;3.105181;
HipCenter;-1.391705;-0.0457728;3.108341;
HipRight;-1.361368;-0.1131438;3.051608;
HipLeft;-1.416121;-0.1098123;3.158417;
KneeRight;-1.622823;-0.5447005;3.082114;
KneeLeft;-1.307258;-0.6906159;3.242518;
AnkleRight;-1.83605;-0.8966521;3.089517;
AnkleLeft;-1.214946;-1.063229;3.198754;
FootRight;-1.911858;-0.9455925;3.038097;
FootLeft;-1.300135;-1.139472;3.233313;
Head;-1.556235;0.5928793;3.065073;
ShoulderCenter;-1.449995;0.4491441;3.100042;
ShoulderRight;-1.393683;0.2916016;2.994857;
ShoulderLeft;-1.513282;0.3019109;3.208858;
ElbowRight;-1.330408;0.01567305;2.957951;
ElbowLeft;-1.338308;0.04340094;3.295274;
WristRight;-1.342262;-0.2301408;2.950569;
WristLeft;-1.637825;-0.08361863;3.351658;
HandRight;-1.36744;-0.3251019;2.955131;
HandLeft;-1.673268;-0.1442102;3.332774;
Spine;-1.411437;0.02677767;3.100458;
HipCenter;-1.40421;-0.05676964;3.104465;
HipRight;-1.367707;-0.1134787;3.051846;
HipLeft;-1.427448;-0.1166;3.15334;
KneeRight;-1.641287;-0.457719;3.087389;
KneeLeft;-1.370881;-0.6381787;3.255994;
AnkleRight;-1.924563;-0.8141589;3.110061;
AnkleLeft;-1.222946;-1.059112;3.19451;
FootRight;-2.015013;-0.8786519;3.067405;
FootLeft;-1.306583;-1.131016;3.240343;
Head;-1.565113;0.5878331;3.023111;
ShoulderCenter;-1.508465;0.4423048;3.096282;
ShoulderRight;-1.421822;0.2953539;3.00171;
ShoulderLeft;-1.571752;0.2950716;3.205098;
ElbowRight;-1.378078;0.02195781;2.961185;
ElbowLeft;-1.266931;0.1755535;3.231222;
WristRight;-1.52473;-0.1736015;2.968967;
WristLeft;-1.54152;0.01387838;3.309805;
HandRight;-1.549967;-0.2684222;2.973581;
HandLeft;-1.574004;-0.04901381;3.293655;
Spine;-1.475472;0.0349621;3.095625;
HipCenter;-1.468874;-0.04650645;3.099217;
HipRight;-1.429595;-0.1184722;3.021526;
HipLeft;-1.49586;-0.1263057;3.173091;
KneeRight;-1.475872;-0.5428092;3.222712;
KneeLeft;-1.347198;-0.698783;3.253394;
AnkleRight;-1.470371;-0.8788081;3.230118;
AnkleLeft;-1.232868;-1.052887;3.192619;
FootRight;-1.396778;-0.9726793;3.226294;
FootLeft;-1.313058;-1.126439;3.241631;
Head;-1.556263;0.6023739;3.025786;
ShoulderCenter;-1.530389;0.4370182;3.082529;
ShoulderRight;-1.467001;0.2862264;2.992439;
ShoulderLeft;-1.593676;0.289785;3.191346;
ElbowRight;-1.421792;-0.006425501;2.962523;
ElbowLeft;-1.289764;0.1706235;3.217309;
WristRight;-1.581434;-0.1908073;2.96824;
WristLeft;-1.563154;0.008934125;3.295873;
HandRight;-1.606637;-0.2855037;2.972848;
HandLeft;-1.595595;-0.0538756;3.279743;
Spine;-1.490884;0.03086017;3.095218;
HipCenter;-1.483742;-0.05054764;3.100843;
HipRight;-1.455626;-0.1113255;3.045758;
HipLeft;-1.511396;-0.1197938;3.16275;
KneeRight;-1.526336;-0.5519199;3.255856;
KneeLeft;-1.36094;-0.6904925;3.253196;
AnkleRight;-1.520847;-0.88719;3.263188;
AnkleLeft;-1.238706;-1.049955;3.198048;
FootRight;-1.436588;-0.9702116;3.248298;
FootLeft;-1.316065;-1.128613;3.243243;
Head;-1.585853;0.6253456;3.068277;
ShoulderCenter;-1.553806;0.442409;3.086056;
ShoulderRight;-1.490493;0.3249881;3.034971;
ShoulderLeft;-1.617094;0.2951758;3.194873;
ElbowRight;-1.504936;-0.001585052;2.96539;
ElbowLeft;-1.331747;0.1573245;3.258601;
WristRight;-1.592804;-0.2285625;2.970444;
WristLeft;-1.61356;0.01146217;3.33554;
HandRight;-1.617977;-0.3231452;2.975047;
HandLeft;-1.645962;-0.05127217;3.319429;
Spine;-1.538453;0.02409849;3.128957;
HipCenter;-1.533346;-0.0600322;3.140946;
HipRight;-1.497455;-0.1063798;3.109644;
HipLeft;-1.563807;-0.1031591;3.179004;
KneeRight;-1.517021;-0.6314942;3.246888;
KneeLeft;-1.418645;-0.6585633;3.253078;
AnkleRight;-1.51154;-0.9662799;3.254187;
AnkleLeft;-1.258921;-1.055796;3.214058;
FootRight;-1.426723;-1.049485;3.263626;
FootLeft;-1.265824;-1.137395;3.24654;
Head;-1.644809;0.6092019;3.103824;
ShoulderCenter;-1.565174;0.4329379;3.092766;
ShoulderRight;-1.49511;0.3160215;3.0398;
ShoulderLeft;-1.628461;0.2857047;3.201582;
ElbowRight;-1.509119;-0.0006162196;2.966294;
ElbowLeft;-1.552465;0.0277721;2.980429;
WristRight;-1.596638;-0.2266363;2.978387;
WristLeft;-1.516706;-0.2881041;2.961672;
HandRight;-1.621826;-0.3212767;2.982993;
HandLeft;-1.495012;-0.3609337;2.975043;
Spine;-1.550236;-0.04010822;3.194546;
HipCenter;-1.545534;-0.1332892;3.217608;
HipRight;-1.499655;-0.1683809;3.212079;
HipLeft;-1.588185;-0.1621716;3.235101;
KneeRight;-1.587002;-0.6297849;3.251616;
KneeLeft;-1.393822;-0.6312529;3.399083;
AnkleRight;-1.581528;-0.9641591;3.258875;
AnkleLeft;-1.312801;-1.019367;3.204206;
FootRight;-1.486288;-1.03592;3.260988;
FootLeft;-1.310822;-1.103238;3.23128;
Head;-1.579507;0.3725826;3.212032;
ShoulderCenter;-1.576283;0.1677919;3.219921;
ShoulderRight;-1.502792;0.04802813;3.16728;
ShoulderLeft;-1.63957;0.02055873;3.328737;
ElbowRight;-1.626603;-0.1210043;3.013174;
ElbowLeft;-1.556063;-0.2311333;3.103183;
WristRight;-1.648836;-0.3180675;3.139476;
WristLeft;-1.556743;-0.3850637;2.899171;
HandRight;-1.656247;-0.3837552;3.18664;
HandLeft;-1.55697;-0.4363739;2.83623;
Spine;-1.592037;-0.1038007;3.236525;
HipCenter;-1.595187;-0.1581192;3.24356;
HipRight;-1.538079;-0.2203555;3.34553;
HipLeft;-1.660905;-0.2442945;3.145437;
KneeRight;-1.698628;-0.6234848;3.241957;
KneeLeft;-1.44145;-0.6939943;3.422746;
AnkleRight;-1.863384;-1.037179;3.121441;
AnkleLeft;-1.368518;-1.01957;3.223226;
FootRight;-1.940431;-1.100704;3.057323;
FootLeft;-1.366542;-1.103296;3.250252;
Head;-1.608856;0.3559123;3.223758;
ShoulderCenter;-1.609613;0.1288441;3.240534;
ShoulderRight;-1.536123;0.009080335;3.187894;
ShoulderLeft;-1.6729;-0.01838906;3.349351;
ElbowRight;-1.727864;-0.1367826;3.128096;
ElbowLeft;-1.650245;-0.2492363;3.163038;
WristRight;-1.654831;-0.3516929;3.199119;
WristLeft;-1.669723;-0.3894837;2.950672;
HandRight;-1.630486;-0.4233296;3.227841;
HandLeft;-1.676215;-0.4362329;2.884931;
Spine;-1.655598;-0.3298573;3.277005;
HipCenter;-1.664795;-0.4215976;3.288001;
HipRight;-1.642605;-0.4601277;3.327634;
HipLeft;-1.698646;-0.4993832;3.255197;
KneeRight;-1.65032;-0.7369286;3.234537;
KneeLeft;-1.607158;-1.06997;3.391504;
AnkleRight;-1.645967;-1.002806;3.234332;
AnkleLeft;-1.393675;-1.024152;3.213102;
FootRight;-1.716272;-1.048714;3.17406;
FootLeft;-1.391703;-1.107738;3.240083;
Head;-1.560169;-0.6236695;3.249942;
ShoulderCenter;-1.555617;-0.8477221;3.264547;
ShoulderRight;-1.482126;-0.9674859;3.211906;
ShoulderLeft;-1.618904;-0.9949553;3.373363;
ElbowRight;-1.673226;-1.112861;3.15222;
ElbowLeft;-1.596248;-1.225803;3.187061;
WristRight;-1.601764;-1.327629;3.222632;
WristLeft;-1.615661;-1.365581;2.975361;
HandRight;-1.577944;-1.399218;3.251149;
HandLeft;-1.622132;-1.412173;2.90984;
Spine;-1.587865;-0.6339175;3.25283;
HipCenter;-1.594315;-0.5911566;3.254187;
HipRight;-1.570691;-0.6075314;3.28241;
HipLeft;-1.631455;-0.4851628;3.217058;
KneeRight;-1.854516;-1.030402;3.173049;
KneeLeft;-1.393262;-0.5076797;3.571475;
AnkleRight;-1.471684;-0.9825203;3.239892;
AnkleLeft;-1.356493;-0.1830909;3.124594;
FootRight;-1.36814;-1.03394;3.266597;
FootLeft;-1.354524;-0.266529;3.151528;
