Floor;-0.02663833;0.9996355;0.004357785;1.069374;
Head;1.192991;0.6017745;3.251876;
ShoulderCenter;1.312069;0.4547108;3.249241;
ShoulderRight;1.351177;0.3398877;3.105165;
ShoulderLeft;1.253512;0.3491126;3.369116;
ElbowRight;1.346816;0.08284105;3.016984;
ElbowLeft;1.209646;0.05306157;3.305836;
WristRight;1.201695;-0.1731291;2.9708;
WristLeft;1.178661;-0.1672888;3.295035;
HandRight;1.149723;-0.253409;2.959029;
HandLeft;1.15357;-0.269884;3.286138;
Spine;1.247739;0.03184455;3.230688;
HipCenter;1.234873;-0.05272871;3.230726;
HipRight;1.248808;-0.1076562;3.178382;
HipLeft;1.204859;-0.103505;3.276018;
KneeRight;1.259399;-0.6213201;3.090325;
KneeLeft;1.168214;-0.6259158;3.189818;
AnkleRight;1.567783;-0.9568087;3.057313;
AnkleLeft;1.20265;-0.9889161;3.148224;
FootRight;1.532662;-1.030034;3.066825;
FootLeft;1.160884;-1.065207;3.157941;
Head;1.168903;0.6100417;3.247903;
ShoulderCenter;1.279171;0.452332;3.242846;
ShoulderRight;1.318681;0.3384612;3.105297;
ShoulderLeft;1.204146;0.3382996;3.347918;
ElbowRight;1.325686;0.08470926;3.019253;
ElbowLeft;1.183469;0.125856;3.310427;
WristRight;1.203196;-0.1650812;2.970757;
WristLeft;1.161432;-0.1383163;3.385934;
HandRight;1.147185;-0.2596928;2.957252;
HandLeft;1.14644;-0.2376705;3.402684;
Spine;1.21606;0.037466;3.226493;
HipCenter;1.203189;-0.04548391;3.226911;
HipRight;1.219487;-0.1008831;3.173463;
HipLeft;1.169838;-0.09962698;3.273586;
KneeRight;1.189145;-0.5245758;3.08881;
KneeLeft;1.153045;-0.6305029;3.178429;
AnkleRight;1.459118;-0.9297725;3.048398;
AnkleLeft;1.201877;-0.9915468;3.147398;
FootRight;1.436021;-1.022663;3.053849;
FootLeft;1.162699;-1.06401;3.15379;
Head;1.128879;0.6341688;3.233709;
ShoulderCenter;1.227361;0.465934;3.230931;
ShoulderRight;1.272075;0.3412092;3.105336;
ShoulderLeft;1.162684;0.3312348;3.347167;
ElbowRight;1.307313;0.08734711;3.028895;
ElbowLeft;1.134041;0.02785826;3.34669;
WristRight;1.187437;-0.1778207;2.965972;
WristLeft;1.103184;-0.2050669;3.428715;
HandRight;1.147528;-0.2617219;2.956725;
HandLeft;1.084022;-0.2864428;3.430342;
Spine;1.168872;0.0363019;3.22368;
HipCenter;1.157686;-0.04948;3.225941;
HipRight;1.176257;-0.1023062;3.173984;
HipLeft;1.125065;-0.1068698;3.273432;
KneeRight;1.119593;-0.590045;3.098356;
KneeLeft;1.142589;-0.6549932;3.165849;
AnkleRight;1.37072;-0.956593;3.043979;
AnkleLeft;1.249468;-1.007605;3.111598;
FootRight;1.320171;-1.014894;3.03524;
FootLeft;1.181622;-1.058636;3.145691;
Head;1.073386;0.5965164;3.242929;
ShoulderCenter;1.193615;0.461378;3.235901;
ShoulderRight;1.25529;0.3467591;3.10835;
ShoulderLeft;1.136165;0.3542272;3.361434;
ElbowRight;1.272493;0.08541716;3.027128;
ElbowLeft;1.108977;0.05052179;3.439272;
WristRight;1.17373;-0.1938678;2.966584;
WristLeft;1.04676;-0.198329;3.438487;
HandRight;1.139344;-0.2695007;2.958616;
HandLeft;1.021729;-0.2751196;3.441978;
Spine;1.133039;0.03686194;3.229339;
HipCenter;1.120464;-0.04796632;3.231865;
HipRight;1.136084;-0.1075502;3.17644;
HipLeft;1.085683;-0.1050885;3.2832;
KneeRight;1.075903;-0.6241489;3.112361;
KneeLeft;1.20084;-0.5859942;3.217827;
AnkleRight;1.244738;-0.9863005;3.058003;
AnkleLeft;1.165546;-1.008368;3.123714;
FootRight;1.193822;-1.03956;3.039958;
FootLeft;1.124106;-1.069124;3.14232;
Head;1.031325;0.623344;3.239746;
ShoulderCenter;1.146298;0.4755976;3.229644;
ShoulderRight;1.204216;0.3573074;3.109508;
ShoulderLeft;1.092439;0.3621538;3.408982;
ElbowRight;1.252135;0.08683028;3.027637;
ElbowLeft;1.054403;0.03620914;3.441004;
WristRight;1.151711;-0.2015722;2.968991;
WristLeft;0.9661118;-0.2034297;3.435093;
HandRight;1.140383;-0.2781119;2.956087;
HandLeft;0.9355661;-0.2722419;3.422803;
Spine;1.096991;0.1222132;3.226297;
HipCenter;1.087168;0.05152449;3.229291;
HipRight;1.102316;-0.02154695;3.15847;
HipLeft;1.052017;-0.01936607;3.294916;
KneeRight;1.025072;-0.6255332;3.123332;
KneeLeft;1.173294;-0.6232424;3.217517;
AnkleRight;1.157943;-0.9986548;3.050935;
AnkleLeft;1.112635;-1.011583;3.046426;
FootRight;1.088519;-1.046007;3.02301;
FootLeft;1.08484;-1.070669;3.080239;
Head;0.9987219;0.6341359;3.261067;
ShoulderCenter;1.095847;0.4594665;3.225241;
ShoulderRight;1.16963;0.3502091;3.109256;
ShoulderLeft;1.045503;0.3386968;3.344691;
ElbowRight;1.221551;0.0867319;3.027144;
ElbowLeft;0.9958919;0.02539891;3.431864;
WristRight;1.150569;-0.2007365;2.968891;
WristLeft;0.8876666;-0.1994505;3.423939;
HandRight;1.13587;-0.2848076;2.957328;
HandLeft;0.8479465;-0.2589792;3.412404;
Spine;1.062877;0.1215778;3.204946;
HipCenter;1.055033;0.05364342;3.204321;
HipRight;1.076624;-0.0108168;3.139961;
HipLeft;1.017529;-0.01280622;3.254815;
KneeRight;1.01852;-0.6177384;3.135427;
KneeLeft;1.145284;-0.6085578;3.215825;
AnkleRight;1.133588;-1.001445;3.096747;
AnkleLeft;0.993778;-1.012278;3.065905;
FootRight;1.037226;-1.031134;3.056059;
FootLeft;0.9713787;-1.055574;3.00201;
Head;0.9516952;0.6490178;3.240817;
ShoulderCenter;1.069239;0.4737545;3.224784;
ShoulderRight;1.133946;0.3577859;3.104943;
ShoulderLeft;1.002065;0.354616;3.364728;
ElbowRight;1.197661;0.08383104;3.024998;
ElbowLeft;0.9548286;0.0355739;3.42396;
WristRight;1.137837;-0.1987071;2.968754;
WristLeft;0.834273;-0.1858472;3.412652;
HandRight;1.135357;-0.2853449;2.955917;
HandLeft;0.78737;-0.2369736;3.389772;
Spine;1.03489;0.1179758;3.196854;
HipCenter;1.027247;0.04669461;3.194658;
HipRight;1.051231;-0.01368951;3.133488;
HipLeft;0.9941298;-0.01565939;3.243665;
KneeRight;0.9042138;-0.6152419;3.11943;
KneeLeft;1.121852;-0.6262779;3.211015;
AnkleRight;1.175634;-1.000769;3.147873;
AnkleLeft;0.9148877;-1.01495;3.082717;
FootRight;1.151788;-1.075811;3.143788;
FootLeft;0.8354641;-1.061424;3.033026;
Head;0.9220856;0.644777;3.237244;
ShoulderCenter;1.030765;0.4778986;3.225897;
ShoulderRight;1.081549;0.3504794;3.099351;
ShoulderLeft;0.9574055;0.3412407;3.339343;
ElbowRight;1.169389;0.07245643;3.024479;
ElbowLeft;0.9031137;0.03575527;3.418665;
WristRight;1.13557;-0.1999708;2.966457;
WristLeft;0.7515577;-0.1699066;3.39029;
HandRight;1.129059;-0.2903311;2.952102;
HandLeft;0.7035639;-0.2187013;3.400404;
Spine;0.9900542;0.07467669;3.174897;
HipCenter;0.9829628;-0.00608087;3.168224;
HipRight;1.005839;-0.06157916;3.108347;
HipLeft;0.9499747;-0.06573654;3.210914;
KneeRight;0.8496751;-0.5285191;3.111968;
KneeLeft;1.122211;-0.6275921;3.221712;
AnkleRight;1.121366;-0.9202268;3.137503;
AnkleLeft;0.8201581;-0.9828956;3.080518;
FootRight;1.044858;-0.9602729;3.097478;
FootLeft;0.74365;-1.022942;3.040493;
Head;0.8577386;0.6344277;3.215004;
ShoulderCenter;0.9904994;0.4695695;3.232173;
ShoulderRight;1.049413;0.3472046;3.097385;
ShoulderLeft;0.9288545;0.3469415;3.339618;
ElbowRight;1.127794;0.06688327;3.015572;
ElbowLeft;0.8532665;0.03435656;3.411417;
WristRight;1.112621;-0.2038755;2.959536;
WristLeft;0.6899736;-0.1623653;3.40926;
HandRight;1.118571;-0.2915113;2.950148;
HandLeft;0.644848;-0.1947727;3.39607;
Spine;0.9521561;0.03673668;3.161085;
HipCenter;0.9452748;-0.04966702;3.150347;
HipRight;0.9681931;-0.1060811;3.089839;
HipLeft;0.9134531;-0.1050466;3.189927;
KneeRight;0.8362489;-0.5402301;3.115706;
KneeLeft;0.9127672;-0.6226718;3.154192;
AnkleRight;1.121679;-0.9372861;3.139003;
AnkleLeft;0.6998505;-1.01009;3.08096;
FootRight;1.04474;-0.9772782;3.099773;
FootLeft;0.6001415;-1.055029;3.085191;
Head;0.8411694;0.638824;3.211926;
ShoulderCenter;0.9380848;0.460555;3.218115;
ShoulderRight;1.000019;0.3390512;3.096174;
ShoulderLeft;0.8623761;0.3179904;3.315938;
ElbowRight;1.094698;0.06374395;3.006869;
ElbowLeft;0.7973303;0.02454451;3.397466;
WristRight;1.085134;-0.2052284;2.952931;
WristLeft;0.6225134;-0.1623986;3.402582;
HandRight;1.083386;-0.2967298;2.936272;
HandLeft;0.5883937;-0.1873996;3.388666;
Spine;0.9125119;0.07143284;3.153698;
HipCenter;0.9073974;-0.006391592;3.144374;
HipRight;0.9348952;-0.04385206;3.077404;
HipLeft;0.8757973;-0.08697259;3.189334;
KneeRight;1.06709;-0.6388158;3.216241;
KneeLeft;0.8271774;-0.6429057;3.134201;
AnkleRight;1.177203;-0.9996586;3.147311;
AnkleLeft;0.6283719;-1.017028;3.092807;
FootRight;1.147774;-1.073428;3.150142;
FootLeft;0.543071;-1.05323;3.085857;
Head;0.7786646;0.5913057;3.20489;
ShoulderCenter;0.8971919;0.4466742;3.216133;
ShoulderRight;0.9675764;0.3283456;3.088959;
ShoulderLeft;0.8214832;0.3041095;3.313956;
ElbowRight;1.043737;0.06146935;3.002104;
ElbowLeft;0.7465649;0.02202932;3.373183;
WristRight;1.054532;-0.2182623;2.941199;
WristLeft;0.5676242;-0.1556602;3.40299;
HandRight;1.065848;-0.3130827;2.937391;
HandLeft;0.5270545;-0.1754334;3.380373;
Spine;0.8775291;0.06156592;3.145427;
HipCenter;0.8733876;-0.01555299;3.13492;
HipRight;0.905357;-0.06109255;3.074209;
HipLeft;0.8298106;-0.07549304;3.170808;
KneeRight;1.053544;-0.6543284;3.218761;
KneeLeft;0.636955;-0.547304;3.019563;
AnkleRight;1.173766;-0.990008;3.142932;
AnkleLeft;0.6240525;-1.010708;3.098298;
FootRight;1.146239;-1.06335;3.150129;
FootLeft;0.5334182;-1.055069;3.086563;
Head;0.7537317;0.586894;3.193276;
ShoulderCenter;0.8678256;0.4469788;3.207269;
ShoulderRight;0.9061289;0.3156118;3.075733;
ShoulderLeft;0.7727342;0.3082146;3.264385;
ElbowRight;1.008853;0.05383404;2.999749;
ElbowLeft;0.6959184;0.004451245;3.387826;
WristRight;1.006255;-0.2325285;2.927506;
WristLeft;0.5089787;-0.1720342;3.386775;
HandRight;1.029974;-0.3260816;2.9322;
HandLeft;0.4768334;-0.1851274;3.367321;
Spine;0.8155786;0.04096276;3.142747;
HipCenter;0.8067431;-0.0402572;3.13392;
HipRight;0.8302903;-0.0828678;3.074363;
HipLeft;0.771064;-0.1091694;3.173923;
KneeRight;1.022215;-0.6696551;3.215374;
KneeLeft;0.7676699;-0.6404522;3.147412;
AnkleRight;1.172502;-0.9859928;3.13099;
AnkleLeft;0.6141198;-1.00134;3.102563;
FootRight;1.146853;-1.059933;3.150359;
FootLeft;0.5272834;-1.059616;3.08766;
Head;0.6902241;0.6005335;3.205921;
ShoulderCenter;0.8090081;0.4418634;3.193251;
ShoulderRight;0.8701751;0.3099681;3.067387;
ShoulderLeft;0.7378317;0.3196307;3.2463;
ElbowRight;0.9644093;0.05435071;2.997671;
ElbowLeft;0.6722809;0.02103084;3.375886;
WristRight;0.9678494;-0.2393095;2.925204;
WristLeft;0.5004305;-0.1649858;3.386204;
HandRight;0.9762282;-0.3229155;2.924754;
HandLeft;0.4561413;-0.1849967;3.370157;
Spine;0.7805655;0.0211803;3.114524;
HipCenter;0.7745646;-0.06313282;3.102109;
HipRight;0.8101932;-0.0924125;3.061809;
HipLeft;0.7408919;-0.1179831;3.129056;
KneeRight;0.9810908;-0.687876;3.214943;
KneeLeft;0.7633777;-0.6323456;3.15718;
AnkleRight;1.169233;-0.9782303;3.132448;
AnkleLeft;0.6081598;-0.9988235;3.103428;
FootRight;1.133654;-1.059896;3.150672;
FootLeft;0.5257629;-1.061013;3.087931;
Head;0.6499425;0.627962;3.170346;
ShoulderCenter;0.7694135;0.4560432;3.181379;
ShoulderRight;0.8262892;0.3158186;3.058285;
ShoulderLeft;0.6918572;0.3359827;3.231698;
ElbowRight;0.9075967;0.04534305;2.987418;
ElbowLeft;0.629718;0.03438994;3.349442;
WristRight;0.9073787;-0.2410782;2.924223;
WristLeft;0.4886277;-0.167065;3.389928;
HandRight;0.9139321;-0.3288153;2.920304;
HandLeft;0.4394748;-0.1863739;3.375045;
Spine;0.741461;0.03809825;3.110327;
HipCenter;0.7358717;-0.04552297;3.099666;
HipRight;0.761646;-0.0829182;3.039076;
HipLeft;0.699891;-0.1143808;3.138219;
KneeRight;0.9354638;-0.6679906;3.205355;
KneeLeft;0.7231042;-0.6319852;3.166677;
AnkleRight;1.148107;-0.9364091;3.126709;
AnkleLeft;0.6022431;-0.9976043;3.105062;
FootRight;1.11812;-1.033634;3.150292;
FootLeft;0.5271068;-1.064492;3.093023;
Head;0.6139523;0.627353;3.178601;
ShoulderCenter;0.7199269;0.460008;3.152219;
ShoulderRight;0.784709;0.3208946;3.04566;
ShoulderLeft;0.6507012;0.308338;3.253549;
ElbowRight;0.8584186;0.04430053;2.972656;
ElbowLeft;0.578473;0.003151447;3.349738;
WristRight;0.8486527;-0.2372091;2.91153;
WristLeft;0.4285128;-0.192781;3.372337;
HandRight;0.8449914;-0.3272338;2.91579;
HandLeft;0.3784053;-0.2429841;3.37543;
Spine;0.6872703;0.05572449;3.108023;
HipCenter;0.680739;-0.02513222;3.102769;
HipRight;0.7075194;-0.07025784;3.039604;
HipLeft;0.6443181;-0.09935541;3.150161;
KneeRight;0.8345703;-0.6596382;3.210732;
KneeLeft;0.6705083;-0.6286511;3.155897;
AnkleRight;1.065183;-0.9116133;3.147207;
AnkleLeft;0.5861405;-0.9920744;3.101811;
FootRight;1.051918;-1.012619;3.166377;
FootLeft;0.5176279;-1.030123;3.057274;
Head;0.5620257;0.6301275;3.163686;
ShoulderCenter;0.6728356;0.4594242;3.151809;
ShoulderRight;0.741298;0.3257232;3.037332;
ShoulderLeft;0.60361;0.3077542;3.25314;
ElbowRight;0.8072328;0.03816406;2.957819;
ElbowLeft;0.5537015;-0.001038849;3.344231;
WristRight;0.7718025;-0.2314561;2.894622;
WristLeft;0.4192416;-0.2021711;3.382186;
HandRight;0.7726747;-0.3278408;2.891559;
HandLeft;0.3903878;-0.2197703;3.384199;
Spine;0.6433081;0.0313907;3.093184;
HipCenter;0.6376886;-0.05421245;3.085043;
HipRight;0.6780183;-0.07939555;3.046252;
HipLeft;0.5996446;-0.1076789;3.109261;
KneeRight;0.7943394;-0.6811346;3.201727;
KneeLeft;0.5896434;-0.619883;3.123487;
AnkleRight;1.002882;-0.9493896;3.169952;
AnkleLeft;0.5867823;-0.9909991;3.10296;
FootRight;1.012537;-1.030226;3.237451;
FootLeft;0.5153942;-1.068967;3.105897;
Head;0.5217864;0.6236214;3.157192;
ShoulderCenter;0.6474655;0.4642951;3.153641;
ShoulderRight;0.7012067;0.3257481;3.032153;
ShoulderLeft;0.5782399;0.3126251;3.254971;
ElbowRight;0.7491328;0.052338;2.944869;
ElbowLeft;0.5351741;0.003689677;3.339669;
WristRight;0.7073419;-0.2225106;2.888422;
WristLeft;0.4067329;-0.2007772;3.368317;
HandRight;0.6919092;-0.3151666;2.882145;
HandLeft;0.3697903;-0.2567292;3.391959;
Spine;0.5964989;0.05820445;3.094584;
HipCenter;0.5882791;-0.02339257;3.086179;
HipRight;0.6160412;-0.06601491;3.036007;
HipLeft;0.551062;-0.07462873;3.120464;
KneeRight;0.7235762;-0.662814;3.193835;
KneeLeft;0.5623507;-0.5394114;3.0744;
AnkleRight;0.9748992;-0.8878039;3.154486;
AnkleLeft;0.5841505;-0.9921049;3.101217;
FootRight;0.9098169;-0.9679449;3.180298;
FootLeft;0.5173869;-1.071491;3.09742;
Head;0.4917717;0.6375747;3.145143;
ShoulderCenter;0.6004444;0.473538;3.157135;
ShoulderRight;0.649862;0.3319377;3.033286;
ShoulderLeft;0.5312187;0.321868;3.258466;
ElbowRight;0.6990286;0.06867828;2.936151;
ElbowLeft;0.4857452;0.01061955;3.341156;
WristRight;0.6324562;-0.2185337;2.901381;
WristLeft;0.4069875;-0.2187389;3.371421;
HandRight;0.5964467;-0.3059963;2.909609;
HandLeft;0.3822336;-0.238933;3.38324;
Spine;0.5481903;0.05676326;3.111571;
HipCenter;0.5379269;-0.02662853;3.106001;
HipRight;0.5629842;-0.06541929;3.056474;
HipLeft;0.5015575;-0.07975176;3.143446;
KneeRight;0.5390859;-0.63426;3.101278;
KneeLeft;0.4254802;-0.5310938;3.219956;
AnkleRight;0.7791912;-0.9683397;3.191319;
AnkleLeft;0.5728819;-0.9585544;3.106603;
FootRight;0.6835881;-1.008102;3.163303;
FootLeft;0.4980792;-0.9976075;3.06686;
Head;0.437602;0.6238052;3.135501;
ShoulderCenter;0.5774517;0.4717947;3.154316;
ShoulderRight;0.6174462;0.3343641;3.025206;
ShoulderLeft;0.508226;0.3201247;3.255646;
ElbowRight;0.647251;0.07817472;2.935641;
ElbowLeft;0.4637287;0.007546872;3.338894;
WristRight;0.5484912;-0.2036512;2.911165;
WristLeft;0.4069131;-0.2301543;3.363745;
HandRight;0.5240322;-0.2902529;2.912031;
HandLeft;0.378912;-0.2530183;3.375867;
Spine;0.5121007;0.05744989;3.122902;
HipCenter;0.4979223;-0.02524334;3.121244;
HipRight;0.517861;-0.06096298;3.088005;
HipLeft;0.4653764;-0.06411503;3.149545;
KneeRight;0.532516;-0.6315323;3.099568;
KneeLeft;0.3947931;-0.5764997;3.221952;
AnkleRight;0.6471804;-0.9782946;3.145629;
AnkleLeft;0.5685325;-0.9939948;3.102505;
FootRight;0.5629413;-1.040526;3.116845;
FootLeft;0.4909724;-1.033461;3.065798;
Head;0.4211751;0.631364;3.13191;
ShoulderCenter;0.5180407;0.4743609;3.140142;
ShoulderRight;0.5745404;0.3401693;3.021106;
ShoulderLeft;0.448815;0.3226909;3.241473;
ElbowRight;0.5925728;0.07850638;2.939445;
ElbowLeft;0.4038859;0.008936226;3.324965;
WristRight;0.4872658;-0.1939753;2.912013;
WristLeft;0.4049249;-0.2384067;3.33408;
HandRight;0.4557647;-0.2622903;2.907733;
HandLeft;0.363977;-0.3193967;3.367147;
Spine;0.4912823;0.06126432;3.114525;
HipCenter;0.4844267;-0.0218193;3.113886;
HipRight;0.5057071;-0.06083483;3.075725;
HipLeft;0.4538351;-0.06647044;3.145012;
KneeRight;0.520125;-0.6566409;3.102138;
KneeLeft;0.3642293;-0.592366;3.226516;
AnkleRight;0.5715029;-1.016376;3.131277;
AnkleLeft;0.4893704;-0.962887;3.191976;
FootRight;0.5140716;-1.076483;3.100692;
FootLeft;0.415347;-1.003609;3.14946;
Head;0.3708968;0.6210144;3.11307;
ShoulderCenter;0.4942729;0.4765483;3.134102;
ShoulderRight;0.5460816;0.3427661;3.021332;
ShoulderLeft;0.4250473;0.3248783;3.235432;
ElbowRight;0.5344015;0.09198973;2.937483;
ElbowLeft;0.3800184;0.01042703;3.319219;
WristRight;0.4291707;-0.1327789;2.902501;
WristLeft;0.371619;-0.238062;3.318711;
HandRight;0.387721;-0.2198677;2.894171;
HandLeft;0.3294381;-0.3187393;3.351633;
Spine;0.451385;0.06075388;3.113324;
HipCenter;0.4433677;-0.02258518;3.113131;
HipRight;0.4743687;-0.05667732;3.078064;
HipLeft;0.4058611;-0.06739672;3.142358;
KneeRight;0.5112967;-0.6598125;3.101647;
KneeLeft;0.3345813;-0.6268399;3.227976;
AnkleRight;0.5588765;-1.013915;3.127578;
AnkleLeft;0.4387748;-1.038026;3.200572;
FootRight;0.5150102;-1.075589;3.09876;
FootLeft;0.3637634;-1.078576;3.158072;
Head;0.3166378;0.6300594;3.142399;
ShoulderCenter;0.4384089;0.4762007;3.137311;
ShoulderRight;0.4940771;0.3437053;3.013899;
ShoulderLeft;0.3691833;0.3245307;3.238642;
ElbowRight;0.4882577;0.08644639;2.941033;
ElbowLeft;0.3240535;0.009374857;3.322715;
WristRight;0.3097386;-0.1827413;2.916219;
WristLeft;0.3203133;-0.2398247;3.321534;
HandRight;0.266649;-0.2400952;2.916306;
HandLeft;0.2791387;-0.3210081;3.355205;
Spine;0.4166645;0.0646493;3.120612;
HipCenter;0.4122356;-0.0179333;3.120601;
HipRight;0.4366944;-0.04880289;3.088654;
HipLeft;0.3818741;-0.06541663;3.147883;
KneeRight;0.4852149;-0.6339411;3.080989;
KneeLeft;0.2809338;-0.6432753;3.232085;
AnkleRight;0.5609047;-1.010837;3.118069;
AnkleLeft;0.3353783;-1.030071;3.202906;
FootRight;0.5143814;-1.075945;3.099294;
FootLeft;0.2601633;-1.071846;3.16075;
Head;0.2855541;0.6316459;3.139834;
ShoulderCenter;0.3928752;0.4723771;3.117867;
ShoulderRight;0.4552822;0.3416893;3.005124;
ShoulderLeft;0.3236495;0.3207071;3.219197;
ElbowRight;0.4581987;0.08648728;2.940861;
ElbowLeft;0.2784379;0.004979759;3.303524;
WristRight;0.2472344;-0.155117;2.92047;
WristLeft;0.2747888;-0.2446854;3.30216;
HandRight;0.203314;-0.2111634;2.910314;
HandLeft;0.2335056;-0.3260826;3.335919;
Spine;0.3770707;0.05438038;3.112332;
HipCenter;0.3736626;-0.02915578;3.114501;
HipRight;0.3999113;-0.07101726;3.059853;
HipLeft;0.3339957;-0.0970317;3.163917;
KneeRight;0.4776592;-0.6242988;3.08018;
KneeLeft;0.2307792;-0.6350407;3.233356;
AnkleRight;0.5616057;-1.009793;3.115936;
AnkleLeft;0.2182138;-1.022391;3.205741;
FootRight;0.5147495;-1.07488;3.095983;
FootLeft;0.1274642;-1.075449;3.243836;
Head;0.2345993;0.6253608;3.144029;
ShoulderCenter;0.3556283;0.4682082;3.135409;
ShoulderRight;0.4236332;0.3440775;3.006313;
ShoulderLeft;0.2864025;0.3165382;3.23674;
ElbowRight;0.3979416;0.1006113;2.925816;
ElbowLeft;0.2411397;0.0004528463;3.321288;
WristRight;0.1747322;-0.1540585;2.915404;
WristLeft;0.237548;-0.2495039;3.319841;
HandRight;0.1322794;-0.2118264;2.90946;
HandLeft;0.1962595;-0.3309116;3.353606;
Spine;0.3419826;0.05396579;3.118152;
HipCenter;0.3390262;-0.02893633;3.118403;
HipRight;0.373399;-0.06407875;3.072674;
HipLeft;0.301663;-0.08764747;3.157495;
KneeRight;0.4425912;-0.6151908;3.078899;
KneeLeft;0.1950058;-0.6385654;3.229313;
AnkleRight;0.5619733;-1.009097;3.114721;
AnkleLeft;0.09753533;-1.027089;3.194927;
FootRight;0.5148542;-1.075076;3.096356;
FootLeft;0.0007151887;-1.077271;3.222445;
Head;0.1880528;0.6173741;3.154208;
ShoulderCenter;0.3140687;0.4612134;3.144456;
ShoulderRight;0.3744856;0.3323113;3.014341;
ShoulderLeft;0.2448431;0.3095435;3.245786;
ElbowRight;0.3778668;0.08805403;2.931503;
ElbowLeft;0.1995892;-0.006478667;3.330203;
WristRight;0.1756023;-0.1089787;2.930251;
WristLeft;0.1959874;-0.256384;3.328722;
HandRight;0.1044543;-0.1716717;2.907603;
HandLeft;0.1546262;-0.3379352;3.362546;
Spine;0.2925603;0.03067248;3.130775;
HipCenter;0.2889048;-0.05532696;3.131442;
HipRight;0.3145065;-0.08749031;3.100245;
HipLeft;0.2624896;-0.1067008;3.157992;
KneeRight;0.421957;-0.6175059;3.081398;
KneeLeft;0.1557754;-0.6338304;3.220087;
AnkleRight;0.5596873;-1.00653;3.112188;
AnkleLeft;0.002891475;-1.028766;3.199042;
FootRight;0.5148374;-1.074496;3.094771;
FootLeft;-0.103469;-1.058493;3.221323;
Head;0.1516906;0.5894674;3.157584;
ShoulderCenter;0.2676552;0.407053;3.148931;
ShoulderRight;0.3410813;0.3219442;3.02534;
ShoulderLeft;0.1984296;0.255383;3.250261;
ElbowRight;0.3055974;0.07714771;2.95746;
ElbowLeft;0.153137;-0.06090927;3.334774;
WristRight;0.1031772;-0.09693915;2.913935;
WristLeft;0.1495788;-0.3110346;3.333195;
HandRight;0.03303798;-0.164646;2.908634;
HandLeft;0.1081601;-0.392699;3.367066;
Spine;0.2649443;0.0123737;3.127995;
HipCenter;0.2657335;-0.06706016;3.12793;
HipRight;0.295425;-0.09711428;3.099131;
HipLeft;0.2327285;-0.1217591;3.149859;
KneeRight;0.3817072;-0.6138298;3.088247;
KneeLeft;0.1044227;-0.6325643;3.211373;
AnkleRight;0.5534199;-1.001332;3.108301;
AnkleLeft;-0.06471503;-1.040201;3.194558;
FootRight;0.5151984;-1.073486;3.09491;
FootLeft;-0.1374289;-1.068931;3.221143;
Head;0.1126337;0.6052446;3.14418;
ShoulderCenter;0.2277968;0.4448056;3.154281;
ShoulderRight;0.298059;0.3139701;3.021528;
ShoulderLeft;0.1585712;0.2931356;3.255612;
ElbowRight;0.2628415;0.06790544;2.960876;
ElbowLeft;0.1132497;-0.02335861;3.340115;
WristRight;0.0042077;-0.1473985;2.904584;
WristLeft;0.1097242;-0.2736484;3.33842;
HandRight;-0.05844348;-0.1822445;2.914037;
HandLeft;0.06822047;-0.3554806;3.372361;
Spine;0.2102056;0.01335042;3.139879;
HipCenter;0.2066873;-0.07294062;3.140548;
HipRight;0.2338486;-0.1018336;3.11756;
HipLeft;0.1764556;-0.1193575;3.159425;
KneeRight;0.3712805;-0.6256976;3.08408;
KneeLeft;0.05277992;-0.6381831;3.212442;
AnkleRight;0.5496259;-0.9997514;3.108143;
AnkleLeft;-0.06385112;-1.030743;3.192205;
FootRight;0.5122492;-1.071712;3.092375;
FootLeft;-0.1476306;-1.069226;3.210177;
Head;0.07813226;0.6150478;3.134813;
ShoulderCenter;0.1956137;0.4463861;3.155384;
ShoulderRight;0.2473226;0.3089665;3.032745;
ShoulderLeft;0.1263881;0.2947161;3.256714;
ElbowRight;0.1909664;0.05395783;2.954838;
ElbowLeft;0.0809842;-0.02235368;3.341347;
WristRight;-0.01380209;-0.1428043;2.906396;
WristLeft;0.07755265;-0.2731121;3.339399;
HandRight;-0.100687;-0.1869973;2.909227;
HandLeft;0.03581384;-0.3554077;3.373532;
Spine;0.1752453;0.008679172;3.133283;
HipCenter;0.1708435;-0.07899576;3.132248;
HipRight;0.1971851;-0.1031336;3.113693;
HipLeft;0.1419725;-0.1216938;3.146087;
KneeRight;0.3251886;-0.6455421;3.083849;
KneeLeft;0.0226821;-0.6337687;3.211164;
AnkleRight;0.5373855;-0.9945668;3.105141;
AnkleLeft;-0.06330582;-1.015798;3.189437;
FootRight;0.5038179;-1.067663;3.087229;
FootLeft;-0.1506758;-1.070552;3.202713;
Head;0.04414665;0.6156759;3.136976;
ShoulderCenter;0.1442109;0.4485485;3.154646;
ShoulderRight;0.2166362;0.3092059;3.041724;
ShoulderLeft;0.07498521;0.2968785;3.255976;
ElbowRight;0.1598458;0.05579494;2.959254;
ElbowLeft;0.02950501;-0.02072421;3.340706;
WristRight;-0.06807412;-0.1320076;2.909379;
WristLeft;0.02616137;-0.2719164;3.338511;
HandRight;-0.1364267;-0.1877379;2.903445;
HandLeft;-0.01575079;-0.3545538;3.372785;
Spine;0.1284954;0.01035449;3.130986;
HipCenter;0.1258994;-0.07730805;3.129865;
HipRight;0.1525749;-0.1024683;3.111788;
HipLeft;0.09640811;-0.1200405;3.142835;
KneeRight;0.2685975;-0.6647956;3.09417;
KneeLeft;-0.03116667;-0.6437137;3.219771;
AnkleRight;0.5306803;-1.003425;3.103505;
AnkleLeft;-0.0697382;-1.014039;3.189793;
FootRight;0.4722251;-1.085393;3.118034;
FootLeft;-0.1581253;-1.078664;3.21012;
Head;-0.009250872;0.5610052;3.142982;
ShoulderCenter;0.09264491;0.3516406;3.153625;
ShoulderRight;0.162244;0.30722;3.042722;
ShoulderLeft;0.02341925;0.1999707;3.254956;
ElbowRight;0.1220921;0.06223354;2.958272;
ElbowLeft;-0.02210747;-0.117957;3.339799;
WristRight;-0.1243623;-0.155929;2.897313;
WristLeft;-0.02539711;-0.3694136;3.337479;
HandRight;-0.176313;-0.2065431;2.905461;
HandLeft;-0.06728897;-0.452011;3.371737;
Spine;0.07214877;-0.00835596;3.15215;
HipCenter;0.06804954;-0.08035529;3.155425;
HipRight;0.08887662;-0.1229815;3.117902;
HipLeft;0.04081212;-0.1503209;3.189611;
KneeRight;0.2187501;-0.6673392;3.087204;
KneeLeft;-0.0649396;-0.644822;3.223889;
AnkleRight;0.4894175;-0.9923086;3.093837;
AnkleLeft;-0.07601216;-1.013891;3.189445;
FootRight;0.4574866;-1.062223;3.064877;
FootLeft;-0.1553109;-1.079765;3.208676;
Head;-0.05548795;0.5916144;3.153125;
ShoulderCenter;0.05423496;0.4534776;3.157254;
ShoulderRight;0.1331877;0.317688;3.04305;
ShoulderLeft;-0.01499071;0.3018076;3.258584;
ElbowRight;0.09539044;0.07367893;2.962197;
ElbowLeft;-0.06055512;-0.01638317;3.343431;
WristRight;-0.1372415;-0.1559484;2.900742;
WristLeft;-0.06380077;-0.2680538;3.340963;
HandRight;-0.1958787;-0.2093356;2.89882;
HandLeft;-0.1058092;-0.350881;3.375317;
Spine;0.02242663;0.01920276;3.149742;
HipCenter;0.01606496;-0.06765221;3.151821;
HipRight;0.0402547;-0.08723347;3.134688;
HipLeft;-0.01357208;-0.1224424;3.166088;
KneeRight;0.1260965;-0.6278505;3.07474;
KneeLeft;-0.08527487;-0.6469009;3.2169;
AnkleRight;0.4393678;-0.9572207;3.088796;
AnkleLeft;-0.08642963;-1.017519;3.187497;
FootRight;0.4208566;-1.057581;3.071929;
FootLeft;-0.1579478;-1.084369;3.210578;
Head;-0.0825925;0.5687325;3.153246;
ShoulderCenter;0.006733015;0.3487873;3.161243;
ShoulderRight;0.08305279;0.3193054;3.043584;
ShoulderLeft;-0.06249265;0.1971173;3.262573;
ElbowRight;0.04097467;0.06547908;2.96519;
ElbowLeft;-0.1081154;-0.1214809;3.347557;
WristRight;-0.1500078;-0.1578794;2.90552;
WristLeft;-0.1112925;-0.3734831;3.34493;
HandRight;-0.2067728;-0.2129111;2.896328;
HandLeft;-0.1534182;-0.4565416;3.37938;
Spine;-0.02133951;-0.01454015;3.162799;
HipCenter;-0.02655216;-0.087023;3.166554;
HipRight;-0.002700515;-0.1231831;3.150213;
HipLeft;-0.05839804;-0.1442911;3.181209;
KneeRight;0.01793725;-0.6347423;3.090491;
KneeLeft;-0.1103707;-0.648119;3.198132;
AnkleRight;0.3588749;-0.9332987;3.083612;
AnkleLeft;-0.08692337;-1.017119;3.187887;
FootRight;0.3740525;-1.003633;3.044671;
FootLeft;-0.1583996;-1.087895;3.212429;
Head;-0.1298766;0.6533238;3.147882;
ShoulderCenter;-0.027475;0.4621972;3.165865;
ShoulderRight;0.04072306;0.3261926;3.048587;
ShoulderLeft;-0.09670067;0.3105272;3.267195;
ElbowRight;0.02876442;0.06876624;2.970815;
ElbowLeft;-0.1423775;-0.008448452;3.352218;
WristRight;-0.174226;-0.1568991;2.920289;
WristLeft;-0.1454907;-0.2607575;3.349396;
HandRight;-0.2272698;-0.2263652;2.902434;
HandLeft;-0.1877964;-0.3441711;3.383992;
Spine;-0.05017108;0.01614184;3.140601;
HipCenter;-0.0515581;-0.0742312;3.142388;
HipRight;-0.02755307;-0.0952873;3.117703;
HipLeft;-0.08511856;-0.1223586;3.155764;
KneeRight;-0.02304615;-0.6394011;3.085513;
KneeLeft;-0.1184874;-0.6492267;3.148022;
AnkleRight;0.265437;-0.9364456;3.07893;
AnkleLeft;-0.09198066;-1.017826;3.187283;
FootRight;0.253582;-1.044955;3.101321;
FootLeft;-0.1618493;-1.091838;3.217281;
Head;-0.1661395;0.5816966;3.16088;
ShoulderCenter;-0.057334;0.3672549;3.166849;
ShoulderRight;-0.00136886;0.3298008;3.047992;
ShoulderLeft;-0.1265597;0.215585;3.26818;
ElbowRight;-0.01685058;0.06805163;2.98716;
ElbowLeft;-0.1722923;-0.1037804;3.353329;
WristRight;-0.194989;-0.1717949;2.917442;
WristLeft;-0.175339;-0.3564065;3.350349;
HandRight;-0.2360179;-0.2326101;2.904304;
HandLeft;-0.2177272;-0.4399826;3.385013;
Spine;-0.006218681;-0.02162867;3.144682;
HipCenter;0.004004385;-0.0994054;3.143845;
HipRight;0.0400762;-0.1172355;3.128603;
HipLeft;-0.02171789;-0.1603143;3.152723;
KneeRight;-0.07832761;-0.6537363;3.081261;
KneeLeft;-0.1667645;-0.6889096;3.136936;
AnkleRight;0.1869632;-0.9350962;3.070532;
AnkleLeft;-0.09329656;-1.019034;3.190068;
FootRight;0.1499437;-1.04075;3.067464;
FootLeft;-0.1599419;-1.093084;3.218985;
Head;-0.1957899;0.5841479;3.161894;
ShoulderCenter;-0.09163935;0.3633961;3.164823;
ShoulderRight;-0.0180224;0.3332951;3.050147;
ShoulderLeft;-0.160865;0.2117262;3.266153;
ElbowRight;-0.05029587;0.06074221;2.98177;
ElbowLeft;-0.206684;-0.1082427;3.351501;
WristRight;-0.2149856;-0.2044269;2.927439;
WristLeft;-0.2096268;-0.3613593;3.348275;
HandRight;-0.257034;-0.259943;2.903183;
HandLeft;-0.2519545;-0.4448161;3.38289;
Spine;-0.07325125;-0.01470882;3.121768;
HipCenter;-0.06818493;-0.09017361;3.116839;
HipRight;-0.03086908;-0.114133;3.09492;
HipLeft;-0.09960786;-0.1539916;3.126684;
KneeRight;-0.105229;-0.6542461;3.087897;
KneeLeft;-0.2472329;-0.634592;3.082975;
AnkleRight;0.08264105;-0.9605778;3.060921;
AnkleLeft;-0.09244634;-1.025674;3.189358;
FootRight;0.02336203;-1.054403;3.078661;
FootLeft;-0.1602492;-1.093118;3.21901;
Head;-0.2357074;0.5978646;3.147124;
ShoulderCenter;-0.1432519;0.3695194;3.150457;
ShoulderRight;-0.07183094;0.339476;3.056678;
ShoulderLeft;-0.2124775;0.2178494;3.251787;
ElbowRight;-0.0881974;0.0550025;2.979856;
ElbowLeft;-0.2584051;-0.1028776;3.337388;
WristRight;-0.2171715;-0.207005;2.927773;
WristLeft;-0.2612158;-0.3566102;3.333851;
HandRight;-0.2579854;-0.2651682;2.908058;
HandLeft;-0.3035395;-0.4400593;3.368462;
Spine;-0.1269868;0.02571496;3.122316;
HipCenter;-0.1237338;-0.04304593;3.120289;
HipRight;-0.08811418;-0.07693875;3.084608;
HipLeft;-0.1544056;-0.1137404;3.144587;
KneeRight;-0.2403662;-0.6379898;3.108958;
KneeLeft;-0.1336554;-0.6318319;3.227788;
AnkleRight;-0.04195448;-0.9765022;3.102456;
AnkleLeft;-0.1330829;-1.012324;3.165255;
FootRight;-0.1038437;-1.068255;3.091329;
FootLeft;-0.1932842;-1.093943;3.215109;
Head;-0.2824768;0.5908118;3.166925;
ShoulderCenter;-0.1700735;0.3661442;3.154722;
ShoulderRight;-0.09885749;0.3428542;3.056367;
ShoulderLeft;-0.2392992;0.2144742;3.256052;
ElbowRight;-0.1162121;0.05840198;2.977479;
ElbowLeft;-0.2850501;-0.1050191;3.341192;
WristRight;-0.2236231;-0.2119216;2.930902;
WristLeft;-0.2880749;-0.3577492;3.338133;
HandRight;-0.2585059;-0.2722738;2.906969;
HandLeft;-0.3303775;-0.4411567;3.372727;
Spine;-0.1576282;-0.01868029;3.128455;
HipCenter;-0.1532516;-0.09540767;3.126508;
HipRight;-0.1132427;-0.1217129;3.111688;
HipLeft;-0.1882089;-0.1576658;3.132779;
KneeRight;-0.2816029;-0.6452221;3.121287;
KneeLeft;-0.1572338;-0.6305554;3.223225;
AnkleRight;-0.1508945;-1.028852;3.095166;
AnkleLeft;-0.09475358;-1.046032;3.148863;
FootRight;-0.2307798;-1.078008;3.074206;
FootLeft;-0.1587434;-1.126168;3.197219;
Head;-0.31285;0.5971255;3.164061;
ShoulderCenter;-0.2105123;0.3652852;3.152338;
ShoulderRight;-0.152384;0.3476657;3.051562;
ShoulderLeft;-0.2797379;0.2136152;3.253668;
ElbowRight;-0.1482564;0.05919059;2.975302;
ElbowLeft;-0.3253132;-0.1046514;3.338344;
WristRight;-0.2288977;-0.185384;2.934392;
WristLeft;-0.473387;-0.2550415;3.461375;
HandRight;-0.2524326;-0.2680037;2.914708;
HandLeft;-0.522745;-0.3051716;3.507303;
Spine;-0.2132939;0.0915613;3.145444;
HipCenter;-0.212954;0.03683555;3.147725;
HipRight;-0.199009;-0.1256316;3.006061;
HipLeft;-0.2246851;-0.1571709;3.26866;
KneeRight;-0.4089536;-0.6139289;3.105335;
KneeLeft;-0.1750072;-0.6315787;3.22681;
AnkleRight;-0.210831;-1.030502;3.11486;
AnkleLeft;-0.1111847;-1.049354;3.178014;
FootRight;-0.3167171;-1.071411;3.114834;
FootLeft;-0.1752509;-1.129586;3.226427;
Head;-0.3746353;0.6281481;3.162053;
ShoulderCenter;-0.2647985;0.4744964;3.164195;
ShoulderRight;-0.1851025;0.3429136;3.050256;
ShoulderLeft;-0.3340242;0.3228264;3.265525;
ElbowRight;-0.1680724;0.06036801;2.974961;
ElbowLeft;-0.3797016;0.003846467;3.350401;
WristRight;-0.2387714;-0.1802478;2.929878;
WristLeft;-0.4863247;-0.207347;3.424172;
HandRight;-0.2599753;-0.2757705;2.916042;
HandLeft;-0.5251619;-0.2620625;3.41544;
Spine;-0.2811916;0.03390641;3.116817;
HipCenter;-0.2844702;-0.0542116;3.110954;
HipRight;-0.2533969;-0.08669598;3.089075;
HipLeft;-0.3182926;-0.09561249;3.123328;
KneeRight;-0.4358203;-0.6242078;3.10729;
KneeLeft;-0.1946548;-0.63302;3.22971;
AnkleRight;-0.4113153;-1.039863;3.089102;
AnkleLeft;-0.1075472;-1.042219;3.184348;
FootRight;-0.4977328;-1.098176;3.135986;
FootLeft;-0.1828216;-1.108298;3.228349;
Head;-0.4087777;0.6300691;3.150957;
ShoulderCenter;-0.302276;0.4773268;3.162511;
ShoulderRight;-0.2181606;0.3370246;3.045582;
ShoulderLeft;-0.3715016;0.3256569;3.263841;
ElbowRight;-0.1940282;0.06691122;2.978291;
ElbowLeft;-0.4172512;0.006173223;3.34884;
WristRight;-0.2487644;-0.1770378;2.924661;
WristLeft;-0.5483952;-0.1923229;3.42014;
HandRight;-0.2636151;-0.2755372;2.915263;
HandLeft;-0.593805;-0.2459617;3.396835;
Spine;-0.325182;0.01563978;3.118495;
HipCenter;-0.3299009;-0.07731661;3.113411;
HipRight;-0.2920601;-0.09824013;3.09071;
HipLeft;-0.3662936;-0.1289352;3.127483;
KneeRight;-0.463766;-0.6220307;3.108396;
KneeLeft;-0.2041964;-0.6211524;3.232735;
AnkleRight;-0.5201854;-1.041468;3.097021;
AnkleLeft;-0.1078232;-1.036256;3.186654;
FootRight;-0.6200696;-1.094239;3.118888;
FootLeft;-0.1849193;-1.104516;3.238002;
Head;-0.4626501;0.6201443;3.153576;
ShoulderCenter;-0.3552163;0.4747207;3.16723;
ShoulderRight;-0.2703425;0.3332089;3.050044;
ShoulderLeft;-0.4244419;0.3230507;3.26856;
ElbowRight;-0.2222601;0.06568523;2.973006;
ElbowLeft;-0.5176385;0.01888177;3.369864;
WristRight;-0.2668738;-0.1812665;2.918147;
WristLeft;-0.6259119;-0.2043483;3.410032;
HandRight;-0.2754442;-0.2815168;2.913381;
HandLeft;-0.6643306;-0.2410709;3.371085;
Spine;-0.3625578;0.02725776;3.127236;
HipCenter;-0.3645841;-0.06259327;3.122816;
HipRight;-0.3351705;-0.08001511;3.110665;
HipLeft;-0.3994747;-0.1142063;3.129517;
KneeRight;-0.5088018;-0.6065413;3.111069;
KneeLeft;-0.2396641;-0.5994052;3.23316;
AnkleRight;-0.6325467;-1.053575;3.111161;
AnkleLeft;-0.1105139;-1.032118;3.187174;
FootRight;-0.743803;-1.08471;3.122311;
FootLeft;-0.1865199;-1.095325;3.247998;
Head;-0.5003747;0.6051764;3.138457;
ShoulderCenter;-0.3848672;0.4707732;3.164344;
ShoulderRight;-0.3087395;0.327305;3.045092;
ShoulderLeft;-0.4540928;0.3191032;3.265675;
ElbowRight;-0.2535168;0.05955881;2.965325;
ElbowLeft;-0.5477133;0.01355073;3.367545;
WristRight;-0.2769768;-0.191488;2.910583;
WristLeft;-0.6876517;-0.198395;3.378471;
HandRight;-0.281689;-0.292755;2.909632;
HandLeft;-0.7483122;-0.2423684;3.377157;
Spine;-0.4138839;0.01377179;3.113012;
HipCenter;-0.417969;-0.07739973;3.106543;
HipRight;-0.3832305;-0.09636085;3.086854;
HipLeft;-0.4558732;-0.1290901;3.11696;
KneeRight;-0.5619608;-0.5593846;3.111476;
KneeLeft;-0.2600392;-0.6182996;3.233473;
AnkleRight;-0.6981295;-1.002329;3.131828;
AnkleLeft;-0.1146909;-1.023716;3.187475;
FootRight;-0.8009338;-1.057504;3.124085;
FootLeft;-0.1854053;-1.094674;3.247786;
Head;-0.544903;0.5976439;3.146286;
ShoulderCenter;-0.434516;0.4528857;3.161924;
ShoulderRight;-0.3608125;0.3134703;3.041394;
ShoulderLeft;-0.5037417;0.3012157;3.263255;
ElbowRight;-0.2851856;0.0453311;2.969589;
ElbowLeft;-0.5977699;-0.005667239;3.365688;
WristRight;-0.3391651;-0.2045327;2.93499;
WristLeft;-0.7555848;-0.2000922;3.40589;
HandRight;-0.3315632;-0.3065582;2.932635;
HandLeft;-0.7973512;-0.2160215;3.374542;
Spine;-0.4687004;0.005952045;3.1049;
HipCenter;-0.4755372;-0.08343467;3.097122;
HipRight;-0.4456662;-0.1036502;3.073884;
HipLeft;-0.5107267;-0.1327533;3.110034;
KneeRight;-0.5648813;-0.5583066;3.110966;
KneeLeft;-0.262298;-0.6271725;3.235264;
AnkleRight;-0.7373733;-0.9898541;3.130577;
AnkleLeft;-0.1194991;-1.019808;3.188098;
FootRight;-0.8284376;-1.064576;3.131259;
FootLeft;-0.183806;-1.085413;3.261835;
Head;-0.5903767;0.5855459;3.105496;
ShoulderCenter;-0.4789931;0.449362;3.138624;
ShoulderRight;-0.4102928;0.3041729;3.037007;
ShoulderLeft;-0.5482187;0.297692;3.239954;
ElbowRight;-0.3257122;0.04609865;2.969353;
ElbowLeft;-0.6426145;-0.0103907;3.342887;
WristRight;-0.3592831;-0.2085678;2.9381;
WristLeft;-0.8081929;-0.1925234;3.403292;
HandRight;-0.3535403;-0.311363;2.934976;
HandLeft;-0.8686367;-0.2324994;3.379954;
Spine;-0.510613;-0.009850078;3.092286;
HipCenter;-0.517459;-0.101809;3.08643;
HipRight;-0.4886096;-0.1226948;3.06101;
HipLeft;-0.5507531;-0.1499224;3.103334;
KneeRight;-0.6026686;-0.563697;3.10348;
KneeLeft;-0.2788393;-0.6798115;3.237111;
AnkleRight;-0.7464356;-1.005115;3.134448;
AnkleLeft;-0.1262369;-1.019236;3.191227;
FootRight;-0.838511;-1.078467;3.137395;
FootLeft;-0.1438931;-1.102015;3.247698;
Head;-0.6510687;0.582688;3.132907;
ShoulderCenter;-0.5254016;0.4441872;3.135884;
ShoulderRight;-0.4512649;0.3009477;3.030863;
ShoulderLeft;-0.5946273;0.2925172;3.237215;
ElbowRight;-0.3769986;0.03090647;2.978355;
ElbowLeft;-0.6893748;-0.01671377;3.340648;
WristRight;-0.4186102;-0.2232376;2.942893;
WristLeft;-0.8477585;-0.2032163;3.408736;
HandRight;-0.3973354;-0.3231679;2.925094;
HandLeft;-0.8941563;-0.2196814;3.371936;
Spine;-0.5302626;-0.01140539;3.08577;
HipCenter;-0.5327378;-0.1027958;3.079877;
HipRight;-0.4974868;-0.1234221;3.057718;
HipLeft;-0.5714223;-0.150176;3.092411;
KneeRight;-0.6225933;-0.5714503;3.098731;
KneeLeft;-0.309523;-0.6910437;3.239492;
AnkleRight;-0.7550137;-1.015299;3.139942;
AnkleLeft;-0.1442228;-1.028856;3.195075;
FootRight;-0.8470692;-1.088648;3.149667;
FootLeft;-0.1844713;-1.111243;3.269515;
Head;-0.6914383;0.5864457;3.118109;
ShoulderCenter;-0.572274;0.4449342;3.123973;
ShoulderRight;-0.4919445;0.3008451;3.025949;
ShoulderLeft;-0.6414996;0.2932642;3.225303;
ElbowRight;-0.427759;0.02680306;2.970886;
ElbowLeft;-0.7358624;-0.01471072;3.328179;
WristRight;-0.4404333;-0.2485325;2.924182;
WristLeft;-0.872722;-0.2158074;3.397198;
HandRight;-0.4273765;-0.3319336;2.917225;
HandLeft;-0.9307138;-0.2623748;3.379526;
Spine;-0.5919201;-0.007185556;3.078742;
HipCenter;-0.5956937;-0.09761199;3.073366;
HipRight;-0.5659105;-0.121528;3.041363;
HipLeft;-0.6287741;-0.1527067;3.095865;
KneeRight;-0.7510366;-0.6251797;3.117728;
KneeLeft;-0.4715199;-0.661702;3.236068;
AnkleRight;-0.7656036;-1.045743;3.145032;
AnkleLeft;-0.1906363;-0.9907383;3.194502;
FootRight;-0.8654668;-1.10779;3.159596;
FootLeft;-0.2239295;-1.073769;3.272169;
Head;-0.742363;0.5828213;3.124168;
ShoulderCenter;-0.6102327;0.4485031;3.118852;
ShoulderRight;-0.5336003;0.3018307;3.021229;
ShoulderLeft;-0.6794584;0.2968331;3.220182;
ElbowRight;-0.4821011;0.04986203;2.973017;
ElbowLeft;-0.7740329;-0.01183307;3.32332;
WristRight;-0.5178073;-0.2036322;2.927033;
WristLeft;-0.896158;-0.2262932;3.383248;
HandRight;-0.4987763;-0.30581;2.920277;
HandLeft;-0.9529619;-0.2750317;3.365238;
Spine;-0.6360368;0.001897469;3.078442;
HipCenter;-0.6415276;-0.08726558;3.074095;
HipRight;-0.6115399;-0.1041187;3.056376;
HipLeft;-0.6779547;-0.1391318;3.084232;
KneeRight;-0.7661535;-0.6330564;3.114672;
KneeLeft;-0.5398113;-0.6740622;3.245853;
AnkleRight;-0.7681867;-1.0475;3.145748;
AnkleLeft;-0.233255;-0.9577569;3.195845;
FootRight;-0.855848;-1.113941;3.165043;
FootLeft;-0.2635642;-1.059764;3.249615;
Head;-0.7621475;0.5925806;3.085121;
ShoulderCenter;-0.6541256;0.4510579;3.115605;
ShoulderRight;-0.5761895;0.3055394;3.012725;
ShoulderLeft;-0.7233513;0.299388;3.216935;
ElbowRight;-0.5465382;0.0384518;2.95641;
ElbowLeft;-0.8182082;-0.01019958;3.320434;
WristRight;-0.5715411;-0.2170254;2.909802;
WristLeft;-0.9256259;-0.2381091;3.364017;
HandRight;-0.5649406;-0.3211622;2.900651;
HandLeft;-0.9778515;-0.295131;3.360141;
Spine;-0.6451457;-0.00157896;3.07916;
HipCenter;-0.6470337;-0.09097518;3.075038;
HipRight;-0.6143193;-0.1079585;3.056585;
HipLeft;-0.6831663;-0.1423621;3.086112;
KneeRight;-0.776121;-0.6255244;3.113153;
KneeLeft;-0.552404;-0.6597387;3.248057;
AnkleRight;-0.7691455;-1.043491;3.143707;
AnkleLeft;-0.2844666;-0.9538494;3.196884;
FootRight;-0.8533191;-1.114635;3.167325;
FootLeft;-0.3149652;-1.056493;3.250989;
Head;-0.8091242;0.5997529;3.07834;
ShoulderCenter;-0.7032663;0.4604799;3.117564;
ShoulderRight;-0.6316274;0.318068;3.014203;
ShoulderLeft;-0.772492;0.3088099;3.218894;
ElbowRight;-0.5874062;0.05726238;2.952238;
ElbowLeft;-0.8676221;-0.001669645;3.322758;
WristRight;-0.6126707;-0.1996776;2.912251;
WristLeft;-0.9269856;-0.2482157;3.362424;
HandRight;-0.6237184;-0.3044797;2.912366;
HandLeft;-0.9682359;-0.2601065;3.341576;
Spine;-0.6754486;-0.003752135;3.080525;
HipCenter;-0.6694117;-0.09527257;3.076519;
HipRight;-0.6307036;-0.109019;3.065509;
HipLeft;-0.7065936;-0.1464179;3.079726;
KneeRight;-0.7858891;-0.6248171;3.11466;
KneeLeft;-0.7360362;-0.6676944;3.178847;
AnkleRight;-0.772014;-1.047456;3.147745;
AnkleLeft;-0.3733929;-0.9218042;3.211883;
FootRight;-0.8440511;-1.112891;3.162751;
FootLeft;-0.384202;-1.010544;3.22041;
Head;-0.8341702;0.5951287;3.076794;
ShoulderCenter;-0.72544;0.4580859;3.117405;
ShoulderRight;-0.658453;0.3173519;3.01142;
ShoulderLeft;-0.7946656;0.3064159;3.218735;
ElbowRight;-0.6450221;0.05797024;2.95884;
ElbowLeft;-0.8900222;-0.004802763;3.3229;
WristRight;-0.7173586;-0.2731902;2.925713;
WristLeft;-0.9612113;-0.2538775;3.330372;
HandRight;-0.7321239;-0.3496523;2.923162;
HandLeft;-1.001385;-0.3202266;3.337777;
Spine;-0.7012871;0.06939714;3.080454;
HipCenter;-0.6942512;-0.008102551;3.076727;
HipRight;-0.6577139;-0.05236388;3.01195;
HipLeft;-0.719018;-0.09349449;3.126034;
KneeRight;-0.7939777;-0.6277285;3.115159;
KneeLeft;-0.738319;-0.6706691;3.187248;
AnkleRight;-0.773589;-1.049033;3.147741;
AnkleLeft;-0.4616277;-0.9310059;3.215103;
FootRight;-0.8440425;-1.112942;3.162347;
FootLeft;-0.4999761;-1.037878;3.253997;
Head;-0.8837327;0.6025659;3.067905;
ShoulderCenter;-0.7803792;0.4579075;3.099769;
ShoulderRight;-0.7034318;0.320638;3.000221;
ShoulderLeft;-0.8496048;0.3062375;3.201099;
ElbowRight;-0.7002498;0.0482788;2.946943;
ElbowLeft;-0.9446099;-0.003833801;3.304806;
WristRight;-0.7980208;-0.2511612;2.928716;
WristLeft;-1.002646;-0.2551407;3.314124;
HandRight;-0.7934586;-0.3274265;2.91406;
HandLeft;-1.045705;-0.3164153;3.293068;
Spine;-0.78016;0.06915272;3.090195;
HipCenter;-0.7801162;-0.008598238;3.091919;
HipRight;-0.7455896;-0.07281876;3.028444;
HipLeft;-0.8145687;-0.07602961;3.148979;
KneeRight;-0.8167803;-0.641547;3.126028;
KneeLeft;-0.7294281;-0.6804233;3.256949;
AnkleRight;-0.7762059;-1.050408;3.145516;
AnkleLeft;-0.5169176;-0.9523987;3.200776;
FootRight;-0.8435978;-1.112699;3.159571;
FootLeft;-0.6003737;-1.035197;3.224918;
Head;-0.9037611;0.5459048;3.074353;
ShoulderCenter;-0.8094053;0.3725655;3.093451;
ShoulderRight;-0.734887;0.3243855;2.993058;
ShoulderLeft;-0.878631;0.2208956;3.194782;
ElbowRight;-0.7546155;0.0431504;2.939044;
ElbowLeft;-0.9731514;-0.08759403;3.297924;
WristRight;-0.8591878;-0.2405801;2.91277;
WristLeft;-1.033402;-0.3370731;3.306683;
HandRight;-0.881005;-0.3141944;2.904188;
HandLeft;-1.072434;-0.4007977;3.287077;
Spine;-0.771616;0.02722286;3.086103;
HipCenter;-0.7662773;-0.03913297;3.088561;
HipRight;-0.7353857;-0.08484159;3.028921;
HipLeft;-0.7827288;-0.1455113;3.139029;
KneeRight;-0.825598;-0.6703767;3.129992;
KneeLeft;-0.7458466;-0.73419;3.256352;
AnkleRight;-0.7089262;-1.008298;3.181814;
AnkleLeft;-0.542053;-1.010542;3.198028;
FootRight;-0.8019474;-1.082174;3.166689;
FootLeft;-0.6589572;-1.023372;3.220568;
Head;-0.9686742;0.5900283;3.13193;
ShoulderCenter;-0.8444598;0.3717304;3.085107;
ShoulderRight;-0.778316;0.3304484;2.990608;
ShoulderLeft;-0.9136854;0.2200604;3.186438;
ElbowRight;-0.8082291;0.03644457;2.928458;
ElbowLeft;-1.007882;-0.08737147;3.289108;
WristRight;-0.9230405;-0.2050371;2.907553;
WristLeft;-1.067985;-0.3359466;3.298136;
HandRight;-0.9675745;-0.2801878;2.908036;
HandLeft;-1.106813;-0.3993388;3.278633;
Spine;-0.8256719;0.01749551;3.074618;
HipCenter;-0.820669;-0.05332182;3.076445;
HipRight;-0.7876203;-0.1005346;3.026693;
HipLeft;-0.844685;-0.1339684;3.119574;
KneeRight;-0.8302963;-0.6839513;3.128061;
KneeLeft;-1.03723;-0.6274659;3.246325;
AnkleRight;-0.7793984;-1.047598;3.172005;
AnkleLeft;-0.7025086;-0.9275618;3.224001;
FootRight;-0.8411919;-1.113057;3.16034;
FootLeft;-0.7909823;-1.003891;3.24999;
Head;-1.019212;0.6061282;3.140037;
ShoulderCenter;-0.8941399;0.4193896;3.085957;
ShoulderRight;-0.8164806;0.3297287;2.984516;
ShoulderLeft;-0.9633656;0.2677197;3.187287;
ElbowRight;-0.8636965;0.03466111;2.921042;
ElbowLeft;-1.057282;-0.03879783;3.289547;
WristRight;-1.010892;-0.2066782;2.908069;
WristLeft;-1.117256;-0.2865916;3.298803;
HandRight;-1.055467;-0.2814604;2.910422;
HandLeft;-1.155887;-0.3496606;3.279399;
Spine;-0.8867103;0.03884619;3.088896;
HipCenter;-0.8852243;-0.03726249;3.093113;
HipRight;-0.8535417;-0.09184825;3.035788;
HipLeft;-0.9142011;-0.1212701;3.148104;
KneeRight;-0.8334043;-0.6897914;3.12852;
KneeLeft;-1.056182;-0.6609563;3.253889;
AnkleRight;-0.7840758;-1.048143;3.169732;
AnkleLeft;-0.9511218;-1.066389;3.255105;
FootRight;-0.8426842;-1.112258;3.15476;
FootLeft;-1.017416;-1.115628;3.291083;
Head;-1.074633;0.5827627;3.148254;
ShoulderCenter;-0.9508701;0.3515193;3.096056;
ShoulderRight;-0.8417595;0.3403911;2.983257;
ShoulderLeft;-1.020096;0.1998493;3.197386;
ElbowRight;-0.9030778;0.0525431;2.920274;
ElbowLeft;-1.113743;-0.1057895;3.29925;
WristRight;-1.071015;-0.1913674;2.921469;
WristLeft;-1.173593;-0.3528328;3.308719;
HandRight;-1.118755;-0.263729;2.916762;
HandLeft;-1.212044;-0.4156091;3.289405;
Spine;-0.9499876;0.02438761;3.129362;
HipCenter;-0.9498111;-0.04103874;3.139655;
HipRight;-0.9251012;-0.1188791;3.082817;
HipLeft;-0.9740295;-0.1453444;3.209831;
KneeRight;-0.8437386;-0.6767877;3.112102;
KneeLeft;-1.103623;-0.6691338;3.265388;
AnkleRight;-0.7854738;-1.044928;3.166874;
AnkleLeft;-1.070422;-1.074991;3.279072;
FootRight;-0.8423598;-1.111541;3.152948;
FootLeft;-1.169448;-1.119563;3.330138;
Head;-1.101719;0.5527997;3.158458;
ShoulderCenter;-0.9702137;0.343862;3.101153;
ShoulderRight;-0.8968204;0.325516;2.983815;
ShoulderLeft;-1.039439;0.192192;3.202484;
ElbowRight;-0.9709799;0.04285956;2.926843;
ElbowLeft;-1.132797;-0.1125015;3.303921;
WristRight;-1.140432;-0.1881269;2.916669;
WristLeft;-1.192513;-0.3587375;3.313615;
HandRight;-1.181327;-0.2519752;2.91107;
HandLeft;-1.230924;-0.4214485;3.294321;
Spine;-0.9690751;0.02912144;3.129936;
HipCenter;-0.9698025;-0.03359393;3.139353;
HipRight;-0.9540849;-0.1073827;3.085098;
HipLeft;-0.9901471;-0.1333074;3.204906;
KneeRight;-0.857419;-0.6701738;3.11094;
KneeLeft;-1.161838;-0.6873848;3.274526;
AnkleRight;-0.7862662;-1.042567;3.164335;
AnkleLeft;-1.205966;-1.058109;3.275644;
FootRight;-0.8428164;-1.110605;3.155874;
FootLeft;-1.310659;-1.111561;3.300948;
Head;-1.156962;0.5707431;3.16449;
ShoulderCenter;-1.028302;0.3499061;3.116212;
ShoulderRight;-0.930763;0.3226947;2.993217;
ShoulderLeft;-1.097528;0.1982361;3.217542;
ElbowRight;-1.021867;0.03677459;2.93063;
ElbowLeft;-1.190608;-0.1055533;3.31857;
WristRight;-1.212503;-0.1901505;2.916273;
WristLeft;-1.250195;-0.3510177;3.328474;
HandRight;-1.289452;-0.232289;2.944051;
HandLeft;-1.288452;-0.4134766;3.309258;
Spine;-1.021045;0.02723258;3.129809;
HipCenter;-1.019594;-0.03730213;3.136166;
HipRight;-0.9879183;-0.1102585;3.077146;
HipLeft;-1.040715;-0.1365259;3.199031;
KneeRight;-0.8791381;-0.666348;3.108809;
KneeLeft;-1.210235;-0.7211645;3.267943;
AnkleRight;-0.7880477;-1.045759;3.16192;
AnkleLeft;-1.316611;-1.046567;3.260373;
FootRight;-0.8449127;-1.114181;3.166243;
FootLeft;-1.424543;-1.09514;3.283043;
Head;-1.189744;0.5761372;3.123928;
ShoulderCenter;-1.073644;0.367813;3.117455;
ShoulderRight;-0.9743271;0.3172672;2.997581;
ShoulderLeft;-1.14287;0.216143;3.218786;
ElbowRight;-1.066118;0.03863573;2.92229;
ElbowLeft;-0.9256564;0.04257627;3.321852;
WristRight;-1.279776;-0.1803512;2.933393;
WristLeft;-0.9790179;-0.2054119;3.296789;
HandRight;-1.356161;-0.2278409;2.946385;
HandLeft;-1.017144;-0.2676566;3.277639;
Spine;-1.064937;0.03381572;3.130903;
HipCenter;-1.063474;-0.03283342;3.13724;
HipRight;-1.037197;-0.1061836;3.070522;
HipLeft;-1.091786;-0.1403788;3.206335;
KneeRight;-0.8976107;-0.663763;3.110144;
KneeLeft;-1.261801;-0.726025;3.265848;
AnkleRight;-0.7906212;-1.048217;3.161201;
AnkleLeft;-1.406951;-1.035785;3.25195;
FootRight;-0.8460928;-1.117276;3.171034;
FootLeft;-1.51802;-1.082716;3.252513;
Head;-1.188735;0.5472805;3.113708;
ShoulderCenter;-1.090774;0.3624717;3.114766;
ShoulderRight;-1.021327;0.297107;3.001648;
ShoulderLeft;-1.16;0.2108017;3.216096;
ElbowRight;-1.11632;0.02816781;2.926904;
ElbowLeft;-0.9672145;0.0362728;3.343422;
WristRight;-1.308197;-0.1592988;2.937956;
WristLeft;-1.020568;-0.2116786;3.318346;
HandRight;-1.384581;-0.2067886;2.950948;
HandLeft;-1.058582;-0.273741;3.299252;
Spine;-1.10612;-0.001825079;3.129862;
HipCenter;-1.10693;-0.07397985;3.136889;
HipRight;-1.082846;-0.130578;3.083755;
HipLeft;-1.131911;-0.1636295;3.193329;
KneeRight;-0.9394168;-0.6577855;3.114596;
KneeLeft;-1.316401;-0.7430416;3.264337;
AnkleRight;-0.808405;-1.016482;3.153923;
AnkleLeft;-1.47374;-1.08907;3.247582;
FootRight;-0.8490216;-1.11017;3.178083;
FootLeft;-1.561535;-1.112793;3.253698;
Head;-1.244176;0.545881;3.123398;
ShoulderCenter;-1.157797;0.3625343;3.120982;
ShoulderRight;-1.077309;0.2987181;2.997571;
ShoulderLeft;-1.227022;0.2108643;3.222312;
ElbowRight;-1.145055;0.02819235;2.927188;
ElbowLeft;-1.013291;0.009932452;3.355369;
WristRight;-1.376014;-0.1590354;2.936186;
WristLeft;-1.066675;-0.2381603;3.330275;
HandRight;-1.433499;-0.2067401;2.927361;
HandLeft;-1.104678;-0.3002047;3.311186;
Spine;-1.151013;-0.0004478545;3.137166;
HipCenter;-1.1486;-0.07304639;3.143863;
HipRight;-1.126861;-0.1263529;3.104253;
HipLeft;-1.174397;-0.1434501;3.187009;
KneeRight;-0.9842408;-0.6765332;3.123825;
KneeLeft;-1.331917;-0.7293613;3.266288;
AnkleRight;-0.8106547;-1.051346;3.155499;
AnkleLeft;-1.461762;-1.045026;3.225199;
FootRight;-0.8516111;-1.128641;3.169812;
FootLeft;-1.550904;-1.111653;3.22947;
Head;-1.323086;0.5465661;3.129318;
ShoulderCenter;-1.214123;0.3525257;3.131305;
ShoulderRight;-1.114697;0.2968164;3.010442;
ShoulderLeft;-1.283348;0.2008557;3.232635;
ElbowRight;-1.185291;0.03047384;2.935967;
ElbowLeft;-1.063944;0.01819452;3.341261;
WristRight;-1.390306;-0.1587577;2.937053;
WristLeft;-1.117326;-0.2298893;3.316154;
HandRight;-1.47406;-0.2113993;2.933238;
HandLeft;-1.155241;-0.2917891;3.29711;
Spine;-1.210146;0.008922949;3.145369;
HipCenter;-1.209351;-0.05979761;3.151832;
HipRight;-1.181388;-0.1487199;3.075773;
HipLeft;-1.235017;-0.1693623;3.230585;
KneeRight;-1.033915;-0.6865746;3.124965;
KneeLeft;-1.39665;-0.6971822;3.268963;
AnkleRight;-0.8129469;-1.051572;3.156121;
AnkleLeft;-1.469236;-1.067808;3.230192;
FootRight;-0.8607262;-1.125418;3.16393;
FootLeft;-1.551524;-1.1129;3.229012;
Head;-1.37709;0.5833871;3.12633;
ShoulderCenter;-1.254001;0.4425905;3.135476;
ShoulderRight;-1.162174;0.2998885;3.017855;
ShoulderLeft;-1.323226;0.2909205;3.236806;
ElbowRight;-1.236659;0.03453244;2.942388;
ElbowLeft;-1.113763;0.07737337;3.326288;
WristRight;-1.435859;-0.1588907;2.944802;
WristLeft;-1.167151;-0.1707356;3.301169;
HandRight;-1.508359;-0.2148072;2.936293;
HandLeft;-1.204957;-0.2324584;3.282179;
Spine;-1.251157;0.04115078;3.131785;
HipCenter;-1.24995;-0.0394568;3.134965;
HipRight;-1.216869;-0.08068474;3.07561;
HipLeft;-1.283372;-0.1297149;3.189477;
KneeRight;-1.10418;-0.6795532;3.138339;
KneeLeft;-1.441454;-0.709862;3.281312;
AnkleRight;-0.8316655;-1.047765;3.158782;
AnkleLeft;-1.471277;-1.065248;3.23075;
FootRight;-0.8844584;-1.117567;3.149662;
FootLeft;-1.555025;-1.117077;3.226588;
Head;-1.441036;0.5709945;3.131654;
ShoulderCenter;-1.307322;0.4432718;3.148277;
ShoulderRight;-1.2056;0.307467;3.021757;
ShoulderLeft;-1.376548;0.2916019;3.249607;
ElbowRight;-1.267369;0.03212826;2.953233;
ElbowLeft;-1.17264;0.05524077;3.361581;
WristRight;-1.445592;-0.1589861;2.942777;
WristLeft;-1.214139;-0.1945659;3.343683;
HandRight;-1.521019;-0.2258029;2.935575;
HandLeft;-1.251864;-0.2561554;3.324734;
Spine;-1.278811;0.03929426;3.129241;
HipCenter;-1.274224;-0.04143132;3.130082;
HipRight;-1.240627;-0.08635671;3.069132;
HipLeft;-1.300822;-0.1298607;3.183643;
KneeRight;-1.231388;-0.6348575;3.13026;
KneeLeft;-1.456737;-0.7131705;3.275299;
AnkleRight;-0.9300188;-0.9835101;3.139425;
AnkleLeft;-1.475348;-1.064153;3.230685;
FootRight;-0.924825;-1.094552;3.155853;
FootLeft;-1.555794;-1.118582;3.22669;
Head;-1.475822;0.5612808;3.137492;
ShoulderCenter;-1.331033;0.4419819;3.145631;
ShoulderRight;-1.245451;0.3043322;3.031534;
ShoulderLeft;-1.400259;0.2903118;3.246961;
ElbowRight;-1.328146;0.007237858;2.968378;
ElbowLeft;-1.21828;0.02009413;3.320264;
WristRight;-1.49211;-0.1840129;2.937333;
WristLeft;-1.248498;-0.2305225;3.306323;
HandRight;-1.535623;-0.2405479;2.938229;
HandLeft;-1.286085;-0.2918874;3.287443;
Spine;-1.323876;0.04970388;3.130969;
HipCenter;-1.322448;-0.02814569;3.131985;
HipRight;-1.28108;-0.08639238;3.062991;
HipLeft;-1.353281;-0.1229118;3.192673;
KneeRight;-1.307233;-0.6360627;3.130941;
KneeLeft;-1.477169;-0.7215202;3.239393;
AnkleRight;-0.9876395;-0.968599;3.137209;
AnkleLeft;-1.480439;-1.062994;3.227052;
FootRight;-0.9949673;-1.084365;3.163069;
FootLeft;-1.543761;-1.122748;3.215393;
Head;-1.527175;0.5737866;3.121728;
ShoulderCenter;-1.397431;0.4552088;3.161727;
ShoulderRight;-1.303965;0.3154121;3.041122;
ShoulderLeft;-1.466656;0.3035388;3.263057;
ElbowRight;-1.346601;0.02061872;2.969726;
ElbowLeft;-1.25626;0.04472029;3.302378;
WristRight;-1.499389;-0.1787593;2.938992;
WristLeft;-1.297955;-0.2033994;3.28079;
HandRight;-1.556471;-0.2611946;2.943415;
HandLeft;-1.335435;-0.264589;3.261964;
Spine;-1.339543;0.05130263;3.135721;
HipCenter;-1.330449;-0.02810647;3.134638;
HipRight;-1.2894;-0.09739902;3.055428;
HipLeft;-1.360567;-0.1296785;3.203438;
KneeRight;-1.408075;-0.6385298;3.135887;
KneeLeft;-1.483333;-0.7318839;3.211773;
AnkleRight;-1.070585;-0.9519175;3.148274;
AnkleLeft;-1.481097;-1.070344;3.230143;
FootRight;-1.101339;-1.059601;3.159971;
FootLeft;-1.546356;-1.12671;3.213868;
Head;-1.550388;0.5730802;3.126877;
ShoulderCenter;-1.414542;0.4561144;3.159559;
ShoulderRight;-1.328613;0.307219;3.041741;
ShoulderLeft;-1.483768;0.3044443;3.260889;
ElbowRight;-1.376751;0.03048332;2.974336;
ElbowLeft;-1.281795;0.04877995;3.286656;
WristRight;-1.508715;-0.1822421;2.941636;
WristLeft;-1.334547;-0.196375;3.261741;
HandRight;-1.548719;-0.2469491;2.942825;
HandLeft;-1.371871;-0.2573106;3.242993;
Spine;-1.36097;0.03327516;3.145647;
HipCenter;-1.35145;-0.05305564;3.147814;
HipRight;-1.314736;-0.1034619;3.097967;
HipLeft;-1.368204;-0.1331486;3.200735;
KneeRight;-1.474033;-0.6339402;3.138854;
KneeLeft;-1.479983;-0.7346582;3.233797;
AnkleRight;-1.156521;-0.9680499;3.145148;
AnkleLeft;-1.484176;-1.07545;3.228939;
FootRight;-1.211658;-1.071161;3.166678;
FootLeft;-1.545921;-1.131733;3.201696;
Head;-1.55923;0.5467811;3.143336;
ShoulderCenter;-1.451648;0.3903454;3.140928;
ShoulderRight;-1.379668;0.3121266;3.042968;
ShoulderLeft;-1.520873;0.2386754;3.242258;
ElbowRight;-1.39859;0.03629927;2.975561;
ElbowLeft;-1.341835;0.02592166;3.319571;
WristRight;-1.524518;-0.1792591;2.94497;
WristLeft;-1.394414;-0.2184286;3.294726;
HandRight;-1.547365;-0.230849;2.945688;
HandLeft;-1.431561;-0.2790745;3.276068;
Spine;-1.411216;0.006341614;3.143526;
HipCenter;-1.40313;-0.07045914;3.147669;
HipRight;-1.36704;-0.1197187;3.08954;
HipLeft;-1.424555;-0.1604904;3.203356;
KneeRight;-1.510988;-0.6796619;3.149956;
KneeLeft;-1.503238;-0.6351098;3.275407;
AnkleRight;-1.276487;-0.982051;3.14532;
AnkleLeft;-1.482399;-1.058784;3.226654;
FootRight;-1.298381;-1.047414;3.091426;
FootLeft;-1.534711;-1.12544;3.204823;
Head;-1.624934;0.5979058;3.112613;
ShoulderCenter;-1.502959;0.4633888;3.138266;
ShoulderRight;-1.404586;0.3203155;3.04572;
ShoulderLeft;-1.572184;0.3117189;3.239596;
ElbowRight;-1.426655;0.04147124;2.976028;
ElbowLeft;-1.393147;0.09896509;3.316974;
WristRight;-1.535624;-0.1824018;2.946935;
WristLeft;-1.445568;-0.1446534;3.292192;
HandRight;-1.559204;-0.2519342;2.945461;
HandLeft;-1.48267;-0.2052266;3.273556;
Spine;-1.436975;0.02557885;3.1514;
HipCenter;-1.421586;-0.06130225;3.155718;
HipRight;-1.387726;-0.1005244;3.11391;
HipLeft;-1.451899;-0.131455;3.203393;
KneeRight;-1.57216;-0.625481;3.149009;
KneeLeft;-1.514725;-0.6554801;3.292008;
AnkleRight;-1.323924;-1.013684;3.147745;
AnkleLeft;-1.461772;-1.028686;3.1677;
FootRight;-1.427753;-1.069639;3.138608;
FootLeft;-1.486325;-1.090135;3.110543;
Head;-1.625159;0.6087059;3.101908;
ShoulderCenter;-1.52161;0.4660754;3.140392;
ShoulderRight;-1.453822;0.3159787;3.038675;
ShoulderLeft;-1.590836;0.3144054;3.241723;
ElbowRight;-1.466611;0.04929845;2.979703;
ElbowLeft;-1.411798;0.1016516;3.319166;
WristRight;-1.544109;-0.1870424;2.948252;
WristLeft;-1.464196;-0.141857;3.294422;
HandRight;-1.601892;-0.2322145;2.948582;
HandLeft;-1.501251;-0.2023544;3.27581;
Spine;-1.471671;0.0251816;3.15875;
HipCenter;-1.464512;-0.063299;3.166746;
HipRight;-1.430262;-0.1030714;3.13283;
HipLeft;-1.482913;-0.1225109;3.203315;
KneeRight;-1.606779;-0.6589503;3.182391;
KneeLeft;-1.55445;-0.6719236;3.254531;
AnkleRight;-1.497091;-1.055833;3.12518;
AnkleLeft;-1.473098;-1.052959;3.197161;
FootRight;-1.567938;-1.105221;3.136977;
FootLeft;-1.497573;-1.114215;3.140185;
Head;-1.628831;0.6313065;3.094672;
ShoulderCenter;-1.549318;0.4756554;3.136388;
ShoulderRight;-1.480748;0.3295647;3.049466;
ShoulderLeft;-1.618544;0.3239854;3.237719;
ElbowRight;-1.486828;0.05617074;2.978141;
ElbowLeft;-1.456625;0.1508111;3.284682;
WristRight;-1.55135;-0.1840208;2.953097;
WristLeft;-1.521573;-0.088994;3.254566;
HandRight;-1.595467;-0.2424127;2.950284;
HandLeft;-1.558574;-0.1494033;3.235981;
Spine;-1.503866;0.03638199;3.166645;
HipCenter;-1.493747;-0.05207495;3.176151;
HipRight;-1.459161;-0.1034209;3.136393;
HipLeft;-1.517349;-0.1115366;3.22348;
KneeRight;-1.626831;-0.6832875;3.224665;
KneeLeft;-1.573007;-0.7145221;3.252789;
AnkleRight;-1.619543;-1.065034;3.132149;
AnkleLeft;-1.577322;-1.076898;3.164257;
FootRight;-1.690502;-1.116299;3.078927;
FootLeft;-1.648282;-1.128163;3.111035;
Head;-1.620528;0.6551555;3.110139;
ShoulderCenter;-1.572116;0.4770116;3.128822;
ShoulderRight;-1.49377;0.3340347;3.047582;
ShoulderLeft;-1.641342;0.3253417;3.230152;
ElbowRight;-1.514681;0.05953282;2.97711;
ElbowLeft;-1.50021;0.1695641;3.333881;
WristRight;-1.563062;-0.184256;2.961349;
WristLeft;-1.575955;-0.06528804;3.28946;
HandRight;-1.588826;-0.2731536;2.996806;
HandLeft;-1.612967;-0.1257145;3.270869;
Spine;-1.521616;0.04825132;3.18163;
HipCenter;-1.51356;-0.03558434;3.198672;
HipRight;-1.469599;-0.1005269;3.148513;
HipLeft;-1.54223;-0.08994919;3.264463;
KneeRight;-1.631405;-0.6678158;3.233158;
KneeLeft;-1.550685;-0.677492;3.301319;
AnkleRight;-1.596427;-1.034065;3.16867;
AnkleLeft;-1.507031;-1.08051;3.202681;
FootRight;-1.544785;-1.118102;3.205094;
FootLeft;-1.490209;-1.162033;3.227588;
Head;-1.696287;0.6194504;3.130245;
ShoulderCenter;-1.584668;0.4678916;3.137255;
ShoulderRight;-1.507486;0.3268331;3.057137;
ShoulderLeft;-1.653894;0.3162216;3.238586;
ElbowRight;-1.529625;0.06732608;2.976065;
ElbowLeft;-1.57446;0.04979357;3.02218;
WristRight;-1.590951;-0.1695617;3.00081;
WristLeft;-1.607247;-0.1933543;2.972265;
HandRight;-1.614829;-0.23556;3.021534;
HandLeft;-1.64422;-0.2537162;2.953694;
Spine;-1.544405;-0.003031135;3.247137;
HipCenter;-1.534638;-0.09597053;3.27156;
HipRight;-1.495827;-0.1261979;3.265779;
HipLeft;-1.566592;-0.1310036;3.290663;
KneeRight;-1.666787;-0.7036418;3.242579;
KneeLeft;-1.554335;-0.6663721;3.297819;
AnkleRight;-1.597067;-1.033906;3.168551;
AnkleLeft;-1.506566;-1.083245;3.202677;
FootRight;-1.534592;-1.117278;3.195261;
FootLeft;-1.489464;-1.164304;3.228213;
Head;-1.602085;0.4082779;3.243405;
ShoulderCenter;-1.574527;0.2306553;3.282901;
ShoulderRight;-1.497793;0.09108831;3.203307;
ShoulderLeft;-1.564786;0.1506198;3.108565;
ElbowRight;-1.607703;0.01825404;2.965317;
ElbowLeft;-1.599602;-0.09409326;3.07496;
WristRight;-1.612951;-0.2037202;3.059329;
WristLeft;-1.651804;-0.3355358;3.050279;
HandRight;-1.636712;-0.2696764;3.07991;
HandLeft;-1.688717;-0.3958017;3.031737;
Spine;-1.596083;-0.1419406;3.284613;
HipCenter;-1.600395;-0.2164598;3.288549;
HipRight;-1.569942;-0.2464935;3.310304;
HipLeft;-1.633679;-0.2353754;3.265803;
KneeRight;-1.672608;-0.6851112;3.241033;
KneeLeft;-1.559058;-0.6763417;3.31212;
AnkleRight;-1.602427;-1.031328;3.169165;
AnkleLeft;-1.506045;-1.082806;3.202579;
FootRight;-1.536275;-1.11676;3.194301;
FootLeft;-1.487713;-1.163416;3.228092;
Head;-1.612359;0.3995275;3.236514;
ShoulderCenter;-1.612258;0.174116;3.281089;
ShoulderRight;-1.535524;0.03454897;3.201495;
ShoulderLeft;-1.602517;0.09408046;3.106753;
ElbowRight;-1.645041;-0.03802469;2.964294;
ElbowLeft;-1.624497;-0.1507899;3.093354;
WristRight;-1.635956;-0.2337917;3.09886;
WristLeft;-1.691106;-0.3868533;3.055874;
HandRight;-1.65968;-0.2996449;3.119409;
HandLeft;-1.727962;-0.447025;3.037362;
Spine;-1.620721;-0.2330537;3.328378;
HipCenter;-1.622414;-0.3144876;3.341425;
HipRight;-1.58126;-0.3299474;3.354681;
HipLeft;-1.664464;-0.3421519;3.332199;
KneeRight;-1.629585;-0.7699445;3.251339;
KneeLeft;-1.602688;-0.7835469;3.370623;
AnkleRight;-1.612529;-1.029355;3.169922;
AnkleLeft;-1.536447;-1.228281;3.261976;
FootRight;-1.537276;-1.11572;3.192987;
FootLeft;-1.516655;-1.308458;3.287259;
Head;-1.669123;0.389259;3.234977;
ShoulderCenter;-1.661457;0.1468992;3.277531;
ShoulderRight;-1.584723;0.00733225;3.197938;
ShoulderLeft;-1.651716;0.06686375;3.103196;
ElbowRight;-1.711186;-0.1940953;3.231692;
ElbowLeft;-1.653984;-0.2235429;3.174279;
WristRight;-1.665181;-0.4228442;3.139301;
WristLeft;-1.705677;-0.4637762;3.149744;
HandRight;-1.688895;-0.4886701;3.159842;
HandLeft;-1.742518;-0.523923;3.131239;
Spine;-1.665291;-0.2819012;3.316525;
HipCenter;-1.666058;-0.3676613;3.327912;
HipRight;-1.646862;-0.3802446;3.344342;
HipLeft;-1.685681;-0.4029392;3.314803;
KneeRight;-1.611486;-0.7776839;3.256929;
KneeLeft;-1.66361;-0.8974505;3.381977;
AnkleRight;-1.502942;-1.075936;3.22054;
AnkleLeft;-1.597369;-1.342185;3.273334;
FootRight;-1.552119;-1.138095;3.186208;
FootLeft;-1.577575;-1.42237;3.298619;
Head;-1.67511;-0.3633541;3.287857;
ShoulderCenter;-1.667444;-0.6057139;3.330535;
ShoulderRight;-1.59071;-0.7452809;3.250942;
ShoulderLeft;-1.657703;-0.6857494;3.156199;
ElbowRight;-1.656513;-0.4203293;3.228161;
ElbowLeft;-1.678628;-0.3982137;3.22456;
WristRight;-1.825271;-0.2469994;3.174154;
WristLeft;-1.730146;-0.6376331;3.200099;
HandRight;-1.881524;-0.1892227;3.161032;
HandLeft;-1.766918;-0.6976674;3.181629;
Spine;-1.642854;-0.5854399;3.369323;
HipCenter;-1.637936;-0.581385;3.380659;
HipRight;-1.600649;-0.5976222;3.401527;
HipLeft;-1.651726;-0.5457756;3.388045;
KneeRight;-1.687794;-1.004784;3.060517;
KneeLeft;-1.705303;-0.9073866;3.400809;
AnkleRight;-1.474338;-1.103998;3.277006;
AnkleLeft;-1.639063;-1.352121;3.292246;
FootRight;-1.538346;-1.142896;3.23464;
FootLeft;-1.619342;-1.432005;3.317437;
Head;-1.714437;-0.3938207;3.281699;
ShoulderCenter;-1.706771;-0.6361805;3.324388;
ShoulderRight;-1.630037;-0.7757474;3.244795;
ShoulderLeft;-1.69703;-0.716216;3.150053;
ElbowRight;-1.695664;-0.4516658;3.222007;
ElbowLeft;-1.717955;-0.4286802;3.218421;
WristRight;-1.798823;-0.2686897;3.332387;
WristLeft;-1.769335;-0.6674587;3.193991;
HandRight;-1.833209;-0.2076977;3.374059;
HandLeft;-1.806066;-0.727425;3.175542;
Spine;-1.716057;-0.9084912;3.435394;
HipCenter;-1.717915;-0.9629533;3.461173;
HipRight;-1.699737;-0.9746522;3.446078;
HipLeft;-1.73756;-0.9942738;3.492348;
KneeRight;-1.734658;-0.5316254;3.144;
KneeLeft;-1.776641;-1.505061;3.610694;
AnkleRight;-1.761006;-0.1973512;2.898389;
AnkleLeft;-1.729904;-2.204697;3.568503;
FootRight;-1.70001;-0.254129;2.84101;
FootLeft;-1.668908;-2.261475;3.511124;
