Floor;-0.02663833;0.9996355;0.004357785;1.069374;
Head;1.330527;0.5918477;3.224667;
ShoulderCenter;1.441278;0.4389032;3.204311;
ShoulderRight;1.497405;0.3232445;3.073877;
ShoulderLeft;1.413001;0.3468517;3.409821;
ElbowRight;1.57553;0.0549152;2.976352;
ElbowLeft;1.341209;0.05719588;3.436498;
WristRight;1.566248;-0.2234056;2.903012;
WristLeft;1.135829;-0.1531368;3.408929;
HandRight;1.563421;-0.3152296;2.901301;
HandLeft;1.08631;-0.1996137;3.409159;
Spine;1.398512;0.09659746;3.183638;
HipCenter;1.389959;0.02813631;3.182798;
HipRight;1.398606;-0.05997334;3.094361;
HipLeft;1.360624;-0.04935011;3.257129;
KneeRight;1.581023;-0.7152103;3.205141;
KneeLeft;1.338353;-0.6115571;3.138608;
AnkleRight;1.688703;-0.9575384;3.129236;
AnkleLeft;1.20758;-0.9509124;3.081728;
FootRight;1.564853;-0.9764138;3.122102;
FootLeft;1.112192;-0.997283;3.056088;
Head;1.311936;0.600938;3.230856;
ShoulderCenter;1.415293;0.4431975;3.203619;
ShoulderRight;1.463034;0.3232461;3.077179;
ShoulderLeft;1.375446;0.3491251;3.387251;
ElbowRight;1.555221;0.05351587;2.976789;
ElbowLeft;1.316103;0.05168151;3.433526;
WristRight;1.549709;-0.2308662;2.904787;
WristLeft;1.129292;-0.1530264;3.409837;
HandRight;1.554844;-0.3136186;2.898215;
HandLeft;1.079146;-0.1968424;3.407438;
Spine;1.367552;0.09209196;3.184047;
HipCenter;1.357626;0.02162462;3.183478;
HipRight;1.366297;-0.06242067;3.100497;
HipLeft;1.329612;-0.05087787;3.254072;
KneeRight;1.441673;-0.5365873;3.192404;
KneeLeft;1.244418;-0.6064456;3.123862;
AnkleRight;1.651741;-0.9111543;3.14272;
AnkleLeft;1.186749;-0.982766;3.080121;
FootRight;1.564693;-0.9536257;3.116271;
FootLeft;1.114528;-1.043228;3.060754;
Head;1.284759;0.6414646;3.232633;
ShoulderCenter;1.367805;0.4504777;3.200337;
ShoulderRight;1.41558;0.3282493;3.071039;
ShoulderLeft;1.324114;0.3491588;3.364771;
ElbowRight;1.495354;0.05832675;2.985067;
ElbowLeft;1.274751;0.05704708;3.421862;
WristRight;1.496977;-0.2300792;2.903935;
WristLeft;1.100879;-0.155201;3.418504;
HandRight;1.512475;-0.3114634;2.895713;
HandLeft;1.067816;-0.2070985;3.403358;
Spine;1.334677;0.1267568;3.175105;
HipCenter;1.32755;0.06271079;3.173158;
HipRight;1.340368;-0.01630668;3.093258;
HipLeft;1.299665;-0.006945559;3.237572;
KneeRight;1.376857;-0.5452743;3.194864;
KneeLeft;1.239697;-0.6091019;3.127708;
AnkleRight;1.644642;-0.9135175;3.150846;
AnkleLeft;1.168697;-0.9816953;3.082883;
FootRight;1.566961;-0.9520727;3.12526;
FootLeft;1.091017;-1.02025;3.057297;
Head;1.23879;0.6351508;3.234598;
ShoulderCenter;1.349379;0.4570734;3.207021;
ShoulderRight;1.390854;0.3328497;3.072588;
ShoulderLeft;1.304536;0.3584625;3.401235;
ElbowRight;1.464463;0.05895555;2.976019;
ElbowLeft;1.240978;0.04656291;3.391999;
WristRight;1.432936;-0.2254274;2.89043;
WristLeft;1.094162;-0.1595211;3.414215;
HandRight;1.442731;-0.3131811;2.875118;
HandLeft;1.039468;-0.2267752;3.412473;
Spine;1.317588;0.1239263;3.169127;
HipCenter;1.309858;0.05738154;3.164373;
HipRight;1.322228;-0.01691277;3.087655;
HipLeft;1.283787;-0.006498598;3.221618;
KneeRight;1.194584;-0.5926865;3.12828;
KneeLeft;1.234927;-0.6167941;3.141286;
AnkleRight;1.556475;-0.8953069;3.153087;
AnkleLeft;1.165943;-0.9866897;3.082124;
FootRight;1.592188;-0.9875015;3.175192;
FootLeft;1.089227;-1.024266;3.060593;
Head;1.20949;0.6343402;3.204527;
ShoulderCenter;1.310447;0.4616656;3.21565;
ShoulderRight;1.363314;0.3362764;3.074904;
ShoulderLeft;1.256456;0.3499795;3.362694;
ElbowRight;1.420764;0.05961328;2.976142;
ElbowLeft;1.216278;0.03784306;3.414163;
WristRight;1.385252;-0.2195986;2.898988;
WristLeft;1.077543;-0.1773191;3.420067;
HandRight;1.425278;-0.3002169;2.876717;
HandLeft;1.031803;-0.2403213;3.413341;
Spine;1.265661;0.08292259;3.165735;
HipCenter;1.257629;0.007064886;3.158836;
HipRight;1.273413;-0.05377787;3.095022;
HipLeft;1.229558;-0.04813799;3.204525;
KneeRight;1.146325;-0.5953451;3.113275;
KneeLeft;1.158661;-0.5852029;3.131955;
AnkleRight;1.515864;-0.9031662;3.154919;
AnkleLeft;1.164925;-0.9857961;3.081671;
FootRight;1.529425;-0.999705;3.178638;
FootLeft;1.124289;-1.047552;3.087521;
Head;1.187083;0.6298347;3.206082;
ShoulderCenter;1.274768;0.4475294;3.2159;
ShoulderRight;1.322996;0.3349603;3.073414;
ShoulderLeft;1.208313;0.3260936;3.311074;
ElbowRight;1.369203;0.0589903;2.980977;
ElbowLeft;1.179328;0.02719214;3.40024;
WristRight;1.331616;-0.2258045;2.895508;
WristLeft;1.06258;-0.1992268;3.421148;
HandRight;1.316342;-0.3144274;2.86488;
HandLeft;1.029003;-0.2479261;3.411515;
Spine;1.227678;0.06989418;3.165366;
HipCenter;1.2176;-0.005876549;3.158514;
HipRight;1.238084;-0.06065281;3.096988;
HipLeft;1.18222;-0.06580178;3.201831;
KneeRight;1.156373;-0.6070765;3.120929;
KneeLeft;1.092236;-0.5606357;3.253577;
AnkleRight;1.46164;-0.9237334;3.156379;
AnkleLeft;1.162341;-0.9863659;3.080688;
FootRight;1.447824;-1.001276;3.180376;
FootLeft;1.122339;-1.052686;3.087067;
Head;1.126654;0.632511;3.212173;
ShoulderCenter;1.242683;0.4533433;3.207539;
ShoulderRight;1.291387;0.3360831;3.080433;
ShoulderLeft;1.187148;0.327602;3.315912;
ElbowRight;1.33674;0.06755538;2.979797;
ElbowLeft;1.15959;0.01365632;3.396324;
WristRight;1.279606;-0.2175681;2.907874;
WristLeft;1.054624;-0.2175137;3.426046;
HandRight;1.263138;-0.3125689;2.898283;
HandLeft;1.028107;-0.257764;3.413826;
Spine;1.180815;0.05806883;3.165085;
HipCenter;1.16887;-0.02147792;3.160292;
HipRight;1.185856;-0.07095984;3.107763;
HipLeft;1.141357;-0.07378796;3.200347;
KneeRight;1.151931;-0.6141956;3.120136;
KneeLeft;1.042115;-0.5661786;3.288648;
AnkleRight;1.384889;-0.9613611;3.185152;
AnkleLeft;1.142439;-1.002909;3.079618;
FootRight;1.38679;-1.043167;3.251485;
FootLeft;1.112073;-1.074583;3.078009;
Head;1.11814;0.639859;3.208989;
ShoulderCenter;1.211637;0.4846621;3.207577;
ShoulderRight;1.265502;0.3531467;3.084413;
ShoulderLeft;1.15167;0.3345678;3.3235;
ElbowRight;1.288335;0.09041592;2.981524;
ElbowLeft;1.11018;-0.002303928;3.39107;
WristRight;1.228845;-0.201169;2.930505;
WristLeft;1.05008;-0.2508706;3.426484;
HandRight;1.215738;-0.2980335;2.922297;
HandLeft;1.027992;-0.2616083;3.409202;
Spine;1.147401;0.1089092;3.164558;
HipCenter;1.134956;0.03335269;3.1593;
HipRight;1.150719;-0.02007933;3.097519;
HipLeft;1.099964;-0.02996325;3.205131;
KneeRight;1.143527;-0.6162692;3.116479;
KneeLeft;1.022465;-0.5522372;3.283591;
AnkleRight;1.233055;-0.9706917;3.120146;
AnkleLeft;1.141251;-1.000342;3.080323;
FootRight;1.148367;-1.025268;3.090695;
FootLeft;1.113413;-1.072663;3.076589;
Head;1.10268;0.6476946;3.212552;
ShoulderCenter;1.180826;0.4814654;3.205259;
ShoulderRight;1.234288;0.3561354;3.082894;
ShoulderLeft;1.127462;0.3533028;3.320517;
ElbowRight;1.257328;0.09131128;2.993866;
ElbowLeft;1.092197;0.01252487;3.387928;
WristRight;1.149729;-0.2018541;2.951118;
WristLeft;1.035232;-0.2425303;3.400403;
HandRight;1.13238;-0.2796849;2.95145;
HandLeft;1.00105;-0.2653371;3.38559;
Spine;1.114689;0.1051312;3.167507;
HipCenter;1.101137;0.02974527;3.163392;
HipRight;1.112703;-0.02799853;3.102669;
HipLeft;1.068233;-0.02866379;3.210093;
KneeRight;1.134162;-0.6204377;3.114677;
KneeLeft;0.990881;-0.5692147;3.276802;
AnkleRight;1.178337;-0.9956357;3.115105;
AnkleLeft;1.142202;-1.000885;3.079791;
FootRight;1.113703;-1.046277;3.082267;
FootLeft;1.112717;-1.041357;3.177512;
Head;1.042029;0.6678529;3.239472;
ShoulderCenter;1.145993;0.48452;3.200893;
ShoulderRight;1.19402;0.3589823;3.08028;
ShoulderLeft;1.094469;0.3612817;3.316051;
ElbowRight;1.214628;0.1011133;2.999887;
ElbowLeft;1.056533;0.01879776;3.383625;
WristRight;1.110569;-0.1386447;2.948253;
WristLeft;0.9976874;-0.2217164;3.278028;
HandRight;1.072214;-0.2295071;2.941519;
HandLeft;0.9515027;-0.3089691;3.272894;
Spine;1.073889;0.09676425;3.176799;
HipCenter;1.058848;0.01880887;3.175809;
HipRight;1.07638;-0.03094677;3.120644;
HipLeft;1.025201;-0.0351379;3.221353;
KneeRight;1.119696;-0.6232872;3.112774;
KneeLeft;0.9655052;-0.6147193;3.258569;
AnkleRight;1.160038;-0.9934634;3.105909;
AnkleLeft;1.070894;-1.020463;3.199897;
FootRight;1.112985;-1.056288;3.080307;
FootLeft;1.007472;-1.058339;3.236768;
Head;1.023929;0.6818813;3.182803;
ShoulderCenter;1.115713;0.4899594;3.203319;
ShoulderRight;1.166501;0.3640824;3.077487;
ShoulderLeft;1.063699;0.3676338;3.318422;
ElbowRight;1.16022;0.09873855;2.998933;
ElbowLeft;1.027352;0.02312532;3.386415;
WristRight;1.04265;-0.1365701;2.94907;
WristLeft;0.9807726;-0.2209626;3.279117;
HandRight;0.9941518;-0.224954;2.93743;
HandLeft;0.965246;-0.3023253;3.247942;
Spine;1.056324;0.1052036;3.17431;
HipCenter;1.043624;0.02794364;3.172295;
HipRight;1.056849;-0.02331124;3.109905;
HipLeft;1.011665;-0.03552523;3.221682;
KneeRight;1.098259;-0.6128755;3.105344;
KneeLeft;0.915426;-0.6189662;3.25763;
AnkleRight;1.157305;-0.991115;3.101078;
AnkleLeft;0.9906353;-1.016105;3.22061;
FootRight;1.109929;-1.055799;3.076832;
FootLeft;0.9451076;-1.076975;3.255803;
Head;0.9681361;0.6394939;3.248099;
ShoulderCenter;1.071867;0.482053;3.204845;
ShoulderRight;1.13132;0.3622573;3.077147;
ShoulderLeft;1.020385;0.3599327;3.319899;
ElbowRight;1.107701;0.09441909;2.999314;
ElbowLeft;0.9827358;0.01389098;3.388383;
WristRight;0.9508654;-0.1651722;2.949551;
WristLeft;0.9287477;-0.229904;3.28061;
HandRight;0.8982214;-0.2329041;2.916379;
HandLeft;0.9107517;-0.3111691;3.249284;
Spine;1.017647;0.09156476;3.166475;
HipCenter;1.006962;0.01358956;3.162359;
HipRight;1.032225;-0.02641421;3.110572;
HipLeft;0.9721081;-0.04483986;3.200804;
KneeRight;1.09078;-0.6104202;3.100963;
KneeLeft;0.861176;-0.6073704;3.248912;
AnkleRight;1.155592;-0.9843357;3.087116;
AnkleLeft;0.886246;-1.00332;3.215274;
FootRight;1.112005;-1.053057;3.079484;
FootLeft;0.8178576;-1.053036;3.234282;
Head;0.9379908;0.6466422;3.246323;
ShoulderCenter;1.052156;0.4791443;3.208718;
ShoulderRight;1.093489;0.3568442;3.077858;
ShoulderLeft;1.000346;0.3569748;3.323806;
ElbowRight;1.080766;0.0980767;3.001439;
ElbowLeft;0.9637476;0.01485142;3.391109;
WristRight;0.902564;-0.133136;2.95371;
WristLeft;0.9145489;-0.2279602;3.286879;
HandRight;0.8862191;-0.2053819;2.967199;
HandLeft;0.8981493;-0.3088974;3.256745;
Spine;0.9936174;0.08362317;3.164459;
HipCenter;0.9814937;0.004282761;3.158815;
HipRight;0.9967434;-0.03076942;3.111135;
HipLeft;0.9527471;-0.05053592;3.194834;
KneeRight;1.080264;-0.6097856;3.102147;
KneeLeft;0.8370238;-0.615694;3.242491;
AnkleRight;1.155342;-0.9847457;3.085594;
AnkleLeft;0.7874395;-1.015312;3.226571;
FootRight;1.11223;-1.053259;3.07993;
FootLeft;0.6973937;-1.061593;3.269032;
Head;0.8909363;0.6493008;3.244693;
ShoulderCenter;1.01472;0.485105;3.213863;
ShoulderRight;1.056866;0.35998;3.084344;
ShoulderLeft;0.9630275;0.3629345;3.328919;
ElbowRight;1.029761;0.1035745;3.000349;
ElbowLeft;0.9261621;0.02047026;3.396337;
WristRight;0.87456;-0.1055706;2.943182;
WristLeft;0.8756742;-0.2223961;3.292085;
HandRight;0.8022261;-0.1730264;2.918409;
HandLeft;0.8588449;-0.3033516;3.261952;
Spine;0.9521917;0.09647232;3.164195;
HipCenter;0.9397418;0.01879195;3.157557;
HipRight;0.9545226;-0.01220673;3.109984;
HipLeft;0.9104021;-0.03838586;3.191744;
KneeRight;1.061715;-0.6069109;3.104918;
KneeLeft;0.8073347;-0.6149287;3.241143;
AnkleRight;1.14583;-0.9800533;3.081932;
AnkleLeft;0.7044658;-0.9991599;3.227697;
FootRight;1.112406;-1.054241;3.080011;
FootLeft;0.6089216;-1.047326;3.253725;
Head;0.856608;0.6454441;3.231425;
ShoulderCenter;0.9646178;0.4774474;3.212352;
ShoulderRight;1.015052;0.3429837;3.084356;
ShoulderLeft;0.9128754;0.3552873;3.327412;
ElbowRight;0.9753677;0.08859989;2.996219;
ElbowLeft;0.8760309;0.01208061;3.395036;
WristRight;0.7407278;-0.1437991;2.908616;
WristLeft;0.8259088;-0.2311476;3.289923;
HandRight;0.681744;-0.2013741;2.896117;
HandLeft;0.8092015;-0.3122237;3.2595;
Spine;0.9067261;0.08783375;3.152838;
HipCenter;0.89497;0.009887521;3.144327;
HipRight;0.9169011;-0.02028256;3.097006;
HipLeft;0.8617561;-0.04607886;3.177176;
KneeRight;1.044162;-0.6071481;3.106249;
KneeLeft;0.7659208;-0.6322924;3.241215;
AnkleRight;1.145392;-0.9808697;3.081882;
AnkleLeft;0.6448753;-1.004365;3.244767;
FootRight;1.110763;-1.054432;3.079272;
FootLeft;0.5436882;-1.046753;3.253561;
Head;0.8223017;0.6043693;3.217325;
ShoulderCenter;0.9474176;0.4681665;3.214502;
ShoulderRight;0.9861815;0.3338374;3.084445;
ShoulderLeft;0.8956752;0.3460064;3.329562;
ElbowRight;0.9271837;0.08331257;2.992783;
ElbowLeft;0.8587254;0.001817852;3.397469;
WristRight;0.6727713;-0.1485738;2.902336;
WristLeft;0.8083789;-0.2417587;3.291223;
HandRight;0.620858;-0.2029863;2.90117;
HandLeft;0.7915967;-0.3229509;3.260421;
Spine;0.8804331;0.07125965;3.150723;
HipCenter;0.8667963;-0.008353745;3.141117;
HipRight;0.8837627;-0.03666354;3.095366;
HipLeft;0.8386769;-0.05912234;3.172633;
KneeRight;1.015913;-0.6121665;3.109746;
KneeLeft;0.7352629;-0.6245238;3.239474;
AnkleRight;1.143864;-0.9802172;3.08139;
AnkleLeft;0.6327461;-0.9919729;3.236957;
FootRight;1.109967;-1.054015;3.080117;
FootLeft;0.5380321;-1.046037;3.250418;
Head;0.7740716;0.6283826;3.211204;
ShoulderCenter;0.8873735;0.4588344;3.210283;
ShoulderRight;0.9393638;0.3307642;3.083705;
ShoulderLeft;0.8356311;0.3366744;3.325343;
ElbowRight;0.8695788;0.07768714;2.98683;
ElbowLeft;0.7985584;-0.008658618;3.393591;
WristRight;0.685039;-0.1061006;2.917872;
WristLeft;0.7479496;-0.2526303;3.286016;
HandRight;0.6094676;-0.17366;2.909024;
HandLeft;0.73108;-0.3339542;3.254766;
Spine;0.842207;0.06197717;3.143074;
HipCenter;0.8345371;-0.01691183;3.133518;
HipRight;0.859286;-0.04253032;3.092855;
HipLeft;0.8015688;-0.06515864;3.159441;
KneeRight;0.9883615;-0.6170391;3.113058;
KneeLeft;0.6937366;-0.6174824;3.241511;
AnkleRight;1.138695;-0.9782113;3.080733;
AnkleLeft;0.6289611;-0.9831788;3.229889;
FootRight;1.107815;-1.053123;3.078534;
FootLeft;0.5384982;-1.044457;3.23926;
Head;0.7343286;0.6269696;3.231691;
ShoulderCenter;0.8595576;0.4538547;3.211517;
ShoulderRight;0.9073855;0.3241987;3.085605;
ShoulderLeft;0.8078152;0.3316946;3.326577;
ElbowRight;0.8517574;0.07340217;2.98679;
ElbowLeft;0.7706735;-0.01428086;3.395041;
WristRight;0.5853739;-0.1472134;2.909888;
WristLeft;0.7199171;-0.2584693;3.286726;
HandRight;0.5458468;-0.2101591;2.901722;
HandLeft;0.7029983;-0.3398654;3.255223;
Spine;0.8131962;0.06035597;3.141292;
HipCenter;0.8030276;-0.01827122;3.130624;
HipRight;0.822354;-0.04626549;3.08708;
HipLeft;0.7733666;-0.06722748;3.158203;
KneeRight;0.9408267;-0.6199338;3.12422;
KneeLeft;0.663929;-0.6146982;3.242769;
AnkleRight;1.129914;-0.9758387;3.080947;
AnkleLeft;0.609268;-0.9831761;3.227315;
FootRight;1.100914;-1.050047;3.070284;
FootLeft;0.5325692;-1.050466;3.23926;
Head;0.697413;0.6120226;3.233118;
ShoulderCenter;0.8091307;0.4538388;3.21313;
ShoulderRight;0.8543423;0.3141412;3.078323;
ShoulderLeft;0.7573882;0.3316788;3.328189;
ElbowRight;0.7959429;0.06286821;2.982156;
ElbowLeft;0.7202111;-0.01462692;3.396407;
WristRight;0.5600086;-0.1455974;2.919272;
WristLeft;0.6693788;-0.2589251;3.287526;
HandRight;0.5093732;-0.1997377;2.912032;
HandLeft;0.6524346;-0.3403579;3.255891;
Spine;0.7523199;0.02888526;3.165769;
HipCenter;0.7409577;-0.05610545;3.159713;
HipRight;0.7521144;-0.08287683;3.137068;
HipLeft;0.7214975;-0.09144697;3.17415;
KneeRight;0.8909147;-0.6252185;3.124835;
KneeLeft;0.6120706;-0.6267318;3.250255;
AnkleRight;1.123079;-0.9758121;3.081145;
AnkleLeft;0.601178;-0.9863327;3.22853;
FootRight;1.107597;-1.053667;3.078634;
FootLeft;0.5413978;-1.055524;3.248269;
Head;0.6522894;0.5879795;3.202691;
ShoulderCenter;0.7868662;0.4595237;3.212647;
ShoulderRight;0.8224243;0.321711;3.082305;
ShoulderLeft;0.7351238;0.3373637;3.327707;
ElbowRight;0.7740842;0.06902054;2.982189;
ElbowLeft;0.6979065;-0.009315699;3.395716;
WristRight;0.5415936;-0.1444743;2.925535;
WristLeft;0.6469881;-0.2537371;3.28623;
HandRight;0.4867344;-0.192278;2.909886;
HandLeft;0.6300153;-0.3352109;3.254447;
Spine;0.7273495;0.03289597;3.172009;
HipCenter;0.7152101;-0.05242585;3.167485;
HipRight;0.7248933;-0.08722616;3.137317;
HipLeft;0.6920851;-0.09181438;3.190747;
KneeRight;0.8418238;-0.6291459;3.114007;
KneeLeft;0.6067086;-0.6231096;3.252546;
AnkleRight;1.113689;-0.9831407;3.085208;
AnkleLeft;0.5963402;-0.9893031;3.23082;
FootRight;1.100469;-1.058241;3.104126;
FootLeft;0.5465543;-1.060587;3.255833;
Head;0.6327264;0.6017927;3.232309;
ShoulderCenter;0.7192158;0.3747978;3.196712;
ShoulderRight;0.7835821;0.3401312;3.081093;
ShoulderLeft;0.6674733;0.2526377;3.311772;
ElbowRight;0.7388793;0.08629289;2.981242;
ElbowLeft;0.6302027;-0.09453881;3.379921;
WristRight;0.500564;-0.1491524;2.924193;
WristLeft;0.5791697;-0.3391219;3.269839;
HandRight;0.4597445;-0.2099491;2.912821;
HandLeft;0.5621587;-0.4206496;3.237857;
Spine;0.6817134;0.02875363;3.155473;
HipCenter;0.6763193;-0.04132653;3.151576;
HipRight;0.6936708;-0.08060803;3.11701;
HipLeft;0.6506059;-0.09136528;3.174756;
KneeRight;0.7602876;-0.6347025;3.126495;
KneeLeft;0.5896777;-0.624541;3.249929;
AnkleRight;1.058178;-0.9642728;3.087908;
AnkleLeft;0.5860342;-0.9851968;3.223845;
FootRight;1.051774;-1.04095;3.069161;
FootLeft;0.5600989;-1.061246;3.255727;
Head;0.5989218;0.6074053;3.223006;
ShoulderCenter;0.6869516;0.3773043;3.199939;
ShoulderRight;0.7429391;0.3466034;3.078555;
ShoulderLeft;0.6352091;0.2551443;3.314999;
ElbowRight;0.7147059;0.08956587;2.981195;
ElbowLeft;0.597918;-0.09222311;3.383191;
WristRight;0.4981611;-0.1488186;2.928052;
WristLeft;0.546841;-0.3368677;3.272873;
HandRight;0.4415965;-0.2110367;2.920288;
HandLeft;0.5298154;-0.4184159;3.240814;
Spine;0.6517888;0.0249546;3.158173;
HipCenter;0.6435514;-0.04589252;3.153584;
HipRight;0.6591113;-0.07778145;3.117947;
HipLeft;0.6171106;-0.1033842;3.176834;
KneeRight;0.6858366;-0.6141495;3.118025;
KneeLeft;0.559555;-0.6263042;3.234845;
AnkleRight;1.010818;-0.9500428;3.090922;
AnkleLeft;0.5852116;-0.9849622;3.223836;
FootRight;0.9876868;-1.021648;3.065205;
FootLeft;0.5228628;-1.06502;3.259596;
Head;0.5479359;0.6416444;3.219242;
ShoulderCenter;0.6529858;0.473473;3.215531;
ShoulderRight;0.7193641;0.3460908;3.079067;
ShoulderLeft;0.6012433;0.351313;3.330591;
ElbowRight;0.6952317;0.08710238;2.986778;
ElbowLeft;0.5639226;0.003670275;3.398874;
WristRight;0.4913724;-0.1516622;2.931068;
WristLeft;0.512782;-0.2410624;3.288231;
HandRight;0.4319804;-0.2164685;2.924615;
HandLeft;0.4957352;-0.3226399;3.256061;
Spine;0.6035274;0.06845938;3.162618;
HipCenter;0.5936357;-0.01254336;3.15549;
HipRight;0.6147589;-0.03954923;3.112556;
HipLeft;0.5622357;-0.06969382;3.185581;
KneeRight;0.6582899;-0.621995;3.111928;
KneeLeft;0.5425065;-0.6227694;3.21186;
AnkleRight;0.9489398;-0.9546785;3.103707;
AnkleLeft;0.5829394;-0.9847929;3.222801;
FootRight;0.9243625;-1.030248;3.096848;
FootLeft;0.5231552;-1.065023;3.263223;
Head;0.5154701;0.6459473;3.21604;
ShoulderCenter;0.6279628;0.4758539;3.212394;
ShoulderRight;0.6702371;0.3446535;3.07755;
ShoulderLeft;0.5762204;0.3536939;3.327454;
ElbowRight;0.666151;0.08348268;2.989729;
ElbowLeft;0.5388961;0.006017089;3.395758;
WristRight;0.4749253;-0.1595109;2.935176;
WristLeft;0.4877476;-0.2387264;3.285079;
HandRight;0.4281492;-0.2194544;2.926219;
HandLeft;0.4706981;-0.3203076;3.252896;
Spine;0.5814303;0.07713535;3.162268;
HipCenter;0.5718679;-0.00254886;3.155677;
HipRight;0.591511;-0.03313712;3.109307;
HipLeft;0.5427022;-0.06291071;3.188411;
KneeRight;0.5938854;-0.6172754;3.103488;
KneeLeft;0.5124021;-0.6301547;3.145704;
AnkleRight;0.8715279;-0.9358326;3.100889;
AnkleLeft;0.5793656;-0.9874648;3.222126;
FootRight;0.8443148;-1.032723;3.093198;
FootLeft;0.5361119;-1.065002;3.261557;
Head;0.4792865;0.6455469;3.217014;
ShoulderCenter;0.5878807;0.484472;3.209386;
ShoulderRight;0.6451443;0.3456338;3.07611;
ShoulderLeft;0.5361383;0.362312;3.324446;
ElbowRight;0.6142901;0.08741853;2.992081;
ElbowLeft;0.499085;0.01716006;3.392065;
WristRight;0.4631381;-0.1711428;2.937249;
WristLeft;0.4485179;-0.2267499;3.284408;
HandRight;0.4187439;-0.2293784;2.924116;
HandLeft;0.4316622;-0.3080533;3.25323;
Spine;0.543318;0.09391446;3.165829;
HipCenter;0.5343029;0.01586603;3.160592;
HipRight;0.5525333;-0.01421423;3.116508;
HipLeft;0.504948;-0.04370797;3.192743;
KneeRight;0.5661624;-0.6051552;3.111851;
KneeLeft;0.4984249;-0.6297165;3.144197;
AnkleRight;0.7949246;-0.9419177;3.101186;
AnkleLeft;0.5773625;-0.9900968;3.222178;
FootRight;0.7459326;-1.023968;3.090045;
FootLeft;0.5245013;-1.069685;3.274849;
Head;0.4324185;0.6342995;3.189474;
ShoulderCenter;0.5694451;0.4827536;3.202855;
ShoulderRight;0.6086925;0.3417856;3.073305;
ShoulderLeft;0.5177026;0.3605936;3.317915;
ElbowRight;0.6007839;0.08012033;2.995591;
ElbowLeft;0.4805881;0.01487166;3.385703;
WristRight;0.4570673;-0.1814089;2.939484;
WristLeft;0.4014014;-0.2372896;3.405882;
HandRight;0.4228649;-0.2567985;2.939813;
HandLeft;0.3886378;-0.2638135;3.433484;
Spine;0.517049;0.09469333;3.166294;
HipCenter;0.5060812;0.01720196;3.162723;
HipRight;0.5212299;-0.0166664;3.11609;
HipLeft;0.4769152;-0.04295422;3.198748;
KneeRight;0.4499014;-0.5949183;3.099975;
KneeLeft;0.5640486;-0.5654652;3.245198;
AnkleRight;0.685258;-0.9674647;3.118544;
AnkleLeft;0.5947834;-1.000719;3.183596;
FootRight;0.6508815;-1.03517;3.093093;
FootLeft;0.5446409;-1.065316;3.196338;
Head;0.4261141;0.6358475;3.187217;
ShoulderCenter;0.5166021;0.4766066;3.180719;
ShoulderRight;0.5887188;0.3432342;3.073899;
ShoulderLeft;0.4648597;0.3544466;3.295779;
ElbowRight;0.5800332;0.07246315;3.001021;
ElbowLeft;0.4276549;0.007883012;3.363835;
WristRight;0.4570952;-0.1874942;2.941212;
WristLeft;0.3539639;-0.2119764;3.48244;
HandRight;0.4219458;-0.25666;2.937556;
HandLeft;0.3328056;-0.2821989;3.476302;
Spine;0.4722322;0.06474331;3.162866;
HipCenter;0.4633582;-0.01762935;3.162741;
HipRight;0.4858534;-0.0389373;3.124068;
HipLeft;0.4352853;-0.07370525;3.195595;
KneeRight;0.3931979;-0.6020995;3.114236;
KneeLeft;0.5445508;-0.6234954;3.243478;
AnkleRight;0.5930772;-0.9555611;3.092481;
AnkleLeft;0.5987689;-0.9741666;3.118525;
FootRight;0.5311306;-1.044155;3.105555;
FootLeft;0.5268027;-1.034952;3.173144;
Head;0.3625231;0.6414244;3.196123;
ShoulderCenter;0.4843824;0.4759854;3.176415;
ShoulderRight;0.5419783;0.3451713;3.070729;
ShoulderLeft;0.43264;0.3538254;3.291475;
ElbowRight;0.5688046;0.07178646;2.999898;
ElbowLeft;0.3720653;0.03167203;3.412172;
WristRight;0.4253369;-0.2274157;2.958045;
WristLeft;0.2913734;-0.2102087;3.473649;
HandRight;0.418279;-0.2976894;2.93698;
HandLeft;0.2526786;-0.2729354;3.473692;
Spine;0.4466941;0.07815522;3.160239;
HipCenter;0.438321;-0.001105128;3.160357;
HipRight;0.457184;-0.03514012;3.11365;
HipLeft;0.4124909;-0.06473804;3.200178;
KneeRight;0.3734114;-0.6325313;3.129197;
KneeLeft;0.5290029;-0.6313344;3.248586;
AnkleRight;0.4942994;-1.020087;3.123168;
AnkleLeft;0.5956158;-1.006686;3.212392;
FootRight;0.4183707;-1.057979;3.06608;
FootLeft;0.5105824;-1.028551;3.146969;
Head;0.3488526;0.6435398;3.199567;
ShoulderCenter;0.4404598;0.4188203;3.174406;
ShoulderRight;0.5049869;0.3400603;3.06443;
ShoulderLeft;0.3887174;0.2966603;3.289466;
ElbowRight;0.5469109;0.07174045;2.997101;
ElbowLeft;0.3136585;0.008326442;3.46305;
WristRight;0.4272695;-0.2220421;2.951449;
WristLeft;0.2002026;-0.2314934;3.469234;
HandRight;0.4179327;-0.2936658;2.94114;
HandLeft;0.1801353;-0.2405827;3.451939;
Spine;0.3985593;0.05871113;3.17135;
HipCenter;0.3901792;-0.01331072;3.174186;
HipRight;0.4053472;-0.04433163;3.137549;
HipLeft;0.3643673;-0.07481995;3.207736;
KneeRight;0.3578457;-0.6298828;3.137974;
KneeLeft;0.5012909;-0.6312541;3.248716;
AnkleRight;0.3977273;-1.028536;3.109602;
AnkleLeft;0.5635793;-1.003144;3.214262;
FootRight;0.300521;-1.078054;3.09533;
FootLeft;0.4676369;-1.024802;3.164959;
Head;0.3222995;0.642002;3.196915;
ShoulderCenter;0.4063029;0.4680159;3.163267;
ShoulderRight;0.4827335;0.3397783;3.060346;
ShoulderLeft;0.3545605;0.3458559;3.278327;
ElbowRight;0.5261436;0.069914;2.992985;
ElbowLeft;0.2805467;0.04497761;3.43579;
WristRight;0.4263908;-0.2207393;2.952783;
WristLeft;0.1501835;-0.1859282;3.451329;
HandRight;0.4233348;-0.2892599;2.929059;
HandLeft;0.1049448;-0.2301306;3.413457;
Spine;0.3776475;0.06988128;3.163649;
HipCenter;0.3717881;-0.007459643;3.16725;
HipRight;0.3826368;-0.05226282;3.109735;
HipLeft;0.3411843;-0.0822435;3.214679;
KneeRight;0.2246203;-0.6151553;3.110768;
KneeLeft;0.4664033;-0.6185007;3.236431;
AnkleRight;0.2426517;-1.03949;3.10653;
AnkleLeft;0.5676088;-1.006388;3.216882;
FootRight;0.1513208;-1.090083;3.100739;
FootLeft;0.5045604;-1.073261;3.230605;
Head;0.2552801;0.6439291;3.194973;
ShoulderCenter;0.3663123;0.4654306;3.165247;
ShoulderRight;0.4466462;0.3403033;3.059353;
ShoulderLeft;0.3145699;0.3432706;3.280307;
ElbowRight;0.5069096;0.0705756;2.99341;
ElbowLeft;0.2387959;0.04867231;3.422429;
WristRight;0.4305659;-0.2138622;2.951317;
WristLeft;0.09066227;-0.1705959;3.442436;
HandRight;0.427809;-0.2840461;2.93314;
HandLeft;0.02546361;-0.2385847;3.414836;
Spine;0.3351153;0.06988628;3.15457;
HipCenter;0.3285874;-0.009070694;3.155723;
HipRight;0.3607365;-0.04596309;3.1136;
HipLeft;0.2945467;-0.07315343;3.189706;
KneeRight;0.2078533;-0.6061594;3.109117;
KneeLeft;0.3148073;-0.6204194;3.166858;
AnkleRight;0.1445823;-1.030825;3.087146;
AnkleLeft;0.5685039;-1.004916;3.218591;
FootRight;0.04288856;-1.074253;3.084718;
FootLeft;0.5047819;-1.074461;3.233612;
Head;0.22695;0.6295972;3.179967;
ShoulderCenter;0.3398852;0.4667383;3.170512;
ShoulderRight;0.4107906;0.3341924;3.053534;
ShoulderLeft;0.2881428;0.3445783;3.285572;
ElbowRight;0.4790697;0.05988775;2.986156;
ElbowLeft;0.1891976;0.04335636;3.431945;
WristRight;0.432337;-0.2110799;2.949339;
WristLeft;0.03192142;-0.1727727;3.425435;
HandRight;0.4267268;-0.2875022;2.935045;
HandLeft;-0.01536346;-0.1961835;3.42292;
Spine;0.3164965;0.06104447;3.149439;
HipCenter;0.310697;-0.02028402;3.148571;
HipRight;0.3382136;-0.05032193;3.111951;
HipLeft;0.2799542;-0.07964066;3.178477;
KneeRight;0.1814363;-0.6044166;3.110194;
KneeLeft;0.2969376;-0.6215069;3.163656;
AnkleRight;0.03994709;-1.036942;3.080297;
AnkleLeft;0.5643157;-0.9991156;3.218465;
FootRight;-0.06818894;-1.061961;3.07923;
FootLeft;0.5300772;-1.068123;3.262218;
Head;0.1860265;0.6179993;3.179664;
ShoulderCenter;0.2998961;0.4558726;3.172366;
ShoulderRight;0.3688391;0.322609;3.055498;
ShoulderLeft;0.2481537;0.3337126;3.287426;
ElbowRight;0.4505379;0.04942585;2.990809;
ElbowLeft;0.1419248;0.02925107;3.419628;
WristRight;0.4264047;-0.2137349;2.945304;
WristLeft;-0.02987713;-0.1725023;3.429775;
HandRight;0.4259526;-0.2916542;2.932225;
HandLeft;-0.08443814;-0.2111558;3.403141;
Spine;0.2767357;0.04279657;3.139462;
HipCenter;0.2725149;-0.03966625;3.136385;
HipRight;0.2955478;-0.06852704;3.092244;
HipLeft;0.2412152;-0.105301;3.169732;
KneeRight;0.1214622;-0.5296504;3.09415;
KneeLeft;0.2300472;-0.6451007;3.143281;
AnkleRight;-0.01728707;-0.9777339;3.082108;
AnkleLeft;0.5447472;-0.9791381;3.213667;
FootRight;-0.1075693;-1.043706;3.088068;
FootLeft;0.4997655;-1.063353;3.272176;
Head;0.1751485;0.623756;3.179541;
ShoulderCenter;0.277015;0.4556744;3.180605;
ShoulderRight;0.3293999;0.3172541;3.053336;
ShoulderLeft;0.2252726;0.3335144;3.295665;
ElbowRight;0.4171961;0.05537904;2.991367;
ElbowLeft;0.1064637;0.02229306;3.40566;
WristRight;0.4102096;-0.2114986;2.935974;
WristLeft;-0.07788674;-0.1690827;3.411661;
HandRight;0.4142267;-0.3084381;2.927214;
HandLeft;-0.1328434;-0.2091624;3.388039;
Spine;0.2606771;0.04550906;3.141928;
HipCenter;0.257091;-0.03653044;3.137941;
HipRight;0.2790345;-0.06081854;3.100013;
HipLeft;0.2269884;-0.09484443;3.166615;
KneeRight;0.09485835;-0.5311154;3.094654;
KneeLeft;0.1498449;-0.6337988;3.126351;
AnkleRight;-0.034346;-0.9818703;3.083484;
AnkleLeft;0.4912145;-0.939091;3.200494;
FootRight;-0.1225774;-1.050366;3.086923;
FootLeft;0.5247639;-1.035907;3.245095;
Head;0.1083848;0.6171731;3.154238;
ShoulderCenter;0.2255557;0.4564629;3.171217;
ShoulderRight;0.3012329;0.317789;3.053278;
ShoulderLeft;0.1738133;0.3343029;3.286277;
ElbowRight;0.3936497;0.05241554;2.9929;
ElbowLeft;0.05901556;0.01773697;3.38927;
WristRight;0.3862754;-0.2108684;2.932701;
WristLeft;-0.1121823;-0.1823193;3.419527;
HandRight;0.3885808;-0.307025;2.916183;
HandLeft;-0.1665121;-0.2221446;3.393731;
Spine;0.2031843;0.0467918;3.138867;
HipCenter;0.19871;-0.03514243;3.135872;
HipRight;0.2246215;-0.06729334;3.088144;
HipLeft;0.16761;-0.09800281;3.174022;
KneeRight;0.07336137;-0.5262465;3.091828;
KneeLeft;0.1753386;-0.6163319;3.164012;
AnkleRight;-0.03761982;-0.9812973;3.083993;
AnkleLeft;0.4987227;-0.9477679;3.209341;
FootRight;-0.124544;-1.050917;3.086635;
FootLeft;0.4227059;-0.9895388;3.166212;
Head;0.06692101;0.5891877;3.130635;
ShoulderCenter;0.1902767;0.4461226;3.162943;
ShoulderRight;0.2524185;0.3162334;3.050595;
ShoulderLeft;0.1385342;0.3239626;3.278003;
ElbowRight;0.3515709;0.04779059;2.991003;
ElbowLeft;0.01035775;0.01928195;3.392484;
WristRight;0.3550311;-0.2370832;2.923996;
WristLeft;-0.1600069;-0.183501;3.403209;
HandRight;0.3645019;-0.3306878;2.921026;
HandLeft;-0.2181151;-0.2237309;3.38966;
Spine;0.1867806;0.03154011;3.128864;
HipCenter;0.1849;-0.05156044;3.125342;
HipRight;0.2167614;-0.07345282;3.090904;
HipLeft;0.1532461;-0.1023374;3.147146;
KneeRight;0.03037401;-0.5304869;3.087975;
KneeLeft;0.1468825;-0.6150137;3.164339;
AnkleRight;-0.04494549;-0.9911368;3.099646;
AnkleLeft;0.4796011;-0.9368109;3.208419;
FootRight;-0.1333036;-1.058971;3.104058;
FootLeft;0.4022501;-0.9796363;3.168667;
Head;0.05743285;0.6374896;3.119275;
ShoulderCenter;0.1510004;0.4475095;3.152543;
ShoulderRight;0.2242968;0.3126144;3.044239;
ShoulderLeft;0.09925791;0.3253495;3.267603;
ElbowRight;0.313532;0.04490928;2.995052;
ElbowLeft;-0.0181256;0.02238348;3.390867;
WristRight;0.323328;-0.2438315;2.934741;
WristLeft;-0.1733551;-0.1913189;3.396704;
HandRight;0.3113093;-0.3404095;2.934242;
HandLeft;-0.2308759;-0.2316438;3.381214;
Spine;0.1548817;0.02465568;3.113717;
HipCenter;0.1558679;-0.05968853;3.109745;
HipRight;0.1830337;-0.0831636;3.085288;
HipLeft;0.1290513;-0.1020802;3.126351;
KneeRight;-0.001744837;-0.5446857;3.078012;
KneeLeft;0.1019464;-0.625038;3.165361;
AnkleRight;-0.05249164;-1.007173;3.099033;
AnkleLeft;0.449346;-0.9304585;3.207401;
FootRight;-0.1420704;-1.071336;3.120097;
FootLeft;0.3735715;-0.9737718;3.163831;
Head;-0.002736164;0.6254396;3.14892;
ShoulderCenter;0.1250388;0.4541198;3.145981;
ShoulderRight;0.1837057;0.3154197;3.034869;
ShoulderLeft;0.07329638;0.3319598;3.261041;
ElbowRight;0.2647394;0.03462552;2.992721;
ElbowLeft;-0.0546734;0.03057778;3.375486;
WristRight;0.265047;-0.22774;2.943027;
WristLeft;-0.1904233;-0.1940272;3.389092;
HandRight;0.2697049;-0.3242522;2.930146;
HandLeft;-0.2320738;-0.206952;3.372922;
Spine;0.09163439;0.03233076;3.101547;
HipCenter;0.086751;-0.05248472;3.096602;
HipRight;0.1125589;-0.07795633;3.067305;
HipLeft;0.05695633;-0.09625673;3.117551;
KneeRight;-0.0572411;-0.5336386;3.059218;
KneeLeft;0.05167059;-0.63695;3.154968;
AnkleRight;-0.05694933;-0.9967622;3.09446;
AnkleLeft;0.4071839;-0.9292572;3.208518;
FootRight;-0.1397205;-1.069382;3.119957;
FootLeft;0.3279791;-0.9711375;3.168118;
Head;-0.01928982;0.6305467;3.140894;
ShoulderCenter;0.06955686;0.4552308;3.131841;
ShoulderRight;0.149399;0.3178425;3.022909;
ShoulderLeft;0.01781443;0.3330708;3.246901;
ElbowRight;0.2232376;0.04156001;2.983781;
ElbowLeft;-0.1042228;0.03129914;3.361763;
WristRight;0.2155906;-0.240367;2.93352;
WristLeft;-0.2122455;-0.2060777;3.379544;
HandRight;0.2145813;-0.3314491;2.929172;
HandLeft;-0.2518419;-0.2268018;3.354435;
Spine;0.05124668;0.02361804;3.09017;
HipCenter;0.04703142;-0.06268798;3.085191;
HipRight;0.07553425;-0.08529511;3.061013;
HipLeft;0.01521749;-0.1087655;3.100772;
KneeRight;-0.08346839;-0.613654;3.090029;
KneeLeft;0.1221181;-0.653922;3.238466;
AnkleRight;-0.06030713;-1.019693;3.096828;
AnkleLeft;0.4153961;-0.9397896;3.213294;
FootRight;-0.1492408;-1.085373;3.123757;
FootLeft;0.4370004;-1.023356;3.271538;
Head;-0.07869746;0.6328871;3.133999;
ShoulderCenter;0.03485918;0.4648656;3.129819;
ShoulderRight;0.1006653;0.3256718;3.013144;
ShoulderLeft;-0.01688326;0.3427056;3.244879;
ElbowRight;0.1759989;0.04033137;2.967028;
ElbowLeft;-0.1106807;0.02680328;3.346112;
WristRight;0.157392;-0.2408873;2.923756;
WristLeft;-0.2215514;-0.2055539;3.378425;
HandRight;0.1434603;-0.3311671;2.923747;
HandLeft;-0.2592051;-0.2401401;3.361212;
Spine;-0.007236153;0.06202496;3.093488;
HipCenter;-0.01442359;-0.01888515;3.089781;
HipRight;0.01358752;-0.06544895;3.058933;
HipLeft;-0.04911516;-0.04752418;3.112268;
KneeRight;-0.08451799;-0.6114943;3.090918;
KneeLeft;-0.003970542;-0.6308721;3.168289;
AnkleRight;-0.06358077;-1.016248;3.095267;
AnkleLeft;0.351393;-0.9256396;3.219914;
FootRight;-0.149016;-1.085457;3.12504;
FootLeft;0.3457193;-1.022764;3.279161;
Head;-0.1079611;0.6217932;3.119963;
ShoulderCenter;0.005169005;0.46611;3.124749;
ShoulderRight;0.07659747;0.3296276;3.011225;
ShoulderLeft;-0.04657342;0.34395;3.239809;
ElbowRight;0.1291651;0.0459194;2.960209;
ElbowLeft;-0.135902;0.0262512;3.335681;
WristRight;0.08684793;-0.2545404;2.913685;
WristLeft;-0.2250723;-0.2115563;3.379544;
HandRight;0.06643615;-0.3295706;2.916416;
HandLeft;-0.2614583;-0.2441256;3.35735;
Spine;-0.04186737;0.04892939;3.08205;
HipCenter;-0.0525821;-0.03556397;3.076351;
HipRight;-0.01810105;-0.0739272;3.056531;
HipLeft;-0.0912686;-0.05870474;3.087308;
KneeRight;-0.08958143;-0.6149486;3.091778;
KneeLeft;-0.02053913;-0.6720722;3.166899;
AnkleRight;-0.06504805;-1.01742;3.094386;
AnkleLeft;0.271769;-0.9286358;3.21858;
FootRight;-0.1483482;-1.089329;3.124246;
FootLeft;0.2635754;-1.030053;3.270046;
Head;-0.1377671;0.6236296;3.125895;
ShoulderCenter;-0.04175109;0.4776329;3.125221;
ShoulderRight;0.02617983;0.3348851;3.011606;
ShoulderLeft;-0.09349353;0.3554729;3.240281;
ElbowRight;0.07441037;0.05817056;2.947659;
ElbowLeft;-0.181651;0.03833571;3.333842;
WristRight;0.008288875;-0.1906007;2.901736;
WristLeft;-0.2279034;-0.2119589;3.369342;
HandRight;0.007162437;-0.1930729;2.913704;
HandLeft;-0.2710549;-0.2657741;3.353759;
Spine;-0.08379991;0.08084258;3.083558;
HipCenter;-0.09204763;0.001444723;3.078708;
HipRight;-0.06672516;-0.04257177;3.053717;
HipLeft;-0.1241276;-0.02317079;3.094911;
KneeRight;-0.1100515;-0.6207398;3.09975;
KneeLeft;-5.207956E-06;-0.639937;3.218784;
AnkleRight;-0.06689756;-1.014573;3.093639;
AnkleLeft;0.2196129;-0.9058158;3.189591;
FootRight;-0.1472591;-1.09245;3.119009;
FootLeft;0.176934;-1.005978;3.225818;
Head;-0.1725455;0.6319466;3.11832;
ShoulderCenter;-0.0658316;0.4766179;3.120454;
ShoulderRight;-0.008252765;0.3384364;2.999793;
ShoulderLeft;-0.1175741;0.3544579;3.235514;
ElbowRight;0.02550762;0.08168495;2.947032;
ElbowLeft;-0.2065588;0.0364621;3.329313;
WristRight;-0.06120512;-0.162984;2.915673;
WristLeft;-0.2545469;-0.2177012;3.342842;
HandRight;-0.08788781;-0.2569139;2.917999;
HandLeft;-0.284383;-0.2834147;3.34471;
Spine;-0.1094707;0.06224097;3.083884;
HipCenter;-0.1191322;-0.02201879;3.080278;
HipRight;-0.08976938;-0.05013074;3.056849;
HipLeft;-0.1528185;-0.05848622;3.096525;
KneeRight;-0.1233307;-0.6270936;3.104507;
KneeLeft;-0.278873;-0.5450535;3.216364;
AnkleRight;-0.06829901;-1.018111;3.098104;
AnkleLeft;0.04305735;-0.885323;3.204629;
FootRight;-0.1472389;-1.093634;3.118279;
FootLeft;0.04327517;-0.9963602;3.236318;
Head;-0.2153309;0.6308746;3.118128;
ShoulderCenter;-0.1090493;0.4775023;3.118302;
ShoulderRight;-0.03374853;0.3410174;3.001136;
ShoulderLeft;-0.1607917;0.3553423;3.233362;
ElbowRight;-0.05413587;0.05514668;2.945293;
ElbowLeft;-0.2498478;0.03601402;3.327708;
WristRight;-0.1418468;-0.1889268;2.900095;
WristLeft;-0.2831483;-0.2214423;3.342218;
HandRight;-0.1696994;-0.282814;2.897294;
HandLeft;-0.3229238;-0.2813019;3.333358;
Spine;-0.1377429;0.04385932;3.081396;
HipCenter;-0.1441983;-0.04272095;3.077543;
HipRight;-0.1189642;-0.07466388;3.057552;
HipLeft;-0.1730701;-0.07215359;3.091715;
KneeRight;-0.131705;-0.6265929;3.104023;
KneeLeft;-0.2907625;-0.5839014;3.21937;
AnkleRight;-0.03561536;-0.9909258;3.129579;
AnkleLeft;0.04583877;-0.9123008;3.20615;
FootRight;-0.1208536;-1.068144;3.11026;
FootLeft;0.04275706;-1.023988;3.239584;
Head;-0.242902;0.6333857;3.111942;
ShoulderCenter;-0.1461614;0.4827278;3.106012;
ShoulderRight;-0.07880472;0.3416305;3.001158;
ShoulderLeft;-0.1979038;0.3605678;3.221072;
ElbowRight;-0.1022744;0.06131863;2.928182;
ElbowLeft;-0.2868826;0.04239678;3.314903;
WristRight;-0.2347615;-0.1967555;2.884106;
WristLeft;-0.3308592;-0.2127023;3.327766;
HandRight;-0.2594156;-0.2638996;2.875766;
HandLeft;-0.3641246;-0.2758555;3.318238;
Spine;-0.1803789;0.06829438;3.075957;
HipCenter;-0.1865728;-0.01456193;3.073714;
HipRight;-0.1603246;-0.04657429;3.037906;
HipLeft;-0.2163517;-0.06443332;3.101629;
KneeRight;-0.1345474;-0.6640935;3.097636;
KneeLeft;-0.3132303;-0.6020851;3.221278;
AnkleRight;-0.07841352;-1.008105;3.103694;
AnkleLeft;-0.1765763;-1.028602;3.194021;
FootRight;-0.1395363;-1.084478;3.106678;
FootLeft;-0.2158994;-1.095075;3.231587;
Head;-0.2861579;0.5966567;3.112323;
ShoulderCenter;-0.1811563;0.3746368;3.087662;
ShoulderRight;-0.1109022;0.3464643;2.997035;
ShoulderLeft;-0.2328987;0.2524768;3.202722;
ElbowRight;-0.1562715;0.06325611;2.914026;
ElbowLeft;-0.3215052;-0.06472662;3.296207;
WristRight;-0.3103136;-0.1957978;2.879357;
WristLeft;-0.3607792;-0.3195852;3.310798;
HandRight;-0.3558477;-0.2508969;2.875963;
HandLeft;-0.3967346;-0.380557;3.300289;
Spine;-0.1812055;-0.01357242;3.046611;
HipCenter;-0.1812154;-0.09121427;3.041896;
HipRight;-0.1527957;-0.1077293;3.012865;
HipLeft;-0.2096446;-0.1501135;3.061205;
KneeRight;-0.1371508;-0.6673549;3.097147;
KneeLeft;-0.3320702;-0.6710302;3.217186;
AnkleRight;-0.08184744;-1.008726;3.103969;
AnkleLeft;-0.2297663;-1.044552;3.198746;
FootRight;-0.1360175;-1.080188;3.09833;
FootLeft;-0.2578086;-1.120366;3.228113;
Head;-0.2995299;0.5624969;3.115446;
ShoulderCenter;-0.2280989;0.3252326;3.101545;
ShoulderRight;-0.1464888;0.3464943;2.988156;
ShoulderLeft;-0.2798414;0.2030725;3.216605;
ElbowRight;-0.1919576;0.08488138;2.903025;
ElbowLeft;-0.3681653;-0.1131196;3.309694;
WristRight;-0.3752892;-0.1716291;2.875479;
WristLeft;-0.4074349;-0.3671161;3.324459;
HandRight;-0.4227677;-0.241544;2.877564;
HandLeft;-0.4432557;-0.4278598;3.313989;
Spine;-0.2450075;0.01860272;3.105297;
HipCenter;-0.2483892;-0.04272325;3.109544;
HipRight;-0.2327656;-0.07790598;3.091793;
HipLeft;-0.2694931;-0.1069221;3.125592;
KneeRight;-0.1623048;-0.6609218;3.09243;
KneeLeft;-0.393664;-0.652346;3.22508;
AnkleRight;-0.08556855;-1.0107;3.098696;
AnkleLeft;-0.3362569;-1.033584;3.188365;
FootRight;-0.1336638;-1.081923;3.100194;
FootLeft;-0.4154698;-1.07815;3.144393;
Head;-0.3321482;0.5678382;3.10755;
ShoulderCenter;-0.252894;0.3304429;3.097756;
ShoulderRight;-0.1907325;0.3427622;2.984183;
ShoulderLeft;-0.3046365;0.2082829;3.212816;
ElbowRight;-0.2286234;0.09455526;2.897253;
ElbowLeft;-0.3926984;-0.1069714;3.305533;
WristRight;-0.4357971;-0.1638226;2.873981;
WristLeft;-0.4319622;-0.3601689;3.320454;
HandRight;-0.4907596;-0.2216557;2.868787;
HandLeft;-0.4676485;-0.4206844;3.310024;
Spine;-0.280256;-0.003921848;3.108042;
HipCenter;-0.2876578;-0.07369918;3.114199;
HipRight;-0.2731956;-0.1134338;3.09064;
HipLeft;-0.3084585;-0.137277;3.138687;
KneeRight;-0.171161;-0.6506703;3.083465;
KneeLeft;-0.4380453;-0.6464884;3.220452;
AnkleRight;-0.08572534;-1.008729;3.098686;
AnkleLeft;-0.4541391;-1.028436;3.195234;
FootRight;-0.1338212;-1.081699;3.100033;
FootLeft;-0.5474379;-1.084609;3.237497;
Head;-0.3820138;0.5779463;3.094814;
ShoulderCenter;-0.3054555;0.3393238;3.097607;
ShoulderRight;-0.204347;0.3426248;2.983156;
ShoulderLeft;-0.357198;0.2171638;3.212667;
ElbowRight;-0.2946483;0.07508997;2.895872;
ElbowLeft;-0.4450061;-0.09718183;3.305021;
WristRight;-0.4880576;-0.1533575;2.865599;
WristLeft;-0.4842681;-0.34964;3.320092;
HandRight;-0.558109;-0.1929412;2.862838;
HandLeft;-0.5198321;-0.4099483;3.309698;
Spine;-0.3096809;-0.008993432;3.103301;
HipCenter;-0.3104425;-0.07832871;3.108752;
HipRight;-0.2886472;-0.1139446;3.093227;
HipLeft;-0.338033;-0.1378214;3.119801;
KneeRight;-0.1948958;-0.6276016;3.075244;
KneeLeft;-0.4799177;-0.6758893;3.216561;
AnkleRight;-0.08625341;-1.006339;3.097429;
AnkleLeft;-0.5620773;-1.037944;3.193908;
FootRight;-0.1346664;-1.081249;3.100209;
FootLeft;-0.6451141;-1.074596;3.205392;
Head;-0.4251405;0.5744354;3.112128;
ShoulderCenter;-0.3336782;0.336097;3.098353;
ShoulderRight;-0.2670004;0.3325693;2.986981;
ShoulderLeft;-0.3854207;0.213937;3.213413;
ElbowRight;-0.3584977;0.05790093;2.895738;
ElbowLeft;-0.4729609;-0.09944944;3.305381;
WristRight;-0.5572781;-0.1523854;2.857601;
WristLeft;-0.5124909;-0.3528669;3.32081;
HandRight;-0.6386879;-0.1900309;2.872337;
HandLeft;-0.5479766;-0.4130424;3.310438;
Spine;-0.3521723;-0.01846913;3.104218;
HipCenter;-0.3564046;-0.08967134;3.108918;
HipRight;-0.3394965;-0.1168082;3.108732;
HipLeft;-0.3724683;-0.1417138;3.110109;
KneeRight;-0.2043552;-0.6357366;3.073971;
KneeLeft;-0.5047337;-0.6458992;3.208587;
AnkleRight;-0.08748236;-1.005558;3.096801;
AnkleLeft;-0.624516;-1.026076;3.189349;
FootRight;-0.148438;-1.083977;3.113341;
FootLeft;-0.727238;-1.064744;3.228716;
Head;-0.4558215;0.5880754;3.092482;
ShoulderCenter;-0.3791596;0.3480209;3.107787;
ShoulderRight;-0.2896198;0.324822;2.985369;
ShoulderLeft;-0.430902;0.2258609;3.222847;
ElbowRight;-0.4163307;0.0460271;2.89169;
ElbowLeft;-0.5181053;-0.08631939;3.314333;
WristRight;-0.6028575;-0.1281486;2.86814;
WristLeft;-0.5579721;-0.340943;3.330214;
HandRight;-0.6860852;-0.1747863;2.87112;
HandLeft;-0.5934204;-0.4010548;3.319853;
Spine;-0.3922566;-0.02317828;3.105942;
HipCenter;-0.3952917;-0.09717717;3.109232;
HipRight;-0.3749301;-0.1254524;3.096333;
HipLeft;-0.4239744;-0.1507615;3.121548;
KneeRight;-0.2338296;-0.6229848;3.069745;
KneeLeft;-0.5427643;-0.635799;3.200756;
AnkleRight;-0.09081723;-1.004355;3.095618;
AnkleLeft;-0.6896067;-1.037269;3.188852;
FootRight;-0.1457311;-1.083906;3.114527;
FootLeft;-0.7934967;-1.076525;3.225632;
Head;-0.5035987;0.5803008;3.083341;
ShoulderCenter;-0.4082736;0.3474751;3.107945;
ShoulderRight;-0.3393001;0.3137468;2.987333;
ShoulderLeft;-0.4600161;0.2253151;3.223005;
ElbowRight;-0.4481371;0.0396908;2.897907;
ElbowLeft;-0.5469619;-0.08594356;3.314112;
WristRight;-0.6679943;-0.1454017;2.879311;
WristLeft;-0.5870863;-0.3414888;3.330334;
HandRight;-0.7325488;-0.1718839;2.871521;
HandLeft;-0.6223629;-0.4013097;3.320023;
Spine;-0.4287014;-0.03091876;3.105791;
HipCenter;-0.4327788;-0.1067283;3.108878;
HipRight;-0.4144877;-0.1348759;3.100726;
HipLeft;-0.4512556;-0.1530809;3.116129;
KneeRight;-0.2537152;-0.6410991;3.071811;
KneeLeft;-0.5821354;-0.6338677;3.182189;
AnkleRight;-0.09816945;-1.000778;3.092667;
AnkleLeft;-0.6890202;-1.034806;3.187469;
FootRight;-0.1449447;-1.084375;3.114244;
FootLeft;-0.7945945;-1.078378;3.214269;
Head;-0.5393173;0.5717888;3.082807;
ShoulderCenter;-0.4574004;0.3323526;3.107793;
ShoulderRight;-0.3704123;0.3079922;2.988156;
ShoulderLeft;-0.5091428;0.2101926;3.222852;
ElbowRight;-0.4678115;0.04590928;2.899204;
ElbowLeft;-0.5958363;-0.1001628;3.313591;
WristRight;-0.6717721;-0.1047585;2.872456;
WristLeft;-0.6362129;-0.3566113;3.330147;
HandRight;-0.7484437;-0.159895;2.861911;
HandLeft;-0.6715031;-0.4164552;3.319832;
Spine;-0.4787588;-0.04378559;3.104257;
HipCenter;-0.4830305;-0.1190132;3.107061;
HipRight;-0.466431;-0.1503212;3.086299;
HipLeft;-0.5045866;-0.1749954;3.124904;
KneeRight;-0.3121219;-0.6506716;3.074238;
KneeLeft;-0.6250692;-0.6386972;3.177282;
AnkleRight;-0.1017764;-1.00329;3.093341;
AnkleLeft;-0.6911454;-1.014791;3.180422;
FootRight;-0.1454235;-1.084514;3.113204;
FootLeft;-0.7785532;-1.082133;3.206712;
Head;-0.5924776;0.5784965;3.078927;
ShoulderCenter;-0.4974117;0.3402004;3.095729;
ShoulderRight;-0.4281999;0.3133045;2.99392;
ShoulderLeft;-0.5491541;0.2180404;3.210789;
ElbowRight;-0.4959191;0.05757322;2.904242;
ElbowLeft;-0.6356151;-0.09148277;3.301184;
WristRight;-0.7280326;-0.1188433;2.873585;
WristLeft;-0.6762242;-0.3487635;3.318047;
HandRight;-0.8082591;-0.1673358;2.858675;
HandLeft;-0.711476;-0.4085423;3.307743;
Spine;-0.5094469;-0.04576525;3.097024;
HipCenter;-0.512278;-0.122657;3.100614;
HipRight;-0.4915314;-0.1485654;3.093391;
HipLeft;-0.5403871;-0.1705507;3.10167;
KneeRight;-0.3394573;-0.6719279;3.07385;
KneeLeft;-0.6557595;-0.6419638;3.1798;
AnkleRight;-0.1137186;-1.010136;3.093537;
AnkleLeft;-0.7023653;-1.013451;3.183322;
FootRight;-0.1692417;-1.09635;3.136467;
FootLeft;-0.7754298;-1.082566;3.206728;
Head;-0.6235213;0.5844096;3.081899;
ShoulderCenter;-0.5346206;0.3423271;3.099055;
ShoulderRight;-0.4515704;0.3131797;2.994251;
ShoulderLeft;-0.586363;0.2201671;3.214114;
ElbowRight;-0.534286;0.05815379;2.903867;
ElbowLeft;-0.6725698;-0.08844569;3.304135;
WristRight;-0.7361862;-0.1212222;2.873598;
WristLeft;-0.7134331;-0.3466368;3.321332;
HandRight;-0.8152565;-0.1702434;2.854688;
HandLeft;-0.7486902;-0.4064244;3.311028;
Spine;-0.5610687;-0.03579348;3.100348;
HipCenter;-0.5651969;-0.111484;3.104022;
HipRight;-0.5479167;-0.1367461;3.110906;
HipLeft;-0.5846103;-0.1586296;3.095805;
KneeRight;-0.4234883;-0.6748745;3.071955;
KneeLeft;-0.6938879;-0.6482642;3.176839;
AnkleRight;-0.1457313;-1.008202;3.087999;
AnkleLeft;-0.7179461;-1.022448;3.188303;
FootRight;-0.1804706;-1.090014;3.124762;
FootLeft;-0.7655048;-1.091907;3.208649;
Head;-0.647856;0.5921923;3.075295;
ShoulderCenter;-0.5704914;0.3466938;3.099597;
ShoulderRight;-0.5032755;0.3182109;2.992381;
ShoulderLeft;-0.6222337;0.2245338;3.214656;
ElbowRight;-0.5775194;0.05264704;2.90843;
ElbowLeft;-0.7082117;-0.08325985;3.304335;
WristRight;-0.7823956;-0.1464999;2.862815;
WristLeft;-0.7493038;-0.3422701;3.321833;
HandRight;-0.8407735;-0.1859208;2.85119;
HandLeft;-0.7844326;-0.4018402;3.311565;
Spine;-0.6069891;-0.03462382;3.112904;
HipCenter;-0.6143962;-0.1110063;3.119442;
HipRight;-0.597615;-0.1378712;3.124595;
HipLeft;-0.6369114;-0.1540904;3.115107;
KneeRight;-0.498308;-0.6558447;3.050981;
KneeLeft;-0.6984442;-0.6472187;3.163548;
AnkleRight;-0.2028259;-0.9807767;3.072241;
AnkleLeft;-0.7213473;-1.023686;3.187677;
FootRight;-0.2047791;-1.067398;3.073483;
FootLeft;-0.80315;-1.068083;3.146087;
Head;-0.7164441;0.617506;3.080311;
ShoulderCenter;-0.61371;0.4591148;3.089998;
ShoulderRight;-0.526511;0.3212805;2.988698;
ShoulderLeft;-0.6654524;0.3369548;3.205058;
ElbowRight;-0.5865438;0.05952356;2.913442;
ElbowLeft;-0.7512264;0.0298911;3.294411;
WristRight;-0.7930443;-0.1506768;2.868717;
WristLeft;-0.7925225;-0.2298491;3.312166;
HandRight;-0.8529631;-0.2032012;2.85404;
HandLeft;-0.8275441;-0.2892375;3.30193;
Spine;-0.6329243;0.008753628;3.084239;
HipCenter;-0.6366265;-0.08150535;3.08682;
HipRight;-0.6091504;-0.09933302;3.081279;
HipLeft;-0.6668958;-0.1221777;3.090005;
KneeRight;-0.5984336;-0.6062582;3.035952;
KneeLeft;-0.7427899;-0.6531792;3.14828;
AnkleRight;-0.2721275;-0.9348031;3.065766;
AnkleLeft;-0.7229639;-1.022893;3.185928;
FootRight;-0.2781172;-1.040651;3.063189;
FootLeft;-0.7681637;-1.092765;3.209179;
Head;-0.7510344;0.6088163;3.07893;
ShoulderCenter;-0.6363434;0.4610628;3.092317;
ShoulderRight;-0.5675797;0.322799;2.987835;
ShoulderLeft;-0.6880858;0.3389028;3.207377;
ElbowRight;-0.6166098;0.06005594;2.923632;
ElbowLeft;-0.7736518;0.03258389;3.296397;
WristRight;-0.8034351;-0.1592181;2.864418;
WristLeft;-0.8151559;-0.2279011;3.314413;
HandRight;-0.8586498;-0.2254868;2.857242;
HandLeft;-0.8500885;-0.2871385;3.304203;
Spine;-0.6443222;0.03360742;3.074458;
HipCenter;-0.6465394;-0.04776325;3.072618;
HipRight;-0.6212903;-0.07174839;3.048182;
HipLeft;-0.6718225;-0.09965551;3.089525;
KneeRight;-0.6405282;-0.6184416;3.03419;
KneeLeft;-0.744833;-0.6879181;3.100766;
AnkleRight;-0.3474021;-0.9328058;3.064734;
AnkleLeft;-0.7252836;-1.023679;3.184747;
FootRight;-0.3801692;-1.042853;3.087323;
FootLeft;-0.7637283;-1.097198;3.209208;
Head;-0.7947429;0.5908524;3.084344;
ShoulderCenter;-0.6857131;0.4009097;3.087774;
ShoulderRight;-0.6073873;0.3294989;2.985502;
ShoulderLeft;-0.7374555;0.2787496;3.202834;
ElbowRight;-0.6365083;0.06676384;2.923102;
ElbowLeft;-0.8228306;-0.02688602;3.291567;
WristRight;-0.8167006;-0.179444;2.868197;
WristLeft;-0.8645256;-0.2880542;3.309832;
HandRight;-0.8625921;-0.2409282;2.86528;
HandLeft;-0.8993381;-0.3470881;3.299657;
Spine;-0.6728779;0.01026686;3.061171;
HipCenter;-0.6690477;-0.06669445;3.060417;
HipRight;-0.6476577;-0.1013811;3.017553;
HipLeft;-0.6975242;-0.1338729;3.088158;
KneeRight;-0.7399917;-0.612739;3.04953;
KneeLeft;-0.7366536;-0.6792734;3.13372;
AnkleRight;-0.4315291;-0.9297724;3.064233;
AnkleLeft;-0.7284494;-1.024662;3.183324;
FootRight;-0.4700735;-1.03995;3.068046;
FootLeft;-0.805832;-1.070712;3.136371;
Head;-0.8077508;0.5958365;3.074157;
ShoulderCenter;-0.7093921;0.367566;3.087948;
ShoulderRight;-0.6296389;0.3310563;2.983721;
ShoulderLeft;-0.7611345;0.245406;3.203008;
ElbowRight;-0.6729092;0.05286564;2.923179;
ElbowLeft;-0.8462674;-0.05936252;3.291378;
WristRight;-0.8193721;-0.1866633;2.872612;
WristLeft;-0.8882046;-0.3213979;3.309959;
HandRight;-0.8611303;-0.2443745;2.865219;
HandLeft;-0.9228881;-0.3802128;3.299822;
Spine;-0.6864425;-0.04602188;3.066345;
HipCenter;-0.681352;-0.1280345;3.065561;
HipRight;-0.6486587;-0.136714;3.057214;
HipLeft;-0.7097668;-0.1882828;3.068742;
KneeRight;-0.8040385;-0.6059892;3.055528;
KneeLeft;-0.7424251;-0.6179284;3.207504;
AnkleRight;-0.534049;-0.9561821;3.057956;
AnkleLeft;-0.7261471;-1.028893;3.18547;
FootRight;-0.583333;-1.047556;3.044335;
FootLeft;-0.7594801;-1.107461;3.195755;
Head;-0.8429064;0.6001919;3.034785;
ShoulderCenter;-0.7487302;0.3681148;3.080119;
ShoulderRight;-0.6783078;0.3341331;2.985264;
ShoulderLeft;-0.8004726;0.2459548;3.195178;
ElbowRight;-0.7014636;0.05027572;2.920936;
ElbowLeft;-0.8854389;-0.05821745;3.283295;
WristRight;-0.8252133;-0.2293393;2.888677;
WristLeft;-0.9275427;-0.3208491;3.302092;
HandRight;-0.8669486;-0.2797635;2.866554;
HandLeft;-0.9622588;-0.3797196;3.291945;
Spine;-0.7267426;-0.04143392;3.067553;
HipCenter;-0.722962;-0.1231917;3.068641;
HipRight;-0.6816268;-0.1315812;3.061108;
HipLeft;-0.7608572;-0.1846254;3.072371;
KneeRight;-0.8222548;-0.564924;3.044658;
KneeLeft;-0.7609313;-0.6218795;3.185846;
AnkleRight;-0.6450357;-0.9934826;3.076615;
AnkleLeft;-0.7320207;-1.019181;3.132262;
FootRight;-0.6921468;-1.065004;3.069057;
FootLeft;-0.7900414;-1.100891;3.178521;
Head;-0.896732;0.6163052;3.071201;
ShoulderCenter;-0.790603;0.3925328;3.064833;
ShoulderRight;-0.7149612;0.3317415;2.979472;
ShoulderLeft;-0.8423454;0.2703727;3.179893;
ElbowRight;-0.7194055;0.04786907;2.92395;
ElbowLeft;-0.9270653;-0.0329175;3.267647;
WristRight;-0.8280122;-0.2305798;2.89166;
WristLeft;-0.9694155;-0.2964311;3.286769;
HandRight;-0.857435;-0.2878554;2.866637;
HandLeft;-1.004126;-0.355292;3.276624;
Spine;-0.7665973;-0.005586334;3.062434;
HipCenter;-0.7617961;-0.08521017;3.065499;
HipRight;-0.7333336;-0.1215179;3.03391;
HipLeft;-0.784978;-0.1364807;3.094553;
KneeRight;-0.8895699;-0.6512702;3.087157;
KneeLeft;-0.7764601;-0.6334658;3.185147;
AnkleRight;-0.7507182;-1.027003;3.087683;
AnkleLeft;-0.7014327;-0.969284;3.134608;
FootRight;-0.8231741;-1.078685;3.06267;
FootLeft;-0.7798895;-1.027034;3.071073;
Head;-0.9293256;0.6351113;3.05073;
ShoulderCenter;-0.8283219;0.4760893;3.064729;
ShoulderRight;-0.7498311;0.3295415;2.975227;
ShoulderLeft;-0.8800642;0.3539293;3.179789;
ElbowRight;-0.7397507;0.05034048;2.921381;
ElbowLeft;-0.9646129;0.05125222;3.267278;
WristRight;-0.8302437;-0.2316947;2.891837;
WristLeft;-1.007134;-0.2128746;3.28662;
HandRight;-0.8343078;-0.2961512;2.867679;
HandLeft;-1.041762;-0.2715943;3.2765;
Spine;-0.8419113;0.007228106;3.059879;
HipCenter;-0.8446291;-0.08654414;3.062457;
HipRight;-0.8159775;-0.1242796;3.069199;
HipLeft;-0.8749423;-0.106139;3.054005;
KneeRight;-1.051582;-0.5858757;3.058919;
KneeLeft;-0.7788734;-0.6375849;3.188734;
AnkleRight;-0.8432376;-0.9984406;3.10026;
AnkleLeft;-0.7470226;-1.049947;3.173342;
FootRight;-0.9259243;-1.075761;3.073169;
FootLeft;-0.8498223;-1.072225;3.123488;
Head;-0.9607225;0.6254157;3.049972;
ShoulderCenter;-0.871061;0.4020626;3.055015;
ShoulderRight;-0.7914106;0.3269934;2.974836;
ShoulderLeft;-0.9228033;0.2799026;3.170075;
ElbowRight;-0.7649263;0.04954702;2.920605;
ElbowLeft;-1.007101;-0.02187482;3.257197;
WristRight;-0.8300434;-0.2176308;2.886798;
WristLeft;-1.144738;-0.1930649;3.355319;
HandRight;-0.8268155;-0.283735;2.861192;
HandLeft;-1.171224;-0.2288243;3.322668;
Spine;-0.8664461;-0.03392459;3.040583;
HipCenter;-0.86371;-0.1181215;3.043095;
HipRight;-0.8364379;-0.1476661;3.028368;
HipLeft;-0.8939303;-0.1586428;3.050664;
KneeRight;-1.064011;-0.6088097;3.06504;
KneeLeft;-0.8531448;-0.6445346;3.161627;
AnkleRight;-1.009416;-1.064652;3.099692;
AnkleLeft;-0.7469272;-1.041104;3.174891;
FootRight;-1.104169;-1.121092;3.091185;
FootLeft;-0.856655;-1.063175;3.143068;
Head;-1.024501;0.574824;3.080719;
ShoulderCenter;-0.9041483;0.3374014;3.062638;
ShoulderRight;-0.8229976;0.3230618;2.966514;
ShoulderLeft;-0.9558907;0.2152413;3.177698;
ElbowRight;-0.7919056;0.04735969;2.921107;
ElbowLeft;-1.039895;-0.08548552;3.264485;
WristRight;-0.8235928;-0.1947234;2.87647;
WristLeft;-1.222585;-0.2004281;3.368014;
HandRight;-0.8103528;-0.2294013;2.854194;
HandLeft;-1.273618;-0.2459726;3.361964;
Spine;-0.8886994;-0.03846654;3.055017;
HipCenter;-0.8874641;-0.1162252;3.058316;
HipRight;-0.86667;-0.1457488;3.054563;
HipLeft;-0.9088095;-0.1595135;3.060249;
KneeRight;-1.099768;-0.6066732;3.064116;
KneeLeft;-0.8527797;-0.6131659;3.172839;
AnkleRight;-1.123503;-1.059266;3.102149;
AnkleLeft;-0.748232;-1.036427;3.175102;
FootRight;-1.222993;-1.109883;3.069705;
FootLeft;-0.8599523;-1.054767;3.148737;
Head;-1.086171;0.6173881;3.072989;
ShoulderCenter;-0.9588625;0.4689356;3.060739;
ShoulderRight;-0.8661333;0.3229532;2.964624;
ShoulderLeft;-1.010605;0.3467756;3.175799;
ElbowRight;-0.8138639;0.05455808;2.913807;
ElbowLeft;-1.134912;0.103077;3.243148;
WristRight;-0.8395865;-0.1901801;2.887035;
WristLeft;-1.246062;-0.1378209;3.32892;
HandRight;-0.8284971;-0.2371038;2.861654;
HandLeft;-1.294551;-0.2128819;3.353612;
Spine;-0.9505599;0.04105708;3.053034;
HipCenter;-0.9488994;-0.04451864;3.055041;
HipRight;-0.91816;-0.08785941;3.027079;
HipLeft;-0.9779741;-0.08696642;3.079625;
KneeRight;-1.110456;-0.6070668;3.066645;
KneeLeft;-0.8608048;-0.6061224;3.173885;
AnkleRight;-1.24301;-1.054248;3.073252;
AnkleLeft;-0.7498497;-1.031823;3.172424;
FootRight;-1.353856;-1.089828;3.07112;
FootLeft;-0.8643614;-1.044746;3.155768;
Head;-1.123339;0.6175141;3.076602;
ShoulderCenter;-0.9936842;0.4711999;3.067046;
ShoulderRight;-0.9087523;0.324;2.972938;
ShoulderLeft;-1.045427;0.3490399;3.182106;
ElbowRight;-0.8449546;0.05221258;2.91034;
ElbowLeft;-1.180406;0.10845;3.244199;
WristRight;-0.8435605;-0.1944334;2.886868;
WristLeft;-1.307924;-0.1317911;3.330042;
HandRight;-0.8348423;-0.2378756;2.861319;
HandLeft;-1.35721;-0.2075521;3.349342;
Spine;-0.992952;0.04940211;3.048553;
HipCenter;-0.9933304;-0.03472591;3.048069;
HipRight;-0.9641477;-0.08484121;3.006828;
HipLeft;-1.022663;-0.08760674;3.081438;
KneeRight;-1.11797;-0.6008192;3.067621;
KneeLeft;-0.8832974;-0.6028288;3.176177;
AnkleRight;-1.319773;-1.022742;3.070351;
AnkleLeft;-0.7507839;-1.029343;3.172349;
FootRight;-1.421371;-1.070619;3.038897;
FootLeft;-0.8649932;-1.038249;3.150426;
Head;-1.168029;0.5875391;3.037317;
ShoulderCenter;-1.028546;0.4638048;3.063601;
ShoulderRight;-0.9483918;0.3176468;2.963577;
ShoulderLeft;-1.080288;0.3416448;3.178661;
ElbowRight;-0.861366;0.03970607;2.909422;
ElbowLeft;-1.232682;0.1126768;3.244949;
WristRight;-0.8743218;-0.2072009;2.889798;
WristLeft;-1.346526;-0.09652285;3.325859;
HandRight;-0.8678142;-0.2994829;2.895996;
HandLeft;-1.406008;-0.1638845;3.348685;
Spine;-1.011134;0.05188301;3.043145;
HipCenter;-1.008606;-0.03107717;3.042694;
HipRight;-0.9813393;-0.08914807;2.991028;
HipLeft;-1.034838;-0.09203036;3.082349;
KneeRight;-1.168357;-0.6106386;3.066501;
KneeLeft;-0.9524014;-0.5404458;3.168347;
AnkleRight;-1.37562;-1.031405;3.067985;
AnkleLeft;-0.7741233;-0.9743444;3.169016;
FootRight;-1.479654;-1.081091;3.047933;
FootLeft;-0.887922;-0.9924306;3.14861;
Head;-1.181008;0.5947959;3.021973;
ShoulderCenter;-1.075126;0.4497031;3.065287;
ShoulderRight;-0.9994271;0.3023763;2.95558;
ShoulderLeft;-1.126868;0.3275431;3.180347;
ElbowRight;-0.8859779;0.02763541;2.911776;
ElbowLeft;-1.283798;0.1046031;3.255042;
WristRight;-0.8811812;-0.2198877;2.886346;
WristLeft;-1.429499;-0.124621;3.349019;
HandRight;-0.8711761;-0.3119839;2.89252;
HandLeft;-1.489611;-0.1896208;3.376973;
Spine;-1.059679;0.0356586;3.040283;
HipCenter;-1.056466;-0.04711276;3.038837;
HipRight;-1.021135;-0.09972201;2.992932;
HipLeft;-1.083575;-0.1012743;3.075647;
KneeRight;-1.185193;-0.6182798;3.059773;
KneeLeft;-0.9394739;-0.6235992;3.186055;
AnkleRight;-1.391171;-1.040316;3.06597;
AnkleLeft;-0.7593316;-1.022822;3.17344;
FootRight;-1.496953;-1.089141;3.052942;
FootLeft;-0.87453;-1.034454;3.155068;
Head;-1.236472;0.5826221;3.009072;
ShoulderCenter;-1.129283;0.4436951;3.061416;
ShoulderRight;-1.036883;0.2972235;2.952755;
ShoulderLeft;-1.181025;0.3215351;3.176476;
ElbowRight;-0.9343395;0.0005707066;2.919333;
ElbowLeft;-1.345261;0.100499;3.245564;
WristRight;-0.9285606;-0.247471;2.893661;
WristLeft;-1.492325;-0.1277201;3.342914;
HandRight;-0.9075832;-0.3235138;2.894334;
HandLeft;-1.557498;-0.1911469;3.362077;
Spine;-1.097202;0.04379035;3.032634;
HipCenter;-1.091077;-0.0366101;3.030574;
HipRight;-1.056498;-0.09230154;2.97945;
HipLeft;-1.116544;-0.09772985;3.070485;
KneeRight;-1.238966;-0.6074736;3.037705;
KneeLeft;-0.9455349;-0.63235;3.189278;
AnkleRight;-1.399631;-1.047141;3.065506;
AnkleLeft;-0.7677962;-1.022364;3.173502;
FootRight;-1.50257;-1.094361;3.054143;
FootLeft;-0.8831786;-1.034396;3.154966;
Head;-1.277898;0.5718129;3.014452;
ShoulderCenter;-1.153008;0.4401988;3.055949;
ShoulderRight;-1.074009;0.2971808;2.951995;
ShoulderLeft;-1.20475;0.3180388;3.17101;
ElbowRight;-0.9919033;-0.008989495;2.917816;
ElbowLeft;-1.363174;0.09396908;3.243678;
WristRight;-0.9854519;-0.2574458;2.896405;
WristLeft;-1.512245;-0.1337733;3.345186;
HandRight;-0.9534853;-0.3447024;2.890826;
HandLeft;-1.571965;-0.2026224;3.364159;
Spine;-1.150319;0.04691672;3.033227;
HipCenter;-1.147762;-0.03144215;3.032714;
HipRight;-1.113194;-0.1045444;2.958759;
HipLeft;-1.177296;-0.1125938;3.095033;
KneeRight;-1.281831;-0.6159841;3.034431;
KneeLeft;-0.9791629;-0.670226;3.205332;
AnkleRight;-1.41083;-1.065482;3.069361;
AnkleLeft;-0.7880678;-1.038731;3.187214;
FootRight;-1.504275;-1.107723;3.058281;
FootLeft;-0.9034706;-1.04953;3.166537;
Head;-1.326101;0.585679;3.006921;
ShoulderCenter;-1.212239;0.4436819;3.048254;
ShoulderRight;-1.114872;0.2971539;2.941715;
ShoulderLeft;-1.263982;0.3215218;3.163314;
ElbowRight;-1.056011;0.05592901;2.901511;
ElbowLeft;-1.409153;0.08959062;3.237902;
WristRight;-1.03926;-0.191877;2.896908;
WristLeft;-1.540807;-0.1386818;3.343084;
HandRight;-1.019199;-0.2833156;2.896246;
HandLeft;-1.597396;-0.2117472;3.358019;
Spine;-1.182958;0.03632816;3.031157;
HipCenter;-1.178331;-0.04477676;3.031142;
HipRight;-1.138292;-0.1071423;2.968926;
HipLeft;-1.20946;-0.117343;3.082927;
KneeRight;-1.300966;-0.620201;3.04148;
KneeLeft;-1.017438;-0.6848152;3.205251;
AnkleRight;-1.414569;-1.071204;3.070301;
AnkleLeft;-0.8389565;-0.9839749;3.162665;
FootRight;-1.508576;-1.116842;3.06856;
FootLeft;-0.9532979;-1.006468;3.144101;
Head;-1.387569;0.5664276;3.035382;
ShoulderCenter;-1.233856;0.4468739;3.042671;
ShoulderRight;-1.155713;0.3016576;2.943391;
ShoulderLeft;-1.285599;0.3247139;3.157731;
ElbowRight;-1.09528;0.03491039;2.898216;
ElbowLeft;-1.428226;0.09129292;3.232774;
WristRight;-1.092949;-0.2137099;2.879835;
WristLeft;-1.570932;-0.1433055;3.33899;
HandRight;-1.086015;-0.3073312;2.885315;
HandLeft;-1.619464;-0.2217003;3.357481;
Spine;-1.239254;0.04940269;3.03285;
HipCenter;-1.238222;-0.03040338;3.035006;
HipRight;-1.204957;-0.0795395;2.968196;
HipLeft;-1.269723;-0.1176326;3.096262;
KneeRight;-1.191091;-0.4785072;3.169481;
KneeLeft;-1.334788;-0.6983508;3.130813;
AnkleRight;-1.358687;-0.9189724;3.091458;
AnkleLeft;-0.9341478;-0.9450006;3.158617;
FootRight;-1.436474;-0.9648961;3.042999;
FootLeft;-0.8836212;-1.046851;3.189768;
Head;-1.43102;0.5674171;3.026026;
ShoulderCenter;-1.280808;0.4500201;3.048628;
ShoulderRight;-1.190063;0.3047949;2.937412;
ShoulderLeft;-1.33255;0.3278601;3.163688;
ElbowRight;-1.1491;0.04627004;2.891675;
ElbowLeft;-1.466856;0.08510391;3.228045;
WristRight;-1.158249;-0.2020368;2.865934;
WristLeft;-1.603327;-0.1579405;3.326803;
HandRight;-1.159089;-0.2962603;2.871142;
HandLeft;-1.642258;-0.231932;3.334941;
Spine;-1.282056;0.04779419;3.039287;
HipCenter;-1.284125;-0.03272293;3.041291;
HipRight;-1.255845;-0.08598707;2.980781;
HipLeft;-1.315137;-0.1088745;3.096435;
KneeRight;-1.254831;-0.4817168;3.202254;
KneeLeft;-1.424112;-0.7045075;3.089382;
AnkleRight;-1.382078;-0.9332876;3.094402;
AnkleLeft;-1.015841;-0.9302471;3.154152;
FootRight;-1.458941;-0.9792123;3.044687;
FootLeft;-1.092705;-0.9761717;3.104437;
Head;-1.451023;0.5842993;2.986167;
ShoulderCenter;-1.334087;0.4580515;3.049059;
ShoulderRight;-1.240316;0.3198491;2.944618;
ShoulderLeft;-1.385829;0.3358915;3.164119;
ElbowRight;-1.199449;0.05965506;2.889553;
ElbowLeft;-1.504745;0.08259946;3.221289;
WristRight;-1.23595;-0.1861404;2.887222;
WristLeft;-1.620788;-0.1637923;3.310631;
HandRight;-1.248243;-0.2784048;2.903864;
HandLeft;-1.652142;-0.2313568;3.313112;
Spine;-1.301469;0.05204659;3.036;
HipCenter;-1.296698;-0.02934657;3.037879;
HipRight;-1.261312;-0.08206516;2.978166;
HipLeft;-1.327909;-0.1075151;3.091934;
KneeRight;-1.296407;-0.4769124;3.197228;
KneeLeft;-1.402651;-0.6847978;3.140087;
AnkleRight;-1.394433;-0.9380205;3.091251;
AnkleLeft;-1.036069;-0.9695265;3.16547;
FootRight;-1.46949;-0.9862231;3.040734;
FootLeft;-1.020003;-1.053858;3.19302;
Head;-1.463295;0.5927112;2.982856;
ShoulderCenter;-1.352689;0.4609983;3.046438;
ShoulderRight;-1.277251;0.3163728;2.941055;
ShoulderLeft;-1.404431;0.3388383;3.161498;
ElbowRight;-1.262616;0.03775534;2.902179;
ElbowLeft;-1.233867;0.06623268;3.218518;
WristRight;-1.305479;-0.2072349;2.898373;
WristLeft;-1.513163;-0.1027529;3.286814;
HandRight;-1.324129;-0.2984411;2.881392;
HandLeft;-1.534698;-0.1531909;3.243406;
Spine;-1.335144;0.05319405;3.031135;
HipCenter;-1.331143;-0.02858942;3.031917;
HipRight;-1.297121;-0.07700679;2.964968;
HipLeft;-1.358323;-0.1148294;3.090741;
KneeRight;-1.321351;-0.4696677;3.195602;
KneeLeft;-1.41145;-0.6989014;3.150195;
AnkleRight;-1.402081;-0.935506;3.089947;
AnkleLeft;-1.155286;-0.9796399;3.20452;
FootRight;-1.480567;-0.9828494;3.043825;
FootLeft;-1.13922;-1.063971;3.232071;
Head;-1.504329;0.6108272;2.97996;
ShoulderCenter;-1.406099;0.4685848;3.042495;
ShoulderRight;-1.312619;0.3215097;2.940974;
ShoulderLeft;-1.457842;0.3464248;3.157555;
ElbowRight;-1.323797;0.03994528;2.890756;
ElbowLeft;-1.287278;0.07381913;3.214533;
WristRight;-1.41545;-0.2001543;2.887889;
WristLeft;-1.566149;-0.09663214;3.282185;
HandRight;-1.443442;-0.2904289;2.882419;
HandLeft;-1.588051;-0.1469167;3.238729;
Spine;-1.351193;0.05326321;3.033558;
HipCenter;-1.342611;-0.02914703;3.034666;
HipRight;-1.311439;-0.08903947;2.977087;
HipLeft;-1.368854;-0.1041749;3.088527;
KneeRight;-1.466289;-0.6711968;3.076576;
KneeLeft;-1.449333;-0.6952741;3.137005;
AnkleRight;-1.426061;-1.067401;3.066909;
AnkleLeft;-1.233522;-0.9944327;3.198646;
FootRight;-1.520877;-1.133039;3.094556;
FootLeft;-1.306069;-1.079183;3.238861;
Head;-1.535655;0.6121611;2.977735;
ShoulderCenter;-1.424975;0.4748579;3.034654;
ShoulderRight;-1.346841;0.3244569;2.932515;
ShoulderLeft;-1.476717;0.3526978;3.149713;
ElbowRight;-1.37347;0.04772071;2.883512;
ElbowLeft;-1.306153;0.08009222;3.20665;
WristRight;-1.479395;-0.212344;2.853535;
WristLeft;-1.585178;-0.09045237;3.274327;
HandRight;-1.505891;-0.3024946;2.864827;
HandLeft;-1.607072;-0.1407193;3.230887;
Spine;-1.374381;0.05764743;3.038665;
HipCenter;-1.364525;-0.0257092;3.042857;
HipRight;-1.340007;-0.07642373;3.010826;
HipLeft;-1.391119;-0.07845348;3.082319;
KneeRight;-1.470644;-0.6706572;3.075568;
KneeLeft;-1.453799;-0.6732094;3.162684;
AnkleRight;-1.407756;-1.052076;3.095096;
AnkleLeft;-1.375537;-1.030622;3.176602;
FootRight;-1.502773;-1.122985;3.090771;
FootLeft;-1.43375;-1.107784;3.107813;
Head;-1.578538;0.6013853;2.969272;
ShoulderCenter;-1.453933;0.4740637;3.023781;
ShoulderRight;-1.372941;0.3294463;2.92554;
ShoulderLeft;-1.505675;0.3519037;3.138841;
ElbowRight;-1.427236;0.05838782;2.877688;
ElbowLeft;-1.335111;0.07929806;3.195753;
WristRight;-1.527052;-0.1692231;2.842506;
WristLeft;-1.614271;-0.09132911;3.263457;
HandRight;-1.554153;-0.2323021;2.856555;
HandLeft;-1.636205;-0.1416864;3.219939;
Spine;-1.43306;0.06080667;3.028556;
HipCenter;-1.427318;-0.02180174;3.033696;
HipRight;-1.397039;-0.0804709;3.001098;
HipLeft;-1.450645;-0.06311699;3.065927;
KneeRight;-1.487052;-0.6818027;3.078215;
KneeLeft;-1.647392;-0.6302962;3.184386;
AnkleRight;-1.430393;-1.064257;3.075846;
AnkleLeft;-1.417644;-1.07786;3.238673;
FootRight;-1.497365;-1.125703;3.07642;
FootLeft;-1.523755;-1.116923;3.2012;
Head;-1.511488;0.652449;2.960495;
ShoulderCenter;-1.487938;0.4781329;3.019246;
ShoulderRight;-1.42328;0.3347191;2.926313;
ShoulderLeft;-1.53968;0.3559729;3.134305;
ElbowRight;-1.464545;0.09119964;2.867242;
ElbowLeft;-1.405691;0.1840307;3.225453;
WristRight;-1.546236;-0.143837;2.851158;
WristLeft;-1.691191;0.02264367;3.286787;
HandRight;-1.573341;-0.2069241;2.865207;
HandLeft;-1.713127;-0.02772016;3.243263;
Spine;-1.440468;0.06387563;3.028727;
HipCenter;-1.43281;-0.01892066;3.034052;
HipRight;-1.404704;-0.07108854;3.008256;
HipLeft;-1.459502;-0.05091889;3.059759;
KneeRight;-1.493193;-0.6729355;3.078514;
KneeLeft;-1.565463;-0.6505681;3.125438;
AnkleRight;-1.432495;-1.06686;3.075399;
AnkleLeft;-1.63436;-1.078926;3.17054;
FootRight;-1.49767;-1.126346;3.07749;
FootLeft;-1.547882;-1.11724;3.097642;
Head;-1.53989;0.6562454;2.96053;
ShoulderCenter;-1.505181;0.4808894;3.014175;
ShoulderRight;-1.431393;0.3377267;2.923435;
ShoulderLeft;-1.556924;0.3587293;3.129235;
ElbowRight;-1.476448;0.09429681;2.874276;
ElbowLeft;-1.418652;0.1899484;3.219111;
WristRight;-1.540314;-0.1551732;2.898791;
WristLeft;-1.701643;0.02619812;3.282146;
HandRight;-1.567398;-0.218213;2.91283;
HandLeft;-1.723563;-0.02412783;3.238655;
Spine;-1.474075;0.07660382;3.031915;
HipCenter;-1.467826;-0.003999013;3.03962;
HipRight;-1.42726;-0.06609468;3.00556;
HipLeft;-1.493754;-0.04480456;3.077349;
KneeRight;-1.49368;-0.6701021;3.071673;
KneeLeft;-1.598616;-0.644039;3.138076;
AnkleRight;-1.435253;-1.068895;3.074645;
AnkleLeft;-1.656432;-0.984401;3.177117;
FootRight;-1.499712;-1.12876;3.076432;
FootLeft;-1.733551;-1.034794;3.129906;
Head;-1.594868;0.6483088;2.968187;
ShoulderCenter;-1.527251;0.483838;3.023525;
ShoulderRight;-1.456495;0.3159864;2.933897;
ShoulderLeft;-1.578993;0.361678;3.138585;
ElbowRight;-1.507338;0.07388164;2.923769;
ElbowLeft;-1.44084;0.1929488;3.228051;
WristRight;-1.54719;-0.170733;2.897901;
WristLeft;-1.723522;0.02945295;3.290976;
HandRight;-1.574256;-0.2337295;2.911931;
HandLeft;-1.745427;-0.0208385;3.247514;
Spine;-1.506499;0.0375125;3.053277;
HipCenter;-1.500413;-0.05201117;3.061994;
HipRight;-1.462212;-0.09797657;3.0671;
HipLeft;-1.534424;-0.06770084;3.059146;
KneeRight;-1.503393;-0.6893458;3.068732;
KneeLeft;-1.61611;-0.6660386;3.142715;
AnkleRight;-1.435365;-1.069759;3.073583;
AnkleLeft;-1.673775;-1.005517;3.181595;
FootRight;-1.500104;-1.129392;3.074683;
FootLeft;-1.751816;-1.055464;3.135341;
Head;-1.589675;0.6110622;2.97572;
ShoulderCenter;-1.547669;0.4633298;3.065632;
ShoulderRight;-1.472211;0.289877;2.973967;
ShoulderLeft;-1.599411;0.3411698;3.180692;
ElbowRight;-1.523911;0.0479482;2.939936;
ElbowLeft;-1.5606;0.05303329;2.985891;
WristRight;-1.554362;-0.1967829;2.905028;
WristLeft;-1.821729;-0.1487976;3.027368;
HandRight;-1.581409;-0.2597356;2.919048;
HandLeft;-1.843618;-0.1990541;2.983937;
Spine;-1.543311;0.0632654;3.130764;
HipCenter;-1.542439;-0.01674748;3.14738;
HipRight;-1.494151;-0.1115963;3.255245;
HipLeft;-1.588752;-0.1031915;3.06484;
KneeRight;-1.512385;-0.6935927;3.065934;
KneeLeft;-1.650773;-0.6964303;3.181083;
AnkleRight;-1.437865;-1.071021;3.073281;
AnkleLeft;-1.708291;-1.035039;3.219796;
FootRight;-1.502726;-1.130456;3.074667;
FootLeft;-1.785647;-1.085562;3.173125;
Head;-1.553628;0.3709313;3.192566;
ShoulderCenter;-1.544311;0.1765449;3.207002;
ShoulderRight;-1.468853;0.003092095;3.115338;
ShoulderLeft;-1.531201;0.1133511;2.981182;
ElbowRight;-1.626171;0.060057;2.905643;
ElbowLeft;-1.581496;-0.1274125;2.967355;
WristRight;-1.559218;-0.2095238;2.938268;
WristLeft;-1.883511;-0.236924;3.041798;
HandRight;-1.586202;-0.2723311;2.952255;
HandLeft;-1.90535;-0.2870646;2.998467;
Spine;-1.585213;-0.00677602;3.235259;
HipCenter;-1.593393;-0.04344022;3.244496;
HipRight;-1.566237;-0.1502759;3.371986;
HipLeft;-1.669313;-0.1551604;3.139684;
KneeRight;-1.522995;-0.6841221;3.069916;
KneeLeft;-1.681838;-0.7559587;3.216379;
AnkleRight;-1.439522;-1.074043;3.073271;
AnkleLeft;-1.739164;-1.093434;3.254899;
FootRight;-1.505849;-1.131353;3.074622;
FootLeft;-1.658326;-1.15586;3.194597;
Head;-1.611761;0.3212175;3.293081;
ShoulderCenter;-1.602448;0.1269325;3.307505;
ShoulderRight;-1.52699;-0.04652037;3.215841;
ShoulderLeft;-1.589338;0.0637386;3.081685;
ElbowRight;-1.564011;0.04706765;2.962498;
ElbowLeft;-1.587901;-0.1782186;3.00804;
WristRight;-1.569109;-0.2078061;2.938112;
WristLeft;-1.876422;-0.3164762;3.085519;
HandRight;-1.596032;-0.2704697;2.952067;
HandLeft;-1.898211;-0.3665018;3.042288;
Spine;-1.646257;-0.1254406;3.355227;
HipCenter;-1.655019;-0.1759152;3.368355;
HipRight;-1.636229;-0.2611953;3.449635;
HipLeft;-1.706517;-0.2790605;3.315813;
KneeRight;-1.535894;-0.7212145;3.060519;
KneeLeft;-1.788809;-0.9924607;3.500394;
AnkleRight;-1.439549;-1.07885;3.075813;
AnkleLeft;-1.832957;-1.25236;3.523453;
FootRight;-1.50428;-1.137763;3.073786;
FootLeft;-1.749343;-1.27192;3.448886;
Head;-1.64976;0.3469954;3.288142;
ShoulderCenter;-1.640454;0.1528356;3.30255;
ShoulderRight;-1.564996;-0.02061722;3.210886;
ShoulderLeft;-1.627344;0.08964175;3.07673;
ElbowRight;-1.784239;0.029612;3.083656;
ElbowLeft;-1.62591;-0.1517711;3.0032;
WristRight;-1.652813;-0.244458;3.091072;
WristLeft;-1.913665;-0.2900298;3.080374;
HandRight;-1.679675;-0.3069795;3.104995;
HandLeft;-1.935405;-0.3399418;3.03724;
Spine;-1.677394;-0.2193202;3.377191;
HipCenter;-1.684481;-0.293957;3.39574;
HipRight;-1.663844;-0.3475092;3.388057;
HipLeft;-1.710441;-0.2964722;3.41328;
KneeRight;-1.549624;-0.7251935;3.061711;
KneeLeft;-1.809896;-0.9949067;3.515544;
AnkleRight;-1.440456;-1.078385;3.075231;
AnkleLeft;-1.854044;-1.254806;3.538616;
FootRight;-1.505376;-1.136611;3.068972;
FootLeft;-1.77043;-1.274366;3.464049;
Head;-1.67648;0.00815849;3.294924;
ShoulderCenter;-1.66717;-0.1860843;3.309355;
ShoulderRight;-1.591712;-0.3595372;3.217691;
ShoulderLeft;-1.65406;-0.2492782;3.083535;
ElbowRight;-1.684544;-0.105599;3.228173;
ElbowLeft;-1.652627;-0.4904845;3.010042;
WristRight;-1.694898;-0.347187;3.171913;
WristLeft;-1.940092;-0.6287431;3.087098;
HandRight;-1.721759;-0.409706;3.185837;
HandLeft;-1.961831;-0.6786534;3.043966;
Spine;-1.66069;-0.48488;3.320068;
HipCenter;-1.659394;-0.5446391;3.325793;
HipRight;-1.643551;-0.583158;3.371564;
HipLeft;-1.672405;-0.6367044;3.280671;
KneeRight;-1.556493;-0.8179985;2.987188;
KneeLeft;-1.776837;-1.917846;3.373186;
AnkleRight;-1.465137;-1.064433;2.570448;
AnkleLeft;-1.820985;-2.177745;3.396257;
FootRight;-1.37688;-1.117532;2.518095;
FootLeft;-1.736176;-2.221545;3.358544;
Head;-1.570184;-0.665728;3.0711;
ShoulderCenter;-1.560882;-0.8598022;3.085487;
ShoulderRight;-1.485424;-1.033255;2.993822;
ShoulderLeft;-1.547772;-0.9229962;2.859666;
ElbowRight;-1.578256;-0.7793169;3.004308;
ElbowLeft;-1.54634;-1.163998;2.786216;
WristRight;-1.497776;-0.9996874;3.060654;
WristLeft;-1.833517;-1.302256;2.863156;
HandRight;-1.52458;-1.062075;3.074548;
HandLeft;-1.85521;-1.352061;2.820115;
Spine;-1.498652;-1.102909;3.145449;
HipCenter;-1.486207;-1.15153;3.161023;
HipRight;-1.453241;-1.241947;3.157453;
HipLeft;-1.505318;-1.115238;3.175889;
KneeRight;-1.591331;-0.8271971;3.057575;
KneeLeft;-1.6649;-1.600193;3.279067;
AnkleRight;-1.421074;-1.11944;3.099546;
AnkleLeft;-1.811316;-2.170876;3.377654;
FootRight;-1.491514;-1.100533;3.052025;
FootLeft;-1.720695;-2.209779;3.350044;
