Floor;-0.01986034;0.9998025;-0.0007248346;1.081304;
Head;1.209633;0.6326161;3.176953;
ShoulderCenter;1.328773;0.4166428;3.130142;
ShoulderRight;1.362337;0.2825989;2.977039;
ShoulderLeft;1.256095;0.2189969;3.207438;
ElbowRight;1.343433;0.05580561;2.853966;
ElbowLeft;1.239017;-0.112489;3.145039;
WristRight;1.189751;-0.2336702;2.848359;
WristLeft;1.190422;-0.3419585;3.207078;
HandRight;1.128036;-0.3074472;2.801929;
HandLeft;1.174223;-0.4184484;3.232508;
Spine;1.30282;0.03620539;3.075893;
HipCenter;1.297629;-0.0398821;3.068526;
HipRight;1.317246;-0.0884296;3.000614;
HipLeft;1.269437;-0.1170505;3.115547;
KneeRight;1.347253;-0.6345679;3.005905;
KneeLeft;1.196327;-0.625841;3.20551;
AnkleRight;1.388846;-0.999763;2.984607;
AnkleLeft;1.328537;-0.9939734;3.120878;
FootRight;1.295244;-1.059017;2.989284;
FootLeft;1.272431;-1.075017;3.144202;
Head;1.204105;0.5717953;3.159051;
ShoulderCenter;1.314063;0.4192532;3.131031;
ShoulderRight;1.351661;0.2848312;2.977971;
ShoulderLeft;1.225851;0.2086476;3.215512;
ElbowRight;1.280453;0.07200257;2.878757;
ElbowLeft;1.183764;0.01504618;3.157991;
WristRight;1.127092;-0.1492489;2.832181;
WristLeft;1.131557;-0.2483021;3.182516;
HandRight;1.035617;-0.2952364;2.799817;
HandLeft;1.114154;-0.3360848;3.19529;
Spine;1.280048;0.05905388;3.079653;
HipCenter;1.272545;-0.01082699;3.073055;
HipRight;1.292345;-0.04991802;3.011527;
HipLeft;1.240633;-0.08860605;3.115274;
KneeRight;1.342351;-0.6333045;3.000758;
KneeLeft;1.16138;-0.6340279;3.205086;
AnkleRight;1.382786;-0.999308;2.985425;
AnkleLeft;1.255405;-1.021283;3.121625;
FootRight;1.295294;-1.053255;2.98059;
FootLeft;1.240876;-1.090864;3.159249;
Head;1.19385;0.5661409;3.164555;
ShoulderCenter;1.263823;0.4087116;3.125527;
ShoulderRight;1.297066;0.2812153;2.973497;
ShoulderLeft;1.191943;0.2561239;3.204435;
ElbowRight;1.198479;0.04146773;2.874513;
ElbowLeft;1.167287;0.05993879;3.156085;
WristRight;1.040711;-0.1749725;2.834758;
WristLeft;1.067821;-0.1087123;2.957857;
HandRight;0.995587;-0.2316274;2.818227;
HandLeft;0.9839474;-0.2822557;2.806252;
Spine;1.243133;0.05547669;3.085503;
HipCenter;1.23889;-0.01500153;3.080416;
HipRight;1.254297;-0.06940055;3.017039;
HipLeft;1.211124;-0.08339138;3.127209;
KneeRight;1.320314;-0.6298828;2.997523;
KneeLeft;1.114037;-0.6720849;3.200164;
AnkleRight;1.382609;-1.001632;2.992466;
AnkleLeft;1.173572;-1.029651;3.128289;
FootRight;1.295965;-1.053797;2.979281;
FootLeft;1.100347;-1.067479;3.095536;
Head;1.150685;0.5723249;3.160737;
ShoulderCenter;1.241592;0.4168812;3.13005;
ShoulderRight;1.260516;0.2880339;2.975992;
ShoulderLeft;1.169865;0.3065848;3.192547;
ElbowRight;1.172958;0.07137207;2.873848;
ElbowLeft;1.074774;0.1214242;3.05505;
WristRight;0.9954704;-0.1323396;2.834588;
WristLeft;0.9740348;-0.089608;2.903887;
HandRight;0.8954657;-0.2452472;2.820344;
HandLeft;0.9295665;-0.1644128;2.867644;
Spine;1.210099;0.08083442;3.085411;
HipCenter;1.203326;0.01466659;3.079384;
HipRight;1.221533;-0.0509896;3.012171;
HipLeft;1.17837;-0.04034172;3.127392;
KneeRight;1.302335;-0.6216238;2.996259;
KneeLeft;1.05878;-0.6352401;3.194778;
AnkleRight;1.379372;-1.00242;2.990001;
AnkleLeft;1.023313;-1.023499;3.149227;
FootRight;1.298618;-1.053375;2.988739;
FootLeft;0.9445866;-1.069464;3.206519;
Head;1.130396;0.5856364;3.170485;
ShoulderCenter;1.185768;0.4223582;3.121974;
ShoulderRight;1.225686;0.2843064;2.972511;
ShoulderLeft;1.129714;0.3031233;3.196033;
ElbowRight;1.114133;0.05617201;2.87228;
ElbowLeft;1.02854;0.1195592;3.052907;
WristRight;0.9252285;-0.1434683;2.832272;
WristLeft;0.9238712;-0.09467155;2.900375;
HandRight;0.8710662;-0.1862228;2.822493;
HandLeft;0.8742674;-0.1632651;2.85884;
Spine;1.183718;0.08732864;3.087222;
HipCenter;1.182797;0.02019942;3.082528;
HipRight;1.202208;-0.0467371;3.014782;
HipLeft;1.159808;-0.03739651;3.132782;
KneeRight;1.257207;-0.632552;3.006896;
KneeLeft;1.0407;-0.6361856;3.189451;
AnkleRight;1.372295;-1.003213;2.984311;
AnkleLeft;0.9229372;-1.001844;3.151196;
FootRight;1.291455;-1.057589;2.98737;
FootLeft;0.8318359;-1.042665;3.1803;
Head;1.075774;0.5779759;3.208432;
ShoulderCenter;1.165036;0.4239127;3.129072;
ShoulderRight;1.186128;0.2756991;2.973829;
ShoulderLeft;1.094719;0.3013772;3.196342;
ElbowRight;1.087066;0.05852925;2.878564;
ElbowLeft;0.9634401;0.1039167;3.032284;
WristRight;0.8831177;-0.1239728;2.843964;
WristLeft;0.8611995;-0.1120125;2.883961;
HandRight;0.8038651;-0.1747627;2.830022;
HandLeft;0.7947449;-0.1309251;2.87081;
Spine;1.143513;0.09925704;3.090798;
HipCenter;1.1384;0.0349764;3.085897;
HipRight;1.156846;-0.0390493;3.01009;
HipLeft;1.113711;-0.02711335;3.140901;
KneeRight;1.213879;-0.6279383;3.031341;
KneeLeft;0.984633;-0.6517691;3.191998;
AnkleRight;1.372406;-1.003757;2.984193;
AnkleLeft;0.830766;-1.025631;3.159382;
FootRight;1.291762;-1.0548;2.986909;
FootLeft;0.7259564;-1.025273;3.200652;
Head;1.043357;0.5728226;3.192784;
ShoulderCenter;1.118517;0.4122318;3.149508;
ShoulderRight;1.157317;0.2761545;2.980632;
ShoulderLeft;1.056112;0.2825952;3.240594;
ElbowRight;1.061272;0.06969961;2.87994;
ElbowLeft;0.9226323;0.1001418;3.064714;
WristRight;0.8546428;-0.1036528;2.839417;
WristLeft;0.8144993;-0.09511514;2.897486;
HandRight;0.736615;-0.2106968;2.821518;
HandLeft;0.7516525;-0.119817;2.892408;
Spine;1.111358;0.008846477;3.075798;
HipCenter;1.109927;-0.07183059;3.06433;
HipRight;1.129548;-0.1388632;2.98732;
HipLeft;1.087976;-0.1360276;3.114617;
KneeRight;1.150254;-0.6351867;3.061084;
KneeLeft;0.9532886;-0.6448119;3.184349;
AnkleRight;1.372993;-1.00383;2.985562;
AnkleLeft;0.7635581;-1.030637;3.157019;
FootRight;1.287744;-1.055763;2.999193;
FootLeft;0.6595093;-1.019633;3.198255;
Head;1.003099;0.5565329;3.184309;
ShoulderCenter;1.089228;0.40379;3.151215;
ShoulderRight;1.119395;0.2662081;2.98922;
ShoulderLeft;1.029984;0.2986557;3.23135;
ElbowRight;1.001088;0.09124923;2.902856;
ElbowLeft;0.8961594;0.1178609;3.053363;
WristRight;0.7992942;-0.08577034;2.851978;
WristLeft;0.7867624;-0.08584476;2.898348;
HandRight;0.733725;-0.1472147;2.837578;
HandLeft;0.725588;-0.1116891;2.887654;
Spine;1.064328;-0.01995888;3.096544;
HipCenter;1.060992;-0.1042347;3.088934;
HipRight;1.078858;-0.1795249;3.014966;
HipLeft;1.037835;-0.1626436;3.142794;
KneeRight;1.188781;-0.6332414;3.016676;
KneeLeft;0.9323831;-0.6373556;3.177332;
AnkleRight;1.370421;-1.003063;2.98599;
AnkleLeft;0.7790586;-1.02386;3.13668;
FootRight;1.287364;-1.056472;3.001262;
FootLeft;0.6715822;-1.04827;3.176398;
Head;0.958485;0.5544736;3.199904;
ShoulderCenter;1.042919;0.4102587;3.17185;
ShoulderRight;1.074115;0.2610449;3.004817;
ShoulderLeft;0.9687932;0.293427;3.199037;
ElbowRight;0.9754996;0.09648612;2.909662;
ElbowLeft;0.9126773;0.06131047;3.044211;
WristRight;0.7803941;-0.08648713;2.854191;
WristLeft;0.7561626;-0.1030004;2.8827;
HandRight;0.717168;-0.1493138;2.837622;
HandLeft;0.6514405;-0.2137938;2.818987;
Spine;1.019065;-0.04540577;3.101915;
HipCenter;1.014294;-0.1365387;3.091337;
HipRight;1.035302;-0.1906792;3.042499;
HipLeft;0.9883825;-0.1760531;3.123996;
KneeRight;1.174694;-0.6341676;3.010342;
KneeLeft;0.9061345;-0.6316353;3.173007;
AnkleRight;1.365143;-1.000855;2.984588;
AnkleLeft;0.7780589;-1.020531;3.134024;
FootRight;1.288828;-1.056882;3.000069;
FootLeft;0.6705428;-1.056448;3.169009;
Head;0.9425067;0.5625962;3.199093;
ShoulderCenter;1.002346;0.4025754;3.168221;
ShoulderRight;1.035541;0.2585126;3.011225;
ShoulderLeft;0.9381643;0.2928869;3.223536;
ElbowRight;0.9137064;0.0311823;2.896838;
ElbowLeft;0.8817515;0.05954224;3.067771;
WristRight;0.7170016;-0.1515524;2.838459;
WristLeft;0.7385969;-0.1083256;2.894396;
HandRight;0.6409803;-0.2028554;2.838978;
HandLeft;0.633752;-0.2159266;2.827128;
Spine;0.9801769;0.009932809;3.101266;
HipCenter;0.9765336;-0.068446;3.091401;
HipRight;0.9932041;-0.1060398;3.048071;
HipLeft;0.9557441;-0.1194652;3.117682;
KneeRight;1.154959;-0.6505638;3.003953;
KneeLeft;0.8650409;-0.6301719;3.173866;
AnkleRight;1.358686;-0.9996349;2.984466;
AnkleLeft;0.7720267;-1.014854;3.132539;
FootRight;1.287669;-1.055568;2.994379;
FootLeft;0.6702134;-1.062039;3.17294;
Head;0.8707883;0.5449734;3.206491;
ShoulderCenter;0.9736122;0.3996896;3.168566;
ShoulderRight;1.006922;0.2627456;3.019512;
ShoulderLeft;0.9091269;0.290501;3.226658;
ElbowRight;0.8924422;0.02461489;2.897473;
ElbowLeft;0.8280094;0.03453004;3.13115;
WristRight;0.6980913;-0.1592061;2.84434;
WristLeft;0.6885223;-0.108014;2.919706;
HandRight;0.6266664;-0.2169267;2.843037;
HandLeft;0.6458234;-0.1805423;2.882945;
Spine;0.9392042;-0.01508654;3.104207;
HipCenter;0.9331461;-0.09846453;3.094907;
HipRight;0.9482136;-0.1266349;3.066237;
HipLeft;0.9158866;-0.1388593;3.111683;
KneeRight;1.09049;-0.6526228;3.006198;
KneeLeft;0.8211368;-0.6351268;3.175539;
AnkleRight;1.327686;-0.9932294;2.981716;
AnkleLeft;0.770707;-1.010821;3.133005;
FootRight;1.24474;-1.064908;3.021965;
FootLeft;0.6697321;-1.064594;3.172079;
Head;0.8251867;0.5488036;3.196276;
ShoulderCenter;0.9232089;0.40874;3.167656;
ShoulderRight;0.9546727;0.2652127;3.021659;
ShoulderLeft;0.8588456;0.2997271;3.226607;
ElbowRight;0.8722004;0.02223194;2.899043;
ElbowLeft;0.8006266;0.03465062;3.131709;
WristRight;0.6766244;-0.1757992;2.859838;
WristLeft;0.6736389;-0.1214642;2.923389;
HandRight;0.6120803;-0.2397056;2.848833;
HandLeft;0.6030334;-0.2567011;2.846338;
Spine;0.9051171;-0.02295126;3.103377;
HipCenter;0.9001474;-0.1090132;3.09402;
HipRight;0.9154567;-0.1367936;3.066702;
HipLeft;0.8801877;-0.1492073;3.109675;
KneeRight;1.023886;-0.6544961;3.011689;
KneeLeft;0.8016409;-0.6424249;3.175934;
AnkleRight;1.290987;-0.9698703;2.97587;
AnkleLeft;0.7657553;-1.009397;3.135494;
FootRight;1.241586;-1.064171;3.020011;
FootLeft;0.668107;-1.068657;3.170518;
Head;0.7985593;0.5665879;3.194987;
ShoulderCenter;0.891699;0.4201241;3.165047;
ShoulderRight;0.933242;0.2705323;3.022225;
ShoulderLeft;0.8073214;0.308689;3.194708;
ElbowRight;0.848748;0.04007009;2.905858;
ElbowLeft;0.7711384;0.03390479;3.132865;
WristRight;0.6740189;-0.1759442;2.864361;
WristLeft;0.665957;-0.1410349;2.927864;
HandRight;0.6100657;-0.2728696;2.863388;
HandLeft;0.6190172;-0.2875532;2.865094;
Spine;0.8680019;-0.01192098;3.094437;
HipCenter;0.8640726;-0.0986165;3.08406;
HipRight;0.887398;-0.1257952;3.061347;
HipLeft;0.8367213;-0.1392157;3.093585;
KneeRight;0.9615206;-0.6543144;3.005831;
KneeLeft;0.7734181;-0.6467256;3.173714;
AnkleRight;1.258449;-0.954186;2.973977;
AnkleLeft;0.7639711;-1.009865;3.136372;
FootRight;1.217782;-1.056668;3.031459;
FootLeft;0.6684237;-1.068967;3.170377;
Head;0.759912;0.5757952;3.200245;
ShoulderCenter;0.8487384;0.423721;3.164385;
ShoulderRight;0.8834514;0.2882155;3.020332;
ShoulderLeft;0.7763025;0.3097796;3.194818;
ElbowRight;0.8328189;0.04710703;2.90597;
ElbowLeft;0.7320397;0.03243494;3.121352;
WristRight;0.6716518;-0.1859934;2.867737;
WristLeft;0.6499147;-0.1561891;2.9103;
HandRight;0.6242973;-0.2644498;2.861094;
HandLeft;0.6215768;-0.286534;2.863619;
Spine;0.8234898;0.01396951;3.089865;
HipCenter;0.8190991;-0.06803597;3.078583;
HipRight;0.8391002;-0.08889868;3.04218;
HipLeft;0.8003495;-0.13109;3.097605;
KneeRight;0.866055;-0.6294189;3.002255;
KneeLeft;0.7536247;-0.6445869;3.161754;
AnkleRight;1.193225;-0.948485;2.975235;
AnkleLeft;0.7617611;-1.012315;3.135939;
FootRight;1.175669;-1.062045;3.024403;
FootLeft;0.6696576;-1.070037;3.171408;
Head;0.7367876;0.5858443;3.199078;
ShoulderCenter;0.8237175;0.4296821;3.16193;
ShoulderRight;0.8703247;0.2887539;3.022862;
ShoulderLeft;0.7437279;0.3165708;3.191984;
ElbowRight;0.8161274;0.0555704;2.906065;
ElbowLeft;0.7010988;0.03231615;3.1338;
WristRight;0.6700428;-0.1924675;2.86664;
WristLeft;0.6405678;-0.1631134;2.91505;
HandRight;0.6322311;-0.2760895;2.856702;
HandLeft;0.6407742;-0.2289566;2.932934;
Spine;0.792614;0.0251599;3.104592;
HipCenter;0.7851707;-0.05512144;3.098095;
HipRight;0.8126323;-0.08886507;3.057148;
HipLeft;0.7523155;-0.1087825;3.124776;
KneeRight;0.8442359;-0.6434096;2.999227;
KneeLeft;0.7173889;-0.6437981;3.156672;
AnkleRight;1.112913;-0.9260494;2.98465;
AnkleLeft;0.7593776;-1.010138;3.134414;
FootRight;1.083064;-1.031685;3.00065;
FootLeft;0.6756046;-1.073769;3.181914;
Head;0.6951963;0.5901978;3.19885;
ShoulderCenter;0.7909598;0.4361295;3.157278;
ShoulderRight;0.8349681;0.2909319;3.022538;
ShoulderLeft;0.7149906;0.3219806;3.187906;
ElbowRight;0.804563;0.05779666;2.907439;
ElbowLeft;0.6739789;0.03365707;3.131737;
WristRight;0.6785898;-0.1930953;2.866823;
WristLeft;0.6165298;-0.1664982;2.911544;
HandRight;0.637062;-0.2753305;2.855081;
HandLeft;0.61702;-0.2329186;2.928867;
Spine;0.7592028;0.009525329;3.10087;
HipCenter;0.75175;-0.07657459;3.093251;
HipRight;0.7766601;-0.1023993;3.065715;
HipLeft;0.722824;-0.126397;3.109501;
KneeRight;0.7860371;-0.6400012;2.986479;
KneeLeft;0.6890131;-0.7126047;3.137374;
AnkleRight;1.043793;-0.9418377;2.997267;
AnkleLeft;0.7667735;-1.036701;3.139184;
FootRight;1.000593;-1.054268;3.035495;
FootLeft;0.6770134;-1.074103;3.18378;
Head;0.6779773;0.6085565;3.197349;
ShoulderCenter;0.7455506;0.4377671;3.149682;
ShoulderRight;0.8081934;0.2934598;3.019817;
ShoulderLeft;0.6666135;0.3238941;3.179825;
ElbowRight;0.7817007;0.04901776;2.904229;
ElbowLeft;0.623818;0.03197247;3.123829;
WristRight;0.6864403;-0.2015486;2.866138;
WristLeft;0.5653796;-0.1705064;2.900758;
HandRight;0.6553273;-0.288228;2.851148;
HandLeft;0.5657597;-0.2373358;2.917785;
Spine;0.7186311;0.01068326;3.098212;
HipCenter;0.7139724;-0.07485297;3.091528;
HipRight;0.7415058;-0.102945;3.06337;
HipLeft;0.6794425;-0.127476;3.108121;
KneeRight;0.733558;-0.6394987;2.984138;
KneeLeft;0.6719165;-0.7108431;3.137802;
AnkleRight;0.9500899;-0.9454848;3.008563;
AnkleLeft;0.7672915;-1.027665;3.139387;
FootRight;0.8970514;-1.057704;3.035148;
FootLeft;0.6988555;-1.078779;3.189559;
Head;0.6282096;0.6050304;3.191015;
ShoulderCenter;0.7195448;0.4430492;3.145161;
ShoulderRight;0.7696007;0.2989826;3.012951;
ShoulderLeft;0.642656;0.3289318;3.175664;
ElbowRight;0.7509343;0.0102011;2.900619;
ElbowLeft;0.5996721;0.03217313;3.119254;
WristRight;0.6867986;-0.2114433;2.860879;
WristLeft;0.6045911;-0.1954073;3.301447;
HandRight;0.6614302;-0.3005265;2.843863;
HandLeft;0.5866062;-0.2573283;3.327668;
Spine;0.6890829;0.022503;3.091398;
HipCenter;0.6824729;-0.06122598;3.084087;
HipRight;0.7078551;-0.09054469;3.052318;
HipLeft;0.6528804;-0.1181146;3.103257;
KneeRight;0.6082721;-0.5978294;3.004556;
KneeLeft;0.7733276;-0.6029842;3.165005;
AnkleRight;0.8409809;-0.9637069;3.019226;
AnkleLeft;0.7478848;-1.001477;3.103842;
FootRight;0.7956367;-1.048938;3.018159;
FootLeft;0.6887776;-1.077448;3.180183;
Head;0.5992328;0.5960998;3.191585;
ShoulderCenter;0.6978673;0.4357687;3.138618;
ShoulderRight;0.7274523;0.2995043;3.003263;
ShoulderLeft;0.5656067;0.1813558;3.178399;
ElbowRight;0.7465705;0.03364141;2.902988;
ElbowLeft;0.5219975;-0.1186932;3.121596;
WristRight;0.6867163;-0.2180103;2.854905;
WristLeft;0.5595469;-0.2084594;3.370047;
HandRight;0.661261;-0.3101931;2.842724;
HandLeft;0.5235223;-0.293259;3.381497;
Spine;0.6650842;0.01408786;3.080351;
HipCenter;0.6586052;-0.07008616;3.07233;
HipRight;0.678729;-0.1074873;3.012483;
HipLeft;0.6136697;-0.1584863;3.104728;
KneeRight;0.5654681;-0.6242179;3.01886;
KneeLeft;0.7572439;-0.623988;3.169466;
AnkleRight;0.7523866;-0.9834734;3.016411;
AnkleLeft;0.8074019;-0.9422661;3.06416;
FootRight;0.6782724;-1.06442;3.045737;
FootLeft;0.7212616;-1.014492;3.123632;
Head;0.5565931;0.5957032;3.188245;
ShoulderCenter;0.6515374;0.4309092;3.137196;
ShoulderRight;0.7036111;0.2925553;3.003695;
ShoulderLeft;0.5512699;0.2165273;3.195725;
ElbowRight;0.7379365;0.03373641;2.900364;
ElbowLeft;0.5397035;-0.02973051;3.348547;
WristRight;0.6871214;-0.2258765;2.848449;
WristLeft;0.4926696;-0.2433088;3.392761;
HandRight;0.6711592;-0.3211114;2.834566;
HandLeft;0.4509712;-0.2832386;3.389375;
Spine;0.6262717;0.01108542;3.097695;
HipCenter;0.6201534;-0.07295926;3.093796;
HipRight;0.6446904;-0.1089872;3.042271;
HipLeft;0.5901538;-0.1533124;3.128433;
KneeRight;0.5141624;-0.617919;3.028694;
KneeLeft;0.7221766;-0.6459798;3.167815;
AnkleRight;0.6719385;-1.007867;3.035487;
AnkleLeft;0.7717418;-0.9960324;3.0963;
FootRight;0.5594035;-1.065375;3.050332;
FootLeft;0.6972247;-1.087252;3.144444;
Head;0.5542705;0.6185119;3.182149;
ShoulderCenter;0.6194211;0.4379425;3.138396;
ShoulderRight;0.6640683;0.2890346;2.99461;
ShoulderLeft;0.5188358;0.2265868;3.19834;
ElbowRight;0.7132583;0.0332453;2.891611;
ElbowLeft;0.5091698;-0.03655744;3.329743;
WristRight;0.6891156;-0.2327991;2.842157;
WristLeft;0.4218641;-0.2304268;3.397209;
HandRight;0.6804241;-0.3292918;2.828884;
HandLeft;0.3790825;-0.2659323;3.385242;
Spine;0.5999385;0.006377987;3.08816;
HipCenter;0.5953246;-0.07985795;3.081869;
HipRight;0.6235769;-0.1139681;3.030964;
HipLeft;0.5629759;-0.1561122;3.117394;
KneeRight;0.4753087;-0.6227466;3.048977;
KneeLeft;0.6564898;-0.6667919;3.164083;
AnkleRight;0.5476573;-1.023325;3.035075;
AnkleLeft;0.7280183;-1.02349;3.128528;
FootRight;0.4360456;-1.070768;3.039044;
FootLeft;0.6534822;-1.114733;3.176684;
Head;0.4837289;0.5960052;3.167577;
ShoulderCenter;0.5729727;0.4245837;3.123848;
ShoulderRight;0.6338762;0.2862326;2.986821;
ShoulderLeft;0.4830942;0.2071756;3.164427;
ElbowRight;0.6993857;0.0227093;2.881831;
ElbowLeft;0.4691425;-0.009675518;3.358093;
WristRight;0.6916748;-0.2436261;2.837563;
WristLeft;0.3598028;-0.2039516;3.400388;
HandRight;0.6898793;-0.3373464;2.825689;
HandLeft;0.3208385;-0.2473415;3.396271;
Spine;0.5545812;-0.009351395;3.066648;
HipCenter;0.5509028;-0.09613841;3.058868;
HipRight;0.5803068;-0.1215538;3.014157;
HipLeft;0.5186841;-0.1683758;3.089069;
KneeRight;0.4136926;-0.6050444;3.040423;
KneeLeft;0.5706697;-0.6778282;3.125102;
AnkleRight;0.4137911;-1.009016;3.022961;
AnkleLeft;0.735902;-1.021891;3.131162;
FootRight;0.3042197;-1.06999;3.047168;
FootLeft;0.6652812;-1.081624;3.187621;
Head;0.4740366;0.5970382;3.165237;
ShoulderCenter;0.5526119;0.4188921;3.120425;
ShoulderRight;0.6052626;0.2804585;2.984265;
ShoulderLeft;0.4651289;0.2987001;3.165663;
ElbowRight;0.6746082;0.02679465;2.879692;
ElbowLeft;0.4406439;0.0446873;3.313418;
WristRight;0.6902111;-0.2481804;2.833687;
WristLeft;0.3093069;-0.1925681;3.407603;
HandRight;0.6934687;-0.3400568;2.822807;
HandLeft;0.2603292;-0.2489961;3.409914;
Spine;0.537767;0.001290814;3.064853;
HipCenter;0.533493;-0.08127202;3.057273;
HipRight;0.561627;-0.1131672;3.008042;
HipLeft;0.5009353;-0.1457802;3.091818;
KneeRight;0.3971497;-0.609041;3.039504;
KneeLeft;0.5049904;-0.6629293;3.100535;
AnkleRight;0.3108354;-1.020304;3.020475;
AnkleLeft;0.7456405;-1.017168;3.127438;
FootRight;0.1878736;-1.055401;3.033024;
FootLeft;0.6645692;-1.082087;3.189842;
Head;0.4388347;0.6000689;3.131001;
ShoulderCenter;0.4995625;0.4172471;3.111486;
ShoulderRight;0.5746892;0.274915;2.979934;
ShoulderLeft;0.4429152;0.3015952;3.149365;
ElbowRight;0.6511361;0.01822733;2.87401;
ElbowLeft;0.3824992;0.06368949;3.307413;
WristRight;0.6844607;-0.2576718;2.828964;
WristLeft;0.2595829;-0.1929421;3.401007;
HandRight;0.6951209;-0.3404015;2.821035;
HandLeft;0.2092741;-0.2431131;3.386683;
Spine;0.4932068;-0.004934279;3.065507;
HipCenter;0.4931772;-0.08898391;3.059739;
HipRight;0.5158172;-0.1160062;3.019909;
HipLeft;0.4700868;-0.1472479;3.08938;
KneeRight;0.3389713;-0.6457339;3.05065;
KneeLeft;0.4741893;-0.664107;3.095822;
AnkleRight;0.2152749;-1.02792;3.026672;
AnkleLeft;0.7515325;-1.014115;3.127456;
FootRight;0.1047941;-1.042177;3.013851;
FootLeft;0.6645325;-1.08229;3.189894;
Head;0.3880436;0.5792457;3.125869;
ShoulderCenter;0.4806001;0.4105309;3.106646;
ShoulderRight;0.52364;0.2617512;2.972489;
ShoulderLeft;0.3770489;0.2040794;3.133661;
ElbowRight;0.6168845;-0.0224956;2.871159;
ElbowLeft;0.3523992;0.002770215;3.335765;
WristRight;0.6774715;-0.283706;2.816546;
WristLeft;0.2184479;-0.1883901;3.399024;
HandRight;0.6971046;-0.3518343;2.819419;
HandLeft;0.1763723;-0.2448538;3.390269;
Spine;0.468254;-0.02284574;3.056378;
HipCenter;0.4650209;-0.110604;3.049456;
HipRight;0.49224;-0.1468948;2.995583;
HipLeft;0.4276922;-0.1864804;3.086503;
KneeRight;0.2899382;-0.6023082;3.058456;
KneeLeft;0.4381171;-0.667509;3.091951;
AnkleRight;0.1568265;-1.027463;3.023076;
AnkleLeft;0.7408991;-0.9984685;3.125903;
FootRight;0.05264997;-1.030667;3.014671;
FootLeft;0.6723157;-1.078449;3.18106;
Head;0.3336516;0.5656201;3.119454;
ShoulderCenter;0.4313408;0.3972121;3.091618;
ShoulderRight;0.5011551;0.2583076;2.966062;
ShoulderLeft;0.3314388;0.2005267;3.121911;
ElbowRight;0.5725736;0.02395403;2.864148;
ElbowLeft;0.3175096;0.003247812;3.331869;
WristRight;0.6479012;-0.2743907;2.810782;
WristLeft;0.1925094;-0.191152;3.407956;
HandRight;0.6698998;-0.341575;2.807859;
HandLeft;0.1251472;-0.2475953;3.384923;
Spine;0.4898874;-0.02974395;3.085042;
HipCenter;0.4540272;-0.1119941;3.039712;
HipRight;0.4875519;-0.1461068;2.989207;
HipLeft;0.4198822;-0.1878061;3.077144;
KneeRight;0.2805968;-0.6047548;3.05545;
KneeLeft;0.3967339;-0.6688112;3.090128;
AnkleRight;0.1486419;-1.025808;3.023309;
AnkleLeft;0.7225684;-0.9813021;3.121879;
FootRight;0.04656412;-1.033481;3.015829;
FootLeft;0.6556334;-1.072771;3.183855;
Head;0.3203861;0.571768;3.119027;
ShoulderCenter;0.4005666;0.3932323;3.091145;
ShoulderRight;0.4506441;0.2506098;2.957273;
ShoulderLeft;0.2887992;0.1285924;3.144897;
ElbowRight;0.5561738;-0.02484168;2.852667;
ElbowLeft;0.2674291;-0.05097702;3.370303;
WristRight;0.6199157;-0.2768899;2.8063;
WristLeft;0.1349519;-0.2323577;3.408857;
HandRight;0.642893;-0.3433711;2.803659;
HandLeft;0.1055006;-0.2543171;3.385371;
Spine;0.4366428;-0.03491518;3.07927;
HipCenter;0.3936028;-0.1142784;3.039728;
HipRight;0.4342154;-0.1586665;2.989107;
HipLeft;0.3532945;-0.1862784;3.075133;
KneeRight;0.2465458;-0.6018723;3.069064;
KneeLeft;0.3879415;-0.6670083;3.092017;
AnkleRight;0.1436355;-1.023173;3.022101;
AnkleLeft;0.7181295;-0.9787779;3.122228;
FootRight;0.03845401;-1.043223;3.023242;
FootLeft;0.6609294;-1.067527;3.198024;
Head;0.2637074;0.5608836;3.119934;
ShoulderCenter;0.3532403;0.3856931;3.081782;
ShoulderRight;0.4318093;0.2503206;2.960104;
ShoulderLeft;0.2609988;0.2163095;3.117443;
ElbowRight;0.5164136;-0.03971517;2.858186;
ElbowLeft;0.237635;-0.0005819947;3.309396;
WristRight;0.5672178;-0.2873384;2.799793;
WristLeft;0.1299491;-0.2065292;3.384341;
HandRight;0.6044289;-0.35572;2.800368;
HandLeft;0.07972649;-0.2714039;3.383233;
Spine;0.3743166;-0.04047558;3.089657;
HipCenter;0.3337272;-0.1193391;3.047516;
HipRight;0.3662178;-0.1599786;3.009932;
HipLeft;0.2977074;-0.1727285;3.075958;
KneeRight;0.2307544;-0.6023891;3.075215;
KneeLeft;0.347515;-0.6638591;3.090723;
AnkleRight;0.1405674;-1.020723;3.022435;
AnkleLeft;0.6858791;-0.9644307;3.124072;
FootRight;0.03116524;-1.057958;3.034976;
FootLeft;0.647342;-1.065787;3.195103;
Head;0.2299803;0.5635493;3.126769;
ShoulderCenter;0.3216119;0.3917965;3.076009;
ShoulderRight;0.3724281;0.2468736;2.951105;
ShoulderLeft;0.2266713;0.210329;3.103971;
ElbowRight;0.4691096;-0.0357218;2.85511;
ElbowLeft;0.1860797;-0.01747563;3.279558;
WristRight;0.5344176;-0.2924473;2.803335;
WristLeft;0.1120865;-0.2237901;3.386211;
HandRight;0.5552792;-0.3590552;2.806129;
HandLeft;0.06493862;-0.2847381;3.383775;
Spine;0.363703;-0.03914721;3.075669;
HipCenter;0.3227236;-0.1201904;3.034608;
HipRight;0.3566676;-0.156843;3.001054;
HipLeft;0.2875013;-0.1721642;3.057376;
KneeRight;0.175589;-0.6165926;3.033118;
KneeLeft;0.325542;-0.6570145;3.085077;
AnkleRight;0.1378372;-1.020806;3.023759;
AnkleLeft;0.6597182;-0.9585289;3.127455;
FootRight;0.02569661;-1.072083;3.049478;
FootLeft;0.6243175;-1.060169;3.199062;
Head;0.1774399;0.562571;3.113004;
ShoulderCenter;0.272349;0.395212;3.065198;
ShoulderRight;0.3342393;0.2473404;2.947799;
ShoulderLeft;0.1808182;0.2113382;3.092741;
ElbowRight;0.4267019;-0.04096259;2.864267;
ElbowLeft;0.1592578;-0.02734631;3.25618;
WristRight;0.4675674;-0.3067113;2.809729;
WristLeft;0.1063465;-0.2368548;3.385016;
HandRight;0.4944592;-0.3713121;2.806472;
HandLeft;0.06124785;-0.2915369;3.38104;
Spine;0.3020067;-0.02354397;3.06616;
HipCenter;0.2622613;-0.1009991;3.023223;
HipRight;0.2930238;-0.1423656;2.983482;
HipLeft;0.2296249;-0.1518088;3.052389;
KneeRight;0.143278;-0.5564747;2.999267;
KneeLeft;0.276946;-0.6740927;3.089829;
AnkleRight;0.1281602;-1.008044;3.020986;
AnkleLeft;0.6337696;-0.9473584;3.129428;
FootRight;0.02599483;-1.076154;3.052652;
FootLeft;0.6152547;-1.05479;3.198284;
Head;0.1531119;0.5834757;3.109957;
ShoulderCenter;0.2485653;0.404667;3.061958;
ShoulderRight;0.2982143;0.2591365;2.942977;
ShoulderLeft;0.1552025;0.2211511;3.089141;
ElbowRight;0.3725043;-0.03333184;2.86232;
ElbowLeft;0.1325699;-0.01770848;3.249819;
WristRight;0.3999939;-0.279002;2.813301;
WristLeft;0.08890186;-0.2525303;3.35922;
HandRight;0.4166247;-0.3709714;2.807527;
HandLeft;0.05518179;-0.3115628;3.372195;
Spine;0.2776234;-0.0190169;3.057462;
HipCenter;0.2356928;-0.09704463;3.015349;
HipRight;0.2660111;-0.1362463;2.978249;
HipLeft;0.2021327;-0.1456003;3.041237;
KneeRight;0.09609087;-0.5409689;2.993556;
KneeLeft;0.2473443;-0.6726117;3.080597;
AnkleRight;0.1189844;-0.9906974;3.018716;
AnkleLeft;0.5979344;-0.9424378;3.151393;
FootRight;0.03030389;-1.075613;3.043833;
FootLeft;0.6029551;-1.060659;3.204122;
Head;0.1270922;0.5864265;3.103799;
ShoulderCenter;0.2021088;0.4092147;3.057935;
ShoulderRight;0.2706616;0.2600199;2.938955;
ShoulderLeft;0.1097453;0.2253338;3.085195;
ElbowRight;0.3115832;-0.04188162;2.863741;
ElbowLeft;0.07241118;-0.08030319;3.045092;
WristRight;0.3277842;-0.3049452;2.828105;
WristLeft;0.0616394;-0.2553312;3.28347;
HandRight;0.3518456;-0.3773423;2.80536;
HandLeft;0.02015381;-0.2420286;3.337402;
Spine;0.2207351;-0.01421045;3.063915;
HipCenter;0.1803012;-0.09213896;3.02147;
HipRight;0.2150884;-0.1292748;2.992535;
HipLeft;0.1421973;-0.1370682;3.042013;
KneeRight;0.08150865;-0.5478046;2.991928;
KneeLeft;0.2121253;-0.6953742;3.081187;
AnkleRight;0.1119266;-0.9999785;3.017488;
AnkleLeft;0.576663;-0.9424013;3.158485;
FootRight;0.0309378;-1.077144;3.049141;
FootLeft;0.5675671;-1.049026;3.176967;
Head;0.07706881;0.5776154;3.096795;
ShoulderCenter;0.1778664;0.4124542;3.05731;
ShoulderRight;0.2161414;0.2686229;2.927954;
ShoulderLeft;0.08481072;0.2286448;3.084532;
ElbowRight;0.2450233;0.01984993;2.862999;
ElbowLeft;0.05004551;-0.07804134;3.044588;
WristRight;0.2405026;-0.2886882;2.83534;
WristLeft;0.03941103;-0.253097;3.283872;
HandRight;0.2537227;-0.3850659;2.816686;
HandLeft;-0.02501445;-0.2790704;3.281676;
Spine;0.2021829;-0.01805583;3.061638;
HipCenter;0.1560349;-0.09838929;3.025356;
HipRight;0.1868194;-0.1310784;3.006888;
HipLeft;0.1211689;-0.138684;3.038914;
KneeRight;0.05215351;-0.5494556;2.996;
KneeLeft;0.2075428;-0.7139554;3.077923;
AnkleRight;0.1060956;-1.001757;3.016763;
AnkleLeft;0.5009884;-0.9346279;3.168838;
FootRight;0.03098337;-1.0778;3.050242;
FootLeft;0.4918925;-1.041252;3.18732;
Head;0.05726674;0.5922294;3.093496;
ShoulderCenter;0.14791;0.4206409;3.060909;
ShoulderRight;0.2001658;0.2672766;2.932288;
ShoulderLeft;0.0551632;0.2367622;3.088109;
ElbowRight;0.1885289;0.03258914;2.851715;
ElbowLeft;0.01919556;-0.0702748;3.048217;
WristRight;0.1286021;-0.2707655;2.844671;
WristLeft;0.008545849;-0.2452751;3.288119;
HandRight;0.1619792;-0.3233511;2.813607;
HandLeft;-0.03993419;-0.2944148;3.27922;
Spine;0.1533588;-0.004909496;3.071075;
HipCenter;0.1076045;-0.08285244;3.033221;
HipRight;0.1360118;-0.1179197;3.008016;
HipLeft;0.07415368;-0.1265592;3.05164;
KneeRight;0.1166584;-0.6163644;3.011828;
KneeLeft;0.1847234;-0.6996808;3.083629;
AnkleRight;0.1245046;-1.019394;3.022102;
AnkleLeft;0.433319;-0.9176891;3.1697;
FootRight;0.03403749;-1.077317;3.04229;
FootLeft;0.3976877;-1.025663;3.185884;
Head;0.006667979;0.5974979;3.110369;
ShoulderCenter;0.09839033;0.4254637;3.056403;
ShoulderRight;0.163542;0.2674329;2.929934;
ShoulderLeft;0.005514346;0.241621;3.083618;
ElbowRight;0.1341783;0.03728295;2.851699;
ElbowLeft;-0.02976314;-0.06588995;3.043671;
WristRight;0.08377916;-0.239142;2.83058;
WristLeft;-0.04037562;-0.2409475;3.284005;
HandRight;0.06004462;-0.3288786;2.817193;
HandLeft;-0.09567632;-0.2821269;3.276862;
Spine;0.1233391;-0.01939043;3.078923;
HipCenter;0.08182359;-0.1056846;3.043203;
HipRight;0.117806;-0.1401705;3.01173;
HipLeft;0.03871802;-0.1606358;3.072789;
KneeRight;0.1145804;-0.6170827;3.011325;
KneeLeft;-0.05182203;-0.5939143;3.241611;
AnkleRight;0.124801;-1.018883;3.023192;
AnkleLeft;0.2347219;-0.9520372;3.174457;
FootRight;0.03389965;-1.077093;3.042764;
FootLeft;0.24987;-1.062713;3.188076;
Head;-0.00381469;0.6030153;3.100889;
ShoulderCenter;0.08324108;0.4272909;3.060199;
ShoulderRight;0.1374407;0.2726001;2.92873;
ShoulderLeft;-0.0181944;0.2952743;3.095693;
ElbowRight;0.08061108;0.04126699;2.843029;
ElbowLeft;-0.05384856;-0.01270145;3.055702;
WristRight;0.004043393;-0.2182693;2.828857;
WristLeft;-0.0644528;-0.1877782;3.296639;
HandRight;-0.02834337;-0.304836;2.814242;
HandLeft;-0.1189036;-0.2298308;3.289541;
Spine;0.08294022;0.02426428;3.076949;
HipCenter;0.04057805;-0.04955844;3.040751;
HipRight;0.06958365;-0.09825058;2.997757;
HipLeft;0.004991865;-0.1030561;3.075763;
KneeRight;0.1068396;-0.6261127;3.009611;
KneeLeft;-0.07943532;-0.5994505;3.228853;
AnkleRight;0.1221396;-1.01761;3.023278;
AnkleLeft;0.2297853;-0.9428061;3.187344;
FootRight;0.0354296;-1.075369;3.046267;
FootLeft;0.2313715;-1.069969;3.192707;
Head;-0.03653192;0.6098214;3.100102;
ShoulderCenter;0.02622049;0.4267578;3.068853;
ShoulderRight;0.1078811;0.2803722;2.926745;
ShoulderLeft;-0.05936552;0.2934838;3.100847;
ElbowRight;0.02385325;0.03457887;2.840163;
ElbowLeft;-0.0948551;-0.01307034;3.061006;
WristRight;-0.09470981;-0.214714;2.817466;
WristLeft;-0.1055168;-0.1880988;3.300287;
HandRight;-0.1279347;-0.3002037;2.80027;
HandLeft;-0.1598174;-0.2300353;3.293207;
Spine;0.059174;-0.003388162;3.081224;
HipCenter;0.01855128;-0.08825433;3.044663;
HipRight;0.06657134;-0.1109157;2.999063;
HipLeft;-0.03072074;-0.150346;3.082277;
KneeRight;0.09125818;-0.6418688;3.015009;
KneeLeft;-0.1161027;-0.6335315;3.221465;
AnkleRight;0.1173466;-1.014742;3.026389;
AnkleLeft;0.04088856;-0.9347036;3.202867;
FootRight;0.04269098;-1.072254;3.034369;
FootLeft;0.02346535;-1.061435;3.205782;
Head;-0.05903702;0.6083882;3.104178;
ShoulderCenter;-0.008474702;0.3551109;3.060664;
ShoulderRight;0.07123127;0.28962;2.931029;
ShoulderLeft;-0.09804636;0.2216634;3.093182;
ElbowRight;-0.03712167;0.04033801;2.841735;
ElbowLeft;-0.1336687;-0.0860377;3.053301;
WristRight;-0.1715408;-0.2116545;2.808561;
WristLeft;-0.1442842;-0.261106;3.293958;
HandRight;-0.2161524;-0.2929235;2.801418;
HandLeft;-0.1983905;-0.3028926;3.286905;
Spine;0.02173;-0.04276666;3.071448;
HipCenter;-0.01391037;-0.1161685;3.034055;
HipRight;0.01838774;-0.1448112;3.011555;
HipLeft;-0.05143285;-0.177421;3.048039;
KneeRight;0.06469849;-0.6505729;3.026453;
KneeLeft;-0.1266288;-0.6983947;3.210375;
AnkleRight;0.1137074;-1.013591;3.026551;
AnkleLeft;-0.01446337;-1.043825;3.162015;
FootRight;0.04514842;-1.076188;3.014896;
FootLeft;-0.05648832;-1.113499;3.208209;
Head;-0.0256177;0.5702298;3.096299;
ShoulderCenter;-0.04566064;0.3120667;3.072019;
ShoulderRight;0.01970332;0.2854297;2.930337;
ShoulderLeft;-0.1352323;0.1786192;3.104537;
ElbowRight;-0.1101099;0.01183283;2.839476;
ElbowLeft;-0.1707514;-0.1281897;3.064683;
WristRight;-0.2497021;-0.2211737;2.805884;
WristLeft;-0.2579781;-0.2588295;2.798574;
HandRight;-0.2995356;-0.2996945;2.807638;
HandLeft;-0.2767153;-0.3237492;2.811264;
Spine;-0.009673465;-0.03792234;3.108438;
HipCenter;-0.04926649;-0.1066965;3.078494;
HipRight;-0.0293058;-0.1535203;3.057945;
HipLeft;-0.07012684;-0.1643532;3.096946;
KneeRight;0.04262652;-0.6510007;3.028383;
KneeLeft;-0.1815977;-0.6808615;3.21097;
AnkleRight;0.1121573;-1.013606;3.025634;
AnkleLeft;-0.1280278;-1.032428;3.189839;
FootRight;0.04015964;-1.074579;3.036467;
FootLeft;-0.1983066;-1.101498;3.260609;
Head;-0.06510556;0.5572451;3.111331;
ShoulderCenter;-0.06957416;0.3138334;3.074494;
ShoulderRight;-0.008332927;0.2864622;2.939319;
ShoulderLeft;-0.1591458;0.1803859;3.107011;
ElbowRight;-0.1580771;0.02797768;2.835916;
ElbowLeft;-0.2170684;-0.05751628;2.891271;
WristRight;-0.3238599;-0.2119092;2.812215;
WristLeft;-0.3564793;-0.2623512;2.803903;
HandRight;-0.3800232;-0.2767052;2.811592;
HandLeft;-0.3933476;-0.317716;2.820072;
Spine;-0.03125206;-0.03860676;3.110737;
HipCenter;-0.07013091;-0.1081227;3.080417;
HipRight;-0.05303717;-0.1551501;3.06514;
HipLeft;-0.08884221;-0.1605165;3.094322;
KneeRight;-0.002080193;-0.6497605;3.041734;
KneeLeft;-0.2303635;-0.6460669;3.199945;
AnkleRight;0.1090781;-1.014324;3.025016;
AnkleLeft;-0.2504945;-1.038715;3.182442;
FootRight;0.04951834;-1.084182;3.007227;
FootLeft;-0.3617094;-1.080949;3.225489;
Head;-0.08980807;0.549508;3.114854;
ShoulderCenter;-0.1212042;0.284155;3.080247;
ShoulderRight;-0.06831709;0.2786785;2.935969;
ShoulderLeft;-0.2107759;0.1507076;3.112765;
ElbowRight;-0.1919559;0.03337535;2.834893;
ElbowLeft;-0.3105321;-0.06053483;2.88482;
WristRight;-0.3835171;-0.2060347;2.826812;
WristLeft;-0.4246782;-0.2518094;2.827848;
HandRight;-0.4477532;-0.2704846;2.84275;
HandLeft;-0.4743885;-0.2950561;2.845761;
Spine;-0.07950249;-0.04498257;3.114372;
HipCenter;-0.119791;-0.1101038;3.086165;
HipRight;-0.1056043;-0.164948;3.060436;
HipLeft;-0.1322757;-0.1719196;3.108803;
KneeRight;-0.02688612;-0.6514653;3.049679;
KneeLeft;-0.2668069;-0.7319796;3.190546;
AnkleRight;0.1054785;-1.014518;3.025367;
AnkleLeft;-0.375682;-1.050058;3.175493;
FootRight;0.04764212;-1.084862;3.004196;
FootLeft;-0.488066;-1.077005;3.22692;
Head;-0.1243043;0.5995231;3.119955;
ShoulderCenter;-0.1458489;0.3604012;3.08128;
ShoulderRight;-0.09698583;0.2774944;2.937997;
ShoulderLeft;-0.2354206;0.2269537;3.113798;
ElbowRight;-0.2437102;0.0389039;2.826816;
ElbowLeft;-0.3389046;-0.002545163;2.911029;
WristRight;-0.434794;-0.1795667;2.838155;
WristLeft;-0.4781041;-0.2137188;2.843249;
HandRight;-0.4989137;-0.2438999;2.854064;
HandLeft;-0.5331213;-0.2538188;2.84001;
Spine;-0.09939338;-0.0314187;3.090007;
HipCenter;-0.1405287;-0.1044754;3.056832;
HipRight;-0.1232453;-0.148146;3.017917;
HipLeft;-0.1642501;-0.1510604;3.077429;
KneeRight;-0.05653985;-0.6569996;3.058984;
KneeLeft;-0.3008656;-0.6401561;3.177474;
AnkleRight;0.1031245;-1.013731;3.02396;
AnkleLeft;-0.467247;-1.033008;3.177205;
FootRight;0.04782994;-1.085973;3.002451;
FootLeft;-0.5781494;-1.055118;3.233847;
Head;-0.167576;0.6239926;3.118227;
ShoulderCenter;-0.1880624;0.4272167;3.084144;
ShoulderRight;-0.1444656;0.2726688;2.943811;
ShoulderLeft;-0.2776341;0.2937693;3.116661;
ElbowRight;-0.2795823;0.03494736;2.828634;
ElbowLeft;-0.3847449;0.046914;2.944189;
WristRight;-0.4849755;-0.1650851;2.849134;
WristLeft;-0.5351626;-0.208343;2.857633;
HandRight;-0.5666183;-0.2075344;2.855096;
HandLeft;-0.595267;-0.2404469;2.859093;
Spine;-0.1384167;0.04569405;3.081763;
HipCenter;-0.1774509;-0.0273726;3.046815;
HipRight;-0.1493445;-0.1078209;2.971066;
HipLeft;-0.2019277;-0.1024136;3.104695;
KneeRight;-0.09406918;-0.656776;3.065446;
KneeLeft;-0.3469415;-0.6604201;3.181113;
AnkleRight;0.1012298;-1.014451;3.024044;
AnkleLeft;-0.544549;-1.043205;3.191993;
FootRight;0.04808291;-1.087686;3.002553;
FootLeft;-0.6479078;-1.048142;3.218696;
Head;-0.3058521;0.58614;3.116655;
ShoulderCenter;-0.2147892;0.4102819;3.085925;
ShoulderRight;-0.1696418;0.2666704;2.950353;
ShoulderLeft;-0.3043609;0.2768345;3.118442;
ElbowRight;-0.3012428;0.03964466;2.835675;
ElbowLeft;-0.4418213;0.03553055;2.965066;
WristRight;-0.5315495;-0.1535454;2.867145;
WristLeft;-0.5845137;-0.1965748;2.866802;
HandRight;-0.6132657;-0.1960329;2.873112;
HandLeft;-0.6432062;-0.2309795;2.861782;
Spine;-0.1704145;-0.009382899;3.068393;
HipCenter;-0.2083546;-0.08749482;3.029531;
HipRight;-0.1732732;-0.1324561;2.974581;
HipLeft;-0.235622;-0.1468403;3.06788;
KneeRight;-0.1012685;-0.6556166;3.063046;
KneeLeft;-0.3650815;-0.6660995;3.177992;
AnkleRight;0.09941261;-1.014174;3.022722;
AnkleLeft;-0.5448022;-1.038957;3.183481;
FootRight;0.04781087;-1.088122;3.001462;
FootLeft;-0.6625918;-1.064533;3.217867;
Head;-0.2576072;0.6043844;3.110227;
ShoulderCenter;-0.2544298;0.4072937;3.090586;
ShoulderRight;-0.2035862;0.2632731;2.951975;
ShoulderLeft;-0.3440014;0.2738463;3.123104;
ElbowRight;-0.3522089;0.03225974;2.841347;
ElbowLeft;-0.4612023;0.02713257;2.962213;
WristRight;-0.5511013;-0.1582178;2.865611;
WristLeft;-0.6198844;-0.2000219;2.86767;
HandRight;-0.6327762;-0.2006837;2.871576;
HandLeft;-0.6766542;-0.2376952;2.865045;
Spine;-0.1908082;0.02682211;3.067019;
HipCenter;-0.2275189;-0.04053821;3.026127;
HipRight;-0.1890977;-0.1157761;2.95447;
HipLeft;-0.246007;-0.127662;3.073963;
KneeRight;-0.1160976;-0.6624166;3.058986;
KneeLeft;-0.4128295;-0.645488;3.170182;
AnkleRight;0.09591639;-1.014758;3.021036;
AnkleLeft;-0.5381985;-1.030105;3.163899;
FootRight;0.04581785;-1.087961;2.996714;
FootLeft;-0.6196831;-1.068447;3.182612;
Head;-0.2818212;0.595775;3.113359;
ShoulderCenter;-0.3063636;0.4001106;3.094524;
ShoulderRight;-0.2588729;0.2541544;2.959584;
ShoulderLeft;-0.3959352;0.2666632;3.127041;
ElbowRight;-0.3918755;0.02623277;2.852412;
ElbowLeft;-0.5051646;0.02175871;2.958181;
WristRight;-0.5573145;-0.1471731;2.864981;
WristLeft;-0.6429253;-0.2025823;2.868475;
HandRight;-0.6389681;-0.189628;2.870944;
HandLeft;-0.7034736;-0.2319827;2.857701;
Spine;-0.2593865;-0.008938277;3.085001;
HipCenter;-0.2978102;-0.08654796;3.047298;
HipRight;-0.2678671;-0.1455831;2.987408;
HipLeft;-0.3255889;-0.1506625;3.091454;
KneeRight;-0.1313034;-0.6642514;3.043636;
KneeLeft;-0.4274134;-0.6430683;3.168699;
AnkleRight;0.07931702;-1.013079;3.023527;
AnkleLeft;-0.539696;-1.030629;3.16347;
FootRight;0.04550281;-1.090694;2.989067;
FootLeft;-0.6199918;-1.070192;3.186883;
Head;-0.3118446;0.6018836;3.115183;
ShoulderCenter;-0.3239822;0.4051772;3.096236;
ShoulderRight;-0.2894121;0.2577287;2.966187;
ShoulderLeft;-0.4135539;0.2717298;3.128754;
ElbowRight;-0.4038853;0.03006586;2.858169;
ElbowLeft;-0.533733;0.0224895;2.981307;
WristRight;-0.6099607;-0.1610549;2.866836;
WristLeft;-0.6685424;-0.2074064;2.865784;
HandRight;-0.6803932;-0.2066157;2.869205;
HandLeft;-0.7236605;-0.2464383;2.859286;
Spine;-0.2897094;-0.0113054;3.084812;
HipCenter;-0.3325565;-0.08939752;3.048252;
HipRight;-0.3124785;-0.1410512;2.998557;
HipLeft;-0.3582156;-0.1450798;3.085758;
KneeRight;-0.1754021;-0.6668085;3.016229;
KneeLeft;-0.489465;-0.6514636;3.182729;
AnkleRight;0.06899153;-1.013079;3.022613;
AnkleLeft;-0.544119;-1.028411;3.163121;
FootRight;0.04941883;-1.095622;2.990187;
FootLeft;-0.617048;-1.077598;3.1857;
Head;-0.4543819;0.6030024;3.13005;
ShoulderCenter;-0.374436;0.4243197;3.104588;
ShoulderRight;-0.3350446;0.2672625;2.975596;
ShoulderLeft;-0.4640076;0.2908723;3.137105;
ElbowRight;-0.4399482;0.02999337;2.868865;
ElbowLeft;-0.574402;0.03910598;2.988727;
WristRight;-0.6206021;-0.1685564;2.870324;
WristLeft;-0.6883096;-0.2192512;2.873515;
HandRight;-0.6987522;-0.2160006;2.872146;
HandLeft;-0.7432213;-0.2584296;2.869286;
Spine;-0.3235098;0.001859411;3.087322;
HipCenter;-0.3610109;-0.07870733;3.048645;
HipRight;-0.3326295;-0.1345746;2.993782;
HipLeft;-0.3840889;-0.1398149;3.088482;
KneeRight;-0.2611894;-0.6743746;3.033447;
KneeLeft;-0.5021025;-0.6496595;3.180528;
AnkleRight;0.04291753;-1.008695;3.025403;
AnkleLeft;-0.5520143;-1.02797;3.164019;
FootRight;-0.01018343;-1.077893;3.062879;
FootLeft;-0.6194794;-1.082822;3.188965;
Head;-0.4647391;0.6062489;3.131447;
ShoulderCenter;-0.3975458;0.42138;3.104219;
ShoulderRight;-0.3583446;0.2689286;2.974406;
ShoulderLeft;-0.4295226;0.2228116;2.913911;
ElbowRight;-0.4633251;0.02513993;2.874339;
ElbowLeft;-0.5431641;-0.02790663;2.765985;
WristRight;-0.645408;-0.1971603;2.869718;
WristLeft;-0.7079115;-0.2458533;2.869272;
HandRight;-0.6977127;-0.2724543;2.871792;
HandLeft;-0.7333116;-0.3085647;2.873299;
Spine;-0.4193787;-0.004654475;3.097584;
HipCenter;-0.3866515;-0.08241976;3.050359;
HipRight;-0.3830113;-0.1359413;2.989943;
HipLeft;-0.3960381;-0.1427229;3.092721;
KneeRight;-0.381945;-0.5874763;3.006364;
KneeLeft;-0.5318678;-0.6736247;3.165892;
AnkleRight;-0.0717327;-0.9204432;3.021947;
AnkleLeft;-0.5531718;-1.028204;3.164663;
FootRight;-0.05628815;-1.035338;3.06022;
FootLeft;-0.4941278;-1.071029;3.08753;
Head;-0.501396;0.6079109;3.143369;
ShoulderCenter;-0.4289571;0.4242157;3.109539;
ShoulderRight;-0.3990393;0.2733828;2.974472;
ShoulderLeft;-0.4354568;0.2970046;2.934752;
ElbowRight;-0.4829014;0.02574546;2.883588;
ElbowLeft;-0.536894;0.0156574;2.895714;
WristRight;-0.6479273;-0.2026033;2.871414;
WristLeft;-0.6914354;-0.2402469;2.867692;
HandRight;-0.6919551;-0.2830913;2.871485;
HandLeft;-0.7103189;-0.3046494;2.877384;
Spine;-0.4357006;0.002241043;3.081224;
HipCenter;-0.3913556;-0.07094756;3.040523;
HipRight;-0.3819849;-0.1203638;2.972651;
HipLeft;-0.3971434;-0.1355826;3.086881;
KneeRight;-0.4293666;-0.5864837;2.993117;
KneeLeft;-0.5388412;-0.6501182;3.108331;
AnkleRight;-0.117879;-0.9159681;3.032436;
AnkleLeft;-0.5569215;-1.029317;3.165056;
FootRight;-0.09339563;-1.033562;3.052653;
FootLeft;-0.4800674;-1.070812;3.105138;
Head;-0.4856246;0.6251636;3.141282;
ShoulderCenter;-0.4765415;0.4276678;3.112704;
ShoulderRight;-0.4347587;0.2761277;2.979904;
ShoulderLeft;-0.4345974;0.3050853;2.942095;
ElbowRight;-0.5050352;0.02771625;2.893485;
ElbowLeft;-0.4953169;0.03472021;2.795362;
WristRight;-0.6474787;-0.2024315;2.871891;
WristLeft;-0.6468106;-0.2144589;2.85508;
HandRight;-0.6840794;-0.2867496;2.871934;
HandLeft;-0.6601253;-0.2809648;2.859026;
Spine;-0.5255833;0.007122442;3.061971;
HipCenter;-0.4726632;-0.07660276;3.056017;
HipRight;-0.4715443;-0.1241904;2.998668;
HipLeft;-0.4727761;-0.1313811;3.098829;
KneeRight;-0.4840146;-0.6249994;3.002843;
KneeLeft;-0.5839986;-0.6679615;3.04586;
AnkleRight;-0.1515553;-0.9340742;3.04259;
AnkleLeft;-0.5618204;-1.029147;3.165831;
FootRight;-0.1724486;-1.050672;3.052059;
FootLeft;-0.6134697;-1.088976;3.208743;
Head;-0.5286503;0.6208235;3.122425;
ShoulderCenter;-0.500548;0.4276977;3.116109;
ShoulderRight;-0.4555102;0.2761711;2.979995;
ShoulderLeft;-0.5572593;0.2712229;2.969717;
ElbowRight;-0.5208888;0.02817399;2.89673;
ElbowLeft;-0.594587;-0.02628186;2.917463;
WristRight;-0.6420529;-0.1975495;2.871967;
WristLeft;-0.6688068;-0.2501072;2.870287;
HandRight;-0.6797554;-0.2815356;2.87018;
HandLeft;-0.6819297;-0.3168432;2.872723;
Spine;-0.4901096;-0.01142106;3.110109;
HipCenter;-0.4835702;-0.09015149;3.050521;
HipRight;-0.4709522;-0.1259834;3.003357;
HipLeft;-0.5071858;-0.1372491;3.070628;
KneeRight;-0.4805638;-0.7051697;3.014339;
KneeLeft;-0.6303684;-0.6606381;3.009573;
AnkleRight;-0.2282079;-0.9268531;3.031425;
AnkleLeft;-0.5618988;-1.028966;3.166477;
FootRight;-0.2756213;-1.037962;3.04015;
FootLeft;-0.6121495;-1.091925;3.206202;
Head;-0.5230013;0.6269094;3.131401;
ShoulderCenter;-0.5323106;0.4306531;3.1191;
ShoulderRight;-0.4971609;0.2808086;2.987337;
ShoulderLeft;-0.472993;0.3387831;2.988618;
ElbowRight;-0.536045;0.0324565;2.899072;
ElbowLeft;-0.4842064;0.04017439;2.931214;
WristRight;-0.6308816;-0.1676333;2.87059;
WristLeft;-0.5401821;-0.2517042;2.874377;
HandRight;-0.661615;-0.2544449;2.868782;
HandLeft;-0.5539041;-0.3183694;2.875933;
Spine;-0.5294828;-0.008115022;3.000441;
HipCenter;-0.5096068;-0.10575;3.039093;
HipRight;-0.5153248;-0.1206859;3.018036;
HipLeft;-0.5101738;-0.1386202;3.058623;
KneeRight;-0.5140349;-0.7051955;3.029497;
KneeLeft;-0.646047;-0.6879913;2.993156;
AnkleRight;-0.299224;-0.9651089;3.029832;
AnkleLeft;-0.5615413;-1.027768;3.16784;
FootRight;-0.3721832;-1.056662;3.063902;
FootLeft;-0.6158032;-1.08726;3.208309;
Head;-0.5515665;0.6322067;3.140209;
ShoulderCenter;-0.5749791;0.4350304;3.114824;
ShoulderRight;-0.510416;0.2816291;2.987145;
ShoulderLeft;-0.4936189;0.3280604;2.977674;
ElbowRight;-0.5556616;0.03259256;2.902323;
ElbowLeft;-0.4394916;0.05921039;3.069469;
WristRight;-0.6344061;-0.2218881;2.869996;
WristLeft;-0.4414401;-0.2289004;3.137434;
HandRight;-0.6645285;-0.3088504;2.86448;
HandLeft;-0.4551752;-0.2956291;3.138992;
Spine;-0.5398028;-0.009804299;3.012897;
HipCenter;-0.4984197;-0.09863013;3.05087;
HipRight;-0.4934471;-0.1322183;3.011066;
HipLeft;-0.4820847;-0.1448482;3.095455;
KneeRight;-0.6620776;-0.6340115;3.036755;
KneeLeft;-0.5478283;-0.6363339;3.194449;
AnkleRight;-0.4539213;-0.989703;3.065506;
AnkleLeft;-0.5797083;-1.042835;3.167422;
FootRight;-0.4967101;-1.074283;3.081656;
FootLeft;-0.6289681;-1.096956;3.219559;
Head;-0.5787519;0.634149;3.164804;
ShoulderCenter;-0.5947038;0.435046;3.118716;
ShoulderRight;-0.5776976;0.2848875;2.982092;
ShoulderLeft;-0.5168936;0.2811756;2.966131;
ElbowRight;-0.5711251;0.02375586;2.905631;
ElbowLeft;-0.5224537;-0.01805517;2.931647;
WristRight;-0.6389766;-0.234263;2.873502;
WristLeft;-0.5865883;-0.2279008;2.888395;
HandRight;-0.6656255;-0.3221593;2.865443;
HandLeft;-0.6003239;-0.294632;2.889953;
Spine;-0.5715498;0.03710445;3.027194;
HipCenter;-0.5491025;-0.04866098;3.07274;
HipRight;-0.5505463;-0.1134464;2.996662;
HipLeft;-0.5305176;-0.129322;3.129839;
KneeRight;-0.7764958;-0.5806125;3.010933;
KneeLeft;-0.5927205;-0.6429381;3.195953;
AnkleRight;-0.5527481;-0.9723562;3.061768;
AnkleLeft;-0.545321;-0.9773613;3.141593;
FootRight;-0.5984414;-1.077923;3.101011;
FootLeft;-0.6133143;-1.077865;3.13465;
Head;-0.6282443;0.6299782;3.136;
ShoulderCenter;-0.6317345;0.4320445;3.120944;
ShoulderRight;-0.5920004;0.2850042;2.986991;
ShoulderLeft;-0.5941386;0.2889671;2.935852;
ElbowRight;-0.5907524;0.01379674;2.910677;
ElbowLeft;-0.599693;-0.009957314;2.901341;
WristRight;-0.6397429;-0.232753;2.874418;
WristLeft;-0.6636624;-0.2196239;2.858143;
HandRight;-0.6495909;-0.3238363;2.863745;
HandLeft;-0.677403;-0.2863794;2.859701;
Spine;-0.6913673;0.03134016;3.091913;
HipCenter;-0.6392942;-0.04941905;3.087023;
HipRight;-0.642311;-0.108613;3.019772;
HipLeft;-0.636723;-0.1187805;3.141107;
KneeRight;-0.8011028;-0.5899999;3.022791;
KneeLeft;-0.623732;-0.6564729;3.199374;
AnkleRight;-0.6243807;-1.00008;3.09587;
AnkleLeft;-0.5723277;-0.9902334;3.144681;
FootRight;-0.5295922;-1.046705;3.091895;
FootLeft;-0.6408194;-1.090433;3.137803;
Head;-0.641292;0.6179569;3.107586;
ShoulderCenter;-0.6687323;0.4262774;3.11508;
ShoulderRight;-0.6314133;0.2824799;2.982831;
ShoulderLeft;-0.6217992;0.2843222;2.930511;
ElbowRight;-0.6054755;0.005424974;2.91537;
ElbowLeft;-0.6563526;-0.0122709;2.893782;
WristRight;-0.6440307;-0.2304178;2.875456;
WristLeft;-0.7248471;-0.2206133;2.853454;
HandRight;-0.6498766;-0.3219485;2.865372;
HandLeft;-0.738593;-0.2873949;2.855014;
Spine;-0.720845;-0.03114684;3.065039;
HipCenter;-0.6683258;-0.1236479;3.070199;
HipRight;-0.665595;-0.1337235;3.039635;
HipLeft;-0.6676458;-0.1585686;3.09313;
KneeRight;-0.8621601;-0.6010793;3.038543;
KneeLeft;-0.6724311;-0.6461892;3.176812;
AnkleRight;-0.6790138;-1.008503;3.115255;
AnkleLeft;-0.5823271;-1.035241;3.163592;
FootRight;-0.5858138;-1.055451;3.132186;
FootLeft;-0.6313553;-1.14622;3.15575;
Head;-0.6763696;0.6232814;3.11527;
ShoulderCenter;-0.6973573;0.4280567;3.112479;
ShoulderRight;-0.6632847;0.28154;2.980657;
ShoulderLeft;-0.6863743;0.2953507;2.934831;
ElbowRight;-0.6278406;-0.008814595;2.915797;
ElbowLeft;-0.6879188;-0.002711803;2.895842;
WristRight;-0.6439856;-0.2273938;2.877358;
WristLeft;-0.6330563;-0.2958144;2.876974;
HandRight;-0.6385034;-0.3192049;2.870808;
HandLeft;-0.6062157;-0.3526201;2.850562;
Spine;-0.745151;-0.007047937;3.098852;
HipCenter;-0.6997427;-0.08855005;3.072469;
HipRight;-0.6869944;-0.1298291;3.026908;
HipLeft;-0.7021424;-0.1401263;3.112356;
KneeRight;-0.9033486;-0.6103585;3.042981;
KneeLeft;-0.7300102;-0.6557595;3.155276;
AnkleRight;-0.8783962;-1.047316;3.083925;
AnkleLeft;-0.5791255;-1.034917;3.164401;
FootRight;-0.7921648;-1.091987;3.042221;
FootLeft;-0.4928941;-1.079589;3.122697;
Head;-0.7867345;0.6085727;3.088835;
ShoulderCenter;-0.746599;0.4209635;3.105097;
ShoulderRight;-0.6876883;0.2690551;2.979415;
ShoulderLeft;-0.8412462;0.1783058;3.006421;
ElbowRight;-0.6624159;0.01410029;2.909033;
ElbowLeft;-0.6747668;0.02071816;2.902198;
WristRight;-0.6512915;-0.2247234;2.88885;
WristLeft;-0.6361244;-0.2745128;2.873872;
HandRight;-0.6427046;-0.3165717;2.884666;
HandLeft;-0.6166128;-0.3397445;2.869105;
Spine;-0.7046758;-0.003128185;3.120733;
HipCenter;-0.7123718;-0.08284295;3.066858;
HipRight;-0.6831147;-0.1339765;2.996417;
HipLeft;-0.7567743;-0.1642588;3.119565;
KneeRight;-0.9291909;-0.616286;3.054408;
KneeLeft;-0.7834317;-0.6326818;3.132793;
AnkleRight;-0.9923592;-1.045691;3.088965;
AnkleLeft;-0.571697;-1.036745;3.164165;
FootRight;-1.092163;-1.097633;3.13522;
FootLeft;-0.6455086;-1.088897;3.245592;
Head;-0.7946467;0.606714;3.072727;
ShoulderCenter;-0.776406;0.4206381;3.104327;
ShoulderRight;-0.7402017;0.2711065;2.978169;
ShoulderLeft;-0.8710532;0.1779803;3.005651;
ElbowRight;-0.6867744;0.02307797;2.903428;
ElbowLeft;-0.6989663;-0.02239351;2.891243;
WristRight;-0.6589358;-0.2396333;2.882098;
WristLeft;-0.6338566;-0.3133969;2.874638;
HandRight;-0.6482335;-0.3308817;2.873777;
HandLeft;-0.605027;-0.3749911;2.879554;
Spine;-0.7470024;-0.01488381;3.115391;
HipCenter;-0.7570567;-0.09577797;3.060642;
HipRight;-0.7121389;-0.1440584;2.997416;
HipLeft;-0.7809535;-0.1697147;3.111863;
KneeRight;-1.003753;-0.6383432;3.081201;
KneeLeft;-0.8619423;-0.6688559;3.113959;
AnkleRight;-1.112384;-1.063462;3.121533;
AnkleLeft;-0.580371;-1.026082;3.161811;
FootRight;-1.233415;-1.077094;3.123183;
FootLeft;-0.6497413;-1.083681;3.243708;
Head;-0.8106074;0.60177;3.082997;
ShoulderCenter;-0.8187773;0.4065071;3.09188;
ShoulderRight;-0.7645232;0.2593646;2.969114;
ShoulderLeft;-0.7585809;0.2746858;2.928408;
ElbowRight;-0.7133027;0.01545766;2.901554;
ElbowLeft;-0.7240505;-0.02186224;2.894971;
WristRight;-0.6760918;-0.2784476;2.875012;
WristLeft;-0.6419317;-0.30892;2.878261;
HandRight;-0.6574095;-0.3494239;2.869634;
HandLeft;-0.6066077;-0.3674705;2.877973;
Spine;-0.8414443;-0.003078808;3.055534;
HipCenter;-0.7862667;-0.08173855;3.061822;
HipRight;-0.7887813;-0.1318811;2.992414;
HipLeft;-0.7852502;-0.1619424;3.115497;
KneeRight;-0.6819932;-0.6807754;3.206798;
KneeLeft;-0.8796692;-0.6749355;3.117863;
AnkleRight;-0.7906238;-1.105894;3.247132;
AnkleLeft;-0.5848624;-1.023469;3.162745;
FootRight;-0.6955419;-1.150327;3.262722;
FootLeft;-0.6526297;-1.083097;3.244848;
Head;-0.8365368;0.5963535;3.072778;
ShoulderCenter;-0.8418925;0.4017642;3.086642;
ShoulderRight;-0.8068372;0.2433986;2.959785;
ShoulderLeft;-0.8402988;0.2795018;2.93243;
ElbowRight;-0.747328;0.01517793;2.89328;
ElbowLeft;-0.7536117;-0.005993247;2.887343;
WristRight;-0.7134715;-0.2371657;2.873968;
WristLeft;-0.6722615;-0.2934561;2.875781;
HandRight;-0.6974187;-0.3283403;2.879465;
HandLeft;-0.6524025;-0.3581735;2.886549;
Spine;-0.8760997;0.0005079298;3.086034;
HipCenter;-0.8370211;-0.07334271;3.044251;
HipRight;-0.8261671;-0.1338742;2.963877;
HipLeft;-0.842299;-0.1523728;3.109228;
KneeRight;-0.690026;-0.6774684;3.206249;
KneeLeft;-0.9214787;-0.7057582;3.144092;
AnkleRight;-0.7986567;-1.102587;3.246588;
AnkleLeft;-0.5886523;-1.024121;3.167241;
FootRight;-0.9173751;-1.094893;3.218719;
FootLeft;-0.5210101;-1.067612;3.097798;
Head;-0.8867555;0.5858358;3.062779;
ShoulderCenter;-0.8940266;0.3917382;3.079545;
ShoulderRight;-0.8409325;0.2395216;2.955007;
ShoulderLeft;-0.9205098;0.2150754;2.964435;
ElbowRight;-0.7883639;-0.005666478;2.891715;
ElbowLeft;-0.8036029;-0.01306099;2.893278;
WristRight;-0.7428149;-0.2465722;2.87746;
WristLeft;-0.704963;-0.2949977;2.874817;
HandRight;-0.7183814;-0.3352302;2.879342;
HandLeft;-0.6814359;-0.357629;2.889119;
Spine;-0.8476713;-0.0375215;3.094891;
HipCenter;-0.8496288;-0.1216758;3.037944;
HipRight;-0.828477;-0.1460081;2.975441;
HipLeft;-0.858909;-0.1782306;3.085044;
KneeRight;-0.7078463;-0.6757089;3.205218;
KneeLeft;-0.9528685;-0.7013267;3.146413;
AnkleRight;-0.8164769;-1.100827;3.245544;
AnkleLeft;-0.6076987;-1.008552;3.166584;
FootRight;-0.9353423;-1.094652;3.217555;
FootLeft;-0.6208246;-1.053164;3.070969;
Head;-0.9060835;0.5951009;3.074358;
ShoulderCenter;-0.9269145;0.3958462;3.069686;
ShoulderRight;-0.8907377;0.2376612;2.950733;
ShoulderLeft;-0.883634;0.2776761;2.944598;
ElbowRight;-0.8256935;-0.04013744;2.888561;
ElbowLeft;-0.8242412;-0.01461411;2.889492;
WristRight;-0.7966968;-0.2588918;2.889752;
WristLeft;-0.7580513;-0.3065588;2.875913;
HandRight;-0.7781855;-0.3240832;2.888814;
HandLeft;-0.7245108;-0.3660368;2.879968;
Spine;-0.9366936;-0.04460433;3.002933;
HipCenter;-0.8921081;-0.133781;3.039134;
HipRight;-0.8967485;-0.1358027;3.020803;
HipLeft;-0.8873472;-0.1680465;3.057812;
KneeRight;-0.760946;-0.660955;3.204726;
KneeLeft;-0.9805403;-0.6912543;3.148664;
AnkleRight;-0.8695767;-1.086074;3.245039;
AnkleLeft;-0.6296781;-0.9942403;3.166862;
FootRight;-0.8022629;-1.133478;3.312534;
FootLeft;-0.6726912;-1.085776;3.235856;
Head;-0.9658366;0.5962831;3.088058;
ShoulderCenter;-0.9650626;0.3924598;3.064117;
ShoulderRight;-0.9105091;0.2371402;2.948122;
ShoulderLeft;-0.9533511;0.2539154;2.922781;
ElbowRight;-0.8793656;-0.001008824;2.885099;
ElbowLeft;-0.8778958;-0.03568161;2.883929;
WristRight;-0.8289555;-0.2962735;2.872992;
WristLeft;-0.8101392;-0.3271549;2.882427;
HandRight;-0.8066887;-0.3889108;2.873893;
HandLeft;-0.7512143;-0.357313;2.865633;
Spine;-0.9880496;-0.02042773;3.087771;
HipCenter;-0.9589888;-0.09875367;3.043945;
HipRight;-0.950935;-0.1482782;2.985256;
HipLeft;-0.9645143;-0.1591675;3.094915;
KneeRight;-0.8069553;-0.6393553;3.212098;
KneeLeft;-1.138555;-0.6927291;3.118963;
AnkleRight;-0.915586;-1.064474;3.252414;
AnkleLeft;-0.7462032;-0.9390866;3.156047;
FootRight;-1.032353;-1.074137;3.216351;
FootLeft;-0.6943035;-0.9837704;3.074356;
Head;-0.9747713;0.5929443;3.085525;
ShoulderCenter;-1.00677;0.3917974;3.068516;
ShoulderRight;-0.9654835;0.241595;2.955517;
ShoulderLeft;-1.018923;0.2773351;2.943284;
ElbowRight;-0.9359352;0.01476988;2.882525;
ElbowLeft;-0.9194167;-0.003238022;2.87778;
WristRight;-0.8936187;-0.2809317;2.869966;
WristLeft;-0.8754452;-0.2994878;2.877547;
HandRight;-0.8718773;-0.3704922;2.870837;
HandLeft;-0.8434905;-0.3598404;2.882675;
Spine;-1.018635;-0.05475732;3.085459;
HipCenter;-1.002952;-0.1383703;3.033522;
HipRight;-0.9950845;-0.1476677;3.023197;
HipLeft;-1.010384;-0.1592135;3.040979;
KneeRight;-0.8175146;-0.7332423;3.226095;
KneeLeft;-1.049358;-0.6760125;3.159731;
AnkleRight;-0.9261453;-1.158361;3.26641;
AnkleLeft;-0.687698;-0.9712627;3.1801;
FootRight;-1.040577;-1.140303;3.225702;
FootLeft;-0.659362;-1.015581;3.08718;
Head;-1.052821;0.6011595;3.075613;
ShoulderCenter;-1.044618;0.3998286;3.072643;
ShoulderRight;-0.9889886;0.2408859;2.948846;
ShoulderLeft;-1.021842;0.2789641;2.942111;
ElbowRight;-0.9674495;-0.007079449;2.889169;
ElbowLeft;-0.9638757;-0.01436338;2.884703;
WristRight;-0.9251331;-0.3027811;2.876604;
WristLeft;-0.9146089;-0.3101152;2.886417;
HandRight;-0.9033916;-0.3923416;2.877475;
HandLeft;-0.942777;-0.3655214;2.858132;
Spine;-1.061115;-0.02835309;3.093569;
HipCenter;-1.045707;-0.1091909;3.043347;
HipRight;-1.037014;-0.1476279;3.001909;
HipLeft;-1.052478;-0.150693;3.078409;
KneeRight;-0.9377121;-0.5281774;3.234136;
KneeLeft;-1.062601;-0.6627433;3.166737;
AnkleRight;-1.046343;-0.9532961;3.274439;
AnkleLeft;-0.7116402;-0.9694258;3.19062;
FootRight;-1.143335;-1.006745;3.221432;
FootLeft;-0.6823558;-1.014013;3.09814;
Head;-1.067924;0.6081468;3.078808;
ShoulderCenter;-1.083644;0.4051359;3.066011;
ShoulderRight;-1.035359;0.2524732;2.959283;
ShoulderLeft;-1.035597;0.2830666;2.942719;
ElbowRight;-1.028829;-0.005492182;2.902898;
ElbowLeft;-0.9968095;-0.01474321;2.893819;
WristRight;-1.029104;-0.2677172;2.894414;
WristLeft;-0.954816;-0.3122793;2.895446;
HandRight;-1.007362;-0.3572777;2.895285;
HandLeft;-1.019959;-0.3248149;2.87942;
Spine;-1.111239;-0.02100431;3.037717;
HipCenter;-1.057663;-0.1036107;3.039696;
HipRight;-1.051074;-0.1402225;2.997382;
HipLeft;-1.061249;-0.147972;3.075392;
KneeRight;-1.019714;-0.53675;3.229329;
KneeLeft;-1.131895;-0.6852133;3.177699;
AnkleRight;-1.128345;-0.9618686;3.269623;
AnkleLeft;-0.750353;-0.9549642;3.198533;
FootRight;-1.031674;-1.006775;3.276309;
FootLeft;-0.7110525;-1.036678;3.202945;
Head;-1.103999;0.6151742;3.095816;
ShoulderCenter;-1.116379;0.4112545;3.079619;
ShoulderRight;-1.029971;0.2877475;3.066777;
ShoulderLeft;-1.124683;0.2577496;2.941563;
ElbowRight;-1.087922;0.02083176;2.911738;
ElbowLeft;-1.109931;0.04880123;2.837969;
WristRight;-1.149467;-0.2733719;2.898111;
WristLeft;-1.062879;-0.2231755;2.871534;
HandRight;-1.17273;-0.3610273;2.905242;
HandLeft;-1.047195;-0.3138344;2.887743;
Spine;-1.164853;-0.01249013;3.076299;
HipCenter;-1.125278;-0.09441824;3.041722;
HipRight;-1.106373;-0.1362282;2.999263;
HipLeft;-1.144703;-0.1395762;3.074675;
KneeRight;-1.049137;-0.5314142;3.21747;
KneeLeft;-1.153945;-0.6948145;3.182827;
AnkleRight;-1.157767;-0.9565328;3.25775;
AnkleLeft;-0.7840009;-0.9641822;3.209188;
FootRight;-1.246664;-1.028043;3.212352;
FootLeft;-0.763924;-1.052677;3.210767;
Head;-1.176882;0.6200057;3.058838;
ShoulderCenter;-1.162575;0.4301217;3.094473;
ShoulderRight;-1.050925;0.2888585;3.078105;
ShoulderLeft;-1.153728;0.2818235;2.934203;
ElbowRight;-1.133624;0.03369826;2.912977;
ElbowLeft;-1.161837;0.07341895;2.828175;
WristRight;-1.228785;-0.2512815;2.904758;
WristLeft;-1.108402;-0.2195576;2.853416;
HandRight;-1.260505;-0.3462748;2.907043;
HandLeft;-1.09059;-0.3172165;2.866854;
Spine;-1.166514;-0.0109756;3.073997;
HipCenter;-1.123647;-0.0881965;3.039816;
HipRight;-1.098508;-0.1348312;2.985554;
HipLeft;-1.143858;-0.1392353;3.075814;
KneeRight;-1.142418;-0.5433632;3.213042;
KneeLeft;-1.202628;-0.709314;3.199641;
AnkleRight;-1.228672;-1.006506;3.184007;
AnkleLeft;-0.8597036;-0.9396837;3.216149;
FootRight;-1.300375;-1.093799;3.136664;
FootLeft;-0.8396764;-1.02796;3.217725;
Head;-1.238623;0.6164181;3.079299;
ShoulderCenter;-1.182403;0.4224088;3.081732;
ShoulderRight;-1.105501;0.3080668;3.086006;
ShoulderLeft;-1.174485;0.2900074;2.930507;
ElbowRight;-1.189156;0.06093024;2.906048;
ElbowLeft;-1.223982;0.05494172;2.848782;
WristRight;-1.295309;-0.2200112;2.869015;
WristLeft;-1.277929;-0.2405866;2.854456;
HandRight;-1.330694;-0.3136584;2.861699;
HandLeft;-1.301198;-0.3047194;2.860372;
Spine;-1.193547;0.005676849;3.062;
HipCenter;-1.141464;-0.06993777;3.037152;
HipRight;-1.114851;-0.130429;2.962965;
HipLeft;-1.156771;-0.1513515;3.091139;
KneeRight;-1.195051;-0.5639452;3.211222;
KneeLeft;-1.316736;-0.7039903;3.209933;
AnkleRight;-1.255172;-1.030249;3.142675;
AnkleLeft;-0.9461235;-0.9449875;3.227328;
FootRight;-1.309974;-1.105721;3.130323;
FootLeft;-0.857179;-0.9873828;3.186973;
Head;-1.237753;0.6257118;3.067951;
ShoulderCenter;-1.220818;0.4264847;3.079186;
ShoulderRight;-1.106719;0.3093022;3.115873;
ShoulderLeft;-1.196055;0.295911;2.932912;
ElbowRight;-1.225036;0.08385906;2.925981;
ElbowLeft;-1.281962;0.008966535;2.875219;
WristRight;-1.356947;-0.1797294;2.850676;
WristLeft;-1.34991;-0.2839146;2.870505;
HandRight;-1.400918;-0.2675923;2.830608;
HandLeft;-1.386292;-0.3409897;2.859783;
Spine;-1.245444;0.02470171;3.066181;
HipCenter;-1.195102;-0.04979567;3.040431;
HipRight;-1.168234;-0.09373572;2.990274;
HipLeft;-1.214735;-0.1173225;3.078081;
KneeRight;-1.278066;-0.6621615;3.104011;
KneeLeft;-1.371872;-0.6713325;3.204935;
AnkleRight;-1.22248;-1.037521;3.158403;
AnkleLeft;-1.054966;-0.9720116;3.257319;
FootRight;-1.134662;-1.0809;3.115376;
FootLeft;-0.9671472;-1.015391;3.214292;
Head;-1.258675;0.6242035;3.060079;
ShoulderCenter;-1.247169;0.4281609;3.082824;
ShoulderRight;-1.146892;0.3426419;3.207158;
ShoulderLeft;-1.257576;0.2899433;2.929206;
ElbowRight;-1.251462;0.1504709;2.971794;
ElbowLeft;-1.34127;0.00327304;2.868032;
WristRight;-1.377999;-0.1122724;2.885046;
WristLeft;-1.432356;-0.2769999;2.829438;
HandRight;-1.420178;-0.1998535;2.861167;
HandLeft;-1.463378;-0.364175;2.834993;
Spine;-1.301484;0.05252465;3.084627;
HipCenter;-1.253944;-0.02196043;3.06579;
HipRight;-1.228523;-0.08535189;2.999403;
HipLeft;-1.278332;-0.1152771;3.120542;
KneeRight;-1.285305;-0.6640815;3.106782;
KneeLeft;-1.244742;-0.6735804;3.306242;
AnkleRight;-1.263446;-1.04677;3.134476;
AnkleLeft;-1.184982;-1.015856;3.273354;
FootRight;-1.317008;-1.116432;3.112437;
FootLeft;-1.238337;-1.106955;3.331076;
Head;-1.280467;0.6318064;3.081902;
ShoulderCenter;-1.298398;0.4292584;3.080013;
ShoulderRight;-1.158647;0.3249184;3.208386;
ShoulderLeft;-1.272804;0.2921308;2.929328;
ElbowRight;-1.286368;0.1581068;2.964632;
ElbowLeft;-1.384201;0.0157907;2.865095;
WristRight;-1.43217;-0.08867621;2.861155;
WristLeft;-1.469269;-0.197132;2.823024;
HandRight;-1.48077;-0.1709372;2.831702;
HandLeft;-1.501043;-0.2827688;2.839046;
Spine;-1.322029;0.0442281;3.083318;
HipCenter;-1.272796;-0.0277518;3.064037;
HipRight;-1.246044;-0.08024341;3.010355;
HipLeft;-1.302085;-0.1032275;3.105896;
KneeRight;-1.296303;-0.661052;3.111262;
KneeLeft;-1.492509;-0.6468678;3.23941;
AnkleRight;-1.263357;-1.046799;3.136973;
AnkleLeft;-1.244766;-1.030289;3.243785;
FootRight;-1.173193;-1.090804;3.099659;
FootLeft;-1.154603;-1.074294;3.206471;
Head;-1.377991;0.6216097;3.075254;
ShoulderCenter;-1.325343;0.4276187;3.08435;
ShoulderRight;-1.199085;0.3243437;3.228548;
ShoulderLeft;-1.332243;0.2702065;2.913539;
ElbowRight;-1.311961;0.1965357;2.952325;
ElbowLeft;-1.449414;0.01054982;2.840687;
WristRight;-1.456922;-0.05281226;2.855454;
WristLeft;-1.495093;-0.2058738;2.838754;
HandRight;-1.505242;-0.1359283;2.828198;
HandLeft;-1.506389;-0.2733411;2.838771;
Spine;-1.343066;0.05055493;3.086309;
HipCenter;-1.291283;-0.0192206;3.065849;
HipRight;-1.259132;-0.07590186;3.015766;
HipLeft;-1.32033;-0.07669862;3.104925;
KneeRight;-1.302409;-0.6603063;3.113997;
KneeLeft;-1.518027;-0.6184608;3.243624;
AnkleRight;-1.265354;-1.04826;3.139216;
AnkleLeft;-1.448386;-1.070611;3.279128;
FootRight;-1.175248;-1.091776;3.099938;
FootLeft;-1.35828;-1.114127;3.239851;
Head;-1.383985;0.6290089;3.066177;
ShoulderCenter;-1.362947;0.4318928;3.08594;
ShoulderRight;-1.25149;0.310713;3.132893;
ShoulderLeft;-1.35153;0.2825737;2.916897;
ElbowRight;-1.227843;0.05298281;3.257436;
ElbowLeft;-1.476592;0.02014687;2.845598;
WristRight;-1.371449;0.0342296;2.978179;
WristLeft;-1.571416;-0.178829;2.798912;
HandRight;-1.424575;0.0666765;2.802329;
HandLeft;-1.59458;-0.2274361;2.791195;
Spine;-1.38355;0.0301695;3.080809;
HipCenter;-1.33373;-0.04547898;3.057057;
HipRight;-1.307914;-0.0947324;3.019603;
HipLeft;-1.345435;-0.08053406;3.090969;
KneeRight;-1.329285;-0.6711602;3.127455;
KneeLeft;-1.525884;-0.6307098;3.227602;
AnkleRight;-1.275782;-1.05542;3.145219;
AnkleLeft;-1.513067;-1.079636;3.269293;
FootRight;-1.186988;-1.099076;3.103416;
FootLeft;-1.424272;-1.123292;3.22749;
Head;-1.440996;0.6195621;3.065748;
ShoulderCenter;-1.392812;0.4257371;3.081108;
ShoulderRight;-1.2881;0.3232408;3.151441;
ShoulderLeft;-1.373554;0.2754685;2.917296;
ElbowRight;-1.247489;0.0599528;3.261603;
ElbowLeft;-1.488909;0.02836917;2.862736;
WristRight;-1.252405;-0.2206265;3.354952;
WristLeft;-1.58258;-0.1722814;2.827392;
HandRight;-1.238627;-0.3119645;3.356604;
HandLeft;-1.613431;-0.2383676;2.82072;
Spine;-1.397804;0.01161222;3.077418;
HipCenter;-1.343781;-0.06438918;3.05807;
HipRight;-1.323248;-0.130917;3.103868;
HipLeft;-1.364305;-0.1196461;3.006003;
KneeRight;-1.335031;-0.6768394;3.12829;
KneeLeft;-1.571393;-0.6328318;3.217293;
AnkleRight;-1.275224;-1.054958;3.142164;
AnkleLeft;-1.63742;-1.06284;3.272631;
FootRight;-1.183394;-1.097797;3.106669;
FootLeft;-1.668212;-1.143098;3.241982;
Head;-1.440018;0.6229721;3.0715;
ShoulderCenter;-1.422778;0.4201609;3.072511;
ShoulderRight;-1.321671;0.327562;3.211905;
ShoulderLeft;-1.420986;0.2620649;2.923636;
ElbowRight;-1.288283;0.04624054;3.282148;
ElbowLeft;-1.528508;0.04218227;2.893848;
WristRight;-1.270691;-0.2373222;3.364571;
WristLeft;-1.636842;-0.1793617;2.878572;
HandRight;-1.258335;-0.3590105;3.388898;
HandLeft;-1.670548;-0.2482904;2.878509;
Spine;-1.431066;0.000742001;3.082828;
HipCenter;-1.376055;-0.07708924;3.067751;
HipRight;-1.34352;-0.1349091;3.114174;
HipLeft;-1.391801;-0.1257844;3.014053;
KneeRight;-1.348058;-0.6774927;3.128896;
KneeLeft;-1.595631;-0.6445225;3.213323;
AnkleRight;-1.274888;-1.054798;3.142008;
AnkleLeft;-1.681225;-0.9734476;3.25049;
FootRight;-1.182933;-1.098024;3.108485;
FootLeft;-1.58927;-1.016673;3.216967;
Head;-1.465173;0.6207447;3.088186;
ShoulderCenter;-1.447102;0.4149651;3.072984;
ShoulderRight;-1.343558;0.316741;3.236142;
ShoulderLeft;-1.429663;0.2678429;2.932336;
ElbowRight;-1.320626;0.0326685;3.300751;
ElbowLeft;-1.524527;0.08329731;2.8243;
WristRight;-1.313981;-0.2583758;3.358758;
WristLeft;-1.639321;-0.1400195;2.71427;
HandRight;-1.298427;-0.3551608;3.386565;
HandLeft;-1.672005;-0.2036028;2.687227;
Spine;-1.460857;0.006233889;3.082592;
HipCenter;-1.406042;-0.06971174;3.070973;
HipRight;-1.385178;-0.1363856;3.125536;
HipLeft;-1.424008;-0.1110427;3.01366;
KneeRight;-1.359951;-0.6729617;3.124713;
KneeLeft;-1.629839;-0.563363;3.1918;
AnkleRight;-1.275326;-1.054432;3.140173;
AnkleLeft;-1.672929;-0.8955668;3.247357;
FootRight;-1.181627;-1.097924;3.11253;
FootLeft;-1.57923;-0.9390594;3.219713;
Head;-1.533179;0.6017184;3.093721;
ShoulderCenter;-1.497295;0.3995321;3.08671;
ShoulderRight;-1.376511;0.3011157;3.268444;
ShoulderLeft;-1.455359;0.271425;2.939149;
ElbowRight;-1.346768;0.01272276;3.315276;
ElbowLeft;-1.516645;0.0764998;2.823889;
WristRight;-1.323206;-0.277105;3.3693;
WristLeft;-1.590666;-0.1589306;2.705287;
HandRight;-1.306101;-0.3575027;3.384855;
HandLeft;-1.611735;-0.2259412;2.675809;
Spine;-1.501884;0.005473886;3.086515;
HipCenter;-1.443888;-0.06618748;3.075556;
HipRight;-1.417736;-0.1325834;3.121865;
HipLeft;-1.457104;-0.101345;3.02406;
KneeRight;-1.374302;-0.675016;3.123256;
KneeLeft;-1.62059;-0.5186791;3.144138;
AnkleRight;-1.27592;-1.05487;3.140038;
AnkleLeft;-1.665542;-0.8356466;3.24312;
FootRight;-1.18097;-1.097256;3.116512;
FootLeft;-1.570592;-0.8780333;3.219593;
Head;-1.53006;0.5998589;3.082027;
ShoulderCenter;-1.509953;0.3981856;3.086516;
ShoulderRight;-1.43011;0.3125264;3.225899;
ShoulderLeft;-1.481683;0.2797422;2.961121;
ElbowRight;-1.399589;0.03408796;3.300921;
ElbowLeft;-1.550839;0.07013436;2.921009;
WristRight;-1.368143;-0.249993;3.373599;
WristLeft;-1.634325;-0.1829109;2.893161;
HandRight;-1.356224;-0.3143486;3.391717;
HandLeft;-1.658086;-0.2549295;2.889511;
Spine;-1.54491;-0.004185257;3.079652;
HipCenter;-1.492878;-0.08245699;3.069692;
HipRight;-1.482061;-0.1247486;3.096186;
HipLeft;-1.49561;-0.1067811;3.037381;
KneeRight;-1.410706;-0.6761413;3.115036;
KneeLeft;-1.594951;-0.5308067;3.095407;
AnkleRight;-1.277391;-1.055574;3.139263;
AnkleLeft;-1.691797;-0.8091135;3.244252;
FootRight;-1.182548;-1.10031;3.120448;
FootLeft;-1.70735;-0.8982494;3.240559;
Head;-1.536285;0.5796681;3.065822;
ShoulderCenter;-1.530671;0.3851227;3.096344;
ShoulderRight;-1.471153;0.3200116;3.218839;
ShoulderLeft;-1.516469;0.2487498;2.966385;
ElbowRight;-1.435099;0.05054715;3.312751;
ElbowLeft;-1.54411;-0.01971614;2.955908;
WristRight;-1.405335;-0.230382;3.394273;
WristLeft;-1.545179;-0.2495901;2.903978;
HandRight;-1.381862;-0.2939102;3.3959;
HandLeft;-1.556366;-0.3164056;2.903995;
Spine;-1.52776;-0.01444844;3.117434;
HipCenter;-1.464709;-0.08599545;3.116247;
HipRight;-1.443932;-0.1449932;3.172854;
HipLeft;-1.479036;-0.1128906;3.052741;
KneeRight;-1.442076;-0.6750724;3.108747;
KneeLeft;-1.503347;-0.5125544;3.222971;
AnkleRight;-1.282413;-1.055418;3.137107;
AnkleLeft;-1.705947;-0.9178205;3.304402;
FootRight;-1.186794;-1.097497;3.116504;
FootLeft;-1.711447;-0.8149976;3.238132;
Head;-1.595634;0.5718945;3.11601;
ShoulderCenter;-1.561854;0.3738057;3.121974;
ShoulderRight;-1.503978;0.3077142;3.212449;
ShoulderLeft;-1.528573;0.2362953;2.99502;
ElbowRight;-1.470699;0.04219148;3.313388;
ElbowLeft;-1.549548;-0.02947035;2.965417;
WristRight;-1.447788;-0.230542;3.415406;
WristLeft;-1.550617;-0.2593443;2.913502;
HandRight;-1.458861;-0.286432;3.379023;
HandLeft;-1.56178;-0.3260183;2.913518;
Spine;-1.548707;-0.02293392;3.155113;
HipCenter;-1.486109;-0.0928517;3.155189;
HipRight;-1.475943;-0.1243698;3.128259;
HipLeft;-1.48777;-0.127084;3.188821;
KneeRight;-1.475097;-0.675805;3.102457;
KneeLeft;-1.49383;-0.5586945;3.083918;
AnkleRight;-1.295103;-1.053802;3.136021;
AnkleLeft;-1.650756;-0.8550134;3.130276;
FootRight;-1.336385;-1.130753;3.112849;
FootLeft;-1.59937;-0.75031;3.0937;
Head;-1.581251;0.5570533;3.111559;
ShoulderCenter;-1.598695;0.3773445;3.169257;
ShoulderRight;-1.533692;0.3084168;3.232682;
ShoulderLeft;-1.565232;0.2381203;3.046288;
ElbowRight;-1.528095;0.02882687;3.153878;
ElbowLeft;-1.57112;-0.05327243;3.0047;
WristRight;-1.491401;-0.1719247;3.355373;
WristLeft;-1.572189;-0.2831464;2.9528;
HandRight;-1.47404;-0.2605005;3.371473;
HandLeft;-1.583379;-0.3499839;2.952816;
Spine;-1.590707;-0.005703994;3.212821;
HipCenter;-1.530252;-0.07419838;3.21217;
HipRight;-1.515098;-0.121106;3.16342;
HipLeft;-1.529918;-0.1294679;3.267245;
KneeRight;-1.50634;-0.6915682;3.098636;
KneeLeft;-1.539233;-0.5547158;3.136213;
AnkleRight;-1.30922;-1.054235;3.131714;
AnkleLeft;-1.601121;-0.8917406;3.095797;
FootRight;-1.335748;-1.136163;3.10434;
FootLeft;-1.586985;-0.7703242;3.093703;
Head;-1.599476;0.553214;3.118479;
ShoulderCenter;-1.603425;0.3659522;3.162966;
ShoulderRight;-1.541454;0.2967269;3.228158;
ShoulderLeft;-1.569962;0.226728;3.039996;
ElbowRight;-1.56436;0.03380054;3.062884;
ElbowLeft;-1.585473;-0.06875855;3.022713;
WristRight;-1.562688;-0.1748706;3.259089;
WristLeft;-1.586542;-0.2986325;2.97082;
HandRight;-1.561502;-0.2401786;3.276432;
HandLeft;-1.597702;-0.3652866;2.970836;
Spine;-1.634847;-0.01096915;3.27284;
HipCenter;-1.580188;-0.0835383;3.290209;
HipRight;-1.564944;-0.1351954;3.389568;
HipLeft;-1.586383;-0.1764102;3.229655;
KneeRight;-1.560017;-0.6437148;3.100764;
KneeLeft;-1.577684;-0.6156351;3.178168;
AnkleRight;-1.345047;-1.046672;3.12876;
AnkleLeft;-1.63871;-0.9523981;3.150259;
FootRight;-1.250407;-1.09257;3.114156;
FootLeft;-1.630791;-0.8305607;3.147744;
Head;-1.615963;0.2906279;3.300813;
ShoulderCenter;-1.594109;0.09173513;3.30974;
ShoulderRight;-1.534412;0.02293289;3.376791;
ShoulderLeft;-1.573331;0.05735772;3.143307;
ElbowRight;-1.595901;-0.01166786;3.087996;
ElbowLeft;-1.614905;-0.154852;3.081992;
WristRight;-1.613813;-0.305873;3.048617;
WristLeft;-1.610574;-0.3706066;3.032151;
HandRight;-1.61263;-0.3709884;3.065908;
HandLeft;-1.621701;-0.4370642;3.032167;
Spine;-1.668328;-0.06157345;3.343433;
HipCenter;-1.624285;-0.102428;3.342494;
HipRight;-1.624555;-0.2251134;3.497844;
HipLeft;-1.660549;-0.2148089;3.208763;
KneeRight;-1.558117;-0.7099928;3.145404;
KneeLeft;-1.607557;-0.6481001;3.244347;
AnkleRight;-1.353867;-0.9721848;3.192449;
AnkleLeft;-1.628425;-0.980249;3.140774;
FootRight;-1.412613;-1.0445;3.113969;
FootLeft;-1.638876;-0.8588849;3.141892;
Head;-1.633393;0.3212329;3.276859;
ShoulderCenter;-1.63767;0.1371839;3.371043;
ShoulderRight;-1.577972;0.06838164;3.438093;
ShoulderLeft;-1.616892;0.1028065;3.20461;
ElbowRight;-1.622258;0.04083975;3.118705;
ElbowLeft;-1.628709;-0.1590341;3.1021;
WristRight;-1.636914;-0.1921247;3.069193;
WristLeft;-1.629778;-0.388908;3.050263;
HandRight;-1.635735;-0.2570667;3.086438;
HandLeft;-1.640875;-0.4551885;3.05028;
Spine;-1.726619;-0.1931965;3.457188;
HipCenter;-1.685333;-0.2684486;3.466856;
HipRight;-1.673856;-0.2927847;3.475924;
HipLeft;-1.700084;-0.2719806;3.463348;
KneeRight;-1.568918;-0.7686057;3.123277;
KneeLeft;-1.691078;-0.6417917;3.437083;
AnkleRight;-1.393859;-1.047024;3.179457;
AnkleLeft;-1.776887;-1.117204;3.196337;
FootRight;-1.47567;-1.056587;3.103157;
FootLeft;-1.687014;-1.170236;3.179473;
Head;-1.656034;0.3127581;3.288628;
ShoulderCenter;-1.66796;0.1242207;3.380498;
ShoulderRight;-1.608263;0.05541842;3.447548;
ShoulderLeft;-1.647183;0.08984324;3.214065;
ElbowRight;-1.655127;0.03034969;3.16792;
ElbowLeft;-1.660756;-0.1747939;3.158486;
WristRight;-1.669709;-0.2025686;3.118943;
WristLeft;-1.661824;-0.4046678;3.106698;
HandRight;-1.668532;-0.2673397;3.136143;
HandLeft;-1.672892;-0.470774;3.106714;
Spine;-1.757762;-0.03769307;3.455197;
HipCenter;-1.717369;-0.08668569;3.461319;
HipRight;-1.707319;-0.1707297;3.602228;
HipLeft;-1.758516;-0.1526955;3.366511;
KneeRight;-1.634461;-0.6489872;3.247832;
KneeLeft;-1.697216;-0.5701697;3.464823;
AnkleRight;-1.508722;-0.9634166;3.210582;
AnkleLeft;-1.780811;-0.9663708;3.221057;
FootRight;-1.548361;-1.029487;3.116933;
FootLeft;-1.70443;-0.9914722;3.181431;
Head;-1.718114;0.1125263;3.307233;
ShoulderCenter;-1.728161;-0.07564342;3.396881;
ShoulderRight;-1.668464;-0.1444457;3.463931;
ShoulderLeft;-1.707384;-0.1100208;3.230448;
ElbowRight;-1.704472;-0.1075663;3.224315;
ElbowLeft;-1.676136;-0.322279;3.232518;
WristRight;-1.71829;-0.3412671;3.179855;
WristLeft;-1.6985;-0.5241513;3.141925;
HandRight;-1.717117;-0.4058701;3.19701;
HandLeft;-1.709539;-0.5900859;3.141941;
Spine;-1.619165;-0.164314;3.138677;
HipCenter;-1.571593;-0.1270857;3.09446;
HipRight;-1.517318;-0.1863195;3.003412;
HipLeft;-1.546199;-0.09402819;3.024094;
KneeRight;-1.536793;-0.7745667;3.016988;
KneeLeft;-1.73148;-0.4584785;3.322221;
AnkleRight;-1.544493;-0.4427943;3.052693;
AnkleLeft;-1.754591;-0.7877983;3.220112;
FootRight;-1.530483;-0.5470452;3.054479;
FootLeft;-1.758787;-0.6892418;3.234417;
