Floor;-0.01986034;0.9998025;-0.0007248346;1.081304;
Head;1.250503;0.5587584;3.172039;
ShoulderCenter;1.332693;0.4039894;3.116692;
ShoulderRight;1.36278;0.2748315;2.978085;
ShoulderLeft;1.24636;0.2144585;3.207715;
ElbowRight;1.400149;0.03770152;2.856726;
ElbowLeft;1.225891;0.02794138;3.147511;
WristRight;1.39177;-0.2181784;2.814167;
WristLeft;1.243474;-0.1798691;3.284422;
HandRight;1.390664;-0.3484085;2.802046;
HandLeft;1.233121;-0.3245547;3.350166;
Spine;1.286334;0.02;3.059666;
HipCenter;1.277062;-0.05679788;3.051746;
HipRight;1.2965;-0.09917346;2.993148;
HipLeft;1.244112;-0.1263413;3.091106;
KneeRight;1.216497;-0.6224807;2.993608;
KneeLeft;1.441385;-0.7230595;3.137654;
AnkleRight;1.226437;-1.010836;2.972735;
AnkleLeft;1.656597;-0.939429;3.103021;
FootRight;1.147097;-1.076421;3.022182;
FootLeft;1.646995;-1.075569;3.170707;
Head;1.225526;0.57417;3.17154;
ShoulderCenter;1.302708;0.4136238;3.12858;
ShoulderRight;1.334972;0.2788074;2.979907;
ShoulderLeft;1.208544;0.2065119;3.210527;
ElbowRight;1.351408;0.03484367;2.874837;
ElbowLeft;1.196512;0.02096568;3.145967;
WristRight;1.303743;-0.2162594;2.840307;
WristLeft;1.214227;-0.1845258;3.284031;
HandRight;1.307106;-0.3603197;2.806834;
HandLeft;1.220133;-0.253023;3.334799;
Spine;1.252541;0.02910079;3.073953;
HipCenter;1.24247;-0.04781613;3.066535;
HipRight;1.261551;-0.08576158;3.012028;
HipLeft;1.208243;-0.1191399;3.103452;
KneeRight;1.215774;-0.6219296;2.994668;
KneeLeft;1.168194;-0.578176;3.231759;
AnkleRight;1.229815;-1.008044;2.97273;
AnkleLeft;1.534944;-0.870528;3.120237;
FootRight;1.141466;-1.069921;3.008904;
FootLeft;1.560707;-1.009096;3.182097;
Head;1.176375;0.5967414;3.169437;
ShoulderCenter;1.259654;0.4241934;3.120154;
ShoulderRight;1.300644;0.2852276;2.977429;
ShoulderLeft;1.176322;0.2140347;3.208385;
ElbowRight;1.290083;0.05533841;2.875277;
ElbowLeft;1.156795;0.02356449;3.153876;
WristRight;1.233826;-0.191926;2.841139;
WristLeft;1.173758;-0.1827531;3.287376;
HandRight;1.223985;-0.2521814;2.823528;
HandLeft;1.179412;-0.2515256;3.336641;
Spine;1.220786;0.02949513;3.081208;
HipCenter;1.21188;-0.04911825;3.076596;
HipRight;1.234165;-0.08677398;3.025529;
HipLeft;1.177749;-0.1189386;3.11385;
KneeRight;1.214248;-0.6232495;2.994802;
KneeLeft;1.133144;-0.5867376;3.222824;
AnkleRight;1.234493;-1.005099;2.975811;
AnkleLeft;1.465371;-0.9394941;3.124351;
FootRight;1.142071;-1.068501;3.006261;
FootLeft;1.448999;-1.039773;3.138894;
Head;1.143915;0.6183007;3.182663;
ShoulderCenter;1.231163;0.4284352;3.123576;
ShoulderRight;1.247347;0.2922108;2.978835;
ShoulderLeft;1.155907;0.2183562;3.208996;
ElbowRight;1.232396;0.07664499;2.868749;
ElbowLeft;1.129841;0.03454661;3.144073;
WristRight;1.179221;-0.1599651;2.847798;
WristLeft;1.146596;-0.1692469;3.275485;
HandRight;1.150781;-0.2430617;2.838594;
HandLeft;1.152181;-0.2371781;3.324147;
Spine;1.192772;0.01468981;3.086394;
HipCenter;1.184222;-0.06869828;3.082582;
HipRight;1.195928;-0.1208282;3.018136;
HipLeft;1.150814;-0.1517053;3.134005;
KneeRight;1.206482;-0.6279954;2.995422;
KneeLeft;1.096426;-0.596534;3.22772;
AnkleRight;1.240081;-1.008219;2.982572;
AnkleLeft;1.439968;-0.9434723;3.127667;
FootRight;1.146035;-1.066562;2.997076;
FootLeft;1.316982;-1.001993;3.124078;
Head;1.095643;0.5951697;3.184005;
ShoulderCenter;1.201763;0.4326958;3.132427;
ShoulderRight;1.222866;0.2933059;2.978037;
ShoulderLeft;1.100539;0.2139563;3.18572;
ElbowRight;1.190932;0.08046111;2.870194;
ElbowLeft;1.085133;0.006480732;3.122895;
WristRight;1.107618;-0.1568688;2.861145;
WristLeft;1.101912;-0.1975963;3.254209;
HandRight;1.068529;-0.238176;2.853549;
HandLeft;1.107505;-0.265622;3.302939;
Spine;1.161376;-0.004518808;3.089154;
HipCenter;1.152399;-0.09317004;3.083985;
HipRight;1.178636;-0.1311121;3.023709;
HipLeft;1.125356;-0.1683592;3.129261;
KneeRight;1.192916;-0.6379772;3.002053;
KneeLeft;1.04629;-0.599222;3.225683;
AnkleRight;1.240283;-1.007158;2.983598;
AnkleLeft;1.367541;-0.887494;3.175308;
FootRight;1.145651;-1.062366;2.996001;
FootLeft;1.262443;-0.9722149;3.170317;
Head;1.057674;0.5999276;3.203597;
ShoulderCenter;1.16286;0.4323007;3.143767;
ShoulderRight;1.192028;0.2922348;2.981599;
ShoulderLeft;1.078604;0.2311295;3.18854;
ElbowRight;1.132797;0.08441068;2.870372;
ElbowLeft;1.074726;0.0531445;3.113904;
WristRight;1.009612;-0.1312735;2.846955;
WristLeft;1.091773;-0.1450359;3.247942;
HandRight;0.9149327;-0.3010623;2.829931;
HandLeft;1.097456;-0.211096;3.297607;
Spine;1.122672;0.01655346;3.087378;
HipCenter;1.113212;-0.06545053;3.079428;
HipRight;1.132066;-0.114871;3.012476;
HipLeft;1.081439;-0.1396326;3.125999;
KneeRight;1.17589;-0.6454286;3.01144;
KneeLeft;1.024409;-0.656192;3.211424;
AnkleRight;1.238485;-1.00532;2.984298;
AnkleLeft;1.129693;-1.015548;3.132572;
FootRight;1.150185;-1.055236;2.983316;
FootLeft;1.119625;-1.105784;3.149391;
Head;1.020654;0.6054932;3.194048;
ShoulderCenter;1.119128;0.4324786;3.146766;
ShoulderRight;1.148585;0.2899562;2.983746;
ShoulderLeft;1.04047;0.29748;3.18044;
ElbowRight;1.076623;0.06676311;2.875312;
ElbowLeft;1.044302;0.1196525;3.107225;
WristRight;0.9334983;-0.1353903;2.846764;
WristLeft;1.060914;-0.08020163;3.238669;
HandRight;0.8318598;-0.2761515;2.822957;
HandLeft;1.066451;-0.1468197;3.287349;
Spine;1.089777;-0.05723068;3.070713;
HipCenter;1.084485;-0.1551749;3.059007;
HipRight;1.105445;-0.2065507;3.005776;
HipLeft;1.05816;-0.2030933;3.09489;
KneeRight;1.165496;-0.6459757;3.008086;
KneeLeft;0.973472;-0.7488152;3.185684;
AnkleRight;1.232413;-1.008056;2.983636;
AnkleLeft;1.038591;-1.036592;3.152684;
FootRight;1.132128;-1.072737;2.951957;
FootLeft;0.9532039;-1.082052;3.104634;
Head;0.9832152;0.5904246;3.184923;
ShoulderCenter;1.087687;0.4321015;3.150952;
ShoulderRight;1.109419;0.2824885;2.979212;
ShoulderLeft;1.014533;0.3017162;3.204687;
ElbowRight;1.04666;0.07667521;2.884909;
ElbowLeft;1.018337;0.1251628;3.132254;
WristRight;0.8792331;-0.1017886;2.842523;
WristLeft;1.03481;-0.07367375;3.262321;
HandRight;0.7437626;-0.2520948;2.821085;
HandLeft;1.040301;-0.1399526;3.310463;
Spine;1.051365;-0.04662284;3.096875;
HipCenter;1.044931;-0.1421402;3.08984;
HipRight;1.063653;-0.2044692;3.027648;
HipLeft;1.020136;-0.195052;3.13611;
KneeRight;1.155774;-0.6419614;3.007497;
KneeLeft;0.913317;-0.6395825;3.194123;
AnkleRight;1.226147;-1.00526;2.980864;
AnkleLeft;0.8944407;-1.029649;3.15885;
FootRight;1.133809;-1.070072;2.956468;
FootLeft;0.8117582;-1.082052;3.230863;
Head;0.9408614;0.5911439;3.19274;
ShoulderCenter;1.034575;0.42282;3.144601;
ShoulderRight;1.070807;0.2790223;2.98531;
ShoulderLeft;0.9649494;0.2932479;3.201296;
ElbowRight;1.023111;0.1037419;2.889393;
ElbowLeft;0.9687015;0.119103;3.128983;
WristRight;0.8570707;-0.0717043;2.848866;
WristLeft;0.984912;-0.07778454;3.25578;
HandRight;0.67945;-0.2356102;2.815556;
HandLeft;0.9903156;-0.1434137;3.302915;
Spine;1.020657;-0.04611574;3.08889;
HipCenter;1.017095;-0.1403035;3.081483;
HipRight;1.03819;-0.1945526;3.028926;
HipLeft;0.9879799;-0.1856548;3.117073;
KneeRight;1.141662;-0.6348899;3.010215;
KneeLeft;0.8677554;-0.6625114;3.18458;
AnkleRight;1.222389;-1.003002;2.976738;
AnkleLeft;0.7663741;-1.017219;3.161669;
FootRight;1.142881;-1.055775;2.986554;
FootLeft;0.6690363;-1.05117;3.240522;
Head;0.9265313;0.5886011;3.193869;
ShoulderCenter;1.012952;0.4207792;3.151688;
ShoulderRight;1.035752;0.2717978;2.990471;
ShoulderLeft;0.9363099;0.3019573;3.206427;
ElbowRight;0.9084538;0.07352394;2.888777;
ElbowLeft;0.9401186;0.1251902;3.133211;
WristRight;0.7413135;-0.1035749;2.835139;
WristLeft;0.9566147;-0.07381777;3.263175;
HandRight;0.5900599;-0.223932;2.815439;
HandLeft;0.9621134;-0.1401538;3.311407;
Spine;0.9756979;0.002187923;3.087893;
HipCenter;0.970346;-0.08133224;3.078107;
HipRight;0.9891381;-0.1426329;2.997234;
HipLeft;0.9426407;-0.1591288;3.133595;
KneeRight;1.128107;-0.6379508;3.012048;
KneeLeft;0.8402891;-0.6380742;3.183538;
AnkleRight;1.221322;-1.003211;2.977486;
AnkleLeft;0.6670164;-1.026493;3.175814;
FootRight;1.144169;-1.058087;2.985862;
FootLeft;0.5674571;-1.048363;3.227105;
Head;0.8626633;0.5798384;3.191252;
ShoulderCenter;0.9541577;0.4125214;3.150353;
ShoulderRight;0.9918247;0.2645839;2.994014;
ShoulderLeft;0.8798436;0.2971736;3.203238;
ElbowRight;0.8691203;0.06248303;2.885606;
ElbowLeft;0.8836954;0.1184073;3.129379;
WristRight;0.687254;-0.1044617;2.835431;
WristLeft;0.9004099;-0.08219028;3.261808;
HandRight;0.6252285;-0.136681;2.839501;
HandLeft;0.9059815;-0.1490561;3.310886;
Spine;0.9497578;-0.007427176;3.081785;
HipCenter;0.947711;-0.09124458;3.071812;
HipRight;0.9715843;-0.1401624;3.008288;
HipLeft;0.9170607;-0.1553734;3.109072;
KneeRight;1.001645;-0.6361196;3.076324;
KneeLeft;0.8056332;-0.6265841;3.173514;
AnkleRight;1.219761;-1.002444;2.977853;
AnkleLeft;0.6018695;-1.001921;3.16902;
FootRight;1.13616;-1.063198;2.989966;
FootLeft;0.4923898;-1.029395;3.233408;
Head;0.8470799;0.5801148;3.188354;
ShoulderCenter;0.9140741;0.3980707;3.14343;
ShoulderRight;0.9563466;0.2600749;2.996182;
ShoulderLeft;0.8397601;0.2827228;3.196315;
ElbowRight;0.819531;0.0625553;2.885163;
ElbowLeft;0.8436807;0.1007636;3.121589;
WristRight;0.6332461;-0.1067709;2.837688;
WristLeft;0.8607454;-0.1023229;3.258088;
HandRight;0.5720701;-0.140258;2.848496;
HandLeft;0.8664337;-0.1700184;3.308534;
Spine;0.9000256;-0.03832064;3.071833;
HipCenter;0.8978243;-0.1253795;3.061248;
HipRight;0.9238918;-0.1659468;3.014109;
HipLeft;0.8695151;-0.1734727;3.092011;
KneeRight;1.000697;-0.6375645;3.073499;
KneeLeft;0.7588636;-0.619464;3.167315;
AnkleRight;1.215458;-0.9961509;2.976722;
AnkleLeft;0.5837298;-1.00813;3.168654;
FootRight;1.135147;-1.061111;2.986757;
FootLeft;0.4699892;-1.05117;3.215993;
Head;0.7766259;0.5594621;3.184714;
ShoulderCenter;0.8803253;0.3931026;3.142437;
ShoulderRight;0.9051898;0.2552519;2.996276;
ShoulderLeft;0.8060112;0.2777548;3.195322;
ElbowRight;0.7867633;0.05076766;2.87104;
ElbowLeft;0.8099506;0.09491816;3.120304;
WristRight;0.5948159;-0.1162044;2.83778;
WristLeft;0.8271119;-0.1088414;3.257905;
HandRight;0.4711135;-0.2002931;2.850394;
HandLeft;0.8328323;-0.1767612;3.30873;
Spine;0.8624763;-0.04901645;3.071319;
HipCenter;0.8583108;-0.1376999;3.06074;
HipRight;0.8829524;-0.1694583;3.02107;
HipLeft;0.8320084;-0.1827525;3.08658;
KneeRight;0.991706;-0.6470072;3.062486;
KneeLeft;0.7363512;-0.6224324;3.165009;
AnkleRight;1.207168;-0.9956359;2.97542;
AnkleLeft;0.585771;-1.016028;3.166371;
FootRight;1.133559;-1.059599;2.973614;
FootLeft;0.4681374;-1.062787;3.202489;
Head;0.754063;0.5757552;3.190131;
ShoulderCenter;0.8370026;0.3970678;3.140745;
ShoulderRight;0.8717072;0.2556061;2.994503;
ShoulderLeft;0.7626886;0.2817199;3.19363;
ElbowRight;0.7602808;0.04614575;2.869664;
ElbowLeft;0.766638;0.09841995;3.118263;
WristRight;0.5667455;-0.1204298;2.840949;
WristLeft;0.7838503;-0.1056931;3.256348;
HandRight;0.4463775;-0.2054189;2.859069;
HandLeft;0.7895877;-0.1737308;3.307374;
Spine;0.8059782;-0.05684648;3.078793;
HipCenter;0.8003914;-0.1476859;3.0701;
HipRight;0.8199883;-0.1810243;3.039409;
HipLeft;0.7764521;-0.1849568;3.089718;
KneeRight;0.9632852;-0.6536836;3.050606;
KneeLeft;0.6997061;-0.626799;3.16348;
AnkleRight;1.194744;-0.9917024;2.977537;
AnkleLeft;0.5847226;-1.017998;3.16369;
FootRight;1.121948;-1.061285;2.977019;
FootLeft;0.4982837;-1.080137;3.193565;
Head;0.7144563;0.5812256;3.191493;
ShoulderCenter;0.7918777;0.4058056;3.133011;
ShoulderRight;0.8293676;0.2627088;3.000391;
ShoulderLeft;0.7175636;0.2904578;3.185896;
ElbowRight;0.726053;0.04886422;2.875329;
ElbowLeft;0.7215169;0.1069801;3.110328;
WristRight;0.5411736;-0.1276109;2.846304;
WristLeft;0.7387487;-0.09726816;3.248565;
HandRight;0.4639701;-0.1801489;2.866986;
HandLeft;0.7444927;-0.1653509;3.299669;
Spine;0.771221;-0.04467751;3.074994;
HipCenter;0.7664396;-0.1346861;3.066929;
HipRight;0.7896823;-0.1713385;3.03195;
HipLeft;0.7401643;-0.1763944;3.090508;
KneeRight;0.9155246;-0.659085;3.039559;
KneeLeft;0.6774014;-0.6326623;3.172666;
AnkleRight;1.169275;-0.9933013;2.971484;
AnkleLeft;0.5831497;-1.018533;3.16266;
FootRight;1.112116;-1.069996;2.977585;
FootLeft;0.4965062;-1.078931;3.194142;
Head;0.6626725;0.584064;3.187984;
ShoulderCenter;0.7382517;0.4064959;3.133311;
ShoulderRight;0.7824428;0.2660809;2.991892;
ShoulderLeft;0.6639377;0.2911481;3.186196;
ElbowRight;0.6933121;0.04278204;2.87422;
ElbowLeft;0.6678938;0.1075393;3.110862;
WristRight;0.5159402;-0.1419199;2.853237;
WristLeft;0.6851401;-0.09680864;3.249405;
HandRight;0.417842;-0.2347632;2.862904;
HandLeft;0.6908888;-0.1649246;3.300566;
Spine;0.7180773;-0.05045819;3.079924;
HipCenter;0.7140424;-0.141849;3.072898;
HipRight;0.7354863;-0.1745845;3.042866;
HipLeft;0.6892398;-0.1851894;3.092476;
KneeRight;0.842068;-0.6476831;3.021827;
KneeLeft;0.6331037;-0.6547773;3.174348;
AnkleRight;1.149367;-0.9850619;2.977418;
AnkleLeft;0.5799951;-1.017163;3.157524;
FootRight;1.083051;-1.066573;3.029972;
FootLeft;0.493373;-1.078874;3.191585;
Head;0.6236739;0.5863385;3.183114;
ShoulderCenter;0.7169249;0.4162524;3.133976;
ShoulderRight;0.7321714;0.2763585;2.987904;
ShoulderLeft;0.6426108;0.3009045;3.186862;
ElbowRight;0.6753062;0.04290545;2.870823;
ElbowLeft;0.646563;0.1174794;3.111832;
WristRight;0.5055025;-0.1485275;2.857051;
WristLeft;0.663789;-0.08672902;3.250268;
HandRight;0.4204451;-0.2566298;2.865658;
HandLeft;0.669531;-0.1547985;3.301349;
Spine;0.686362;-0.03808761;3.075653;
HipCenter;0.679913;-0.1288968;3.067384;
HipRight;0.692454;-0.1526663;3.046054;
HipLeft;0.6561885;-0.162296;3.079274;
KneeRight;0.7637165;-0.6021912;2.998698;
KneeLeft;0.6256795;-0.6549432;3.168262;
AnkleRight;1.085116;-0.9395182;2.983504;
AnkleLeft;0.578472;-1.019071;3.156625;
FootRight;1.064173;-1.040086;2.990039;
FootLeft;0.4895273;-1.084689;3.203899;
Head;0.5963181;0.6021513;3.188869;
ShoulderCenter;0.6803872;0.4270035;3.130513;
ShoulderRight;0.7263348;0.2781847;2.989204;
ShoulderLeft;0.6060731;0.3116556;3.183398;
ElbowRight;0.6419848;0.05278726;2.87388;
ElbowLeft;0.6100228;0.1283461;3.108623;
WristRight;0.4964823;-0.1574686;2.863645;
WristLeft;0.6272361;-0.07577424;3.247023;
HandRight;0.454431;-0.2427078;2.860926;
HandLeft;0.6329739;-0.1438144;3.298053;
Spine;0.6504405;-0.01601493;3.074524;
HipCenter;0.644401;-0.1044523;3.066931;
HipRight;0.6684885;-0.1405447;3.031928;
HipLeft;0.6220185;-0.1588948;3.090587;
KneeRight;0.6913911;-0.6070629;2.985788;
KneeLeft;0.5780601;-0.6624547;3.149653;
AnkleRight;1.015156;-0.9411459;3.002836;
AnkleLeft;0.5783221;-1.019747;3.156173;
FootRight;1.04796;-1.056018;3.023238;
FootLeft;0.4874033;-1.088125;3.20984;
Head;0.5309751;0.6006797;3.211188;
ShoulderCenter;0.6360584;0.4391558;3.131367;
ShoulderRight;0.6710736;0.2904461;2.990128;
ShoulderLeft;0.5617443;0.323808;3.184252;
ElbowRight;0.6288203;0.05363676;2.874996;
ElbowLeft;0.5656901;0.1406778;3.109289;
WristRight;0.4939432;-0.1632768;2.865399;
WristLeft;0.5828837;-0.06330585;3.247337;
HandRight;0.4613644;-0.252583;2.861048;
HandLeft;0.5886149;-0.1313004;3.29829;
Spine;0.6098632;0.0109335;3.048796;
HipCenter;0.6050051;-0.07481539;3.035899;
HipRight;0.6255906;-0.1131209;2.983181;
HipLeft;0.5785392;-0.1403051;3.066369;
KneeRight;0.63677;-0.6277514;2.990259;
KneeLeft;0.5620461;-0.6732616;3.090039;
AnkleRight;0.9462445;-0.9325666;2.998861;
AnkleLeft;0.5772594;-1.020046;3.156429;
FootRight;0.9030687;-1.045582;3.018844;
FootLeft;0.4878322;-1.088645;3.211089;
Head;0.5146727;0.6032609;3.209223;
ShoulderCenter;0.6158903;0.4365821;3.132497;
ShoulderRight;0.65235;0.2914517;2.987139;
ShoulderLeft;0.5415763;0.3212343;3.185382;
ElbowRight;0.6076163;0.05596819;2.871976;
ElbowLeft;0.5455174;0.1383183;3.110574;
WristRight;0.5154116;-0.154781;2.859998;
WristLeft;0.5626875;-0.06550193;3.248394;
HandRight;0.4778449;-0.2426038;2.857009;
HandLeft;0.5684108;-0.133442;3.299253;
Spine;0.5734547;0.02629463;3.082385;
HipCenter;0.5672522;-0.05547133;3.075814;
HipRight;0.5907771;-0.1162908;3.020046;
HipLeft;0.5365332;-0.08948985;3.11762;
KneeRight;0.54155;-0.6027839;2.994638;
KneeLeft;0.6695087;-0.5557982;3.161803;
AnkleRight;0.8533899;-0.9327849;3.001894;
AnkleLeft;0.5782779;-1.016459;3.156451;
FootRight;0.8065597;-1.051234;3.029318;
FootLeft;0.5072728;-1.081302;3.19191;
Head;0.4648593;0.6091589;3.182395;
ShoulderCenter;0.5668905;0.438086;3.136891;
ShoulderRight;0.6112263;0.2906563;2.984276;
ShoulderLeft;0.479958;0.2879559;3.1635;
ElbowRight;0.601514;0.05746655;2.8733;
ElbowLeft;0.4838918;0.1053845;3.0889;
WristRight;0.5168907;-0.1827659;2.858905;
WristLeft;0.5010238;-0.09817216;3.226334;
HandRight;0.4741675;-0.3212337;2.850753;
HandLeft;0.5067345;-0.1660244;3.277045;
Spine;0.5525801;0.0189208;3.085057;
HipCenter;0.5473796;-0.06466965;3.078521;
HipRight;0.5793426;-0.1180517;3.023385;
HipLeft;0.5070767;-0.1097385;3.119232;
KneeRight;0.4739372;-0.5942268;3.002798;
KneeLeft;0.6380991;-0.5831658;3.158834;
AnkleRight;0.7425526;-0.9457167;3.003122;
AnkleLeft;0.5830596;-1.014769;3.148635;
FootRight;0.6885137;-1.045075;3.024272;
FootLeft;0.5181037;-1.081917;3.169249;
Head;0.4452937;0.6100733;3.165267;
ShoulderCenter;0.5406833;0.434225;3.13402;
ShoulderRight;0.5901979;0.2904264;2.988467;
ShoulderLeft;0.4542802;0.2841249;3.160629;
ElbowRight;0.5757381;0.05105545;2.874629;
ElbowLeft;0.4582102;0.1017272;3.086183;
WristRight;0.5096308;-0.1946661;2.859519;
WristLeft;0.4753232;-0.1016963;3.223449;
HandRight;0.4851778;-0.2871018;2.850517;
HandLeft;0.4266121;-0.172479;3.266349;
Spine;0.5110025;-0.00265521;3.087869;
HipCenter;0.5058237;-0.0903196;3.082487;
HipRight;0.5354955;-0.122251;3.029396;
HipLeft;0.473346;-0.1530751;3.123523;
KneeRight;0.4285202;-0.626026;3.013015;
KneeLeft;0.5930421;-0.6260171;3.159591;
AnkleRight;0.6429401;-0.9699156;3.014393;
AnkleLeft;0.5383983;-1.005437;3.122029;
FootRight;0.5893964;-1.055066;3.031579;
FootLeft;0.4992717;-1.078907;3.167876;
Head;0.3924793;0.591866;3.146373;
ShoulderCenter;0.5086414;0.4291273;3.121023;
ShoulderRight;0.5534632;0.2836484;2.985424;
ShoulderLeft;0.421982;0.2789725;3.147553;
ElbowRight;0.5556803;0.03758125;2.890363;
ElbowLeft;0.4259188;0.09626326;3.073166;
WristRight;0.4998608;-0.2108468;2.864023;
WristLeft;0.3919009;-0.08634025;3.233151;
HandRight;0.4779137;-0.3287876;2.851005;
HandLeft;0.3616753;-0.1484131;3.248307;
Spine;0.4749732;0.002447772;3.098671;
HipCenter;0.4656618;-0.08228502;3.099175;
HipRight;0.4860031;-0.1218838;3.049741;
HipLeft;0.4347424;-0.1399702;3.143448;
KneeRight;0.3510449;-0.6139895;3.007608;
KneeLeft;0.5643626;-0.6440319;3.169818;
AnkleRight;0.5387368;-1.000169;3.022249;
AnkleLeft;0.6065816;-0.9856906;3.16539;
FootRight;0.460457;-1.06724;3.049037;
FootLeft;0.5046352;-1.036077;3.10629;
Head;0.3977014;0.6191725;3.134661;
ShoulderCenter;0.4545911;0.4267744;3.110981;
ShoulderRight;0.5324081;0.2807059;2.985681;
ShoulderLeft;0.3821933;0.3000995;3.137639;
ElbowRight;0.5431302;0.03579667;2.887664;
ElbowLeft;0.3861288;0.1174437;3.063401;
WristRight;0.5014135;-0.2152779;2.860748;
WristLeft;0.3439603;-0.05931637;3.227535;
HandRight;0.4966788;-0.3101035;2.845384;
HandLeft;0.2680956;-0.2853445;3.400949;
Spine;0.45322;0.001440956;3.093385;
HipCenter;0.4517678;-0.08333502;3.094287;
HipRight;0.4793451;-0.1195487;3.048118;
HipLeft;0.4193988;-0.1421043;3.134465;
KneeRight;0.2883171;-0.6140981;3.015246;
KneeLeft;0.5180437;-0.6548277;3.181469;
AnkleRight;0.4787892;-1.019913;3.065635;
AnkleLeft;0.5679883;-1.01993;3.133299;
FootRight;0.3588499;-1.053033;3.035662;
FootLeft;0.4940502;-1.11518;3.090386;
Head;0.3244676;0.5963075;3.148895;
ShoulderCenter;0.4404395;0.4305238;3.112806;
ShoulderRight;0.4816357;0.2803123;2.980407;
ShoulderLeft;0.3259387;0.2072337;3.149413;
ElbowRight;0.5218577;0.03594582;2.890501;
ElbowLeft;0.3194532;0.01878721;3.125808;
WristRight;0.5124;-0.2178745;2.851416;
WristLeft;0.2542377;-0.1339773;3.305092;
HandRight;0.5072715;-0.3390622;2.834084;
HandLeft;0.2084108;-0.1880137;3.30538;
Spine;0.4222085;0.01063464;3.082928;
HipCenter;0.4178051;-0.07307175;3.079574;
HipRight;0.4518281;-0.1084302;3.029639;
HipLeft;0.3796616;-0.1436497;3.119391;
KneeRight;0.2370957;-0.60256;3.017631;
KneeLeft;0.4891593;-0.6615621;3.181275;
AnkleRight;0.2820327;-1.008139;3.000083;
AnkleLeft;0.5675199;-1.022431;3.13972;
FootRight;0.1823934;-1.073384;3.047412;
FootLeft;0.4888499;-1.073305;3.153719;
Head;0.3050541;0.6053532;3.144452;
ShoulderCenter;0.3896556;0.4205605;3.108529;
ShoulderRight;0.4639448;0.2778683;2.977134;
ShoulderLeft;0.2969194;0.2105759;3.153143;
ElbowRight;0.5115952;0.03226216;2.895185;
ElbowLeft;0.2934867;0.008928968;3.138151;
WristRight;0.5124475;-0.2217207;2.849759;
WristLeft;0.2033378;-0.1279303;3.320222;
HandRight;0.5144125;-0.3167179;2.835244;
HandLeft;0.1022821;-0.2343792;3.38955;
Spine;0.3625957;-0.005219206;3.089138;
HipCenter;0.3571838;-0.09037516;3.088786;
HipRight;0.3887919;-0.1252509;3.040291;
HipLeft;0.3185274;-0.1664023;3.129864;
KneeRight;0.220023;-0.602002;3.022238;
KneeLeft;0.3612862;-0.6331783;3.110358;
AnkleRight;0.1738152;-1.00591;2.999557;
AnkleLeft;0.5636387;-1.023305;3.14482;
FootRight;0.05791725;-1.058618;3.01292;
FootLeft;0.4801576;-1.083694;3.220909;
Head;0.2655588;0.6004922;3.162315;
ShoulderCenter;0.3553446;0.4216217;3.103397;
ShoulderRight;0.4135443;0.2713093;2.979303;
ShoulderLeft;0.2649499;0.2904544;3.148173;
ElbowRight;0.4796042;0.0319082;2.890046;
ElbowLeft;0.2267974;0.09225661;3.276904;
WristRight;0.5086142;-0.2202352;2.844395;
WristLeft;0.1257358;-0.1192207;3.364755;
HandRight;0.5177876;-0.3414069;2.829318;
HandLeft;0.06762479;-0.1554102;3.348916;
Spine;0.3411818;-0.00693981;3.085967;
HipCenter;0.337947;-0.09249398;3.08594;
HipRight;0.3663135;-0.1263653;3.040755;
HipLeft;0.3044071;-0.1609709;3.125113;
KneeRight;0.1770167;-0.5394844;3.028623;
KneeLeft;0.2957141;-0.6622459;3.084326;
AnkleRight;0.05896976;-0.9899317;3.003756;
AnkleLeft;0.564236;-1.023918;3.145342;
FootRight;-0.05857436;-1.037035;3.019974;
FootLeft;0.4770099;-1.085317;3.215486;
Head;0.2242979;0.586261;3.143726;
ShoulderCenter;0.3237094;0.414998;3.10315;
ShoulderRight;0.3833327;0.267063;2.972729;
ShoulderLeft;0.2390786;0.28966;3.148353;
ElbowRight;0.454152;0.02859992;2.883498;
ElbowLeft;0.1977125;0.09232143;3.278005;
WristRight;0.492578;-0.2236069;2.846497;
WristLeft;0.07661858;-0.110956;3.36163;
HandRight;0.514545;-0.3147162;2.830756;
HandLeft;0.01811211;-0.1495319;3.366403;
Spine;0.3098126;-0.02137687;3.075279;
HipCenter;0.3067574;-0.1088556;3.072979;
HipRight;0.3405174;-0.1343573;3.036172;
HipLeft;0.274609;-0.1689954;3.103165;
KneeRight;0.1237143;-0.5955383;3.051986;
KneeLeft;0.2784656;-0.6668414;3.087376;
AnkleRight;-0.02522631;-1.024003;3.01877;
AnkleLeft;0.5638707;-1.024627;3.146215;
FootRight;-0.1200062;-1.030402;3.008059;
FootLeft;0.4884233;-1.079014;3.159024;
Head;0.1811251;0.5795258;3.12484;
ShoulderCenter;0.2724377;0.4038274;3.095466;
ShoulderRight;0.3311094;0.2583263;2.972619;
ShoulderLeft;0.2010407;0.2884834;3.13433;
ElbowRight;0.4156525;0.02136336;2.895364;
ElbowLeft;0.1488681;0.09488231;3.265669;
WristRight;0.4825065;-0.2233305;2.844207;
WristLeft;0.02884582;-0.1005812;3.365622;
HandRight;0.5106593;-0.3365549;2.828137;
HandLeft;-0.0309672;-0.1367671;3.359922;
Spine;0.2765761;-0.03070195;3.065677;
HipCenter;0.2775411;-0.1174655;3.063542;
HipRight;0.2996916;-0.1356456;3.036298;
HipLeft;0.2514112;-0.1738304;3.08466;
KneeRight;0.09864441;-0.5512407;3.055681;
KneeLeft;0.229564;-0.6669869;3.09173;
AnkleRight;-0.03606654;-0.997658;3.028257;
AnkleLeft;0.5417684;-1.004215;3.142416;
FootRight;-0.1442817;-1.032419;3.007343;
FootLeft;0.5178938;-1.086484;3.179636;
Head;0.1648652;0.5807555;3.115707;
ShoulderCenter;0.2426629;0.3987778;3.093208;
ShoulderRight;0.3042356;0.2535841;2.967337;
ShoulderLeft;0.1320776;0.2228516;3.148049;
ElbowRight;0.3901647;0.01520039;2.898585;
ElbowLeft;0.09723835;0.0358416;3.291923;
WristRight;0.4562568;-0.2283269;2.837564;
WristLeft;-0.05194773;-0.1466276;3.378938;
HandRight;0.4960168;-0.3355054;2.82931;
HandLeft;-0.1048718;-0.1911901;3.370916;
Spine;0.2128161;-0.02396324;3.079654;
HipCenter;0.208543;-0.1082238;3.080604;
HipRight;0.2372949;-0.142136;3.038588;
HipLeft;0.1746152;-0.17637;3.117293;
KneeRight;0.09210228;-0.6401168;3.049584;
KneeLeft;0.2109533;-0.66014;3.095829;
AnkleRight;-0.05653401;-1.026995;3.035701;
AnkleLeft;0.5279668;-0.9960763;3.142715;
FootRight;-0.1489242;-1.05253;3.01421;
FootLeft;0.5113472;-1.083892;3.167991;
Head;0.134223;0.5867419;3.113038;
ShoulderCenter;0.1956554;0.3977251;3.084093;
ShoulderRight;0.2501528;0.2476794;2.968606;
ShoulderLeft;0.1000526;0.2231455;3.141054;
ElbowRight;0.3494479;0.01425189;2.901263;
ElbowLeft;0.05704158;0.01749982;3.260082;
WristRight;0.416096;-0.2295709;2.842366;
WristLeft;-0.06816793;-0.1590035;3.383599;
HandRight;0.4626236;-0.3366996;2.836045;
HandLeft;-0.1273772;-0.2032894;3.382852;
Spine;0.1792706;-0.03965941;3.064495;
HipCenter;0.1740107;-0.1278964;3.063281;
HipRight;0.205351;-0.1500869;3.031401;
HipLeft;0.142675;-0.1911423;3.089917;
KneeRight;0.02870455;-0.6606912;3.057693;
KneeLeft;0.1301532;-0.6521519;3.087967;
AnkleRight;-0.06272221;-1.027574;3.039438;
AnkleLeft;0.4763888;-0.9557903;3.135463;
FootRight;-0.167269;-1.06924;3.06039;
FootLeft;0.446014;-1.051148;3.21102;
Head;0.07337745;0.5759459;3.107702;
ShoulderCenter;0.1602368;0.3971431;3.084341;
ShoulderRight;0.1966143;0.2434399;2.959813;
ShoulderLeft;0.05283102;0.2225626;3.139906;
ElbowRight;0.2919219;0.006444067;2.903161;
ElbowLeft;0.01918149;0.01600814;3.260672;
WristRight;0.3708058;-0.2334958;2.841207;
WristLeft;-0.09295274;-0.1649685;3.390153;
HandRight;0.4169553;-0.3559504;2.825604;
HandLeft;-0.1602855;-0.2158581;3.385148;
Spine;0.1442792;-0.05109525;3.045193;
HipCenter;0.1415041;-0.1408011;3.040823;
HipRight;0.1706762;-0.1540508;3.010901;
HipLeft;0.10922;-0.2046108;3.061468;
KneeRight;-0.03188585;-0.6245418;3.052499;
KneeLeft;0.07361583;-0.6702479;3.071869;
AnkleRight;-0.07384997;-1.027711;3.04264;
AnkleLeft;0.4392567;-0.9439811;3.134741;
FootRight;-0.181895;-1.080955;3.076981;
FootLeft;0.4263097;-1.043015;3.210323;
Head;0.06108069;0.5910432;3.098884;
ShoulderCenter;0.1062601;0.3991689;3.073293;
ShoulderRight;0.1743493;0.2479336;2.957543;
ShoulderLeft;0.004163221;0.2246807;3.128793;
ElbowRight;0.2617085;0.003750324;2.90146;
ElbowLeft;-0.03418203;0.01555212;3.251406;
WristRight;0.3152857;-0.2477995;2.843688;
WristLeft;-0.114217;-0.1787815;3.391353;
HandRight;0.3778871;-0.3623362;2.827916;
HandLeft;-0.1792296;-0.2357408;3.382874;
Spine;0.1190725;-0.01458213;3.019932;
HipCenter;0.121635;-0.09733236;3.012801;
HipRight;0.1601608;-0.129159;2.980208;
HipLeft;0.08695438;-0.1567318;3.035234;
KneeRight;-0.04147723;-0.6302305;3.054016;
KneeLeft;0.06789507;-0.6732959;3.079043;
AnkleRight;-0.07563136;-1.027254;3.043598;
AnkleLeft;0.4357486;-0.9435908;3.153504;
FootRight;-0.1793939;-1.080881;3.088927;
FootLeft;0.4179041;-1.037854;3.234086;
Head;-0.005286857;0.5804854;3.121632;
ShoulderCenter;0.07382273;0.3984168;3.070325;
ShoulderRight;0.1302524;0.2528412;2.943391;
ShoulderLeft;-0.01999469;0.2844442;3.104513;
ElbowRight;0.201653;-0.0002752841;2.889382;
ElbowLeft;-0.07995491;0.09237929;3.186954;
WristRight;0.2530341;-0.2569339;2.838765;
WristLeft;-0.1341441;-0.1255137;3.31173;
HandRight;0.2797087;-0.375946;2.828271;
HandLeft;-0.1718357;-0.2047625;3.344926;
Spine;0.06237127;-0.01588798;3.016403;
HipCenter;0.06162842;-0.09871306;3.009317;
HipRight;0.08972602;-0.1341691;2.96116;
HipLeft;0.03261596;-0.1652616;3.042124;
KneeRight;-0.08252873;-0.6027461;3.014411;
KneeLeft;0.05146222;-0.6773139;3.091488;
AnkleRight;-0.07806529;-1.028791;3.043739;
AnkleLeft;0.4184701;-0.9534543;3.163652;
FootRight;-0.1660375;-1.097507;3.102009;
FootLeft;0.4135925;-1.065833;3.220252;
Head;0.03805533;0.6145413;3.088018;
ShoulderCenter;0.03084541;0.4176955;3.078467;
ShoulderRight;0.1038533;0.2654915;2.944856;
ShoulderLeft;-0.05063381;0.301275;3.112209;
ElbowRight;0.1444576;0.005154818;2.882787;
ElbowLeft;-0.09660177;0.101299;3.189658;
WristRight;0.1834462;-0.2560262;2.839763;
WristLeft;-0.1409763;-0.1242033;3.308243;
HandRight;0.2179912;-0.3749801;2.830491;
HandLeft;-0.1660722;-0.2076414;3.341703;
Spine;0.02008375;0.008394825;3.014264;
HipCenter;0.01751976;-0.07320403;3.004911;
HipRight;0.04468271;-0.102532;2.969389;
HipLeft;-0.0118229;-0.1307016;3.02483;
KneeRight;-0.09671949;-0.6224583;3.030038;
KneeLeft;0.1078115;-0.6709118;3.191756;
AnkleRight;-0.07860024;-1.030506;3.044257;
AnkleLeft;0.4091254;-0.9570739;3.174442;
FootRight;-0.1537268;-1.098995;3.090552;
FootLeft;0.4042278;-1.059268;3.184451;
Head;0.02015274;0.6241382;3.097154;
ShoulderCenter;0.005190545;0.4254696;3.077827;
ShoulderRight;0.04434653;0.2690781;2.950339;
ShoulderLeft;-0.08375771;0.312343;3.112471;
ElbowRight;0.07023719;0.02770363;2.866026;
ElbowLeft;0.03025917;0.07334898;3.107695;
WristRight;0.09070283;-0.2340487;2.840749;
WristLeft;-0.08523984;-0.1111974;3.246764;
HandRight;0.1172151;-0.2991919;2.837343;
HandLeft;-0.1140733;-0.173517;3.248294;
Spine;-0.02864467;0.03586707;3.036097;
HipCenter;-0.03353625;-0.04262176;3.031357;
HipRight;-0.009576524;-0.08233923;2.979746;
HipLeft;-0.06407733;-0.1085067;3.069337;
KneeRight;-0.09797835;-0.621839;3.030186;
KneeLeft;0.08902641;-0.6640216;3.189928;
AnkleRight;-0.0793818;-1.031443;3.043959;
AnkleLeft;0.3395234;-0.9304827;3.172916;
FootRight;-0.1538185;-1.098872;3.089835;
FootLeft;0.3346258;-1.032677;3.182925;
Head;-0.0152268;0.6158711;3.086324;
ShoulderCenter;-0.04913987;0.420579;3.079182;
ShoulderRight;-0.0009934139;0.2722583;2.947024;
ShoulderLeft;-0.1401795;0.2903124;3.106502;
ElbowRight;0.01761996;0.03479095;2.861982;
ElbowLeft;-0.02949493;0.05208403;3.101316;
WristRight;-0.01179288;-0.2223386;2.855294;
WristLeft;-0.1419794;-0.1372158;3.23805;
HandRight;-0.009275617;-0.3153468;2.846776;
HandLeft;-0.1707147;-0.2000011;3.236917;
Spine;-0.07235251;0.009733573;3.035133;
HipCenter;-0.07699504;-0.07243553;3.029888;
HipRight;-0.0485446;-0.1117962;2.988839;
HipLeft;-0.1106532;-0.1274966;3.05866;
KneeRight;-0.1076373;-0.6327136;3.030416;
KneeLeft;0.01046955;-0.6915201;3.181491;
AnkleRight;-0.08083238;-1.032224;3.044452;
AnkleLeft;0.2714945;-0.9178289;3.169847;
FootRight;-0.1580209;-1.101281;3.097825;
FootLeft;0.2494882;-1.030967;3.186018;
Head;-0.1426283;0.6169308;3.109353;
ShoulderCenter;-0.06890757;0.4291893;3.082783;
ShoulderRight;-0.009808831;0.2786638;2.949325;
ShoulderLeft;-0.1599472;0.2989227;3.110102;
ElbowRight;-0.04734917;0.02522659;2.866528;
ElbowLeft;-0.04926263;0.06069429;3.104862;
WristRight;-0.0977666;-0.2378637;2.853914;
WristLeft;-0.1621854;-0.1293432;3.242158;
HandRight;-0.1194288;-0.3289546;2.849103;
HandLeft;-0.1910202;-0.1923459;3.241021;
Spine;-0.1039122;0.01880799;3.045722;
HipCenter;-0.1113572;-0.06332304;3.042219;
HipRight;-0.08237896;-0.1059239;3.005024;
HipLeft;-0.1497842;-0.1141443;3.06942;
KneeRight;-0.1151939;-0.6375625;3.030591;
KneeLeft;0.003176406;-0.6714956;3.193319;
AnkleRight;-0.08250532;-1.030673;3.044092;
AnkleLeft;0.2003415;-0.9534405;3.161528;
FootRight;-0.1640548;-1.096387;3.0798;
FootLeft;0.1329082;-1.025474;3.178051;
Head;-0.130073;0.6376889;3.103836;
ShoulderCenter;-0.1154253;0.4360558;3.086776;
ShoulderRight;-0.0760206;0.2840272;2.949267;
ShoulderLeft;-0.206465;0.3057891;3.114096;
ElbowRight;-0.1043578;0.0370062;2.859046;
ElbowLeft;-0.26202;0.09037468;3.240835;
WristRight;-0.1564884;-0.1820958;2.847869;
WristLeft;-0.3635929;-0.1079988;3.381036;
HandRight;-0.1878625;-0.270332;2.832463;
HandLeft;-0.392782;-0.1717756;3.379885;
Spine;-0.1430913;0.01658856;3.046388;
HipCenter;-0.1486037;-0.06709973;3.041988;
HipRight;-0.1111167;-0.09799227;2.99925;
HipLeft;-0.1931286;-0.1218431;3.076129;
KneeRight;-0.123324;-0.640361;3.031536;
KneeLeft;-0.2592887;-0.6094196;3.242672;
AnkleRight;-0.08250642;-1.028872;3.045581;
AnkleLeft;0.04084376;-0.9660649;3.187931;
FootRight;-0.1637309;-1.092541;3.078703;
FootLeft;0.01558083;-1.068148;3.191614;
Head;-0.1294911;0.6359511;3.102924;
ShoulderCenter;-0.1429761;0.4332613;3.086286;
ShoulderRight;-0.1168121;0.2860422;2.944274;
ShoulderLeft;-0.2340157;0.3029947;3.113606;
ElbowRight;-0.1628412;0.04162601;2.851699;
ElbowLeft;-0.2889116;0.08496781;3.242186;
WristRight;-0.2638192;-0.2131883;2.825921;
WristLeft;-0.3915954;-0.1155598;3.384136;
HandRight;-0.3039038;-0.29866;2.813084;
HandLeft;-0.4208972;-0.1795829;3.382981;
Spine;-0.1781752;0.009833347;3.039306;
HipCenter;-0.1855361;-0.07498177;3.033235;
HipRight;-0.156944;-0.09823803;2.999561;
HipLeft;-0.2203527;-0.1219424;3.059516;
KneeRight;-0.1299;-0.6500024;3.031927;
KneeLeft;-0.3400304;-0.6077385;3.225069;
AnkleRight;-0.08406079;-1.028555;3.045044;
AnkleLeft;-0.02418089;-0.9538828;3.17069;
FootRight;-0.1587233;-1.088283;3.052391;
FootLeft;-0.1221341;-1.031305;3.183052;
Head;-0.1587847;0.5734204;3.105534;
ShoulderCenter;-0.1897789;0.3729273;3.080074;
ShoulderRight;-0.140694;0.2830981;2.951114;
ShoulderLeft;-0.2808186;0.2426607;3.107394;
ElbowRight;-0.2237488;0.04015875;2.841872;
ElbowLeft;-0.3343252;0.04157044;3.261533;
WristRight;-0.3620008;-0.1992095;2.810251;
WristLeft;-0.3520268;-0.1163157;3.020106;
HandRight;-0.3902668;-0.2637489;2.811793;
HandLeft;-0.3849481;-0.1784771;3.015769;
Spine;-0.2053833;-0.04349877;3.029045;
HipCenter;-0.2085042;-0.126784;3.022403;
HipRight;-0.1792689;-0.1428097;3.006134;
HipLeft;-0.2400714;-0.1729889;3.029675;
KneeRight;-0.1410218;-0.6586933;3.03801;
KneeLeft;-0.3413949;-0.6795919;3.209957;
AnkleRight;-0.08622551;-1.027902;3.045682;
AnkleLeft;-0.2349827;-1.035602;3.192183;
FootRight;-0.1566622;-1.087057;3.046847;
FootLeft;-0.2657157;-1.115826;3.22507;
Head;-0.1902027;0.5734811;3.12114;
ShoulderCenter;-0.2428365;0.3193283;3.082012;
ShoulderRight;-0.1916366;0.2903849;2.949038;
ShoulderLeft;-0.3338761;0.1890617;3.109332;
ElbowRight;-0.2861841;0.04773021;2.83533;
ElbowLeft;-0.3904384;-0.01150821;3.26292;
WristRight;-0.4357269;-0.1852118;2.817369;
WristLeft;-0.4292326;-0.1465497;3.0098;
HandRight;-0.5147088;-0.3072256;2.824402;
HandLeft;-0.4660137;-0.2054463;3.020575;
Spine;-0.2560073;-0.03365124;3.091753;
HipCenter;-0.2586414;-0.1042472;3.097268;
HipRight;-0.2432606;-0.1565599;3.069864;
HipLeft;-0.2781642;-0.1629419;3.124845;
KneeRight;-0.16655;-0.6626564;3.043795;
KneeLeft;-0.3900081;-0.6864333;3.216877;
AnkleRight;-0.09282938;-1.029917;3.04916;
AnkleLeft;-0.3160839;-1.063489;3.209845;
FootRight;-0.160971;-1.091449;3.044564;
FootLeft;-0.3729826;-1.125235;3.247271;
Head;-0.2440016;0.5992839;3.125231;
ShoulderCenter;-0.2566345;0.3265026;3.081944;
ShoulderRight;-0.2118519;0.2880915;2.949573;
ShoulderLeft;-0.2874491;0.3086646;2.919177;
ElbowRight;-0.3443076;0.06150854;2.832298;
ElbowLeft;-0.3926039;0.05469123;2.856229;
WristRight;-0.5034368;-0.1651114;2.825193;
WristLeft;-0.531635;-0.1846355;2.830307;
HandRight;-0.576434;-0.2915432;2.831305;
HandLeft;-0.5698037;-0.2432548;2.825648;
Spine;-0.2840166;0.02297588;3.092089;
HipCenter;-0.2827324;-0.03887577;3.086332;
HipRight;-0.2792709;-0.09842564;3.041265;
HipLeft;-0.2912166;-0.1023026;3.128049;
KneeRight;-0.1738828;-0.6647276;3.04536;
KneeLeft;-0.4452923;-0.6523699;3.213886;
AnkleRight;-0.09407166;-1.02979;3.048844;
AnkleLeft;-0.4541059;-1.036257;3.195355;
FootRight;-0.1610745;-1.092642;3.045145;
FootLeft;-0.4171309;-1.08426;3.105752;
Head;-0.3365178;0.5717752;3.099014;
ShoulderCenter;-0.3186217;0.2936451;3.088782;
ShoulderRight;-0.269352;0.2789795;2.940485;
ShoulderLeft;-0.3384941;0.2701177;2.926121;
ElbowRight;-0.4109663;0.0517076;2.841984;
ElbowLeft;-0.4656477;0.02591522;2.869562;
WristRight;-0.5826362;-0.164993;2.815151;
WristLeft;-0.6241661;-0.1969639;2.812801;
HandRight;-0.631226;-0.2555558;2.8193;
HandLeft;-0.6817454;-0.2355843;2.804615;
Spine;-0.333621;-0.02846395;3.10474;
HipCenter;-0.3343007;-0.09289142;3.100342;
HipRight;-0.3343704;-0.1495979;3.066491;
HipLeft;-0.3384933;-0.1412634;3.13336;
KneeRight;-0.1819901;-0.6671115;3.044385;
KneeLeft;-0.4834146;-0.7092678;3.20453;
AnkleRight;-0.09808755;-1.030768;3.049115;
AnkleLeft;-0.5753458;-1.036908;3.223242;
FootRight;-0.1636777;-1.095489;3.044689;
FootLeft;-0.5546504;-1.085262;3.128305;
Head;-0.3379112;0.6320802;3.092933;
ShoulderCenter;-0.3449789;0.4278833;3.090025;
ShoulderRight;-0.2956141;0.2766387;2.944163;
ShoulderLeft;-0.4243093;0.2000492;2.887062;
ElbowRight;-0.4512678;0.05674118;2.846698;
ElbowLeft;-0.5502125;-0.04706821;2.838577;
WristRight;-0.6418;-0.1457273;2.828398;
WristLeft;-0.6976958;-0.1908617;2.819298;
HandRight;-0.7079657;-0.2535976;2.832565;
HandLeft;-0.7574581;-0.2244112;2.806902;
Spine;-0.3548397;-0.03576179;3.057573;
HipCenter;-0.3509493;-0.1267082;3.039054;
HipRight;-0.3297417;-0.1508626;3.061276;
HipLeft;-0.380596;-0.1744708;3.016751;
KneeRight;-0.2841257;-0.6589541;3.081144;
KneeLeft;-0.5359155;-0.6658117;3.201499;
AnkleRight;-0.100781;-1.029304;3.05102;
AnkleLeft;-0.6946982;-1.046056;3.239679;
FootRight;-0.1647365;-1.095734;3.045115;
FootLeft;-0.6588624;-1.090673;3.147253;
Head;-0.3891682;0.6300389;3.113863;
ShoulderCenter;-0.3768266;0.422038;3.087827;
ShoulderRight;-0.346742;0.2661905;2.944775;
ShoulderLeft;-0.3797647;0.2916878;2.926793;
ElbowRight;-0.4815274;0.06465189;2.847938;
ElbowLeft;-0.5380646;0.06885128;2.840731;
WristRight;-0.6872839;-0.124036;2.825619;
WristLeft;-0.7273141;-0.1363186;2.816723;
HandRight;-0.7425653;-0.2183673;2.829751;
HandLeft;-0.7902093;-0.1643214;2.807762;
Spine;-0.38418;-0.0473158;3.058842;
HipCenter;-0.3744281;-0.1390345;3.038446;
HipRight;-0.3699841;-0.1678868;3.064474;
HipLeft;-0.3852906;-0.1760466;3.012496;
KneeRight;-0.2216011;-0.6747425;3.045359;
KneeLeft;-0.5466935;-0.6398652;3.189214;
AnkleRight;-0.1020026;-1.029415;3.050658;
AnkleLeft;-0.7642075;-1.042647;3.238837;
FootRight;-0.1662765;-1.095805;3.055362;
FootLeft;-0.7102202;-1.087296;3.155525;
Head;-0.3952397;0.6240729;3.123888;
ShoulderCenter;-0.4174023;0.4159817;3.090018;
ShoulderRight;-0.368944;0.2639711;2.965189;
ShoulderLeft;-0.4506922;0.2454217;2.91648;
ElbowRight;-0.5209493;0.06888507;2.854327;
ElbowLeft;-0.5538872;0.03898739;2.845287;
WristRight;-0.7245465;-0.1224171;2.836315;
WristLeft;-0.7731193;-0.1341487;2.826064;
HandRight;-0.7717437;-0.209458;2.840863;
HandLeft;-0.8363841;-0.1623415;2.824881;
Spine;-0.4315543;-0.05875146;3.067438;
HipCenter;-0.4213752;-0.15142;3.044088;
HipRight;-0.3933431;-0.1761004;3.067578;
HipLeft;-0.4408108;-0.1852352;3.012887;
KneeRight;-0.3333945;-0.6720148;3.079782;
KneeLeft;-0.6004637;-0.6554329;3.192895;
AnkleRight;-0.1053258;-1.027827;3.051626;
AnkleLeft;-0.7916622;-1.053325;3.22784;
FootRight;-0.1696665;-1.093954;3.05329;
FootLeft;-0.7417269;-1.098186;3.142518;
Head;-0.4783044;0.6083149;3.095054;
ShoulderCenter;-0.4666544;0.4035421;3.096597;
ShoulderRight;-0.4280957;0.2551464;2.962532;
ShoulderLeft;-0.4609598;0.2608581;2.921925;
ElbowRight;-0.5380557;0.07371274;2.86413;
ElbowLeft;-0.6428818;0.04808055;2.863519;
WristRight;-0.7583624;-0.1011358;2.837672;
WristLeft;-0.8537319;-0.1374794;2.829985;
HandRight;-0.8432387;-0.1376268;2.822945;
HandLeft;-0.8407776;-0.1831174;2.779677;
Spine;-0.4771879;-0.06027815;3.063287;
HipCenter;-0.4593545;-0.1511179;3.04427;
HipRight;-0.4540103;-0.1799629;3.070025;
HipLeft;-0.4666545;-0.1762048;3.012547;
KneeRight;-0.3576846;-0.6673278;3.075492;
KneeLeft;-0.6185595;-0.6546211;3.191354;
AnkleRight;-0.1151523;-1.023085;3.049098;
AnkleLeft;-0.7879832;-1.051292;3.221188;
FootRight;-0.03736574;-1.067578;2.98821;
FootLeft;-0.7101967;-1.095785;3.160299;
Head;-0.4783919;0.6081211;3.108476;
ShoulderCenter;-0.4957153;0.4020337;3.103084;
ShoulderRight;-0.3997664;0.2343286;3.08357;
ShoulderLeft;-0.4922972;0.2706268;2.936871;
ElbowRight;-0.578685;0.07393862;2.908098;
ElbowLeft;-0.6881713;0.07005326;2.882581;
WristRight;-0.7951304;-0.100194;2.84787;
WristLeft;-0.8706758;-0.1414835;2.833408;
HandRight;-0.8797655;-0.1373761;2.832804;
HandLeft;-0.9341525;-0.1683422;2.826936;
Spine;-0.5224062;-0.04330068;3.062474;
HipCenter;-0.5057775;-0.1301289;3.044042;
HipRight;-0.470363;-0.1784128;3.069806;
HipLeft;-0.5292093;-0.1522349;3.008606;
KneeRight;-0.3760141;-0.6712135;3.068214;
KneeLeft;-0.6672258;-0.6611567;3.201578;
AnkleRight;-0.1177398;-1.0238;3.048042;
AnkleLeft;-0.7797378;-1.024349;3.201761;
FootRight;-0.03365222;-1.069143;2.997038;
FootLeft;-0.6956502;-1.069692;3.150757;
Head;-0.4863089;0.5998155;3.104746;
ShoulderCenter;-0.5498305;0.4051425;3.111584;
ShoulderRight;-0.4028173;0.3022658;3.269506;
ShoulderLeft;-0.5320833;0.2585764;2.967272;
ElbowRight;-0.5391052;0.1549131;3.042718;
ElbowLeft;-0.7068723;0.04332118;2.88761;
WristRight;-0.7218193;-0.02398203;2.909363;
WristLeft;-0.8984874;-0.1600398;2.835548;
HandRight;-0.8068295;-0.06130618;2.89439;
HandLeft;-0.9617634;-0.1883854;2.83062;
Spine;-0.5419807;-0.02857476;3.073067;
HipCenter;-0.5193968;-0.1125209;3.058552;
HipRight;-0.493323;-0.161417;3.088157;
HipLeft;-0.5389693;-0.1441578;3.018194;
KneeRight;-0.4271722;-0.6684394;3.050333;
KneeLeft;-0.6834718;-0.6558472;3.19839;
AnkleRight;-0.1426684;-1.015301;3.040654;
AnkleLeft;-0.7823882;-1.027011;3.202951;
FootRight;-0.1952774;-1.088837;3.025609;
FootLeft;-0.6920187;-1.070469;3.163287;
Head;-0.5661504;0.6195536;3.120206;
ShoulderCenter;-0.5811504;0.4130402;3.119769;
ShoulderRight;-0.4341371;0.3101635;3.277691;
ShoulderLeft;-0.5956127;0.2701294;2.958072;
ElbowRight;-0.5725348;0.1599259;3.05388;
ElbowLeft;-0.6817147;0.01900613;3.025385;
WristRight;-0.7555937;-0.02605709;2.931344;
WristLeft;-0.8821733;-0.1387644;2.889632;
HandRight;-0.8409139;-0.06334074;2.916381;
HandLeft;-0.9855282;-0.2106426;2.842653;
Spine;-0.5949607;-0.01172294;3.087784;
HipCenter;-0.5732831;-0.09523484;3.072757;
HipRight;-0.5402033;-0.1403877;3.078104;
HipLeft;-0.6042029;-0.1239225;3.05821;
KneeRight;-0.4853217;-0.6549311;3.035717;
KneeLeft;-0.7231093;-0.6660178;3.201216;
AnkleRight;-0.1917308;-0.9841939;3.026821;
AnkleLeft;-0.7882061;-1.031542;3.206294;
FootRight;-0.1041424;-1.028904;2.982278;
FootLeft;-0.7006177;-1.076252;3.161751;
Head;-0.6044349;0.6247252;3.128685;
ShoulderCenter;-0.6115501;0.4171132;3.12762;
ShoulderRight;-0.4645369;0.3142365;3.285542;
ShoulderLeft;-0.6153389;0.2875939;2.968508;
ElbowRight;-0.5943727;0.1622568;3.056712;
ElbowLeft;-0.7098411;0.02736574;2.996895;
WristRight;-0.7688781;-0.0299926;2.930109;
WristLeft;-0.9011534;-0.1558616;2.883395;
HandRight;-0.8543872;-0.06735878;2.915113;
HandLeft;-0.9598063;-0.1928931;2.875109;
Spine;-0.6260954;-0.00366081;3.095349;
HipCenter;-0.6066211;-0.08593336;3.081505;
HipRight;-0.5801123;-0.1298807;3.10855;
HipLeft;-0.6376458;-0.1271182;3.048664;
KneeRight;-0.5694784;-0.5985429;3.0278;
KneeLeft;-0.7539085;-0.6670103;3.179805;
AnkleRight;-0.2587139;-0.9471494;3.025623;
AnkleLeft;-0.7880794;-1.030469;3.20734;
FootRight;-0.2525385;-1.047836;3.026312;
FootLeft;-0.6997036;-1.075304;3.16532;
Head;-0.615265;0.6221581;3.125145;
ShoulderCenter;-0.6543898;0.4187793;3.128662;
ShoulderRight;-0.5073766;0.3159025;3.286584;
ShoulderLeft;-0.6300039;0.2835128;2.964061;
ElbowRight;-0.6283103;0.1607892;3.054419;
ElbowLeft;-0.7717388;0.04285544;2.890498;
WristRight;-0.7933125;-0.04370509;2.935026;
WristLeft;-0.9375955;-0.1861717;2.869682;
HandRight;-0.8789024;-0.0811066;2.920016;
HandLeft;-0.9761265;-0.2443344;2.865007;
Spine;-0.6857971;0.005435792;3.103311;
HipCenter;-0.6671376;-0.07693444;3.092569;
HipRight;-0.6436177;-0.1177207;3.109805;
HipLeft;-0.6920535;-0.1103342;3.067717;
KneeRight;-0.6632553;-0.5862693;3.030376;
KneeLeft;-0.7601269;-0.683839;3.093571;
AnkleRight;-0.3300009;-0.9148271;3.019696;
AnkleLeft;-0.7912289;-1.03115;3.206631;
FootRight;-0.3197215;-1.037104;3.035454;
FootLeft;-0.7004911;-1.077717;3.172405;
Head;-0.6795742;0.6344693;3.157771;
ShoulderCenter;-0.6887698;0.4219625;3.118777;
ShoulderRight;-0.5625067;0.3168519;3.256356;
ShoulderLeft;-0.6639666;0.2955851;2.984694;
ElbowRight;-0.6759194;0.1475004;3.031173;
ElbowLeft;-0.7871635;0.04494652;2.91031;
WristRight;-0.8263381;-0.07055537;2.916992;
WristLeft;-0.9356416;-0.1948329;2.872667;
HandRight;-0.8824165;-0.1470331;2.919331;
HandLeft;-0.96153;-0.2586103;2.886031;
Spine;-0.7035329;0.005516893;3.097073;
HipCenter;-0.6829373;-0.0764929;3.086951;
HipRight;-0.6717607;-0.1196305;3.044954;
HipLeft;-0.716973;-0.1147699;3.112727;
KneeRight;-0.684188;-0.5905564;3.033357;
KneeLeft;-0.7670076;-0.6637744;3.081123;
AnkleRight;-0.3820471;-0.9353617;3.02404;
AnkleLeft;-0.7935181;-1.03048;3.206387;
FootRight;-0.4152035;-1.043153;3.076371;
FootLeft;-0.7016687;-1.07608;3.172155;
Head;-0.6939514;0.6358042;3.152292;
ShoulderCenter;-0.722354;0.424962;3.121524;
ShoulderRight;-0.5868626;0.3190129;3.259966;
ShoulderLeft;-0.6625125;0.2899439;2.979533;
ElbowRight;-0.6915681;0.146811;3.032165;
ElbowLeft;-0.7845854;0.03873694;2.904168;
WristRight;-0.8328682;-0.07429591;2.911082;
WristLeft;-0.9285917;-0.2041599;2.868804;
HandRight;-0.8799992;-0.1567151;2.913733;
HandLeft;-0.9858999;-0.3154076;2.879717;
Spine;-0.7276259;-0.02462015;3.084403;
HipCenter;-0.7055142;-0.1170541;3.072108;
HipRight;-0.6917597;-0.1453267;3.09098;
HipLeft;-0.7174763;-0.1436719;3.046422;
KneeRight;-0.772099;-0.6157416;3.046479;
KneeLeft;-0.7497066;-0.6861361;3.056104;
AnkleRight;-0.4437512;-0.9500667;3.044851;
AnkleLeft;-0.792726;-1.028805;3.207057;
FootRight;-0.3485123;-0.995187;3.018847;
FootLeft;-0.6974871;-1.073926;3.181053;
Head;-0.7523817;0.6340919;3.112626;
ShoulderCenter;-0.7588119;0.4266464;3.119531;
ShoulderRight;-0.6286749;0.3210593;3.25867;
ShoulderLeft;-0.7778406;0.2853403;2.961463;
ElbowRight;-0.7247202;0.1429297;3.031248;
ElbowLeft;-0.8481532;0.01130062;2.915087;
WristRight;-0.8529639;-0.08707197;2.911627;
WristLeft;-0.9532909;-0.2519317;2.900089;
HandRight;-0.8734384;-0.1800956;2.915267;
HandLeft;-1.020636;-0.4024788;2.915467;
Spine;-0.7431618;-0.01497949;3.085565;
HipCenter;-0.7198825;-0.1012476;3.069809;
HipRight;-0.6911824;-0.1358261;3.057633;
HipLeft;-0.7587165;-0.1222804;3.077382;
KneeRight;-0.8766899;-0.600737;3.036679;
KneeLeft;-0.7320308;-0.640052;3.217273;
AnkleRight;-0.589078;-0.9672773;3.068613;
AnkleLeft;-0.7908527;-1.026537;3.206089;
FootRight;-0.6354705;-1.069953;3.100384;
FootLeft;-0.7022149;-1.069932;3.160753;
Head;-0.7863693;0.6340246;3.104143;
ShoulderCenter;-0.7955078;0.425786;3.107706;
ShoulderRight;-0.6569759;0.3202206;3.239906;
ShoulderLeft;-0.8048759;0.2843793;2.95151;
ElbowRight;-0.7457098;0.1355422;3.015292;
ElbowLeft;-0.8591492;0.006751329;2.907482;
WristRight;-0.8587399;-0.1097647;2.915097;
WristLeft;-0.9559855;-0.2594566;2.894981;
HandRight;-0.9343805;-0.3083287;2.870313;
HandLeft;-1.014224;-0.3920051;2.910885;
Spine;-0.7908732;0.02563229;3.08538;
HipCenter;-0.766085;-0.05171379;3.072807;
HipRight;-0.7286715;-0.1130549;3.014203;
HipLeft;-0.7937401;-0.1254185;3.117826;
KneeRight;-0.9028088;-0.6205233;3.073637;
KneeLeft;-0.7631624;-0.6432798;3.2197;
AnkleRight;-0.6967176;-0.983704;3.090739;
AnkleLeft;-0.704727;-0.9843356;3.199483;
FootRight;-0.608651;-1.027606;3.044905;
FootLeft;-0.6166604;-1.028238;3.15365;
Head;-0.8058777;0.6368532;3.104697;
ShoulderCenter;-0.8182763;0.4290175;3.109514;
ShoulderRight;-0.6809512;0.3234898;3.240116;
ShoulderLeft;-0.8324817;0.2877911;2.952345;
ElbowRight;-0.771751;0.1075115;3.052249;
ElbowLeft;-0.8726424;0.008328944;2.9031;
WristRight;-0.868984;-0.1392995;2.938715;
WristLeft;-0.9571451;-0.2618065;2.885705;
HandRight;-0.8987239;-0.2234748;2.905519;
HandLeft;-0.916358;-0.3688234;2.866414;
Spine;-0.7976484;0.0331504;3.089358;
HipCenter;-0.7718989;-0.04212662;3.076989;
HipRight;-0.7359581;-0.09928788;3.023659;
HipLeft;-0.7971059;-0.1150957;3.119095;
KneeRight;-0.9334403;-0.6351354;3.102012;
KneeLeft;-0.8178238;-0.6543387;3.225715;
AnkleRight;-0.7931131;-1.013091;3.101955;
AnkleLeft;-0.798844;-0.9987737;3.184893;
FootRight;-0.7054193;-1.05612;3.054763;
FootLeft;-0.7111502;-1.041803;3.137701;
Head;-0.8526731;0.6400705;3.13191;
ShoulderCenter;-0.8666907;0.4274312;3.107402;
ShoulderRight;-0.7288795;0.321816;3.23727;
ShoulderLeft;-0.8783019;0.285897;2.949758;
ElbowRight;-0.7978759;0.102337;3.043452;
ElbowLeft;-0.8952464;0.004191756;2.899956;
WristRight;-0.8728334;-0.1553129;2.938796;
WristLeft;-0.9637998;-0.2703357;2.881972;
HandRight;-0.8907073;-0.2439794;2.908859;
HandLeft;-0.917082;-0.372543;2.864932;
Spine;-0.8310113;0.03766828;3.095462;
HipCenter;-0.8014412;-0.03639871;3.084079;
HipRight;-0.7626109;-0.09626878;3.031722;
HipLeft;-0.8213311;-0.108615;3.124977;
KneeRight;-1.080503;-0.5909643;3.076988;
KneeLeft;-0.8683026;-0.6542607;3.208106;
AnkleRight;-0.8832408;-1.003904;3.144449;
AnkleLeft;-0.8064237;-1.031982;3.193893;
FootRight;-0.7952166;-1.046277;3.097337;
FootLeft;-0.7183994;-1.074355;3.146781;
Head;-0.896458;0.6431792;3.126568;
ShoulderCenter;-0.8882426;0.4301384;3.1026;
ShoulderRight;-0.7507148;0.3245343;3.23242;
ShoulderLeft;-0.8264425;0.2943221;2.945336;
ElbowRight;-0.8139756;0.1224872;3.015699;
ElbowLeft;-0.8882148;0.01867741;2.901158;
WristRight;-0.8909066;-0.1345277;2.911159;
WristLeft;-0.9817519;-0.2482907;2.885016;
HandRight;-0.9066894;-0.2685571;2.895748;
HandLeft;-0.9627115;-0.4061156;2.868982;
Spine;-0.8583096;0.02264212;3.091837;
HipCenter;-0.8286499;-0.05687277;3.08663;
HipRight;-0.8154745;-0.1048039;3.047192;
HipLeft;-0.8291702;-0.1105981;3.123714;
KneeRight;-1.11625;-0.6178649;3.091402;
KneeLeft;-0.8731816;-0.6538301;3.209066;
AnkleRight;-1.080131;-1.055461;3.106598;
AnkleLeft;-0.8088;-1.035585;3.198746;
FootRight;-0.9840507;-1.098345;3.08019;
FootLeft;-0.7127193;-1.078469;3.172338;
Head;-0.9427055;0.6342381;3.108842;
ShoulderCenter;-0.9356094;0.4230386;3.101897;
ShoulderRight;-0.8289095;0.3463555;3.225379;
ShoulderLeft;-0.8555509;0.2876714;2.946701;
ElbowRight;-0.8542267;0.1135544;3.037045;
ElbowLeft;-0.9154277;0.01146683;2.900239;
WristRight;-0.8884979;-0.1566753;2.944893;
WristLeft;-1.007785;-0.2561806;2.882477;
HandRight;-0.8932728;-0.2447026;2.90764;
HandLeft;-1.038571;-0.3453964;2.881508;
Spine;-0.902126;0.02339743;3.084836;
HipCenter;-0.8693745;-0.05302139;3.08196;
HipRight;-0.8570026;-0.09957334;3.032748;
HipLeft;-0.8672763;-0.1198512;3.122713;
KneeRight;-1.137283;-0.6203621;3.104274;
KneeLeft;-0.8816001;-0.6525563;3.218277;
AnkleRight;-1.19058;-1.073463;3.135858;
AnkleLeft;-0.8116397;-1.040493;3.201387;
FootRight;-1.091305;-1.116106;3.123451;
FootLeft;-0.7123649;-1.083136;3.18898;
Head;-0.9663041;0.63331;3.118222;
ShoulderCenter;-0.9707423;0.4202093;3.103499;
ShoulderRight;-0.8309616;0.2761689;3.236093;
ShoulderLeft;-0.904559;0.2825399;2.948972;
ElbowRight;-0.8665529;0.08539967;3.000009;
ElbowLeft;-0.9059682;0.03289823;3.054538;
WristRight;-0.895259;-0.1850874;2.904603;
WristLeft;-1.092282;-0.06816396;3.228226;
HandRight;-0.8909271;-0.2792834;2.88739;
HandLeft;-1.145441;-0.1120326;3.244629;
Spine;-0.949376;0.02163745;3.084926;
HipCenter;-0.9200942;-0.05483497;3.078383;
HipRight;-0.8829276;-0.1117098;3.017647;
HipLeft;-0.9341456;-0.1342077;3.130973;
KneeRight;-1.099689;-0.6468059;3.15965;
KneeLeft;-0.9032122;-0.6535184;3.223152;
AnkleRight;-1.303244;-1.06162;3.128448;
AnkleLeft;-0.8114886;-1.043808;3.204693;
FootRight;-1.205917;-1.105122;3.104098;
FootLeft;-0.7141615;-1.08731;3.180343;
Head;-1.006896;0.6259194;3.102204;
ShoulderCenter;-1.02569;0.4163519;3.10532;
ShoulderRight;-0.8854119;0.3005114;3.223859;
ShoulderLeft;-0.9519132;0.2792718;2.950467;
ElbowRight;-0.9016979;0.0979899;2.996191;
ElbowLeft;-0.927011;-0.002767026;2.898592;
WristRight;-0.9167377;-0.1577807;2.888096;
WristLeft;-1.095636;-0.06999719;3.102197;
HandRight;-0.9033657;-0.2513645;2.871809;
HandLeft;-1.14815;-0.1136049;3.083018;
Spine;-1.034162;0.02039284;3.105233;
HipCenter;-1.010665;-0.05777108;3.102641;
HipRight;-0.9932179;-0.1083329;3.059474;
HipLeft;-1.024831;-0.1107647;3.141977;
KneeRight;-1.111312;-0.6513581;3.156676;
KneeLeft;-0.9141347;-0.6550407;3.220043;
AnkleRight;-1.385206;-1.031227;3.108169;
AnkleLeft;-0.8094817;-1.045998;3.20608;
FootRight;-1.288743;-1.07755;3.084682;
FootLeft;-0.8507843;-1.121612;3.298004;
Head;-1.023295;0.6159615;3.145498;
ShoulderCenter;-1.052137;0.4021357;3.108608;
ShoulderRight;-0.9327321;0.3042918;3.252056;
ShoulderLeft;-0.9801172;0.264574;2.953878;
ElbowRight;-0.9368509;0.1073497;3.018108;
ElbowLeft;-0.9569567;-0.01828951;2.911422;
WristRight;-0.9223993;-0.1620272;2.914063;
WristLeft;-1.131398;-0.07848258;3.11258;
HandRight;-0.9044545;-0.229797;2.922973;
HandLeft;-1.196359;-0.1012205;3.178947;
Spine;-1.038179;0.01460772;3.101298;
HipCenter;-1.012514;-0.06155251;3.099812;
HipRight;-0.9964777;-0.121608;3.046215;
HipLeft;-1.023654;-0.1244564;3.141428;
KneeRight;-1.126706;-0.6504076;3.151989;
KneeLeft;-0.9300162;-0.6584927;3.221587;
AnkleRight;-1.433059;-1.005509;3.100879;
AnkleLeft;-0.8106645;-1.04726;3.208352;
FootRight;-1.334325;-1.04998;3.084171;
FootLeft;-0.7119301;-1.09173;3.191645;
Head;-1.095876;0.6034752;3.08959;
ShoulderCenter;-1.102942;0.3981014;3.1126;
ShoulderRight;-0.9701822;0.3043288;3.254728;
ShoulderLeft;-1.00926;0.2768588;2.962021;
ElbowRight;-0.9856918;0.1181907;3.011212;
ElbowLeft;-0.9828452;-0.005612075;2.914966;
WristRight;-0.9490443;-0.1549982;2.926822;
WristLeft;-1.164187;-0.07017818;3.109243;
HandRight;-0.9311697;-0.2225029;2.935697;
HandLeft;-1.231211;-0.09397015;3.172583;
Spine;-1.09149;0.006502658;3.1011;
HipCenter;-1.063601;-0.06943972;3.0988;
HipRight;-1.047318;-0.1297263;3.039606;
HipLeft;-1.068038;-0.142824;3.14967;
KneeRight;-1.137966;-0.6620463;3.179487;
KneeLeft;-0.9536406;-0.6653753;3.227179;
AnkleRight;-1.433267;-1.025553;3.109985;
AnkleLeft;-0.8120612;-1.046265;3.207982;
FootRight;-1.33408;-1.070059;3.096069;
FootLeft;-0.7128735;-1.09077;3.194065;
Head;-1.097831;0.5936792;3.097023;
ShoulderCenter;-1.140922;0.3919888;3.11809;
ShoulderRight;-1.011992;0.2824285;3.205034;
ShoulderLeft;-1.081115;0.2818269;2.979125;
ElbowRight;-1.019257;0.07006456;2.987096;
ElbowLeft;-1.034927;0.002881378;2.921401;
WristRight;-0.9931502;-0.205385;2.907383;
WristLeft;-1.213522;-0.06748223;3.116042;
HandRight;-0.9409933;-0.3499992;2.874535;
HandLeft;-1.271507;-0.1014292;3.136585;
Spine;-1.137524;-0.02369155;3.102684;
HipCenter;-1.111075;-0.104604;3.09552;
HipRight;-1.088223;-0.1620283;3.0376;
HipLeft;-1.125305;-0.1694746;3.144017;
KneeRight;-1.102559;-0.5720393;3.195029;
KneeLeft;-0.9636737;-0.6699996;3.228859;
AnkleRight;-1.386121;-0.9425993;3.112159;
AnkleLeft;-0.8248752;-1.043967;3.211027;
FootRight;-1.290474;-0.9875401;3.083231;
FootLeft;-0.7292287;-1.088908;3.182099;
Head;-1.166854;0.5970607;3.12341;
ShoulderCenter;-1.178727;0.38426;3.11519;
ShoulderRight;-1.073799;0.2158911;3.106895;
ShoulderLeft;-1.110576;0.2756311;2.97597;
ElbowRight;-1.070901;-0.02122501;2.931437;
ElbowLeft;-1.06521;-0.003749162;2.927807;
WristRight;-1.01367;-0.2696306;2.894609;
WristLeft;-1.246566;-0.07724784;3.118321;
HandRight;-1.019138;-0.3308962;2.860792;
HandLeft;-1.306506;-0.1136254;3.115044;
Spine;-1.177658;-0.0493256;3.095324;
HipCenter;-1.152327;-0.1347401;3.088648;
HipRight;-1.137337;-0.1847536;3.037085;
HipLeft;-1.154949;-0.1837521;3.134136;
KneeRight;-1.098951;-0.537563;3.284531;
KneeLeft;-0.9815917;-0.6748521;3.235447;
AnkleRight;-1.341987;-0.9351055;3.202562;
AnkleLeft;-0.8313011;-1.043064;3.214898;
FootRight;-1.245239;-0.9803268;3.178801;
FootLeft;-0.7345527;-1.088285;3.191137;
Head;-1.174995;0.5926737;3.145789;
ShoulderCenter;-1.229511;0.3837607;3.115726;
ShoulderRight;-1.169129;0.2372258;3.001999;
ShoulderLeft;-1.177351;0.2852637;2.984782;
ElbowRight;-1.132711;-0.01543706;2.928759;
ElbowLeft;-1.136372;0.005551785;2.924942;
WristRight;-1.084839;-0.2796204;2.91976;
WristLeft;-1.311317;-0.08269861;3.116135;
HandRight;-1.070923;-0.3465366;2.903509;
HandLeft;-1.369632;-0.1121154;3.184824;
Spine;-1.224523;-0.03823054;3.091058;
HipCenter;-1.198751;-0.1204698;3.083606;
HipRight;-1.194415;-0.1571012;3.043488;
HipLeft;-1.199652;-0.1591881;3.116538;
KneeRight;-1.128229;-0.546297;3.225559;
KneeLeft;-1.01126;-0.7055891;3.250776;
AnkleRight;-1.38897;-0.9324347;3.136679;
AnkleLeft;-0.8628027;-1.019399;3.216238;
FootRight;-1.291902;-0.9772415;3.113299;
FootLeft;-0.7657343;-1.064205;3.192858;
Head;-1.286778;0.5929754;3.088741;
ShoulderCenter;-1.257612;0.3872723;3.105465;
ShoulderRight;-1.185199;0.1827016;2.978306;
ShoulderLeft;-1.220134;0.2732061;2.967021;
ElbowRight;-1.174431;-0.02567191;2.924021;
ElbowLeft;-1.171204;-0.006536782;2.924024;
WristRight;-1.128154;-0.2589818;2.918728;
WristLeft;-1.129526;-0.287672;2.917286;
HandRight;-1.114234;-0.3259201;2.902472;
HandLeft;-1.097177;-0.3491668;2.906765;
Spine;-1.262914;-0.04415829;3.10499;
HipCenter;-1.25012;-0.1288363;3.084654;
HipRight;-1.240939;-0.17473;3.036826;
HipLeft;-1.256555;-0.1740136;3.126718;
KneeRight;-1.148851;-0.5572293;3.276438;
KneeLeft;-1.310423;-0.6418906;3.18417;
AnkleRight;-1.403667;-0.9376481;3.138577;
AnkleLeft;-1.167815;-0.9591221;3.151637;
FootRight;-1.356894;-0.9835739;3.050985;
FootLeft;-1.282504;-1.003926;3.125782;
Head;-1.272044;0.6014317;3.097643;
ShoulderCenter;-1.308494;0.3932693;3.101331;
ShoulderRight;-1.221531;0.2744407;3.11441;
ShoulderLeft;-1.283077;0.2633139;2.961383;
ElbowRight;-1.230929;0.02425876;2.948835;
ElbowLeft;-1.237247;-0.01744199;2.913483;
WristRight;-1.185691;-0.2570814;2.925314;
WristLeft;-1.196705;-0.2988788;2.919167;
HandRight;-1.171762;-0.3240626;2.909048;
HandLeft;-1.190205;-0.3656228;2.940335;
Spine;-1.320186;-0.0322794;3.082204;
HipCenter;-1.297361;-0.1158136;3.071522;
HipRight;-1.284603;-0.1508072;3.029939;
HipLeft;-1.308433;-0.1578927;3.106338;
KneeRight;-1.219323;-0.5266174;3.26935;
KneeLeft;-1.448575;-0.6866313;3.115237;
AnkleRight;-1.422719;-0.938144;3.133502;
AnkleLeft;-1.305762;-1.004321;3.082693;
FootRight;-1.330527;-0.9839602;3.096487;
FootLeft;-1.21357;-1.050137;3.045678;
Head;-1.322522;0.6161216;3.122272;
ShoulderCenter;-1.327801;0.4001143;3.092835;
ShoulderRight;-1.250439;0.2838473;3.133463;
ShoulderLeft;-1.30319;0.2633664;2.953289;
ElbowRight;-1.284572;0.04010677;2.959299;
ElbowLeft;-1.334345;0.03268066;2.901206;
WristRight;-1.24796;-0.2423297;2.922715;
WristLeft;-1.308286;-0.250537;2.912589;
HandRight;-1.234038;-0.3092728;2.906458;
HandLeft;-1.273146;-0.3113978;2.911817;
Spine;-1.336839;-0.000276589;3.080199;
HipCenter;-1.312544;-0.07579435;3.074065;
HipRight;-1.293334;-0.1334171;3.013012;
HipLeft;-1.318607;-0.1538227;3.124282;
KneeRight;-1.242416;-0.4689705;3.277488;
KneeLeft;-1.451237;-0.6884845;3.115329;
AnkleRight;-1.399312;-0.9072948;3.179276;
AnkleLeft;-1.308614;-1.005751;3.08278;
FootRight;-1.304152;-0.9531035;3.151178;
FootLeft;-1.213454;-1.05156;3.054682;
Head;-1.423121;0.611872;3.063985;
ShoulderCenter;-1.378484;0.4115402;3.089535;
ShoulderRight;-1.267029;0.3342694;3.216946;
ShoulderLeft;-1.35973;0.2563773;2.932796;
ElbowRight;-1.305708;0.1087186;3.016771;
ElbowLeft;-1.391388;0.01505949;2.90603;
WristRight;-1.310694;-0.1692192;2.936223;
WristLeft;-1.371192;-0.269638;2.902225;
HandRight;-1.379545;-0.2345609;2.942523;
HandLeft;-1.343317;-0.3339704;2.907543;
Spine;-1.362543;-0.0155144;3.081459;
HipCenter;-1.337185;-0.09829306;3.074303;
HipRight;-1.319852;-0.12002;3.04899;
HipLeft;-1.359927;-0.1545514;3.094457;
KneeRight;-1.406424;-0.5551522;3.183456;
KneeLeft;-1.418607;-0.7135923;3.22828;
AnkleRight;-1.476892;-1.018791;3.105605;
AnkleLeft;-1.078274;-0.9630678;3.252537;
FootRight;-1.382598;-1.063112;3.072625;
FootLeft;-0.9839795;-1.00739;3.219557;
Head;-1.417764;0.6227834;3.065498;
ShoulderCenter;-1.400001;0.4171094;3.088578;
ShoulderRight;-1.309479;0.3246824;3.168121;
ShoulderLeft;-1.385579;0.2657615;2.934477;
ElbowRight;-1.362956;0.09228994;2.979141;
ElbowLeft;-1.397965;-0.01071137;2.893274;
WristRight;-1.45393;-0.1781116;2.932819;
WristLeft;-1.449841;-0.2926751;2.892012;
HandRight;-1.484255;-0.2682455;2.922346;
HandLeft;-1.439622;-0.3666049;2.897136;
Spine;-1.390778;0.001047645;3.076992;
HipCenter;-1.361914;-0.08038761;3.069401;
HipRight;-1.343532;-0.120347;3.117419;
HipLeft;-1.38407;-0.1443809;3.010712;
KneeRight;-1.452593;-0.5415431;3.164569;
KneeLeft;-1.428393;-0.6812897;3.247441;
AnkleRight;-1.482692;-1.012065;3.108654;
AnkleLeft;-1.172045;-0.971443;3.282758;
FootRight;-1.536816;-1.101176;3.115867;
FootLeft;-1.077615;-1.015828;3.25002;
Head;-1.45856;0.6248807;3.070538;
ShoulderCenter;-1.428137;0.4163704;3.079643;
ShoulderRight;-1.343277;0.33122;3.20628;
ShoulderLeft;-1.435957;0.2525755;2.918085;
ElbowRight;-1.414641;0.1469337;2.968796;
ElbowLeft;-1.479401;-0.03039688;2.867507;
WristRight;-1.486348;-0.1183404;2.870808;
WristLeft;-1.516671;-0.3132892;2.884206;
HandRight;-1.510338;-0.1839429;2.880129;
HandLeft;-1.528357;-0.3827322;2.881519;
Spine;-1.412691;0.002040343;3.074712;
HipCenter;-1.384256;-0.07831745;3.068073;
HipRight;-1.356045;-0.1188803;3.115498;
HipLeft;-1.401077;-0.1458393;3.013707;
KneeRight;-1.512606;-0.6470639;3.090265;
KneeLeft;-1.461674;-0.6672843;3.280868;
AnkleRight;-1.481975;-1.051145;3.105814;
AnkleLeft;-1.265872;-0.9837782;3.310393;
FootRight;-1.387437;-1.095342;3.073056;
FootLeft;-1.353098;-1.020306;3.22745;
Head;-1.4956;0.6220113;3.052699;
ShoulderCenter;-1.476735;0.4171714;3.079134;
ShoulderRight;-1.37286;0.3393708;3.209;
ShoulderLeft;-1.44164;0.2670281;2.926261;
ElbowRight;-1.443442;0.1571355;2.969543;
ElbowLeft;-1.500623;0.007915199;2.887037;
WristRight;-1.515035;-0.1075578;2.869845;
WristLeft;-1.532585;-0.2414915;2.907696;
HandRight;-1.539036;-0.1731895;2.87917;
HandLeft;-1.544276;-0.3109655;2.905008;
Spine;-1.46389;-0.003485801;3.071961;
HipCenter;-1.434596;-0.08500484;3.067034;
HipRight;-1.417242;-0.1286333;3.105826;
HipLeft;-1.440343;-0.1348216;3.022445;
KneeRight;-1.516656;-0.648787;3.090424;
KneeLeft;-1.479049;-0.6624947;3.285056;
AnkleRight;-1.482136;-1.04901;3.107418;
AnkleLeft;-1.384919;-0.9961897;3.287436;
FootRight;-1.385506;-1.093362;3.081805;
FootLeft;-1.441222;-1.040432;3.184041;
Head;-1.516352;0.6166582;3.054074;
ShoulderCenter;-1.48728;0.413082;3.080867;
ShoulderRight;-1.402083;0.3353607;3.233717;
ShoulderLeft;-1.465835;0.2917291;2.939636;
ElbowRight;-1.474882;0.1594714;2.989899;
ElbowLeft;-1.539388;0.01488271;2.925446;
WristRight;-1.494564;-0.1235044;2.932368;
WristLeft;-1.573877;-0.2440341;2.946625;
HandRight;-1.518567;-0.1891415;2.941694;
HandLeft;-1.585569;-0.3135138;2.943937;
Spine;-1.474521;-0.00349596;3.075718;
HipCenter;-1.445355;-0.08424079;3.072273;
HipRight;-1.428243;-0.1293996;3.112244;
HipLeft;-1.455022;-0.1318238;3.028554;
KneeRight;-1.521691;-0.6505305;3.09114;
KneeLeft;-1.491453;-0.6591209;3.295346;
AnkleRight;-1.483657;-1.048421;3.107758;
AnkleLeft;-1.439738;-1.002036;3.244788;
FootRight;-1.386258;-1.09281;3.085552;
FootLeft;-1.494068;-1.039538;3.137802;
Head;-1.539522;0.6102277;3.037784;
ShoulderCenter;-1.511428;0.4136776;3.083148;
ShoulderRight;-1.426044;0.325855;3.23317;
ShoulderLeft;-1.476412;0.2663738;2.948397;
ElbowRight;-1.49947;0.1375177;2.999342;
ElbowLeft;-1.544451;-0.01185773;2.936285;
WristRight;-1.528594;-0.1435433;2.930801;
WristLeft;-1.512241;-0.2823089;2.919802;
HandRight;-1.55262;-0.2092432;2.940136;
HandLeft;-1.523944;-0.351855;2.917111;
Spine;-1.491629;-0.005341156;3.086461;
HipCenter;-1.461278;-0.08630622;3.085591;
HipRight;-1.451106;-0.137938;3.140256;
HipLeft;-1.464585;-0.1379847;3.034173;
KneeRight;-1.530496;-0.6725451;3.101184;
KneeLeft;-1.496456;-0.6637135;3.307272;
AnkleRight;-1.492899;-1.04844;3.113688;
AnkleLeft;-1.652153;-1.060711;3.229784;
FootRight;-1.394404;-1.092644;3.094357;
FootLeft;-1.554107;-1.083858;3.153893;
Head;-1.560173;0.5917449;3.050598;
ShoulderCenter;-1.528751;0.3966624;3.098717;
ShoulderRight;-1.468543;0.3195786;3.26203;
ShoulderLeft;-1.517981;0.2962611;2.962419;
ElbowRight;-1.507989;0.1013527;3.049457;
ElbowLeft;-1.541944;0.009559691;2.938252;
WristRight;-1.532285;-0.1761578;2.962495;
WristLeft;-1.520308;-0.2773678;2.924747;
HandRight;-1.556337;-0.2419273;2.97184;
HandLeft;-1.532023;-0.3469876;2.922053;
Spine;-1.515511;-0.0327268;3.114626;
HipCenter;-1.485615;-0.1164628;3.117028;
HipRight;-1.463022;-0.1498945;3.153179;
HipLeft;-1.493979;-0.1594352;3.073776;
KneeRight;-1.534276;-0.675859;3.102199;
KneeLeft;-1.506451;-0.6806128;3.359167;
AnkleRight;-1.4931;-1.049885;3.114242;
AnkleLeft;-1.680815;-1.066078;3.241296;
FootRight;-1.394386;-1.094774;3.097535;
FootLeft;-1.57884;-1.082472;3.168814;
Head;-1.551987;0.5838584;3.053823;
ShoulderCenter;-1.562655;0.3923935;3.11371;
ShoulderRight;-1.481781;0.2519724;3.288527;
ShoulderLeft;-1.522929;0.2797353;2.979025;
ElbowRight;-1.519321;0.05625622;3.051996;
ElbowLeft;-1.547483;-0.006804228;2.949015;
WristRight;-1.542251;-0.2198167;2.959888;
WristLeft;-1.546075;-0.2943161;2.940736;
HandRight;-1.566306;-0.2855942;2.969234;
HandLeft;-1.557792;-0.3639443;2.938042;
Spine;-1.539299;-0.008304873;3.161833;
HipCenter;-1.506273;-0.08539078;3.171251;
HipRight;-1.483712;-0.1325097;3.129308;
HipLeft;-1.512597;-0.1383196;3.225632;
KneeRight;-1.544046;-0.684352;3.106276;
KneeLeft;-1.516316;-0.7002754;3.390677;
AnkleRight;-1.495935;-1.046359;3.108563;
AnkleLeft;-1.697277;-1.056679;3.261444;
FootRight;-1.396248;-1.090456;3.09644;
FootLeft;-1.594427;-1.079575;3.192119;
Head;-1.575935;0.5855156;3.071172;
ShoulderCenter;-1.582574;0.3897157;3.123187;
ShoulderRight;-1.495274;0.2501335;3.295026;
ShoulderLeft;-1.541467;0.2723389;2.992368;
ElbowRight;-1.534009;0.05206022;3.061193;
ElbowLeft;-1.566097;-0.01340988;2.982379;
WristRight;-1.553708;-0.2247292;2.971334;
WristLeft;-1.559978;-0.3007573;2.963015;
HandRight;-1.577766;-0.2905163;2.980681;
HandLeft;-1.571697;-0.3703958;2.96032;
Spine;-1.560342;-0.03576283;3.24648;
HipCenter;-1.526619;-0.1186298;3.269796;
HipRight;-1.507144;-0.1557964;3.324838;
HipLeft;-1.530156;-0.1631321;3.23451;
KneeRight;-1.549159;-0.6848158;3.105505;
KneeLeft;-1.542362;-0.6759555;3.492973;
AnkleRight;-1.496228;-1.046601;3.108683;
AnkleLeft;-1.723575;-1.03433;3.361773;
FootRight;-1.397383;-1.091803;3.094309;
FootLeft;-1.64434;-1.052147;3.265332;
Head;-1.573081;0.4267935;3.04901;
ShoulderCenter;-1.597367;0.3340743;3.201021;
ShoulderRight;-1.539854;0.180944;3.373892;
ShoulderLeft;-1.554513;0.2147644;3.071367;
ElbowRight;-1.560344;0.03722399;3.096184;
ElbowLeft;-1.580923;-0.02264203;2.999686;
WristRight;-1.570658;-0.2371525;2.994894;
WristLeft;-1.549874;-0.3073156;3.014145;
HandRight;-1.594713;-0.3029305;3.00424;
HandLeft;-1.561591;-0.3769444;3.011451;
Spine;-1.596032;-0.1053335;3.297244;
HipCenter;-1.568169;-0.1919168;3.318924;
HipRight;-1.561899;-0.2168034;3.35136;
HipLeft;-1.572024;-0.2105455;3.295015;
KneeRight;-1.55979;-0.6941704;3.107127;
KneeLeft;-1.597418;-0.655884;3.589583;
AnkleRight;-1.498498;-1.047349;3.105297;
AnkleLeft;-1.778631;-1.014258;3.458401;
FootRight;-1.399146;-1.09336;3.101085;
FootLeft;-1.703362;-1.033489;3.359194;
Head;-1.623836;0.3342739;3.270306;
ShoulderCenter;-1.593171;0.06734335;3.28976;
ShoulderRight;-1.535657;-0.08578703;3.462631;
ShoulderLeft;-1.550317;-0.05196664;3.160106;
ElbowRight;-1.574115;-0.1492451;3.155393;
ElbowLeft;-1.653293;-0.1044413;2.952361;
WristRight;-1.591113;-0.413045;3.026634;
WristLeft;-1.571199;-0.362031;3.036357;
HandRight;-1.615182;-0.4788604;3.035985;
HandLeft;-1.582923;-0.4316993;3.03366;
Spine;-1.638919;-0.1659942;3.26561;
HipCenter;-1.62057;-0.2150919;3.262801;
HipRight;-1.619182;-0.2909167;3.331613;
HipLeft;-1.633492;-0.2581649;3.176397;
KneeRight;-1.571713;-0.7048124;3.112253;
KneeLeft;-1.626234;-0.6851639;3.549753;
AnkleRight;-1.499572;-1.046767;3.101103;
AnkleLeft;-1.807447;-1.043538;3.418596;
FootRight;-1.403179;-1.098569;3.095562;
FootLeft;-1.719752;-1.055624;3.328922;
Head;-1.64772;0.3040303;3.296899;
ShoulderCenter;-1.647103;0.02700183;3.345464;
ShoulderRight;-1.589589;-0.1261286;3.518335;
ShoulderLeft;-1.604249;-0.09230816;3.21581;
ElbowRight;-1.614126;-0.1701438;3.205964;
ElbowLeft;-1.675429;-0.02296522;2.998699;
WristRight;-1.625759;-0.4404134;3.093094;
WristLeft;-1.61988;-0.2730614;3.114895;
HandRight;-1.649824;-0.5062196;3.102444;
HandLeft;-1.627016;-0.3433465;3.11736;
Spine;-1.676237;-0.0523093;3.397532;
HipCenter;-1.654619;-0.0711132;3.409907;
HipRight;-1.66529;-0.1262885;3.494193;
HipLeft;-1.6528;-0.131483;3.384069;
KneeRight;-1.590051;-0.632457;3.162153;
KneeLeft;-1.667941;-0.6417065;3.688546;
AnkleRight;-1.497014;-1.052197;3.102943;
AnkleLeft;-1.850087;-1.031535;3.577112;
FootRight;-1.55487;-1.121384;3.12596;
FootLeft;-1.760136;-1.044071;3.489873;
Head;-1.684954;0.2816836;3.326038;
ShoulderCenter;-1.674677;0.03897392;3.334746;
ShoulderRight;-1.617163;-0.1141565;3.507616;
ShoulderLeft;-1.631823;-0.08033607;3.205091;
ElbowRight;-1.641687;-0.1581479;3.195449;
ElbowLeft;-1.744867;0.09640264;3.141886;
WristRight;-1.657832;-0.3643652;3.113663;
WristLeft;-1.670955;-0.1782019;3.169951;
HandRight;-1.681882;-0.4301327;3.123008;
HandLeft;-1.678086;-0.2484457;3.172415;
Spine;-1.718095;-0.02080865;3.38776;
HipCenter;-1.699446;-0.04266556;3.400216;
HipRight;-1.735764;-0.1315236;3.517274;
HipLeft;-1.688831;-0.07601473;3.360179;
KneeRight;-1.625799;-0.6338607;3.191029;
KneeLeft;-1.702106;-0.5914751;3.654531;
AnkleRight;-1.509176;-0.9591591;3.176886;
AnkleLeft;-1.884282;-0.9872836;3.545913;
FootRight;-1.533297;-1.075515;3.135563;
FootLeft;-1.794419;-0.9998074;3.458759;
Head;-1.706473;0.3588298;3.364722;
ShoulderCenter;-1.703158;0.1191429;3.370779;
ShoulderRight;-1.645644;-0.0339875;3.543649;
ShoulderLeft;-1.660304;-0.0001671091;3.241124;
ElbowRight;-1.670163;-0.07797019;3.231554;
ElbowLeft;-1.771578;-0.09914508;3.363732;
WristRight;-1.67935;-0.287219;3.152394;
WristLeft;-1.694364;-0.2919145;3.303745;
HandRight;-1.703388;-0.3529494;3.161734;
HandLeft;-1.701491;-0.3621188;3.306207;
Spine;-1.750268;-0.1716821;3.448757;
HipCenter;-1.732213;-0.2324912;3.466338;
HipRight;-1.723415;-0.2771524;3.419052;
HipLeft;-1.744437;-0.2293061;3.523152;
KneeRight;-1.611173;-0.7783294;3.126473;
KneeLeft;-1.754014;-0.7674415;3.806942;
AnkleRight;-1.470199;-1.093679;3.108055;
AnkleLeft;-1.935226;-1.125816;3.675889;
FootRight;-1.374253;-1.145725;3.102455;
FootLeft;-1.845447;-1.138327;3.588818;
Head;-1.64725;-0.7402483;3.125733;
ShoulderCenter;-1.643935;-0.9799352;3.131791;
ShoulderRight;-1.586421;-1.133066;3.304662;
ShoulderLeft;-1.601081;-1.099245;3.002137;
ElbowRight;-1.610905;-1.176984;2.992982;
ElbowLeft;-1.646036;-0.8410609;3.090399;
WristRight;-1.620128;-1.386297;2.913409;
WristLeft;-1.695852;-0.6127558;3.242438;
HandRight;-1.644147;-1.451978;2.922741;
HandLeft;-1.712457;-0.5366541;3.298043;
Spine;-1.624123;-0.8428515;3.283138;
HipCenter;-1.647728;-0.8172703;3.318151;
HipRight;-1.625505;-0.7924927;3.335503;
HipLeft;-1.670218;-0.8306375;3.312835;
KneeRight;-1.608807;-0.8528492;3.13427;
KneeLeft;-1.670493;-1.642718;3.470939;
AnkleRight;-1.510069;-1.034786;3.104955;
AnkleLeft;-1.851706;-2.001093;3.339888;
FootRight;-1.571055;-1.097807;3.135299;
FootLeft;-1.947266;-2.05374;3.343879;
