Floor;-0.01986034;0.9998025;-0.0007248346;1.081304;
Head;-1.086624;0.6146252;3.302044;
ShoulderCenter;-1.213017;0.4171435;3.26695;
ShoulderRight;-1.133198;0.2084579;3.360046;
ShoulderLeft;-1.274312;0.2947136;3.121459;
ElbowRight;-1.112255;-0.05199894;3.46594;
ElbowLeft;-1.357334;0.06140834;3.026231;
WristRight;-0.9940034;-0.2540108;3.464688;
WristLeft;-1.392025;-0.2419517;2.996982;
HandRight;-0.9490104;-0.3322251;3.471632;
HandLeft;-1.413262;-0.3233929;3.015594;
Spine;-1.19913;0.002795421;3.241265;
HipCenter;-1.196352;-0.08007419;3.239841;
HipRight;-1.162485;-0.1626504;3.285837;
HipLeft;-1.225986;-0.1238353;3.183097;
KneeRight;-1.077337;-0.538314;3.120765;
KneeLeft;-1.194871;-0.6466144;3.146447;
AnkleRight;-1.251062;-0.8972161;3.273953;
AnkleLeft;-1.417765;-1.01146;3.215063;
FootRight;-1.187326;-0.9303566;3.238585;
FootLeft;-1.410521;-1.087469;3.188035;
Head;-1.031421;0.6010696;3.289875;
ShoulderCenter;-1.181231;0.4138593;3.250068;
ShoulderRight;-1.095912;0.205659;3.377024;
ShoulderLeft;-1.247717;0.292377;3.115197;
ElbowRight;-1.059158;-0.03559963;3.465336;
ElbowLeft;-1.35223;0.05755567;3.023985;
WristRight;-0.9251326;-0.2222669;3.470653;
WristLeft;-1.392062;-0.2442501;3.004473;
HandRight;-0.872402;-0.288111;3.479166;
HandLeft;-1.414148;-0.3230531;3.014165;
Spine;-1.169723;0.03378496;3.221094;
HipCenter;-1.167193;-0.04055455;3.218581;
HipRight;-1.133939;-0.1273419;3.267632;
HipLeft;-1.198775;-0.08780591;3.157129;
KneeRight;-1.308258;-0.6493774;3.323174;
KneeLeft;-1.122884;-0.6505547;3.149361;
AnkleRight;-1.288328;-1.050885;3.271815;
AnkleLeft;-1.347193;-1.046211;3.220542;
FootRight;-1.26786;-1.092899;3.370027;
FootLeft;-1.302892;-1.101203;3.182122;
Head;-1.013257;0.6195387;3.297712;
ShoulderCenter;-1.139766;0.4147141;3.242173;
ShoulderRight;-1.079875;0.2111823;3.38327;
ShoulderLeft;-1.220684;0.2962898;3.117335;
ElbowRight;-1.023656;-0.002862167;3.466021;
ElbowLeft;-1.338034;0.05834242;3.024964;
WristRight;-0.853112;-0.1887139;3.463179;
WristLeft;-1.389228;-0.2435793;3.006169;
HandRight;-0.8038123;-0.2503194;3.463941;
HandLeft;-1.412966;-0.3229894;3.01376;
Spine;-1.13236;0.01660163;3.224087;
HipCenter;-1.129153;-0.06383072;3.224236;
HipRight;-1.093405;-0.1682467;3.295061;
HipLeft;-1.157379;-0.1310144;3.142709;
KneeRight;-1.285373;-0.689559;3.345192;
KneeLeft;-1.05189;-0.652795;3.136042;
AnkleRight;-1.152115;-1.053665;3.207563;
AnkleLeft;-1.233018;-1.069551;3.232531;
FootRight;-1.12712;-1.120979;3.243043;
FootLeft;-1.138487;-1.106272;3.194356;
Head;-0.9748112;0.61422;3.257879;
ShoulderCenter;-1.110265;0.4169901;3.230905;
ShoulderRight;-1.031152;0.2251626;3.391423;
ShoulderLeft;-1.185861;0.2939272;3.109085;
ElbowRight;-0.986505;0.02249514;3.451241;
ElbowLeft;-1.315469;0.05135678;3.02714;
WristRight;-0.782428;-0.1708225;3.473584;
WristLeft;-1.376484;-0.2407935;3.009;
HandRight;-0.7099452;-0.2170126;3.461425;
HandLeft;-1.398309;-0.3183673;3.009416;
Spine;-1.10344;0.02021299;3.225771;
HipCenter;-1.10221;-0.05944276;3.22822;
HipRight;-1.066082;-0.1581755;3.299175;
HipLeft;-1.134216;-0.1263143;3.150803;
KneeRight;-1.224446;-0.6776764;3.323783;
KneeLeft;-0.9856911;-0.6236922;3.136375;
AnkleRight;-1.296397;-1.058812;3.355939;
AnkleLeft;-1.076731;-1.052137;3.178401;
FootRight;-1.260076;-1.126731;3.357651;
FootLeft;-1.002178;-1.112599;3.207988;
Head;-0.9628118;0.6374466;3.261858;
ShoulderCenter;-1.06044;0.4162568;3.225909;
ShoulderRight;-1.004142;0.2457427;3.379988;
ShoulderLeft;-1.14025;0.2923588;3.098003;
ElbowRight;-0.9519251;0.02072116;3.457067;
ElbowLeft;-1.278287;0.04817509;3.032102;
WristRight;-0.717361;-0.152832;3.450978;
WristLeft;-1.360208;-0.2353204;3.009607;
HandRight;-0.6575072;-0.1886311;3.443845;
HandLeft;-1.376989;-0.3160905;2.998609;
Spine;-1.059897;0.01340045;3.213264;
HipCenter;-1.059483;-0.0671709;3.214384;
HipRight;-1.030944;-0.1585371;3.285874;
HipLeft;-1.088432;-0.1392962;3.134513;
KneeRight;-1.215882;-0.6825505;3.331724;
KneeLeft;-0.9298023;-0.6228554;3.125238;
AnkleRight;-1.300169;-1.057426;3.359462;
AnkleLeft;-0.9405848;-1.055964;3.157228;
FootRight;-1.265901;-1.116264;3.413761;
FootLeft;-0.8463292;-1.105265;3.168205;
Head;-0.9018928;0.6143847;3.250912;
ShoulderCenter;-1.03185;0.4101386;3.219976;
ShoulderRight;-0.9772083;0.2552054;3.387148;
ShoulderLeft;-1.109771;0.2877275;3.093933;
ElbowRight;-0.9002119;0.02033465;3.464653;
ElbowLeft;-1.255608;0.01595253;3.029628;
WristRight;-0.6799326;-0.1302474;3.452745;
WristLeft;-1.342223;-0.2419976;3.006224;
HandRight;-0.6089858;-0.1687524;3.460631;
HandLeft;-1.364853;-0.3186775;2.999117;
Spine;-1.02773;0.04183814;3.20164;
HipCenter;-1.026198;-0.0293294;3.201106;
HipRight;-0.9969423;-0.1188173;3.272541;
HipLeft;-1.05724;-0.1067588;3.117818;
KneeRight;-1.203772;-0.6947545;3.347362;
KneeLeft;-0.9375306;-0.6177529;3.129845;
AnkleRight;-1.302961;-1.062947;3.367014;
AnkleLeft;-0.7945108;-1.05362;3.127228;
FootRight;-1.268986;-1.121748;3.404958;
FootLeft;-0.6983398;-1.090484;3.126776;
Head;-0.8621117;0.6121255;3.25579;
ShoulderCenter;-0.9841212;0.4007971;3.209693;
ShoulderRight;-0.9160643;0.2136613;3.374192;
ShoulderLeft;-1.065114;0.2671641;3.074026;
ElbowRight;-0.8749737;0.02008858;3.461417;
ElbowLeft;-1.233454;0.006691694;3.02716;
WristRight;-0.6420759;-0.1173837;3.435009;
WristLeft;-1.309716;-0.2430778;2.997733;
HandRight;-0.5693433;-0.153364;3.439672;
HandLeft;-1.342243;-0.3175896;2.996292;
Spine;-0.9916195;0.006408878;3.188942;
HipCenter;-0.9931462;-0.07246348;3.188436;
HipRight;-0.9611153;-0.1622678;3.251895;
HipLeft;-1.032217;-0.1338322;3.113768;
KneeRight;-1.197201;-0.7013518;3.346955;
KneeLeft;-0.9286362;-0.6691751;3.167289;
AnkleRight;-1.301824;-1.06248;3.368187;
AnkleLeft;-0.6753007;-1.046457;3.11303;
FootRight;-1.26491;-1.120297;3.410123;
FootLeft;-0.6038226;-1.07234;3.086854;
Head;-0.8469036;0.6131083;3.243002;
ShoulderCenter;-0.9563228;0.3949767;3.207163;
ShoulderRight;-0.8899395;0.2099077;3.391611;
ShoulderLeft;-1.032595;0.263804;3.064362;
ElbowRight;-0.8168246;0.01061745;3.452881;
ElbowLeft;-1.187871;-0.006262898;3.016834;
WristRight;-0.5921931;-0.1204749;3.431513;
WristLeft;-1.27807;-0.2518576;2.994222;
HandRight;-0.5065015;-0.1514319;3.425746;
HandLeft;-1.305714;-0.3249066;2.997264;
Spine;-0.9568288;0.0226299;3.187708;
HipCenter;-0.9554358;-0.05024003;3.187474;
HipRight;-0.9234267;-0.1362862;3.248048;
HipLeft;-0.9857829;-0.1107922;3.115628;
KneeRight;-1.1834;-0.690882;3.341104;
KneeLeft;-0.9310607;-0.5670999;3.110646;
AnkleRight;-1.299999;-1.061855;3.368011;
AnkleLeft;-0.6927129;-0.9956184;3.112969;
FootRight;-1.246199;-1.124658;3.43818;
FootLeft;-0.6141866;-1.035789;3.079591;
Head;-0.7893217;0.5980891;3.25083;
ShoulderCenter;-0.9052937;0.3837765;3.199434;
ShoulderRight;-0.8495373;0.2053772;3.378966;
ShoulderLeft;-0.9970122;0.2604394;3.054404;
ElbowRight;-0.7885085;0.005646527;3.450507;
ElbowLeft;-1.147534;-0.0140909;3.011173;
WristRight;-0.5655793;-0.1250404;3.419074;
WristLeft;-1.227931;-0.2547238;2.990346;
HandRight;-0.4987257;-0.1546007;3.424001;
HandLeft;-1.271526;-0.3311912;2.997129;
Spine;-0.9125459;0.03175387;3.176921;
HipCenter;-0.9149686;-0.03906462;3.176304;
HipRight;-0.8864666;-0.1338173;3.243999;
HipLeft;-0.9492264;-0.1088914;3.094315;
KneeRight;-1.146267;-0.690884;3.314457;
KneeLeft;-0.9934494;-0.556779;3.168029;
AnkleRight;-1.299908;-1.061135;3.36779;
AnkleLeft;-0.7147037;-0.9579069;3.128023;
FootRight;-1.251612;-1.115996;3.397171;
FootLeft;-0.6383704;-0.9979333;3.093965;
Head;-0.7759835;0.6013551;3.232079;
ShoulderCenter;-0.8851167;0.3837318;3.191813;
ShoulderRight;-0.7957537;0.2019543;3.30661;
ShoulderLeft;-0.9460278;0.255081;3.043599;
ElbowRight;-0.7550452;0.0001186666;3.448696;
ElbowLeft;-1.093908;-0.02460855;2.997343;
WristRight;-0.5110499;-0.1536612;3.408667;
WristLeft;-1.181911;-0.2669877;2.990028;
HandRight;-0.4499946;-0.1835772;3.396361;
HandLeft;-1.223443;-0.3368826;2.992561;
Spine;-0.870792;0.001773767;3.163869;
HipCenter;-0.8700528;-0.07461314;3.162604;
HipRight;-0.8335922;-0.1688903;3.222393;
HipLeft;-0.9071519;-0.125705;3.090257;
KneeRight;-1.134046;-0.6835405;3.312299;
KneeLeft;-1.036416;-0.5585528;3.245142;
AnkleRight;-1.293401;-1.059568;3.370123;
AnkleLeft;-0.7289289;-0.9288993;3.148592;
FootRight;-1.258537;-1.116126;3.410594;
FootLeft;-0.6557852;-0.9666613;3.108584;
Head;-0.7398856;0.6169524;3.188087;
ShoulderCenter;-0.8301365;0.3935673;3.180029;
ShoulderRight;-0.7471354;0.2106733;3.24425;
ShoulderLeft;-0.910509;0.2542033;3.03404;
ElbowRight;-0.7264822;-0.002057163;3.436601;
ElbowLeft;-1.045517;-0.03527564;2.973467;
WristRight;-0.5118685;-0.1588513;3.405896;
WristLeft;-1.127007;-0.2630412;2.971128;
HandRight;-0.4410755;-0.1962752;3.373981;
HandLeft;-1.171601;-0.3383348;2.984219;
Spine;-0.8255714;-0.001810564;3.151422;
HipCenter;-0.8234752;-0.08095315;3.148944;
HipRight;-0.7868652;-0.1657186;3.201815;
HipLeft;-0.8570675;-0.1344383;3.082461;
KneeRight;-1.112087;-0.6818;3.313569;
KneeLeft;-1.00475;-0.5587538;3.254324;
AnkleRight;-1.277261;-1.065425;3.37382;
AnkleLeft;-0.7065706;-0.9440386;3.148924;
FootRight;-1.22886;-1.114771;3.408278;
FootLeft;-0.6404062;-0.9817732;3.099381;
Head;-0.7385522;0.626245;3.18874;
ShoulderCenter;-0.8094786;0.3941998;3.168295;
ShoulderRight;-0.7264774;0.2113059;3.232516;
ShoulderLeft;-0.8607513;0.2572294;3.024736;
ElbowRight;-0.6934919;-0.008542119;3.435451;
ElbowLeft;-0.9745446;0.01221781;2.958877;
WristRight;-0.5073879;-0.1792768;3.404089;
WristLeft;-1.041914;-0.2631775;2.936805;
HandRight;-0.4379628;-0.2347458;3.393669;
HandLeft;-1.091065;-0.3418875;2.957403;
Spine;-0.7950549;-0.001904539;3.145269;
HipCenter;-0.7923739;-0.08115865;3.144486;
HipRight;-0.759117;-0.1603682;3.195959;
HipLeft;-0.8196313;-0.1310255;3.083265;
KneeRight;-0.7672244;-0.6857798;3.177615;
KneeLeft;-0.9423375;-0.5834524;3.251614;
AnkleRight;-0.7368827;-1.052182;3.152597;
AnkleLeft;-0.6664676;-0.9899011;3.144565;
FootRight;-0.6322182;-1.076785;3.131879;
FootLeft;-0.5927491;-1.029265;3.09894;
Head;-0.665332;0.6278186;3.191972;
ShoulderCenter;-0.7681908;0.4071864;3.159299;
ShoulderRight;-0.6725752;0.2166348;3.248621;
ShoulderLeft;-0.8329092;0.2631375;3.017643;
ElbowRight;-0.637722;-0.04740766;3.404425;
ElbowLeft;-0.9136486;0.01914753;2.949657;
WristRight;-0.4884344;-0.2342458;3.402086;
WristLeft;-0.9708342;-0.2615556;2.91219;
HandRight;-0.4461047;-0.2623466;3.395552;
HandLeft;-1.014663;-0.3457851;2.926022;
Spine;-0.7627313;-0.01144466;3.125259;
HipCenter;-0.7598196;-0.09562915;3.12096;
HipRight;-0.7191377;-0.1608242;3.159245;
HipLeft;-0.80219;-0.1389095;3.072474;
KneeRight;-0.7505456;-0.6921633;3.181137;
KneeLeft;-0.8911642;-0.56436;3.249702;
AnkleRight;-0.6152536;-1.045763;3.134818;
AnkleLeft;-0.6527746;-0.9982587;3.142195;
FootRight;-0.5557906;-1.095725;3.115105;
FootLeft;-0.5813973;-1.037272;3.094552;
Head;-0.6392703;0.6367825;3.1959;
ShoulderCenter;-0.7355945;0.4138273;3.158921;
ShoulderRight;-0.6441571;0.2222038;3.248723;
ShoulderLeft;-0.7949555;0.269542;3.013316;
ElbowRight;-0.6253965;-0.0498288;3.39952;
ElbowLeft;-0.8690915;-0.004753058;2.927575;
WristRight;-0.4985808;-0.2549835;3.393188;
WristLeft;-0.9049384;-0.2516405;2.905055;
HandRight;-0.476787;-0.3210893;3.396656;
HandLeft;-0.9090887;-0.3478109;2.912641;
Spine;-0.7423003;-0.01020364;3.098243;
HipCenter;-0.7426265;-0.09508165;3.087994;
HipRight;-0.7071224;-0.1661144;3.122484;
HipLeft;-0.7769126;-0.1357308;3.027918;
KneeRight;-0.6219314;-0.6667442;3.110262;
KneeLeft;-0.8377181;-0.5617786;3.237204;
AnkleRight;-0.6151502;-1.045892;3.134888;
AnkleLeft;-0.6370695;-1.018037;3.137558;
FootRight;-0.5541502;-1.095203;3.120519;
FootLeft;-0.5516713;-1.083858;3.133722;
Head;-0.6124172;0.6309665;3.177428;
ShoulderCenter;-0.6959932;0.4144098;3.15952;
ShoulderRight;-0.6060138;0.2124221;3.25669;
ShoulderLeft;-0.7619959;0.2773488;3.008912;
ElbowRight;-0.5991125;-0.04526252;3.398786;
ElbowLeft;-0.8096606;0.03807082;2.928586;
WristRight;-0.5184467;-0.2723773;3.391047;
WristLeft;-0.8168578;-0.2472829;2.911595;
HandRight;-0.5001203;-0.3536401;3.397319;
HandLeft;-0.8410442;-0.3410881;2.899853;
Spine;-0.6655445;-0.0004074201;3.128419;
HipCenter;-0.6604329;-0.08338524;3.125761;
HipRight;-0.6195865;-0.1519568;3.168917;
HipLeft;-0.694122;-0.1309998;3.071289;
KneeRight;-0.6882219;-0.6837993;3.173282;
KneeLeft;-0.7688444;-0.5531591;3.23814;
AnkleRight;-0.6122276;-1.048848;3.134449;
AnkleLeft;-0.6260171;-1.031203;3.133514;
FootRight;-0.5534943;-1.09889;3.116921;
FootLeft;-0.5389187;-1.093426;3.131869;
Head;-0.5763174;0.6354204;3.189168;
ShoulderCenter;-0.6743439;0.423624;3.160069;
ShoulderRight;-0.5852577;0.220595;3.257797;
ShoulderLeft;-0.7270545;0.2854165;3.004385;
ElbowRight;-0.5724443;-0.03193188;3.397728;
ElbowLeft;-0.7602896;0.05224992;2.927894;
WristRight;-0.5215037;-0.2697626;3.393195;
WristLeft;-0.7270831;-0.2454617;2.912757;
HandRight;-0.5025523;-0.3468638;3.406224;
HandLeft;-0.7354752;-0.3426317;2.903863;
Spine;-0.6370184;0.004518297;3.134233;
HipCenter;-0.628643;-0.07931356;3.133009;
HipRight;-0.5937172;-0.1449008;3.172307;
HipLeft;-0.6498442;-0.1260698;3.086504;
KneeRight;-0.6008661;-0.6664541;3.104499;
KneeLeft;-0.7555387;-0.5468018;3.236225;
AnkleRight;-0.6117841;-1.04721;3.134333;
AnkleLeft;-0.6223617;-1.028978;3.129943;
FootRight;-0.5536801;-1.097545;3.117837;
FootLeft;-0.537967;-1.093676;3.132613;
Head;-0.5372856;0.6395745;3.172564;
ShoulderCenter;-0.6381466;0.4294363;3.152818;
ShoulderRight;-0.5484512;0.2263116;3.250744;
ShoulderLeft;-0.6925477;0.2900857;3.004312;
ElbowRight;-0.539575;-0.02662285;3.390521;
ElbowLeft;-0.7078404;0.0550843;2.931692;
WristRight;-0.5199029;-0.2725578;3.391648;
WristLeft;-0.6504705;-0.2303266;2.921609;
HandRight;-0.5015136;-0.3454166;3.408945;
HandLeft;-0.6363746;-0.326584;2.9085;
Spine;-0.6071319;0.009728851;3.13021;
HipCenter;-0.601247;-0.0743239;3.129359;
HipRight;-0.5536129;-0.135187;3.172333;
HipLeft;-0.6365916;-0.1195385;3.080619;
KneeRight;-0.4911183;-0.5785571;3.283726;
KneeLeft;-0.7442753;-0.54871;3.234089;
AnkleRight;-0.8548058;-0.924636;3.300572;
AnkleLeft;-0.6215706;-1.03177;3.129724;
FootRight;-0.7653398;-0.9708848;3.262977;
FootLeft;-0.5356762;-1.0964;3.130993;
Head;-0.4846693;0.6327304;3.204703;
ShoulderCenter;-0.6083204;0.4340734;3.14624;
ShoulderRight;-0.5189636;0.2308727;3.244275;
ShoulderLeft;-0.6482965;0.2939781;3.005615;
ElbowRight;-0.5076967;-0.02165603;3.38327;
ElbowLeft;-0.6586111;0.06177971;2.922084;
WristRight;-0.4916815;-0.2746807;3.382833;
WristLeft;-0.5658408;-0.2475169;2.916421;
HandRight;-0.4757161;-0.3397266;3.409808;
HandLeft;-0.5303663;-0.3221833;2.908496;
Spine;-0.5797631;0.004406248;3.124523;
HipCenter;-0.5735201;-0.08161457;3.123662;
HipRight;-0.5402035;-0.1376413;3.161989;
HipLeft;-0.5979677;-0.1231846;3.082103;
KneeRight;-0.4448474;-0.6026221;3.287466;
KneeLeft;-0.589725;-0.6655353;3.098516;
AnkleRight;-0.7795221;-0.981468;3.304407;
AnkleLeft;-0.6170193;-1.05411;3.129346;
FootRight;-0.7582972;-1.08746;3.303336;
FootLeft;-0.5352389;-1.100359;3.131517;
Head;-0.4899544;0.6583732;3.165293;
ShoulderCenter;-0.5596769;0.4353189;3.145843;
ShoulderRight;-0.4700644;0.2321348;3.243855;
ShoulderLeft;-0.611967;0.2989983;2.998314;
ElbowRight;-0.4605874;-0.02054601;3.382963;
ElbowLeft;-0.6060631;0.06658173;2.917264;
WristRight;-0.4423803;-0.2753028;3.381524;
WristLeft;-0.4599347;-0.2157197;2.89675;
HandRight;-0.4245544;-0.3382533;3.41184;
HandLeft;-0.4032401;-0.2833584;2.863869;
Spine;-0.5338266;0.007167093;3.12146;
HipCenter;-0.5290975;-0.07851034;3.120241;
HipRight;-0.4902472;-0.1492799;3.165695;
HipLeft;-0.5590216;-0.1233915;3.066634;
KneeRight;-0.4157577;-0.6199969;3.277531;
KneeLeft;-0.5887297;-0.6659216;3.099025;
AnkleRight;-0.7580467;-0.9553984;3.283759;
AnkleLeft;-0.6167617;-1.053433;3.129763;
FootRight;-0.6701779;-1.014004;3.256516;
FootLeft;-0.5376289;-1.099954;3.129973;
Head;-0.4643064;0.6628196;3.167867;
ShoulderCenter;-0.5321984;0.4381257;3.139767;
ShoulderRight;-0.4427712;0.2349301;3.2378;
ShoulderLeft;-0.5702415;0.3003998;2.994149;
ElbowRight;-0.4319949;-0.01767174;3.376849;
ElbowLeft;-0.5444968;0.05680409;2.910069;
WristRight;-0.4153799;-0.2725357;3.375619;
WristLeft;-0.3770291;-0.1921783;2.870157;
HandRight;-0.3980733;-0.3354464;3.405966;
HandLeft;-0.3237481;-0.2637717;2.859462;
Spine;-0.51279;0.006892842;3.110204;
HipCenter;-0.5084881;-0.07932588;3.107745;
HipRight;-0.4681388;-0.1509022;3.159459;
HipLeft;-0.5416754;-0.1216576;3.044394;
KneeRight;-0.3904156;-0.6390438;3.262529;
KneeLeft;-0.5773748;-0.6658337;3.099828;
AnkleRight;-0.5422922;-1.042336;3.214656;
AnkleLeft;-0.6165445;-1.054194;3.13242;
FootRight;-0.4856633;-1.091588;3.241874;
FootLeft;-0.5375624;-1.100027;3.129716;
Head;-0.3993126;0.6549404;3.175824;
ShoulderCenter;-0.4954158;0.4402414;3.138594;
ShoulderRight;-0.4058871;0.2370559;3.236609;
ShoulderLeft;-0.5577326;0.301722;2.992019;
ElbowRight;-0.3958343;-0.01561763;3.375882;
ElbowLeft;-0.4859678;0.04995875;2.897696;
WristRight;-0.3783365;-0.2703966;3.374551;
WristLeft;-0.2896776;-0.1733681;2.861662;
HandRight;-0.3608195;-0.3330658;3.404749;
HandLeft;-0.2334792;-0.2332878;2.855301;
Spine;-0.4709089;0.01924336;3.099961;
HipCenter;-0.4659391;-0.06472391;3.095606;
HipRight;-0.4202723;-0.1341677;3.140432;
HipLeft;-0.5077763;-0.1037385;3.038392;
KneeRight;-0.3616676;-0.6605178;3.253486;
KneeLeft;-0.5623602;-0.6672651;3.099318;
AnkleRight;-0.4642448;-1.035027;3.238692;
AnkleLeft;-0.6164056;-1.053289;3.132782;
FootRight;-0.3893901;-1.073169;3.195291;
FootLeft;-0.540552;-1.098768;3.127099;
Head;-0.4022281;0.6731467;3.167412;
ShoulderCenter;-0.4518758;0.4437649;3.142736;
ShoulderRight;-0.3624268;0.2405745;3.240746;
ShoulderLeft;-0.5020546;0.2982267;2.989269;
ElbowRight;-0.3518075;-0.01206476;3.380229;
ElbowLeft;-0.4347695;0.05922153;2.885674;
WristRight;-0.3350015;-0.266886;3.378938;
WristLeft;-0.2060152;-0.1670725;2.848746;
HandRight;-0.3178049;-0.3291748;3.408933;
HandLeft;-0.1522973;-0.2124435;2.860199;
Spine;-0.4454035;0.05147378;3.100115;
HipCenter;-0.4423787;-0.02447962;3.095167;
HipRight;-0.4031605;-0.1014183;3.145259;
HipLeft;-0.4836912;-0.07350792;3.029269;
KneeRight;-0.2997732;-0.6571193;3.236079;
KneeLeft;-0.5426718;-0.6678755;3.093559;
AnkleRight;-0.3407464;-1.030235;3.230302;
AnkleLeft;-0.6163239;-1.05265;3.132151;
FootRight;-0.2480009;-1.084455;3.254803;
FootLeft;-0.5406587;-1.09885;3.12698;
Head;-0.3943617;0.6045247;3.171386;
ShoulderCenter;-0.4085581;0.3488162;3.136698;
ShoulderRight;-0.3190721;0.145629;3.234712;
ShoulderLeft;-0.4646213;0.2975738;2.99191;
ElbowRight;-0.3087162;-0.1070324;3.374166;
ElbowLeft;-0.412879;0.06879395;2.885726;
WristRight;-0.2915888;-0.3618268;3.37291;
WristLeft;-0.1633977;-0.1342246;2.850462;
HandRight;-0.2744342;-0.4236057;3.402674;
HandLeft;-0.108058;-0.1766035;2.862226;
Spine;-0.4009317;0.001174666;3.123637;
HipCenter;-0.3994064;-0.06835365;3.124587;
HipRight;-0.3703185;-0.1579967;3.180615;
HipLeft;-0.4249487;-0.140331;3.058221;
KneeRight;-0.2527866;-0.6807548;3.229657;
KneeLeft;-0.5285576;-0.6685333;3.093248;
AnkleRight;-0.220529;-1.043335;3.227382;
AnkleLeft;-0.6163462;-1.052631;3.132174;
FootRight;-0.125426;-1.086684;3.264613;
FootLeft;-0.5394902;-1.099063;3.125921;
Head;-0.3592291;0.6101997;3.192359;
ShoulderCenter;-0.3704579;0.3672242;3.145983;
ShoulderRight;-0.2809719;0.1640369;3.243997;
ShoulderLeft;-0.4205249;0.2963004;2.99564;
ElbowRight;-0.270616;-0.0886244;3.383445;
ElbowLeft;-0.339023;0.06716691;2.877446;
WristRight;-0.2534886;-0.3434188;3.382186;
WristLeft;-0.1290611;-0.1186609;2.850433;
HandRight;-0.2363577;-0.4051125;3.411909;
HandLeft;-0.05629246;-0.167931;2.85917;
Spine;-0.373333;-0.02341307;3.110251;
HipCenter;-0.3702456;-0.1055821;3.104476;
HipRight;-0.3377246;-0.1711624;3.131372;
HipLeft;-0.4148489;-0.1431769;3.061326;
KneeRight;-0.227624;-0.6411895;3.226419;
KneeLeft;-0.5043428;-0.6671268;3.091086;
AnkleRight;-0.1252389;-0.9908623;3.217762;
AnkleLeft;-0.6117337;-1.047675;3.130983;
FootRight;-0.02246647;-1.034251;3.213857;
FootLeft;-0.5395623;-1.099001;3.125929;
Head;-0.2559927;0.652773;3.179054;
ShoulderCenter;-0.3378674;0.4374211;3.167995;
ShoulderRight;-0.2483814;0.2342338;3.266009;
ShoulderLeft;-0.3705733;0.2869081;2.993522;
ElbowRight;-0.2380255;-0.01842752;3.405339;
ElbowLeft;-0.2793703;0.04734376;2.873333;
WristRight;-0.2208981;-0.2732219;3.404019;
WristLeft;-0.04520767;-0.1318768;2.85281;
HandRight;-0.2037167;-0.3350975;3.43383;
HandLeft;0.01773857;-0.1636946;2.858964;
Spine;-0.3407532;-0.02020347;3.09908;
HipCenter;-0.3396752;-0.1100531;3.089255;
HipRight;-0.3091766;-0.1625403;3.114272;
HipLeft;-0.3629598;-0.1426288;3.047138;
KneeRight;-0.1884381;-0.6472337;3.218959;
KneeLeft;-0.3947743;-0.6614321;3.126819;
AnkleRight;-0.01506472;-0.9957644;3.191854;
AnkleLeft;-0.6092557;-1.041291;3.129224;
FootRight;0.09175178;-1.028372;3.201093;
FootLeft;-0.5396793;-1.098073;3.124669;
Head;-0.3454208;0.6530165;3.230029;
ShoulderCenter;-0.2900203;0.428311;3.159194;
ShoulderRight;-0.2005343;0.2251237;3.257208;
ShoulderLeft;-0.3445759;0.2827405;2.995977;
ElbowRight;-0.1901784;-0.02753762;3.396458;
ElbowLeft;-0.222105;0.03174848;2.870448;
WristRight;-0.173051;-0.282332;3.395098;
WristLeft;-0.01174212;-0.1302186;2.850052;
HandRight;-0.1558265;-0.3443627;3.424983;
HandLeft;0.05059195;-0.1630204;2.858778;
Spine;-0.3001984;-0.006424821;3.091307;
HipCenter;-0.3025163;-0.09380505;3.081444;
HipRight;-0.2759501;-0.1551236;3.114111;
HipLeft;-0.3382344;-0.1376135;3.032917;
KneeRight;-0.1523737;-0.638423;3.209942;
KneeLeft;-0.3794045;-0.6645893;3.125245;
AnkleRight;0.0468525;-1.0245;3.186493;
AnkleLeft;-0.6088345;-1.045176;3.129783;
FootRight;0.1466286;-1.033687;3.202107;
FootLeft;-0.5394329;-1.097497;3.123875;
Head;-0.1904329;0.6470121;3.21001;
ShoulderCenter;-0.2513616;0.4217115;3.168037;
ShoulderRight;-0.1618758;0.2185243;3.266051;
ShoulderLeft;-0.2958156;0.2781072;2.998727;
ElbowRight;-0.1515198;-0.03413703;3.405214;
ElbowLeft;-0.2119566;0.03869711;2.87151;
WristRight;-0.1343924;-0.2889314;3.403809;
WristLeft;0.02946712;-0.134433;2.84711;
HandRight;-0.117227;-0.3507494;3.433592;
HandLeft;0.09238084;-0.1706802;2.857501;
Spine;-0.2666712;-0.01809465;3.090042;
HipCenter;-0.2692429;-0.1062305;3.078156;
HipRight;-0.2350687;-0.1617539;3.102391;
HipLeft;-0.3038197;-0.1439067;3.03504;
KneeRight;-0.1094674;-0.639197;3.203838;
KneeLeft;-0.3422869;-0.663868;3.120829;
AnkleRight;0.04795606;-1.032634;3.179404;
AnkleLeft;-0.6059027;-1.040449;3.127927;
FootRight;0.1537487;-1.047622;3.192747;
FootLeft;-0.5383763;-1.09471;3.120486;
Head;-0.2056569;0.6509596;3.2069;
ShoulderCenter;-0.2182379;0.4176053;3.166314;
ShoulderRight;-0.1287519;0.214418;3.264328;
ShoulderLeft;-0.2468962;0.2674519;3.005636;
ElbowRight;-0.118396;-0.03824335;3.403416;
ElbowLeft;-0.1790555;0.04157096;2.875142;
WristRight;-0.1012686;-0.2930377;3.401973;
WristLeft;0.06410303;-0.1510484;2.844959;
HandRight;-0.08406374;-0.3549978;3.431824;
HandLeft;0.1191814;-0.1924672;2.861602;
Spine;-0.229277;-0.02206446;3.087453;
HipCenter;-0.231818;-0.1099718;3.075326;
HipRight;-0.207259;-0.1666396;3.104526;
HipLeft;-0.2586482;-0.1500292;3.025378;
KneeRight;-0.08622055;-0.64091;3.198956;
KneeLeft;-0.3368693;-0.6732042;3.11569;
AnkleRight;0.04516868;-1.021874;3.172025;
AnkleLeft;-0.6002429;-1.037629;3.12262;
FootRight;0.1456548;-1.054318;3.17725;
FootLeft;-0.5377226;-1.093465;3.118527;
Head;-0.1793054;0.59409;3.211585;
ShoulderCenter;-0.1700255;0.3641991;3.167692;
ShoulderRight;-0.08053952;0.1610119;3.265705;
ShoulderLeft;-0.2082466;0.2716373;3.010452;
ElbowRight;-0.07018358;-0.09164944;3.404782;
ElbowLeft;-0.1538938;0.04440216;2.882238;
WristRight;-0.05305618;-0.3464438;3.403333;
WristLeft;0.07162479;-0.1540228;2.847012;
HandRight;-0.03591429;-0.4081771;3.433075;
HandLeft;0.1251963;-0.2031268;2.852413;
Spine;-0.1692503;-0.03121105;3.099887;
HipCenter;-0.1690952;-0.1102931;3.089934;
HipRight;-0.1414077;-0.1844489;3.129446;
HipLeft;-0.1965398;-0.1600442;3.026263;
KneeRight;-0.03588722;-0.6470458;3.195038;
KneeLeft;-0.2925764;-0.6784079;3.11157;
AnkleRight;0.05806685;-1.01884;3.165384;
AnkleLeft;-0.5888158;-1.029333;3.115729;
FootRight;0.1444635;-1.057673;3.174305;
FootLeft;-0.5342194;-1.09143;3.120807;
Head;-0.1737424;0.5865054;3.207427;
ShoulderCenter;-0.1264055;0.3650625;3.170096;
ShoulderRight;-0.03691957;0.1618753;3.26811;
ShoulderLeft;-0.1672444;0.2722578;3.022071;
ElbowRight;-0.02656362;-0.09078605;3.407172;
ElbowLeft;-0.1241706;0.04516504;2.892287;
WristRight;-0.009436223;-0.3455805;3.405716;
WristLeft;0.0872722;-0.1724611;2.851272;
HandRight;0.007657989;-0.4071421;3.435375;
HandLeft;0.1371381;-0.2307149;2.853463;
Spine;-0.1257523;-0.04368481;3.102043;
HipCenter;-0.1251773;-0.1256484;3.092063;
HipRight;-0.09418356;-0.1870261;3.11874;
HipLeft;-0.1556961;-0.1656666;3.045764;
KneeRight;0.0001661894;-0.6413477;3.189628;
KneeLeft;-0.3077362;-0.6719341;3.053535;
AnkleRight;0.05751564;-1.014875;3.164644;
AnkleLeft;-0.5669491;-1.024393;3.109351;
FootRight;0.1435783;-1.059686;3.173108;
FootLeft;-0.5096813;-1.09055;3.110904;
Head;-0.1372443;0.6436123;3.196661;
ShoulderCenter;-0.08485531;0.4260221;3.191019;
ShoulderRight;0.004630633;0.2228349;3.289033;
ShoulderLeft;-0.1344077;0.2763966;3.024429;
ElbowRight;0.01498658;-0.02982646;3.427988;
ElbowLeft;-0.09064192;0.04992894;2.900768;
WristRight;0.03211398;-0.2846209;3.426478;
WristLeft;0.101907;-0.2072313;2.850088;
HandRight;0.0491579;-0.3460014;3.45605;
HandLeft;0.1388874;-0.2744517;2.8472;
Spine;-0.1087718;-0.03797319;3.096255;
HipCenter;-0.1109552;-0.1261366;3.083029;
HipRight;-0.07914971;-0.1871544;3.107158;
HipLeft;-0.1431898;-0.1573349;3.038367;
KneeRight;0.04770485;-0.6486719;3.190617;
KneeLeft;-0.2293044;-0.6695124;3.047612;
AnkleRight;0.06000998;-1.01252;3.162809;
AnkleLeft;-0.5203501;-1.011523;3.096602;
FootRight;0.1430582;-1.062857;3.173942;
FootLeft;-0.4956073;-1.089549;3.100873;
Head;-0.09710436;0.5892602;3.218954;
ShoulderCenter;-0.04740779;0.3708916;3.174065;
ShoulderRight;0.04207815;0.1677043;3.272079;
ShoulderLeft;-0.09635105;0.2832994;3.025633;
ElbowRight;0.0524341;-0.084957;3.411018;
ElbowLeft;-0.06286458;0.04891154;2.915122;
WristRight;0.0695615;-0.3397514;3.409499;
WristLeft;0.09913577;-0.2137353;2.851406;
HandRight;0.08657501;-0.4010224;3.439018;
HandLeft;0.1347694;-0.2901031;2.851452;
Spine;-0.05095568;-0.03802875;3.0837;
HipCenter;-0.05166525;-0.1198128;3.069253;
HipRight;-0.02048585;-0.1895503;3.09183;
HipLeft;-0.08369062;-0.1475793;3.022903;
KneeRight;0.06952446;-0.6582829;3.18798;
KneeLeft;-0.1402294;-0.6535266;3.033582;
AnkleRight;0.06251768;-1.019905;3.160792;
AnkleLeft;-0.4656487;-0.9723245;3.07203;
FootRight;0.1429011;-1.065136;3.173991;
FootLeft;-0.4525302;-1.079015;3.100609;
Head;-0.004399344;0.6583968;3.217487;
ShoulderCenter;-0.01456846;0.4345178;3.182744;
ShoulderRight;0.07491748;0.2313305;3.280758;
ShoulderLeft;-0.04111815;0.2942628;3.022913;
ElbowRight;0.08527343;-0.0213308;3.419658;
ElbowLeft;-0.006368586;-0.005096363;2.929644;
WristRight;0.1024008;-0.2761252;3.418119;
WristLeft;0.08613344;-0.2228447;2.860993;
HandRight;0.1193977;-0.3373362;3.447609;
HandLeft;0.1049582;-0.3091716;2.852346;
Spine;0.01525511;-0.0219036;3.125783;
HipCenter;0.02121983;-0.1131879;3.118022;
HipRight;0.05261587;-0.1607612;3.144923;
HipLeft;-0.00481672;-0.1476365;3.079203;
KneeRight;0.1013668;-0.6550729;3.173491;
KneeLeft;-0.0556301;-0.6074228;3.009112;
AnkleRight;0.06749146;-1.015038;3.159539;
AnkleLeft;-0.3989117;-0.9483174;3.05514;
FootRight;0.1539847;-1.076333;3.19397;
FootLeft;-0.3974788;-1.05734;3.080921;
Head;0.1001151;0.653915;3.217034;
ShoulderCenter;0.02642127;0.4419234;3.166195;
ShoulderRight;0.1159072;0.2387361;3.264209;
ShoulderLeft;-0.02146036;0.298153;3.025131;
ElbowRight;0.1262632;-0.01392523;3.403035;
ElbowLeft;0.009119167;0.05865963;2.925425;
WristRight;0.1433906;-0.2687196;3.401459;
WristLeft;0.06895874;-0.2110515;2.873192;
HandRight;0.1603943;-0.3299554;3.430961;
HandLeft;0.08586431;-0.3019505;2.852266;
Spine;0.04008931;-0.01447536;3.128482;
HipCenter;0.04421611;-0.1055874;3.12365;
HipRight;0.07368618;-0.151232;3.146246;
HipLeft;0.0201489;-0.1408213;3.092878;
KneeRight;0.1585385;-0.6515154;3.190421;
KneeLeft;0.02538623;-0.6007175;2.993887;
AnkleRight;0.07150538;-1.015865;3.158239;
AnkleLeft;-0.3149982;-0.9432145;3.047725;
FootRight;0.1543786;-1.076344;3.193834;
FootLeft;-0.3002421;-1.048928;3.056628;
Head;0.08352537;0.6662077;3.206488;
ShoulderCenter;0.0430568;0.4451035;3.163997;
ShoulderRight;0.1325428;0.2419163;3.262011;
ShoulderLeft;0.01382629;0.3003443;3.016143;
ElbowRight;0.1428987;-0.01074507;3.400773;
ElbowLeft;0.01702082;0.05622932;2.922548;
WristRight;0.1600261;-0.2655395;3.399163;
WristLeft;0.06350088;-0.2194616;2.874424;
HandRight;0.1770179;-0.3267322;3.428645;
HandLeft;0.06897575;-0.300632;2.851448;
Spine;0.07979984;-0.0118094;3.129405;
HipCenter;0.08726323;-0.1034221;3.126384;
HipRight;0.1183476;-0.1427657;3.142486;
HipLeft;0.06237102;-0.1363624;3.103512;
KneeRight;-0.001150083;-0.5810505;3.215471;
KneeLeft;0.1130126;-0.5849379;2.990566;
AnkleRight;0.07457754;-1.015228;3.157721;
AnkleLeft;-0.213897;-0.9418231;3.047494;
FootRight;0.1587456;-1.078783;3.197516;
FootLeft;-0.187255;-1.051023;3.053821;
Head;0.1415819;0.661131;3.206316;
ShoulderCenter;0.1006276;0.4398999;3.157742;
ShoulderRight;0.1901136;0.2367127;3.255756;
ShoulderLeft;0.04510331;0.3011681;3.010392;
ElbowRight;0.2004695;-0.01594865;3.394475;
ElbowLeft;0.03079466;0.05388353;2.920091;
WristRight;0.2175969;-0.270743;3.392844;
WristLeft;0.06885375;-0.1815096;2.886114;
HandRight;0.234644;-0.332135;3.422422;
HandLeft;0.06433962;-0.2739413;2.864476;
Spine;0.1189085;-1.04924E-05;3.12918;
HipCenter;0.1224853;-0.08861782;3.127006;
HipRight;0.1564068;-0.1365785;3.155131;
HipLeft;0.09184542;-0.1316309;3.092385;
KneeRight;0.05460391;-0.5900641;3.170879;
KneeLeft;0.1697865;-0.5911174;2.994377;
AnkleRight;0.07506807;-1.013305;3.157374;
AnkleLeft;-0.1148239;-0.9704376;3.053914;
FootRight;0.147377;-1.078696;3.192274;
FootLeft;-0.06564441;-1.064245;3.054683;
Head;0.1320183;0.6796058;3.200815;
ShoulderCenter;0.1226424;0.454505;3.1612;
ShoulderRight;0.2121283;0.2513177;3.259214;
ShoulderLeft;0.07845814;0.3051038;3.011038;
ElbowRight;0.2224843;-0.001343603;3.397891;
ElbowLeft;0.04920641;0.05151519;2.920387;
WristRight;0.2396117;-0.256138;3.396239;
WristLeft;0.0704167;-0.2158555;2.880456;
HandRight;0.2566488;-0.3174942;3.4258;
HandLeft;0.05175151;-0.2988448;2.858309;
Spine;0.1571194;0.03989357;3.133636;
HipCenter;0.1623847;-0.04411014;3.131533;
HipRight;0.1882638;-0.1307496;3.179331;
HipLeft;0.1412724;-0.09167498;3.068856;
KneeRight;0.08667911;-0.6229388;3.16739;
KneeLeft;0.2296212;-0.6158723;2.988662;
AnkleRight;0.1083203;-1.01987;3.10995;
AnkleLeft;-0.008210722;-0.9900358;3.050699;
FootRight;0.1609217;-1.073724;3.194806;
FootLeft;0.06968003;-1.056075;3.042277;
Head;0.1856897;0.6719483;3.202392;
ShoulderCenter;0.1735079;0.4464333;3.150422;
ShoulderRight;0.2629939;0.2432461;3.248435;
ShoulderLeft;0.1064933;0.3033112;3.003944;
ElbowRight;0.2733498;-0.009415239;3.38713;
ElbowLeft;0.05849735;0.05166556;2.922891;
WristRight;0.2904772;-0.2642096;3.385487;
WristLeft;0.07336253;-0.2173911;2.882361;
HandRight;0.3075188;-0.3255817;3.415055;
HandLeft;0.04834295;-0.3084343;2.8718;
Spine;0.1884479;-0.01164082;3.117485;
HipCenter;0.1914359;-0.1032557;3.114554;
HipRight;0.2270117;-0.1595358;3.134525;
HipLeft;0.1559658;-0.1212511;3.084591;
KneeRight;0.1326229;-0.6557122;3.175135;
KneeLeft;0.3104337;-0.6035291;2.980918;
AnkleRight;0.1578538;-1.03044;3.022817;
AnkleLeft;0.07050456;-1.006367;3.05081;
FootRight;0.2162243;-1.08083;3.10734;
FootLeft;0.171872;-1.057741;3.037551;
Head;0.3203019;0.6317395;3.20725;
ShoulderCenter;0.1910432;0.4463553;3.148117;
ShoulderRight;0.2805292;0.2431681;3.24613;
ShoulderLeft;0.1386912;0.2980002;2.99991;
ElbowRight;0.2908852;-0.009493202;3.384789;
ElbowLeft;0.0722599;0.05147041;2.928512;
WristRight;0.4188885;-0.2599528;3.35453;
WristLeft;0.07427098;-0.2142909;2.881425;
HandRight;0.4566911;-0.3190899;3.35352;
HandLeft;0.05302392;-0.306649;2.87529;
Spine;0.2093215;-0.01203838;3.105144;
HipCenter;0.2133182;-0.1037351;3.099644;
HipRight;0.2475894;-0.1591984;3.116611;
HipLeft;0.1829421;-0.1254232;3.071964;
KneeRight;0.1737465;-0.6681904;3.168628;
KneeLeft;0.3663567;-0.6085296;2.982143;
AnkleRight;0.08429937;-1.040538;3.143823;
AnkleLeft;0.1742514;-1.032733;3.067843;
FootRight;0.1478509;-1.100292;3.13462;
FootLeft;0.2765557;-1.064873;3.025281;
Head;0.3470976;0.6375285;3.20579;
ShoulderCenter;0.2436012;0.4378605;3.130484;
ShoulderRight;0.3330871;0.2346733;3.228498;
ShoulderLeft;0.1694285;0.2903536;2.993091;
ElbowRight;0.3434431;-0.01798809;3.367129;
ElbowLeft;0.1056718;0.0469107;2.929403;
WristRight;0.4789746;-0.2491308;3.346106;
WristLeft;0.08041728;-0.2182128;2.880799;
HandRight;0.509476;-0.3143432;3.356213;
HandLeft;0.06166263;-0.3115317;2.879659;
Spine;0.2379867;-0.01475275;3.08133;
HipCenter;0.2370421;-0.105416;3.075902;
HipRight;0.2751079;-0.1617184;3.084972;
HipLeft;0.1988387;-0.1269582;3.056294;
KneeRight;0.1802748;-0.6625084;3.172608;
KneeLeft;0.416371;-0.6132852;2.996314;
AnkleRight;0.08130179;-1.03789;3.146065;
AnkleLeft;0.3534298;-1.035489;2.994078;
FootRight;0.164535;-1.08488;3.166692;
FootLeft;0.4597703;-1.079201;3.005459;
Head;0.3771059;0.6284061;3.201524;
ShoulderCenter;0.2636108;0.4342515;3.124439;
ShoulderRight;0.3530968;0.2310642;3.222452;
ShoulderLeft;0.1981512;0.2879817;2.985615;
ElbowRight;0.4605556;-0.03520544;3.343727;
ElbowLeft;0.1260833;0.0332867;2.931333;
WristRight;0.5594108;-0.2526219;3.308432;
WristLeft;0.09069145;-0.219741;2.87957;
HandRight;0.5889969;-0.2752828;3.322458;
HandLeft;0.07261585;-0.3134889;2.879132;
Spine;0.273909;-6.081176E-05;3.07051;
HipCenter;0.2774977;-0.08515051;3.062956;
HipRight;0.3041079;-0.1572018;3.092714;
HipLeft;0.2460183;-0.1184616;3.015233;
KneeRight;0.3217821;-0.6501802;3.080898;
KneeLeft;0.4299579;-0.6063188;2.996213;
AnkleRight;0.07975496;-1.035011;3.149794;
AnkleLeft;0.492783;-1.009436;2.988368;
FootRight;0.1651534;-1.087314;3.209871;
FootLeft;0.599949;-1.054774;2.978484;
Head;0.4344302;0.6288559;3.18946;
ShoulderCenter;0.3304796;0.4276203;3.123575;
ShoulderRight;0.4199656;0.2244331;3.221589;
ShoulderLeft;0.2534179;0.2779785;2.9842;
ElbowRight;0.5142243;-0.05408087;3.332348;
ElbowLeft;0.1613189;-0.00666115;2.918982;
WristRight;0.6445062;-0.2548888;3.291293;
WristLeft;0.110678;-0.2395017;2.869383;
HandRight;0.6727054;-0.2694874;3.278548;
HandLeft;0.09556147;-0.3341191;2.869473;
Spine;0.3332863;-0.02481984;3.077174;
HipCenter;0.3338477;-0.1153079;3.071564;
HipRight;0.3698632;-0.1736887;3.088241;
HipLeft;0.2983647;-0.1427626;3.044291;
KneeRight;0.3755774;-0.6593218;3.068596;
KneeLeft;0.4482017;-0.6077778;2.990941;
AnkleRight;0.07741264;-1.032574;3.152997;
AnkleLeft;0.5876639;-1.004384;2.96458;
FootRight;0.1629442;-1.08452;3.215306;
FootLeft;0.6942051;-1.038618;2.92752;
Head;0.4226695;0.6432564;3.160366;
ShoulderCenter;0.3502564;0.4274277;3.122143;
ShoulderRight;0.4397424;0.2242405;3.220156;
ShoulderLeft;0.2865212;0.2734805;2.97893;
ElbowRight;0.5586598;-0.05199875;3.318039;
ElbowLeft;0.2002413;0.01043982;2.924598;
WristRight;0.7097254;-0.2379665;3.273478;
WristLeft;0.1437408;-0.235917;2.869572;
HandRight;0.7331243;-0.2553822;3.293464;
HandLeft;0.1174499;-0.3253953;2.865008;
Spine;0.3528626;0.01831944;3.061012;
HipCenter;0.3510589;-0.06347956;3.052631;
HipRight;0.3774656;-0.153992;3.091326;
HipLeft;0.3179503;-0.1042701;2.991721;
KneeRight;0.3918221;-0.6593187;3.067706;
KneeLeft;0.4935291;-0.5896637;2.974971;
AnkleRight;0.08250332;-1.027538;3.152483;
AnkleLeft;0.6961458;-1.003779;2.959564;
FootRight;0.1638903;-1.083513;3.218344;
FootLeft;0.8029797;-1.015006;2.921311;
Head;0.4628804;0.6278484;3.147283;
ShoulderCenter;0.3953275;0.4102171;3.100367;
ShoulderRight;0.4848135;0.2070299;3.198381;
ShoulderLeft;0.3188491;0.2653462;2.969244;
ElbowRight;0.6153995;-0.05689698;3.310416;
ElbowLeft;0.2520217;0.03494149;2.899108;
WristRight;0.7717801;-0.2374921;3.260079;
WristLeft;0.1680932;-0.2448512;2.865398;
HandRight;0.8304885;-0.2759507;3.251299;
HandLeft;0.147921;-0.3348888;2.855364;
Spine;0.3768496;-0.03553088;3.03934;
HipCenter;0.373154;-0.1246805;3.030809;
HipRight;0.4053084;-0.186621;3.051147;
HipLeft;0.3371754;-0.1488696;2.996705;
KneeRight;0.4044226;-0.6642566;3.071622;
KneeLeft;0.5188137;-0.6181124;2.96609;
AnkleRight;0.08708301;-1.027835;3.154094;
AnkleLeft;0.7475445;-1.018042;2.967731;
FootRight;0.1664864;-1.088509;3.218534;
FootLeft;0.8238545;-1.015458;2.924207;
Head;0.4576635;0.6353884;3.145028;
ShoulderCenter;0.427422;0.4097832;3.091758;
ShoulderRight;0.516908;0.206596;3.189772;
ShoulderLeft;0.3523425;0.2656531;2.963183;
ElbowRight;0.6442869;-0.05393175;3.293235;
ElbowLeft;0.2773925;-0.012106;2.906286;
WristRight;0.8216481;-0.2179486;3.266977;
WristLeft;0.2043593;-0.2581954;2.850858;
HandRight;0.87951;-0.2582677;3.268194;
HandLeft;0.1728596;-0.3374907;2.847493;
Spine;0.411544;-0.03933239;3.028906;
HipCenter;0.4084168;-0.1291963;3.019986;
HipRight;0.4443198;-0.1900165;3.031235;
HipLeft;0.3707778;-0.1500521;2.994196;
KneeRight;0.4377047;-0.6679427;3.080136;
KneeLeft;0.5906855;-0.5389019;3.014997;
AnkleRight;0.1008089;-1.015409;3.151835;
AnkleLeft;0.7473499;-1.007656;2.971177;
FootRight;0.166808;-1.085565;3.222262;
FootLeft;0.8427658;-1.031074;2.932457;
Head;0.524517;0.6248494;3.090238;
ShoulderCenter;0.4842141;0.4052289;3.091387;
ShoulderRight;0.5737001;0.2020417;3.1894;
ShoulderLeft;0.4140881;0.2573906;2.960582;
ElbowRight;0.6920378;-0.07966182;3.266087;
ElbowLeft;0.3276386;-0.01782277;2.896055;
WristRight;0.8793317;-0.2312123;3.27591;
WristLeft;0.2436498;-0.2668149;2.849745;
HandRight;0.8933356;-0.2301054;3.285971;
HandLeft;0.2236889;-0.3389693;2.844646;
Spine;0.4509167;-0.05779081;3.01827;
HipCenter;0.4442919;-0.1501094;3.007522;
HipRight;0.4761755;-0.2092621;3.014003;
HipLeft;0.4037379;-0.1645937;2.988518;
KneeRight;0.5039292;-0.6643928;3.072094;
KneeLeft;0.6641166;-0.6749812;3.023644;
AnkleRight;0.1402974;-0.9844341;3.145452;
AnkleLeft;0.7536293;-1.029083;2.970023;
FootRight;0.1388141;-1.081291;3.180943;
FootLeft;0.8496413;-1.045205;2.940923;
Head;0.6249896;0.5981486;3.181067;
ShoulderCenter;0.5123915;0.4065086;3.085457;
ShoulderRight;0.6018775;0.2033214;3.183471;
ShoulderLeft;0.4562042;0.2624619;2.948973;
ElbowRight;0.7202152;-0.07838214;3.260137;
ElbowLeft;0.3881424;0.03689636;2.863705;
WristRight;0.9018036;-0.2310795;3.293281;
WristLeft;0.3137743;-0.2388313;2.839462;
HandRight;0.9605767;-0.2700035;3.29404;
HandLeft;0.281616;-0.3283502;2.832432;
Spine;0.4811327;-0.05967506;3.009592;
HipCenter;0.4749877;-0.1528969;2.998086;
HipRight;0.5042949;-0.2145128;3.000484;
HipLeft;0.4443753;-0.1636232;2.981937;
KneeRight;0.5225852;-0.6629629;3.069207;
KneeLeft;0.6725435;-0.6783398;3.02;
AnkleRight;0.1586727;-0.9786466;3.156335;
AnkleLeft;0.7547749;-1.034762;2.969596;
FootRight;0.1663215;-1.082062;3.207463;
FootLeft;0.8529748;-1.059961;2.952399;
Head;0.5695737;0.6435008;3.150574;
ShoulderCenter;0.5566145;0.4164592;3.086409;
ShoulderRight;0.6461005;0.213272;3.184422;
ShoulderLeft;0.4907578;0.2651175;2.945191;
ElbowRight;0.7644382;-0.06843154;3.261055;
ElbowLeft;0.4286617;0.03836697;2.858089;
WristRight;0.9151994;-0.2533218;3.286773;
WristLeft;0.3659549;-0.2635912;2.82263;
HandRight;0.9695733;-0.2967898;3.295795;
HandLeft;0.3566405;-0.3329461;2.828154;
Spine;0.528352;-0.04691935;2.998378;
HipCenter;0.5222558;-0.1396949;2.98445;
HipRight;0.5541246;-0.1971777;2.982755;
HipLeft;0.4809504;-0.1537742;2.972609;
KneeRight;0.6087431;-0.6586064;3.047839;
KneeLeft;0.7412651;-0.6456489;3.005182;
AnkleRight;0.2244072;-0.9458301;3.146745;
AnkleLeft;0.7536261;-1.025127;2.970932;
FootRight;0.2151454;-1.051154;3.20176;
FootLeft;0.8492541;-1.063154;2.954098;
Head;0.5951201;0.6161801;3.170717;
ShoulderCenter;0.5839419;0.3753265;3.064937;
ShoulderRight;0.6734279;0.1721392;3.16295;
ShoulderLeft;0.5288393;0.2742769;2.94141;
ElbowRight;0.7917656;-0.1095643;3.239575;
ElbowLeft;0.4912807;0.007414231;2.860572;
WristRight;0.9520589;-0.2733483;3.303066;
WristLeft;0.4084265;-0.2935864;2.811;
HandRight;1.021558;-0.3335752;3.327055;
HandLeft;0.3942714;-0.3608587;2.825453;
Spine;0.5370772;-0.04802573;2.988517;
HipCenter;0.5298891;-0.1368345;2.975139;
HipRight;0.5588053;-0.1983323;2.976765;
HipLeft;0.4957529;-0.1468447;2.954727;
KneeRight;0.6201419;-0.6604744;3.058206;
KneeLeft;0.7436841;-0.637668;3.001334;
AnkleRight;0.2327267;-0.9466251;3.153236;
AnkleLeft;0.7523569;-1.027827;2.976181;
FootRight;0.2330854;-1.063391;3.178096;
FootLeft;0.853909;-1.070545;2.972183;
Head;0.6576741;0.6424655;3.157373;
ShoulderCenter;0.6324995;0.4198919;3.070109;
ShoulderRight;0.7219855;0.2167047;3.168123;
ShoulderLeft;0.576952;0.2759421;2.927865;
ElbowRight;0.8403232;-0.06499881;3.244739;
ElbowLeft;0.5452212;0.04458521;2.834144;
WristRight;0.9221606;-0.2875856;3.278636;
WristLeft;0.4902059;-0.2269403;2.793797;
HandRight;0.9494397;-0.3617812;3.294964;
HandLeft;0.4769698;-0.3200641;2.810353;
Spine;0.6366256;-0.036352;2.998878;
HipCenter;0.6374509;-0.1276008;2.98832;
HipRight;0.6730143;-0.1775439;2.991369;
HipLeft;0.6025164;-0.1472161;2.972962;
KneeRight;0.6509253;-0.6650771;3.067729;
KneeLeft;0.7642775;-0.6242879;2.995066;
AnkleRight;0.2597878;-0.9475733;3.161114;
AnkleLeft;0.7515393;-1.02678;2.975863;
FootRight;0.2596849;-1.064718;3.185378;
FootLeft;0.8524243;-1.071742;2.974102;
Head;0.6591652;0.6656253;3.14411;
ShoulderCenter;0.6650341;0.439499;3.070184;
ShoulderRight;0.7545201;0.2363118;3.168197;
ShoulderLeft;0.6135784;0.293118;2.933744;
ElbowRight;0.8728578;-0.04539172;3.244872;
ElbowLeft;0.5750114;0.05716754;2.825503;
WristRight;0.9131616;-0.2800709;3.274158;
WristLeft;0.5349332;-0.1805682;2.787193;
HandRight;0.9451187;-0.2724235;3.286908;
HandLeft;0.5216375;-0.2741113;2.803823;
Spine;0.6851318;-0.002083898;3.013599;
HipCenter;0.688193;-0.09097803;3.005957;
HipRight;0.7296981;-0.1263289;2.995566;
HipLeft;0.6491002;-0.1256789;3.005931;
KneeRight;0.6884464;-0.6676172;3.070399;
KneeLeft;0.7674505;-0.6266034;2.992885;
AnkleRight;0.3393342;-0.9138678;3.161929;
AnkleLeft;0.7521417;-1.027284;2.974918;
FootRight;0.3498183;-1.030013;3.191822;
FootLeft;0.849712;-1.074356;2.979506;
Head;0.7091494;0.6683917;3.115898;
ShoulderCenter;0.7001451;0.4402034;3.0724;
ShoulderRight;0.7896311;0.2370162;3.170414;
ShoulderLeft;0.6457794;0.2930894;2.932312;
ElbowRight;0.9079688;-0.04468727;3.247061;
ElbowLeft;0.6335825;0.04539106;2.825344;
WristRight;0.9608932;-0.2773579;3.27422;
WristLeft;0.6974583;-0.2759881;2.799324;
HandRight;0.9780332;-0.2827733;3.293601;
HandLeft;0.6863938;-0.3428521;2.779807;
Spine;0.699984;-0.008932937;3.004783;
HipCenter;0.7017649;-0.09911045;2.994833;
HipRight;0.7371015;-0.1431598;2.995033;
HipLeft;0.6769811;-0.1230745;2.970686;
KneeRight;0.7024918;-0.6687531;3.071682;
KneeLeft;0.7724965;-0.6285533;2.98922;
AnkleRight;0.402776;-0.9145676;3.16322;
AnkleLeft;0.7530968;-1.026835;2.975012;
FootRight;0.428566;-1.030001;3.183168;
FootLeft;0.8465962;-1.073641;2.975564;
Head;0.7634711;0.6718814;3.154393;
ShoulderCenter;0.7304383;0.4478983;3.07845;
ShoulderRight;0.8199243;0.2447111;3.176464;
ShoulderLeft;0.667415;0.2969063;2.93165;
ElbowRight;0.938262;-0.0369924;3.253076;
ElbowLeft;0.689307;0.05234605;2.817979;
WristRight;0.9815507;-0.2719672;3.279044;
WristLeft;0.7568138;-0.2434347;2.798876;
HandRight;1.007507;-0.2768789;3.300185;
HandLeft;0.7740327;-0.3259996;2.788039;
Spine;0.7451434;-0.005874949;3.003144;
HipCenter;0.7471216;-0.09693796;2.991527;
HipRight;0.7797591;-0.1488746;3.00438;
HipLeft;0.7105573;-0.1204796;2.964688;
KneeRight;0.7087702;-0.6770269;3.120808;
KneeLeft;0.7801692;-0.6299262;2.987964;
AnkleRight;0.4704491;-0.9451485;3.164358;
AnkleLeft;0.7533358;-1.025198;2.975842;
FootRight;0.5169816;-1.020882;3.164685;
FootLeft;0.8435203;-1.072918;2.978248;
Head;0.7598194;0.60361;3.12626;
ShoulderCenter;0.7610978;0.3778159;3.061732;
ShoulderRight;0.8505838;0.1746287;3.159746;
ShoulderLeft;0.692651;0.2999777;2.933854;
ElbowRight;0.9689215;-0.1070748;3.236351;
ElbowLeft;0.7454672;0.04604326;2.816278;
WristRight;1.015308;-0.3415184;3.263285;
WristLeft;0.8425849;-0.2130691;2.794507;
HandRight;1.038588;-0.3472919;3.283743;
HandLeft;0.8697963;-0.3046657;2.788227;
Spine;0.7109876;-0.0209895;2.961915;
HipCenter;0.7009655;-0.1007506;2.945642;
HipRight;0.7269753;-0.1680539;2.951928;
HipLeft;0.6640252;-0.1204386;2.915509;
KneeRight;0.7054654;-0.6920229;3.151616;
KneeLeft;0.7932737;-0.6463033;2.986023;
AnkleRight;0.5710203;-1.02847;3.16077;
AnkleLeft;0.7535361;-1.02541;2.976771;
FootRight;0.6751021;-1.070268;3.164527;
FootLeft;0.8420005;-1.072596;2.973247;
Head;0.7967964;0.6083665;3.142836;
ShoulderCenter;0.7860116;0.3734027;3.065474;
ShoulderRight;0.8754976;0.1702154;3.163487;
ShoulderLeft;0.7325133;0.3073317;2.935252;
ElbowRight;0.9938354;-0.1114881;3.240082;
ElbowLeft;0.8056474;0.05024471;2.826298;
WristRight;1.040271;-0.3461785;3.267056;
WristLeft;0.9308282;-0.2125094;2.789489;
HandRight;1.063502;-0.3517053;3.287469;
HandLeft;0.9689614;-0.300342;2.782616;
Spine;0.7609209;-0.02224179;2.967592;
HipCenter;0.7539183;-0.1010191;2.951411;
HipRight;0.7924302;-0.1755053;2.957104;
HipLeft;0.7024568;-0.1158214;2.920546;
KneeRight;0.7273847;-0.7246541;3.150122;
KneeLeft;0.7982595;-0.6462778;2.985515;
AnkleRight;0.6772816;-0.9576976;3.142049;
AnkleLeft;0.7537622;-1.023883;2.97796;
FootRight;0.6998523;-1.043046;3.152134;
FootLeft;0.8405997;-1.071538;2.969825;
Head;0.8624558;0.690524;3.150789;
ShoulderCenter;0.8524842;0.4646999;3.097774;
ShoulderRight;0.9419702;0.2615126;3.195787;
ShoulderLeft;0.7771934;0.31637;2.937569;
ElbowRight;1.060308;-0.02019086;3.272379;
ElbowLeft;0.8575687;0.06158333;2.825993;
WristRight;1.10679;-0.2551156;3.299394;
WristLeft;0.9937971;-0.1707545;2.794052;
HandRight;1.129974;-0.260408;3.319765;
HandLeft;1.039617;-0.2539738;2.777181;
Spine;0.8201869;0.0198297;2.986923;
HipCenter;0.8137274;-0.06914435;2.968444;
HipRight;0.8577442;-0.1235475;2.954263;
HipLeft;0.763952;-0.09406435;2.961164;
KneeRight;1.035283;-0.6380939;3.157589;
KneeLeft;0.8053458;-0.6450099;2.986498;
AnkleRight;0.8106433;-0.9744637;3.127688;
AnkleLeft;0.7539135;-1.016512;2.982815;
FootRight;0.9049398;-1.049365;3.117559;
FootLeft;0.8322709;-1.068856;2.963638;
Head;0.9334831;0.6861097;3.112068;
ShoulderCenter;0.8819275;0.4692767;3.107502;
ShoulderRight;0.9714134;0.2660895;3.205515;
ShoulderLeft;0.8168948;0.3161399;2.950036;
ElbowRight;1.089751;-0.01561399;3.282055;
ElbowLeft;0.919859;0.05863513;2.831883;
WristRight;1.136296;-0.2508583;3.309101;
WristLeft;1.096842;-0.215452;2.771245;
HandRight;1.159418;-0.2558312;3.329415;
HandLeft;1.137385;-0.2732971;2.763971;
Spine;0.8713971;0.06104899;3.027683;
HipCenter;0.8677376;-0.02083804;3.014911;
HipRight;0.8991141;-0.1048087;3.053617;
HipLeft;0.830513;-0.06772634;2.94684;
KneeRight;1.04523;-0.6437027;3.147745;
KneeLeft;0.8199977;-0.6463795;2.987512;
AnkleRight;0.9417852;-1.027722;3.11603;
AnkleLeft;0.756862;-1.014545;2.986081;
FootRight;0.987163;-1.09517;3.151634;
FootLeft;0.8319086;-1.068471;2.962686;
Head;0.9565634;0.6338644;3.114429;
ShoulderCenter;0.9304525;0.4110937;3.101935;
ShoulderRight;1.019938;0.2079065;3.199949;
ShoulderLeft;0.8379789;0.311922;2.945029;
ElbowRight;1.138276;-0.07379699;3.27648;
ElbowLeft;0.9700693;0.06254776;2.830337;
WristRight;1.146476;-0.158848;2.942739;
WristLeft;1.142165;-0.1768284;2.77195;
HandRight;1.179363;-0.2214995;2.940145;
HandLeft;1.186695;-0.2423769;2.767592;
Spine;0.9163445;0.02775685;3.031126;
HipCenter;0.9135229;-0.04891054;3.020663;
HipRight;0.9418126;-0.1293462;3.055748;
HipLeft;0.8800284;-0.1014156;2.957664;
KneeRight;1.092817;-0.6360588;3.139053;
KneeLeft;0.8332804;-0.6488471;2.987622;
AnkleRight;1.02651;-1.019589;3.123024;
AnkleLeft;0.7616352;-1.015669;2.991486;
FootRight;1.14092;-1.055795;3.135131;
FootLeft;0.8317281;-1.068492;2.961438;
Head;0.9958864;0.6894171;3.158299;
ShoulderCenter;0.9489028;0.4674924;3.114531;
ShoulderRight;1.038389;0.2643051;3.212545;
ShoulderLeft;0.8941427;0.3135045;2.962034;
ElbowRight;1.156726;-0.01739836;3.289034;
ElbowLeft;1.032034;0.04161703;2.82228;
WristRight;1.191365;-0.120757;2.961789;
WristLeft;1.181669;-0.1494263;2.773197;
HandRight;1.246952;-0.2265596;2.770732;
HandLeft;1.2262;-0.2149748;2.768839;
Spine;0.9194538;0.03492345;3.027261;
HipCenter;0.9153501;-0.04567007;3.015919;
HipRight;0.9443355;-0.1106508;3.039351;
HipLeft;0.8829745;-0.08993177;2.957231;
KneeRight;1.111199;-0.6343899;3.127995;
KneeLeft;0.8404;-0.652815;2.988294;
AnkleRight;1.148369;-1.013434;3.107372;
AnkleLeft;0.7627296;-1.01562;2.990353;
FootRight;1.231163;-1.0451;3.100895;
FootLeft;0.8316668;-1.069454;2.962517;
Head;0.9923916;0.6957138;3.14811;
ShoulderCenter;1.002043;0.470309;3.128312;
ShoulderRight;1.02003;0.3156335;2.922027;
ShoulderLeft;0.9301548;0.3170764;2.959314;
ElbowRight;1.122444;0.0007157624;2.905782;
ElbowLeft;1.053737;0.05212612;2.818531;
WristRight;1.272151;-0.1749943;2.770434;
WristLeft;1.218689;-0.127903;2.78361;
HandRight;1.320162;-0.2259137;2.763391;
HandLeft;1.259609;-0.1895106;2.779684;
Spine;0.9653645;0.00693696;3.068872;
HipCenter;0.9381876;-0.06712558;3.000744;
HipRight;0.9600732;-0.1215518;2.946087;
HipLeft;0.9157025;-0.108989;3.02573;
KneeRight;1.150193;-0.6643834;3.111879;
KneeLeft;0.8485178;-0.6539401;2.987328;
AnkleRight;1.257497;-1.006176;3.086902;
AnkleLeft;0.7631381;-1.015152;2.990157;
FootRight;1.37576;-1.025362;3.103542;
FootLeft;0.8272669;-1.069195;2.959172;
Head;1.083117;0.6789283;3.134451;
ShoulderCenter;1.029349;0.4618615;3.130219;
ShoulderRight;1.021833;0.3148443;2.923062;
ShoulderLeft;0.9585005;0.3167801;2.975419;
ElbowRight;1.140343;0.004368514;2.90668;
ElbowLeft;1.100666;0.06171121;2.812066;
WristRight;1.325515;-0.1715209;2.777567;
WristLeft;1.301353;-0.1387921;2.775604;
HandRight;1.374973;-0.2206452;2.769286;
HandLeft;1.380973;-0.1905612;2.774648;
Spine;1.004177;-0.03058263;3.049761;
HipCenter;0.9576513;-0.1112135;2.986607;
HipRight;0.966217;-0.1320522;2.948601;
HipLeft;0.9302127;-0.1279949;3.011732;
KneeRight;1.178082;-0.6252576;3.096585;
KneeLeft;0.8603622;-0.6561253;2.98869;
AnkleRight;1.384601;-1.004374;3.087451;
AnkleLeft;0.7633203;-1.015089;2.990209;
FootRight;1.324919;-1.047373;3.012542;
FootLeft;0.8273313;-1.069178;2.959543;
Head;1.144135;0.6684846;3.139684;
ShoulderCenter;1.073985;0.4552006;3.132779;
ShoulderRight;1.044963;0.2912909;2.932973;
ShoulderLeft;1.009869;0.3158802;2.975892;
ElbowRight;1.184614;0.002519221;2.922495;
ElbowLeft;1.120848;0.06169287;2.814409;
WristRight;1.356229;-0.1615407;2.772729;
WristLeft;1.309232;-0.1319292;2.778296;
HandRight;1.40694;-0.2097324;2.777116;
HandLeft;1.388734;-0.1836216;2.777341;
Spine;1.041233;-0.02061962;3.063088;
HipCenter;0.9923503;-0.09670302;3.00666;
HipRight;0.9903195;-0.1394484;2.945039;
HipLeft;0.9770001;-0.1403531;3.049769;
KneeRight;1.191096;-0.6243517;3.089676;
KneeLeft;0.9799137;-0.6678732;3.019892;
AnkleRight;1.395907;-1.000186;3.077842;
AnkleLeft;0.7640262;-1.014574;2.990874;
FootRight;1.330308;-1.043593;3.007015;
FootLeft;0.8270376;-1.069401;2.957434;
Head;1.134061;0.6730223;3.15408;
ShoulderCenter;1.113981;0.447101;3.132899;
ShoulderRight;1.076772;0.3048864;2.94115;
ShoulderLeft;1.019274;0.3075625;3.056529;
ElbowRight;1.211377;0.006562226;2.922647;
ElbowLeft;1.137602;0.07233542;2.821384;
WristRight;1.407726;-0.1590056;2.77523;
WristLeft;1.336696;-0.1182018;2.78042;
HandRight;1.441897;-0.1938388;2.77786;
HandLeft;1.416085;-0.1698213;2.779466;
Spine;1.117809;-0.004951037;3.052376;
HipCenter;1.058783;-0.08128642;3.010297;
HipRight;1.068333;-0.1308541;2.936681;
HipLeft;1.036881;-0.1412772;3.055289;
KneeRight;1.245915;-0.6324072;3.074342;
KneeLeft;0.9825358;-0.6659132;3.015464;
AnkleRight;1.404416;-1.004952;3.072474;
AnkleLeft;0.7657785;-1.014433;2.991345;
FootRight;1.318442;-1.048671;3.028563;
FootLeft;0.8269799;-1.068696;2.953605;
Head;1.222324;0.6514753;3.166065;
ShoulderCenter;1.156457;0.433027;3.129675;
ShoulderRight;1.125668;0.3059531;2.9363;
ShoulderLeft;0.999778;0.24361;3.205238;
ElbowRight;1.254304;-0.00153929;2.918913;
ElbowLeft;1.154846;0.1017754;2.916321;
WristRight;1.417389;-0.1611842;2.77656;
WristLeft;1.376043;-0.1204872;2.787397;
HandRight;1.474538;-0.2012634;2.781066;
HandLeft;1.455377;-0.172071;2.786444;
Spine;1.145235;-0.003473473;3.046842;
HipCenter;1.083713;-0.07612261;3.008963;
HipRight;1.116349;-0.1198169;2.948479;
HipLeft;1.047589;-0.138532;3.046886;
KneeRight;1.262837;-0.6264393;3.065589;
KneeLeft;0.9688641;-0.6544918;2.987145;
AnkleRight;1.399875;-0.9936951;3.059859;
AnkleLeft;0.7708336;-1.01206;2.989501;
FootRight;1.310665;-1.037416;3.022823;
FootLeft;0.6816231;-1.05578;2.952465;
Head;1.238629;0.6533402;3.144603;
ShoulderCenter;1.197698;0.4302863;3.126434;
ShoulderRight;1.173275;0.2729522;2.928509;
ShoulderLeft;1.079739;0.2480338;3.115202;
ElbowRight;1.310291;-0.03034052;2.911163;
ElbowLeft;1.221748;0.06167655;2.848601;
WristRight;1.474121;-0.1722728;2.77926;
WristLeft;1.397559;-0.1330002;2.78132;
HandRight;1.513405;-0.229777;2.773517;
HandLeft;1.476814;-0.1845327;2.780368;
Spine;1.197329;-0.02117637;3.050587;
HipCenter;1.13671;-0.09756897;3.011127;
HipRight;1.153597;-0.1530942;2.934548;
HipLeft;1.105396;-0.1590859;3.058816;
KneeRight;1.310377;-0.6573961;3.061563;
KneeLeft;0.9741039;-0.6973693;2.976995;
AnkleRight;1.404001;-1.000656;3.056167;
AnkleLeft;0.7792351;-1.010805;2.986074;
FootRight;1.316481;-1.044589;3.014471;
FootLeft;0.691716;-1.054738;2.944378;
Head;1.328545;0.640987;3.186199;
ShoulderCenter;1.231305;0.435305;3.119605;
ShoulderRight;1.180982;0.2736735;2.932319;
ShoulderLeft;1.108122;0.2867218;3.224283;
ElbowRight;1.333088;-0.02128109;2.925005;
ElbowLeft;1.228364;0.1151429;2.936001;
WristRight;1.474107;-0.176199;2.78107;
WristLeft;1.419482;-0.1254729;2.793383;
HandRight;1.510938;-0.2342979;2.769204;
HandLeft;1.498655;-0.1769519;2.792433;
Spine;1.222944;-0.01393448;3.044892;
HipCenter;1.158078;-0.09094865;3.016868;
HipRight;1.172055;-0.1453993;2.943322;
HipLeft;1.131918;-0.1482567;3.065276;
KneeRight;1.340327;-0.6526484;3.061052;
KneeLeft;1.058411;-0.6513233;2.96925;
AnkleRight;1.406437;-1.001901;3.054072;
AnkleLeft;0.8068008;-1.001761;2.974006;
FootRight;1.31221;-1.04633;3.029449;
FootLeft;0.7125741;-1.04619;2.949383;
Head;1.318779;0.6603675;3.170268;
ShoulderCenter;1.270229;0.4370453;3.125035;
ShoulderRight;1.248915;0.3026606;2.943278;
ShoulderLeft;1.153088;0.2556328;3.132744;
ElbowRight;1.374067;-0.004811347;2.923626;
ElbowLeft;1.301425;0.06276308;2.876727;
WristRight;1.480135;-0.1971561;2.778316;
WristLeft;1.465991;-0.1609356;2.787932;
HandRight;1.511835;-0.2581047;2.766415;
HandLeft;1.514837;-0.240955;2.777479;
Spine;1.277383;-0.01238543;3.051429;
HipCenter;1.217496;-0.0896581;3.012932;
HipRight;1.233656;-0.1406369;2.943388;
HipLeft;1.189317;-0.148437;3.055804;
KneeRight;1.390589;-0.6577751;3.063833;
KneeLeft;1.129099;-0.6478221;2.933518;
AnkleRight;1.412637;-1.012305;3.052804;
AnkleLeft;0.8558394;-0.983913;2.980779;
FootRight;1.323903;-1.056741;3.012021;
FootLeft;0.8792135;-1.071442;2.970314;
Head;1.414284;0.6435211;3.186022;
ShoulderCenter;1.308275;0.4415662;3.125999;
ShoulderRight;1.289113;0.3009538;2.945745;
ShoulderLeft;1.190482;0.3104047;3.199134;
ElbowRight;1.42428;-0.001450866;2.932014;
ElbowLeft;1.295353;0.1124072;2.92467;
WristRight;1.481327;-0.2018588;2.778829;
WristLeft;1.459592;-0.1510326;2.792757;
HandRight;1.503032;-0.2686118;2.782935;
HandLeft;1.506467;-0.2325081;2.783975;
Spine;1.315026;-0.001806824;3.056005;
HipCenter;1.255566;-0.0782846;3.021487;
HipRight;1.279836;-0.1244382;2.958623;
HipLeft;1.225121;-0.1314129;3.062569;
KneeRight;1.397177;-0.6589176;3.02382;
KneeLeft;1.218942;-0.5916153;2.917792;
AnkleRight;1.4213;-1.008419;3.054403;
AnkleLeft;0.9029607;-0.939913;2.955691;
FootRight;1.33055;-1.0531;3.01798;
FootLeft;0.9267841;-1.044161;2.965109;
Head;1.387999;0.6145201;3.193622;
ShoulderCenter;1.350116;0.3907859;3.119501;
ShoulderRight;1.308424;0.3076803;2.947505;
ShoulderLeft;1.200606;0.2275829;3.230876;
ElbowRight;1.44549;0.00653249;2.934411;
ElbowLeft;1.318678;0.09142008;2.922912;
WristRight;1.483199;-0.2285444;2.780452;
WristLeft;1.466599;-0.1627458;2.788895;
HandRight;1.502239;-0.2958427;2.784555;
HandLeft;1.507636;-0.2477963;2.797078;
Spine;1.370985;-0.000667518;3.048431;
HipCenter;1.31197;-0.06830911;3.016917;
HipRight;1.332679;-0.1135312;2.957897;
HipLeft;1.282388;-0.1298908;3.04852;
KneeRight;1.38367;-0.6327153;2.923508;
KneeLeft;1.28434;-0.6005027;2.916085;
AnkleRight;1.420304;-0.9782233;3.047136;
AnkleLeft;0.9753551;-0.9167404;2.946952;
FootRight;1.327415;-1.023349;3.01586;
FootLeft;0.9744104;-1.020958;2.971549;
Head;1.487913;0.6594007;3.188802;
ShoulderCenter;1.393715;0.4510625;3.134228;
ShoulderRight;1.335998;0.3068463;2.9508;
ShoulderLeft;1.217378;0.2238627;3.224376;
ElbowRight;1.421893;-0.004196584;2.847591;
ElbowLeft;1.346821;0.09364063;2.919112;
WristRight;1.490675;-0.3040141;2.789898;
WristLeft;1.465875;-0.1622455;2.789015;
HandRight;1.557849;-0.299544;2.770618;
HandLeft;1.493568;-0.2528487;2.788146;
Spine;1.382402;0.00174567;3.052739;
HipCenter;1.319777;-0.06804596;3.018584;
HipRight;1.344255;-0.107826;2.958511;
HipLeft;1.286793;-0.133532;3.05137;
KneeRight;1.348833;-0.5749304;3.040295;
KneeLeft;1.373222;-0.5840013;2.912826;
AnkleRight;1.421328;-0.9764851;3.046705;
AnkleLeft;1.047341;-0.9103752;2.937122;
FootRight;1.328863;-1.021141;3.012742;
FootLeft;1.069069;-1.000981;2.935947;
Head;1.472064;0.6225946;3.189057;
ShoulderCenter;1.427513;0.4000295;3.115788;
ShoulderRight;1.399835;0.3076736;2.945761;
ShoulderLeft;1.271521;0.231427;3.203131;
ElbowRight;1.450405;-0.01066461;2.843774;
ElbowLeft;1.375062;0.0846111;2.895995;
WristRight;1.490109;-0.3048837;2.79022;
WristLeft;1.466676;-0.1592656;2.791795;
HandRight;1.556946;-0.3192997;2.775208;
HandLeft;1.492514;-0.2502841;2.787577;
Spine;1.420728;-0.01019586;3.046883;
HipCenter;1.359189;-0.07741912;3.010991;
HipRight;1.383955;-0.1169214;2.955066;
HipLeft;1.317006;-0.1389387;3.04237;
KneeRight;1.387169;-0.6313067;3.008983;
KneeLeft;1.426573;-0.5852114;2.927927;
AnkleRight;1.421671;-0.9783571;3.047489;
AnkleLeft;1.139695;-0.9260626;2.909336;
FootRight;1.330843;-1.023108;3.008407;
FootLeft;1.048867;-0.9708132;2.870254;
Head;1.475852;0.6091743;3.182738;
ShoulderCenter;1.440378;0.3850607;3.109406;
ShoulderRight;1.404268;0.3096853;2.945873;
ShoulderLeft;1.284385;0.2164582;3.196748;
ElbowRight;1.448941;-0.007711917;2.838515;
ElbowLeft;1.403301;0.08112366;2.890576;
WristRight;1.4765;-0.3038838;2.78557;
WristLeft;1.474862;-0.1687076;2.792012;
HandRight;1.542715;-0.3240374;2.77598;
HandLeft;1.494511;-0.2593688;2.773799;
Spine;1.427821;-0.01586059;3.045481;
HipCenter;1.364568;-0.08126377;3.012256;
HipRight;1.388984;-0.1240926;2.955762;
HipLeft;1.32455;-0.1439349;3.044421;
KneeRight;1.380468;-0.6876029;3.011049;
KneeLeft;1.440511;-0.6412303;2.93376;
AnkleRight;1.430222;-1.03321;3.040369;
AnkleLeft;1.251838;-0.9404094;2.92205;
FootRight;1.338244;-1.077885;3.004659;
FootLeft;1.15986;-0.9850841;2.88634;
Head;1.545403;0.6308964;3.184966;
ShoulderCenter;1.490851;0.4099108;3.12194;
ShoulderRight;1.438841;0.3052846;2.950504;
ShoulderLeft;1.373295;0.3209052;3.231642;
ElbowRight;1.454381;-0.01286885;2.838408;
ElbowLeft;1.420737;0.1238508;2.942597;
WristRight;1.470266;-0.2602714;2.789165;
WristLeft;1.47802;-0.1674968;2.794408;
HandRight;1.450864;-0.327249;2.792507;
HandLeft;1.4959;-0.2560177;2.774711;
Spine;1.464484;0.00343997;3.052505;
HipCenter;1.395219;-0.06183117;3.026148;
HipRight;1.402952;-0.1046819;2.969109;
HipLeft;1.372343;-0.1150772;3.060227;
KneeRight;1.401058;-0.6287122;3.019864;
KneeLeft;1.515567;-0.647612;2.931064;
AnkleRight;1.348792;-0.9726655;3.043711;
AnkleLeft;1.612512;-1.008069;2.824015;
FootRight;1.253227;-1.017384;3.019751;
FootLeft;1.516946;-1.052788;2.800055;
Head;1.619467;0.6112067;3.166761;
ShoulderCenter;1.518946;0.406663;3.111921;
ShoulderRight;1.495036;0.3047401;2.936895;
ShoulderLeft;1.391074;0.3105844;3.236054;
ElbowRight;1.475556;-0.01472664;2.833859;
ElbowLeft;1.438557;0.1078236;2.9523;
WristRight;1.472113;-0.2546686;2.782583;
WristLeft;1.483376;-0.1838449;2.793164;
HandRight;1.458871;-0.3226827;2.791414;
HandLeft;1.49542;-0.2773742;2.799365;
Spine;1.492585;-0.01020309;3.059245;
HipCenter;1.426505;-0.07823444;3.030854;
HipRight;1.446557;-0.1216272;2.984101;
HipLeft;1.389974;-0.1231092;3.061732;
KneeRight;1.496426;-0.6117526;3.052635;
KneeLeft;1.514253;-0.6594408;2.99977;
AnkleRight;1.444436;-0.9538909;3.07619;
AnkleLeft;1.440232;-1.001172;2.950676;
FootRight;1.497063;-0.9906255;2.969697;
FootLeft;1.34749;-1.045791;2.917541;
Head;1.684381;0.5990117;3.197743;
ShoulderCenter;1.571654;0.4046398;3.121633;
ShoulderRight;1.547109;0.332985;2.948527;
ShoulderLeft;1.445255;0.3039091;3.251066;
ElbowRight;1.527666;0.01411745;2.845619;
ElbowLeft;1.463531;0.1108605;2.956953;
WristRight;1.494376;-0.2557174;2.79152;
WristLeft;1.521917;-0.1830861;2.81271;
HandRight;1.460406;-0.3168482;2.789502;
HandLeft;1.505797;-0.2755789;2.800655;
Spine;1.523301;0.00598431;3.067129;
HipCenter;1.453431;-0.05413569;3.041367;
HipRight;1.458184;-0.1095074;2.98653;
HipLeft;1.416996;-0.106524;3.073861;
KneeRight;1.497004;-0.6168457;3.066844;
KneeLeft;1.449717;-0.7155343;3.078159;
AnkleRight;1.549256;-0.9507825;2.920058;
AnkleLeft;1.438953;-1.0198;3.036754;
FootRight;1.547019;-1.039833;2.942125;
FootLeft;1.345253;-1.064886;3.007698;
Head;1.716055;0.6491115;3.193157;
ShoulderCenter;1.603867;0.4527928;3.129028;
ShoulderRight;1.542649;0.329208;2.948905;
ShoulderLeft;1.477468;0.3520622;3.258462;
ElbowRight;1.513261;0.01342854;2.837957;
ElbowLeft;1.491816;0.1424463;2.977493;
WristRight;1.48395;-0.2591607;2.787564;
WristLeft;1.515752;-0.1649938;2.852479;
HandRight;1.459083;-0.324371;2.789042;
HandLeft;1.492517;-0.2236173;2.82254;
Spine;1.535391;0.009011047;3.07541;
HipCenter;1.462012;-0.05557828;3.053952;
HipRight;1.472034;-0.09125729;3.022162;
HipLeft;1.436224;-0.1005643;3.085807;
KneeRight;1.487424;-0.6168298;3.097791;
KneeLeft;1.49596;-0.6452444;3.08797;
AnkleRight;1.477625;-0.9883623;2.990048;
AnkleLeft;1.433926;-1.022853;3.038808;
FootRight;1.423809;-1.069078;3.039675;
FootLeft;1.338509;-1.06806;3.016158;
Head;1.752462;0.6345388;3.168049;
ShoulderCenter;1.63;0.4436098;3.130308;
ShoulderRight;1.560176;0.316257;2.950451;
ShoulderLeft;1.5036;0.3428791;3.259742;
ElbowRight;1.525367;0.002806991;2.83434;
ElbowLeft;1.51558;0.1445652;2.97011;
WristRight;1.483791;-0.2590841;2.787379;
WristLeft;1.511661;-0.1397289;2.793461;
HandRight;1.462889;-0.3258036;2.788002;
HandLeft;1.508747;-0.2336762;2.804141;
Spine;1.565703;0.006590638;3.09513;
HipCenter;1.489637;-0.06066851;3.078927;
HipRight;1.496027;-0.1031499;3.110856;
HipLeft;1.469552;-0.09654357;3.04499;
KneeRight;1.499391;-0.6156677;3.106725;
KneeLeft;1.512145;-0.6350812;3.087669;
AnkleRight;1.49054;-0.982653;2.995944;
AnkleLeft;1.430884;-1.003248;3.043024;
FootRight;1.421609;-1.059839;3.04025;
FootLeft;1.335117;-1.048159;3.022727;
Head;1.764339;0.6237061;3.162078;
ShoulderCenter;1.633017;0.4391479;3.131139;
ShoulderRight;1.563758;0.3096122;2.951565;
ShoulderLeft;1.506617;0.3384173;3.260573;
ElbowRight;1.527595;-0.002547383;2.832971;
ElbowLeft;1.528732;0.1170756;2.991565;
WristRight;1.49831;-0.2536335;2.789885;
WristLeft;1.516495;-0.1691061;2.819597;
HandRight;1.47198;-0.3181349;2.783629;
HandLeft;1.512931;-0.2339219;2.845654;
Spine;1.585785;-0.01062697;3.106844;
HipCenter;1.514142;-0.08625887;3.093941;
HipRight;1.516464;-0.117104;3.116157;
HipLeft;1.491369;-0.1125605;3.063494;
KneeRight;1.499689;-0.6642061;3.091403;
KneeLeft;1.53062;-0.6276869;3.08715;
AnkleRight;1.493185;-1.005036;2.990275;
AnkleLeft;1.439393;-0.9951888;3.043881;
FootRight;1.417178;-1.03514;3.031474;
FootLeft;1.343418;-1.039693;3.02369;
Head;1.732046;0.5013222;3.12529;
ShoulderCenter;1.619135;0.3329603;3.182099;
ShoulderRight;1.549341;0.2021136;3.00259;
ShoulderLeft;1.492736;0.2322297;3.311533;
ElbowRight;1.558449;-0.06599282;2.888227;
ElbowLeft;1.563281;0.06089889;3.013199;
WristRight;1.495488;-0.2779807;2.7771;
WristLeft;1.548748;-0.2300891;2.868948;
HandRight;1.473361;-0.3422055;2.760057;
HandLeft;1.51875;-0.288241;2.800416;
Spine;1.608996;-0.08013903;3.142968;
HipCenter;1.54197;-0.1504407;3.125769;
HipRight;1.554392;-0.1640744;3.135279;
HipLeft;1.523782;-0.1729274;3.110907;
KneeRight;1.529134;-0.6612381;3.128083;
KneeLeft;1.538439;-0.6333501;3.084291;
AnkleRight;1.532032;-1.001212;3.02554;
AnkleLeft;1.438529;-0.9961587;3.046419;
FootRight;1.415537;-1.042207;3.037283;
FootLeft;1.342393;-1.040998;3.026821;
Head;1.763849;0.4861065;3.203793;
ShoulderCenter;1.646353;0.2979226;3.206559;
ShoulderRight;1.576559;0.1670758;3.02705;
ShoulderLeft;1.519954;0.1971919;3.335993;
ElbowRight;1.611605;-0.1286734;2.959439;
ElbowLeft;1.566188;-0.04781988;3.096469;
WristRight;1.508333;-0.2976052;2.784186;
WristLeft;1.52167;-0.2583805;2.836753;
HandRight;1.479907;-0.3441045;2.740156;
HandLeft;1.499441;-0.2961133;2.782063;
Spine;1.637572;-0.1595262;3.168328;
HipCenter;1.570546;-0.2401147;3.151399;
HipRight;1.582634;-0.2634799;3.134784;
HipLeft;1.553162;-0.2543379;3.163092;
KneeRight;1.573409;-0.8192571;3.180573;
KneeLeft;1.584541;-0.6951698;3.073814;
AnkleRight;1.575165;-1.128583;3.083486;
AnkleLeft;1.436133;-0.9962842;3.048002;
FootRight;1.470618;-1.065174;3.062555;
FootLeft;1.340076;-1.041387;3.02864;
Head;1.791485;0.4210536;3.179804;
ShoulderCenter;1.673981;0.2328558;3.18258;
ShoulderRight;1.604187;0.102009;3.003071;
ShoulderLeft;1.547581;0.1321251;3.312014;
ElbowRight;1.637505;-0.1345706;3.021825;
ElbowLeft;1.595924;-0.1289188;3.094065;
WristRight;1.584016;-0.3466909;2.906815;
WristLeft;1.588339;-0.4288676;2.953181;
HandRight;1.528361;-0.3322888;2.81751;
HandLeft;1.535075;-0.3795923;2.79564;
Spine;1.683966;-0.2129068;3.161591;
HipCenter;1.620224;-0.2941486;3.148315;
HipRight;1.640828;-0.3143597;3.095362;
HipLeft;1.594635;-0.3228234;3.196672;
KneeRight;1.597316;-0.8399412;3.219094;
KneeLeft;1.593344;-0.7510948;3.051136;
AnkleRight;1.599072;-1.149267;3.122011;
AnkleLeft;1.435103;-0.9954661;3.04864;
FootRight;1.496531;-1.08064;3.105796;
FootLeft;1.339025;-1.041529;3.029727;
Head;1.650917;-0.6069824;3.066331;
ShoulderCenter;1.533405;-0.7951939;3.069108;
ShoulderRight;1.463611;-0.9260406;2.889599;
ShoulderLeft;1.407006;-0.8959245;3.198542;
ElbowRight;1.54583;-0.6233407;2.944189;
ElbowLeft;1.463503;-1.118006;2.984009;
WristRight;1.625529;-0.3439912;2.969517;
WristLeft;1.435255;-1.375684;2.891925;
HandRight;1.652095;-0.2508748;2.983056;
HandLeft;1.425839;-1.461576;2.866327;
Spine;1.563951;-0.3887443;3.144703;
HipCenter;1.632328;-0.3192697;3.17294;
HipRight;1.658529;-0.2894865;3.186051;
HipLeft;1.608503;-0.3261811;3.181674;
KneeRight;1.67447;-0.5941383;3.270636;
KneeLeft;1.633607;-0.7577434;3.052423;
AnkleRight;1.676226;-0.9034641;3.173552;
AnkleLeft;1.444155;-1.004655;3.070398;
FootRight;1.76524;-0.9622017;3.191874;
FootLeft;1.553673;-1.04873;3.109755;
Head;1.675191;-0.6282161;3.103669;
ShoulderCenter;1.557771;-0.8162804;3.106491;
ShoulderRight;1.487977;-0.947127;2.926982;
ShoulderLeft;1.431372;-0.917011;3.235925;
ElbowRight;1.570049;-0.6449662;2.981476;
ElbowLeft;1.487869;-1.139093;3.021446;
WristRight;1.649895;-0.3650777;3.006982;
WristLeft;1.459621;-1.39677;2.92939;
HandRight;1.67651;-0.2717816;3.020571;
HandLeft;1.450205;-1.482663;2.903792;
Spine;1.604312;-0.6398615;3.114501;
HipCenter;1.66899;-0.6405165;3.133448;
HipRight;1.697054;-0.6270965;3.143738;
HipLeft;1.659687;-0.6242329;3.125098;
KneeRight;1.630362;-1.118995;3.188424;
KneeLeft;1.654594;-0.744355;3.079741;
AnkleRight;1.632118;-1.428321;3.091394;
AnkleLeft;1.438846;-1.000891;3.075608;
FootRight;1.706232;-1.504945;3.109543;
FootLeft;1.548945;-1.044584;3.113474;
