Floor;-0.03284284;0.9994422;0.006045856;1.072041;
Head;1.424803;0.4351752;3.213825;
ShoulderCenter;1.489176;0.2638634;3.200217;
ShoulderRight;1.527121;0.1437517;3.071132;
ShoulderLeft;1.436049;0.1551421;3.31522;
ElbowRight;1.546826;-0.004150289;2.963835;
ElbowLeft;1.427522;-0.06885429;3.29901;
WristRight;1.387596;-0.167431;2.953512;
WristLeft;1.332955;-0.1877095;3.118245;
HandRight;1.313848;-0.2079158;2.966696;
HandLeft;1.301433;-0.227328;3.061533;
Spine;1.454599;-0.1745315;3.155399;
HipCenter;1.447684;-0.2622105;3.149034;
HipRight;1.463786;-0.3204124;3.090235;
HipLeft;1.422804;-0.3152867;3.194757;
KneeRight;1.553881;-0.609221;3.039644;
KneeLeft;1.349291;-0.6685436;3.201199;
AnkleRight;1.650503;-0.918955;2.97592;
AnkleLeft;1.237338;-0.992713;3.15199;
FootRight;1.57073;-0.9600284;2.944751;
FootLeft;1.173637;-1.043448;3.143688;
Head;1.404197;0.4216825;3.210935;
ShoulderCenter;1.457154;0.2561558;3.205157;
ShoulderRight;1.501471;0.138346;3.070758;
ShoulderLeft;1.407652;0.1613393;3.305016;
ElbowRight;1.496588;-0.06645629;2.965942;
ElbowLeft;1.396576;-0.08881241;3.29644;
WristRight;1.30249;-0.2237789;2.975876;
WristLeft;1.318558;-0.1875139;3.069364;
HandRight;1.254154;-0.2521662;2.961808;
HandLeft;1.26124;-0.2395711;3.080257;
Spine;1.436861;-0.1623068;3.133658;
HipCenter;1.430176;-0.2437955;3.118385;
HipRight;1.445473;-0.311571;3.03876;
HipLeft;1.408364;-0.3031685;3.169975;
KneeRight;1.549003;-0.616433;3.036789;
KneeLeft;1.331567;-0.6719923;3.197959;
AnkleRight;1.628282;-0.8521303;3.030766;
AnkleLeft;1.216759;-0.987355;3.147405;
FootRight;1.546108;-0.8947323;2.995714;
FootLeft;1.134585;-1.029957;3.112354;
Head;1.367885;0.4407578;3.258269;
ShoulderCenter;1.409332;0.2541156;3.225932;
ShoulderRight;1.448464;0.1436143;3.087724;
ShoulderLeft;1.364581;0.1694616;3.325061;
ElbowRight;1.486586;-0.0643314;2.973069;
ElbowLeft;1.322785;-0.08596704;3.252446;
WristRight;1.298444;-0.2188392;2.973527;
WristLeft;1.251566;-0.2301396;3.041444;
HandRight;1.233624;-0.2752579;2.97448;
HandLeft;1.216102;-0.3014039;3.009052;
Spine;1.385351;-0.1837821;3.148942;
HipCenter;1.380555;-0.2713616;3.136158;
HipRight;1.396486;-0.3358027;3.06869;
HipLeft;1.358208;-0.3240713;3.181226;
KneeRight;1.49919;-0.6396824;3.024614;
KneeLeft;1.2849;-0.6730247;3.205393;
AnkleRight;1.632046;-0.921328;3.025477;
AnkleLeft;1.212308;-1.000291;3.146691;
FootRight;1.543595;-0.9666562;2.991987;
FootLeft;1.163646;-1.068952;3.189994;
Head;1.322305;0.4442825;3.26621;
ShoulderCenter;1.387786;0.2602621;3.241771;
ShoulderRight;1.428652;0.1473652;3.096502;
ShoulderLeft;1.327529;0.1516099;3.34037;
ElbowRight;1.426784;-0.05084265;2.979222;
ElbowLeft;1.289508;-0.1232778;3.252126;
WristRight;1.298501;-0.2183078;2.965209;
WristLeft;1.230139;-0.4023226;3.23206;
HandRight;1.235414;-0.2764677;2.972645;
HandLeft;1.202717;-0.4814838;3.252045;
Spine;1.353044;-0.1818203;3.159145;
HipCenter;1.345411;-0.2703484;3.1452;
HipRight;1.359859;-0.3239575;3.084769;
HipLeft;1.319215;-0.322512;3.184696;
KneeRight;1.424851;-0.6562776;3.044179;
KneeLeft;1.267558;-0.6710437;3.208144;
AnkleRight;1.618015;-0.9054716;3.001467;
AnkleLeft;1.213483;-0.9992245;3.146299;
FootRight;1.639327;-1.00895;3.05478;
FootLeft;1.168603;-1.071204;3.228817;
Head;1.275197;0.4373224;3.248762;
ShoulderCenter;1.35787;0.2734427;3.250692;
ShoulderRight;1.385063;0.1567452;3.102137;
ShoulderLeft;1.283812;0.1611711;3.354726;
ElbowRight;1.415924;-0.04749681;2.984058;
ElbowLeft;1.258039;-0.12385;3.259742;
WristRight;1.292258;-0.2272334;2.964638;
WristLeft;1.226135;-0.4069162;3.308005;
HandRight;1.231055;-0.292726;2.963615;
HandLeft;1.228806;-0.4287241;3.370515;
Spine;1.308823;-0.162328;3.175022;
HipCenter;1.300326;-0.2500604;3.16226;
HipRight;1.31784;-0.3032383;3.1038;
HipLeft;1.272694;-0.3013339;3.200622;
KneeRight;1.39187;-0.6595107;3.034815;
KneeLeft;1.231429;-0.6593359;3.197547;
AnkleRight;1.610477;-0.9094761;3.007956;
AnkleLeft;1.212449;-0.9984946;3.146314;
FootRight;1.591209;-1.005211;3.032646;
FootLeft;1.160598;-1.065463;3.157019;
Head;1.250823;0.4538668;3.258738;
ShoulderCenter;1.312928;0.2798149;3.261338;
ShoulderRight;1.348082;0.1648795;3.119858;
ShoulderLeft;1.243831;0.1719251;3.321819;
ElbowRight;1.381696;-0.01214755;2.984515;
ElbowLeft;1.234119;-0.06017407;3.337054;
WristRight;1.299058;-0.2136432;2.968089;
WristLeft;1.214084;-0.3465588;3.31676;
HandRight;1.240786;-0.2842673;2.957939;
HandLeft;1.159601;-0.3760714;3.344989;
Spine;1.273201;-0.10095;3.199141;
HipCenter;1.265639;-0.1771573;3.189516;
HipRight;1.283243;-0.2282502;3.13491;
HipLeft;1.238168;-0.2254837;3.225877;
KneeRight;1.332237;-0.6366474;3.034345;
KneeLeft;1.207748;-0.6443864;3.188256;
AnkleRight;1.537684;-0.913152;3.0169;
AnkleLeft;1.211704;-1.000439;3.148198;
FootRight;1.503922;-1.0088;3.033584;
FootLeft;1.169767;-1.072712;3.194756;
Head;1.207784;0.458214;3.253435;
ShoulderCenter;1.27878;0.2885917;3.260627;
ShoulderRight;1.329369;0.1682839;3.12358;
ShoulderLeft;1.214365;0.1689762;3.326298;
ElbowRight;1.350487;-0.04103982;3.000403;
ElbowLeft;1.20164;-0.1183275;3.346772;
WristRight;1.275982;-0.2423917;2.975532;
WristLeft;1.194598;-0.3809852;3.414719;
HandRight;1.22356;-0.3197499;2.959277;
HandLeft;1.180846;-0.4488939;3.404032;
Spine;1.239333;-0.08338707;3.212855;
HipCenter;1.230561;-0.1571279;3.206877;
HipRight;1.253656;-0.2139287;3.147104;
HipLeft;1.197995;-0.2123076;3.250282;
KneeRight;1.279986;-0.6385233;3.036582;
KneeLeft;1.168965;-0.640817;3.159468;
AnkleRight;1.454314;-0.934358;3.018909;
AnkleLeft;1.209855;-0.9993446;3.150515;
FootRight;1.421573;-1.022289;3.046316;
FootLeft;1.133574;-1.040528;3.105801;
Head;1.180344;0.4637317;3.267383;
ShoulderCenter;1.247883;0.2920595;3.256162;
ShoulderRight;1.289713;0.1770305;3.124827;
ShoulderLeft;1.178459;0.1817338;3.335045;
ElbowRight;1.327169;-0.0480661;3.00406;
ElbowLeft;1.182627;-0.09177311;3.397289;
WristRight;1.248007;-0.244659;2.968825;
WristLeft;1.152923;-0.3287347;3.414853;
HandRight;1.209201;-0.3307453;2.951539;
HandLeft;1.119083;-0.3909925;3.418516;
Spine;1.209463;-0.08031014;3.203865;
HipCenter;1.201994;-0.1546855;3.196718;
HipRight;1.219939;-0.2105076;3.13704;
HipLeft;1.17111;-0.208501;3.238067;
KneeRight;1.200724;-0.6348711;3.054026;
KneeLeft;1.103862;-0.6387411;3.130721;
AnkleRight;1.351544;-0.9441125;3.024007;
AnkleLeft;1.213131;-1.00256;3.143283;
FootRight;1.299081;-1.019187;3.041358;
FootLeft;1.230433;-1.063499;3.093294;
Head;1.151413;0.4710794;3.256102;
ShoulderCenter;1.214297;0.2926935;3.265015;
ShoulderRight;1.252095;0.1725007;3.131035;
ShoulderLeft;1.155082;0.175329;3.343256;
ElbowRight;1.298377;-0.04758969;3.009226;
ElbowLeft;1.141314;-0.09843171;3.415562;
WristRight;1.228373;-0.2819562;2.977179;
WristLeft;1.088615;-0.32229;3.434113;
HandRight;1.204763;-0.3420295;2.948909;
HandLeft;1.042786;-0.3853092;3.415223;
Spine;1.170244;-0.05965215;3.223661;
HipCenter;1.161945;-0.1296999;3.218535;
HipRight;1.181163;-0.1965312;3.146016;
HipLeft;1.132156;-0.1948609;3.27154;
KneeRight;1.133172;-0.6472808;3.076039;
KneeLeft;1.055797;-0.6265259;3.130115;
AnkleRight;1.255703;-0.9646453;3.04014;
AnkleLeft;1.171716;-0.9883918;3.143818;
FootRight;1.1838;-1.040735;3.047966;
FootLeft;1.154397;-1.06918;3.218725;
Head;1.114911;0.4761676;3.294759;
ShoulderCenter;1.173701;0.2904484;3.257884;
ShoulderRight;1.232184;0.1720043;3.128576;
ShoulderLeft;1.121172;0.1877426;3.354055;
ElbowRight;1.276409;-0.06247631;3.010352;
ElbowLeft;1.097285;-0.08592966;3.413085;
WristRight;1.223794;-0.285268;2.971711;
WristLeft;1.013555;-0.293486;3.407799;
HandRight;1.203136;-0.3503241;2.944179;
HandLeft;0.9594379;-0.3550974;3.38052;
Spine;1.129518;-0.09759483;3.202335;
HipCenter;1.121488;-0.1751589;3.194468;
HipRight;1.142411;-0.2321054;3.120345;
HipLeft;1.087065;-0.2486107;3.247493;
KneeRight;1.097934;-0.6042976;3.086046;
KneeLeft;1.02701;-0.624687;3.09223;
AnkleRight;1.155952;-0.980317;3.040447;
AnkleLeft;1.092553;-0.9901869;3.053466;
FootRight;1.091815;-1.037193;3.048337;
FootLeft;1.016406;-1.030211;3.013689;
Head;1.072196;0.4567019;3.267632;
ShoulderCenter;1.14261;0.2821825;3.262084;
ShoulderRight;1.17967;0.1649537;3.128233;
ShoulderLeft;1.076501;0.165954;3.34889;
ElbowRight;1.248517;-0.07200834;3.006895;
ElbowLeft;1.041878;-0.1097614;3.412657;
WristRight;1.189621;-0.3067483;2.961022;
WristLeft;0.9130483;-0.2793577;3.366456;
HandRight;1.189247;-0.3688487;2.931849;
HandLeft;0.8727079;-0.3250455;3.343427;
Spine;1.08852;-0.112955;3.22535;
HipCenter;1.078872;-0.1917079;3.221102;
HipRight;1.100056;-0.2441021;3.154963;
HipLeft;1.043398;-0.2592776;3.273352;
KneeRight;1.176983;-0.6863261;3.147756;
KneeLeft;0.977398;-0.670846;3.095229;
AnkleRight;1.151673;-1.022043;3.0968;
AnkleLeft;1.035786;-1.009789;3.070961;
FootRight;1.046356;-1.048329;3.084325;
FootLeft;0.9517207;-1.058017;3.04321;
Head;1.033762;0.4545103;3.2552;
ShoulderCenter;1.116529;0.2875587;3.265741;
ShoulderRight;1.159225;0.1619107;3.129145;
ShoulderLeft;1.043327;0.1704734;3.333981;
ElbowRight;1.218055;-0.08153018;3.006634;
ElbowLeft;1.022622;-0.1040548;3.416448;
WristRight;1.169429;-0.3150824;2.968018;
WristLeft;0.8637939;-0.244338;3.350612;
HandRight;1.166247;-0.3763565;2.939938;
HandLeft;0.8113909;-0.2715772;3.328565;
Spine;1.06702;-0.1108893;3.214115;
HipCenter;1.055838;-0.1903673;3.205996;
HipRight;1.079785;-0.2379605;3.142613;
HipLeft;1.014769;-0.2597112;3.248864;
KneeRight;1.183326;-0.6849998;3.165469;
KneeLeft;0.9654312;-0.6796551;3.095839;
AnkleRight;1.194815;-1.012563;3.156759;
AnkleLeft;0.910005;-1.008441;3.0672;
FootRight;1.163961;-1.080136;3.129959;
FootLeft;0.8446032;-1.061319;3.046479;
Head;1.008003;0.4466539;3.259884;
ShoulderCenter;1.058879;0.2786697;3.254383;
ShoulderRight;1.122232;0.1568418;3.122514;
ShoulderLeft;0.9938965;0.1077951;3.346969;
ElbowRight;1.173273;-0.08534484;3.005815;
ElbowLeft;0.9608831;-0.1075529;3.406108;
WristRight;1.150802;-0.3110333;2.959268;
WristLeft;0.7888849;-0.2303744;3.340774;
HandRight;1.1428;-0.3810216;2.938671;
HandLeft;0.7436196;-0.2364218;3.313993;
Spine;1.026995;-0.1186556;3.194553;
HipCenter;1.022544;-0.1976404;3.187021;
HipRight;1.054504;-0.2371987;3.13057;
HipLeft;0.9865927;-0.2648957;3.228161;
KneeRight;1.17602;-0.7002343;3.182717;
KneeLeft;0.9480072;-0.6931639;3.098962;
AnkleRight;1.195375;-1.009598;3.157392;
AnkleLeft;0.8315387;-1.013708;3.084397;
FootRight;1.162397;-1.077826;3.134807;
FootLeft;0.729563;-1.046054;3.084524;
Head;0.9512508;0.4375781;3.253494;
ShoulderCenter;1.031919;0.2734916;3.251289;
ShoulderRight;1.07856;0.1527568;3.125072;
ShoulderLeft;0.9512393;0.1503083;3.303878;
ElbowRight;1.145696;-0.08315493;2.99816;
ElbowLeft;0.9283103;-0.09797993;3.391739;
WristRight;1.104654;-0.3191463;2.95407;
WristLeft;0.7417847;-0.2001943;3.327615;
HandRight;1.103886;-0.3976846;2.935538;
HandLeft;0.7015006;-0.2091153;3.314653;
Spine;0.9969247;-0.1191513;3.187618;
HipCenter;0.9883644;-0.1975088;3.177692;
HipRight;1.007855;-0.2424679;3.119436;
HipLeft;0.9537116;-0.2588016;3.215316;
KneeRight;1.167535;-0.6988281;3.185481;
KneeLeft;0.8914463;-0.7012658;3.107444;
AnkleRight;1.194979;-1.010757;3.157985;
AnkleLeft;0.7351084;-1.011285;3.092951;
FootRight;1.163295;-1.07895;3.13305;
FootLeft;0.6296529;-1.028432;3.084409;
Head;0.9131637;0.4183307;3.235718;
ShoulderCenter;0.9798949;0.2677954;3.23354;
ShoulderRight;1.030074;0.1410314;3.113427;
ShoulderLeft;0.9293892;0.1424336;3.306527;
ElbowRight;1.111564;-0.09024943;2.992581;
ElbowLeft;0.865945;-0.1286047;3.379245;
WristRight;1.068437;-0.3447945;2.950814;
WristLeft;0.6635875;-0.1918184;3.307158;
HandRight;1.072463;-0.4099776;2.933877;
HandLeft;0.5787426;-0.2106865;3.279276;
Spine;0.9557377;-0.1211744;3.182942;
HipCenter;0.9525284;-0.1989466;3.175772;
HipRight;0.980481;-0.2461589;3.112037;
HipLeft;0.9183889;-0.2634871;3.222714;
KneeRight;1.156889;-0.6973751;3.193397;
KneeLeft;0.8687687;-0.7054603;3.112984;
AnkleRight;1.194558;-1.013682;3.161314;
AnkleLeft;0.6689103;-1.008513;3.096474;
FootRight;1.168286;-1.080602;3.131493;
FootLeft;0.5882648;-1.031921;3.086864;
Head;0.8731797;0.4368175;3.237266;
ShoulderCenter;0.940081;0.259932;3.210785;
ShoulderRight;1.008182;0.1387797;3.107614;
ShoulderLeft;0.8707009;0.1113659;3.281745;
ElbowRight;1.061816;-0.1112432;2.992709;
ElbowLeft;0.8431975;-0.1321147;3.374923;
WristRight;1.033334;-0.3264156;2.954377;
WristLeft;0.6348261;-0.1567282;3.30466;
HandRight;1.02024;-0.3988468;2.931149;
HandLeft;0.6261428;-0.178939;3.299126;
Spine;0.9098445;-0.129472;3.168847;
HipCenter;0.9033605;-0.2074268;3.16355;
HipRight;0.9345363;-0.2482968;3.100977;
HipLeft;0.8647184;-0.2826708;3.211692;
KneeRight;1.11662;-0.6936283;3.215683;
KneeLeft;0.8111413;-0.7438731;3.120557;
AnkleRight;1.18847;-1.011163;3.161087;
AnkleLeft;0.6600573;-0.9857171;3.10097;
FootRight;1.160173;-1.07682;3.13227;
FootLeft;0.5762925;-1.038545;3.096892;
Head;0.8456326;0.4308083;3.228994;
ShoulderCenter;0.8906429;0.2528675;3.198259;
ShoulderRight;0.9538781;0.1352739;3.089783;
ShoulderLeft;0.8364581;0.1461331;3.287921;
ElbowRight;1.027082;-0.1117357;2.987343;
ElbowLeft;0.7905108;-0.1263607;3.35547;
WristRight;0.9753996;-0.321856;2.947016;
WristLeft;0.5815822;-0.1646392;3.306502;
HandRight;0.9671377;-0.3978515;2.939336;
HandLeft;0.5740138;-0.1680822;3.315881;
Spine;0.859012;-0.1058094;3.171443;
HipCenter;0.8526858;-0.1775448;3.16922;
HipRight;0.8767943;-0.2388068;3.094115;
HipLeft;0.816606;-0.2520303;3.231115;
KneeRight;1.05723;-0.6949334;3.195949;
KneeLeft;0.7673769;-0.7015297;3.121847;
AnkleRight;1.185461;-1.010366;3.162033;
AnkleLeft;0.6459076;-0.9891196;3.107634;
FootRight;1.155389;-1.076563;3.139107;
FootLeft;0.5736049;-1.046619;3.1048;
Head;0.8131071;0.4478788;3.22294;
ShoulderCenter;0.8682988;0.2556157;3.197227;
ShoulderRight;0.909401;0.1356058;3.078612;
ShoulderLeft;0.7901107;0.1591402;3.269648;
ElbowRight;0.9617051;-0.1180073;2.976899;
ElbowLeft;0.7440668;-0.1108455;3.338085;
WristRight;0.9214286;-0.3271816;2.944254;
WristLeft;0.546438;-0.1927695;3.325487;
HandRight;0.9150579;-0.3945154;2.925857;
HandLeft;0.4805618;-0.2200775;3.325564;
Spine;0.8168852;-0.1169861;3.15652;
HipCenter;0.8066566;-0.1923417;3.150856;
HipRight;0.8369271;-0.2393988;3.092215;
HipLeft;0.7692806;-0.2503213;3.195968;
KneeRight;0.9894658;-0.6893973;3.192883;
KneeLeft;0.7514104;-0.7214333;3.123061;
AnkleRight;1.174409;-0.9985873;3.176513;
AnkleLeft;0.6421794;-0.9905522;3.109844;
FootRight;1.124127;-1.05438;3.173756;
FootLeft;0.5755951;-1.027608;3.064993;
Head;0.7654065;0.4369859;3.208673;
ShoulderCenter;0.8047669;0.256448;3.193858;
ShoulderRight;0.8750574;0.1390865;3.072057;
ShoulderLeft;0.747054;0.1441182;3.235392;
ElbowRight;0.909785;-0.1235338;2.96364;
ElbowLeft;0.7119294;-0.1166696;3.33737;
WristRight;0.8501692;-0.3310009;2.943033;
WristLeft;0.5149504;-0.204634;3.335469;
HandRight;0.8246894;-0.3941706;2.926076;
HandLeft;0.4492907;-0.2339554;3.339105;
Spine;0.7623098;-0.1289266;3.147089;
HipCenter;0.7538183;-0.2060015;3.140866;
HipRight;0.7822183;-0.2474252;3.092383;
HipLeft;0.7152461;-0.2569091;3.17621;
KneeRight;0.9868969;-0.6935971;3.202795;
KneeLeft;0.7373137;-0.6402403;3.110739;
AnkleRight;1.159561;-0.9979286;3.180268;
AnkleLeft;0.6421164;-0.9905361;3.10983;
FootRight;1.122407;-1.063;3.170386;
FootLeft;0.5872053;-1.051212;3.113024;
Head;0.7235228;0.4388674;3.178941;
ShoulderCenter;0.7880206;0.2620238;3.192704;
ShoulderRight;0.8222009;0.1450786;3.071104;
ShoulderLeft;0.7303078;0.1496941;3.234238;
ElbowRight;0.8594577;-0.1052459;2.958514;
ElbowLeft;0.6652404;-0.1051287;3.329823;
WristRight;0.7762098;-0.3174201;2.951257;
WristLeft;0.4973993;-0.2341975;3.347383;
HandRight;0.7717666;-0.3809028;2.929296;
HandLeft;0.4414523;-0.2772204;3.357507;
Spine;0.7441369;-0.1308722;3.142711;
HipCenter;0.7349257;-0.2095881;3.135704;
HipRight;0.7580558;-0.2462973;3.091018;
HipLeft;0.7019844;-0.2580875;3.168718;
KneeRight;0.9336858;-0.6268638;3.192503;
KneeLeft;0.7300044;-0.6425723;3.112;
AnkleRight;1.096698;-0.9585224;3.200749;
AnkleLeft;0.6417773;-0.9893042;3.10994;
FootRight;1.027803;-0.9956857;3.160295;
FootLeft;0.5728827;-1.026467;3.069485;
Head;0.6908994;0.4543053;3.187468;
ShoulderCenter;0.7384521;0.2679558;3.178666;
ShoulderRight;0.7806282;0.1443029;3.050834;
ShoulderLeft;0.6807392;0.155626;3.2202;
ElbowRight;0.8236651;-0.1038706;2.958396;
ElbowLeft;0.6416657;-0.102748;3.326178;
WristRight;0.7109098;-0.3210101;2.952665;
WristLeft;0.4973462;-0.2572994;3.357912;
HandRight;0.690512;-0.392048;2.931916;
HandLeft;0.4751664;-0.2618734;3.34252;
Spine;0.6918342;-0.1170062;3.13556;
HipCenter;0.6825106;-0.1939986;3.130072;
HipRight;0.700722;-0.2245593;3.081903;
HipLeft;0.6547293;-0.2518496;3.166559;
KneeRight;0.7990453;-0.6341197;3.126122;
KneeLeft;0.7399426;-0.6820374;3.141767;
AnkleRight;1.028326;-0.9257658;3.197887;
AnkleLeft;0.6409342;-0.9886072;3.109222;
FootRight;0.9605737;-0.9628286;3.155696;
FootLeft;0.5731822;-1.02567;3.067031;
Head;0.6389673;0.4505734;3.161098;
ShoulderCenter;0.6935438;0.269873;3.163909;
ShoulderRight;0.7451891;0.1435656;3.048367;
ShoulderLeft;0.6358309;0.1575432;3.205443;
ElbowRight;0.7657055;-0.09585534;2.955045;
ElbowLeft;0.5885991;-0.09855843;3.309318;
WristRight;0.6683335;-0.2932392;2.951009;
WristLeft;0.5047516;-0.2837079;3.366091;
HandRight;0.6336548;-0.3704882;2.918283;
HandLeft;0.4666025;-0.2925987;3.343259;
Spine;0.6619781;-0.119506;3.121919;
HipCenter;0.6551908;-0.1972004;3.116677;
HipRight;0.6744122;-0.2266278;3.074529;
HipLeft;0.6283011;-0.2519124;3.147242;
KneeRight;0.833233;-0.6448699;3.193829;
KneeLeft;0.6983865;-0.6622298;3.134053;
AnkleRight;0.9818681;-0.9216207;3.228386;
AnkleLeft;0.6348507;-0.9901083;3.106293;
FootRight;0.9544562;-1.018806;3.228351;
FootLeft;0.57074;-1.02733;3.059237;
Head;0.6018209;0.4480511;3.168132;
ShoulderCenter;0.6688702;0.2787956;3.157971;
ShoulderRight;0.7077551;0.1478117;3.043804;
ShoulderLeft;0.6111574;0.1664658;3.199505;
ElbowRight;0.7142077;-0.07619445;2.949771;
ElbowLeft;0.5657118;-0.08788909;3.302885;
WristRight;0.6023664;-0.3000074;2.941113;
WristLeft;0.5065269;-0.2804851;3.360076;
HandRight;0.5634035;-0.3519413;2.922699;
HandLeft;0.4674137;-0.3315862;3.36278;
Spine;0.6211694;-0.1185282;3.135698;
HipCenter;0.6100752;-0.1985448;3.135914;
HipRight;0.6239471;-0.227341;3.103359;
HipLeft;0.5915876;-0.2512266;3.16143;
KneeRight;0.7672436;-0.6761236;3.186752;
KneeLeft;0.776655;-0.7045422;3.224475;
AnkleRight;1.007819;-0.9591532;3.252303;
AnkleLeft;0.6284117;-0.9904234;3.10639;
FootRight;0.926346;-1.016423;3.269269;
FootLeft;0.5620513;-1.027716;3.062544;
Head;0.5680729;0.4687151;3.175771;
ShoulderCenter;0.6192278;0.2856628;3.145779;
ShoulderRight;0.6648237;0.15429;3.032564;
ShoulderLeft;0.5540156;0.1784254;3.225896;
ElbowRight;0.671658;-0.07270198;2.944364;
ElbowLeft;0.5078353;-0.07759807;3.330163;
WristRight;0.5599051;-0.2654229;2.935429;
WristLeft;0.512141;-0.2841138;3.376153;
HandRight;0.5032841;-0.3368353;2.924942;
HandLeft;0.4735044;-0.3501294;3.378387;
Spine;0.6024922;-0.09799563;3.131503;
HipCenter;0.5962777;-0.1745393;3.131556;
HipRight;0.6180811;-0.2181043;3.08321;
HipLeft;0.5665609;-0.2336102;3.176404;
KneeRight;0.6207936;-0.6383098;3.09223;
KneeLeft;0.5144579;-0.6370807;3.212104;
AnkleRight;0.7986949;-0.956527;3.196275;
AnkleLeft;0.6255168;-0.9976501;3.101759;
FootRight;0.7107646;-0.9959006;3.164597;
FootLeft;0.5976499;-1.065982;3.114925;
Head;0.5186808;0.4536252;3.160396;
ShoulderCenter;0.5937657;0.2920549;3.143081;
ShoulderRight;0.6466539;0.1580746;3.029854;
ShoulderLeft;0.5285536;0.1848175;3.223198;
ElbowRight;0.6166223;-0.06905155;2.932;
ElbowLeft;0.4820673;-0.07290164;3.328291;
WristRight;0.4769073;-0.3059212;2.941102;
WristLeft;0.4870525;-0.2798461;3.377809;
HandRight;0.4190353;-0.3314712;2.918242;
HandLeft;0.4522775;-0.3494079;3.380145;
Spine;0.568956;-0.09100578;3.122189;
HipCenter;0.5654966;-0.1680335;3.121573;
HipRight;0.5929571;-0.211261;3.073775;
HipLeft;0.5316964;-0.2248859;3.162262;
KneeRight;0.6211724;-0.6388087;3.091447;
KneeLeft;0.4987486;-0.646392;3.213091;
AnkleRight;0.7699687;-0.9724581;3.172572;
AnkleLeft;0.6282458;-1.001675;3.096959;
FootRight;0.6785889;-1.012267;3.146558;
FootLeft;0.6270937;-1.076994;3.108057;
Head;0.5013877;0.431069;3.161885;
ShoulderCenter;0.54452;0.2167462;3.138686;
ShoulderRight;0.5900044;0.1599382;3.024382;
ShoulderLeft;0.4778965;0.1739979;3.199909;
ElbowRight;0.5806541;-0.06009707;2.924073;
ElbowLeft;0.4311586;-0.08511634;3.30563;
WristRight;0.4453118;-0.2337794;2.932387;
WristLeft;0.4357696;-0.2928528;3.356556;
HandRight;0.381891;-0.2998275;2.932288;
HandLeft;0.3999117;-0.3622487;3.358702;
Spine;0.5248311;-0.1242092;3.104528;
HipCenter;0.5208933;-0.1924003;3.100842;
HipRight;0.5392314;-0.2268519;3.060811;
HipLeft;0.4973615;-0.2478872;3.129727;
KneeRight;0.5962249;-0.6679754;3.099028;
KneeLeft;0.4582362;-0.6714596;3.217566;
AnkleRight;0.6332012;-0.984039;3.091172;
AnkleLeft;0.5413582;-1.020725;3.234922;
FootRight;0.5873787;-1.052839;3.119164;
FootLeft;0.4972147;-1.075882;3.312387;
Head;0.4587146;0.4349693;3.146913;
ShoulderCenter;0.5135892;0.2221033;3.137481;
ShoulderRight;0.5704918;0.1625713;3.024039;
ShoulderLeft;0.4419142;0.160541;3.198692;
ElbowRight;0.5242221;-0.07515854;2.925529;
ElbowLeft;0.3953971;-0.09734887;3.303718;
WristRight;0.3644205;-0.2551142;2.944133;
WristLeft;0.3997355;-0.3040401;3.354529;
HandRight;0.2971681;-0.3098818;2.947347;
HandLeft;0.3639294;-0.3757056;3.35737;
Spine;0.5070626;-0.1211121;3.105528;
HipCenter;0.5053006;-0.1896776;3.102153;
HipRight;0.5274689;-0.2274929;3.058769;
HipLeft;0.4796037;-0.2493439;3.134694;
KneeRight;0.5881528;-0.6523646;3.090346;
KneeLeft;0.4237127;-0.7088888;3.219386;
AnkleRight;0.6328325;-0.9856495;3.093472;
AnkleLeft;0.4867188;-1.020281;3.237044;
FootRight;0.5913355;-1.051613;3.117576;
FootLeft;0.4081989;-1.079973;3.261083;
Head;0.421037;0.4365372;3.161808;
ShoulderCenter;0.4718077;0.2185913;3.137424;
ShoulderRight;0.5261877;0.1574237;3.016365;
ShoulderLeft;0.3991275;0.2035173;3.200572;
ElbowRight;0.5223839;-0.05840454;2.934641;
ElbowLeft;0.3524178;-0.05544043;3.306067;
WristRight;0.3449844;-0.2243911;2.939228;
WristLeft;0.3569937;-0.2630432;3.356909;
HandRight;0.2853295;-0.2936271;2.951591;
HandLeft;0.3211427;-0.3327294;3.359144;
Spine;0.4596636;-0.1233743;3.111517;
HipCenter;0.4575119;-0.1917301;3.109542;
HipRight;0.4785014;-0.2315264;3.072208;
HipLeft;0.4347361;-0.2460245;3.137658;
KneeRight;0.5578249;-0.6459134;3.092704;
KneeLeft;0.3579684;-0.6961328;3.224317;
AnkleRight;0.6327213;-0.9856765;3.093736;
AnkleLeft;0.3600791;-1.029121;3.235084;
FootRight;0.5918994;-1.051088;3.117083;
FootLeft;0.2828042;-1.084838;3.249256;
Head;0.3713496;0.4909632;3.156689;
ShoulderCenter;0.4312847;0.2763748;3.142698;
ShoulderRight;0.5099703;0.1527365;3.022829;
ShoulderLeft;0.3624487;0.2616238;3.205869;
ElbowRight;0.4436722;-0.06432889;2.920739;
ElbowLeft;0.3159367;0.003761917;3.31062;
WristRight;0.2728214;-0.246001;2.951649;
WristLeft;0.3202688;-0.2029053;3.361297;
HandRight;0.2229964;-0.3025925;2.970192;
HandLeft;0.2844639;-0.2746228;3.364154;
Spine;0.4253889;-0.09810176;3.120537;
HipCenter;0.4262314;-0.1736815;3.118662;
HipRight;0.4547823;-0.2264245;3.077719;
HipLeft;0.3994295;-0.2323488;3.149788;
KneeRight;0.5384415;-0.6550705;3.09631;
KneeLeft;0.3045759;-0.6985617;3.222902;
AnkleRight;0.6312703;-0.9862418;3.095584;
AnkleLeft;0.236845;-1.036114;3.220702;
FootRight;0.593042;-1.050766;3.114472;
FootLeft;0.1474684;-1.082463;3.237437;
Head;0.3405412;0.4854418;3.155185;
ShoulderCenter;0.4025086;0.2716478;3.143031;
ShoulderRight;0.4531929;0.1455699;3.024924;
ShoulderLeft;0.324751;0.1742707;3.215882;
ElbowRight;0.4291975;-0.06232487;2.925786;
ElbowLeft;0.2784691;-0.08231544;3.320075;
WristRight;0.236688;-0.249919;2.959589;
WristLeft;0.2825465;-0.2890824;3.371078;
HandRight;0.1902294;-0.2990509;2.965528;
HandLeft;0.2467662;-0.361976;3.374299;
Spine;0.3832695;-0.1241499;3.127323;
HipCenter;0.3812017;-0.203017;3.127324;
HipRight;0.403823;-0.2439746;3.091717;
HipLeft;0.35611;-0.2562879;3.157181;
KneeRight;0.5242932;-0.6442757;3.086583;
KneeLeft;0.263209;-0.7469686;3.216261;
AnkleRight;0.6291996;-0.9875503;3.095919;
AnkleLeft;0.1223605;-1.049861;3.208559;
FootRight;0.592843;-1.052875;3.112952;
FootLeft;0.04754218;-1.066636;3.208407;
Head;0.2803989;0.4185562;3.140428;
ShoulderCenter;0.3514556;0.2645366;3.145884;
ShoulderRight;0.4284809;0.1430807;3.02471;
ShoulderLeft;0.2922819;0.1629514;3.21648;
ElbowRight;0.3903086;-0.05780785;2.929517;
ElbowLeft;0.2458379;-0.09453391;3.321012;
WristRight;0.2271693;-0.2425251;2.955387;
WristLeft;0.2500873;-0.3008798;3.37165;
HandRight;0.1547718;-0.2993824;2.962106;
HandLeft;0.2142971;-0.3732952;3.374723;
Spine;0.3584164;-0.128709;3.122307;
HipCenter;0.3580673;-0.2075524;3.121096;
HipRight;0.3828869;-0.253736;3.07502;
HipLeft;0.327212;-0.2670922;3.157681;
KneeRight;0.5041652;-0.6356918;3.077517;
KneeLeft;0.2075537;-0.6942177;3.215628;
AnkleRight;0.6231317;-0.9899759;3.097195;
AnkleLeft;0.05341407;-1.040589;3.204107;
FootRight;0.588663;-1.056699;3.113193;
FootLeft;-0.01868336;-1.064558;3.215217;
Head;0.2472278;0.4253793;3.165318;
ShoulderCenter;0.3142797;0.2635872;3.149049;
ShoulderRight;0.3793968;0.1371892;3.038129;
ShoulderLeft;0.2477774;0.1721328;3.235991;
ElbowRight;0.3312481;-0.08692757;2.938184;
ElbowLeft;0.2015414;-0.08419919;3.339805;
WristRight;0.193622;-0.250584;2.947685;
WristLeft;0.2055729;-0.2912203;3.390809;
HandRight;0.1209216;-0.3079119;2.95474;
HandLeft;0.1697927;-0.3641139;3.394029;
Spine;0.3140904;-0.1327161;3.124422;
HipCenter;0.3155012;-0.2118829;3.122647;
HipRight;0.3438205;-0.2538889;3.080925;
HipLeft;0.2930269;-0.2699464;3.155926;
KneeRight;0.4718309;-0.6597982;3.075865;
KneeLeft;0.17226;-0.7296904;3.197829;
AnkleRight;0.6157146;-0.9904876;3.099278;
AnkleLeft;0.06027517;-1.010591;3.192272;
FootRight;0.5859997;-1.05904;3.115461;
FootLeft;-0.01295993;-1.06664;3.213705;
Head;0.1967134;0.4063867;3.167085;
ShoulderCenter;0.2868201;0.2596338;3.16083;
ShoulderRight;0.3574243;0.131309;3.040903;
ShoulderLeft;0.1997648;0.1566408;3.222864;
ElbowRight;0.3161465;-0.08064137;2.941342;
ElbowLeft;0.1537166;-0.09864981;3.326226;
WristRight;0.148304;-0.2608203;2.948953;
WristLeft;0.1575603;-0.3067123;3.377794;
HandRight;0.07868851;-0.3227352;2.948087;
HandLeft;0.12178;-0.3796059;3.381014;
Spine;0.2715716;-0.1400767;3.136852;
HipCenter;0.2673136;-0.2202738;3.135396;
HipRight;0.2943216;-0.2638218;3.101236;
HipLeft;0.2379923;-0.2718619;3.16122;
KneeRight;0.4611609;-0.6797621;3.079667;
KneeLeft;0.1344358;-0.744076;3.191021;
AnkleRight;0.6098328;-0.9970264;3.102449;
AnkleLeft;0.04664806;-1.017354;3.188853;
FootRight;0.5804642;-1.066263;3.114867;
FootLeft;-0.03616743;-1.075977;3.203352;
Head;0.169826;0.408349;3.17244;
ShoulderCenter;0.2292949;0.2509471;3.177111;
ShoulderRight;0.3033017;0.1278768;3.05207;
ShoulderLeft;0.1605365;0.1556298;3.24091;
ElbowRight;0.2729916;-0.09011553;2.948303;
ElbowLeft;0.1146659;-0.09867656;3.343637;
WristRight;0.1282758;-0.2695251;2.942674;
WristLeft;0.118332;-0.3077233;3.395632;
HandRight;0.07043611;-0.3297845;2.942713;
HandLeft;0.08255176;-0.3806169;3.398853;
Spine;0.2383016;-0.145399;3.131291;
HipCenter;0.2403369;-0.2246208;3.126735;
HipRight;0.2693402;-0.263624;3.092261;
HipLeft;0.2118349;-0.2780803;3.14977;
KneeRight;0.3919943;-0.6856451;3.087382;
KneeLeft;0.118561;-0.7532275;3.18916;
AnkleRight;0.6018696;-1.003302;3.099636;
AnkleLeft;0.0246519;-1.024549;3.183862;
FootRight;0.5749568;-1.07347;3.112974;
FootLeft;-0.06056821;-1.076419;3.210526;
Head;0.1161391;0.4052244;3.151297;
ShoulderCenter;0.1906631;0.2039384;3.17205;
ShoulderRight;0.2724854;0.1275395;3.057967;
ShoulderLeft;0.1101802;0.1530725;3.21188;
ElbowRight;0.2508588;-0.09367154;2.964024;
ElbowLeft;0.06451778;-0.1000794;3.313959;
WristRight;0.09196686;-0.3087584;2.946392;
WristLeft;0.06797571;-0.3102806;3.366506;
HandRight;0.04497429;-0.3567501;2.933368;
HandLeft;0.03219543;-0.3831742;3.369726;
Spine;0.2236483;-0.1593479;3.160394;
HipCenter;0.1900231;-0.2254145;3.118411;
HipRight;0.2192226;-0.261275;3.082306;
HipLeft;0.1606831;-0.2838169;3.139845;
KneeRight;0.356415;-0.707827;3.073976;
KneeLeft;0.08727526;-0.7112468;3.185157;
AnkleRight;0.559438;-0.990222;3.098072;
AnkleLeft;0.02170905;-1.021485;3.179341;
FootRight;0.5051444;-1.028454;3.0373;
FootLeft;-0.0540226;-1.075879;3.224306;
Head;0.07881835;0.4381548;3.149313;
ShoulderCenter;0.1472732;0.2625293;3.16593;
ShoulderRight;0.2229373;0.1442938;3.059531;
ShoulderLeft;0.07407299;0.1717777;3.244275;
ElbowRight;0.2157541;-0.1075345;2.975877;
ElbowLeft;0.02860672;-0.08028671;3.345893;
WristRight;0.09805353;-0.2913648;2.940291;
WristLeft;0.0318685;-0.2915754;3.399035;
HandRight;0.05716521;-0.348519;2.93154;
HandLeft;-0.003911786;-0.364469;3.402255;
Spine;0.1926962;-0.1477127;3.14783;
HipCenter;0.1572958;-0.22404;3.11064;
HipRight;0.1899546;-0.2603271;3.073855;
HipLeft;0.1255096;-0.281299;3.133998;
KneeRight;0.2894301;-0.6757194;3.063193;
KneeLeft;0.07051904;-0.7702379;3.17753;
AnkleRight;0.5032537;-0.9555047;3.082387;
AnkleLeft;0.01264622;-1.049889;3.181342;
FootRight;0.4954515;-1.038728;3.143456;
FootLeft;-0.06769715;-1.091282;3.231819;
Head;0.04981488;0.4412625;3.16177;
ShoulderCenter;0.1127789;0.2636458;3.170419;
ShoulderRight;0.1882155;0.1475379;3.063343;
ShoulderLeft;0.03957875;0.1728942;3.248764;
ElbowRight;0.1926571;-0.100927;2.977464;
ElbowLeft;-0.005669598;-0.07796201;3.349726;
WristRight;0.09726118;-0.2908103;2.940359;
WristLeft;-0.00262575;-0.2904588;3.403455;
HandRight;0.0509517;-0.3613091;2.923357;
HandLeft;-0.03840603;-0.3633524;3.406676;
Spine;0.1466004;-0.1523267;3.154244;
HipCenter;0.1076152;-0.2302947;3.117371;
HipRight;0.1451945;-0.2618689;3.089102;
HipLeft;0.071585;-0.2782576;3.134406;
KneeRight;0.22835;-0.7356067;3.062751;
KneeLeft;0.06603065;-0.7719383;3.16647;
AnkleRight;0.4430263;-0.9396486;3.076488;
AnkleLeft;0.01196619;-1.049586;3.182248;
FootRight;0.4401625;-1.026078;3.091152;
FootLeft;-0.06302974;-1.094598;3.238864;
Head;0.01686613;0.4368099;3.156082;
ShoulderCenter;0.08420019;0.2717831;3.159638;
ShoulderRight;0.1439368;0.1561073;3.057076;
ShoulderLeft;0.01100003;0.1810315;3.237983;
ElbowRight;0.1522499;-0.09429868;2.971071;
ElbowLeft;-0.03402823;-0.06860459;3.338434;
WristRight;0.08358693;-0.2906216;2.933568;
WristLeft;-0.03120447;-0.2823216;3.392834;
HandRight;0.04788982;-0.3714483;2.919805;
HandLeft;-0.06698481;-0.3552152;3.396055;
Spine;0.08495162;-0.1348088;3.177718;
HipCenter;0.03998759;-0.2106276;3.150027;
HipRight;0.06275069;-0.2564851;3.112678;
HipLeft;0.009562532;-0.2656586;3.183213;
KneeRight;0.1734394;-0.7166591;3.059394;
KneeLeft;0.05519578;-0.7399547;3.11833;
AnkleRight;0.3634396;-0.9269528;3.064323;
AnkleLeft;0.01537298;-1.030565;3.179517;
FootRight;0.3519929;-1.028052;3.086228;
FootLeft;-0.04879926;-1.079703;3.245085;
Head;-0.01422313;0.4378769;3.162361;
ShoulderCenter;0.03228994;0.2838013;3.170044;
ShoulderRight;0.1021245;0.1534755;3.054609;
ShoulderLeft;-0.04091022;0.1930497;3.248389;
ElbowRight;0.1274841;-0.0894747;2.961879;
ElbowLeft;-0.08575393;-0.05556326;3.348412;
WristRight;0.0717815;-0.2894988;2.929291;
WristLeft;-0.08311471;-0.2703033;3.403374;
HandRight;0.04485911;-0.3776658;2.917542;
HandLeft;-0.118895;-0.3431969;3.406595;
Spine;0.04498159;-0.1284709;3.169155;
HipCenter;-0.0003671213;-0.204143;3.136705;
HipRight;0.02364468;-0.24748;3.097403;
HipLeft;-0.03345823;-0.2615279;3.165957;
KneeRight;0.08941188;-0.7206205;3.056876;
KneeLeft;0.03392774;-0.7372245;3.087915;
AnkleRight;0.2737101;-0.9494191;3.058688;
AnkleLeft;0.01524472;-1.029707;3.179994;
FootRight;0.2414274;-1.04309;3.091213;
FootLeft;-0.03779732;-1.085143;3.187351;
Head;-0.0787962;0.4422407;3.167008;
ShoulderCenter;-0.001755624;0.2850832;3.175433;
ShoulderRight;0.07143515;0.1569689;3.054356;
ShoulderLeft;-0.08929303;0.1906514;3.202004;
ElbowRight;0.1040133;-0.09162791;2.966336;
ElbowLeft;-0.1340548;-0.05750695;3.301726;
WristRight;0.05105721;-0.3001164;2.924069;
WristLeft;-0.1314975;-0.2727016;3.356883;
HandRight;0.04356909;-0.3761886;2.915274;
HandLeft;-0.1672778;-0.3455952;3.360103;
Spine;-0.003772981;-0.115087;3.18293;
HipCenter;-0.04137522;-0.1879367;3.1443;
HipRight;-0.003443769;-0.2425964;3.099607;
HipLeft;-0.08239885;-0.2376016;3.179225;
KneeRight;-0.02820767;-0.6836659;3.067353;
KneeLeft;0.1078582;-0.6738678;3.222489;
AnkleRight;0.152049;-0.9838589;3.07451;
AnkleLeft;0.01618014;-1.025393;3.174987;
FootRight;0.08529788;-1.064124;3.078209;
FootLeft;-0.04371061;-1.074612;3.245005;
Head;-0.09195876;0.4513513;3.15978;
ShoulderCenter;-0.03736033;0.2922233;3.171022;
ShoulderRight;0.02229743;0.1647793;3.053657;
ShoulderLeft;-0.1143435;0.1964943;3.197497;
ElbowRight;0.07478836;-0.09079311;2.96236;
ElbowLeft;-0.159426;-0.0534426;3.298146;
WristRight;0.04727008;-0.300105;2.923916;
WristLeft;-0.1907038;-0.3239292;3.364566;
HandRight;0.03748711;-0.3661069;2.907704;
HandLeft;-0.2260126;-0.3827752;3.362278;
Spine;-0.01751877;-0.1153564;3.173011;
HipCenter;-0.05613045;-0.1907595;3.136076;
HipRight;-0.02662661;-0.237141;3.090811;
HipLeft;-0.09188753;-0.2388609;3.171386;
KneeRight;-0.09581669;-0.6798663;3.076243;
KneeLeft;0.08598059;-0.6818048;3.232638;
AnkleRight;0.05754328;-0.9947484;3.066274;
AnkleLeft;-0.03679661;-1.015081;3.143148;
FootRight;-0.01939334;-1.060725;3.096807;
FootLeft;-0.09517334;-1.092871;3.184925;
Head;-0.1424357;0.4556967;3.155979;
ShoulderCenter;-0.07829224;0.2902906;3.17767;
ShoulderRight;-0.01344195;0.1525036;3.050779;
ShoulderLeft;-0.1618356;0.1954308;3.203672;
ElbowRight;0.04677149;-0.09591475;2.963943;
ElbowLeft;-0.2067995;-0.05384856;3.303892;
WristRight;0.02440967;-0.3021432;2.924409;
WristLeft;-0.2511006;-0.3024925;3.374967;
HandRight;0.02940043;-0.370129;2.90829;
HandLeft;-0.2932812;-0.3606414;3.397625;
Spine;-0.03838456;-0.1148954;3.149039;
HipCenter;-0.07338744;-0.1885539;3.102815;
HipRight;-0.04715294;-0.2205117;3.051268;
HipLeft;-0.1028604;-0.2533393;3.126924;
KneeRight;-0.1734815;-0.6924132;3.089343;
KneeLeft;0.03440078;-0.6790339;3.219668;
AnkleRight;-0.05208303;-1.032089;3.085906;
AnkleLeft;0.05063571;-1.029046;3.15812;
FootRight;-0.1415333;-1.084082;3.108528;
FootLeft;-0.007772073;-1.106877;3.199919;
Head;-0.1784733;0.4229176;3.151287;
ShoulderCenter;-0.1220849;0.210454;3.15248;
ShoulderRight;-0.03852711;0.1563899;3.047971;
ShoulderLeft;-0.2026615;0.1157601;3.177986;
ElbowRight;0.01777145;-0.1013827;2.955572;
ElbowLeft;-0.2474854;-0.1327426;3.277753;
WristRight;-0.004931844;-0.3218179;2.929444;
WristLeft;-0.3405343;-0.2798528;3.38516;
HandRight;0.006581426;-0.3862216;2.910259;
HandLeft;-0.4029809;-0.312724;3.375263;
Spine;-0.08112203;-0.1481058;3.135214;
HipCenter;-0.1067042;-0.2112477;3.091541;
HipRight;-0.07235319;-0.240393;3.044883;
HipLeft;-0.1356143;-0.2796759;3.120406;
KneeRight;-0.2709167;-0.6616212;3.084813;
KneeLeft;-0.0331542;-0.7158673;3.187409;
AnkleRight;-0.153455;-1.028999;3.0929;
AnkleLeft;0.01239384;-1.035752;3.175698;
FootRight;-0.2503884;-1.069106;3.078885;
FootLeft;-0.03648404;-1.095136;3.161422;
Head;-0.2246039;0.469447;3.155562;
ShoulderCenter;-0.1631388;0.2801065;3.159858;
ShoulderRight;-0.09404462;0.1432322;3.044951;
ShoulderLeft;-0.2437155;0.1854126;3.185364;
ElbowRight;-0.009864599;-0.1091474;2.9535;
ElbowLeft;-0.2897862;-0.05540352;3.297436;
WristRight;-0.03222784;-0.3153641;2.925319;
WristLeft;-0.3929515;-0.2302097;3.359305;
HandRight;-0.03678626;-0.3901026;2.91013;
HandLeft;-0.4544421;-0.2672748;3.346649;
Spine;-0.110316;-0.131037;3.129278;
HipCenter;-0.1382617;-0.2049905;3.083998;
HipRight;-0.1119359;-0.2426235;3.037597;
HipLeft;-0.164377;-0.2662115;3.111245;
KneeRight;-0.3039564;-0.6666947;3.086904;
KneeLeft;-0.0307292;-0.7162285;3.19805;
AnkleRight;-0.3260027;-1.04299;3.068484;
AnkleLeft;0.01334221;-1.029881;3.175238;
FootRight;-0.4240866;-1.080832;3.081192;
FootLeft;-0.051562;-1.080127;3.242146;
Head;-0.2708654;0.4341699;3.148742;
ShoulderCenter;-0.1956194;0.2742753;3.158483;
ShoulderRight;-0.143258;0.1427143;3.040073;
ShoulderLeft;-0.2761961;0.1795815;3.183989;
ElbowRight;-0.05168704;-0.1145131;2.952779;
ElbowLeft;-0.3327593;-0.05435447;3.30249;
WristRight;-0.06961737;-0.3197963;2.915632;
WristLeft;-0.4843957;-0.2171043;3.347828;
HandRight;-0.06414278;-0.3859054;2.904599;
HandLeft;-0.5498578;-0.2403796;3.329403;
Spine;-0.1920639;-0.1309624;3.149677;
HipCenter;-0.2311234;-0.2035671;3.110983;
HipRight;-0.206459;-0.2552948;3.057225;
HipLeft;-0.2624337;-0.2648669;3.150412;
KneeRight;-0.3814214;-0.6880416;3.088507;
KneeLeft;-0.07040423;-0.6761386;3.193724;
AnkleRight;-0.4473636;-1.048436;3.075965;
AnkleLeft;0.006044186;-1.022511;3.178817;
FootRight;-0.550977;-1.069831;3.08132;
FootLeft;-0.05541813;-1.077108;3.245627;
Head;-0.3065632;0.428699;3.147217;
ShoulderCenter;-0.250034;0.2671139;3.151338;
ShoulderRight;-0.1662381;0.1420147;3.037508;
ShoulderLeft;-0.3306107;0.1724201;3.176843;
ElbowRight;-0.09648153;-0.1213366;2.946572;
ElbowLeft;-0.3939538;-0.0481817;3.311366;
WristRight;-0.1174011;-0.3289691;2.909827;
WristLeft;-0.5302988;-0.194381;3.351871;
HandRight;-0.1133315;-0.3941508;2.89115;
HandLeft;-0.6098832;-0.2106066;3.330106;
Spine;-0.212419;-0.1319531;3.149004;
HipCenter;-0.243995;-0.2068468;3.107024;
HipRight;-0.2129867;-0.2542094;3.058103;
HipLeft;-0.2779998;-0.2677939;3.140543;
KneeRight;-0.4038315;-0.6873058;3.0895;
KneeLeft;-0.07131296;-0.6830807;3.200481;
AnkleRight;-0.5460642;-1.047235;3.096187;
AnkleLeft;0.006045392;-1.022502;3.178867;
FootRight;-0.6488806;-1.072811;3.099378;
FootLeft;-0.05564232;-1.077238;3.245456;
Head;-0.3624291;0.4200974;3.14729;
ShoulderCenter;-0.2970668;0.2594459;3.149673;
ShoulderRight;-0.2199876;0.13445;3.035523;
ShoulderLeft;-0.3776435;0.1647521;3.175179;
ElbowRight;-0.138545;-0.1251921;2.943821;
ElbowLeft;-0.4293187;-0.06020999;3.307475;
WristRight;-0.1689352;-0.3324696;2.922568;
WristLeft;-0.5838551;-0.1843946;3.353388;
HandRight;-0.1482854;-0.3968243;2.884634;
HandLeft;-0.6606589;-0.1852172;3.315698;
Spine;-0.2303101;-0.1288393;3.140254;
HipCenter;-0.2573834;-0.2045591;3.098777;
HipRight;-0.227172;-0.2534219;3.041512;
HipLeft;-0.2836527;-0.2713125;3.137617;
KneeRight;-0.4690628;-0.6857302;3.092925;
KneeLeft;-0.08779015;-0.7069538;3.214811;
AnkleRight;-0.6043311;-1.048419;3.10305;
AnkleLeft;0.002300554;-1.026976;3.178774;
FootRight;-0.6878902;-1.077123;3.100853;
FootLeft;0.01956008;-1.095345;3.225258;
Head;-0.3912727;0.4177071;3.145669;
ShoulderCenter;-0.3249644;0.2568054;3.149282;
ShoulderRight;-0.2610756;0.1269079;3.034669;
ShoulderLeft;-0.4055411;0.1621115;3.174788;
ElbowRight;-0.1843247;-0.1312259;2.932682;
ElbowLeft;-0.4778002;-0.0582328;3.30518;
WristRight;-0.208978;-0.335053;2.894665;
WristLeft;-0.6207031;-0.1935439;3.355368;
HandRight;-0.2097468;-0.3949275;2.891299;
HandLeft;-0.7090425;-0.204428;3.331084;
Spine;-0.2796454;-0.1482784;3.126472;
HipCenter;-0.3084702;-0.2234327;3.082782;
HipRight;-0.272545;-0.2704175;3.036577;
HipLeft;-0.3379688;-0.284457;3.111078;
KneeRight;-0.4068939;-0.7024318;3.178466;
KneeLeft;-0.0966955;-0.7052661;3.218917;
AnkleRight;-0.6072937;-1.034378;3.117256;
AnkleLeft;-0.0006919658;-1.027998;3.180167;
FootRight;-0.7012818;-1.082723;3.115966;
FootLeft;-0.0005025981;-1.094635;3.22095;
Head;-0.4369935;0.3999921;3.133903;
ShoulderCenter;-0.373447;0.2546491;3.143824;
ShoulderRight;-0.3020378;0.1147621;3.026037;
ShoulderLeft;-0.4540236;0.1599553;3.16933;
ElbowRight;-0.229725;-0.127587;2.924986;
ElbowLeft;-0.5239672;-0.06286754;3.296155;
WristRight;-0.2608893;-0.3328417;2.911946;
WristLeft;-0.6760598;-0.1923349;3.334606;
HandRight;-0.2662119;-0.4066916;2.898622;
HandLeft;-0.728368;-0.1945314;3.315549;
Spine;-0.3575316;-0.1716384;3.129722;
HipCenter;-0.3928204;-0.2493723;3.086863;
HipRight;-0.3611631;-0.2942971;3.056057;
HipLeft;-0.4277902;-0.293294;3.105297;
KneeRight;-0.1888379;-0.6397961;3.189536;
KneeLeft;-0.1685388;-0.7015439;3.21471;
AnkleRight;-0.4682461;-0.9089214;3.133298;
AnkleLeft;-0.008930136;-1.030573;3.181344;
FootRight;-0.5226043;-0.9476488;3.070171;
FootLeft;-0.05524957;-1.089403;3.203505;
Head;-0.4830402;0.4022283;3.126576;
ShoulderCenter;-0.4229428;0.2530305;3.13049;
ShoulderRight;-0.3480713;0.1173835;3.032947;
ShoulderLeft;-0.5035195;0.1583366;3.155995;
ElbowRight;-0.2814428;-0.1304425;2.935442;
ElbowLeft;-0.5674138;-0.06604719;3.282314;
WristRight;-0.3178681;-0.3331246;2.916506;
WristLeft;-0.7023956;-0.2065373;3.335925;
HandRight;-0.3204661;-0.3918138;2.903601;
HandLeft;-0.78792;-0.2374807;3.32032;
Spine;-0.3688082;-0.1628547;3.125373;
HipCenter;-0.3979234;-0.2427097;3.080571;
HipRight;-0.3648898;-0.2854047;3.048996;
HipLeft;-0.430699;-0.2896515;3.100198;
KneeRight;-0.2314074;-0.611235;3.200926;
KneeLeft;-0.2163169;-0.7299198;3.222137;
AnkleRight;-0.4871182;-0.9021221;3.137576;
AnkleLeft;-0.02903715;-1.029443;3.186757;
FootRight;-0.5367078;-0.9421589;3.070778;
FootLeft;-0.08856439;-1.100855;3.23804;
Head;-0.5123214;0.4059393;3.121648;
ShoulderCenter;-0.452866;0.2598742;3.127259;
ShoulderRight;-0.3965277;0.1227686;3.020573;
ShoulderLeft;-0.5334427;0.1651803;3.152765;
ElbowRight;-0.3483236;-0.1196472;2.929252;
ElbowLeft;-0.6028955;-0.06637909;3.26339;
WristRight;-0.3839057;-0.3367336;2.900694;
WristLeft;-0.7286488;-0.2124681;3.321404;
HandRight;-0.3892283;-0.4105834;2.88737;
HandLeft;-0.7916983;-0.2339866;3.307552;
Spine;-0.43608;-0.1420386;3.127904;
HipCenter;-0.4705759;-0.2166523;3.088575;
HipRight;-0.4408517;-0.268382;3.045939;
HipLeft;-0.5023525;-0.2679091;3.120201;
KneeRight;-0.3073358;-0.5954728;3.180794;
KneeLeft;-0.2868549;-0.7129983;3.223289;
AnkleRight;-0.529676;-0.9121818;3.12094;
AnkleLeft;-0.08574175;-0.9974298;3.196554;
FootRight;-0.5851626;-0.9515396;3.058689;
FootLeft;-0.1244029;-1.073105;3.259987;
Head;-0.56439;0.4104185;3.107456;
ShoulderCenter;-0.5052583;0.2662845;3.113925;
ShoulderRight;-0.4423987;0.1242035;3.02428;
ShoulderLeft;-0.585835;0.1715907;3.139431;
ElbowRight;-0.4108571;-0.1257685;2.933896;
ElbowLeft;-0.6494902;-0.06112449;3.249836;
WristRight;-0.4751216;-0.33547;2.926773;
WristLeft;-0.7565297;-0.2335758;3.321062;
HandRight;-0.4662586;-0.4105457;2.893779;
HandLeft;-0.8083416;-0.2783967;3.308257;
Spine;-0.4809986;-0.1509295;3.12345;
HipCenter;-0.5127358;-0.2298292;3.082409;
HipRight;-0.4838774;-0.2629086;3.058455;
HipLeft;-0.5453626;-0.2756395;3.098166;
KneeRight;-0.3584114;-0.5991728;3.155281;
KneeLeft;-0.31465;-0.6913308;3.263646;
AnkleRight;-0.5473814;-0.9395179;3.116759;
AnkleLeft;-0.1559395;-0.9228334;3.173534;
FootRight;-0.5970312;-0.9792741;3.049934;
FootLeft;-0.1648743;-1.020153;3.214826;
Head;-0.5961838;0.4181099;3.107522;
ShoulderCenter;-0.5367809;0.2736385;3.117888;
ShoulderRight;-0.47421;0.1376254;3.020933;
ShoulderLeft;-0.6173576;0.1789446;3.143394;
ElbowRight;-0.4565102;-0.1041597;2.926047;
ElbowLeft;-0.6825228;-0.05249907;3.253144;
WristRight;-0.5662199;-0.356553;2.935462;
WristLeft;-0.7654589;-0.2573284;3.321687;
HandRight;-0.5342101;-0.3954467;2.890208;
HandLeft;-0.8120669;-0.3134921;3.314428;
Spine;-0.475218;-0.1451925;3.121538;
HipCenter;-0.5002836;-0.2242844;3.0809;
HipRight;-0.4650459;-0.2528338;3.05459;
HipLeft;-0.5250521;-0.2721688;3.09824;
KneeRight;-0.3753387;-0.591762;3.172964;
KneeLeft;-0.5311061;-0.7040141;3.108825;
AnkleRight;-0.5512254;-0.9375472;3.123128;
AnkleLeft;-0.2291248;-0.9257712;3.186222;
FootRight;-0.6034171;-0.9786463;3.059346;
FootLeft;-0.2471746;-1.021233;3.228387;
Head;-0.6456864;0.4243348;3.098814;
ShoulderCenter;-0.5846258;0.2804579;3.110274;
ShoulderRight;-0.505227;0.1441456;3.018312;
ShoulderLeft;-0.6652025;0.1857641;3.13578;
ElbowRight;-0.5148868;-0.1077651;2.924691;
ElbowLeft;-0.7289045;-0.04518096;3.245109;
WristRight;-0.6108488;-0.3227134;2.922123;
WristLeft;-0.782836;-0.3019564;3.314672;
HandRight;-0.6164504;-0.380093;2.886875;
HandLeft;-0.827336;-0.3527644;3.316786;
Spine;-0.5126217;-0.1335264;3.111369;
HipCenter;-0.5322848;-0.2144947;3.06795;
HipRight;-0.4971515;-0.2443205;3.045642;
HipLeft;-0.5619978;-0.2609632;3.079901;
KneeRight;-0.4013816;-0.579493;3.166974;
KneeLeft;-0.540046;-0.6957501;3.110924;
AnkleRight;-0.5620807;-0.931576;3.114502;
AnkleLeft;-0.2781264;-0.9477226;3.205191;
FootRight;-0.6093427;-0.9725229;3.04709;
FootLeft;-0.3087372;-1.042005;3.242002;
Head;-0.6638145;0.4421169;3.086043;
ShoulderCenter;-0.6167653;0.2914966;3.116072;
ShoulderRight;-0.5589993;0.1481864;3.009522;
ShoulderLeft;-0.6973419;0.1968027;3.141577;
ElbowRight;-0.5608923;-0.1046758;2.917169;
ElbowLeft;-0.7617126;-0.03294025;3.25043;
WristRight;-0.6567832;-0.3025244;2.891065;
WristLeft;-0.8137693;-0.2889308;3.319905;
HandRight;-0.6885691;-0.3550696;2.863235;
HandLeft;-0.8483401;-0.3463377;3.32337;
Spine;-0.5514414;-0.1253978;3.103869;
HipCenter;-0.5787564;-0.2060321;3.061702;
HipRight;-0.548156;-0.2328882;3.046806;
HipLeft;-0.6029333;-0.2497674;3.067387;
KneeRight;-0.4564316;-0.5723327;3.157461;
KneeLeft;-0.6060911;-0.6714566;3.061566;
AnkleRight;-0.5852887;-0.9358735;3.099631;
AnkleLeft;-0.3676983;-0.9476018;3.164944;
FootRight;-0.6404815;-0.9764172;3.038566;
FootLeft;-0.4183626;-1.017563;3.225548;
Head;-0.7156706;0.4499707;3.074844;
ShoulderCenter;-0.6531597;0.2980665;3.109708;
ShoulderRight;-0.5973487;0.1485116;3.006136;
ShoulderLeft;-0.7337363;0.2033726;3.135213;
ElbowRight;-0.5978982;-0.09279878;2.910292;
ElbowLeft;-0.7972968;-0.02572107;3.24364;
WristRight;-0.7252102;-0.3039721;2.894111;
WristLeft;-0.8502531;-0.2804796;3.313129;
HandRight;-0.772339;-0.358266;2.889851;
HandLeft;-0.8869144;-0.3360936;3.317188;
Spine;-0.5860069;-0.1158249;3.100377;
HipCenter;-0.6117689;-0.1965491;3.058934;
HipRight;-0.5814934;-0.2281925;3.038678;
HipLeft;-0.6369851;-0.2372729;3.069879;
KneeRight;-0.4826622;-0.5623074;3.155565;
KneeLeft;-0.6166395;-0.6661282;3.041112;
AnkleRight;-0.5686158;-0.9388795;3.126849;
AnkleLeft;-0.4341179;-0.9815795;3.143329;
FootRight;-0.623439;-0.9796035;3.065796;
FootLeft;-0.4998988;-1.046405;3.194008;
Head;-0.7470939;0.4514911;3.072492;
ShoulderCenter;-0.6968821;0.2998772;3.101579;
ShoulderRight;-0.6290978;0.1577395;3.003293;
ShoulderLeft;-0.7774588;0.2051834;3.127085;
ElbowRight;-0.658509;-0.09109624;2.902638;
ElbowLeft;-0.841243;-0.02304894;3.235017;
WristRight;-0.7887645;-0.2738149;2.896236;
WristLeft;-0.893261;-0.2769519;3.304626;
HandRight;-0.8350347;-0.3367824;2.884344;
HandLeft;-0.9274613;-0.3337229;3.309377;
Spine;-0.6477612;-0.1215453;3.096648;
HipCenter;-0.6739424;-0.2020257;3.053705;
HipRight;-0.6430781;-0.2426889;3.019694;
HipLeft;-0.7002298;-0.2511916;3.076894;
KneeRight;-0.5364062;-0.5725681;3.138798;
KneeLeft;-0.6174554;-0.6649084;3.039829;
AnkleRight;-0.6030058;-0.9521043;3.100901;
AnkleLeft;-0.4868495;-0.9971474;3.159724;
FootRight;-0.6578239;-1.037072;3.129849;
FootLeft;-0.5750492;-1.040524;3.197165;
Head;-0.7956598;0.4495389;3.074518;
ShoulderCenter;-0.7387497;0.2970394;3.100431;
ShoulderRight;-0.6690046;0.1594773;2.997751;
ShoulderLeft;-0.8193263;0.2023456;3.125937;
ElbowRight;-0.6943012;-0.08230481;2.89433;
ElbowLeft;-0.6984716;-0.005935892;3.225978;
WristRight;-0.8431234;-0.2649865;2.887528;
WristLeft;-0.677968;-0.2639545;3.295432;
HandRight;-0.8887259;-0.3195405;2.883962;
HandLeft;-0.7129686;-0.3198537;3.299886;
Spine;-0.7000353;-0.1147022;3.113095;
HipCenter;-0.7280818;-0.1943704;3.075115;
HipRight;-0.6931494;-0.2338364;3.037455;
HipLeft;-0.7601872;-0.250735;3.105299;
KneeRight;-0.6440161;-0.6901911;3.06714;
KneeLeft;-0.8363219;-0.7166027;3.196198;
AnkleRight;-0.6189286;-1.039242;3.097581;
AnkleLeft;-0.7767197;-1.059635;3.223974;
FootRight;-0.6808513;-1.093753;3.117303;
FootLeft;-0.8178513;-1.122117;3.270217;
Head;-0.8254839;0.445168;3.073141;
ShoulderCenter;-0.7710707;0.2955116;3.09966;
ShoulderRight;-0.6987799;0.1602094;2.987281;
ShoulderLeft;-0.8516474;0.2008177;3.125166;
ElbowRight;-0.7325415;-0.07695852;2.890118;
ElbowLeft;-0.7276233;-0.005587682;3.224366;
WristRight;-0.8842662;-0.2487842;2.878928;
WristLeft;-0.7046503;-0.2628685;3.29414;
HandRight;-0.912515;-0.308149;2.879891;
HandLeft;-0.739464;-0.3184695;3.298571;
Spine;-0.7250835;-0.1193071;3.11305;
HipCenter;-0.7533886;-0.2006704;3.077447;
HipRight;-0.7212431;-0.2425429;3.041443;
HipLeft;-0.7827886;-0.2554645;3.106732;
KneeRight;-0.6468171;-0.6893586;3.064293;
KneeLeft;-0.8654806;-0.719614;3.202329;
AnkleRight;-0.621134;-1.039406;3.09924;
AnkleLeft;-0.8480499;-1.055168;3.241793;
FootRight;-0.6834663;-1.101225;3.127267;
FootLeft;-0.9234435;-1.111593;3.290131;
Head;-0.8147373;0.4531882;3.133906;
ShoulderCenter;-0.8260769;0.2911691;3.099483;
ShoulderRight;-0.7521856;0.1529667;2.982167;
ShoulderLeft;-0.9066535;0.1964752;3.124989;
ElbowRight;-0.7836947;-0.0859153;2.88991;
ElbowLeft;-0.7839329;-0.01020235;3.224338;
WristRight;-0.951867;-0.2520726;2.878944;
WristLeft;-0.7616873;-0.2672442;3.293977;
HandRight;-1.011473;-0.2969888;2.890317;
HandLeft;-0.7963575;-0.3226158;3.298389;
Spine;-0.7836424;-0.1593521;3.118813;
HipCenter;-0.8110917;-0.2485819;3.086744;
HipRight;-0.7744139;-0.2786617;3.103376;
HipLeft;-0.8454366;-0.3025312;3.066091;
KneeRight;-0.6791055;-0.685284;3.062772;
KneeLeft;-0.9198694;-0.7637707;3.216446;
AnkleRight;-0.6243494;-1.039681;3.099987;
AnkleLeft;-0.9838331;-1.06775;3.271671;
FootRight;-0.6840316;-1.102421;3.128648;
FootLeft;-1.0749;-1.103361;3.312338;
Head;-0.8387696;0.450036;3.136132;
ShoulderCenter;-0.8547754;0.2811651;3.096303;
ShoulderRight;-0.7879026;0.1484882;2.986628;
ShoulderLeft;-0.9353521;0.1864713;3.121808;
ElbowRight;-0.8297443;-0.09735388;2.886616;
ElbowLeft;-0.8508742;-0.0118611;3.259726;
WristRight;-1.006191;-0.261765;2.891206;
WristLeft;-0.8317999;-0.2584544;3.356548;
HandRight;-1.067802;-0.2993598;2.906594;
HandLeft;-0.8663294;-0.3136013;3.360942;
Spine;-0.8126613;-0.1285292;3.101969;
HipCenter;-0.8394339;-0.206035;3.06636;
HipRight;-0.8051876;-0.2529789;3.023399;
HipLeft;-0.8687005;-0.2624336;3.100335;
KneeRight;-0.6945102;-0.6859299;3.062434;
KneeLeft;-0.9693817;-0.7400528;3.210113;
AnkleRight;-0.6291701;-1.039879;3.10117;
AnkleLeft;-1.088354;-1.058927;3.252816;
FootRight;-0.6846043;-1.10234;3.128144;
FootLeft;-1.182326;-1.096142;3.286996;
Head;-0.8817447;0.4376121;3.146771;
ShoulderCenter;-0.8968951;0.278197;3.103792;
ShoulderRight;-0.8340816;0.1482969;2.995053;
ShoulderLeft;-0.9774717;0.1835031;3.129298;
ElbowRight;-0.8549742;-0.09416439;2.882432;
ElbowLeft;-0.8498453;-0.008128256;3.245142;
WristRight;-1.038168;-0.2582395;2.905596;
WristLeft;-0.7938319;-0.2494774;3.340125;
HandRight;-1.093588;-0.3038869;2.91114;
HandLeft;-0.8282191;-0.3043969;3.344501;
Spine;-0.8452789;-0.1239618;3.106961;
HipCenter;-0.8712901;-0.2024214;3.071801;
HipRight;-0.8378673;-0.2528691;3.019972;
HipLeft;-0.9010236;-0.2693425;3.113417;
KneeRight;-0.7175564;-0.6892521;3.055867;
KneeLeft;-1.009241;-0.7077686;3.192308;
AnkleRight;-0.6308542;-1.040228;3.10182;
AnkleLeft;-1.184581;-1.038346;3.26923;
FootRight;-0.6846054;-1.102528;3.128346;
FootLeft;-1.280372;-1.084629;3.277258;
Head;-0.9446683;0.4387827;3.156827;
ShoulderCenter;-0.9281235;0.2715812;3.10091;
ShoulderRight;-0.8747312;0.1334374;2.990668;
ShoulderLeft;-1.0087;0.1768874;3.126416;
ElbowRight;-0.9078864;-0.1061732;2.891615;
ElbowLeft;-0.8795415;-0.01122446;3.245031;
WristRight;-1.090924;-0.2735104;2.915428;
WristLeft;-0.8223181;-0.2510697;3.342069;
HandRight;-1.140245;-0.3191687;2.917742;
HandLeft;-0.856558;-0.3057541;3.346427;
Spine;-0.8707064;-0.1288067;3.103968;
HipCenter;-0.8968188;-0.2078366;3.07033;
HipRight;-0.8632364;-0.2530703;3.02369;
HipLeft;-0.9228994;-0.2705675;3.107667;
KneeRight;-0.7414989;-0.6917163;3.053381;
KneeLeft;-1.061497;-0.7151082;3.203296;
AnkleRight;-0.6340544;-1.041381;3.10389;
AnkleLeft;-1.252416;-1.043031;3.264013;
FootRight;-0.6854734;-1.101774;3.127358;
FootLeft;-1.351455;-1.079407;3.281682;
Head;-0.9854456;0.4423464;3.171918;
ShoulderCenter;-0.9932544;0.2649899;3.108549;
ShoulderRight;-0.9220178;0.1304291;2.992075;
ShoulderLeft;-1.073831;0.170296;3.134055;
ElbowRight;-0.9512282;-0.1168239;2.889329;
ElbowLeft;-0.9340067;-0.01738745;3.242221;
WristRight;-1.103734;-0.2768653;2.916646;
WristLeft;-0.8710599;-0.2582192;3.33285;
HandRight;-1.17138;-0.3312443;2.926368;
HandLeft;-0.9052396;-0.3128074;3.337199;
Spine;-0.9078174;-0.1139749;3.100605;
HipCenter;-0.9273974;-0.1910545;3.063597;
HipRight;-0.8854449;-0.2477668;2.987779;
HipLeft;-0.9509521;-0.2815384;3.117113;
KneeRight;-0.8185069;-0.7210871;3.080829;
KneeLeft;-1.118054;-0.7196702;3.219981;
AnkleRight;-0.6368103;-1.046092;3.107816;
AnkleLeft;-1.269752;-1.068281;3.269705;
FootRight;-0.6914749;-1.102014;3.129485;
FootLeft;-1.357916;-1.121517;3.281014;
Head;-1.015983;0.419765;3.16109;
ShoulderCenter;-1.042613;0.2618424;3.117635;
ShoulderRight;-0.9603112;0.1262011;3.002344;
ShoulderLeft;-1.12319;0.1671486;3.143141;
ElbowRight;-0.9824783;-0.1110579;2.901129;
ElbowLeft;-0.9804796;-0.0233966;3.243811;
WristRight;-1.154787;-0.3041191;2.930979;
WristLeft;-0.9112697;-0.2635854;3.331689;
HandRight;-1.204644;-0.353828;2.935699;
HandLeft;-0.9453182;-0.3179641;3.336021;
Spine;-0.9872217;-0.1253738;3.121864;
HipCenter;-1.011056;-0.2011562;3.085065;
HipRight;-0.973175;-0.2622886;3.025949;
HipLeft;-1.039893;-0.2727098;3.131065;
KneeRight;-0.8387355;-0.7026374;3.065154;
KneeLeft;-1.169273;-0.7466789;3.232813;
AnkleRight;-0.6474777;-1.037181;3.103366;
AnkleLeft;-1.293703;-1.091693;3.266337;
FootRight;-0.6946042;-1.101914;3.129442;
FootLeft;-1.387328;-1.138807;3.288994;
Head;-1.063652;0.4250086;3.178212;
ShoulderCenter;-1.079691;0.2653399;3.135818;
ShoulderRight;-1.013124;0.1267791;3.017283;
ShoulderLeft;-1.160267;0.1706461;3.161324;
ElbowRight;-1.029607;-0.1141349;2.920088;
ElbowLeft;-1.025661;-0.01927148;3.270742;
WristRight;-1.175877;-0.3133731;2.931502;
WristLeft;-0.9674207;-0.2609485;3.361044;
HandRight;-1.213424;-0.3646566;2.938841;
HandLeft;-1.001298;-0.3150538;3.365355;
Spine;-1.019138;-0.1253942;3.128958;
HipCenter;-1.0449;-0.2015136;3.091974;
HipRight;-1.006668;-0.2650127;3.025908;
HipLeft;-1.073887;-0.2785229;3.141519;
KneeRight;-0.884249;-0.6961623;3.060903;
KneeLeft;-1.193194;-0.6949621;3.218764;
AnkleRight;-0.6788116;-1.022785;3.104079;
AnkleLeft;-1.28475;-1.071083;3.252537;
FootRight;-0.6994287;-1.100674;3.126864;
FootLeft;-1.367313;-1.137959;3.266517;
Head;-1.121902;0.432362;3.190719;
ShoulderCenter;-1.129186;0.2719891;3.142417;
ShoulderRight;-1.043716;0.1306196;3.02053;
ShoulderLeft;-1.209762;0.1772952;3.167923;
ElbowRight;-1.072557;-0.1215973;2.9288;
ElbowLeft;-1.073603;-0.01463461;3.272283;
WristRight;-1.191513;-0.3207988;2.930876;
WristLeft;-1.01624;-0.2578343;3.358655;
HandRight;-1.228306;-0.3929479;2.93237;
HandLeft;-1.050024;-0.3117894;3.362954;
Spine;-1.04872;-0.1276698;3.126902;
HipCenter;-1.069847;-0.2055856;3.086571;
HipRight;-1.027728;-0.2669899;3.021549;
HipLeft;-1.096559;-0.2830205;3.132757;
KneeRight;-0.8990834;-0.7155136;3.065032;
KneeLeft;-1.236333;-0.7539117;3.23625;
AnkleRight;-0.7231964;-1.012618;3.102605;
AnkleLeft;-1.281001;-1.064802;3.251281;
FootRight;-0.77489;-1.094409;3.148714;
FootLeft;-1.364937;-1.121265;3.2867;
Head;-1.153166;0.4394592;3.197954;
ShoulderCenter;-1.158618;0.2793493;3.151272;
ShoulderRight;-1.101156;0.1387635;3.023517;
ShoulderLeft;-1.239194;0.1846554;3.176778;
ElbowRight;-1.120179;-0.1232464;2.942404;
ElbowLeft;-1.111342;-0.01440826;3.277742;
WristRight;-1.209413;-0.3281558;2.927239;
WristLeft;-1.060257;-0.2597566;3.360767;
HandRight;-1.248007;-0.4049187;2.93341;
HandLeft;-1.093969;-0.3135973;3.365058;
Spine;-1.079496;-0.1223168;3.125206;
HipCenter;-1.103592;-0.2013337;3.086397;
HipRight;-1.070403;-0.2635257;3.02523;
HipLeft;-1.125399;-0.2710745;3.126943;
KneeRight;-1.002326;-0.699681;3.072875;
KneeLeft;-1.237676;-0.7541064;3.208793;
AnkleRight;-0.7877787;-0.9830719;3.09755;
AnkleLeft;-1.284528;-1.076208;3.249708;
FootRight;-0.8065488;-1.079857;3.139407;
FootLeft;-1.368622;-1.137076;3.276067;
Head;-1.192232;0.439708;3.188686;
ShoulderCenter;-1.21136;0.2809597;3.15063;
ShoulderRight;-1.141192;0.1445417;3.035056;
ShoulderLeft;-1.291937;0.1862659;3.176136;
ElbowRight;-1.144523;-0.1158702;2.946085;
ElbowLeft;-1.167509;-0.01635526;3.273898;
WristRight;-1.225192;-0.3304584;2.924493;
WristLeft;-1.118462;-0.2624792;3.354706;
HandRight;-1.250176;-0.4015565;2.928355;
HandLeft;-1.152076;-0.3161651;3.358984;
Spine;-1.116326;-0.1291834;3.125511;
HipCenter;-1.135475;-0.2100963;3.083439;
HipRight;-1.096394;-0.2570718;3.033567;
HipLeft;-1.160228;-0.2737161;3.114009;
KneeRight;-1.06047;-0.7032957;3.077831;
KneeLeft;-1.239712;-0.76828;3.166254;
AnkleRight;-0.87093;-0.9739087;3.101391;
AnkleLeft;-1.29785;-1.083871;3.263937;
FootRight;-0.9114015;-1.063908;3.142901;
FootLeft;-1.384856;-1.142671;3.284755;
Head;-1.238295;0.4491398;3.186741;
ShoulderCenter;-1.245048;0.2892005;3.149742;
ShoulderRight;-1.175736;0.1476956;3.029085;
ShoulderLeft;-1.325625;0.1945067;3.175247;
ElbowRight;-1.175565;-0.1129105;2.943041;
ElbowLeft;-1.201594;-0.01171011;3.266257;
WristRight;-1.244143;-0.3095154;2.923027;
WristLeft;-1.16216;-0.2619308;3.339047;
HandRight;-1.269613;-0.3665672;2.913454;
HandLeft;-1.195627;-0.3153819;3.343306;
Spine;-1.168094;-0.1198977;3.13843;
HipCenter;-1.189916;-0.2012482;3.099603;
HipRight;-1.150675;-0.2495838;3.046429;
HipLeft;-1.213932;-0.2739746;3.13725;
KneeRight;-1.128589;-0.7192657;3.101951;
KneeLeft;-1.289504;-0.7222953;3.101873;
AnkleRight;-0.9622291;-0.9704373;3.114436;
AnkleLeft;-1.301128;-1.069108;3.258422;
FootRight;-1.011387;-1.060354;3.147146;
FootLeft;-1.363355;-1.144577;3.261436;
Head;-1.286677;0.455918;3.189186;
ShoulderCenter;-1.271717;0.2901738;3.142731;
ShoulderRight;-1.202946;0.1496576;3.031603;
ShoulderLeft;-1.352294;0.19548;3.168236;
ElbowRight;-1.207606;-0.1117599;2.951424;
ElbowLeft;-1.233907;0.004185006;3.28644;
WristRight;-1.280401;-0.3222254;2.936271;
WristLeft;-1.206211;-0.2438662;3.368354;
HandRight;-1.283785;-0.3845965;2.926713;
HandLeft;-1.239669;-0.2973021;3.372612;
Spine;-1.181686;-0.1228876;3.142887;
HipCenter;-1.202659;-0.2068007;3.104955;
HipRight;-1.163437;-0.2546173;3.054878;
HipLeft;-1.226602;-0.2776195;3.142632;
KneeRight;-1.193463;-0.7407291;3.127078;
KneeLeft;-1.3392;-0.7529289;3.102189;
AnkleRight;-1.098746;-1.022203;3.14617;
AnkleLeft;-1.284846;-1.075582;3.241899;
FootRight;-1.166666;-1.104767;3.16145;
FootLeft;-1.366594;-1.142897;3.263094;
Head;-1.31982;0.4605008;3.191181;
ShoulderCenter;-1.332286;0.2965063;3.151259;
ShoulderRight;-1.256218;0.1503385;3.027257;
ShoulderLeft;-1.412863;0.2018125;3.176765;
ElbowRight;-1.229359;-0.1046964;2.948218;
ElbowLeft;-1.290218;0.01323232;3.29437;
WristRight;-1.312528;-0.3328811;2.941898;
WristLeft;-1.258463;-0.2334958;3.377482;
HandRight;-1.323186;-0.3934027;2.927218;
HandLeft;-1.291917;-0.2869249;3.381739;
Spine;-1.237567;-0.1278372;3.151225;
HipCenter;-1.257538;-0.2144605;3.114249;
HipRight;-1.215783;-0.2588284;3.069933;
HipLeft;-1.283111;-0.2807105;3.14772;
KneeRight;-1.259156;-0.7307321;3.153494;
KneeLeft;-1.30649;-0.6773266;3.094352;
AnkleRight;-1.208608;-1.026296;3.15353;
AnkleLeft;-1.247122;-0.9979348;3.227076;
FootRight;-1.29124;-1.095594;3.158726;
FootLeft;-1.329326;-1.05621;3.265851;
Head;-1.364435;0.4587621;3.197222;
ShoulderCenter;-1.378217;0.2968368;3.158586;
ShoulderRight;-1.291689;0.1493005;3.041376;
ShoulderLeft;-1.458793;0.202143;3.184092;
ElbowRight;-1.278831;-0.1104372;2.958171;
ElbowLeft;-1.336316;0.01382129;3.301543;
WristRight;-1.336884;-0.3268714;2.941193;
WristLeft;-1.304489;-0.2325264;3.384614;
HandRight;-1.365722;-0.3998084;2.946467;
HandLeft;-1.33787;-0.2858385;3.388862;
Spine;-1.272908;-0.1185617;3.163122;
HipCenter;-1.289163;-0.2044318;3.125132;
HipRight;-1.240117;-0.2556077;3.076193;
HipLeft;-1.31444;-0.272924;3.162255;
KneeRight;-1.264979;-0.7222803;3.216505;
KneeLeft;-1.417339;-0.719096;3.115952;
AnkleRight;-1.214431;-1.017844;3.216583;
AnkleLeft;-1.274564;-1.057937;3.225611;
FootRight;-1.306492;-1.063516;3.183595;
FootLeft;-1.356631;-1.11632;3.264416;
Head;-1.402042;0.4540292;3.194737;
ShoulderCenter;-1.409368;0.2401055;3.1565;
ShoulderRight;-1.324236;0.1537938;3.046773;
ShoulderLeft;-1.489944;0.1454117;3.182006;
ElbowRight;-1.304266;-0.1049564;2.962337;
ElbowLeft;-1.367589;-0.0427236;3.299273;
WristRight;-1.395439;-0.3254383;2.947113;
WristLeft;-1.33571;-0.288797;3.382277;
HandRight;-1.384338;-0.3866527;2.931692;
HandLeft;-1.368965;-0.3419084;3.386509;
Spine;-1.32943;-0.1363327;3.174756;
HipCenter;-1.347456;-0.213519;3.13981;
HipRight;-1.305903;-0.2669634;3.092345;
HipLeft;-1.372819;-0.2786898;3.179488;
KneeRight;-1.282664;-0.7243193;3.240011;
KneeLeft;-1.471709;-0.7636725;3.114541;
AnkleRight;-1.232116;-1.019884;3.240046;
AnkleLeft;-1.351902;-1.10753;3.233938;
FootRight;-1.304805;-1.099642;3.24211;
FootLeft;-1.43164;-1.168484;3.273632;
Head;-1.452155;0.4509332;3.167552;
ShoulderCenter;-1.456123;0.2857887;3.156206;
ShoulderRight;-1.367989;0.1414432;3.046562;
ShoulderLeft;-1.431783;0.1661461;3.022846;
ElbowRight;-1.351793;-0.1190615;2.969349;
ElbowLeft;-1.309453;-0.02194911;3.140002;
WristRight;-1.439532;-0.366652;2.953759;
WristLeft;-1.277563;-0.2679635;3.222957;
HandRight;-1.400385;-0.3944443;2.913194;
HandLeft;-1.310842;-0.3211132;3.227191;
Spine;-1.386452;-0.1507528;3.181188;
HipCenter;-1.358627;-0.2302115;3.142396;
HipRight;-1.336029;-0.2714925;3.107906;
HipLeft;-1.373135;-0.2789817;3.178679;
KneeRight;-1.300116;-0.725947;3.249776;
KneeLeft;-1.513556;-0.742254;3.11923;
AnkleRight;-1.30582;-1.075038;3.264555;
AnkleLeft;-1.588572;-1.082116;3.103863;
FootRight;-1.350448;-1.139168;3.248164;
FootLeft;-1.553797;-1.119557;3.025062;
Head;-1.47099;0.4413693;3.201623;
ShoulderCenter;-1.48504;0.2821778;3.151763;
ShoulderRight;-1.41878;0.1339198;3.058188;
ShoulderLeft;-1.4607;0.1625352;3.018404;
ElbowRight;-1.385354;-0.1219402;2.96874;
ElbowLeft;-1.338483;-0.02538654;3.135462;
WristRight;-1.455045;-0.3493388;2.937276;
WristLeft;-1.306545;-0.2711458;3.21839;
HandRight;-1.448623;-0.4044722;2.907771;
HandLeft;-1.339829;-0.3243036;3.222626;
Spine;-1.445109;-0.1671571;3.172919;
HipCenter;-1.395813;-0.2481292;3.145931;
HipRight;-1.376786;-0.2781702;3.115918;
HipLeft;-1.396668;-0.2842534;3.175244;
KneeRight;-1.340342;-0.7305747;3.259691;
KneeLeft;-1.528795;-0.7252611;3.122884;
AnkleRight;-1.307738;-1.07652;3.261681;
AnkleLeft;-1.637961;-1.026121;3.122043;
FootRight;-1.353008;-1.141583;3.252159;
FootLeft;-1.611033;-1.089782;3.205036;
Head;-1.529699;0.4337956;3.187356;
ShoulderCenter;-1.522251;0.2738781;3.141821;
ShoulderRight;-1.464335;0.130484;3.051333;
ShoulderLeft;-1.510311;0.139968;3.005038;
ElbowRight;-1.428796;-0.1249539;2.962958;
ElbowLeft;-1.388267;-0.04768701;3.121938;
WristRight;-1.485398;-0.3365231;2.932769;
WristLeft;-1.356256;-0.2930543;3.204824;
HandRight;-1.483162;-0.4094287;2.900507;
HandLeft;-1.389458;-0.3460814;3.209049;
Spine;-1.479674;-0.1615671;3.182504;
HipCenter;-1.437839;-0.2422142;3.159412;
HipRight;-1.417857;-0.2898124;3.115607;
HipLeft;-1.44313;-0.2897;3.206075;
KneeRight;-1.364842;-0.7334861;3.266644;
KneeLeft;-1.513455;-0.67691;3.152281;
AnkleRight;-1.311269;-1.076965;3.256362;
AnkleLeft;-1.755462;-0.9638155;3.086338;
FootRight;-1.354768;-1.143279;3.249103;
FootLeft;-1.692824;-1.000837;3.02731;
Head;-1.587833;0.4174488;3.145861;
ShoulderCenter;-1.555985;0.263369;3.133249;
ShoulderRight;-1.496716;0.1286702;3.050179;
ShoulderLeft;-1.500891;0.1456863;3.021595;
ElbowRight;-1.476019;-0.1274334;2.960349;
ElbowLeft;-1.37911;-0.04156637;3.138248;
WristRight;-1.515425;-0.3411126;2.919582;
WristLeft;-1.346989;-0.2863421;3.221066;
HandRight;-1.52705;-0.4226679;2.902846;
HandLeft;-1.380124;-0.3392627;3.225282;
Spine;-1.52917;-0.1677304;3.170456;
HipCenter;-1.471738;-0.2453696;3.178262;
HipRight;-1.473194;-0.2783305;3.154062;
HipLeft;-1.459513;-0.2791972;3.209565;
KneeRight;-1.402324;-0.741962;3.267869;
KneeLeft;-1.495768;-0.6505581;3.174568;
AnkleRight;-1.312346;-1.076767;3.256201;
AnkleLeft;-1.811684;-0.7117085;3.009031;
FootRight;-1.225957;-1.112236;3.251719;
FootLeft;-1.725296;-0.7471772;3.004549;
Head;-1.589375;0.4124806;3.146086;
ShoulderCenter;-1.576622;0.2554322;3.129964;
ShoulderRight;-1.514385;0.1239741;3.059961;
ShoulderLeft;-1.527874;0.1215879;2.993334;
ElbowRight;-1.508384;-0.1023006;2.959778;
ElbowLeft;-1.406307;-0.065334;3.109787;
WristRight;-1.54848;-0.3320755;2.933771;
WristLeft;-1.374096;-0.3096244;3.192549;
HandRight;-1.550897;-0.3959216;2.913234;
HandLeft;-1.407137;-0.362393;3.196753;
Spine;-1.562018;-0.1904934;3.199701;
HipCenter;-1.507595;-0.2743221;3.207415;
HipRight;-1.504806;-0.292865;3.195718;
HipLeft;-1.505057;-0.2830496;3.222209;
KneeRight;-1.431118;-0.7452497;3.270057;
KneeLeft;-1.531852;-0.6530736;3.168375;
AnkleRight;-1.31908;-1.076189;3.258799;
AnkleLeft;-1.841666;-0.6587284;3.006036;
FootRight;-1.234988;-1.113016;3.241491;
FootLeft;-1.757575;-0.6955557;2.988728;
Head;-1.616136;0.3946505;3.149158;
ShoulderCenter;-1.618917;0.2408997;3.150864;
ShoulderRight;-1.556413;0.1107098;3.088006;
ShoulderLeft;-1.555675;0.1118355;3.011016;
ElbowRight;-1.536886;-0.04235618;2.943257;
ElbowLeft;-1.434359;-0.07470077;3.127233;
WristRight;-1.564896;-0.2352939;2.92628;
WristLeft;-1.402046;-0.3184248;3.209928;
HandRight;-1.57454;-0.2966993;2.927316;
HandLeft;-1.434963;-0.3709955;3.214116;
Spine;-1.600222;-0.2147455;3.215177;
HipCenter;-1.545163;-0.298776;3.231788;
HipRight;-1.542238;-0.3220054;3.216723;
HipLeft;-1.543465;-0.3092553;3.251088;
KneeRight;-1.484458;-0.7701631;3.261553;
KneeLeft;-1.572179;-0.6790257;3.200701;
AnkleRight;-1.331729;-1.082677;3.265538;
AnkleLeft;-1.75424;-0.574851;2.939311;
FootRight;-1.245614;-1.118619;3.266231;
FootLeft;-1.668125;-0.6107939;2.940004;
Head;-1.602302;0.1404146;3.214916;
ShoulderCenter;-1.58434;-0.04945143;3.225442;
ShoulderRight;-1.521591;-0.179557;3.162462;
ShoulderLeft;-1.526552;-0.1804305;3.089126;
ElbowRight;-1.670563;-0.2000194;3.014273;
ElbowLeft;-1.628321;-0.07295696;3.189245;
WristRight;-1.605993;-0.3802786;3.033135;
WristLeft;-1.629988;-0.2761076;3.17408;
HandRight;-1.615602;-0.4414573;3.034167;
HandLeft;-1.662783;-0.3284842;3.178254;
Spine;-1.675958;-0.2390069;3.301901;
HipCenter;-1.644411;-0.2904013;3.317149;
HipRight;-1.640735;-0.2959101;3.356541;
HipLeft;-1.655429;-0.314345;3.287383;
KneeRight;-1.571577;-0.7276873;3.235714;
KneeLeft;-1.629439;-0.6675302;3.158431;
AnkleRight;-1.369199;-1.050484;3.266687;
AnkleLeft;-1.742239;-0.9057633;3.025458;
FootRight;-1.384776;-1.147811;3.280811;
FootLeft;-1.697995;-0.8158574;3.063369;
Head;-1.639195;0.1316486;3.24934;
ShoulderCenter;-1.61941;-0.06341018;3.23526;
ShoulderRight;-1.556661;-0.1935157;3.17228;
ShoulderLeft;-1.638642;-0.06678378;3.156526;
ElbowRight;-1.67534;-0.04410641;3.113552;
ElbowLeft;-1.658427;-0.2688255;3.206244;
WristRight;-1.647506;-0.2783712;3.079878;
WristLeft;-1.689699;-0.4569272;3.227275;
HandRight;-1.65708;-0.3393276;3.080907;
HandLeft;-1.722374;-0.5091136;3.231433;
Spine;-1.626463;-0.3868712;3.379491;
HipCenter;-1.637889;-0.4636835;3.367721;
HipRight;-1.608234;-0.5156594;3.405693;
HipLeft;-1.670914;-0.508697;3.358521;
KneeRight;-1.531646;-0.8549622;3.259645;
KneeLeft;-1.656983;-0.8537788;3.206173;
AnkleRight;-1.39803;-1.103848;3.265054;
AnkleLeft;-1.500679;-0.6486447;3.300054;
FootRight;-1.458359;-1.141241;3.299842;
FootLeft;-1.542794;-0.7333318;3.250142;
Head;-1.704579;-0.3730293;3.446971;
ShoulderCenter;-1.68943;-0.5699329;3.434292;
ShoulderRight;-1.626681;-0.7000384;3.371312;
ShoulderLeft;-1.704027;-0.5714616;3.354258;
ElbowRight;-1.65086;-0.4536824;3.263769;
ElbowLeft;-1.691678;-0.3222574;3.252908;
WristRight;-1.704691;-0.3545046;3.09454;
WristLeft;-1.785585;-0.4854087;3.19842;
HandRight;-1.722635;-0.3214453;3.042439;
HandLeft;-1.818144;-0.5374082;3.202563;
Spine;-1.651851;-0.7306164;3.423639;
HipCenter;-1.605183;-0.7408699;3.412084;
HipRight;-1.54533;-0.8443729;3.572332;
HipLeft;-1.57084;-0.8284881;3.21255;
KneeRight;-1.402602;-0.9650797;3.321966;
KneeLeft;-1.629227;-1.136195;3.400789;
AnkleRight;-1.455928;-1.039928;3.277367;
AnkleLeft;-1.661616;-0.8500261;3.211828;
FootRight;-1.375722;-1.078935;3.251959;
FootLeft;-1.598574;-0.8931631;3.192372;
Head;-1.761311;-0.3673281;3.461271;
ShoulderCenter;-1.746162;-0.5642317;3.448718;
ShoulderRight;-1.705074;-0.5976213;3.44671;
ShoulderLeft;-1.759101;-0.5018544;3.381184;
ElbowRight;-1.729136;-0.352459;3.339649;
ElbowLeft;-1.737819;-0.2497133;3.298086;
WristRight;-1.782504;-0.2528511;3.171731;
WristLeft;-1.794854;-0.4320837;3.302314;
HandRight;-1.800293;-0.2196484;3.120054;
HandLeft;-1.827299;-0.4839;3.306442;
Spine;-1.735482;-0.7692851;3.374664;
HipCenter;-1.691121;-0.7945484;3.351202;
HipRight;-1.681854;-0.8585113;3.389067;
HipLeft;-1.682267;-0.8064106;3.276992;
KneeRight;-1.404688;-1.082986;3.270311;
KneeLeft;-1.755883;-1.146876;3.394805;
AnkleRight;-1.642269;-0.9909866;3.368021;
AnkleLeft;-1.681315;-0.9127489;3.229288;
FootRight;-1.563441;-1.048869;3.326218;
FootLeft;-1.616246;-0.8831764;3.196559;
Head;-1.781994;-0.5653692;3.491947;
ShoulderCenter;-1.722139;-0.7457301;3.414396;
ShoulderRight;-1.625273;-0.8601743;3.303442;
ShoulderLeft;-1.736567;-0.7782186;3.35821;
ElbowRight;-1.649258;-0.6158041;3.196697;
ElbowLeft;-1.715354;-0.5268922;3.27535;
WristRight;-1.702319;-0.5159239;3.029644;
WristLeft;-1.772712;-0.7085451;3.279212;
HandRight;-1.720006;-0.4826305;2.978246;
HandLeft;-1.805044;-0.7601816;3.283326;
Spine;-1.635969;-1.060872;3.354604;
HipCenter;-1.631678;-1.111905;3.301536;
HipRight;-1.589406;-1.140216;3.281524;
HipLeft;-1.658917;-1.144441;3.300657;
KneeRight;-1.373699;-1.215918;3.204299;
KneeLeft;-1.729832;-1.386913;3.296891;
AnkleRight;-1.42943;-1.194337;3.207911;
AnkleLeft;-1.681142;-1.197399;3.161214;
FootRight;-1.444583;-1.27011;3.221151;
FootLeft;-1.618441;-1.240303;3.141862;
