Floor;-0.02809845;0.9996039;0.001617654;1.072008;
Head;0.6503255;0.6518804;2.730856;
ShoulderCenter;0.7618082;0.5041898;2.71653;
ShoulderRight;0.8460437;0.3671261;2.579975;
ShoulderLeft;0.6908361;0.3324369;2.8411;
ElbowRight;1.01286;0.07666814;2.444723;
ElbowLeft;0.5501325;0.08770488;2.912675;
WristRight;1.105015;-0.1656494;2.334678;
WristLeft;0.3278423;-0.07690531;2.905753;
HandRight;1.142964;-0.2278695;2.322953;
HandLeft;0.2537455;-0.1317754;2.907911;
Spine;0.7539846;0.1690617;2.686866;
HipCenter;0.7524199;0.102036;2.684207;
HipRight;0.7852246;0.01915621;2.589909;
HipLeft;0.7153811;0.003546048;2.757886;
KneeRight;0.936011;-0.5174593;2.682815;
KneeLeft;0.7387515;-0.5543662;2.643592;
AnkleRight;1.049731;-0.8121589;2.6138;
AnkleLeft;0.5426361;-0.9380441;2.599605;
FootRight;0.9329684;-0.8561746;2.610126;
FootLeft;0.4587138;-0.9855162;2.54973;
Head;0.6090502;0.6853598;2.738153;
ShoulderCenter;0.7313789;0.5010198;2.708234;
ShoulderRight;0.8209174;0.3657247;2.578064;
ShoulderLeft;0.6574418;0.3226122;2.828413;
ElbowRight;0.9735314;0.07692368;2.447428;
ElbowLeft;0.5536635;0.0888495;2.895;
WristRight;1.067722;-0.1579954;2.343157;
WristLeft;0.3295541;-0.05677466;2.911064;
HandRight;1.119919;-0.2089467;2.322616;
HandLeft;0.2307115;-0.08118269;2.923135;
Spine;0.7188653;0.1580619;2.678419;
HipCenter;0.7161757;0.08926689;2.675725;
HipRight;0.7521986;0.01415303;2.589083;
HipLeft;0.6766867;-0.006017361;2.743253;
KneeRight;0.9200925;-0.5202988;2.683825;
KneeLeft;0.6752334;-0.568781;2.635805;
AnkleRight;1.09107;-0.9643203;2.647766;
AnkleLeft;0.5370928;-0.9927997;2.590316;
FootRight;1.039216;-1.053067;2.719815;
FootLeft;0.4545427;-1.040131;2.536846;
Head;0.5752457;0.6657707;2.721612;
ShoulderCenter;0.6898087;0.4970714;2.700946;
ShoulderRight;0.7733113;0.3657328;2.571626;
ShoulderLeft;0.6181311;0.322746;2.822996;
ElbowRight;0.9324009;0.07097699;2.44503;
ElbowLeft;0.5130468;0.07289048;2.869678;
WristRight;1.006566;-0.1735978;2.349021;
WristLeft;0.3078652;-0.08726723;2.922324;
HandRight;1.047251;-0.2313618;2.327381;
HandLeft;0.2216232;-0.1364697;2.933993;
Spine;0.6767067;0.1523655;2.688123;
HipCenter;0.673481;0.08332319;2.689096;
HipRight;0.7038388;0.00581758;2.60598;
HipLeft;0.6328728;-0.01341805;2.763263;
KneeRight;0.8782416;-0.5203111;2.687482;
KneeLeft;0.6569116;-0.5641025;2.638312;
AnkleRight;1.085497;-0.9616826;2.65111;
AnkleLeft;0.5249782;-0.9878348;2.586739;
FootRight;1.021436;-1.037528;2.671999;
FootLeft;0.4427474;-1.035192;2.53605;
Head;0.5479702;0.6818548;2.722743;
ShoulderCenter;0.6411501;0.5010229;2.690838;
ShoulderRight;0.740658;0.3640172;2.565499;
ShoulderLeft;0.5912499;0.3279907;2.831662;
ElbowRight;0.8798614;0.0742309;2.445897;
ElbowLeft;0.4921576;0.06518051;2.867043;
WristRight;0.9298794;-0.1780911;2.358559;
WristLeft;0.2988008;-0.1063696;2.922289;
HandRight;0.9666328;-0.2405483;2.345255;
HandLeft;0.214349;-0.1571989;2.937162;
Spine;0.6341143;0.1359963;2.668224;
HipCenter;0.6327071;0.06299091;2.667068;
HipRight;0.6647545;-0.02953832;2.564158;
HipLeft;0.5972894;-0.04437833;2.752973;
KneeRight;0.7796659;-0.4449768;2.720943;
KneeLeft;0.6544173;-0.6094566;2.635774;
AnkleRight;0.9971441;-0.840612;2.669181;
AnkleLeft;0.523255;-0.9879723;2.586554;
FootRight;0.912915;-0.8883115;2.621744;
FootLeft;0.4390258;-1.035672;2.539116;
Head;0.5107324;0.6861503;2.71812;
ShoulderCenter;0.6191884;0.5056483;2.691155;
ShoulderRight;0.691941;0.3695131;2.559973;
ShoulderLeft;0.5404025;0.3328709;2.827158;
ElbowRight;0.8220103;0.06816476;2.444217;
ElbowLeft;0.4663281;0.0445185;2.843159;
WristRight;0.8668385;-0.186354;2.357479;
WristLeft;0.3120693;-0.1551927;2.92079;
HandRight;0.8945441;-0.2552204;2.35843;
HandLeft;0.2358382;-0.2195677;2.932298;
Spine;0.6012077;0.1327524;2.650864;
HipCenter;0.5964782;0.05752538;2.64467;
HipRight;0.6255901;-0.0324606;2.537661;
HipLeft;0.5567787;-0.04901724;2.722064;
KneeRight;0.7374502;-0.4433781;2.714693;
KneeLeft;0.6378145;-0.626192;2.64678;
AnkleRight;0.9697465;-0.8505569;2.674834;
AnkleLeft;0.519013;-0.987407;2.588006;
FootRight;0.8842474;-0.8972976;2.626822;
FootLeft;0.4335138;-1.034148;2.539994;
Head;0.4792596;0.6911315;2.710382;
ShoulderCenter;0.5830732;0.5134202;2.683656;
ShoulderRight;0.6676265;0.3706738;2.554128;
ShoulderLeft;0.5157186;0.3361815;2.821491;
ElbowRight;0.7632927;0.06012816;2.434854;
ElbowLeft;0.4500453;0.05303103;2.811092;
WristRight;0.7851025;-0.2008208;2.362305;
WristLeft;0.343364;-0.1703098;2.900388;
HandRight;0.7941431;-0.2753219;2.359423;
HandLeft;0.2670538;-0.2339135;2.92174;
Spine;0.5765266;0.1337253;2.618867;
HipCenter;0.5749899;0.05766203;2.608551;
HipRight;0.6080914;-0.02943747;2.500535;
HipLeft;0.5382645;-0.04431786;2.676539;
KneeRight;0.5248463;-0.5900578;2.599841;
KneeLeft;0.6237501;-0.6394911;2.650326;
AnkleRight;0.8958937;-0.8840084;2.65167;
AnkleLeft;0.5137188;-0.9915745;2.590026;
FootRight;0.9410664;-0.9982818;2.68083;
FootLeft;0.4273471;-1.038809;2.541356;
Head;0.4303382;0.6878996;2.68491;
ShoulderCenter;0.5487638;0.5126764;2.68187;
ShoulderRight;0.6296946;0.3699943;2.547335;
ShoulderLeft;0.4783575;0.3347869;2.809826;
ElbowRight;0.6905742;0.05361164;2.429425;
ElbowLeft;0.4251319;0.07212147;2.766912;
WristRight;0.6886733;-0.2077371;2.362039;
WristLeft;0.3554528;-0.1775798;2.868449;
HandRight;0.6949716;-0.27454;2.372085;
HandLeft;0.3143456;-0.2537315;2.898029;
Spine;0.5418404;0.1417864;2.600998;
HipCenter;0.5400996;0.06786272;2.587728;
HipRight;0.572584;-0.01029578;2.484758;
HipLeft;0.5021131;-0.02479281;2.645655;
KneeRight;0.5109845;-0.5927465;2.593373;
KneeLeft;0.6550777;-0.6282205;2.704417;
AnkleRight;0.8921389;-0.8724151;2.662037;
AnkleLeft;0.5127333;-0.9929018;2.591518;
FootRight;0.9078081;-0.9941738;2.698186;
FootLeft;0.425155;-1.040241;2.541791;
Head;0.4209737;0.6902351;2.687135;
ShoulderCenter;0.5219414;0.5130038;2.677339;
ShoulderRight;0.5944242;0.3715747;2.541437;
ShoulderLeft;0.4595483;0.3436293;2.806901;
ElbowRight;0.6088016;0.07533881;2.416853;
ElbowLeft;0.3987406;0.005383261;2.727838;
WristRight;0.5843428;-0.1937653;2.362562;
WristLeft;0.353474;-0.2122409;2.86388;
HandRight;0.5905639;-0.2687711;2.367423;
HandLeft;0.3416348;-0.2828782;2.878727;
Spine;0.4886722;0.1554064;2.65573;
HipCenter;0.4839277;0.08386363;2.655215;
HipRight;0.5089492;-0.00408544;2.559432;
HipLeft;0.4465419;-0.01462692;2.735884;
KneeRight;0.4967647;-0.5918798;2.586385;
KneeLeft;0.6467608;-0.6270075;2.725859;
AnkleRight;0.8532373;-0.8609884;2.681643;
AnkleLeft;0.5113804;-0.9949707;2.592542;
FootRight;0.8421519;-0.9849754;2.713985;
FootLeft;0.4212015;-1.042976;2.547032;
Head;0.361825;0.688383;2.674609;
ShoulderCenter;0.4907826;0.5126294;2.66622;
ShoulderRight;0.5715331;0.3697067;2.539747;
ShoulderLeft;0.4155522;0.3619839;2.777411;
ElbowRight;0.5632044;0.1018287;2.420362;
ElbowLeft;0.3611235;0.07408366;2.737271;
WristRight;0.4860556;-0.1520763;2.386321;
WristLeft;0.3127534;-0.1870021;2.705536;
HandRight;0.4695196;-0.2250759;2.395264;
HandLeft;0.3220573;-0.2559725;2.776027;
Spine;0.4710743;0.140716;2.605765;
HipCenter;0.4685542;0.06635036;2.597688;
HipRight;0.4982653;-0.01911859;2.499848;
HipLeft;0.4329463;-0.02219623;2.664226;
KneeRight;0.4865142;-0.5962558;2.58918;
KneeLeft;0.6318108;-0.6412747;2.725803;
AnkleRight;0.7689773;-0.8836437;2.690132;
AnkleLeft;0.4885583;-0.9432195;2.58324;
FootRight;0.7358273;-1.001773;2.728493;
FootLeft;0.4042461;-0.9905404;2.527138;
Head;0.3437689;0.6901643;2.676291;
ShoulderCenter;0.4552579;0.5148844;2.657286;
ShoulderRight;0.5390503;0.3696747;2.535102;
ShoulderLeft;0.3703199;0.3074832;2.794615;
ElbowRight;0.5010906;0.08309791;2.423051;
ElbowLeft;0.3258381;0.0499433;2.741941;
WristRight;0.3875889;-0.1680069;2.389825;
WristLeft;0.2848766;-0.2091257;2.717263;
HandRight;0.3350377;-0.2358816;2.389832;
HandLeft;0.2978807;-0.2805681;2.785311;
Spine;0.446843;0.1420199;2.597309;
HipCenter;0.4442945;0.06753028;2.588629;
HipRight;0.474048;-0.005947015;2.490564;
HipLeft;0.3981905;-0.04942098;2.646953;
KneeRight;0.4790865;-0.6089967;2.591019;
KneeLeft;0.6000043;-0.6772853;2.71746;
AnkleRight;0.7151538;-0.9097078;2.69875;
AnkleLeft;0.4711851;-0.9776837;2.567089;
FootRight;0.6068229;-0.970834;2.664881;
FootLeft;0.3854687;-1.025658;2.513074;
Head;0.3120418;0.7020013;2.687593;
ShoulderCenter;0.4304616;0.5164587;2.652682;
ShoulderRight;0.5137125;0.3678727;2.531927;
ShoulderLeft;0.3593159;0.3107045;2.793433;
ElbowRight;0.4488547;0.1320637;2.42167;
ElbowLeft;0.2772941;0.06618416;2.762871;
WristRight;0.2780649;-0.1543207;2.403814;
WristLeft;0.2559475;-0.1908323;2.745336;
HandRight;0.2367806;-0.2141537;2.415968;
HandLeft;0.2676957;-0.2633311;2.812783;
Spine;0.4108556;0.1536283;2.599663;
HipCenter;0.406871;0.08139566;2.59289;
HipRight;0.4406677;0.0047147;2.489231;
HipLeft;0.3687525;-0.03967293;2.662134;
KneeRight;0.4734995;-0.6133122;2.589725;
KneeLeft;0.3438053;-0.6261098;2.717488;
AnkleRight;0.6556569;-0.8877357;2.686501;
AnkleLeft;0.5102203;-0.9977911;2.593364;
FootRight;0.5602481;-0.9672692;2.652211;
FootLeft;0.4221505;-1.04555;2.543185;
Head;0.2742585;0.6890275;2.681851;
ShoulderCenter;0.3870503;0.5228205;2.642975;
ShoulderRight;0.4795021;0.3757664;2.53147;
ShoulderLeft;0.3121865;0.3252766;2.803678;
ElbowRight;0.3870115;0.1527225;2.423875;
ElbowLeft;0.2509564;0.07877491;2.771181;
WristRight;0.1925422;-0.1298204;2.430787;
WristLeft;0.231838;-0.1745247;2.757125;
HandRight;0.137047;-0.1787685;2.433878;
HandLeft;0.2436434;-0.2473768;2.824901;
Spine;0.3940287;0.1503299;2.592144;
HipCenter;0.3933957;0.076754;2.585566;
HipRight;0.427158;0.001456125;2.486998;
HipLeft;0.3583735;-0.04338386;2.650327;
KneeRight;0.4596831;-0.620167;2.592311;
KneeLeft;0.2738081;-0.580588;2.729078;
AnkleRight;0.5206129;-0.9976404;2.595258;
AnkleLeft;0.4609675;-0.9986795;2.670271;
FootRight;0.4477768;-1.060902;2.615898;
FootLeft;0.3719901;-1.049614;2.615864;
Head;0.2543428;0.6862116;2.679332;
ShoulderCenter;0.3503409;0.5249609;2.633471;
ShoulderRight;0.441433;0.3790638;2.528456;
ShoulderLeft;0.2809708;0.3130066;2.84271;
ElbowRight;0.2776267;0.09264582;2.427456;
ElbowLeft;0.1926771;0.08660059;2.750685;
WristRight;0.1090195;-0.1008651;2.436054;
WristLeft;0.2599142;-0.1313124;2.840858;
HandRight;0.03419551;-0.1488496;2.441249;
HandLeft;0.271761;-0.2044193;2.908871;
Spine;0.3337732;0.1694031;2.625144;
HipCenter;0.3315184;0.09822979;2.627391;
HipRight;0.3555512;-0.00704408;2.52176;
HipLeft;0.2997017;-0.0421939;2.721871;
KneeRight;0.4468886;-0.6259543;2.595229;
KneeLeft;0.2214977;-0.6073517;2.740371;
AnkleRight;0.5170659;-0.9963605;2.595572;
AnkleLeft;0.381363;-0.9991829;2.725442;
FootRight;0.4471994;-1.060336;2.61275;
FootLeft;0.3298112;-1.074075;2.769562;
Head;0.2047735;0.6903422;2.675673;
ShoulderCenter;0.3223993;0.5257643;2.639413;
ShoulderRight;0.4123499;0.3832925;2.523585;
ShoulderLeft;0.2600932;0.313504;2.848948;
ElbowRight;0.2279964;0.1106557;2.4342;
ElbowLeft;0.1509966;0.09190282;2.794027;
WristRight;0.03655436;-0.06019913;2.433774;
WristLeft;0.242877;-0.1346378;2.822748;
HandRight;-0.03950779;-0.115847;2.459174;
HandLeft;0.2547584;-0.2079582;2.89096;
Spine;0.2987824;0.06883757;2.611856;
HipCenter;0.2958784;-0.02260008;2.609643;
HipRight;0.3276882;-0.05184568;2.595141;
HipLeft;0.2615866;-0.07150852;2.617534;
KneeRight;0.4197183;-0.6018344;2.581822;
KneeLeft;0.1921016;-0.617867;2.742694;
AnkleRight;0.5151568;-0.9954838;2.595671;
AnkleLeft;0.2745337;-0.9974701;2.731013;
FootRight;0.448296;-1.059423;2.614327;
FootLeft;0.2350333;-1.075329;2.782626;
Head;0.1788066;0.6834934;2.673783;
ShoulderCenter;0.2820109;0.5253766;2.643021;
ShoulderRight;0.3672579;0.3782176;2.52219;
ShoulderLeft;0.2163769;0.3130977;2.853785;
ElbowRight;0.1626225;0.119907;2.44149;
ElbowLeft;0.1289393;0.08450973;2.794884;
WristRight;-0.0255128;-0.03872482;2.440387;
WristLeft;0.2041294;-0.1429416;2.837817;
HandRight;-0.108644;-0.04251906;2.457375;
HandLeft;0.2160478;-0.2164904;2.906241;
Spine;0.2736014;0.06420334;2.626849;
HipCenter;0.2701836;-0.02826383;2.627939;
HipRight;0.2965414;-0.05892678;2.615882;
HipLeft;0.2403531;-0.07625662;2.636342;
KneeRight;0.415176;-0.5999228;2.581478;
KneeLeft;0.129464;-0.6140851;2.746759;
AnkleRight;0.5145265;-0.994977;2.596343;
AnkleLeft;0.1466043;-1.022074;2.725101;
FootRight;0.445135;-1.059868;2.626117;
FootLeft;0.05239998;-1.067403;2.803893;
Head;0.1536223;0.6903619;2.676499;
ShoulderCenter;0.2526025;0.5266571;2.644636;
ShoulderRight;0.3365113;0.3770811;2.52026;
ShoulderLeft;0.1893069;0.3143381;2.855316;
ElbowRight;0.1332603;0.1215771;2.438901;
ElbowLeft;0.08878975;0.09334065;2.798272;
WristRight;-0.08779479;-0.01119028;2.443958;
WristLeft;0.1668285;-0.1336406;2.828745;
HandRight;-0.1601993;-0.0274193;2.454825;
HandLeft;0.1787823;-0.2074081;2.897373;
Spine;0.2309829;0.06849569;2.607412;
HipCenter;0.2269062;-0.02305977;2.602875;
HipRight;0.2639307;-0.04766841;2.58996;
HipLeft;0.1900992;-0.07180782;2.610184;
KneeRight;0.4082664;-0.5998836;2.580469;
KneeLeft;0.0997588;-0.6212112;2.749023;
AnkleRight;0.5140154;-0.994648;2.596666;
AnkleLeft;0.04201606;-1.005137;2.728562;
FootRight;0.4438448;-1.059883;2.622887;
FootLeft;-0.05828555;-1.05212;2.804677;
Head;0.1110217;0.6897971;2.679727;
ShoulderCenter;0.2142542;0.5175732;2.65014;
ShoulderRight;0.3043972;0.3744653;2.517976;
ShoulderLeft;0.1496076;0.3051528;2.860953;
ElbowRight;0.08063421;0.1372445;2.446994;
ElbowLeft;0.05780643;0.08204071;2.802578;
WristRight;-0.1331324;0.01956828;2.446642;
WristLeft;0.1290553;-0.1446655;2.83795;
HandRight;-0.2156616;0.0003794311;2.458156;
HandLeft;0.1410665;-0.2187875;2.906908;
Spine;0.1951155;0.1300315;2.616686;
HipCenter;0.1922171;0.05274326;2.613569;
HipRight;0.2205905;-0.0189642;2.521896;
HipLeft;0.1571266;-0.0546676;2.68501;
KneeRight;0.3897434;-0.5916205;2.577155;
KneeLeft;0.07212651;-0.6327104;2.752964;
AnkleRight;0.5136782;-0.9946113;2.59679;
AnkleLeft;-0.07193397;-1.023019;2.745531;
FootRight;0.4424559;-1.060977;2.622473;
FootLeft;-0.1900874;-1.054149;2.805741;
Head;0.07459893;0.6791971;2.673842;
ShoulderCenter;0.1896768;0.5164922;2.647655;
ShoulderRight;0.2711791;0.3708635;2.521498;
ShoulderLeft;0.1258188;0.3041981;2.858448;
ElbowRight;0.05167705;0.1311489;2.444022;
ElbowLeft;-0.0413186;0.1658537;2.582012;
WristRight;-0.1713259;0.03657236;2.445695;
WristLeft;-0.201903;0.01481847;2.442451;
HandRight;-0.2411005;0.01306595;2.458112;
HandLeft;-0.2709837;0.01076569;2.470499;
Spine;0.1878262;0.03982405;2.599734;
HipCenter;0.1895302;-0.05541837;2.594068;
HipRight;0.234312;-0.06376732;2.568751;
HipLeft;0.1460927;-0.1222043;2.610485;
KneeRight;0.3287162;-0.5721992;2.599834;
KneeLeft;0.02651586;-0.6709771;2.758905;
AnkleRight;0.5122706;-0.9947993;2.596888;
AnkleLeft;-0.1358714;-1.027957;2.756939;
FootRight;0.4413671;-1.062774;2.619872;
FootLeft;-0.2319322;-1.056562;2.768352;
Head;0.05175922;0.6831327;2.682345;
ShoulderCenter;0.1418172;0.5140532;2.647847;
ShoulderRight;0.2357687;0.3624593;2.528893;
ShoulderLeft;0.07753227;0.3017789;2.858575;
ElbowRight;0.007170533;0.1367974;2.445763;
ElbowLeft;-0.08282011;0.1612937;2.578902;
WristRight;-0.2325775;0.0454025;2.454986;
WristLeft;-0.2608498;0.0171339;2.457464;
HandRight;-0.3136364;0.03317524;2.482575;
HandLeft;-0.3279711;0.01723262;2.48868;
Spine;0.1526672;0.03204884;2.60881;
HipCenter;0.1529664;-0.06465297;2.605046;
HipRight;0.1949411;-0.07847484;2.600143;
HipLeft;0.1076334;-0.1268579;2.606097;
KneeRight;0.2690738;-0.5791278;2.621914;
KneeLeft;0.009966005;-0.6741465;2.760882;
AnkleRight;0.5063213;-0.9873919;2.596957;
AnkleLeft;-0.1482987;-1.02244;2.753727;
FootRight;0.4407752;-1.062342;2.614536;
FootLeft;-0.2380846;-1.06573;2.770678;
Head;-0.002363125;0.6699911;2.691613;
ShoulderCenter;0.1116651;0.5104692;2.648812;
ShoulderRight;0.1991828;0.3628456;2.538051;
ShoulderLeft;0.04770264;0.2982228;2.859534;
ElbowRight;-0.02317134;0.134184;2.447117;
ElbowLeft;-0.1132043;0.1630241;2.577529;
WristRight;-0.247499;0.04469035;2.455317;
WristLeft;-0.3024155;0.04192414;2.470624;
HandRight;-0.3266134;0.03248552;2.480774;
HandLeft;-0.3645274;0.004422415;2.481635;
Spine;0.1313199;0.03812638;2.60494;
HipCenter;0.1347479;-0.05694184;2.600264;
HipRight;0.1811023;-0.07081872;2.595539;
HipLeft;0.09086567;-0.120076;2.59849;
KneeRight;0.2668965;-0.5796186;2.619417;
KneeLeft;-0.0169644;-0.6711071;2.767588;
AnkleRight;0.5056382;-0.9881376;2.597413;
AnkleLeft;-0.1482627;-1.019052;2.753164;
FootRight;0.4364868;-1.060898;2.610801;
FootLeft;-0.2359508;-1.068783;2.762804;
Head;-0.02380528;0.6779974;2.691936;
ShoulderCenter;0.06788209;0.5050325;2.656497;
ShoulderRight;0.1517619;0.3573091;2.542092;
ShoulderLeft;0.003705373;0.2927573;2.867242;
ElbowRight;-0.06827424;0.1219547;2.450499;
ElbowLeft;-0.1414225;0.1586317;2.57556;
WristRight;-0.2928236;0.03306966;2.457064;
WristLeft;-0.3095259;0.0116595;2.460708;
HandRight;-0.3517444;0.02265938;2.478784;
HandLeft;-0.3764618;0.01657618;2.48858;
Spine;0.08311985;0.03853456;2.60494;
HipCenter;0.08633517;-0.05472817;2.598285;
HipRight;0.128845;-0.0671226;2.593137;
HipLeft;0.04840509;-0.11633;2.593995;
KneeRight;0.2480144;-0.5846035;2.612485;
KneeLeft;-0.03153166;-0.6707293;2.771137;
AnkleRight;0.4995628;-0.9860791;2.596485;
AnkleLeft;-0.1516485;-1.013984;2.752206;
FootRight;0.433098;-1.06137;2.610394;
FootLeft;-0.2338996;-1.073038;2.757408;
Head;-0.08086295;0.6623835;2.694463;
ShoulderCenter;0.03808464;0.5050334;2.663352;
ShoulderRight;0.1307883;0.3600069;2.548842;
ShoulderLeft;-0.02593665;0.2927678;2.874065;
ElbowRight;-0.07977261;0.1178602;2.452723;
ElbowLeft;-0.1787175;0.1393214;2.598346;
WristRight;-0.3106216;0.01093918;2.456855;
WristLeft;-0.3388645;-0.00753541;2.467052;
HandRight;-0.3953856;-0.007558533;2.479523;
HandLeft;-0.4056012;-0.03103551;2.48175;
Spine;0.06024682;0.04873193;2.605565;
HipCenter;0.06392958;-0.0423898;2.597829;
HipRight;0.1061295;-0.05324209;2.596721;
HipLeft;0.02545149;-0.1090433;2.587782;
KneeRight;0.224231;-0.5974903;2.607448;
KneeLeft;-0.05628993;-0.6599991;2.775077;
AnkleRight;0.4877061;-0.9914144;2.596497;
AnkleLeft;-0.1560502;-1.005903;2.749789;
FootRight;0.402219;-1.063043;2.633397;
FootLeft;-0.229629;-1.073741;2.75126;
Head;-0.103418;0.680952;2.699661;
ShoulderCenter;0.0006863803;0.5118867;2.671824;
ShoulderRight;0.08545859;0.3637231;2.558763;
ShoulderLeft;-0.0634319;0.2996322;2.88256;
ElbowRight;-0.1130296;0.1147089;2.453733;
ElbowLeft;-0.2171265;0.1232852;2.623947;
WristRight;-0.3331725;0.006606378;2.4656;
WristLeft;-0.4014176;-0.07516804;2.483662;
HandRight;-0.3985871;-0.02338346;2.475044;
HandLeft;-0.462848;-0.1413191;2.441967;
Spine;0.01850452;0.056159;2.619713;
HipCenter;0.02262286;-0.03508771;2.61287;
HipRight;0.05897036;-0.05076946;2.625443;
HipLeft;-0.007344768;-0.104971;2.589992;
KneeRight;0.1862906;-0.61317;2.595081;
KneeLeft;-0.08554136;-0.6488493;2.784666;
AnkleRight;0.4581699;-0.9882631;2.596789;
AnkleLeft;-0.158807;-1.000632;2.750066;
FootRight;0.393568;-1.059414;2.617852;
FootLeft;-0.2274582;-1.071105;2.749845;
Head;-0.1470324;0.6798303;2.697083;
ShoulderCenter;-0.03360324;0.5167077;2.682806;
ShoulderRight;0.06021564;0.3678613;2.56518;
ShoulderLeft;-0.0976514;0.3044411;2.893523;
ElbowRight;-0.1232309;0.1093415;2.454443;
ElbowLeft;-0.226799;0.107772;2.636343;
WristRight;-0.3185851;-0.03272355;2.450275;
WristLeft;-0.374775;-0.1071491;2.470354;
HandRight;-0.3925994;-0.09270564;2.471481;
HandLeft;-0.446035;-0.09999152;2.479002;
Spine;-0.002928946;0.0622799;2.621878;
HipCenter;0.002489288;-0.02861601;2.613812;
HipRight;0.04198864;-0.04587686;2.629141;
HipLeft;-0.03252243;-0.1001016;2.584733;
KneeRight;0.06903759;-0.6109154;2.630593;
KneeLeft;-0.1092575;-0.642971;2.786607;
AnkleRight;0.3970978;-0.9545349;2.598032;
AnkleLeft;-0.1608536;-1.002154;2.749956;
FootRight;0.3790396;-1.051463;2.60062;
FootLeft;-0.2295839;-1.07289;2.749309;
Head;-0.1728504;0.68606;2.699815;
ShoulderCenter;-0.07150627;0.5132459;2.68345;
ShoulderRight;0.02389999;0.3635306;2.570563;
ShoulderLeft;-0.1356038;0.3009803;2.894176;
ElbowRight;-0.1377022;0.09595848;2.455177;
ElbowLeft;-0.2460114;0.09902248;2.632405;
WristRight;-0.3336978;-0.09243769;2.458062;
WristLeft;-0.3729053;-0.1655694;2.47362;
HandRight;-0.3984027;-0.121642;2.472388;
HandLeft;-0.4152033;-0.2537667;2.425781;
Spine;-0.0718618;0.1120383;2.629901;
HipCenter;-0.07082517;0.03189795;2.622912;
HipRight;-0.04082324;0.001176071;2.587558;
HipLeft;-0.09963381;-0.02963098;2.64371;
KneeRight;0.02991523;-0.5936406;2.595079;
KneeLeft;-0.1407364;-0.6352448;2.783406;
AnkleRight;0.3639958;-0.929485;2.590447;
AnkleLeft;-0.1640829;-1.006294;2.749916;
FootRight;0.3607788;-1.026588;2.595811;
FootLeft;-0.2319046;-1.076065;2.749299;
Head;-0.2225954;0.6866164;2.719897;
ShoulderCenter;-0.1099428;0.4584199;2.680054;
ShoulderRight;-0.007652346;0.3666674;2.573345;
ShoulderLeft;-0.1740195;0.246157;2.890781;
ElbowRight;-0.1431018;0.09399217;2.45786;
ElbowLeft;-0.2705817;0.0617391;2.609773;
WristRight;-0.3262212;-0.1166257;2.455965;
WristLeft;-0.3749983;-0.1662401;2.470526;
HandRight;-0.3681909;-0.1746721;2.460571;
HandLeft;-0.4098038;-0.2422331;2.4292;
Spine;-0.09559964;0.06181027;2.629495;
HipCenter;-0.09273101;-0.01751167;2.623116;
HipRight;-0.05472821;-0.05057101;2.610856;
HipLeft;-0.1275249;-0.07318277;2.621914;
KneeRight;-0.03974063;-0.6658881;2.604309;
KneeLeft;-0.151143;-0.6600974;2.711616;
AnkleRight;0.3052972;-0.9188242;2.596399;
AnkleLeft;-0.1668898;-1.010621;2.749234;
FootRight;0.3189827;-1.013736;2.590441;
FootLeft;-0.233;-1.080338;2.748925;
Head;-0.2395047;0.6970962;2.713396;
ShoulderCenter;-0.1408472;0.5194389;2.68726;
ShoulderRight;-0.03582297;0.3674157;2.578219;
ShoulderLeft;-0.2049239;0.3071759;2.897987;
ElbowRight;-0.1555429;0.08540143;2.463696;
ElbowLeft;-0.318755;0.07847319;2.831707;
WristRight;-0.2843885;-0.1257898;2.439863;
WristLeft;-0.4092029;-0.1436117;2.842253;
HandRight;-0.3403783;-0.2044697;2.452268;
HandLeft;-0.4393522;-0.21764;2.850869;
Spine;-0.09295225;0.1312282;2.636161;
HipCenter;-0.08337326;0.05358608;2.629682;
HipRight;-0.03971475;-0.000407517;2.573154;
HipLeft;-0.1118075;-0.01581994;2.666903;
KneeRight;-0.1593063;-0.5585067;2.596108;
KneeLeft;-0.09104448;-0.5747856;2.774757;
AnkleRight;0.1902532;-0.8810047;2.602931;
AnkleLeft;-0.1690476;-1.010494;2.749104;
FootRight;0.2191571;-1.004691;2.585606;
FootLeft;-0.2308974;-1.082272;2.748292;
Head;-0.2722046;0.6896567;2.710043;
ShoulderCenter;-0.1629695;0.5198891;2.686009;
ShoulderRight;-0.06729476;0.3674071;2.58515;
ShoulderLeft;-0.2270462;0.3076261;2.896736;
ElbowRight;-0.1578122;0.08564882;2.465614;
ElbowLeft;-0.3349274;0.0896091;2.831389;
WristRight;-0.2782207;-0.1741913;2.441045;
WristLeft;-0.4449024;-0.1172911;2.87231;
HandRight;-0.3115905;-0.2373876;2.445657;
HandLeft;-0.4815608;-0.1862578;2.891062;
Spine;-0.1222727;0.1241459;2.63267;
HipCenter;-0.1144572;0.04467246;2.625653;
HipRight;-0.07300519;-0.008185497;2.573435;
HipLeft;-0.1438124;-0.02065302;2.65908;
KneeRight;-0.1829368;-0.5925204;2.615467;
KneeLeft;-0.1228386;-0.5465132;2.791117;
AnkleRight;0.1511715;-0.8980724;2.606657;
AnkleLeft;-0.1721821;-1.008774;2.749096;
FootRight;0.1298483;-1.001356;2.592654;
FootLeft;-0.2236961;-1.087024;2.746236;
Head;-0.3099993;0.6862376;2.717305;
ShoulderCenter;-0.1931909;0.4471555;2.678469;
ShoulderRight;-0.1019842;0.3691391;2.588251;
ShoulderLeft;-0.2572677;0.2348925;2.889196;
ElbowRight;-0.1651271;0.07689436;2.469755;
ElbowLeft;-0.4019037;0.04779096;2.819787;
WristRight;-0.2562137;-0.1731821;2.43708;
WristLeft;-0.4125706;-0.1883171;2.844579;
HandRight;-0.2531241;-0.2395094;2.411348;
HandLeft;-0.4161263;-0.2670198;2.857955;
Spine;-0.1588381;0.09397378;2.641763;
HipCenter;-0.1496387;0.02447833;2.637333;
HipRight;-0.1110924;-0.02430117;2.586713;
HipLeft;-0.1797126;-0.0541474;2.67272;
KneeRight;-0.2157415;-0.604376;2.623337;
KneeLeft;-0.1510223;-0.569065;2.787804;
AnkleRight;0.07109126;-0.9031324;2.611966;
AnkleLeft;-0.1721922;-1.00877;2.749106;
FootRight;0.02467905;-1.020061;2.602061;
FootLeft;-0.2574188;-1.060356;2.7031;
Head;-0.3390852;0.6979156;2.721017;
ShoulderCenter;-0.2411575;0.5191244;2.695889;
ShoulderRight;-0.1297717;0.3717111;2.590361;
ShoulderLeft;-0.3052343;0.3068614;2.906616;
ElbowRight;-0.1680896;0.07541163;2.471112;
ElbowLeft;-0.3979527;0.08539558;2.816084;
WristRight;-0.2238283;-0.1542376;2.415907;
WristLeft;-0.4454953;-0.165092;2.857635;
HandRight;-0.2358906;-0.2514261;2.417909;
HandLeft;-0.4640261;-0.2360165;2.922608;
Spine;-0.2459535;0.1429203;2.671645;
HipCenter;-0.2469127;0.06767941;2.670549;
HipRight;-0.2184456;-0.02140387;2.561418;
HipLeft;-0.2784033;-0.08039252;2.758304;
KneeRight;-0.284612;-0.6120943;2.633075;
KneeLeft;-0.1772977;-0.5984057;2.793594;
AnkleRight;-0.036794;-0.9333089;2.631607;
AnkleLeft;-0.1740836;-1.010847;2.730361;
FootRight;-0.07983391;-1.029566;2.622544;
FootLeft;-0.2339001;-1.081379;2.734811;
Head;-0.3749846;0.6810222;2.711329;
ShoulderCenter;-0.2734292;0.4216232;2.686414;
ShoulderRight;-0.1583607;0.3756931;2.589227;
ShoulderLeft;-0.3375059;0.2093602;2.897141;
ElbowRight;-0.168422;0.08066436;2.473953;
ElbowLeft;-0.4616452;0.01867865;2.796036;
WristRight;-0.2118496;-0.1501167;2.417854;
WristLeft;-0.5190412;-0.1791719;2.903371;
HandRight;-0.193879;-0.2155744;2.409888;
HandLeft;-0.5469396;-0.2375445;2.977312;
Spine;-0.2660964;0.02967062;2.645935;
HipCenter;-0.2646298;-0.04871991;2.641593;
HipRight;-0.2255036;-0.08040062;2.618867;
HipLeft;-0.301735;-0.1250608;2.650498;
KneeRight;-0.3971297;-0.5643137;2.62218;
KneeLeft;-0.1992853;-0.6140838;2.792035;
AnkleRight;-0.1371049;-0.9599252;2.640718;
AnkleLeft;-0.2125549;-0.9658369;2.686274;
FootRight;-0.1984667;-1.043607;2.632591;
FootLeft;-0.2724583;-1.064152;2.737434;
Head;-0.412102;0.7037574;2.70665;
ShoulderCenter;-0.3066494;0.5294087;2.700558;
ShoulderRight;-0.1976623;0.3776938;2.592184;
ShoulderLeft;-0.3707261;0.3171457;2.911285;
ElbowRight;-0.1697893;0.07987466;2.47497;
ElbowLeft;-0.4749456;0.04141157;2.80716;
WristRight;-0.1790194;-0.1571122;2.413679;
WristLeft;-0.5860417;-0.147513;2.937357;
HandRight;-0.1589959;-0.2293449;2.406183;
HandLeft;-0.647727;-0.2061815;2.979364;
Spine;-0.2814766;0.04101408;2.645148;
HipCenter;-0.2756143;-0.04850963;2.639591;
HipRight;-0.2355943;-0.07610257;2.617802;
HipLeft;-0.3166189;-0.1138527;2.648274;
KneeRight;-0.4202275;-0.602085;2.632461;
KneeLeft;-0.2221249;-0.6278501;2.790843;
AnkleRight;-0.2291405;-1.020999;2.660111;
AnkleLeft;-0.2718246;-1.017745;2.681046;
FootRight;-0.3386382;-1.082024;2.675818;
FootLeft;-0.3507554;-1.078892;2.758451;
Head;-0.4325288;0.6861796;2.715954;
ShoulderCenter;-0.3395652;0.4367553;2.690245;
ShoulderRight;-0.2382449;0.3798191;2.592088;
ShoulderLeft;-0.4036419;0.2244923;2.900972;
ElbowRight;-0.1732105;0.07865459;2.475946;
ElbowLeft;-0.5255179;0.04520103;2.771948;
WristRight;-0.1608721;-0.1613158;2.408227;
WristLeft;-0.6550286;-0.1250682;2.965571;
HandRight;-0.1459324;-0.2364593;2.407191;
HandLeft;-0.7257667;-0.1802956;2.977626;
Spine;-0.3252511;0.02561755;2.642776;
HipCenter;-0.3239541;-0.05722851;2.636963;
HipRight;-0.287055;-0.08242317;2.603032;
HipLeft;-0.3574187;-0.1373656;2.655962;
KneeRight;-0.4885358;-0.5929973;2.633686;
KneeLeft;-0.3300329;-0.6308775;2.731124;
AnkleRight;-0.3049984;-0.9438428;2.660718;
AnkleLeft;-0.380979;-1.097846;2.642514;
FootRight;-0.3990841;-1.026214;2.679091;
FootLeft;-0.4679141;-1.147216;2.596862;
Head;-0.4756724;0.7009178;2.700675;
ShoulderCenter;-0.3740207;0.5243798;2.703813;
ShoulderRight;-0.2626706;0.3726641;2.591645;
ShoulderLeft;-0.4380974;0.3121168;2.91454;
ElbowRight;-0.1768452;0.07494107;2.476443;
ElbowLeft;-0.5825465;0.02449799;2.926654;
WristRight;-0.1516806;-0.163806;2.40813;
WristLeft;-0.745208;-0.1419855;2.969534;
HandRight;-0.1338854;-0.2342788;2.40978;
HandLeft;-0.8349709;-0.1796525;2.983648;
Spine;-0.3494107;0.05617112;2.635592;
HipCenter;-0.3414989;-0.03955907;2.628006;
HipRight;-0.2955981;-0.06900741;2.601159;
HipLeft;-0.3901912;-0.08875835;2.635734;
KneeRight;-0.5278072;-0.5953065;2.641365;
KneeLeft;-0.365522;-0.6484871;2.724736;
AnkleRight;-0.2220218;-0.9486315;2.722866;
AnkleLeft;-0.4578136;-1.050053;2.678621;
FootRight;-0.2059095;-1.061475;2.737733;
FootLeft;-0.5560499;-1.065764;2.663949;
Head;-0.5138609;0.690345;2.710366;
ShoulderCenter;-0.3901967;0.5247614;2.704097;
ShoulderRight;-0.2983157;0.3695422;2.59252;
ShoulderLeft;-0.4542734;0.3124985;2.914824;
ElbowRight;-0.1821086;0.0759418;2.47782;
ElbowLeft;-0.633918;0.04681325;2.947417;
WristRight;-0.1450567;-0.1604447;2.409292;
WristLeft;-0.8145702;-0.105567;2.981992;
HandRight;-0.1199462;-0.2290663;2.414212;
HandLeft;-0.9025455;-0.1453002;2.961922;
Spine;-0.4086678;0.04400583;2.645265;
HipCenter;-0.4099102;-0.05220312;2.637269;
HipRight;-0.372963;-0.07438499;2.611999;
HipLeft;-0.4478895;-0.1099535;2.651141;
KneeRight;-0.5726162;-0.5643112;2.654626;
KneeLeft;-0.2379812;-0.633707;2.800024;
AnkleRight;-0.2631419;-0.9202826;2.715922;
AnkleLeft;-0.5598571;-0.9809448;2.687772;
FootRight;-0.3525336;-0.9680873;2.673421;
FootLeft;-0.6492488;-1.028749;2.645271;
Head;-0.5598729;0.6812609;2.72434;
ShoulderCenter;-0.4349388;0.5147663;2.695781;
ShoulderRight;-0.3249791;0.3653536;2.59142;
ShoulderLeft;-0.4990155;0.3025034;2.906508;
ElbowRight;-0.2000578;0.08137608;2.479858;
ElbowLeft;-0.6903521;0.05197832;2.970628;
WristRight;-0.1422408;-0.1572423;2.410579;
WristLeft;-0.8846491;-0.09377486;2.968182;
HandRight;-0.11419;-0.2242974;2.415907;
HandLeft;-0.9755625;-0.1242283;2.94516;
Spine;-0.4169112;0.04227253;2.646657;
HipCenter;-0.4161714;-0.05326559;2.639383;
HipRight;-0.3777286;-0.07858633;2.628959;
HipLeft;-0.4614414;-0.1095622;2.642694;
KneeRight;-0.5843463;-0.5585222;2.656929;
KneeLeft;-0.3065982;-0.5326619;2.798666;
AnkleRight;-0.2721448;-0.9124838;2.715528;
AnkleLeft;-0.6046153;-0.9054646;2.714688;
FootRight;-0.3578049;-0.9618911;2.667938;
FootLeft;-0.6902754;-0.954872;2.667098;
Head;-0.5775919;0.6858819;2.720241;
ShoulderCenter;-0.4649087;0.5130281;2.693838;
ShoulderRight;-0.3730705;0.3561389;2.590503;
ShoulderLeft;-0.5289854;0.3007652;2.904564;
ElbowRight;-0.2103343;0.08156246;2.482424;
ElbowLeft;-0.7203723;0.05054531;2.967431;
WristRight;-0.1435607;-0.1561294;2.411011;
WristLeft;-0.9221089;-0.08450422;2.95682;
HandRight;-0.1133335;-0.221985;2.418169;
HandLeft;-1.015038;-0.1140072;2.942728;
Spine;-0.4595776;0.0596687;2.639696;
HipCenter;-0.457614;-0.03069921;2.632615;
HipRight;-0.4119005;-0.05758629;2.601019;
HipLeft;-0.5001667;-0.08995395;2.651606;
KneeRight;-0.6321574;-0.5432538;2.657971;
KneeLeft;-0.37657;-0.5139648;2.820931;
AnkleRight;-0.3056108;-0.8852525;2.709561;
AnkleLeft;-0.6473821;-0.9078606;2.748053;
FootRight;-0.3939768;-0.9343172;2.665725;
FootLeft;-0.7594651;-0.9646046;2.731643;
Head;-0.6237671;0.6737338;2.703371;
ShoulderCenter;-0.5071529;0.5044942;2.690403;
ShoulderRight;-0.4024744;0.3566164;2.587974;
ShoulderLeft;-0.5712296;0.2922313;2.90113;
ElbowRight;-0.2395409;0.07719046;2.487777;
ElbowLeft;-0.7673988;0.04177567;2.96185;
WristRight;-0.1546391;-0.154534;2.41329;
WristLeft;-0.9834718;-0.07276364;2.950526;
HandRight;-0.1244061;-0.219918;2.423463;
HandLeft;-1.078255;-0.09438931;2.935153;
Spine;-0.5190328;0.1229236;2.659009;
HipCenter;-0.5207724;0.046738;2.656563;
HipRight;-0.493286;-0.04100853;2.544119;
HipLeft;-0.5536774;-0.1028219;2.74355;
KneeRight;-0.6519527;-0.5384432;2.656731;
KneeLeft;-0.2749158;-0.6150013;2.81499;
AnkleRight;-0.3200105;-0.875461;2.707586;
AnkleLeft;-0.6459067;-0.9167097;2.74342;
FootRight;-0.4076777;-0.9238464;2.660979;
FootLeft;-0.7335739;-0.9650952;2.696814;
Head;-0.6503471;0.6786036;2.704764;
ShoulderCenter;-0.5390143;0.5038562;2.686411;
ShoulderRight;-0.4395127;0.3499856;2.582074;
ShoulderLeft;-0.6030909;0.2915932;2.897138;
ElbowRight;-0.2803189;0.07512152;2.494056;
ElbowLeft;-0.7957603;0.03415844;2.95237;
WristRight;-0.1856721;-0.1506737;2.412897;
WristLeft;-1.035681;-0.1038069;2.968245;
HandRight;-0.1594396;-0.2179497;2.423305;
HandLeft;-1.115655;-0.1497953;2.978698;
Spine;-0.5419298;0.03208823;2.642015;
HipCenter;-0.5409362;-0.06223378;2.637124;
HipRight;-0.5008574;-0.08361398;2.60569;
HipLeft;-0.5801036;-0.1273667;2.658812;
KneeRight;-0.6946723;-0.5461282;2.660006;
KneeLeft;-0.28312;-0.6209356;2.812325;
AnkleRight;-0.3460585;-0.8669116;2.707218;
AnkleLeft;-0.6549957;-0.922376;2.745883;
FootRight;-0.4343082;-0.9161206;2.661535;
FootLeft;-0.7432455;-0.9715849;2.7002;
Head;-0.6871382;0.6722457;2.683719;
ShoulderCenter;-0.5757651;0.500021;2.680821;
ShoulderRight;-0.4720008;0.3446183;2.575763;
ShoulderLeft;-0.6398418;0.287758;2.891548;
ElbowRight;-0.347211;0.08506653;2.494864;
ElbowLeft;-0.8168372;0.02174333;2.957511;
WristRight;-0.2254552;-0.1610154;2.417377;
WristLeft;-1.030047;-0.1014245;2.956897;
HandRight;-0.180804;-0.2184254;2.421835;
HandLeft;-1.121533;-0.1361763;2.968789;
Spine;-0.5615334;0.03107801;2.634836;
HipCenter;-0.5597415;-0.0628842;2.629316;
HipRight;-0.5148863;-0.08862054;2.608175;
HipLeft;-0.6102785;-0.1140124;2.63186;
KneeRight;-0.731257;-0.5548869;2.653799;
KneeLeft;-0.4635845;-0.5368382;2.798471;
AnkleRight;-0.3759621;-0.8651419;2.710544;
AnkleLeft;-0.7372816;-0.9299852;2.743168;
FootRight;-0.4633864;-0.9152166;2.663743;
FootLeft;-0.8247058;-0.9800599;2.696368;
Head;-0.733908;0.6584372;2.67945;
ShoulderCenter;-0.6038185;0.4991826;2.67864;
ShoulderRight;-0.5127189;0.3424001;2.57064;
ShoulderLeft;-0.6678952;0.2869196;2.889367;
ElbowRight;-0.3669075;0.06972469;2.492751;
ElbowLeft;-0.8635423;0.02975118;2.948;
WristRight;-0.2670175;-0.1666071;2.422685;
WristLeft;-1.041576;-0.1369011;2.976173;
HandRight;-0.2189126;-0.2215236;2.423696;
HandLeft;-1.131847;-0.1765621;2.982177;
Spine;-0.610711;0.03676008;2.626305;
HipCenter;-0.6102229;-0.05566864;2.619775;
HipRight;-0.5681466;-0.08425356;2.602862;
HipLeft;-0.6461594;-0.105496;2.627203;
KneeRight;-0.3946792;-0.6723296;2.794593;
KneeLeft;-0.4845172;-0.5439031;2.796037;
AnkleRight;-0.2023913;-1.021611;2.756293;
AnkleLeft;-0.7724633;-0.9294391;2.747095;
FootRight;-0.2538806;-1.100854;2.766613;
FootLeft;-0.8628695;-0.9787101;2.703422;
Head;-0.757643;0.6736436;2.676349;
ShoulderCenter;-0.6491884;0.4967038;2.669293;
ShoulderRight;-0.5566659;0.3398444;2.56621;
ShoulderLeft;-0.7132652;0.2844408;2.88002;
ElbowRight;-0.4184459;0.04709984;2.485824;
ElbowLeft;-0.8949313;0.01664123;2.935075;
WristRight;-0.33459;-0.1828711;2.426732;
WristLeft;-1.060784;-0.1577831;2.976774;
HandRight;-0.3148415;-0.2513455;2.439583;
HandLeft;-1.118482;-0.201434;2.979853;
Spine;-0.6233974;0.03396049;2.621443;
HipCenter;-0.6204801;-0.0585131;2.615318;
HipRight;-0.5780934;-0.08525464;2.600906;
HipLeft;-0.6600709;-0.1083782;2.618859;
KneeRight;-0.4237152;-0.6801353;2.79463;
KneeLeft;-0.7027636;-0.636852;2.728621;
AnkleRight;-0.2312188;-0.9786949;2.747557;
AnkleLeft;-0.8741338;-1.066289;2.748789;
FootRight;-0.2637931;-1.074511;2.779965;
FootLeft;-0.9629408;-1.117494;2.703824;
Head;-0.791464;0.6674003;2.675856;
ShoulderCenter;-0.6758978;0.4958326;2.662557;
ShoulderRight;-0.6003666;0.3370004;2.562772;
ShoulderLeft;-0.7399745;0.2835697;2.873284;
ElbowRight;-0.4715418;0.04139072;2.480228;
ElbowLeft;-0.9197948;0.01572219;2.928826;
WristRight;-0.4155751;-0.20355;2.424188;
WristLeft;-1.061234;-0.1765616;2.975933;
HandRight;-0.3790033;-0.2641106;2.436414;
HandLeft;-1.12062;-0.2166422;2.971312;
Spine;-0.6274725;0.03556754;2.617446;
HipCenter;-0.6218079;-0.05690752;2.612038;
HipRight;-0.5798025;-0.08146723;2.598151;
HipLeft;-0.6598732;-0.1063814;2.615009;
KneeRight;-0.4704279;-0.6906521;2.785774;
KneeLeft;-0.7324976;-0.6378579;2.733138;
AnkleRight;-0.2487283;-0.9668256;2.772283;
AnkleLeft;-0.8468971;-1.061367;2.75995;
FootRight;-0.3268228;-1.014697;2.799236;
FootLeft;-0.9659561;-1.106428;2.781917;
Head;-0.8160635;0.6879176;2.676778;
ShoulderCenter;-0.7222788;0.501837;2.654609;
ShoulderRight;-0.638993;0.3389519;2.558402;
ShoulderLeft;-0.7863555;0.2895741;2.865335;
ElbowRight;-0.5285009;0.0281277;2.481985;
ElbowLeft;-0.9666237;0.02285212;2.920255;
WristRight;-0.4855734;-0.2107707;2.420803;
WristLeft;-1.093778;-0.2130997;2.987107;
HandRight;-0.4547061;-0.2759078;2.428223;
HandLeft;-1.092691;-0.2693898;2.942509;
Spine;-0.6861547;0.03163327;2.593139;
HipCenter;-0.6786835;-0.06243938;2.584684;
HipRight;-0.6388735;-0.08246015;2.570822;
HipLeft;-0.7130834;-0.1105376;2.588258;
KneeRight;-0.5273871;-0.6815007;2.781651;
KneeLeft;-0.7955127;-0.6499122;2.726931;
AnkleRight;-0.2557662;-0.9068854;2.74967;
AnkleLeft;-0.8541675;-1.060534;2.762366;
FootRight;-0.3182729;-1.008043;2.799932;
FootLeft;-0.971271;-1.10837;2.788146;
Head;-0.8673441;0.6763767;2.684636;
ShoulderCenter;-0.7468327;0.50442;2.651337;
ShoulderRight;-0.6845088;0.3454491;2.550616;
ShoulderLeft;-0.8109095;0.2921571;2.862063;
ElbowRight;-0.6218356;0.06652287;2.474472;
ElbowLeft;-0.9903523;0.02538067;2.917086;
WristRight;-0.5845287;-0.1827298;2.426172;
WristLeft;-1.116618;-0.2107174;2.984088;
HandRight;-0.5650966;-0.2583889;2.422212;
HandLeft;-1.115529;-0.2671177;2.939403;
Spine;-0.7413535;0.03255433;2.596104;
HipCenter;-0.7382106;-0.06203415;2.589128;
HipRight;-0.7018935;-0.08173033;2.571538;
HipLeft;-0.7723079;-0.1091417;2.597728;
KneeRight;-0.7249695;-0.4827417;2.818851;
KneeLeft;-0.8010234;-0.6482003;2.733263;
AnkleRight;-0.4487425;-0.8742497;2.797251;
AnkleLeft;-0.858961;-1.058957;2.760359;
FootRight;-0.541715;-0.9247726;2.759451;
FootLeft;-0.9698339;-1.105978;2.807191;
Head;-0.9013537;0.6955904;2.681597;
ShoulderCenter;-0.8001316;0.5110353;2.650494;
ShoulderRight;-0.6963813;0.3497115;2.548983;
ShoulderLeft;-0.8642083;0.2987724;2.861221;
ElbowRight;-0.6822655;0.06130643;2.462043;
ElbowLeft;-1.043659;0.03234386;2.916117;
WristRight;-0.6810037;-0.1829437;2.42015;
WristLeft;-1.170399;-0.2040609;2.9832;
HandRight;-0.6584238;-0.2769509;2.409956;
HandLeft;-1.169312;-0.2603761;2.938583;
Spine;-0.819077;0.05236342;2.604752;
HipCenter;-0.822866;-0.03937096;2.5994;
HipRight;-0.7857725;-0.06996766;2.584844;
HipLeft;-0.8630472;-0.08352692;2.604907;
KneeRight;-0.77356;-0.4991847;2.783083;
KneeLeft;-0.818094;-0.6476743;2.742914;
AnkleRight;-0.4855652;-0.8810946;2.798245;
AnkleLeft;-0.8624496;-1.058136;2.757237;
FootRight;-0.4811025;-1.001993;2.84404;
FootLeft;-0.9725701;-1.10594;2.805424;
Head;-0.9478663;0.6898239;2.681825;
ShoulderCenter;-0.8296643;0.5147288;2.649199;
ShoulderRight;-0.7535187;0.3546691;2.551513;
ShoulderLeft;-0.8937411;0.3024658;2.859926;
ElbowRight;-0.737545;0.06567017;2.453068;
ElbowLeft;-1.074102;0.03468576;2.915285;
WristRight;-0.7786683;-0.2054316;2.429241;
WristLeft;-1.199932;-0.2003674;2.981951;
HandRight;-0.781916;-0.2766439;2.440588;
HandLeft;-1.198842;-0.256808;2.937234;
Spine;-0.8405747;0.0546639;2.611256;
HipCenter;-0.8432347;-0.03728293;2.607317;
HipRight;-0.8061978;-0.06885788;2.599828;
HipLeft;-0.8841168;-0.07756277;2.608337;
KneeRight;-0.7775801;-0.5023527;2.787914;
KneeLeft;-0.8320341;-0.6570315;2.753923;
AnkleRight;-0.5332683;-0.9139079;2.806867;
AnkleLeft;-0.8471985;-1.046612;2.756195;
FootRight;-0.5544242;-1.03606;2.844345;
FootLeft;-0.9436377;-1.093114;2.829067;
Head;-0.9695531;0.6965269;2.678435;
ShoulderCenter;-0.8659489;0.5120206;2.648946;
ShoulderRight;-0.7728994;0.3555873;2.551772;
ShoulderLeft;-0.9300255;0.2997577;2.859673;
ElbowRight;-0.8018954;0.06597565;2.460079;
ElbowLeft;-1.110181;0.03228247;2.914937;
WristRight;-0.9017151;-0.2228236;2.442318;
WristLeft;-1.236216;-0.2030756;2.981701;
HandRight;-0.9500273;-0.2760693;2.436345;
HandLeft;-1.235124;-0.2596171;2.936905;
Spine;-0.8731346;0.05114563;2.61925;
HipCenter;-0.8746131;-0.04100042;2.616977;
HipRight;-0.8363175;-0.0706752;2.609626;
HipLeft;-0.9131647;-0.08358977;2.617809;
KneeRight;-0.7968449;-0.5067403;2.789043;
KneeLeft;-0.9428985;-0.6256436;2.791042;
AnkleRight;-0.6217985;-0.903755;2.80721;
AnkleLeft;-0.8441423;-1.050038;2.756465;
FootRight;-0.6639458;-1.015779;2.856949;
FootLeft;-0.9585755;-1.099939;2.79132;
Head;-1.017969;0.6875527;2.656927;
ShoulderCenter;-0.8920591;0.5202447;2.649644;
ShoulderRight;-0.8163431;0.3583115;2.549063;
ShoulderLeft;-0.9561358;0.3079817;2.860371;
ElbowRight;-0.8640713;0.06798927;2.461612;
ElbowLeft;-1.137251;0.03908178;2.916111;
WristRight;-0.9894239;-0.1969217;2.435319;
WristLeft;-1.262327;-0.1948515;2.982429;
HandRight;-1.055798;-0.2667462;2.4479;
HandLeft;-1.26124;-0.2511311;2.93784;
Spine;-0.8904683;0.05769036;2.622774;
HipCenter;-0.8904438;-0.03476976;2.62101;
HipRight;-0.8535118;-0.06510846;2.617277;
HipLeft;-0.9287768;-0.07433486;2.619478;
KneeRight;-0.8920166;-0.6725071;2.704782;
KneeLeft;-1.084007;-0.5698316;2.799698;
AnkleRight;-0.7055306;-1.078768;2.727322;
AnkleLeft;-0.8520055;-0.9896041;2.834068;
FootRight;-0.832414;-1.098081;2.74668;
FootLeft;-0.9526916;-1.070931;2.843834;
Head;-1.057908;0.7037978;2.666375;
ShoulderCenter;-0.9399271;0.5278234;2.648004;
ShoulderRight;-0.8484293;0.3616432;2.551708;
ShoulderLeft;-1.004004;0.3155605;2.858731;
ElbowRight;-0.9319155;0.07338998;2.459566;
ElbowLeft;-1.186111;0.04518801;2.914899;
WristRight;-1.096841;-0.1909685;2.447026;
WristLeft;-1.310194;-0.1872727;2.980722;
HandRight;-1.151123;-0.2377911;2.453796;
HandLeft;-1.309105;-0.2437048;2.936013;
Spine;-0.8964443;0.05757352;2.615495;
HipCenter;-0.8931331;-0.03556992;2.612841;
HipRight;-0.8563135;-0.0623081;2.605103;
HipLeft;-0.9289952;-0.07788728;2.612489;
KneeRight;-0.8940485;-0.6730321;2.70467;
KneeLeft;-1.115581;-0.5859622;2.813532;
AnkleRight;-0.8533812;-1.042315;2.764504;
AnkleLeft;-0.788147;-0.9316651;2.831475;
FootRight;-0.9578485;-1.116808;2.765518;
FootLeft;-0.8896765;-1.007775;2.859791;
Head;-1.077719;0.6999941;2.663535;
ShoulderCenter;-0.9550158;0.5273077;2.649295;
ShoulderRight;-0.877592;0.3678879;2.552901;
ShoulderLeft;-1.019093;0.3150447;2.860022;
ElbowRight;-1.003585;0.08389489;2.455163;
ElbowLeft;-1.201012;0.0449506;2.916055;
WristRight;-1.175864;-0.1599355;2.448312;
WristLeft;-1.325283;-0.1877885;2.981945;
HandRight;-1.238813;-0.2099411;2.444901;
HandLeft;-1.324191;-0.2443293;2.93715;
Spine;-0.9500443;0.1247294;2.634948;
HipCenter;-0.9465843;0.04429807;2.635686;
HipRight;-0.9123161;-0.02135991;2.56068;
HipLeft;-0.9735022;-0.06090844;2.700029;
KneeRight;-0.9066458;-0.6534091;2.70148;
KneeLeft;-1.1545;-0.5983953;2.821243;
AnkleRight;-0.8640692;-1.048607;2.760476;
AnkleLeft;-1.023442;-1.017192;2.841221;
FootRight;-0.9598215;-1.115251;2.767076;
FootLeft;-1.038916;-1.110993;2.853807;
Head;-1.119058;0.7033845;2.661058;
ShoulderCenter;-1.004949;0.5241441;2.645826;
ShoulderRight;-0.9222993;0.3644556;2.549839;
ShoulderLeft;-1.069026;0.3118811;2.856553;
ElbowRight;-1.068352;0.08880863;2.461061;
ElbowLeft;-1.25073;0.04210666;2.91244;
WristRight;-1.223943;-0.1052828;2.445251;
WristLeft;-1.375217;-0.1909521;2.97841;
HandRight;-1.27975;-0.1850231;2.445313;
HandLeft;-1.374128;-0.2473321;2.933742;
Spine;-0.9903483;0.09482837;2.63499;
HipCenter;-0.9874281;0.008965235;2.636628;
HipRight;-0.9565681;-0.02466398;2.604656;
HipLeft;-1.015242;-0.0469882;2.664294;
KneeRight;-0.9210395;-0.6649889;2.708246;
KneeLeft;-1.199009;-0.6385068;2.833029;
AnkleRight;-0.8915021;-1.04924;2.767479;
AnkleLeft;-1.099355;-1.058799;2.847892;
FootRight;-0.9608735;-1.114464;2.766235;
FootLeft;-1.151241;-1.130662;2.8827;
Head;-1.149295;0.701216;2.649717;
ShoulderCenter;-1.031085;0.5256023;2.642173;
ShoulderRight;-0.9541351;0.368335;2.546852;
ShoulderLeft;-1.095162;0.3133393;2.8529;
ElbowRight;-1.091563;0.1256215;2.46303;
ElbowLeft;-0.8354189;0.111479;2.860094;
WristRight;-1.272151;-0.044581;2.426919;
WristLeft;-0.9356814;-0.1027123;2.922441;
HandRight;-1.264714;-0.08285079;2.438972;
HandLeft;-0.9345909;-0.1591813;2.877702;
Spine;-1.019422;0.09456328;2.634055;
HipCenter;-1.017159;0.008334245;2.636271;
HipRight;-0.9840657;-0.02668608;2.600403;
HipLeft;-1.048693;-0.0508244;2.668705;
KneeRight;-0.9524732;-0.6661735;2.70684;
KneeLeft;-1.233243;-0.6522677;2.832873;
AnkleRight;-0.8809837;-1.049996;2.762631;
AnkleLeft;-1.181688;-1.060771;2.82841;
FootRight;-0.9554338;-1.11197;2.761534;
FootLeft;-1.119462;-1.132067;2.829609;
Head;-1.180156;0.7088151;2.648256;
ShoulderCenter;-1.077027;0.5231493;2.638992;
ShoulderRight;-0.9842477;0.3655443;2.549373;
ShoulderLeft;-1.141104;0.3108864;2.849719;
ElbowRight;-1.132695;0.1304165;2.467324;
ElbowLeft;-0.8616753;0.1261593;2.859281;
WristRight;-1.319917;-0.03123644;2.420187;
WristLeft;-0.9494978;-0.09351282;2.922508;
HandRight;-1.382324;-0.08512077;2.409668;
HandLeft;-0.9484062;-0.1500486;2.877716;
Spine;-1.047687;0.09235586;2.633992;
HipCenter;-1.042322;0.006212316;2.636649;
HipRight;-1.004968;-0.02794477;2.601261;
HipLeft;-1.073761;-0.05343574;2.66869;
KneeRight;-0.9537098;-0.6653955;2.705899;
KneeLeft;-1.278009;-0.6515701;2.830076;
AnkleRight;-0.8787353;-1.053471;2.759809;
AnkleLeft;-1.314489;-1.052539;2.803266;
FootRight;-0.9578476;-1.113;2.763497;
FootLeft;-1.430294;-1.096269;2.836355;
Head;-1.196781;0.7068199;2.633468;
ShoulderCenter;-1.101977;0.5202404;2.641049;
ShoulderRight;-1.029691;0.3620117;2.550635;
ShoulderLeft;-1.166054;0.3079774;2.851775;
ElbowRight;-1.162699;0.1506467;2.46455;
ElbowLeft;-0.8976086;0.1359481;2.88726;
WristRight;-1.377438;0.01497301;2.404116;
WristLeft;-0.9979997;-0.07851808;2.94971;
HandRight;-1.44252;-0.0199261;2.391875;
HandLeft;-0.9969116;-0.1348643;2.905068;
Spine;-1.092234;0.09901918;2.634436;
HipCenter;-1.090772;0.01537693;2.63678;
HipRight;-1.054978;-0.01613607;2.596694;
HipLeft;-1.122914;-0.05000991;2.672858;
KneeRight;-0.9741831;-0.6414407;2.698247;
KneeLeft;-1.29991;-0.6604673;2.828429;
AnkleRight;-0.8767639;-1.051206;2.758119;
AnkleLeft;-1.405965;-1.043836;2.797071;
FootRight;-0.9674079;-1.111597;2.770977;
FootLeft;-1.495185;-1.095045;2.75587;
Head;-1.244783;0.6940947;2.621725;
ShoulderCenter;-1.142877;0.5146818;2.640738;
ShoulderRight;-1.057114;0.3571607;2.548637;
ShoulderLeft;-1.206954;0.3024189;2.851465;
ElbowRight;-1.186684;0.1510304;2.463852;
ElbowLeft;-0.9315472;0.1141376;2.871789;
WristRight;-1.428698;0.07441077;2.408259;
WristLeft;-0.9955665;-0.1130683;2.936829;
HandRight;-1.501747;0.0609962;2.398107;
HandLeft;-0.9944774;-0.1694655;2.892148;
Spine;-1.123966;0.08029704;2.635331;
HipCenter;-1.120926;-0.006718868;2.638042;
HipRight;-1.082656;-0.02935979;2.608036;
HipLeft;-1.152289;-0.06373456;2.664836;
KneeRight;-0.9770856;-0.6422655;2.697659;
KneeLeft;-1.338125;-0.6569203;2.814841;
AnkleRight;-0.8764535;-1.049431;2.755885;
AnkleLeft;-1.443209;-0.9969057;2.791532;
FootRight;-0.9654866;-1.110461;2.767785;
FootLeft;-1.53039;-1.048698;2.74723;
Head;-1.283725;0.6783963;2.612253;
ShoulderCenter;-1.175903;0.5062565;2.641061;
ShoulderRight;-1.095355;0.3512673;2.551439;
ShoulderLeft;-1.23998;0.2939936;2.851788;
ElbowRight;-1.225318;0.1473234;2.460848;
ElbowLeft;-0.9677405;0.1353489;2.866673;
WristRight;-1.365599;-0.07281348;2.380473;
WristLeft;-1.068073;-0.0789917;2.929091;
HandRight;-1.404715;-0.1341957;2.362401;
HandLeft;-1.066984;-0.1353921;2.884406;
Spine;-1.148314;0.08999683;2.638454;
HipCenter;-1.144033;0.006644397;2.641781;
HipRight;-1.108954;-0.03589788;2.581199;
HipLeft;-1.183141;-0.08362402;2.705054;
KneeRight;-1.000727;-0.6424772;2.694763;
KneeLeft;-1.354374;-0.655608;2.809131;
AnkleRight;-0.8759967;-1.04989;2.755372;
AnkleLeft;-1.454178;-0.9958932;2.781023;
FootRight;-0.9698485;-1.112256;2.768643;
FootLeft;-1.438837;-0.9034278;2.781452;
Head;-1.340111;0.6600202;2.617038;
ShoulderCenter;-1.21266;0.4961345;2.632596;
ShoulderRight;-1.123743;0.3491708;2.554787;
ShoulderLeft;-1.276736;0.2838715;2.843323;
ElbowRight;-1.241847;0.1399053;2.458633;
ElbowLeft;-1.003612;0.1108539;2.907883;
WristRight;-1.445599;0.001065999;2.407641;
WristLeft;-1.079215;-0.1113467;2.975746;
HandRight;-1.513517;-0.04521376;2.395828;
HandLeft;-1.078126;-0.1677389;2.931068;
Spine;-1.182325;0.0661896;2.630946;
HipCenter;-1.176025;-0.01969159;2.634497;
HipRight;-1.137466;-0.04073565;2.610032;
HipLeft;-1.211601;-0.07966091;2.652631;
KneeRight;-1.029606;-0.6437432;2.693632;
KneeLeft;-1.386201;-0.6424308;2.80283;
AnkleRight;-0.8899018;-1.020072;2.745944;
AnkleLeft;-1.441896;-0.9909465;2.785218;
FootRight;-0.9753905;-1.110297;2.770403;
FootLeft;-1.451804;-0.8979071;2.78172;
Head;-1.339895;0.6724724;2.606529;
ShoulderCenter;-1.238866;0.4943746;2.632411;
ShoulderRight;-1.1674;0.3452206;2.552618;
ShoulderLeft;-1.302943;0.2821116;2.843138;
ElbowRight;-1.26831;0.1269061;2.457876;
ElbowLeft;-1.040282;0.08531094;2.888137;
WristRight;-1.319677;-0.1562152;2.511232;
WristLeft;-1.11001;-0.139129;2.954625;
HandRight;-1.336799;-0.250589;2.534203;
HandLeft;-1.108919;-0.1956182;2.909869;
Spine;-1.186938;0.08015441;2.635527;
HipCenter;-1.177946;3.338046E-05;2.640867;
HipRight;-1.135781;-0.04031403;2.581121;
HipLeft;-1.199356;-0.0998569;2.715488;
KneeRight;-1.084691;-0.6343321;2.691219;
KneeLeft;-1.388599;-0.5429141;2.779712;
AnkleRight;-0.9128557;-0.9761622;2.727789;
AnkleLeft;-1.573292;-0.975319;2.827038;
FootRight;-0.9652495;-1.086353;2.762569;
FootLeft;-1.667199;-1.051476;2.788586;
Head;-1.329964;0.6831651;2.607903;
ShoulderCenter;-1.270461;0.4865208;2.633182;
ShoulderRight;-1.189308;0.3437951;2.553605;
ShoulderLeft;-1.334538;0.2742578;2.843909;
ElbowRight;-1.289018;0.1254038;2.458065;
ElbowLeft;-1.073896;0.07519402;2.888726;
WristRight;-1.318919;-0.1478406;2.5014;
WristLeft;-1.142097;-0.1494848;2.955218;
HandRight;-1.328887;-0.2389221;2.521029;
HandLeft;-1.141005;-0.2060675;2.910389;
Spine;-1.204782;0.06560983;2.639099;
HipCenter;-1.193362;-0.01830629;2.644468;
HipRight;-1.155545;-0.04159478;2.609735;
HipLeft;-1.22698;-0.09585179;2.677283;
KneeRight;-1.113934;-0.6369667;2.688084;
KneeLeft;-1.397414;-0.5386699;2.774658;
AnkleRight;-0.909435;-1.023759;2.740806;
AnkleLeft;-1.442849;-0.8840733;2.793279;
FootRight;-0.977539;-1.111948;2.764966;
FootLeft;-1.526048;-0.9402488;2.747975;
Head;-1.331495;0.684559;2.603035;
ShoulderCenter;-1.281791;0.4919911;2.645784;
ShoulderRight;-1.209724;0.3414402;2.557237;
ShoulderLeft;-1.345868;0.2797282;2.856511;
ElbowRight;-1.299962;0.1101992;2.525536;
ElbowLeft;-1.132965;0.1293404;2.864265;
WristRight;-1.319067;-0.146065;2.499477;
WristLeft;-1.232915;-0.08418329;2.926397;
HandRight;-1.325435;-0.2314864;2.495974;
HandLeft;-1.231821;-0.1408251;2.881521;
Spine;-1.222455;0.06185751;2.66148;
HipCenter;-1.21085;-0.02456664;2.668464;
HipRight;-1.170512;-0.04310795;2.629278;
HipLeft;-1.238928;-0.09863882;2.706409;
KneeRight;-1.169666;-0.6373861;2.68884;
KneeLeft;-1.405243;-0.555155;2.725951;
AnkleRight;-0.919506;-1.028967;2.742978;
AnkleLeft;-1.567675;-1.00101;2.7297;
FootRight;-0.9846203;-1.107677;2.752692;
FootLeft;-1.659692;-1.078601;2.690054;
Head;-1.371236;0.6951303;2.646088;
ShoulderCenter;-1.30461;0.4945881;2.65449;
ShoulderRight;-1.241721;0.3509002;2.565867;
ShoulderLeft;-1.368687;0.2823251;2.865217;
ElbowRight;-1.298773;0.06703892;2.552752;
ElbowLeft;-1.151607;0.0661733;2.901294;
WristRight;-1.327291;-0.1767504;2.499583;
WristLeft;-1.251593;-0.1474285;2.963454;
HandRight;-1.336797;-0.2580135;2.487043;
HandLeft;-1.250498;-0.2041551;2.918511;
Spine;-1.242946;0.04265454;2.700247;
HipCenter;-1.229206;-0.04846119;2.71348;
HipRight;-1.190014;-0.05571347;2.701133;
HipLeft;-1.251193;-0.1047376;2.722089;
KneeRight;-1.225332;-0.6416867;2.678172;
KneeLeft;-1.325368;-0.5812863;2.644184;
AnkleRight;-0.9602297;-1.02189;2.746461;
AnkleLeft;-1.398055;-1.048268;2.552557;
FootRight;-1.034965;-1.100748;2.754053;
FootLeft;-1.486252;-1.128691;2.509622;
Head;-1.423544;0.6880649;2.66319;
ShoulderCenter;-1.327007;0.5004783;2.673568;
ShoulderRight;-1.260117;0.3338076;2.609172;
ShoulderLeft;-1.391083;0.2882153;2.884295;
ElbowRight;-1.30285;0.06623343;2.556384;
ElbowLeft;-1.163959;0.05255044;2.920673;
WristRight;-1.3342;-0.1783788;2.511021;
WristLeft;-1.263983;-0.1611299;2.982867;
HandRight;-1.34465;-0.2599162;2.501082;
HandLeft;-1.262887;-0.2178735;2.93791;
Spine;-1.269643;0.0579729;2.732293;
HipCenter;-1.258773;-0.02977982;2.749016;
HipRight;-1.204152;-0.06289348;2.701387;
HipLeft;-1.286857;-0.1024393;2.807899;
KneeRight;-1.250005;-0.6526331;2.733628;
KneeLeft;-1.362162;-0.5424844;2.600992;
AnkleRight;-1.019495;-0.9833093;2.732542;
AnkleLeft;-1.435893;-0.9733268;2.383118;
FootRight;-1.052948;-1.09401;2.757635;
FootLeft;-1.521586;-1.051406;2.331679;
Head;-1.401673;0.6708972;2.645778;
ShoulderCenter;-1.345811;0.4878667;2.704812;
ShoulderRight;-1.277647;0.3373482;2.657799;
ShoulderLeft;-1.314448;0.1888192;2.583246;
ElbowRight;-1.320289;0.09654367;2.560914;
ElbowLeft;-1.336288;-0.05694272;2.577229;
WristRight;-1.341722;-0.1497028;2.564837;
WristLeft;-1.458628;-0.2517231;2.65426;
HandRight;-1.348867;-0.2317849;2.571324;
HandLeft;-1.457533;-0.3084232;2.609338;
Spine;-1.288691;0.01804779;2.841181;
HipCenter;-1.276748;-0.07556779;2.87139;
HipRight;-1.256873;-0.07745253;2.922247;
HipLeft;-1.285784;-0.1586354;2.842724;
KneeRight;-1.239963;-0.7062463;2.715757;
KneeLeft;-1.531854;-0.6669776;2.738923;
AnkleRight;-0.997212;-0.9499913;2.750023;
AnkleLeft;-1.709134;-1.03321;2.644832;
FootRight;-1.071435;-1.051187;2.733869;
FootLeft;-1.619665;-1.081149;2.602364;
Head;-1.356704;0.4752782;2.681227;
ShoulderCenter;-1.308524;0.291866;2.742543;
ShoulderRight;-1.237764;0.1430885;2.691214;
ShoulderLeft;-1.322121;0.1796772;2.593312;
ElbowRight;-1.369335;-0.05219921;2.585519;
ElbowLeft;-1.345963;-0.0655739;2.582589;
WristRight;-1.373225;-0.2911454;2.63321;
WristLeft;-1.470116;-0.2565493;2.663091;
HandRight;-1.374521;-0.3707942;2.654281;
HandLeft;-1.469024;-0.3131257;2.618267;
Spine;-1.318141;-0.1000373;2.809601;
HipCenter;-1.320064;-0.178418;2.826807;
HipRight;-1.286918;-0.1946249;2.801991;
HipLeft;-1.354523;-0.2156918;2.859442;
KneeRight;-1.300418;-0.7599133;2.673094;
KneeLeft;-1.605815;-0.7256107;2.807713;
AnkleRight;-1.082804;-1.02737;2.698464;
AnkleLeft;-1.787101;-1.093472;2.751123;
FootRight;-1.160568;-1.078574;2.691583;
FootLeft;-1.715926;-1.146697;2.686583;
Head;-1.300763;-0.3531775;2.756755;
ShoulderCenter;-1.28153;-0.6453715;2.741955;
ShoulderRight;-1.210771;-0.7941489;2.690626;
ShoulderLeft;-1.301164;-0.7647523;2.600703;
ElbowRight;-1.265923;-0.4661587;2.637368;
ElbowLeft;-1.331952;-0.4343021;2.601896;
WristRight;-1.38418;-0.1547641;2.608067;
WristLeft;-1.44092;-0.2338391;2.679472;
HandRight;-1.371668;-0.06751105;2.566493;
HandLeft;-1.477242;-0.1670181;2.71049;
Spine;-1.319011;-0.3615841;2.79642;
HipCenter;-1.326507;-0.3048266;2.811097;
HipRight;-1.310577;-0.1927701;2.881953;
HipLeft;-1.363566;-0.2568962;2.765452;
KneeRight;-1.338768;-0.7954859;2.677856;
KneeLeft;-1.683803;-0.6764666;2.959876;
AnkleRight;-1.10366;-1.050918;2.679478;
AnkleLeft;-1.91504;-0.97943;3.081057;
FootRight;-1.196404;-1.060059;2.67634;
FootLeft;-1.982639;-1.038747;3.143878;
Head;-1.390373;0.3504731;2.725665;
ShoulderCenter;-1.371163;0.05876714;2.711032;
ShoulderRight;-1.300403;-0.09001029;2.659703;
ShoulderLeft;-1.390797;-0.06061363;2.569781;
ElbowRight;-1.474783;0.06685621;2.702017;
ElbowLeft;-1.370364;0.03252746;2.765752;
WristRight;-1.413624;-0.2227466;2.669008;
WristLeft;-1.459735;-0.1862229;2.683631;
HandRight;-1.393238;-0.3192808;2.663148;
HandLeft;-1.458647;-0.2425583;2.638998;
Spine;-1.372172;-0.3288802;2.765048;
HipCenter;-1.372374;-0.4064097;2.779623;
HipRight;-1.345682;-0.4289624;2.815308;
HipLeft;-1.399369;-0.5003561;2.757251;
KneeRight;-1.394586;-0.802515;2.717166;
KneeLeft;-1.537259;-1.270675;2.76249;
AnkleRight;-1.323438;-0.9669337;2.650315;
AnkleLeft;-1.38856;-1.613131;2.55443;
FootRight;-1.325995;-1.064646;2.658643;
FootLeft;-1.316145;-1.67269;2.564174;
