Floor;-0.02809845;0.9996039;0.001617654;1.072008;
Head;1.147758;0.7073797;3.262534;
ShoulderCenter;1.211546;0.5108271;3.206245;
ShoulderRight;1.264951;0.3779237;3.056195;
ShoulderLeft;1.183374;0.4231662;3.281364;
ElbowRight;1.142735;0.2040087;2.988928;
ElbowLeft;1.073565;0.2659639;3.158144;
WristRight;0.9964917;0.04397258;2.958408;
WristLeft;0.9710618;0.09597638;3.058432;
HandRight;0.928979;0.008154534;2.954978;
HandLeft;0.9148749;0.09852561;3.052608;
Spine;1.190607;0.0521921;3.154443;
HipCenter;1.186419;-0.03953489;3.146581;
HipRight;1.202177;-0.1066083;3.085921;
HipLeft;1.165467;-0.08624917;3.192792;
KneeRight;1.280133;-0.532794;3.031753;
KneeLeft;1.077408;-0.5048293;3.264291;
AnkleRight;1.377908;-0.9656537;2.982909;
AnkleLeft;1.053471;-0.9956031;3.194105;
FootRight;1.348729;-1.028983;3.048611;
FootLeft;0.9858388;-1.046973;3.238442;
Head;1.089915;0.7039644;3.294128;
ShoulderCenter;1.169955;0.504845;3.221737;
ShoulderRight;1.242386;0.3755885;3.078466;
ShoulderLeft;1.141784;0.4171841;3.296856;
ElbowRight;1.089476;0.1833535;2.996145;
ElbowLeft;1.013019;0.2619571;3.11986;
WristRight;0.8945329;0.02560234;2.957715;
WristLeft;0.8729821;0.06977013;3.023151;
HandRight;0.8376929;-0.02359974;2.966472;
HandLeft;0.8186393;0.06910196;3.009889;
Spine;1.16838;0.06488427;3.167152;
HipCenter;1.16598;-0.02313284;3.159431;
HipRight;1.186389;-0.0907486;3.099109;
HipLeft;1.143573;-0.06966282;3.203766;
KneeRight;1.287554;-0.5915188;3.043473;
KneeLeft;1.008498;-0.6044127;3.303724;
AnkleRight;1.378247;-0.9657241;2.993523;
AnkleLeft;0.9516191;-0.9978415;3.248934;
FootRight;1.327086;-1.035749;3.007861;
FootLeft;0.8822307;-1.054072;3.285865;
Head;1.047564;0.6806502;3.312248;
ShoulderCenter;1.117054;0.5036026;3.238243;
ShoulderRight;1.195197;0.3669342;3.088619;
ShoulderLeft;1.087207;0.2785556;3.319703;
ElbowRight;1.02204;0.1771797;2.993857;
ElbowLeft;0.952702;0.173183;3.089202;
WristRight;0.8049855;0.02804138;2.945209;
WristLeft;0.7519892;0.02775471;2.979827;
HandRight;0.7257009;0.003698085;2.96093;
HandLeft;0.698675;0.002607225;3.000275;
Spine;1.119938;0.08986795;3.172198;
HipCenter;1.120515;0.007121015;3.162363;
HipRight;1.145028;-0.02766257;3.106598;
HipLeft;1.09886;-0.06747506;3.1988;
KneeRight;1.278537;-0.5908818;3.052621;
KneeLeft;0.9852637;-0.6314378;3.310893;
AnkleRight;1.385307;-0.9940822;3.007276;
AnkleLeft;0.8515161;-0.9880887;3.277568;
FootRight;1.322416;-1.044225;3.015979;
FootLeft;0.7735701;-1.03008;3.242635;
Head;1.013492;0.6817928;3.323692;
ShoulderCenter;1.088925;0.4954304;3.242882;
ShoulderRight;1.155803;0.3638014;3.093065;
ShoulderLeft;1.053607;0.366717;3.340525;
ElbowRight;1.031933;0.1996133;2.980538;
ElbowLeft;0.90818;0.2192455;3.094405;
WristRight;0.7772081;0.04193465;2.937269;
WristLeft;0.702467;0.02704354;2.973808;
HandRight;0.6797607;0.01892849;2.95851;
HandLeft;0.5702308;-0.03942676;2.968057;
Spine;1.071482;0.08565475;3.197141;
HipCenter;1.069698;0.004194733;3.191258;
HipRight;1.090311;-0.0553185;3.128107;
HipLeft;1.046509;-0.05383261;3.238374;
KneeRight;1.247726;-0.5879665;3.064326;
KneeLeft;0.9453993;-0.6350172;3.312703;
AnkleRight;1.384634;-0.9958916;3.008428;
AnkleLeft;0.7977733;-0.989853;3.292813;
FootRight;1.322625;-1.05354;3.022099;
FootLeft;0.7141327;-1.033862;3.257488;
Head;0.9686266;0.6884987;3.347805;
ShoulderCenter;1.026779;0.4892438;3.274683;
ShoulderRight;1.104683;0.360277;3.112528;
ShoulderLeft;0.999982;0.3630059;3.371393;
ElbowRight;1.007403;0.1934596;2.954777;
ElbowLeft;0.8744116;0.2104574;3.098362;
WristRight;0.718776;0.06829098;2.944017;
WristLeft;0.6347595;0.03307404;2.983563;
HandRight;0.6212505;0.03304793;2.962719;
HandLeft;0.5588627;0.01691661;2.990225;
Spine;1.027289;0.05474738;3.201429;
HipCenter;1.027391;-0.03215191;3.190289;
HipRight;1.052392;-0.06978368;3.15225;
HipLeft;1.003878;-0.06908915;3.213265;
KneeRight;1.215199;-0.5931922;3.077018;
KneeLeft;0.922749;-0.6442013;3.312184;
AnkleRight;1.383072;-0.9946153;3.009752;
AnkleLeft;0.7609972;-1.007309;3.299043;
FootRight;1.321258;-1.055697;3.030287;
FootLeft;0.6929113;-1.061487;3.319109;
Head;0.918872;0.6645215;3.348271;
ShoulderCenter;1.005613;0.483476;3.277235;
ShoulderRight;1.069177;0.3525709;3.124251;
ShoulderLeft;0.9788159;0.3572382;3.373945;
ElbowRight;0.8565584;0.1503701;2.986718;
ElbowLeft;0.843767;0.2053147;3.107404;
WristRight;0.5659698;0.03411897;2.976778;
WristLeft;0.5885439;0.05223401;2.995902;
HandRight;0.4691069;-0.004631415;2.978306;
HandLeft;0.5180864;0.01921887;3.003314;
Spine;0.9956313;0.05262553;3.204861;
HipCenter;0.9932596;-0.03335428;3.193964;
HipRight;1.011007;-0.07416157;3.152009;
HipLeft;0.9711931;-0.07251997;3.220395;
KneeRight;1.183589;-0.6121802;3.077444;
KneeLeft;0.882161;-0.6306973;3.314991;
AnkleRight;1.368104;-0.9853848;3.006937;
AnkleLeft;0.7544258;-0.9969715;3.298153;
FootRight;1.316524;-1.056394;3.046903;
FootLeft;0.6705136;-1.040401;3.267033;
Head;0.9627605;0.6938241;3.31825;
ShoulderCenter;0.9711123;0.4951961;3.282799;
ShoulderRight;1.030532;0.3535877;3.133639;
ShoulderLeft;0.9000693;0.3909402;3.332116;
ElbowRight;0.8344207;0.1429422;2.987249;
ElbowLeft;0.7349471;0.2097777;3.112056;
WristRight;0.57065;0.02275512;2.962679;
WristLeft;0.5233769;0.01785867;2.974673;
HandRight;0.4701185;-0.007511556;2.97423;
HandLeft;0.4508662;-0.01025418;2.981498;
Spine;0.9439824;0.054695;3.21086;
HipCenter;0.9397057;-0.03379565;3.199907;
HipRight;0.9685948;-0.08109979;3.164817;
HipLeft;0.9095269;-0.0647589;3.219721;
KneeRight;1.126621;-0.5704451;3.096871;
KneeLeft;0.8509929;-0.6344232;3.32367;
AnkleRight;1.357875;-0.9671317;3.017756;
AnkleLeft;0.7515134;-0.9937415;3.299128;
FootRight;1.31528;-1.051098;3.044693;
FootLeft;0.6805781;-1.034131;3.248866;
Head;0.9079748;0.68222;3.356307;
ShoulderCenter;0.9051554;0.4913752;3.282442;
ShoulderRight;0.9796135;0.3542693;3.143429;
ShoulderLeft;0.839859;0.3851672;3.330973;
ElbowRight;0.7908078;0.1478952;3.005118;
ElbowLeft;0.6801493;0.209943;3.118068;
WristRight;0.5263674;0.006524041;2.968509;
WristLeft;0.4960473;0.000150919;2.991983;
HandRight;0.4399784;-0.01932749;2.980778;
HandLeft;0.4235273;-0.004303297;3.005135;
Spine;0.8956614;0.03608185;3.216574;
HipCenter;0.8937626;-0.05497682;3.206883;
HipRight;0.9243614;-0.1024963;3.174645;
HipLeft;0.861472;-0.08859228;3.225784;
KneeRight;1.089028;-0.6156456;3.100155;
KneeLeft;0.829451;-0.6331973;3.324494;
AnkleRight;1.340169;-0.9738652;3.018146;
AnkleLeft;0.7478377;-0.993138;3.300611;
FootRight;1.302726;-1.050527;3.073453;
FootLeft;0.6994811;-1.0637;3.336587;
Head;0.7851149;0.6843374;3.355798;
ShoulderCenter;0.861882;0.5045288;3.286553;
ShoulderRight;0.9376079;0.3654332;3.149665;
ShoulderLeft;0.7965856;0.3983208;3.335084;
ElbowRight;0.7665657;0.1451887;3.01043;
ElbowLeft;0.8982051;0.1160534;3.311206;
WristRight;0.5141351;-0.01155916;2.974751;
WristLeft;0.6569989;0.05162172;3.130275;
HandRight;0.4237699;-0.04705904;2.988622;
HandLeft;0.432955;-0.04525261;2.983031;
Spine;0.8510351;0.03817997;3.221677;
HipCenter;0.8485363;-0.05507601;3.212278;
HipRight;0.8782572;-0.1089102;3.170861;
HipLeft;0.8139049;-0.09433479;3.239387;
KneeRight;1.028425;-0.6432157;3.110712;
KneeLeft;0.8030087;-0.6356614;3.329648;
AnkleRight;1.290826;-0.9605818;3.030913;
AnkleLeft;0.7435105;-0.9952321;3.306652;
FootRight;1.253164;-1.033271;3.043857;
FootLeft;0.7002652;-1.063274;3.287417;
Head;0.785468;0.7328919;3.383704;
ShoulderCenter;0.8312017;0.5217376;3.291708;
ShoulderRight;0.8870491;0.3801587;3.157115;
ShoulderLeft;0.7659054;0.4155295;3.340239;
ElbowRight;0.7317927;0.1456347;3.021012;
ElbowLeft;0.6411343;0.215235;3.19807;
WristRight;0.5127388;-0.06027806;2.992786;
WristLeft;0.4962283;-0.01181613;3.049048;
HandRight;0.4325607;-0.1188956;2.999984;
HandLeft;0.4503799;-0.09078214;3.010236;
Spine;0.8248795;0.06146748;3.218903;
HipCenter;0.8234078;-0.03043627;3.207931;
HipRight;0.842684;-0.04286611;3.187828;
HipLeft;0.7985255;-0.07920031;3.219882;
KneeRight;0.8829281;-0.6346523;3.179215;
KneeLeft;0.7901837;-0.638061;3.328422;
AnkleRight;1.224554;-0.9187312;3.045425;
AnkleLeft;0.7431546;-0.9962875;3.308724;
FootRight;1.207598;-1.010378;3.048207;
FootLeft;0.6999812;-1.065217;3.286649;
Head;0.7058091;0.6865834;3.374956;
ShoulderCenter;0.7783625;0.5139385;3.28314;
ShoulderRight;0.8595714;0.3771335;3.153843;
ShoulderLeft;0.7130661;0.4077305;3.331671;
ElbowRight;0.7182304;0.134136;3.016662;
ElbowLeft;0.6082109;0.1949367;3.191518;
WristRight;0.5192622;-0.09176069;2.998433;
WristLeft;0.4942249;-0.05211397;3.047663;
HandRight;0.4339211;-0.1452549;2.996659;
HandLeft;0.4345365;-0.1575197;2.993172;
Spine;0.8004885;0.03234457;3.190214;
HipCenter;0.8044054;-0.06458122;3.174676;
HipRight;0.8380241;-0.09137403;3.13847;
HipLeft;0.7744271;-0.1186551;3.193623;
KneeRight;0.8448388;-0.6013343;3.150845;
KneeLeft;0.745497;-0.6501338;3.315711;
AnkleRight;1.163843;-0.9203404;3.045807;
AnkleLeft;0.7422125;-0.9975423;3.309448;
FootRight;1.133105;-1.023924;3.084502;
FootLeft;0.6988842;-1.06697;3.350846;
Head;0.6737523;0.6974783;3.386259;
ShoulderCenter;0.760501;0.524381;3.285605;
ShoulderRight;0.8389091;0.376133;3.157845;
ShoulderLeft;0.6952047;0.418173;3.334136;
ElbowRight;0.709666;0.1283859;3.018539;
ElbowLeft;0.6062186;0.1959513;3.200373;
WristRight;0.5243111;-0.1076511;3.002316;
WristLeft;0.5286967;-0.06708863;3.063237;
HandRight;0.4717851;-0.2001764;2.995283;
HandLeft;0.4724869;-0.1403972;3.027887;
Spine;0.7425751;0.05682645;3.244208;
HipCenter;0.7409628;-0.0378379;3.239466;
HipRight;0.7720482;-0.07895634;3.197407;
HipLeft;0.7081031;-0.1008953;3.270116;
KneeRight;0.7761758;-0.5927806;3.146811;
KneeLeft;0.7001612;-0.6352849;3.242868;
AnkleRight;1.091755;-0.9031982;3.063832;
AnkleLeft;0.7372097;-0.9994664;3.310895;
FootRight;1.050818;-1.002765;3.044005;
FootLeft;0.7063668;-1.07364;3.288303;
Head;0.6055044;0.6911;3.341796;
ShoulderCenter;0.7060573;0.5262089;3.308781;
ShoulderRight;0.7864181;0.3816008;3.160388;
ShoulderLeft;0.6744446;0.4175735;3.35891;
ElbowRight;0.6963784;0.11895;3.018619;
ElbowLeft;0.7997743;0.1560882;3.403644;
WristRight;0.5503928;-0.1424111;2.999864;
WristLeft;0.650201;-0.02744249;3.205229;
HandRight;0.5035903;-0.2502942;3.009363;
HandLeft;0.5783432;-0.01931477;3.20722;
Spine;0.6873884;0.04437087;3.230165;
HipCenter;0.6836547;-0.05199673;3.21815;
HipRight;0.7156653;-0.09697684;3.184588;
HipLeft;0.6490129;-0.07492808;3.239287;
KneeRight;0.721452;-0.6170632;3.164794;
KneeLeft;0.6981082;-0.6690418;3.241907;
AnkleRight;1.018269;-0.9100758;3.078316;
AnkleLeft;0.7343875;-1.000008;3.31181;
FootRight;0.9651931;-1.007727;3.069351;
FootLeft;0.7055429;-1.073708;3.288815;
Head;0.5885196;0.691229;3.353208;
ShoulderCenter;0.6879137;0.5213931;3.306886;
ShoulderRight;0.7586559;0.3848574;3.163459;
ShoulderLeft;0.6498176;0.4118845;3.361015;
ElbowRight;0.6907399;0.1141495;3.021578;
ElbowLeft;0.7757292;0.1491852;3.406124;
WristRight;0.5704738;-0.1615392;3.005813;
WristLeft;0.6248101;-0.03550468;3.207715;
HandRight;0.5264603;-0.2594782;3.0112;
HandLeft;0.5541046;-0.02785936;3.20954;
Spine;0.6768696;0.04427122;3.237381;
HipCenter;0.6736934;-0.05129979;3.227428;
HipRight;0.700971;-0.09264465;3.198585;
HipLeft;0.6428713;-0.07481951;3.246614;
KneeRight;0.6564323;-0.6075884;3.175082;
KneeLeft;0.7596694;-0.5538211;3.320895;
AnkleRight;0.9334762;-0.9431381;3.115969;
AnkleLeft;0.7360637;-0.998386;3.312973;
FootRight;0.8861732;-1.011485;3.101179;
FootLeft;0.6765744;-1.059021;3.31803;
Head;0.5463254;0.6943869;3.335187;
ShoulderCenter;0.6426591;0.519766;3.296354;
ShoulderRight;0.7255622;0.385924;3.167283;
ShoulderLeft;0.6076543;0.4109947;3.352762;
ElbowRight;0.6873063;0.1055655;3.033269;
ElbowLeft;0.7338961;0.1476066;3.398107;
WristRight;0.6068262;-0.1692283;3.011582;
WristLeft;0.6759481;-0.0820159;3.196266;
HandRight;0.5856574;-0.2636497;3.011634;
HandLeft;0.6048423;-0.07452519;3.198074;
Spine;0.6294289;0.02443569;3.252643;
HipCenter;0.6271204;-0.07461823;3.247679;
HipRight;0.6510429;-0.08970945;3.220849;
HipLeft;0.6017564;-0.1213778;3.267909;
KneeRight;0.5929921;-0.6186308;3.179448;
KneeLeft;0.7231022;-0.5955274;3.327123;
AnkleRight;0.83193;-0.9733572;3.153582;
AnkleLeft;0.7297249;-0.9936807;3.281932;
FootRight;0.778419;-1.033057;3.11201;
FootLeft;0.7090271;-1.056204;3.235736;
Head;0.4982233;0.6796919;3.321681;
ShoulderCenter;0.6208179;0.5205795;3.298031;
ShoulderRight;0.6842933;0.379893;3.162699;
ShoulderLeft;0.5836102;0.4118412;3.354353;
ElbowRight;0.6811211;0.09697095;3.037112;
ElbowLeft;0.7101138;0.1479069;3.39992;
WristRight;0.6349803;-0.1207175;3.002702;
WristLeft;0.5587198;-0.1052392;3.45053;
HandRight;0.6327043;-0.2182414;3.006389;
HandLeft;0.5344044;-0.1731689;3.449805;
Spine;0.5981275;0.0274944;3.250941;
HipCenter;0.5931016;-0.07100102;3.245056;
HipRight;0.6119295;-0.09062803;3.204595;
HipLeft;0.5669678;-0.1233598;3.275754;
KneeRight;0.5134001;-0.6082085;3.17726;
KneeLeft;0.6966767;-0.6330423;3.342836;
AnkleRight;0.7258556;-0.9726746;3.168342;
AnkleLeft;0.7096424;-0.9751602;3.185013;
FootRight;0.6613057;-1.050426;3.147596;
FootLeft;0.6410666;-1.041883;3.244469;
Head;0.4710302;0.6856349;3.319911;
ShoulderCenter;0.5706422;0.5084679;3.290667;
ShoulderRight;0.6570432;0.3776481;3.161478;
ShoulderLeft;0.5339978;0.3996871;3.346821;
ElbowRight;0.6714228;0.0921158;3.043922;
ElbowLeft;0.4878249;0.1157352;3.409557;
WristRight;0.6579134;-0.1742961;3.004644;
WristLeft;0.4182186;-0.1589688;3.499248;
HandRight;0.6858269;-0.2585759;2.992435;
HandLeft;0.3527031;-0.3079962;3.545863;
Spine;0.5507173;0.01301315;3.241692;
HipCenter;0.5470769;-0.08596573;3.235648;
HipRight;0.5792827;-0.09980423;3.204908;
HipLeft;0.5186703;-0.1326455;3.258789;
KneeRight;0.4536614;-0.6033502;3.170509;
KneeLeft;0.6823791;-0.6374497;3.351977;
AnkleRight;0.6384937;-1.013167;3.205649;
AnkleLeft;0.7198561;-0.9939801;3.266624;
FootRight;0.5391136;-1.063304;3.183484;
FootLeft;0.6272575;-1.043837;3.3093;
Head;0.4393142;0.6961312;3.322464;
ShoulderCenter;0.5390149;0.5161339;3.2884;
ShoulderRight;0.6090198;0.3787188;3.168143;
ShoulderLeft;0.5023705;0.4073532;3.344554;
ElbowRight;0.6576924;0.09258512;3.051855;
ElbowLeft;0.4555095;0.1343774;3.437506;
WristRight;0.6730008;-0.1875141;3.000207;
WristLeft;0.3470812;-0.1281254;3.527663;
HandRight;0.711277;-0.2784753;3.001721;
HandLeft;0.304189;-0.1870678;3.530467;
Spine;0.5252227;0.01956546;3.237396;
HipCenter;0.5222368;-0.07964391;3.230916;
HipRight;0.5416829;-0.09594288;3.197734;
HipLeft;0.4976936;-0.1289822;3.254966;
KneeRight;0.3934929;-0.6084257;3.175659;
KneeLeft;0.6637947;-0.6354756;3.35931;
AnkleRight;0.5398418;-1.032522;3.196388;
AnkleLeft;0.7161078;-1.01363;3.29181;
FootRight;0.4311474;-1.065224;3.187685;
FootLeft;0.6682671;-1.07961;3.270886;
Head;0.4003403;0.6826442;3.322604;
ShoulderCenter;0.4916379;0.5016292;3.272805;
ShoulderRight;0.5782878;0.3679329;3.161431;
ShoulderLeft;0.4549935;0.3928485;3.328959;
ElbowRight;0.6538052;0.08662209;3.052737;
ElbowLeft;0.3915921;0.1438819;3.457445;
WristRight;0.6857011;-0.1983098;2.993753;
WristLeft;0.2687011;-0.1096158;3.550417;
HandRight;0.7289667;-0.2867705;3.000874;
HandLeft;0.2123722;-0.1505848;3.528645;
Spine;0.4892466;0.02536513;3.225391;
HipCenter;0.4881144;-0.07037549;3.219419;
HipRight;0.5060796;-0.1000059;3.166715;
HipLeft;0.4668939;-0.1340852;3.256708;
KneeRight;0.3459197;-0.5954701;3.192762;
KneeLeft;0.6571094;-0.7125354;3.363318;
AnkleRight;0.3687406;-1.021692;3.169905;
AnkleLeft;0.7229246;-1.044571;3.291153;
FootRight;0.2785633;-1.06756;3.223406;
FootLeft;0.6452309;-1.070403;3.26989;
Head;0.371534;0.6747392;3.32809;
ShoulderCenter;0.4707789;0.4962298;3.274834;
ShoulderRight;0.5411021;0.3608712;3.157651;
ShoulderLeft;0.4341344;0.387449;3.330988;
ElbowRight;0.6386425;0.08379245;3.05858;
ElbowLeft;0.3620244;0.147543;3.469634;
WristRight;0.692193;-0.1953375;2.995527;
WristLeft;0.1932884;-0.08874939;3.536913;
HandRight;0.7407557;-0.2727585;3.00237;
HandLeft;0.08185972;-0.1940374;3.552679;
Spine;0.4687997;0.03590163;3.24126;
HipCenter;0.4671063;-0.05487121;3.239819;
HipRight;0.4951837;-0.08974791;3.186064;
HipLeft;0.434578;-0.1058119;3.287003;
KneeRight;0.2944555;-0.5627041;3.21391;
KneeLeft;0.6504024;-0.7072726;3.362103;
AnkleRight;0.2450933;-1.009722;3.190938;
AnkleLeft;0.7200556;-1.038756;3.2962;
FootRight;0.1482814;-1.061451;3.223189;
FootLeft;0.6529146;-1.089791;3.290036;
Head;0.3356848;0.6966223;3.351685;
ShoulderCenter;0.4171204;0.5049632;3.274959;
ShoulderRight;0.5039315;0.3644699;3.157194;
ShoulderLeft;0.3578045;0.3166301;3.319249;
ElbowRight;0.6134897;0.09237286;3.068183;
ElbowLeft;0.292553;0.09809957;3.496056;
WristRight;0.6961128;-0.1925918;2.996114;
WristLeft;0.09123324;-0.1198217;3.562639;
HandRight;0.749495;-0.2550512;3.00409;
HandLeft;0.02968907;-0.1421029;3.53202;
Spine;0.4062907;0.06927602;3.265454;
HipCenter;0.4041248;-0.01786141;3.267266;
HipRight;0.431163;-0.06878816;3.216572;
HipLeft;0.3742144;-0.08248445;3.312903;
KneeRight;0.2936748;-0.5543858;3.216155;
KneeLeft;0.63012;-0.6721957;3.359086;
AnkleRight;0.1503949;-0.9921908;3.213589;
AnkleLeft;0.703901;-1.00315;3.292386;
FootRight;0.04754243;-1.038489;3.230793;
FootLeft;0.6738402;-1.081388;3.301717;
Head;0.2821322;0.676382;3.32843;
ShoulderCenter;0.3843502;0.4999089;3.275839;
ShoulderRight;0.4615369;0.3551893;3.149884;
ShoulderLeft;0.3250344;0.3115757;3.320129;
ElbowRight;0.6017674;0.08849617;3.069063;
ElbowLeft;0.2402659;0.0948813;3.490935;
WristRight;0.6964464;-0.1863098;2.99656;
WristLeft;0.01834282;-0.09909687;3.552381;
HandRight;0.7461857;-0.2514144;3.006445;
HandLeft;-0.06198664;-0.1496672;3.554698;
Spine;0.400422;0.06748567;3.266295;
HipCenter;0.4009534;-0.01915294;3.267897;
HipRight;0.4319665;-0.07560003;3.198222;
HipLeft;0.3565951;-0.1108602;3.347743;
KneeRight;0.2595527;-0.5413272;3.221279;
KneeLeft;0.5401817;-0.5974219;3.34136;
AnkleRight;0.1068989;-0.9786066;3.214683;
AnkleLeft;0.7129729;-1.006389;3.302834;
FootRight;0.0138067;-1.036845;3.243716;
FootLeft;0.6449648;-1.051584;3.247272;
Head;0.2587204;0.68187;3.326401;
ShoulderCenter;0.3377624;0.4922639;3.280424;
ShoulderRight;0.4263831;0.3493953;3.146795;
ShoulderLeft;0.2784466;0.3039308;3.324715;
ElbowRight;0.5751958;0.07941243;3.068559;
ElbowLeft;0.2066604;0.08468215;3.505321;
WristRight;0.6883941;-0.1809185;2.998591;
WristLeft;-0.03062014;-0.0836955;3.543545;
HandRight;0.7445536;-0.2487924;3.007837;
HandLeft;-0.1091034;-0.1375783;3.555164;
Spine;0.3472256;0.06642134;3.273057;
HipCenter;0.3493643;-0.01870681;3.275243;
HipRight;0.3871785;-0.06276338;3.229787;
HipLeft;0.314034;-0.07352787;3.316753;
KneeRight;0.2409243;-0.5285128;3.226813;
KneeLeft;0.4987262;-0.563059;3.346774;
AnkleRight;0.1001206;-0.9729885;3.215082;
AnkleLeft;0.6975719;-0.9850179;3.306509;
FootRight;0.01052451;-1.03398;3.248177;
FootLeft;0.630602;-1.02993;3.249862;
Head;0.2286562;0.6806524;3.318675;
ShoulderCenter;0.3155571;0.4933328;3.286977;
ShoulderRight;0.3785012;0.3373333;3.157112;
ShoulderLeft;0.252826;0.3814922;3.3151;
ElbowRight;0.5378872;0.07617575;3.066555;
ElbowLeft;0.1726013;0.1414921;3.468122;
WristRight;0.6696039;-0.1796852;3.003306;
WristLeft;-0.03347293;-0.07368542;3.54569;
HandRight;0.6969202;-0.2472793;2.997225;
HandLeft;-0.1246206;-0.1119029;3.54037;
Spine;0.3082846;0.06189474;3.278836;
HipCenter;0.3058905;-0.02477869;3.28077;
HipRight;0.3365155;-0.05911557;3.243119;
HipLeft;0.2741861;-0.07697721;3.315295;
KneeRight;0.1643673;-0.54003;3.237149;
KneeLeft;0.4555661;-0.533843;3.345205;
AnkleRight;0.08544032;-0.9927325;3.221969;
AnkleLeft;0.673475;-0.949399;3.310423;
FootRight;0.003660448;-1.054733;3.269381;
FootLeft;0.6056631;-0.9932162;3.254342;
Head;0.1788157;0.668527;3.320019;
ShoulderCenter;0.2622697;0.4814618;3.283982;
ShoulderRight;0.3354855;0.3412546;3.164605;
ShoulderLeft;0.2141164;0.3703405;3.309503;
ElbowRight;0.4833505;0.07801807;3.059056;
ElbowLeft;0.1429558;0.1311751;3.466389;
WristRight;0.6049137;-0.1923699;3.008163;
WristLeft;-0.07962181;-0.07086033;3.532662;
HandRight;0.6689209;-0.2432575;2.998928;
HandLeft;-0.170642;-0.1341664;3.535951;
Spine;0.2693615;0.05641245;3.268188;
HipCenter;0.2716857;-0.02863782;3.269294;
HipRight;0.3031482;-0.05698318;3.236249;
HipLeft;0.2408744;-0.07950658;3.297636;
KneeRight;0.4998784;-0.6629205;3.342583;
KneeLeft;0.4349603;-0.5767986;3.34613;
AnkleRight;0.121307;-0.9354066;3.234168;
AnkleLeft;0.6683389;-0.9883058;3.319496;
FootRight;0.05451834;-0.9799078;3.176635;
FootLeft;0.63393;-1.071583;3.341079;
Head;0.1314318;0.6594856;3.306834;
ShoulderCenter;0.2297063;0.4820315;3.283419;
ShoulderRight;0.299166;0.3421022;3.163141;
ShoulderLeft;0.1743681;0.3698843;3.308374;
ElbowRight;0.4352548;0.07430714;3.053232;
ElbowLeft;0.0860611;0.1291444;3.455052;
WristRight;0.5454942;-0.2040188;3.009725;
WristLeft;-0.1102002;-0.09457089;3.530459;
HandRight;0.5995814;-0.2523515;3.009368;
HandLeft;-0.1993003;-0.1504863;3.538524;
Spine;0.202272;0.06504091;3.288883;
HipCenter;0.1983417;-0.01838444;3.293647;
HipRight;0.226071;-0.05869533;3.261914;
HipLeft;0.1668221;-0.05852497;3.324638;
KneeRight;0.4687087;-0.6561111;3.343184;
KneeLeft;0.1400949;-0.6058989;3.261872;
AnkleRight;0.09067279;-0.9280534;3.232377;
AnkleLeft;0.5212225;-0.8796288;3.290151;
FootRight;0.0227266;-1.015648;3.257538;
FootLeft;0.4550337;-0.9232721;3.231112;
Head;0.1037906;0.6626627;3.298607;
ShoulderCenter;0.1913015;0.4833173;3.280788;
ShoulderRight;0.2443038;0.3394142;3.160825;
ShoulderLeft;0.1409714;0.3709267;3.305892;
ElbowRight;0.383334;0.07028267;3.063428;
ElbowLeft;0.06475059;0.1261233;3.451756;
WristRight;0.478938;-0.214893;3.001473;
WristLeft;-0.1135785;-0.108701;3.534119;
HandRight;0.5270138;-0.2805881;3.009544;
HandLeft;-0.2071297;-0.1752025;3.542805;
Spine;0.1747276;0.05743843;3.26446;
HipCenter;0.1694759;-0.02844953;3.262655;
HipRight;0.1947128;-0.05892079;3.225008;
HipLeft;0.1381819;-0.07908919;3.291579;
KneeRight;0.4139345;-0.6618664;3.345088;
KneeLeft;0.1339896;-0.6048757;3.267899;
AnkleRight;0.03636852;-0.9277282;3.216746;
AnkleLeft;0.5147361;-0.8783319;3.296187;
FootRight;-0.002986163;-1.016894;3.276268;
FootLeft;0.4432016;-0.9217675;3.242726;
Head;0.05945657;0.6691202;3.323591;
ShoulderCenter;0.1501226;0.4915574;3.276752;
ShoulderRight;0.2257149;0.3408874;3.158988;
ShoulderLeft;0.0960085;0.3795802;3.301504;
ElbowRight;0.326149;0.05456862;3.067134;
ElbowLeft;0.03004215;0.122616;3.432486;
WristRight;0.3952606;-0.2117873;2.999094;
WristLeft;-0.1137222;-0.1325327;3.519122;
HandRight;0.4136527;-0.2806269;3.008247;
HandLeft;-0.1840984;-0.1464717;3.52284;
Spine;0.1366235;0.06700677;3.227735;
HipCenter;0.1346511;-0.01804892;3.221663;
HipRight;0.1589198;-0.05932679;3.180964;
HipLeft;0.1084154;-0.06159726;3.250783;
KneeRight;0.3662086;-0.6596215;3.334918;
KneeLeft;0.1199855;-0.614899;3.292881;
AnkleRight;0.04814612;-1.014139;3.238765;
AnkleLeft;0.5088723;-0.8841084;3.312581;
FootRight;-0.03390148;-1.067784;3.300266;
FootLeft;0.5529525;-0.9876841;3.339429;
Head;0.02479468;0.6642357;3.316919;
ShoulderCenter;0.1289574;0.4942847;3.279658;
ShoulderRight;0.1894506;0.3449706;3.157093;
ShoulderLeft;0.07703356;0.3819395;3.304373;
ElbowRight;0.2501263;0.06502308;3.083885;
ElbowLeft;0.004382581;0.1196199;3.421992;
WristRight;0.3159772;-0.2337259;3.022988;
WristLeft;-0.1133315;-0.1448469;3.516105;
HandRight;0.3719729;-0.3109916;3.0026;
HandLeft;-0.1872355;-0.2614506;3.534818;
Spine;0.1266613;0.06813511;3.223032;
HipCenter;0.125336;-0.01701163;3.215527;
HipRight;0.1522807;-0.0563269;3.177643;
HipLeft;0.09610165;-0.05992394;3.239462;
KneeRight;0.3531426;-0.6659702;3.319213;
KneeLeft;0.1072632;-0.6293561;3.313495;
AnkleRight;0.04714194;-1.015126;3.239458;
AnkleLeft;0.3772943;-0.8339399;3.372756;
FootRight;-0.03548105;-1.068544;3.301025;
FootLeft;0.4324261;-0.9357111;3.364177;
Head;-0.01808229;0.6802874;3.326269;
ShoulderCenter;0.07363463;0.4972563;3.275613;
ShoulderRight;0.1649786;0.3562203;3.154525;
ShoulderLeft;0.02125499;0.3849175;3.300547;
ElbowRight;0.1785973;0.0703258;3.073138;
ElbowLeft;-0.04184345;0.1207118;3.41804;
WristRight;0.2157071;-0.235029;3.031201;
WristLeft;-0.1067876;-0.1614705;3.510341;
HandRight;0.2181865;-0.306208;3.022889;
HandLeft;-0.1676229;-0.2915319;3.538278;
Spine;0.09347206;0.07038624;3.27022;
HipCenter;0.05124549;-0.00688513;3.225736;
HipRight;0.08213805;-0.0593843;3.189987;
HipLeft;0.01657034;-0.03955926;3.250533;
KneeRight;0.01419185;-0.6284327;3.240649;
KneeLeft;0.1245258;-0.6457783;3.330722;
AnkleRight;0.04652605;-1.021895;3.242861;
AnkleLeft;0.4144888;-0.8834301;3.324576;
FootRight;-0.0213293;-1.072423;3.275019;
FootLeft;0.4027376;-0.9950916;3.355442;
Head;-0.05628198;0.6713632;3.289639;
ShoulderCenter;0.05165537;0.511168;3.273517;
ShoulderRight;0.1173543;0.3660713;3.15478;
ShoulderLeft;-0.0007242723;0.3988292;3.298451;
ElbowRight;0.117917;0.09142672;3.066585;
ElbowLeft;-0.06747994;0.1365065;3.415075;
WristRight;0.06703531;-0.1379904;3.044443;
WristLeft;-0.1053007;-0.1636295;3.455439;
HandRight;0.06992591;-0.2346202;3.051727;
HandLeft;-0.1242601;-0.2359868;3.517113;
Spine;0.05364282;0.08736589;3.297449;
HipCenter;0.005435979;0.00831566;3.263165;
HipRight;0.03138591;-0.04986178;3.22542;
HipLeft;-0.02728448;-0.0245976;3.296517;
KneeRight;0.008045367;-0.6276512;3.236697;
KneeLeft;0.1148153;-0.6620097;3.366082;
AnkleRight;0.04674439;-1.019017;3.241325;
AnkleLeft;0.3533181;-0.9143491;3.347826;
FootRight;-0.02181977;-1.062529;3.270003;
FootLeft;0.3024999;-1.008145;3.394686;
Head;-0.09188394;0.6803416;3.308511;
ShoulderCenter;0.003946614;0.5098677;3.28155;
ShoulderRight;0.09748898;0.3689214;3.15919;
ShoulderLeft;-0.04843302;0.3975289;3.306484;
ElbowRight;0.05806347;0.0927445;3.064669;
ElbowLeft;-0.1132546;0.1347085;3.422833;
WristRight;-0.01588047;-0.2054534;3.059811;
WristLeft;-0.1412405;-0.1664761;3.462638;
HandRight;-0.03991422;-0.3107915;3.067485;
HandLeft;-0.1585231;-0.2397995;3.524113;
Spine;0.02528969;0.08709683;3.309283;
HipCenter;-0.01592745;0.005897042;3.274441;
HipRight;0.01114097;-0.05428755;3.24035;
HipLeft;-0.04835579;-0.02319783;3.305204;
KneeRight;0.00314753;-0.6284163;3.235714;
KneeLeft;0.1101141;-0.6593875;3.374824;
AnkleRight;0.04578516;-1.016959;3.240935;
AnkleLeft;0.2552305;-0.9722515;3.357899;
FootRight;-0.03566119;-1.076515;3.273457;
FootLeft;0.186392;-1.051976;3.410301;
Head;-0.1450628;0.6874626;3.304793;
ShoulderCenter;-0.03860227;0.5240304;3.293206;
ShoulderRight;0.05295265;0.3766052;3.166171;
ShoulderLeft;-0.0909819;0.4116916;3.318141;
ElbowRight;-0.007161057;0.08353271;3.068436;
ElbowLeft;-0.1573772;0.148902;3.434898;
WristRight;-0.1323518;-0.1975464;3.042281;
WristLeft;-0.1899547;-0.1521599;3.475682;
HandRight;-0.1840189;-0.2788726;3.025926;
HandLeft;-0.2077734;-0.225871;3.537327;
Spine;0.0001374297;0.09188867;3.297287;
HipCenter;-0.03866317;0.01004608;3.259221;
HipRight;-0.007427715;-0.05012412;3.224852;
HipLeft;-0.07239732;-0.02073948;3.285255;
KneeRight;0.0003688028;-0.6318049;3.233687;
KneeLeft;-0.1751135;-0.5767704;3.402218;
AnkleRight;0.05303458;-1.015426;3.262312;
AnkleLeft;0.1304943;-0.9320692;3.368998;
FootRight;-0.03401724;-1.077191;3.271953;
FootLeft;0.07923125;-1.008028;3.292432;
Head;-0.06893105;0.6703707;3.354247;
ShoulderCenter;-0.07332441;0.4008991;3.295746;
ShoulderRight;0.0253076;0.3758733;3.163392;
ShoulderLeft;-0.1257041;0.2885602;3.320681;
ElbowRight;-0.0828326;0.09461686;3.07208;
ElbowLeft;-0.1913561;0.02572972;3.437119;
WristRight;-0.2302243;-0.1740072;3.029618;
WristLeft;-0.223176;-0.2751816;3.477674;
HandRight;-0.2911133;-0.2681167;3.022258;
HandLeft;-0.2410423;-0.3490896;3.539484;
Spine;-0.04151181;0.03844594;3.320357;
HipCenter;-0.0810013;-0.03087801;3.286669;
HipRight;-0.05542336;-0.0721629;3.252896;
HipLeft;-0.1084502;-0.09481951;3.314587;
KneeRight;-0.006208929;-0.6330568;3.234363;
KneeLeft;-0.2080309;-0.6176887;3.422977;
AnkleRight;0.04973466;-1.007811;3.254758;
AnkleLeft;-0.0401043;-0.9120199;3.454955;
FootRight;-0.02756714;-1.074449;3.282728;
FootLeft;-0.07404511;-1.026538;3.447204;
Head;-0.1956649;0.6830713;3.288162;
ShoulderCenter;-0.1166434;0.437869;3.292402;
ShoulderRight;-0.008326889;0.3760732;3.164609;
ShoulderLeft;-0.169023;0.3255302;3.317337;
ElbowRight;-0.1424596;0.1097372;3.060781;
ElbowLeft;-0.2346164;0.06293422;3.433618;
WristRight;-0.3155136;-0.1442591;3.048939;
WristLeft;-0.2664323;-0.2376942;3.474174;
HandRight;-0.3741802;-0.2228668;3.058174;
HandLeft;-0.2843953;-0.3120022;3.536318;
Spine;-0.09365128;0.05705873;3.319593;
HipCenter;-0.1299274;-0.01599685;3.286709;
HipRight;-0.1025126;-0.07439577;3.232329;
HipLeft;-0.16124;-0.09076894;3.33503;
KneeRight;-0.0275635;-0.6282647;3.237194;
KneeLeft;-0.2251924;-0.6577679;3.422103;
AnkleRight;0.04650565;-1.007678;3.25318;
AnkleLeft;-0.1021286;-1.032144;3.398934;
FootRight;-0.01581519;-1.069566;3.254655;
FootLeft;-0.1479768;-1.100642;3.45056;
Head;-0.2495639;0.6717913;3.330081;
ShoulderCenter;-0.1293518;0.445146;3.295647;
ShoulderRight;-0.04139458;0.3722931;3.169336;
ShoulderLeft;-0.2499678;0.1280072;3.069444;
ElbowRight;-0.1944757;0.1154164;3.056584;
ElbowLeft;-0.3235546;-0.1733104;3.0528;
WristRight;-0.399596;-0.1167584;3.061367;
WristLeft;-0.5495327;-0.1689415;3.077365;
HandRight;-0.4913023;-0.1493527;3.076689;
HandLeft;-0.5979593;-0.2224401;3.087159;
Spine;-0.1409718;0.05181817;3.326141;
HipCenter;-0.1200912;-0.02622282;3.282795;
HipRight;-0.08484862;-0.07760942;3.229913;
HipLeft;-0.1403244;-0.1652712;3.318423;
KneeRight;-0.03340925;-0.6258351;3.233258;
KneeLeft;-0.2905065;-0.643451;3.426451;
AnkleRight;0.04201452;-1.006069;3.246873;
AnkleLeft;-0.2018448;-1.043263;3.415522;
FootRight;-0.01507276;-1.071849;3.25458;
FootLeft;-0.1659662;-1.086413;3.329309;
Head;-0.2646667;0.6692201;3.324219;
ShoulderCenter;-0.1817595;0.4194134;3.2939;
ShoulderRight;-0.07948523;0.3680179;3.171514;
ShoulderLeft;-0.2843654;0.1421063;3.076326;
ElbowRight;-0.229577;0.1093031;3.060549;
ElbowLeft;-0.3762841;-0.1536223;3.061289;
WristRight;-0.4689866;-0.08676103;3.064355;
WristLeft;-0.6017168;-0.1475042;3.086919;
HandRight;-0.5626711;-0.1168995;3.067014;
HandLeft;-0.6739681;-0.1507795;3.078919;
Spine;-0.2015785;0.04940604;3.329961;
HipCenter;-0.1849262;-0.02296694;3.292598;
HipRight;-0.1457297;-0.09420878;3.261151;
HipLeft;-0.2252715;-0.1121976;3.318135;
KneeRight;-0.04223773;-0.6282181;3.230212;
KneeLeft;-0.3471746;-0.6489255;3.433805;
AnkleRight;0.04050568;-1.007296;3.2443;
AnkleLeft;-0.3269175;-1.036557;3.400995;
FootRight;-0.01583549;-1.075108;3.258129;
FootLeft;-0.2892438;-1.080808;3.315867;
Head;-0.3311137;0.6731732;3.311631;
ShoulderCenter;-0.2264953;0.5033714;3.303561;
ShoulderRight;-0.1293781;0.3614175;3.176538;
ShoulderLeft;-0.3342686;0.2281823;3.087009;
ElbowRight;-0.3066003;0.1189412;3.071104;
ElbowLeft;-0.4218394;-0.06865379;3.071002;
WristRight;-0.5541813;-0.06454483;3.070061;
WristLeft;-0.6493555;-0.04784471;3.071105;
HandRight;-0.6353013;-0.1134325;3.073362;
HandLeft;-0.7251942;-0.04090835;3.076154;
Spine;-0.2318377;0.06369465;3.324633;
HipCenter;-0.2123516;-0.01876665;3.286114;
HipRight;-0.1716618;-0.07758896;3.25669;
HipLeft;-0.2601722;-0.08944833;3.304919;
KneeRight;-0.05508601;-0.6268765;3.230864;
KneeLeft;-0.3738646;-0.6420096;3.430732;
AnkleRight;0.03942485;-1.006143;3.24372;
AnkleLeft;-0.4366262;-1.009964;3.421669;
FootRight;0.07503571;-1.049749;3.15585;
FootLeft;-0.4010153;-1.05357;3.333798;
Head;-0.362122;0.6576757;3.34904;
ShoulderCenter;-0.2700749;0.4051403;3.299145;
ShoulderRight;-0.1583551;0.3565186;3.17845;
ShoulderLeft;-0.3514233;0.17822;3.115124;
ElbowRight;-0.3517408;0.1252315;3.079652;
ElbowLeft;-0.4579335;-0.1121754;3.088881;
WristRight;-0.5998691;-0.0242535;3.073862;
WristLeft;-0.668479;-0.02311965;3.070123;
HandRight;-0.6910924;-0.04956637;3.101637;
HandLeft;-0.7597508;-0.03358836;3.106092;
Spine;-0.2714034;-0.02495028;3.351355;
HipCenter;-0.2570947;-0.1112462;3.321826;
HipRight;-0.2109949;-0.1633579;3.310436;
HipLeft;-0.3000932;-0.182514;3.335036;
KneeRight;-0.0773321;-0.6248455;3.233159;
KneeLeft;-0.4046937;-0.649281;3.429149;
AnkleRight;0.03675843;-1.004337;3.240679;
AnkleLeft;-0.5256593;-1.001867;3.416736;
FootRight;0.06778084;-1.051057;3.151573;
FootLeft;-0.6357794;-1.047273;3.438455;
Head;-0.3921044;0.6849308;3.359435;
ShoulderCenter;-0.311142;0.4972093;3.31466;
ShoulderRight;-0.2071558;0.3485897;3.181962;
ShoulderLeft;-0.3811619;0.1895518;3.114194;
ElbowRight;-0.3964824;0.113645;3.081417;
ElbowLeft;-0.5742679;0.04459183;3.07231;
WristRight;-0.6534567;-0.01107291;3.086672;
WristLeft;-0.7678777;-0.06126789;3.118817;
HandRight;-0.7427166;-0.04790806;3.107889;
HandLeft;-0.8212699;-0.1110666;3.121852;
Spine;-0.3124789;0.04295294;3.337708;
HipCenter;-0.2984833;-0.04555944;3.303896;
HipRight;-0.2609383;-0.1182865;3.25346;
HipLeft;-0.3325428;-0.122282;3.347212;
KneeRight;-0.1349146;-0.6225749;3.253662;
KneeLeft;-0.4252257;-0.6502657;3.430368;
AnkleRight;0.03487156;-1.0031;3.240698;
AnkleLeft;-0.5936242;-1.005664;3.408086;
FootRight;0.06661754;-1.047558;3.150991;
FootLeft;-0.6652251;-1.058495;3.415338;
Head;-0.4600779;0.6591842;3.377118;
ShoulderCenter;-0.3392484;0.4936198;3.325796;
ShoulderRight;-0.2498088;0.3448991;3.189953;
ShoulderLeft;-0.4210306;0.187964;3.126992;
ElbowRight;-0.4466869;0.1151466;3.089603;
ElbowLeft;-0.6303176;0.04876689;3.079574;
WristRight;-0.732653;-0.002626285;3.104421;
WristLeft;-0.8126536;-0.0764287;3.126285;
HandRight;-0.8000327;-0.03106084;3.106803;
HandLeft;-0.8839089;-0.08675514;3.113237;
Spine;-0.3397012;0.04253351;3.334732;
HipCenter;-0.3283162;-0.04380901;3.296572;
HipRight;-0.2940552;-0.1175908;3.228204;
HipLeft;-0.3649946;-0.1265228;3.348387;
KneeRight;-0.139186;-0.6241031;3.246066;
KneeLeft;-0.4689701;-0.6414765;3.425144;
AnkleRight;0.03148315;-1.002422;3.240493;
AnkleLeft;-0.5909877;-0.9937674;3.397067;
FootRight;0.0591123;-1.045879;3.14911;
FootLeft;-0.6582044;-1.051124;3.40897;
Head;-0.4728913;0.6681517;3.37423;
ShoulderCenter;-0.3911801;0.4789896;3.333102;
ShoulderRight;-0.297403;0.3322449;3.19489;
ShoulderLeft;-0.4686539;0.1742207;3.132351;
ElbowRight;-0.4851362;0.09448434;3.0851;
ElbowLeft;-0.3288099;0.1329675;3.380022;
WristRight;-0.7465109;-0.007578714;3.104818;
WristLeft;-0.5867422;0.03290943;3.21776;
HandRight;-0.8300222;-0.03318415;3.114443;
HandLeft;-0.6585875;0.02075836;3.222349;
Spine;-0.3855522;0.03757782;3.337306;
HipCenter;-0.3710683;-0.04582343;3.29667;
HipRight;-0.3229942;-0.1092714;3.242906;
HipLeft;-0.4152844;-0.1214274;3.333745;
KneeRight;-0.1670486;-0.6348708;3.237101;
KneeLeft;-0.4897478;-0.6518905;3.42981;
AnkleRight;0.02304589;-1.00623;3.245829;
AnkleLeft;-0.6084337;-1.008434;3.395878;
FootRight;0.0488382;-1.048989;3.154058;
FootLeft;-0.6745188;-1.066006;3.410181;
Head;-0.5472438;0.643483;3.366093;
ShoulderCenter;-0.4212974;0.4803389;3.341182;
ShoulderRight;-0.3353001;0.3355188;3.205791;
ShoulderLeft;-0.4988822;0.1755559;3.140452;
ElbowRight;-0.5113039;0.09456318;3.091253;
ElbowLeft;-0.3595754;0.1454654;3.392093;
WristRight;-0.7526913;-0.0104369;3.103265;
WristLeft;-0.6113138;0.03667332;3.221199;
HandRight;-0.8460522;-0.04189612;3.112576;
HandLeft;-0.8618941;-0.05440674;3.118194;
Spine;-0.415159;0.03770469;3.339908;
HipCenter;-0.4018036;-0.04495819;3.296486;
HipRight;-0.3692403;-0.1078856;3.22154;
HipLeft;-0.4392027;-0.134409;3.34882;
KneeRight;-0.200124;-0.6598716;3.239429;
KneeLeft;-0.5179667;-0.6558663;3.442005;
AnkleRight;0.01663047;-1.010491;3.258392;
AnkleLeft;-0.6153983;-1.011898;3.399804;
FootRight;-0.05282956;-1.086396;3.29502;
FootLeft;-0.6827959;-1.101099;3.430026;
Head;-0.5878921;0.6596903;3.379644;
ShoulderCenter;-0.475336;0.4850147;3.346377;
ShoulderRight;-0.3700061;0.3418074;3.216392;
ShoulderLeft;-0.5400994;0.1778209;3.143049;
ElbowRight;-0.5409791;0.09561715;3.094756;
ElbowLeft;-0.3900833;0.1473183;3.391371;
WristRight;-0.7923574;-0.03279804;3.102767;
WristLeft;-0.6349537;0.0283991;3.212932;
HandRight;-0.864899;-0.05296973;3.11246;
HandLeft;-0.8842689;-0.06284094;3.109777;
Spine;-0.4649328;0.02437977;3.350692;
HipCenter;-0.4475057;-0.06221208;3.307294;
HipRight;-0.4107223;-0.1126357;3.265905;
HipLeft;-0.470843;-0.1380495;3.338418;
KneeRight;-0.2250661;-0.6785804;3.244373;
KneeLeft;-0.5486569;-0.6637028;3.450181;
AnkleRight;-0.0149016;-0.9997938;3.257086;
AnkleLeft;-0.618814;-1.008481;3.401927;
FootRight;0.01558497;-1.042444;3.166376;
FootLeft;-0.6784098;-1.091495;3.42135;
Head;-0.6450006;0.6563563;3.394511;
ShoulderCenter;-0.5115994;0.4952751;3.342837;
ShoulderRight;-0.4182099;0.3556942;3.223433;
ShoulderLeft;-0.5790538;0.1544185;3.134799;
ElbowRight;-0.5564653;0.09818566;3.100862;
ElbowLeft;-0.4327193;0.1228898;3.387016;
WristRight;-0.7756522;-0.03555037;3.101242;
WristLeft;-0.677515;-0.0132132;3.218529;
HandRight;-0.8575239;-0.09121057;3.110515;
HandLeft;-0.7391377;-0.0532134;3.220541;
Spine;-0.4971646;0.04420197;3.352389;
HipCenter;-0.4755768;-0.0403015;3.31079;
HipRight;-0.4340163;-0.1030791;3.248471;
HipLeft;-0.507089;-0.1389037;3.363067;
KneeRight;-0.3555024;-0.6624877;3.271504;
KneeLeft;-0.568546;-0.651516;3.43963;
AnkleRight;-0.04829823;-0.9988676;3.268581;
AnkleLeft;-0.6161893;-0.9971858;3.412;
FootRight;-0.09456888;-1.075892;3.300472;
FootLeft;-0.6730325;-1.07483;3.420996;
Head;-0.662202;0.6825393;3.376994;
ShoulderCenter;-0.5504785;0.504844;3.347714;
ShoulderRight;-0.4657079;0.358005;3.220535;
ShoulderLeft;-0.6111426;0.1610763;3.139405;
ElbowRight;-0.6082718;0.08348819;3.10977;
ElbowLeft;-0.4624383;0.1299298;3.392452;
WristRight;-0.8000888;-0.05603489;3.103637;
WristLeft;-0.6925244;-0.03491619;3.225506;
HandRight;-0.8603995;-0.1351834;3.11515;
HandLeft;-0.7656386;-0.04609183;3.222133;
Spine;-0.5370401;0.06708933;3.355095;
HipCenter;-0.5154387;-0.0142544;3.311844;
HipRight;-0.4767416;-0.08270352;3.250935;
HipLeft;-0.5434033;-0.100827;3.357262;
KneeRight;-0.4289794;-0.6722093;3.285137;
KneeLeft;-0.591993;-0.6533319;3.424202;
AnkleRight;-0.1136638;-0.9590884;3.265583;
AnkleLeft;-0.6230276;-1.003097;3.414608;
FootRight;-0.1688342;-1.06515;3.280362;
FootLeft;-0.6738312;-1.075819;3.422244;
Head;-0.6823533;0.6788197;3.393358;
ShoulderCenter;-0.5679829;0.504226;3.347794;
ShoulderRight;-0.485848;0.3589928;3.220355;
ShoulderLeft;-0.6323025;0.1606839;3.13979;
ElbowRight;-0.6135989;0.08518142;3.111234;
ElbowLeft;-0.8497548;-0.04488874;3.125661;
WristRight;-0.7978307;-0.1451199;3.121152;
WristLeft;-0.844516;-0.281696;3.133208;
HandRight;-0.8698443;-0.2145405;3.124349;
HandLeft;-0.8834418;-0.3444081;3.128357;
Spine;-0.5617399;0.07310202;3.359166;
HipCenter;-0.5414359;-0.00736023;3.316765;
HipRight;-0.5045171;-0.08243983;3.251606;
HipLeft;-0.5688999;-0.09561757;3.367202;
KneeRight;-0.446279;-0.679907;3.295138;
KneeLeft;-0.5923781;-0.6938216;3.349442;
AnkleRight;-0.1762034;-0.9583583;3.267751;
AnkleLeft;-0.6293879;-1.018411;3.415001;
FootRight;-0.231833;-1.060916;3.297992;
FootLeft;-0.6835452;-1.088629;3.423543;
Head;-0.7262048;0.6726782;3.395157;
ShoulderCenter;-0.6095607;0.5011461;3.345216;
ShoulderRight;-0.5353333;0.3608677;3.225246;
ShoulderLeft;-0.67258;0.157847;3.137414;
ElbowRight;-0.6311035;0.0785124;3.118593;
ElbowLeft;-0.8722545;-0.04687055;3.123793;
WristRight;-0.7969513;-0.1594921;3.123787;
WristLeft;-0.8097978;-0.2760355;3.127797;
HandRight;-0.8332087;-0.2516561;3.137703;
HandLeft;-0.8142995;-0.3475836;3.145828;
Spine;-0.568431;0.07493474;3.354045;
HipCenter;-0.5444885;-0.003286075;3.310993;
HipRight;-0.5019964;-0.07880844;3.234837;
HipLeft;-0.5703508;-0.09465601;3.365863;
KneeRight;-0.5901205;-0.6140409;3.292273;
KneeLeft;-0.5497378;-0.5633168;3.457665;
AnkleRight;-0.2601027;-0.9267964;3.256453;
AnkleLeft;-0.628919;-1.008063;3.413188;
FootRight;-0.3018438;-1.033295;3.230973;
FootLeft;-0.5908242;-1.049753;3.325137;
Head;-0.7775414;0.6577381;3.346446;
ShoulderCenter;-0.6445945;0.5044292;3.347913;
ShoulderRight;-0.5494816;0.3614069;3.22924;
ShoulderLeft;-0.7086073;0.1611524;3.140125;
ElbowRight;-0.6379533;0.07804422;3.123542;
ElbowLeft;-0.9198791;-0.0437064;3.126141;
WristRight;-0.7888812;-0.1747352;3.119015;
WristLeft;-0.7903606;-0.2496202;3.123568;
HandRight;-0.8179454;-0.2701823;3.128836;
HandLeft;-0.806812;-0.3202425;3.138833;
Spine;-0.6055408;0.05163871;3.353404;
HipCenter;-0.5777483;-0.03095984;3.307526;
HipRight;-0.5297576;-0.098304;3.251045;
HipLeft;-0.6032531;-0.1088217;3.347794;
KneeRight;-0.6204752;-0.6525816;3.301367;
KneeLeft;-0.5736694;-0.6065708;3.476764;
AnkleRight;-0.3334177;-0.928971;3.271911;
AnkleLeft;-0.6340423;-1.026474;3.417403;
FootRight;-0.3968668;-1.030567;3.263026;
FootLeft;-0.6868066;-1.097853;3.415866;
Head;-0.7785505;0.5960076;3.353835;
ShoulderCenter;-0.6745813;0.4200829;3.343116;
ShoulderRight;-0.6007614;0.3665045;3.236612;
ShoulderLeft;-0.738194;0.07675621;3.13529;
ElbowRight;-0.6470753;0.07573518;3.131161;
ElbowLeft;-0.6793839;0.2616493;3.363026;
WristRight;-0.7547699;-0.167753;3.115825;
WristLeft;-0.5042906;0.1836864;3.542123;
HandRight;-0.775189;-0.2660758;3.115903;
HandLeft;-0.5243688;0.1139535;3.557724;
Spine;-0.6160088;0.03948052;3.361518;
HipCenter;-0.5855896;-0.03439799;3.316943;
HipRight;-0.5373837;-0.1025925;3.270149;
HipLeft;-0.6114793;-0.1286863;3.356101;
KneeRight;-0.6862422;-0.6510473;3.299921;
KneeLeft;-0.6056889;-0.6084026;3.462211;
AnkleRight;-0.4480835;-0.953837;3.282799;
AnkleLeft;-0.6327739;-1.030581;3.414839;
FootRight;-0.5164415;-1.048973;3.272433;
FootLeft;-0.6803257;-1.1044;3.404182;
Head;-0.8262545;0.6619246;3.416951;
ShoulderCenter;-0.71285;0.4548194;3.361336;
ShoulderRight;-0.6348357;0.3772044;3.242349;
ShoulderLeft;-0.7764627;0.1114927;3.15351;
ElbowRight;-0.6539425;0.07473761;3.139874;
ElbowLeft;-0.6522231;0.2025172;3.408342;
WristRight;-0.7323585;-0.1703471;3.121583;
WristLeft;-0.5111727;-0.0003340244;3.422691;
HandRight;-0.7372934;-0.2700692;3.136021;
HandLeft;-0.5313432;-0.07038762;3.438364;
Spine;-0.6316236;0.05364454;3.387653;
HipCenter;-0.600238;-0.01852561;3.351099;
HipRight;-0.5412689;-0.08884875;3.292405;
HipLeft;-0.6199123;-0.1223909;3.398023;
KneeRight;-0.7678615;-0.6421647;3.29809;
KneeLeft;-0.6264369;-0.6231651;3.470027;
AnkleRight;-0.5525733;-1.00459;3.320016;
AnkleLeft;-0.6523752;-0.9922257;3.376807;
FootRight;-0.6323058;-1.074611;3.286465;
FootLeft;-0.7114093;-1.095155;3.39533;
Head;-0.8486878;0.6606585;3.405118;
ShoulderCenter;-0.7622238;0.4494821;3.364293;
ShoulderRight;-0.6625716;0.3779676;3.248945;
ShoulderLeft;-0.8258365;0.1061554;3.156467;
ElbowRight;-0.6614037;0.07533365;3.148524;
ElbowLeft;-0.6845676;0.2068911;3.40115;
WristRight;-0.7072554;-0.1988662;3.126765;
WristLeft;-0.5416298;0.00524076;3.416581;
HandRight;-0.6982884;-0.2994938;3.12081;
HandLeft;-0.4939839;-0.06197602;3.426843;
Spine;-0.7361829;0.05394564;3.372036;
HipCenter;-0.7147263;-0.01795532;3.327523;
HipRight;-0.6639348;-0.09606444;3.251243;
HipLeft;-0.7457368;-0.1339962;3.382148;
KneeRight;-0.8497317;-0.5279595;3.300898;
KneeLeft;-0.6743307;-0.6139765;3.46309;
AnkleRight;-0.6584951;-0.9488652;3.311051;
AnkleLeft;-0.7215095;-1.056084;3.300012;
FootRight;-0.6673732;-1.061594;3.273335;
FootLeft;-0.690418;-1.098038;3.209208;
Head;-0.8997395;0.6968364;3.402274;
ShoulderCenter;-0.7988388;0.5161576;3.375673;
ShoulderRight;-0.7060157;0.3722503;3.255985;
ShoulderLeft;-0.8624515;0.1728309;3.167847;
ElbowRight;-0.6739414;0.07501805;3.153609;
ElbowLeft;-0.7273976;0.2371474;3.427329;
WristRight;-0.6788982;-0.1649097;3.116076;
WristLeft;-0.5850722;0.03300402;3.443256;
HandRight;-0.6601206;-0.2199354;3.105969;
HandLeft;-0.5376303;-0.03504377;3.453699;
Spine;-0.7603262;0.06607196;3.375506;
HipCenter;-0.7335975;-0.01285706;3.328992;
HipRight;-0.6894957;-0.08665295;3.253831;
HipLeft;-0.7649789;-0.1187982;3.383687;
KneeRight;-0.9228355;-0.6112363;3.300876;
KneeLeft;-0.7583696;-0.6417437;3.40133;
AnkleRight;-0.6709975;-0.9926022;3.358627;
AnkleLeft;-0.8066929;-1.038198;3.335774;
FootRight;-0.7765304;-1.048576;3.377527;
FootLeft;-0.7728201;-1.07995;3.245387;
Head;-0.9516735;0.6630442;3.385116;
ShoulderCenter;-0.8112655;0.5133578;3.37652;
ShoulderRight;-0.7323499;0.3676434;3.254578;
ShoulderLeft;-0.8748782;0.170031;3.168694;
ElbowRight;-0.7108891;0.08660769;3.160469;
ElbowLeft;-0.7561415;0.199471;3.419411;
WristRight;-0.6651908;-0.1682741;3.107181;
WristLeft;-0.9595679;-0.02915776;3.517402;
HandRight;-0.6493727;-0.2523515;3.104422;
HandLeft;-1.165501;-0.2650157;3.635351;
Spine;-0.7772969;0.0696121;3.377234;
HipCenter;-0.751111;-0.009249618;3.32967;
HipRight;-0.7034292;-0.08869724;3.247301;
HipLeft;-0.7778785;-0.1162566;3.389808;
KneeRight;-0.9735897;-0.6308866;3.301456;
KneeLeft;-0.6813658;-0.6514411;3.452021;
AnkleRight;-0.9281693;-1.05386;3.35283;
AnkleLeft;-0.7176772;-0.9917738;3.450082;
FootRight;-0.8925881;-1.095768;3.262609;
FootLeft;-0.6975123;-1.097135;3.421457;
Head;-0.9909491;0.6612911;3.39064;
ShoulderCenter;-0.8516325;0.5083944;3.378165;
ShoulderRight;-0.7864704;0.3569327;3.256557;
ShoulderLeft;-0.9152452;0.1650677;3.170338;
ElbowRight;-0.7192205;0.08841124;3.159774;
ElbowLeft;-1.047848;0.01581728;3.342138;
WristRight;-0.649483;-0.1946954;3.104799;
WristLeft;-1.177679;-0.1412182;3.569166;
HandRight;-0.5956365;-0.2812187;3.114594;
HandLeft;-1.236575;-0.2001058;3.628708;
Spine;-0.8255799;0.0588814;3.373693;
HipCenter;-0.7991625;-0.02224033;3.324286;
HipRight;-0.7603267;-0.09249626;3.25814;
HipLeft;-0.8198233;-0.1087109;3.370559;
KneeRight;-0.9934685;-0.6308246;3.315497;
KneeLeft;-0.717922;-0.6348687;3.455782;
AnkleRight;-1.022016;-1.05693;3.36307;
AnkleLeft;-0.6662441;-1.048108;3.370583;
FootRight;-0.9832388;-1.099001;3.273184;
FootLeft;-0.6274671;-1.09018;3.280697;
Head;-1.032429;0.6522509;3.35408;
ShoulderCenter;-0.9039166;0.498866;3.373059;
ShoulderRight;-0.8176467;0.352659;3.252694;
ShoulderLeft;-0.9675293;0.1555393;3.165232;
ElbowRight;-0.7305239;0.08412273;3.161741;
ElbowLeft;-1.1147;0.02568884;3.340816;
WristRight;-0.6381729;-0.1981007;3.100852;
WristLeft;-1.265726;-0.1185625;3.577204;
HandRight;-0.5897297;-0.2867642;3.117679;
HandLeft;-1.33342;-0.1684394;3.635693;
Spine;-0.8289568;0.05772749;3.378777;
HipCenter;-0.8015968;-0.0219069;3.32768;
HipRight;-0.7588258;-0.09845958;3.264349;
HipLeft;-0.8225025;-0.1060459;3.374373;
KneeRight;-0.9071759;-0.6954394;3.433291;
KneeLeft;-0.7434027;-0.6254779;3.460232;
AnkleRight;-1.164435;-1.068642;3.400541;
AnkleLeft;-0.6640059;-1.047225;3.377539;
FootRight;-1.280022;-1.098477;3.429886;
FootLeft;-0.6307859;-1.089266;3.285043;
Head;-1.072243;0.6516401;3.42014;
ShoulderCenter;-0.9267733;0.4984451;3.369518;
ShoulderRight;-0.8664168;0.3407195;3.242109;
ShoulderLeft;-0.990386;0.1551184;3.161692;
ElbowRight;-0.753325;0.0802903;3.160429;
ElbowLeft;-1.154004;0.03710985;3.332665;
WristRight;-0.6369503;-0.1983487;3.100391;
WristLeft;-1.322422;-0.09363027;3.566186;
HandRight;-0.5950246;-0.2863576;3.121762;
HandLeft;-1.394506;-0.1386247;3.623447;
Spine;-0.8992492;0.06368804;3.374533;
HipCenter;-0.8694939;-0.01441634;3.325268;
HipRight;-0.8186123;-0.1055488;3.232843;
HipLeft;-0.8950256;-0.1143594;3.396057;
KneeRight;-1.053699;-0.5580958;3.332011;
KneeLeft;-0.728574;-0.6066254;3.478171;
AnkleRight;-1.225565;-0.9801672;3.400799;
AnkleLeft;-0.6595812;-1.040492;3.383933;
FootRight;-1.331462;-1.040854;3.415047;
FootLeft;-0.6213197;-1.082874;3.293614;
Head;-1.111369;0.6639212;3.440814;
ShoulderCenter;-0.9828568;0.4970326;3.371137;
ShoulderRight;-0.888184;0.3449448;3.245749;
ShoulderLeft;-1.046469;0.1537059;3.163311;
ElbowRight;-0.792767;0.08323949;3.162544;
ElbowLeft;-0.9674936;-0.005829796;3.297174;
WristRight;-0.6376637;-0.1997654;3.100006;
WristLeft;-1.228282;-0.05973065;3.47272;
HandRight;-0.6064179;-0.2703026;3.116225;
HandLeft;-1.288911;-0.1148081;3.533711;
Spine;-0.9191637;0.05893578;3.374382;
HipCenter;-0.890656;-0.01833482;3.322305;
HipRight;-0.8392319;-0.08753632;3.249524;
HipLeft;-0.9346489;-0.1074236;3.36931;
KneeRight;-1.132118;-0.5482915;3.357054;
KneeLeft;-0.7606279;-0.6106729;3.488664;
AnkleRight;-1.308558;-0.9729195;3.411701;
AnkleLeft;-0.6601861;-1.029347;3.390363;
FootRight;-1.412264;-1.037856;3.425052;
FootLeft;-0.6300715;-1.071558;3.296731;
Head;-1.16744;0.645385;3.438797;
ShoulderCenter;-1.016805;0.4964542;3.371622;
ShoulderRight;-0.9431664;0.3408111;3.245934;
ShoulderLeft;-1.080417;0.1531275;3.163795;
ElbowRight;-0.8047158;0.07906795;3.164309;
ElbowLeft;-0.7898454;0.001909183;3.15063;
WristRight;-0.7371472;-0.1681028;3.131412;
WristLeft;-1.049373;-0.0347032;3.332904;
HandRight;-0.6596982;-0.2350132;3.123733;
HandLeft;-1.13338;-0.05286228;3.389005;
Spine;-0.9507474;0.0628415;3.381229;
HipCenter;-0.9170709;-0.01376179;3.329792;
HipRight;-0.8608576;-0.08866753;3.256136;
HipLeft;-0.9406245;-0.1062877;3.377239;
KneeRight;-1.168202;-0.5657475;3.365558;
KneeLeft;-0.778336;-0.6882424;3.483199;
AnkleRight;-1.328925;-0.9974644;3.41905;
AnkleLeft;-0.6596509;-1.027524;3.390309;
FootRight;-1.42761;-1.066914;3.443452;
FootLeft;-0.6256243;-1.069671;3.297966;
Head;-1.18982;0.6599842;3.4378;
ShoulderCenter;-1.067524;0.4849281;3.382286;
ShoulderRight;-0.9781826;0.3339446;3.247283;
ShoulderLeft;-1.131136;0.1416014;3.17446;
ElbowRight;-0.8409718;0.07171985;3.159244;
ElbowLeft;-0.8468022;0.03142771;3.146864;
WristRight;-0.7436543;-0.1756747;3.126281;
WristLeft;-1.098054;-0.01924881;3.337115;
HandRight;-0.6952426;-0.2652428;3.143909;
HandLeft;-1.191037;-0.05647318;3.362521;
Spine;-0.9975744;0.04899085;3.383545;
HipCenter;-0.9690065;-0.02735797;3.328349;
HipRight;-0.9112501;-0.1079757;3.244828;
HipLeft;-0.9934255;-0.1200934;3.388359;
KneeRight;-1.220189;-0.5517226;3.359661;
KneeLeft;-0.785131;-0.6562657;3.493712;
AnkleRight;-1.335196;-0.9951793;3.429422;
AnkleLeft;-0.6623291;-1.028198;3.401253;
FootRight;-1.431622;-1.069015;3.450705;
FootLeft;-0.6372324;-1.070493;3.305982;
Head;-1.24476;0.634757;3.436641;
ShoulderCenter;-1.099656;0.4767871;3.384379;
ShoulderRight;-1.012738;0.3337617;3.24904;
ShoulderLeft;-1.163269;0.1334604;3.176553;
ElbowRight;-0.8791558;0.06809735;3.160464;
ElbowLeft;-0.8759432;-0.01073493;3.143631;
WristRight;-0.7789863;-0.2151259;3.123048;
WristLeft;-1.126225;-0.04884277;3.338588;
HandRight;-0.7326241;-0.2892641;3.120807;
HandLeft;-1.216738;-0.08796802;3.370393;
Spine;-1.021852;0.04496905;3.386209;
HipCenter;-0.9924321;-0.03031139;3.330311;
HipRight;-0.9392444;-0.1057156;3.257595;
HipLeft;-1.014977;-0.1215684;3.381985;
KneeRight;-1.226387;-0.6085913;3.403076;
KneeLeft;-0.9010032;-0.6195758;3.476821;
AnkleRight;-1.350382;-1.051642;3.444991;
AnkleLeft;-0.6731888;-1.02963;3.421543;
FootRight;-1.454286;-1.10494;3.487748;
FootLeft;-0.6490246;-1.072249;3.32514;
Head;-1.278741;0.6552334;3.428667;
ShoulderCenter;-1.15558;0.4786631;3.387556;
ShoulderRight;-1.0717;0.3390221;3.261483;
ShoulderLeft;-1.219193;0.1353364;3.17973;
ElbowRight;-0.9697811;0.08834482;3.166268;
ElbowLeft;-0.9385996;-0.01479082;3.146572;
WristRight;-0.847881;-0.2170396;3.129005;
WristLeft;-1.18242;-0.07391276;3.344653;
HandRight;-0.7970067;-0.2939133;3.127482;
HandLeft;-1.251763;-0.1057998;3.344992;
Spine;-1.114143;0.05533904;3.386828;
HipCenter;-1.088087;-0.01820294;3.330721;
HipRight;-1.03844;-0.09314062;3.246995;
HipLeft;-1.113843;-0.1191486;3.388817;
KneeRight;-1.254689;-0.6482216;3.426132;
KneeLeft;-0.9752641;-0.581731;3.483901;
AnkleRight;-1.369337;-1.050646;3.442521;
AnkleLeft;-0.7154871;-0.9734731;3.429951;
FootRight;-1.455424;-1.127865;3.471539;
FootLeft;-0.7558908;-1.081655;3.476614;
Head;-1.335075;0.6499147;3.422679;
ShoulderCenter;-1.196342;0.4853644;3.396106;
ShoulderRight;-1.097264;0.3361304;3.259991;
ShoulderLeft;-1.259954;0.1420378;3.18828;
ElbowRight;-1.023845;0.07911852;3.165408;
ElbowLeft;-1.015098;0.05674572;3.155313;
WristRight;-0.9268377;-0.2123789;3.130069;
WristLeft;-1.237535;-0.0380559;3.36311;
HandRight;-0.8665919;-0.2965859;3.136679;
HandLeft;-1.310434;-0.07394778;3.42762;
Spine;-1.157592;0.05545087;3.387789;
HipCenter;-1.137131;-0.0189228;3.328326;
HipRight;-1.086881;-0.09042377;3.242005;
HipLeft;-1.166301;-0.1203361;3.385857;
KneeRight;-1.051131;-0.4792772;3.495461;
KneeLeft;-1.032573;-0.5896664;3.506307;
AnkleRight;-1.270422;-0.8982207;3.46538;
AnkleLeft;-0.7459847;-0.9639978;3.439037;
FootRight;-1.247976;-0.9409303;3.368266;
FootLeft;-0.7235389;-1.006708;3.341923;
Head;-1.349925;0.6506854;3.40412;
ShoulderCenter;-1.214328;0.4862091;3.394787;
ShoulderRight;-1.142245;0.3332535;3.266618;
ShoulderLeft;-1.277941;0.1428824;3.186961;
ElbowRight;-1.094835;0.08236822;3.163709;
ElbowLeft;-1.078514;0.004541859;3.165304;
WristRight;-0.9876814;-0.2275576;3.127117;
WristLeft;-1.293579;-0.0945012;3.377558;
HandRight;-0.9255406;-0.302688;3.127916;
HandLeft;-1.350993;-0.1335131;3.409552;
Spine;-1.18715;0.04393332;3.386164;
HipCenter;-1.162867;-0.03375781;3.327833;
HipRight;-1.117259;-0.09276846;3.253374;
HipLeft;-1.192387;-0.1309918;3.378082;
KneeRight;-1.115243;-0.4803259;3.509593;
KneeLeft;-1.276752;-0.6344936;3.45371;
AnkleRight;-1.307475;-0.9116642;3.461678;
AnkleLeft;-0.9903543;-1.008577;3.386443;
FootRight;-1.275492;-0.9543424;3.366933;
FootLeft;-0.9583716;-1.051255;3.291699;
Head;-1.423557;0.6495942;3.446698;
ShoulderCenter;-1.27491;0.4921098;3.394232;
ShoulderRight;-1.19145;0.3392991;3.263251;
ShoulderLeft;-1.338523;0.1487831;3.186406;
ElbowRight;-1.153084;0.08074868;3.168298;
ElbowLeft;-1.142116;-0.0118581;3.164489;
WristRight;-1.112468;-0.1579622;3.138248;
WristLeft;-1.348382;-0.1268389;3.376787;
HandRight;-1.052401;-0.2248219;3.139576;
HandLeft;-1.410967;-0.1672205;3.448485;
Spine;-1.247783;0.06399786;3.394004;
HipCenter;-1.22425;-0.01082198;3.336335;
HipRight;-1.181895;-0.07572626;3.248964;
HipLeft;-1.249027;-0.1204136;3.398205;
KneeRight;-1.171743;-0.4624885;3.50484;
KneeLeft;-1.324961;-0.6484725;3.456104;
AnkleRight;-1.323296;-0.909734;3.460887;
AnkleLeft;-1.038647;-1.022446;3.388827;
FootRight;-1.293524;-0.952713;3.365474;
FootLeft;-1.156021;-1.052446;3.420102;
Head;-1.45097;0.6442001;3.44692;
ShoulderCenter;-1.297677;0.4901606;3.393351;
ShoulderRight;-1.208205;0.3396672;3.263819;
ShoulderLeft;-1.36129;0.146834;3.185525;
ElbowRight;-1.211394;0.08335932;3.175383;
ElbowLeft;-1.188069;-0.1280736;3.104968;
WristRight;-1.17071;-0.1557543;3.145294;
WristLeft;-1.385549;-0.2608169;3.316175;
HandRight;-1.110711;-0.2222113;3.146646;
HandLeft;-1.445627;-0.3056503;3.387335;
Spine;-1.298088;0.04302009;3.404361;
HipCenter;-1.27456;-0.03835139;3.349185;
HipRight;-1.236688;-0.09552674;3.307562;
HipLeft;-1.303828;-0.1146499;3.375799;
KneeRight;-1.248348;-0.5042188;3.552281;
KneeLeft;-1.336899;-0.6584719;3.466275;
AnkleRight;-1.355369;-0.9619899;3.458823;
AnkleLeft;-1.049448;-1.033931;3.398822;
FootRight;-1.321047;-1.006054;3.365092;
FootLeft;-1.167277;-1.063561;3.430176;
Head;-1.486518;0.6603879;3.4384;
ShoulderCenter;-1.35166;0.4890319;3.401399;
ShoulderRight;-1.259018;0.3404416;3.261689;
ShoulderLeft;-1.415273;0.1457052;3.193573;
ElbowRight;-1.262673;0.06901512;3.170898;
ElbowLeft;-1.231271;-0.1231435;3.113431;
WristRight;-1.298355;-0.1719092;3.156534;
WristLeft;-1.427139;-0.2590451;3.325273;
HandRight;-1.236556;-0.2366973;3.157556;
HandLeft;-1.486639;-0.3045941;3.396419;
Spine;-1.285139;0.04193348;3.407264;
HipCenter;-1.2554;-0.03587743;3.350379;
HipRight;-1.19253;-0.1014261;3.291508;
HipLeft;-1.270234;-0.1198214;3.389354;
KneeRight;-1.293902;-0.5349766;3.589287;
KneeLeft;-1.355072;-0.6773869;3.483598;
AnkleRight;-1.367341;-0.9953629;3.461928;
AnkleLeft;-1.066512;-1.054296;3.415964;
FootRight;-1.44906;-1.086498;3.491177;
FootLeft;-1.184808;-1.083569;3.447399;
Head;-1.509587;0.6797413;3.422632;
ShoulderCenter;-1.38831;0.4994796;3.404547;
ShoulderRight;-1.289796;0.3474296;3.273929;
ShoulderLeft;-1.451923;0.1561529;3.196721;
ElbowRight;-1.327381;0.08109644;3.178933;
ElbowLeft;-1.272751;-0.1168237;3.116779;
WristRight;-1.434147;-0.1839724;3.186539;
WristLeft;-1.470889;-0.2501445;3.329162;
HandRight;-1.459063;-0.2843058;3.197726;
HandLeft;-1.531263;-0.2952584;3.400803;
Spine;-1.301662;0.04885533;3.409523;
HipCenter;-1.269035;-0.02876345;3.351976;
HipRight;-1.217689;-0.09071085;3.293862;
HipLeft;-1.290132;-0.1129229;3.391327;
KneeRight;-1.313555;-0.5177975;3.568952;
KneeLeft;-1.364265;-0.6873821;3.494651;
AnkleRight;-1.369119;-0.9849546;3.461054;
AnkleLeft;-1.187436;-0.9920909;3.457006;
FootRight;-1.447178;-1.081877;3.484474;
FootLeft;-1.160762;-1.035451;3.359366;
Head;-1.565215;0.6635997;3.397692;
ShoulderCenter;-1.424202;0.5057369;3.409695;
ShoulderRight;-1.33232;0.3640971;3.286877;
ShoulderLeft;-1.487814;0.1624102;3.201869;
ElbowRight;-1.406069;0.06046121;3.189054;
ElbowLeft;-1.304478;-0.1091151;3.121721;
WristRight;-1.523774;-0.1650259;3.175719;
WristLeft;-1.516883;-0.2952455;3.17834;
HandRight;-1.557261;-0.2632307;3.184532;
HandLeft;-1.556744;-0.3405592;3.233091;
Spine;-1.354187;0.044729;3.407829;
HipCenter;-1.320781;-0.03525686;3.348336;
HipRight;-1.271694;-0.09443809;3.304205;
HipLeft;-1.342888;-0.1097862;3.373256;
KneeRight;-1.376166;-0.5299222;3.562665;
KneeLeft;-1.394105;-0.7027735;3.487602;
AnkleRight;-1.329775;-1.002953;3.4926;
AnkleLeft;-1.217504;-1.00724;3.476101;
FootRight;-1.4261;-1.085441;3.494041;
FootLeft;-1.187653;-1.050454;3.379127;
Head;-1.619078;0.674157;3.417943;
ShoulderCenter;-1.482072;0.5094169;3.421813;
ShoulderRight;-1.365617;0.3650433;3.287707;
ShoulderLeft;-1.545685;0.1660902;3.213987;
ElbowRight;-1.468627;0.07869928;3.192266;
ElbowLeft;-1.330993;-0.002709299;3.146836;
WristRight;-1.618035;-0.2171009;3.180482;
WristLeft;-1.601455;-0.1921927;3.159091;
HandRight;-1.661686;-0.3066196;3.169776;
HandLeft;-1.656293;-0.3238412;3.17415;
Spine;-1.443157;0.07054161;3.431832;
HipCenter;-1.419919;-0.007389762;3.373361;
HipRight;-1.372008;-0.08503116;3.302268;
HipLeft;-1.446673;-0.1056783;3.422612;
KneeRight;-1.426543;-0.6832076;3.431156;
KneeLeft;-1.609084;-0.6052838;3.547769;
AnkleRight;-1.335669;-1.029921;3.48889;
AnkleLeft;-1.318524;-0.9815778;3.559539;
FootRight;-1.431288;-1.113076;3.480023;
FootLeft;-1.293319;-1.025724;3.461471;
Head;-1.625825;0.6894473;3.374305;
ShoulderCenter;-1.516514;0.520206;3.416454;
ShoulderRight;-1.411158;0.373935;3.29387;
ShoulderLeft;-1.545568;0.1657162;3.2147;
ElbowRight;-1.51861;0.1144098;3.192904;
ElbowLeft;-1.605459;-0.07074539;3.174047;
WristRight;-1.650095;-0.1294269;3.169992;
WristLeft;-1.720428;-0.283743;3.190197;
HandRight;-1.674459;-0.202028;3.173735;
HandLeft;-1.746767;-0.3556777;3.19338;
Spine;-1.469118;0.06917186;3.430376;
HipCenter;-1.439057;-0.01036104;3.373878;
HipRight;-1.400438;-0.08672649;3.307257;
HipLeft;-1.457699;-0.1034789;3.422343;
KneeRight;-1.4266;-0.683329;3.4306;
KneeLeft;-1.670713;-0.6315439;3.592028;
AnkleRight;-1.375252;-1.050478;3.461562;
AnkleLeft;-1.545817;-1.083305;3.61543;
FootRight;-1.44838;-1.125379;3.472229;
FootLeft;-1.511643;-1.127139;3.520171;
Head;-1.68132;0.6643254;3.399543;
ShoulderCenter;-1.535706;0.5148849;3.423756;
ShoulderRight;-1.426647;0.3694682;3.294508;
ShoulderLeft;-1.503028;0.3465222;3.221194;
ElbowRight;-1.555812;0.1309404;3.189855;
ElbowLeft;-1.620491;0.05477939;3.168835;
WristRight;-1.684311;-0.07655771;3.164293;
WristLeft;-1.712708;-0.1709776;3.167085;
HandRight;-1.723705;-0.1712743;3.179159;
HandLeft;-1.739028;-0.2428578;3.170265;
Spine;-1.545888;0.0460965;3.425364;
HipCenter;-1.500829;-0.03887405;3.379263;
HipRight;-1.476719;-0.07235971;3.329343;
HipLeft;-1.517445;-0.09677818;3.418558;
KneeRight;-1.442516;-0.6882989;3.439708;
KneeLeft;-1.700237;-0.6785702;3.599677;
AnkleRight;-1.378822;-1.052296;3.462643;
AnkleLeft;-1.614117;-1.08999;3.606419;
FootRight;-1.309484;-1.096376;3.388098;
FootLeft;-1.54478;-1.13407;3.531874;
Head;-1.722982;0.6734252;3.424957;
ShoulderCenter;-1.587113;0.5026669;3.409196;
ShoulderRight;-1.48523;0.3637423;3.299057;
ShoulderLeft;-1.573361;0.3050063;3.211451;
ElbowRight;-1.592392;0.1624937;3.182177;
ElbowLeft;-1.653152;0.06105528;3.178296;
WristRight;-1.690064;-0.05946346;3.190574;
WristLeft;-1.745153;-0.1641742;3.176499;
HandRight;-1.733284;-0.1117122;3.155025;
HandLeft;-1.77582;-0.2392507;3.181138;
Spine;-1.558384;0.04561272;3.42593;
HipCenter;-1.512895;-0.03703486;3.381892;
HipRight;-1.483117;-0.07714801;3.327341;
HipLeft;-1.534591;-0.1043407;3.429706;
KneeRight;-1.472802;-0.6893553;3.450276;
KneeLeft;-1.74447;-0.6791063;3.608809;
AnkleRight;-1.378582;-1.052457;3.463575;
AnkleLeft;-1.707987;-1.084321;3.596022;
FootRight;-1.311122;-1.09582;3.387121;
FootLeft;-1.640526;-1.127685;3.519568;
Head;-1.736212;0.6639636;3.396988;
ShoulderCenter;-1.598612;0.5026592;3.411077;
ShoulderRight;-1.50739;0.3581308;3.307346;
ShoulderLeft;-1.607703;0.3260891;3.228438;
ElbowRight;-1.611924;0.1570381;3.187555;
ElbowLeft;-1.691611;0.03884247;3.204504;
WristRight;-1.74339;-0.09586351;3.060007;
WristLeft;-1.783523;-0.1861673;3.202675;
HandRight;-1.781063;-0.1683351;3.027966;
HandLeft;-1.81416;-0.2611705;3.20731;
Spine;-1.601734;0.04970068;3.433259;
HipCenter;-1.56337;-0.03496925;3.390679;
HipRight;-1.536999;-0.08240148;3.341661;
HipLeft;-1.577973;-0.09342506;3.432116;
KneeRight;-1.488426;-0.6875271;3.449784;
KneeLeft;-1.782519;-0.6737883;3.603708;
AnkleRight;-1.378443;-1.050918;3.464012;
AnkleLeft;-1.828061;-1.072229;3.589463;
FootRight;-1.446177;-1.124763;3.468441;
FootLeft;-1.766416;-1.11727;3.509162;
Head;-1.774371;0.6698227;3.378893;
ShoulderCenter;-1.664046;0.4961502;3.412244;
ShoulderRight;-1.562102;0.3479193;3.298876;
ShoulderLeft;-1.612683;0.3341381;3.225274;
ElbowRight;-1.466433;0.1131069;3.477602;
ElbowLeft;-1.695415;0.04573085;3.20469;
WristRight;-1.643842;0.1554367;3.188061;
WristLeft;-1.787216;-0.1790098;3.202836;
HandRight;-1.689904;0.08763282;3.168808;
HandLeft;-1.817817;-0.2539233;3.207465;
Spine;-1.637779;0.04155033;3.42257;
HipCenter;-1.582153;-0.03883033;3.391527;
HipRight;-1.554854;-0.08159526;3.338814;
HipLeft;-1.596845;-0.1007138;3.43737;
KneeRight;-1.489691;-0.6838345;3.4438;
KneeLeft;-1.822418;-0.6772094;3.594004;
AnkleRight;-1.378731;-1.049563;3.464387;
AnkleLeft;-1.881819;-1.021562;3.596575;
FootRight;-1.437827;-1.121269;3.450705;
FootLeft;-1.798762;-1.064176;3.537457;
Head;-1.793291;0.6741152;3.476734;
ShoulderCenter;-1.678782;0.4870671;3.405947;
ShoulderRight;-1.585671;0.343397;3.302088;
ShoulderLeft;-1.629245;0.3713883;3.245441;
ElbowRight;-1.481203;0.1094857;3.476255;
ElbowLeft;-1.696811;0.05419678;3.217742;
WristRight;-1.371497;-0.1759318;3.579565;
WristLeft;-1.788373;-0.1699576;3.215867;
HandRight;-1.32868;-0.2361536;3.561939;
HandLeft;-1.818894;-0.2446757;3.220484;
Spine;-1.687526;0.03396854;3.425412;
HipCenter;-1.635817;-0.04966779;3.397175;
HipRight;-1.616875;-0.07149566;3.367734;
HipLeft;-1.649717;-0.07880529;3.424651;
KneeRight;-1.502348;-0.6821935;3.441462;
KneeLeft;-1.818502;-0.5288327;3.550789;
AnkleRight;-1.381206;-1.051265;3.464818;
AnkleLeft;-1.867333;-0.8687631;3.588957;
FootRight;-1.298547;-1.095785;3.406826;
FootLeft;-1.784675;-0.9132834;3.530965;
Head;-1.789127;0.6487779;3.346423;
ShoulderCenter;-1.687695;0.4843993;3.405858;
ShoulderRight;-1.623858;0.3390227;3.325775;
ShoulderLeft;-1.661768;0.3737583;3.262064;
ElbowRight;-1.515382;0.09985174;3.489708;
ElbowLeft;-1.71756;0.1386642;3.226647;
WristRight;-1.388428;-0.178295;3.589849;
WristLeft;-1.809923;-0.08419083;3.225343;
HandRight;-1.319033;-0.3009211;3.592323;
HandLeft;-1.840711;-0.1584758;3.230145;
Spine;-1.693565;0.03153641;3.431696;
HipCenter;-1.638068;-0.05321784;3.413143;
HipRight;-1.617414;-0.09587657;3.480592;
HipLeft;-1.65041;-0.1201896;3.369973;
KneeRight;-1.533848;-0.6822025;3.440432;
KneeLeft;-1.821081;-0.5249673;3.535701;
AnkleRight;-1.390457;-1.052135;3.463192;
AnkleLeft;-1.889276;-0.8507547;3.610917;
FootRight;-1.301761;-1.096414;3.416008;
FootLeft;-1.864091;-0.7734365;3.565128;
Head;-1.781589;0.6730127;3.399001;
ShoulderCenter;-1.720401;0.4719559;3.41782;
ShoulderRight;-1.646396;0.3250316;3.335117;
ShoulderLeft;-1.660159;0.3264683;3.288511;
ElbowRight;-1.544374;0.08729695;3.502584;
ElbowLeft;-1.732648;0.06211008;3.279369;
WristRight;-1.408356;-0.186571;3.599685;
WristLeft;-1.823593;-0.1605339;3.277454;
HandRight;-1.339287;-0.301039;3.60328;
HandLeft;-1.853908;-0.2347486;3.28204;
Spine;-1.752357;0.0407101;3.423988;
HipCenter;-1.696772;-0.04154224;3.410781;
HipRight;-1.685702;-0.07737283;3.356154;
HipLeft;-1.703057;-0.09032369;3.461326;
KneeRight;-1.565264;-0.6763278;3.437642;
KneeLeft;-1.853962;-0.5742016;3.548445;
AnkleRight;-1.396552;-1.044769;3.460279;
AnkleLeft;-1.889578;-0.9032949;3.625991;
FootRight;-1.449068;-1.121516;3.461887;
FootLeft;-1.884752;-0.8179734;3.589283;
Head;-1.782757;0.6655337;3.387051;
ShoulderCenter;-1.751132;0.4712141;3.43871;
ShoulderRight;-1.674878;0.3057872;3.347517;
ShoulderLeft;-1.684903;0.2516176;3.319336;
ElbowRight;-1.574715;0.05327457;3.495371;
ElbowLeft;-1.754982;-0.02313882;3.329422;
WristRight;-1.416771;-0.203707;3.600971;
WristLeft;-1.845699;-0.2452239;3.327487;
HandRight;-1.358249;-0.3228495;3.608811;
HandLeft;-1.875938;-0.3192523;3.332061;
Spine;-1.750792;-0.02005617;3.516889;
HipCenter;-1.692181;-0.1149906;3.508872;
HipRight;-1.679974;-0.1198015;3.588091;
HipLeft;-1.69491;-0.1971803;3.437248;
KneeRight;-1.620143;-0.6718986;3.440759;
KneeLeft;-1.825159;-0.6612357;3.626301;
AnkleRight;-1.414204;-1.047589;3.462682;
AnkleLeft;-1.639977;-0.7134301;3.306403;
FootRight;-1.462957;-1.126633;3.459861;
FootLeft;-1.549588;-0.7587528;3.26488;
Head;-1.767126;0.4969185;3.320556;
ShoulderCenter;-1.758569;0.4374523;3.485695;
ShoulderRight;-1.682245;0.2688844;3.393276;
ShoulderLeft;-1.725608;0.1361748;3.341272;
ElbowRight;-1.612395;0.03031914;3.570946;
ElbowLeft;-1.795687;-0.1385816;3.351371;
WristRight;-1.482455;-0.2311878;3.637818;
WristLeft;-1.886202;-0.360173;3.349412;
HandRight;-1.436176;-0.3047532;3.632723;
HandLeft;-1.916374;-0.4340368;3.353977;
Spine;-1.769034;-0.04706079;3.564337;
HipCenter;-1.722415;-0.1438638;3.543018;
HipRight;-1.694479;-0.1449435;3.605777;
HipLeft;-1.741957;-0.2228522;3.482615;
KneeRight;-1.657918;-0.6723592;3.44145;
KneeLeft;-1.855936;-0.6485029;3.664862;
AnkleRight;-1.432104;-1.045958;3.462896;
AnkleLeft;-1.71873;-0.7037029;3.32041;
FootRight;-1.461405;-1.133983;3.459365;
FootLeft;-1.642863;-0.7511758;3.257798;
Head;-1.777065;0.4227185;3.48109;
ShoulderCenter;-1.729028;0.2262235;3.520494;
ShoulderRight;-1.652704;0.05765562;3.428075;
ShoulderLeft;-1.735193;0.06342589;3.458988;
ElbowRight;-1.65491;-0.05728414;3.677724;
ElbowLeft;-1.806813;-0.251925;3.430208;
WristRight;-1.522151;-0.2560307;3.659332;
WristLeft;-1.893691;-0.4742499;3.427128;
HandRight;-1.48158;-0.3210525;3.654357;
HandLeft;-1.922651;-0.5483581;3.431303;
Spine;-1.753298;-0.02790179;3.646358;
HipCenter;-1.778531;-0.08991875;3.623052;
HipRight;-1.731122;-0.1113293;3.766587;
HipLeft;-1.851789;-0.2335838;3.52492;
KneeRight;-1.737297;-0.5464694;3.436549;
KneeLeft;-1.890123;-0.6845103;3.758732;
AnkleRight;-1.513107;-0.9559664;3.445065;
AnkleLeft;-1.754648;-0.7498927;3.383995;
FootRight;-1.5456;-1.014166;3.35876;
FootLeft;-1.84308;-0.7983921;3.458522;
Head;-1.783585;0.3552572;3.605054;
ShoulderCenter;-1.781252;0.1661792;3.670428;
ShoulderRight;-1.704928;-0.002388716;3.578009;
ShoulderLeft;-1.796695;0.0376344;3.408152;
ElbowRight;-1.823018;-0.05631103;3.347672;
ElbowLeft;-1.793687;-0.1999745;3.395168;
WristRight;-1.623289;-0.2133286;3.452416;
WristLeft;-1.926369;-0.3975991;3.390338;
HandRight;-1.577011;-0.2868939;3.447322;
HandLeft;-1.970596;-0.463474;3.393912;
Spine;-1.819342;-0.02439363;3.797234;
HipCenter;-1.779238;-0.07542406;3.797571;
HipRight;-1.728486;-0.09748631;3.871624;
HipLeft;-1.829052;-0.1658113;3.775455;
KneeRight;-1.709197;-0.6320933;3.514435;
KneeLeft;-1.916927;-0.6610761;3.898221;
AnkleRight;-1.498348;-0.8992259;3.544438;
AnkleLeft;-1.776065;-0.7557166;3.431907;
FootRight;-1.532281;-1.012215;3.502581;
FootLeft;-1.697179;-0.8141092;3.384832;
Head;-1.817584;0.3719034;3.602343;
ShoulderCenter;-1.819315;0.1158464;3.674568;
ShoulderRight;-1.742991;-0.05272157;3.582149;
ShoulderLeft;-1.834758;-0.01269846;3.412292;
ElbowRight;-1.860733;-0.106485;3.35249;
ElbowLeft;-1.80215;-0.1997349;3.52466;
WristRight;-1.661352;-0.2636614;3.456692;
WristLeft;-1.965648;-0.2772155;3.355184;
HandRight;-1.615074;-0.3372268;3.451597;
HandLeft;-2.020147;-0.3030423;3.303861;
Spine;-1.842992;-0.1369789;3.803437;
HipCenter;-1.79849;-0.1946835;3.804719;
HipRight;-1.754301;-0.2157377;3.869912;
HipLeft;-1.835834;-0.2756906;3.777204;
KneeRight;-1.749133;-0.7350169;3.492404;
KneeLeft;-1.924467;-0.7302897;3.939899;
AnkleRight;-1.522111;-0.9900705;3.515517;
AnkleLeft;-1.785946;-0.7740997;3.464983;
FootRight;-1.596617;-1.089061;3.49904;
FootLeft;-1.703383;-0.8270388;3.418154;
Head;-1.864367;0.3973455;3.597059;
ShoulderCenter;-1.85969;0.1379292;3.669902;
ShoulderRight;-1.783365;-0.0306387;3.577483;
ShoulderLeft;-1.875132;0.009384422;3.407626;
ElbowRight;-1.900745;-0.0842365;3.348454;
ElbowLeft;-1.871308;-0.1743387;3.526614;
WristRight;-1.701727;-0.2415786;3.452049;
WristLeft;-1.97405;-0.3872446;3.496658;
HandRight;-1.655449;-0.315144;3.446955;
HandLeft;-2.008297;-0.4582132;3.491839;
Spine;-1.886586;-0.228819;3.803152;
HipCenter;-1.8421;-0.3079579;3.805537;
HipRight;-1.804128;-0.3126579;3.797279;
HipLeft;-1.878136;-0.3483305;3.825935;
KneeRight;-1.769384;-0.8136076;3.450561;
KneeLeft;-1.974351;-0.9097624;3.968311;
AnkleRight;-1.582288;-1.102935;3.444013;
AnkleLeft;-1.836151;-0.959567;3.494301;
FootRight;-1.498914;-1.154493;3.397349;
FootLeft;-1.752777;-1.011124;3.447636;
Head;-1.921011;0.3668608;3.643688;
ShoulderCenter;-1.917938;0.1083221;3.71635;
ShoulderRight;-1.841614;-0.06024582;3.623931;
ShoulderLeft;-1.933381;-0.0202227;3.454074;
ElbowRight;-1.928511;0.1191751;3.720488;
ElbowLeft;-1.909463;-0.1515148;3.618732;
WristRight;-1.767947;-0.1480056;3.633602;
WristLeft;-2.015043;-0.3598028;3.566679;
HandRight;-1.702245;-0.2538924;3.619872;
HandLeft;-2.050237;-0.4292322;3.554494;
Spine;-1.967668;-0.298124;3.818938;
HipCenter;-1.928097;-0.3851765;3.815135;
HipRight;-1.895715;-0.4007535;3.797567;
HipLeft;-1.961517;-0.4200042;3.84121;
KneeRight;-1.829767;-0.9495498;3.477497;
KneeLeft;-2.104747;-0.9506607;3.968307;
AnkleRight;-1.699246;-1.135798;3.45755;
AnkleLeft;-1.856274;-0.9971472;3.544612;
FootRight;-1.781215;-1.059201;3.41873;
FootLeft;-1.77304;-1.048799;3.497966;
