Floor;-0.0001222757;0.9999442;0.01057102;1.047219;
Head;-0.5440382;0.6193059;3.300136;
ShoulderCenter;-0.6801794;0.432108;3.196579;
ShoulderRight;-0.5673905;0.1836445;3.251201;
ShoulderLeft;-0.7050308;0.3028983;3.06846;
ElbowRight;-0.5655759;-0.0129572;3.246019;
ElbowLeft;-0.7266846;0.03747857;3.007244;
WristRight;-0.5543263;-0.2439266;3.366415;
WristLeft;-0.6129344;-0.2053115;2.990485;
HandRight;-0.5505764;-0.3209165;3.411649;
HandLeft;-0.5763911;-0.2959386;2.99282;
Spine;-0.6438339;0.008745149;3.197173;
HipCenter;-0.6365649;-0.07592742;3.201033;
HipRight;-0.6007357;-0.1593712;3.239206;
HipLeft;-0.6626738;-0.1057069;3.160442;
KneeRight;-0.5497437;-0.6173295;3.372973;
KneeLeft;-0.6692911;-0.6423942;3.151631;
AnkleRight;-0.9075494;-0.9742634;3.342283;
AnkleLeft;-0.7324176;-1.041908;3.191087;
FootRight;-0.8745821;-1.07297;3.361825;
FootLeft;-0.6720812;-1.088874;3.207785;
Head;-0.7009649;0.6761677;3.270458;
ShoulderCenter;-0.6421902;0.4348823;3.204542;
ShoulderRight;-0.516396;0.1456502;3.243743;
ShoulderLeft;-0.6615562;0.3042575;3.065481;
ElbowRight;-0.5097312;-0.04185897;3.276467;
ElbowLeft;-0.6534997;0.04056519;3.000771;
WristRight;-0.5382553;-0.253894;3.102065;
WristLeft;-0.499378;-0.1774422;2.9799;
HandRight;-0.467665;-0.2898702;2.959325;
HandLeft;-0.4538128;-0.2608472;2.962665;
Spine;-0.6114316;0.05094868;3.19649;
HipCenter;-0.6061958;-0.02590492;3.19816;
HipRight;-0.5707706;-0.1125398;3.213449;
HipLeft;-0.6346821;-0.04112241;3.177935;
KneeRight;-0.5123905;-0.6314158;3.369828;
KneeLeft;-0.664564;-0.6415984;3.147977;
AnkleRight;-0.845385;-0.9091757;3.327641;
AnkleLeft;-0.7327095;-1.041759;3.188666;
FootRight;-0.7555603;-0.9866952;3.34506;
FootLeft;-0.6582489;-1.088206;3.201113;
Head;-0.6341045;0.6899886;3.266664;
ShoulderCenter;-0.6022416;0.4419262;3.215554;
ShoulderRight;-0.4843434;0.1516868;3.252825;
ShoulderLeft;-0.6312742;0.3072677;3.069433;
ElbowRight;-0.6618974;0.1128811;3.05392;
ElbowLeft;-0.561509;0.05761322;2.989208;
WristRight;-0.4351493;-0.03323001;2.979213;
WristLeft;-0.3997436;-0.166088;2.96463;
HandRight;-0.3884757;-0.1407988;2.978323;
HandLeft;-0.3723115;-0.2471764;2.978199;
Spine;-0.5752676;-0.02970857;3.199938;
HipCenter;-0.5706775;-0.1241774;3.200392;
HipRight;-0.5354794;-0.2085928;3.210864;
HipLeft;-0.6010624;-0.1388219;3.18447;
KneeRight;-0.4856636;-0.6545849;3.378706;
KneeLeft;-0.6457059;-0.6436491;3.162477;
AnkleRight;-0.5951186;-1.046955;3.332814;
AnkleLeft;-0.7311665;-1.041429;3.189665;
FootRight;-0.5856814;-1.100426;3.408763;
FootLeft;-0.6604408;-1.083298;3.20189;
Head;-0.5472797;0.6951004;3.280979;
ShoulderCenter;-0.5706763;0.4482296;3.229511;
ShoulderRight;-0.4472221;0.1591091;3.26808;
ShoulderLeft;-0.6037343;0.3043665;3.074055;
ElbowRight;-0.636475;0.1180272;3.06473;
ElbowLeft;-0.5070112;0.07068675;2.992911;
WristRight;-0.4334248;-0.06431492;2.981387;
WristLeft;-0.3281675;-0.1449515;2.954055;
HandRight;-0.2393334;-0.2278621;2.957789;
HandLeft;-0.2780253;-0.2117347;2.954655;
Spine;-0.5356358;-0.07382572;3.253132;
HipCenter;-0.5300037;-0.1785116;3.261347;
HipRight;-0.4927953;-0.2679653;3.295423;
HipLeft;-0.561057;-0.2034655;3.229748;
KneeRight;-0.4204295;-0.6704021;3.396329;
KneeLeft;-0.6349584;-0.6437765;3.164862;
AnkleRight;-0.5286586;-1.014287;3.339362;
AnkleLeft;-0.7294314;-1.041974;3.193247;
FootRight;-0.4293325;-1.067401;3.382766;
FootLeft;-0.6527489;-1.086986;3.200589;
Head;-0.4634346;0.6823727;3.320313;
ShoulderCenter;-0.5203802;0.4441959;3.241906;
ShoulderRight;-0.4489675;0.3135836;3.225741;
ShoulderLeft;-0.5395714;0.3167368;3.098847;
ElbowRight;-0.5789343;0.09827021;3.063593;
ElbowLeft;-0.4287202;0.0599516;2.991233;
WristRight;-0.3607909;-0.0847505;2.987753;
WristLeft;-0.2371953;-0.1272594;2.947412;
HandRight;-0.296094;-0.08783918;3.031402;
HandLeft;-0.1861532;-0.183761;2.964811;
Spine;-0.4991627;-0.02367924;3.218669;
HipCenter;-0.4949192;-0.1172543;3.217953;
HipRight;-0.4729586;-0.1526906;3.243734;
HipLeft;-0.5137303;-0.1512717;3.187219;
KneeRight;-0.3699805;-0.6525117;3.391423;
KneeLeft;-0.614053;-0.640545;3.163394;
AnkleRight;-0.386186;-1.024546;3.370289;
AnkleLeft;-0.7259325;-1.041715;3.19266;
FootRight;-0.3035755;-1.07093;3.393024;
FootLeft;-0.6511937;-1.084769;3.197622;
Head;-0.3551708;0.6249063;3.401515;
ShoulderCenter;-0.4846334;0.4391725;3.25717;
ShoulderRight;-0.4132208;0.3085603;3.241005;
ShoulderLeft;-0.5207378;0.3006744;3.10023;
ElbowRight;-0.5431876;0.09324683;3.079178;
ElbowLeft;-0.3612748;0.06180321;2.984082;
WristRight;-0.2894797;-0.05394229;3.002728;
WristLeft;-0.1788842;-0.09820977;2.951303;
HandRight;-0.2447829;-0.1026049;3.036908;
HandLeft;-0.1075245;-0.1607738;2.970342;
Spine;-0.4626314;0.01116394;3.221142;
HipCenter;-0.4591239;-0.07431231;3.217426;
HipRight;-0.4339578;-0.113659;3.248326;
HipLeft;-0.4831849;-0.1222161;3.177641;
KneeRight;-0.3368472;-0.6428974;3.390174;
KneeLeft;-0.5775999;-0.622768;3.177457;
AnkleRight;-0.2781503;-0.9985328;3.383259;
AnkleLeft;-0.7182211;-1.02985;3.187868;
FootRight;-0.1777973;-1.042153;3.429201;
FootLeft;-0.6512252;-1.085799;3.196558;
Head;-0.3129372;0.6369367;3.404646;
ShoulderCenter;-0.4320095;0.434999;3.280202;
ShoulderRight;-0.3605968;0.3043868;3.264037;
ShoulderLeft;-0.4750802;0.2907766;3.111179;
ElbowRight;-0.4905635;0.08907333;3.102258;
ElbowLeft;-0.3101162;0.06410712;2.97962;
WristRight;-0.2268159;-0.05348228;3.033454;
WristLeft;-0.1201728;-0.08406027;2.969929;
HandRight;-0.1819981;-0.0940965;3.078171;
HandLeft;-0.04984353;-0.1452523;2.99949;
Spine;-0.4413374;-0.003779829;3.216989;
HipCenter;-0.4403285;-0.09194718;3.209293;
HipRight;-0.4143501;-0.1311513;3.236464;
HipLeft;-0.4670371;-0.1361681;3.169836;
KneeRight;-0.3038146;-0.6504777;3.394021;
KneeLeft;-0.5795993;-0.643451;3.169111;
AnkleRight;-0.1431723;-1.022241;3.411809;
AnkleLeft;-0.7199992;-1.032726;3.189986;
FootRight;-0.03127839;-1.051001;3.446032;
FootLeft;-0.6494554;-1.086862;3.194943;
Head;-0.2722317;0.6340925;3.396507;
ShoulderCenter;-0.4053124;0.4358706;3.283184;
ShoulderRight;-0.3338997;0.3052584;3.267019;
ShoulderLeft;-0.4264286;0.2891595;3.131085;
ElbowRight;-0.4638664;0.08994494;3.105254;
ElbowLeft;-0.30084;0.08859573;2.991491;
WristRight;-0.1935274;-0.04405817;3.041992;
WristLeft;-0.08510298;-0.04710031;2.980619;
HandRight;-0.1368455;-0.04612246;3.092597;
HandLeft;-0.03311329;-0.1243915;2.999643;
Spine;-0.4027313;-0.01348592;3.214931;
HipCenter;-0.403679;-0.1032513;3.205214;
HipRight;-0.3833769;-0.136637;3.229202;
HipLeft;-0.4252747;-0.1446612;3.168932;
KneeRight;-0.2455558;-0.6698543;3.40333;
KneeLeft;-0.545528;-0.6455999;3.191216;
AnkleRight;-0.04389546;-1.026689;3.421723;
AnkleLeft;-0.7207612;-1.036927;3.191571;
FootRight;0.07449681;-1.0344;3.43734;
FootLeft;-0.6477511;-1.086795;3.19401;
Head;-0.2242328;0.6375738;3.400762;
ShoulderCenter;-0.3473487;0.4310465;3.29177;
ShoulderRight;-0.3710958;0.366803;3.14455;
ShoulderLeft;-0.391863;0.2850668;3.1354;
ElbowRight;-0.5019366;0.152349;3.287931;
ElbowLeft;-0.2166465;0.06213473;2.989327;
WristRight;-0.2494484;0.03373098;3.146444;
WristLeft;-0.03673203;-0.07306305;2.995409;
HandRight;-0.2025127;-0.01549551;3.181878;
HandLeft;0.0553354;-0.1159587;3.01662;
Spine;-0.3353063;-0.03181645;3.286684;
HipCenter;-0.3455499;-0.113487;3.220886;
HipRight;-0.3446414;-0.1368064;3.250891;
HipLeft;-0.3485743;-0.1739557;3.17619;
KneeRight;-0.2229805;-0.6623997;3.40692;
KneeLeft;-0.5328406;-0.6527245;3.191489;
AnkleRight;-0.0767666;-1.004389;3.408244;
AnkleLeft;-0.7200835;-1.039137;3.19214;
FootRight;0.04103367;-1.029605;3.426021;
FootLeft;-0.6443114;-1.087659;3.189826;
Head;-0.1765481;0.6161761;3.434119;
ShoulderCenter;-0.3130699;0.4291212;3.296267;
ShoulderRight;-0.2681579;0.2039798;3.069947;
ShoulderLeft;-0.3342236;0.2782307;3.146971;
ElbowRight;-0.4354561;0.08680617;3.2671;
ElbowLeft;-0.1952488;0.05899621;2.998106;
WristRight;-0.1711692;-0.008110814;3.128659;
WristLeft;-0.002671614;-0.05743049;3.007551;
HandRight;-0.1173326;-0.05443776;3.155824;
HandLeft;0.06919493;-0.08359085;3.022664;
Spine;-0.2713304;-0.06605561;3.275903;
HipCenter;-0.3140269;-0.1576123;3.225807;
HipRight;-0.2946514;-0.2060107;3.257241;
HipLeft;-0.3432915;-0.1776221;3.178843;
KneeRight;-0.1828659;-0.6496738;3.410385;
KneeLeft;-0.4969536;-0.668697;3.192627;
AnkleRight;-0.05038298;-1.00638;3.404826;
AnkleLeft;-0.7178528;-1.040038;3.19222;
FootRight;-0.1192482;-1.050402;3.335285;
FootLeft;-0.786718;-1.08406;3.122679;
Head;-0.2268177;0.6650078;3.414253;
ShoulderCenter;-0.2556919;0.4230739;3.31304;
ShoulderRight;-0.285174;0.3529022;3.140572;
ShoulderLeft;-0.286502;0.2774387;3.157971;
ElbowRight;-0.4144307;0.152233;3.30296;
ElbowLeft;-0.1447921;0.05232307;3.01994;
WristRight;-0.1683687;0.01848155;3.160454;
WristLeft;0.04426974;-0.07201938;3.024057;
HandRight;-0.1163183;0.003758108;3.215104;
HandLeft;0.131241;-0.1234265;3.048878;
Spine;-0.190296;-0.05069601;3.272741;
HipCenter;-0.2475919;-0.1456959;3.262132;
HipRight;-0.2476484;-0.1723892;3.266165;
HipLeft;-0.2470541;-0.152796;3.254128;
KneeRight;-0.1321068;-0.6574327;3.428866;
KneeLeft;-0.4687907;-0.6791601;3.196398;
AnkleRight;-0.0473045;-1.002007;3.403246;
AnkleLeft;-0.7021911;-1.039582;3.195003;
FootRight;-0.1423296;-1.049846;3.39405;
FootLeft;-0.7972162;-1.08742;3.185807;
Head;-0.2707051;0.6670583;3.402235;
ShoulderCenter;-0.2250175;0.4252012;3.320939;
ShoulderRight;-0.1881994;0.3322851;3.213462;
ShoulderLeft;-0.2295553;0.2816019;3.161907;
ElbowRight;-0.3493531;0.1334311;3.350012;
ElbowLeft;-0.1258892;0.05492289;3.03775;
WristRight;-0.105524;-0.0003394634;3.206355;
WristLeft;0.105001;-0.1008277;3.045584;
HandRight;-0.03925094;-0.03600416;3.221572;
HandLeft;0.1643792;-0.1431343;3.069668;
Spine;-0.2841494;-0.04433862;3.303112;
HipCenter;-0.2412378;-0.1320098;3.25643;
HipRight;-0.239152;-0.1722385;3.280927;
HipLeft;-0.2425997;-0.1526982;3.199757;
KneeRight;-0.08549206;-0.6648795;3.44751;
KneeLeft;-0.3800367;-0.6708795;3.21537;
AnkleRight;-0.04003288;-1.008938;3.401414;
AnkleLeft;-0.6468434;-1.00439;3.176561;
FootRight;0.05226898;-1.067826;3.458021;
FootLeft;-0.612665;-1.088783;3.179566;
Head;-0.1953367;0.6837026;3.404387;
ShoulderCenter;-0.1733454;0.4380956;3.336794;
ShoulderRight;-0.1228356;0.3141706;3.20799;
ShoulderLeft;-0.20617;0.2864192;3.179137;
ElbowRight;-0.2876606;0.1240887;3.348738;
ElbowLeft;-0.0908144;0.05473874;3.056908;
WristRight;-0.04528832;-0.02066639;3.217961;
WristLeft;0.108119;-0.1053812;3.049713;
HandRight;0.03550243;-0.06891811;3.179678;
HandLeft;0.1649792;-0.1518441;3.071671;
Spine;-0.1703312;-0.00934488;3.34445;
HipCenter;-0.1497609;-0.08903776;3.282783;
HipRight;-0.1320242;-0.1383846;3.314989;
HipLeft;-0.1637299;-0.1239036;3.239404;
KneeRight;-0.0679938;-0.658764;3.441077;
KneeLeft;-0.3182457;-0.6796049;3.209886;
AnkleRight;-0.03869749;-1.004717;3.401703;
AnkleLeft;-0.6008279;-0.9846002;3.184763;
FootRight;0.05030206;-1.067647;3.463373;
FootLeft;-0.5858218;-1.087996;3.201898;
Head;-0.09876433;0.6860701;3.436518;
ShoulderCenter;-0.1349549;0.444732;3.352213;
ShoulderRight;-0.08444504;0.320807;3.223409;
ShoulderLeft;-0.1617477;0.2960731;3.197664;
ElbowRight;-0.2475527;0.1090159;3.336953;
ElbowLeft;-0.07190955;0.0475392;3.066617;
WristRight;-0.03435627;-0.04598904;3.169471;
WristLeft;0.1067302;-0.1067776;3.054656;
HandRight;0.0005345605;-0.1131415;3.16233;
HandLeft;0.1706798;-0.18109;3.085706;
Spine;-0.1427349;-0.007552357;3.353417;
HipCenter;-0.1248496;-0.0876516;3.29048;
HipRight;-0.1080245;-0.1304705;3.315967;
HipLeft;-0.1368195;-0.118977;3.256196;
KneeRight;-0.02641018;-0.6662092;3.437732;
KneeLeft;-0.1893402;-0.6320703;3.218166;
AnkleRight;-0.03539045;-1.011775;3.401352;
AnkleLeft;-0.5381299;-0.943697;3.190596;
FootRight;0.02696211;-1.076414;3.418362;
FootLeft;-0.5332857;-1.053625;3.203089;
Head;-0.07346316;0.6902084;3.414522;
ShoulderCenter;-0.1082899;0.4461911;3.357743;
ShoulderRight;-0.05778011;0.3222662;3.228939;
ShoulderLeft;-0.1387594;0.3009806;3.20599;
ElbowRight;-0.2183928;0.1100399;3.344145;
ElbowLeft;-0.05368067;0.05264159;3.083043;
WristRight;-0.01753205;-0.06261407;3.179341;
WristLeft;0.136828;-0.169886;3.097728;
HandRight;0.1627811;-0.2573445;3.094738;
HandLeft;0.1794353;-0.2318958;3.099335;
Spine;-0.1161102;-0.0096496;3.348251;
HipCenter;-0.1010036;-0.08897611;3.282452;
HipRight;-0.08016885;-0.1265616;3.299904;
HipLeft;-0.1198925;-0.1150565;3.253548;
KneeRight;0.003754076;-0.6755763;3.417229;
KneeLeft;-0.1331851;-0.6326334;3.226474;
AnkleRight;-0.03074729;-1.018824;3.399202;
AnkleLeft;-0.4726514;-0.9479174;3.199408;
FootRight;0.06251294;-1.075049;3.453694;
FootLeft;-0.460082;-1.049812;3.206874;
Head;0.009482861;0.6872845;3.407881;
ShoulderCenter;-0.07045723;0.4545616;3.368933;
ShoulderRight;-0.01994744;0.3306366;3.240129;
ShoulderLeft;-0.143346;0.2643006;3.245179;
ElbowRight;-0.1874466;0.120986;3.349973;
ElbowLeft;-0.03147375;0.04601067;3.101778;
WristRight;0.00543952;-0.07463972;3.205548;
WristLeft;0.1295312;-0.1690193;3.098665;
HandRight;0.03719715;-0.1382058;3.228455;
HandLeft;0.1570066;-0.2538861;3.100013;
Spine;-0.03028291;-0.01419017;3.365352;
HipCenter;-0.0314703;-0.09787893;3.298779;
HipRight;-0.0006216776;-0.1374022;3.303767;
HipLeft;-0.05807122;-0.1261734;3.283077;
KneeRight;0.09057869;-0.6984093;3.437317;
KneeLeft;-0.04849777;-0.6299083;3.240141;
AnkleRight;-0.03041482;-1.020764;3.398578;
AnkleLeft;-0.3871538;-0.9263369;3.195307;
FootRight;0.0403734;-1.06592;3.434221;
FootLeft;-0.3601739;-1.012258;3.18242;
Head;0.1195882;0.6402339;3.490335;
ShoulderCenter;-0.03966643;0.4631131;3.383014;
ShoulderRight;0.01084335;0.3391882;3.25421;
ShoulderLeft;-0.07340779;0.267472;3.221153;
ElbowRight;-0.1519079;0.1294842;3.367636;
ElbowLeft;-0.02337419;0.05304326;3.121121;
WristRight;-0.006312907;-0.115832;3.251062;
WristLeft;0.1241724;-0.1713082;3.101691;
HandRight;0.02546277;-0.1785647;3.275143;
HandLeft;0.1506403;-0.2618126;3.103764;
Spine;-0.03639287;-0.02049189;3.352689;
HipCenter;-0.0185306;-0.102731;3.28117;
HipRight;0.005575782;-0.1398375;3.289753;
HipLeft;-0.03813661;-0.1258621;3.259709;
KneeRight;0.08673822;-0.6975993;3.370604;
KneeLeft;0.01626515;-0.6220801;3.258939;
AnkleRight;-0.02955893;-1.01458;3.401224;
AnkleLeft;-0.2893304;-0.926656;3.196244;
FootRight;0.05680766;-1.071588;3.448525;
FootLeft;-0.2466641;-1.040884;3.221493;
Head;-0.01916854;0.7021841;3.426432;
ShoulderCenter;0.009332318;0.458271;3.372507;
ShoulderRight;0.05984215;0.334346;3.243703;
ShoulderLeft;-0.0542974;0.2703043;3.224416;
ElbowRight;-0.1088342;0.1224502;3.357753;
ElbowLeft;0.008668352;0.03738448;3.138148;
WristRight;0.02960633;-0.1097918;3.195534;
WristLeft;0.09675137;-0.2049752;3.13215;
HandRight;0.06141426;-0.1725881;3.21964;
HandLeft;0.1153223;-0.3037981;3.136935;
Spine;0.0360653;0.0199974;3.408463;
HipCenter;0.04979532;-0.06230861;3.352183;
HipRight;0.07893787;-0.09822901;3.385451;
HipLeft;0.0273851;-0.1130034;3.312875;
KneeRight;0.2061921;-0.6345819;3.434922;
KneeLeft;0.07652565;-0.6320749;3.295549;
AnkleRight;-0.02962003;-0.9989077;3.374374;
AnkleLeft;-0.1773083;-0.9355264;3.218017;
FootRight;0.04781317;-1.070837;3.439485;
FootLeft;-0.143026;-1.02019;3.209349;
Head;-0.01752828;0.6999683;3.464396;
ShoulderCenter;0.04288635;0.4666664;3.379363;
ShoulderRight;0.05503199;0.3955508;3.281952;
ShoulderLeft;-0.02970608;0.2767004;3.240734;
ElbowRight;-0.1111022;0.1842316;3.39509;
ElbowLeft;0.01332976;0.04447113;3.146171;
WristRight;0.0250054;-0.04725;3.234352;
WristLeft;0.09652673;-0.2051522;3.132401;
HandRight;0.0567216;-0.1098652;3.258389;
HandLeft;0.1066792;-0.2965929;3.134056;
Spine;0.04242304;0.01150281;3.404773;
HipCenter;0.06613556;-0.07314815;3.351608;
HipRight;0.08999413;-0.111564;3.370834;
HipLeft;0.05254439;-0.1076685;3.329243;
KneeRight;0.005444165;-0.6311388;3.445768;
KneeLeft;0.1732836;-0.6284606;3.285831;
AnkleRight;-0.117493;-0.9426153;3.35849;
AnkleLeft;-0.06601324;-0.9689485;3.257809;
FootRight;-0.02118983;-1.011632;3.394452;
FootLeft;-0.01598983;-1.044343;3.271548;
Head;0.03621379;0.7160417;3.426059;
ShoulderCenter;0.07534199;0.4747073;3.381124;
ShoulderRight;0.0778785;0.4012004;3.282444;
ShoulderLeft;0.008730751;0.2763063;3.249;
ElbowRight;0.04590006;0.1118761;3.154641;
ElbowLeft;0.02360635;0.0451557;3.150429;
WristRight;0.1571119;-0.05064978;3.373967;
WristLeft;0.09985565;-0.2126769;3.139198;
HandRight;0.2291174;-0.03510039;3.385774;
HandLeft;0.1038759;-0.2871702;3.139943;
Spine;0.08716548;0.01338799;3.416283;
HipCenter;0.1093664;-0.07463814;3.367413;
HipRight;0.1250574;-0.1131358;3.365454;
HipLeft;0.09415334;-0.1040908;3.368003;
KneeRight;0.04655091;-0.6402558;3.450797;
KneeLeft;0.235786;-0.6220002;3.293152;
AnkleRight;-0.04940095;-1.059691;3.385229;
AnkleLeft;0.03255489;-1.00214;3.280267;
FootRight;0.01525789;-1.163629;3.406887;
FootLeft;0.1386412;-1.064709;3.297117;
Head;0.04207657;0.6937017;3.385882;
ShoulderCenter;0.1161613;0.4674901;3.389282;
ShoulderRight;0.1901904;0.3520242;3.313263;
ShoulderLeft;0.03996027;0.2722606;3.288437;
ElbowRight;0.08570793;0.2143804;3.135501;
ElbowLeft;0.0437505;0.05540936;3.153248;
WristRight;0.1930726;0.04680561;3.351302;
WristLeft;0.09531133;-0.197227;3.14563;
HandRight;0.2226787;-0.01262533;3.38345;
HandLeft;0.1008304;-0.2802654;3.143009;
Spine;0.1401706;0.015869;3.425597;
HipCenter;0.1539566;-0.0706919;3.377177;
HipRight;0.1941783;-0.1168592;3.379984;
HipLeft;0.1107924;-0.1019874;3.369734;
KneeRight;0.06084935;-0.6392616;3.456893;
KneeLeft;0.3083891;-0.6201712;3.301002;
AnkleRight;-0.02165033;-1.011266;3.392001;
AnkleLeft;0.1422392;-1.026855;3.286833;
FootRight;0.04290075;-1.115032;3.413623;
FootLeft;0.2553336;-1.067154;3.318254;
Head;0.160691;0.7085511;3.423232;
ShoulderCenter;0.1588085;0.4706036;3.417575;
ShoulderRight;0.2278096;0.355625;3.33977;
ShoulderLeft;0.1290393;0.3210223;3.26172;
ElbowRight;0.2888231;0.1487997;3.521568;
ElbowLeft;0.06556255;0.04837998;3.159955;
WristRight;0.3911586;-0.08552192;3.668156;
WristLeft;0.09553741;-0.1905568;3.146315;
HandRight;0.4470137;-0.1315523;3.657132;
HandLeft;0.09745842;-0.280335;3.144717;
Spine;0.1356161;0.01453161;3.41185;
HipCenter;0.1705432;-0.06971969;3.367977;
HipRight;0.1964661;-0.1160018;3.381042;
HipLeft;0.1607761;-0.09068719;3.33071;
KneeRight;0.07664477;-0.6403904;3.458206;
KneeLeft;0.360115;-0.6287947;3.297327;
AnkleRight;-0.01907168;-1.016822;3.395436;
AnkleLeft;0.2858158;-1.032713;3.28273;
FootRight;0.06865934;-1.071554;3.463222;
FootLeft;0.4009381;-1.071993;3.304894;
Head;0.3109007;0.667948;3.445435;
ShoulderCenter;0.1981717;0.4549043;3.402919;
ShoulderRight;0.1438535;0.3477626;3.212213;
ShoulderLeft;0.153842;0.3117243;3.266901;
ElbowRight;0.2587686;0.1800146;3.404931;
ElbowLeft;0.1067482;0.0516672;3.172948;
WristRight;0.4126772;-0.006119639;3.570785;
WristLeft;0.1108163;-0.1711065;3.142289;
HandRight;0.4653468;-0.07252976;3.622209;
HandLeft;0.1029616;-0.2699266;3.143587;
Spine;0.2723864;0.004601521;3.359666;
HipCenter;0.226124;-0.08925273;3.36347;
HipRight;0.2145241;-0.1060329;3.374925;
HipLeft;0.2294292;-0.1038479;3.352455;
KneeRight;0.09875798;-0.6353424;3.462166;
KneeLeft;0.3538062;-0.690012;3.33032;
AnkleRight;-0.01705408;-1.019573;3.39653;
AnkleLeft;0.427236;-1.03731;3.288682;
FootRight;-0.1115211;-1.070713;3.409232;
FootLeft;0.332769;-1.08845;3.301384;
Head;0.2155677;0.6883924;3.456119;
ShoulderCenter;0.2402361;0.4486362;3.40328;
ShoulderRight;0.2254305;0.3801781;3.303003;
ShoulderLeft;0.2118643;0.3039764;3.27519;
ElbowRight;0.3309089;0.187166;3.479258;
ElbowLeft;0.1274619;0.03325313;3.179102;
WristRight;0.4898467;-0.004533082;3.634449;
WristLeft;0.1193968;-0.1893662;3.149769;
HandRight;0.6358209;-0.1569193;3.743681;
HandLeft;0.1122701;-0.2885123;3.151621;
Spine;0.2217409;0.007063722;3.408756;
HipCenter;0.266757;-0.07523974;3.375589;
HipRight;0.273985;-0.0960369;3.381639;
HipLeft;0.2603663;-0.09147477;3.365571;
KneeRight;0.1276783;-0.6870175;3.466108;
KneeLeft;0.3397236;-0.6344674;3.323674;
AnkleRight;-0.009631291;-0.9954764;3.39045;
AnkleLeft;0.548788;-1.044398;3.31821;
FootRight;0.05148019;-1.069688;3.421776;
FootLeft;0.6681321;-1.06806;3.34333;
Head;0.2405502;0.6783367;3.478353;
ShoulderCenter;0.2718623;0.4404244;3.409064;
ShoulderRight;0.4066375;0.2027121;3.363832;
ShoulderLeft;0.2361552;0.30015;3.277908;
ElbowRight;0.4713258;0.04790735;3.584107;
ElbowLeft;0.1485216;0.03730972;3.182724;
WristRight;0.6178802;-0.08720702;3.720887;
WristLeft;0.1354393;-0.1849622;3.154673;
HandRight;0.696804;-0.1398152;3.750569;
HandLeft;0.147291;-0.2552193;3.172554;
Spine;0.2353268;0.0021324;3.404109;
HipCenter;0.2597127;-0.07966252;3.347842;
HipRight;0.3015233;-0.1387263;3.314683;
HipLeft;0.2097138;-0.1110953;3.348685;
KneeRight;0.1930906;-0.615761;3.442982;
KneeLeft;0.3417296;-0.6340776;3.329862;
AnkleRight;-0.01094051;-1.020885;3.397743;
AnkleLeft;0.6244359;-0.9995549;3.338728;
FootRight;0.07472067;-1.076254;3.47063;
FootLeft;0.74396;-1.035635;3.350057;
Head;0.3258815;0.6679579;3.486354;
ShoulderCenter;0.3253211;0.428653;3.410467;
ShoulderRight;0.4539482;0.1922508;3.364604;
ShoulderLeft;0.3014984;0.2865692;3.270487;
ElbowRight;0.520153;0.05643871;3.595077;
ElbowLeft;0.2010452;0.02714632;3.194249;
WristRight;0.6670917;-0.07341944;3.727817;
WristLeft;0.1968592;-0.1957155;3.175965;
HandRight;0.7360234;-0.1311376;3.713804;
HandLeft;0.1961381;-0.2674958;3.190545;
Spine;0.2838763;-0.02578927;3.387643;
HipCenter;0.3116934;-0.1090775;3.336014;
HipRight;0.344027;-0.1607103;3.32249;
HipLeft;0.2766243;-0.1385804;3.335777;
KneeRight;0.2004223;-0.6200349;3.451746;
KneeLeft;0.1317146;-0.6627463;3.457006;
AnkleRight;-0.00795769;-1.017478;3.397524;
AnkleLeft;0.4143536;-1.032581;3.456495;
FootRight;0.08960989;-1.080735;3.444839;
FootLeft;0.5367656;-1.039741;3.429595;
Head;0.3431808;0.6050639;3.470614;
ShoulderCenter;0.3573955;0.3667077;3.39453;
ShoulderRight;0.4930838;0.1886195;3.369122;
ShoulderLeft;0.3324911;0.28201;3.275763;
ElbowRight;0.4047002;0.1135575;3.601203;
ElbowLeft;0.2430538;0.02032616;3.212975;
WristRight;0.6444513;-0.03387154;3.696587;
WristLeft;0.2345428;-0.2021461;3.176563;
HandRight;0.7856863;-0.07812069;3.737846;
HandLeft;0.2338228;-0.2738259;3.191122;
Spine;0.2942781;-0.03031359;3.391279;
HipCenter;0.317316;-0.1106698;3.338587;
HipRight;0.3499698;-0.1637905;3.333688;
HipLeft;0.2831042;-0.1399097;3.333864;
KneeRight;0.2111153;-0.6380436;3.475537;
KneeLeft;0.1646121;-0.6627201;3.46189;
AnkleRight;-0.003567164;-1.012501;3.39677;
AnkleLeft;0.5422971;-0.9301785;3.379944;
FootRight;0.0922197;-1.079521;3.438059;
FootLeft;0.5953779;-0.9755376;3.296103;
Head;0.4930813;0.6446722;3.447711;
ShoulderCenter;0.4050846;0.4215743;3.400928;
ShoulderRight;0.4477144;0.3096361;3.265292;
ShoulderLeft;0.389497;0.2761028;3.26748;
ElbowRight;0.5717813;0.1701283;3.421462;
ElbowLeft;0.2990786;0.0004606385;3.205534;
WristRight;0.6973088;0.007278174;3.629347;
WristLeft;0.2996514;-0.2280414;3.20256;
HandRight;0.7556965;-0.04211904;3.691359;
HandLeft;0.298935;-0.2993576;3.217046;
Spine;0.3969052;-0.0546917;3.389566;
HipCenter;0.3870924;-0.1398407;3.328387;
HipRight;0.3965475;-0.1576419;3.32999;
HipLeft;0.3752696;-0.1525165;3.322142;
KneeRight;0.2550609;-0.6642938;3.491428;
KneeLeft;0.1892823;-0.7215184;3.460634;
AnkleRight;0.01281897;-1.004559;3.397933;
AnkleLeft;0.399404;-0.9661492;3.313421;
FootRight;0.09308009;-1.078287;3.441562;
FootLeft;0.5198224;-0.9963151;3.330136;
Head;0.5802499;0.625869;3.493325;
ShoulderCenter;0.4532274;0.4287283;3.398305;
ShoulderRight;0.4456948;0.3115993;3.258394;
ShoulderLeft;0.3506105;0.309019;3.32644;
ElbowRight;0.4802344;0.173686;3.495352;
ElbowLeft;0.3661351;0.01616257;3.21958;
WristRight;0.6689816;0.004582301;3.645865;
WristLeft;0.3684516;-0.2452323;3.208007;
HandRight;0.7531093;-0.04410747;3.629853;
HandLeft;0.3677348;-0.3165848;3.2225;
Spine;0.4749761;0.006193831;3.378955;
HipCenter;0.4418883;-0.06844527;3.327139;
HipRight;0.4547071;-0.1238238;3.273442;
HipLeft;0.4263847;-0.1247691;3.361352;
KneeRight;0.2677169;-0.6672573;3.490801;
KneeLeft;0.2139037;-0.6898783;3.487384;
AnkleRight;0.05345452;-0.9843692;3.399591;
AnkleLeft;0.04445893;-0.9792511;3.390561;
FootRight;-0.004662685;-1.027768;3.318333;
FootLeft;0.1687165;-0.9950021;3.389118;
Head;0.4551243;0.6534632;3.451854;
ShoulderCenter;0.5018175;0.4205522;3.383534;
ShoulderRight;0.4785203;0.3207456;3.248213;
ShoulderLeft;0.4240271;0.2983815;3.358396;
ElbowRight;0.5401079;0.1708501;3.471881;
ElbowLeft;0.4241559;0.02195859;3.207239;
WristRight;0.7154892;-0.01153658;3.620317;
WristLeft;0.4247397;-0.2301802;3.193919;
HandRight;0.7737515;-0.05152686;3.635406;
HandLeft;0.4240284;-0.30099;3.208302;
Spine;0.5489829;0.03513919;3.369327;
HipCenter;0.5003335;-0.03828979;3.342317;
HipRight;0.5075282;-0.1162842;3.271254;
HipLeft;0.4926407;-0.114291;3.394308;
KneeRight;0.3336584;-0.6583714;3.49427;
KneeLeft;0.2483757;-0.6682348;3.499166;
AnkleRight;0.0962038;-0.9689893;3.404701;
AnkleLeft;0.07918987;-0.956027;3.40114;
FootRight;0.007840455;-1.015252;3.361576;
FootLeft;-0.009173483;-1.00229;3.358016;
Head;0.6675603;0.6107876;3.545795;
ShoulderCenter;0.5494564;0.4288238;3.399026;
ShoulderRight;0.532252;0.3307149;3.261811;
ShoulderLeft;0.5107842;0.2854836;3.275936;
ElbowRight;0.5900193;0.1782323;3.489136;
ElbowLeft;0.4728457;0.02273219;3.19443;
WristRight;0.7501705;-0.03141218;3.626964;
WristLeft;0.4734185;-0.2057698;3.191404;
HandRight;0.798431;-0.0827523;3.609538;
HandLeft;0.472704;-0.2768985;3.205851;
Spine;0.6001891;-0.03357528;3.384742;
HipCenter;0.5671313;-0.1206453;3.337361;
HipRight;0.5739185;-0.1344533;3.325496;
HipLeft;0.5613176;-0.1370989;3.344971;
KneeRight;0.4838294;-0.6312816;3.511943;
KneeLeft;0.4063305;-0.7100859;3.503502;
AnkleRight;0.1435132;-0.9355045;3.416259;
AnkleLeft;0.2372072;-0.9981622;3.405366;
FootRight;0.1856273;-1.037571;3.462414;
FootLeft;0.17147;-1.043463;3.331238;
Head;0.6653088;0.659218;3.512151;
ShoulderCenter;0.5871811;0.4368375;3.423267;
ShoulderRight;0.6137123;0.2939734;3.290004;
ShoulderLeft;0.5409465;0.290951;3.289235;
ElbowRight;0.6609261;0.129805;3.515461;
ElbowLeft;0.5271855;0.0274451;3.190101;
WristRight;0.8048382;-0.09691547;3.650338;
WristLeft;0.647267;-0.2517779;3.223189;
HandRight;0.8368605;-0.1595476;3.631268;
HandLeft;0.6465495;-0.3231986;3.237696;
Spine;0.5989962;-0.01124402;3.429555;
HipCenter;0.6013365;-0.09241296;3.369467;
HipRight;0.6177916;-0.1231357;3.349662;
HipLeft;0.5858919;-0.1049104;3.383516;
KneeRight;0.6621196;-0.6326004;3.438792;
KneeLeft;0.6077771;-0.7251096;3.352195;
AnkleRight;0.2837246;-0.8951341;3.436587;
AnkleLeft;0.7512251;-1.025953;3.393922;
FootRight;0.2709586;-1.009998;3.48606;
FootLeft;0.8183406;-1.089547;3.384679;
Head;0.7398497;0.6439486;3.449418;
ShoulderCenter;0.6138796;0.4405782;3.417296;
ShoulderRight;0.6741825;0.3052105;3.287799;
ShoulderLeft;0.5920857;0.2984983;3.290561;
ElbowRight;0.5276164;0.0876846;3.41774;
ElbowLeft;0.5839264;0.02003541;3.202309;
WristRight;0.6160156;-0.1688552;3.546914;
WristLeft;0.6918206;-0.2456382;3.20917;
HandRight;0.6467554;-0.2322508;3.527633;
HandLeft;0.6911016;-0.3172188;3.223709;
Spine;0.5824599;-0.01185196;3.413337;
HipCenter;0.5641675;-0.09103212;3.345486;
HipRight;0.5752067;-0.1211756;3.319037;
HipLeft;0.5420179;-0.1172462;3.359729;
KneeRight;0.6620656;-0.6423382;3.447829;
KneeLeft;0.7623581;-0.6275462;3.37634;
AnkleRight;0.3049796;-0.9329175;3.46588;
AnkleLeft;0.7194388;-1.008463;3.374469;
FootRight;0.305066;-1.052034;3.509033;
FootLeft;0.8182068;-1.087073;3.385257;
Head;0.6399677;0.6893996;3.430344;
ShoulderCenter;0.6548897;0.4551995;3.432778;
ShoulderRight;0.6803762;0.3432355;3.303125;
ShoulderLeft;0.605679;0.3112441;3.301977;
ElbowRight;0.5672119;0.09773026;3.418436;
ElbowLeft;0.6393337;0.03890648;3.198086;
WristRight;0.6555092;-0.1620331;3.541101;
WristLeft;0.7588787;-0.1997623;3.164835;
HandRight;0.6860042;-0.2249237;3.521974;
HandLeft;0.7784365;-0.2876215;3.146509;
Spine;0.6292676;0.003563649;3.406225;
HipCenter;0.6194355;-0.07309525;3.339888;
HipRight;0.6306828;-0.09477523;3.318785;
HipLeft;0.6048172;-0.09943815;3.35108;
KneeRight;0.7329969;-0.6317816;3.442433;
KneeLeft;0.7651016;-0.6279854;3.376906;
AnkleRight;0.3936907;-0.9401887;3.484637;
AnkleLeft;0.7200718;-1.009728;3.374044;
FootRight;0.4054786;-1.058899;3.530344;
FootLeft;0.8203971;-1.088167;3.384169;
Head;0.6934693;0.7036927;3.482626;
ShoulderCenter;0.7100138;0.4641068;3.442864;
ShoulderRight;0.6658518;0.310262;3.253205;
ShoulderLeft;0.6635575;0.3210863;3.300644;
ElbowRight;0.576892;0.08945605;3.4221;
ElbowLeft;0.7074959;0.02904246;3.18556;
WristRight;0.6858118;-0.1602538;3.55584;
WristLeft;0.820762;-0.1746418;3.157345;
HandRight;0.716556;-0.2236584;3.536557;
HandLeft;0.8530179;-0.2680683;3.156599;
Spine;0.7008392;0.009091487;3.362241;
HipCenter;0.6349542;-0.0712788;3.344341;
HipRight;0.6393403;-0.1095156;3.307784;
HipLeft;0.6343679;-0.1052716;3.372592;
KneeRight;0.6727481;-0.6761451;3.541303;
KneeLeft;0.7762157;-0.6454701;3.372897;
AnkleRight;0.4722406;-0.9665521;3.489424;
AnkleLeft;0.7234354;-1.021713;3.373592;
FootRight;0.505933;-1.050779;3.514848;
FootLeft;0.6224421;-1.066445;3.36442;
Head;0.7005856;0.7040749;3.476202;
ShoulderCenter;0.7377275;0.467724;3.458689;
ShoulderRight;0.7424071;0.2231908;3.232312;
ShoulderLeft;0.6908447;0.3293658;3.313527;
ElbowRight;0.6352085;0.07220185;3.454162;
ElbowLeft;0.7778041;0.04315314;3.189492;
WristRight;0.7714777;-0.1686001;3.585417;
WristLeft;0.9462882;-0.1933404;3.172202;
HandRight;0.8023801;-0.232331;3.566034;
HandLeft;0.9851502;-0.2676505;3.172616;
Spine;0.7272985;0.01228085;3.418948;
HipCenter;0.6795865;-0.06450699;3.367072;
HipRight;0.6839556;-0.1253538;3.314832;
HipLeft;0.6548088;-0.1050203;3.391529;
KneeRight;0.6932744;-0.6889522;3.560036;
KneeLeft;0.7776713;-0.6463672;3.373501;
AnkleRight;0.5797078;-1.00706;3.486765;
AnkleLeft;0.6571304;-1.008228;3.434168;
FootRight;0.5088311;-1.050956;3.411192;
FootLeft;0.7686754;-1.065166;3.401597;
Head;0.8891096;0.701814;3.530991;
ShoulderCenter;0.7995721;0.477467;3.474284;
ShoulderRight;0.8878767;0.1048661;3.222597;
ShoulderLeft;0.7250982;0.3329129;3.344051;
ElbowRight;0.6999236;0.04224681;3.437473;
ElbowLeft;0.8397495;0.0794878;3.198735;
WristRight;0.8180392;-0.1985096;3.58828;
WristLeft;1.009543;-0.1699451;3.188263;
HandRight;0.8490949;-0.2625567;3.568801;
HandLeft;1.062094;-0.2318071;3.182261;
Spine;0.795816;0.02366119;3.452619;
HipCenter;0.7680333;-0.0544752;3.3922;
HipRight;0.7971188;-0.1532881;3.320694;
HipLeft;0.7296733;-0.1120869;3.434938;
KneeRight;0.9933293;-0.5958135;3.595706;
KneeLeft;0.7815837;-0.6441291;3.37382;
AnkleRight;0.6744787;-0.9272646;3.522347;
AnkleLeft;0.7127269;-1.002609;3.400845;
FootRight;0.6601502;-1.021263;3.529411;
FootLeft;0.8116466;-1.084218;3.386871;
Head;0.9624141;0.6608505;3.569932;
ShoulderCenter;0.8132772;0.47544;3.47582;
ShoulderRight;0.8337167;0.3567218;3.314655;
ShoulderLeft;0.7594793;0.3468087;3.351157;
ElbowRight;0.7016121;0.1159275;3.446137;
ElbowLeft;0.8992326;0.08454329;3.204099;
WristRight;0.8073244;-0.1484179;3.574444;
WristLeft;1.101758;-0.1455599;3.185254;
HandRight;0.7355381;-0.2156517;3.59728;
HandLeft;1.131648;-0.2266082;3.178705;
Spine;0.8356647;0.01135881;3.442571;
HipCenter;0.8113832;-0.07038362;3.379811;
HipRight;0.8323634;-0.1031794;3.370785;
HipLeft;0.7913737;-0.07911246;3.379776;
KneeRight;1.00111;-0.6489388;3.594744;
KneeLeft;0.7866865;-0.6487889;3.376775;
AnkleRight;0.8837768;-1.029408;3.553012;
AnkleLeft;0.722674;-1.028727;3.386146;
FootRight;0.8369291;-1.07312;3.462122;
FootLeft;0.8110319;-1.091101;3.377;
Head;0.9454724;0.7084816;3.574935;
ShoulderCenter;0.8644134;0.4831535;3.488016;
ShoulderRight;0.8331039;0.2831286;3.280766;
ShoulderLeft;0.800695;0.3503092;3.365651;
ElbowRight;1.014138;0.02030659;3.216619;
ElbowLeft;0.9481955;0.09786548;3.214626;
WristRight;1.17418;-0.152936;3.176006;
WristLeft;1.122587;-0.07723486;3.192147;
HandRight;1.230887;-0.1953354;3.200353;
HandLeft;1.188234;-0.1543828;3.192939;
Spine;0.9062718;0.01136236;3.441698;
HipCenter;0.8537516;-0.07708016;3.408355;
HipRight;0.8670067;-0.1555234;3.351866;
HipLeft;0.8383455;-0.1116665;3.445594;
KneeRight;1.027047;-0.6876132;3.607138;
KneeLeft;0.7920374;-0.6486784;3.376819;
AnkleRight;0.9555511;-1.043422;3.591949;
AnkleLeft;0.7254989;-1.0277;3.38579;
FootRight;0.8643331;-1.089534;3.549524;
FootLeft;0.6342809;-1.073812;3.343365;
Head;1.010573;0.6960712;3.625593;
ShoulderCenter;0.9124541;0.4867868;3.504552;
ShoulderRight;0.8809659;0.345171;3.323394;
ShoulderLeft;0.8547964;0.3574609;3.357182;
ElbowRight;1.06048;0.08716545;3.23088;
ElbowLeft;0.9831247;0.1239147;3.220531;
WristRight;1.270571;-0.1453795;3.216502;
WristLeft;1.196752;-0.06434868;3.193676;
HandRight;1.304471;-0.2034641;3.183474;
HandLeft;1.262561;-0.1413707;3.197247;
Spine;0.9206575;0.01896775;3.455226;
HipCenter;0.8742135;-0.06246262;3.40691;
HipRight;0.8889849;-0.1298191;3.356268;
HipLeft;0.8578099;-0.09833068;3.437033;
KneeRight;1.057674;-0.671844;3.61675;
KneeLeft;0.8028368;-0.6524073;3.377517;
AnkleRight;1.054651;-1.049136;3.626652;
AnkleLeft;0.7275035;-1.019779;3.381897;
FootRight;1.142926;-1.068196;3.602014;
FootLeft;0.6512855;-1.063211;3.315316;
Head;1.050171;0.7004741;3.638819;
ShoulderCenter;0.9434689;0.491862;3.529798;
ShoulderRight;0.9292235;0.349252;3.357136;
ShoulderLeft;0.8728734;0.3490784;3.384155;
ElbowRight;1.111642;0.1005396;3.243387;
ElbowLeft;1.049163;0.1110796;3.233743;
WristRight;1.317959;-0.08700988;3.227052;
WristLeft;1.241755;-0.04947045;3.212067;
HandRight;1.357327;-0.1510908;3.231482;
HandLeft;1.323559;-0.1074732;3.230319;
Spine;0.9368988;0.01313226;3.48153;
HipCenter;0.906331;-0.06683876;3.416456;
HipRight;0.930438;-0.1181354;3.384167;
HipLeft;0.8817391;-0.0919973;3.436451;
KneeRight;1.092947;-0.6716923;3.631848;
KneeLeft;0.8138381;-0.6522685;3.376247;
AnkleRight;1.132455;-1.025005;3.612332;
AnkleLeft;0.7284434;-1.016094;3.378349;
FootRight;1.088798;-1.067657;3.520716;
FootLeft;0.8094141;-1.087754;3.373513;
Head;1.117117;0.6755441;3.65107;
ShoulderCenter;0.996962;0.4769757;3.535586;
ShoulderRight;0.9923105;0.3437054;3.357606;
ShoulderLeft;0.9172797;0.3289137;3.405179;
ElbowRight;1.185516;0.09742174;3.268434;
ElbowLeft;1.103099;0.1004395;3.253202;
WristRight;1.343514;-0.07562487;3.230939;
WristLeft;1.308856;-0.04228043;3.230088;
HandRight;1.425238;-0.1361712;3.2261;
HandLeft;1.388153;-0.106152;3.230797;
Spine;0.982049;0.004172091;3.489984;
HipCenter;0.941701;-0.07480386;3.430234;
HipRight;0.9600223;-0.1267622;3.393211;
HipLeft;0.9118427;-0.09827404;3.449282;
KneeRight;1.138664;-0.6786233;3.631288;
KneeLeft;0.8232545;-0.6507995;3.374949;
AnkleRight;1.286747;-1.030859;3.598705;
AnkleLeft;0.7287179;-1.014408;3.377824;
FootRight;1.229443;-1.073563;3.515056;
FootLeft;0.8092101;-1.086683;3.374268;
Head;0.9450353;0.6927754;3.563358;
ShoulderCenter;1.036745;0.4756217;3.573815;
ShoulderRight;1.022634;0.3489182;3.388727;
ShoulderLeft;0.9510308;0.3216569;3.44663;
ElbowRight;1.164389;0.1226588;3.261938;
ElbowLeft;1.148274;0.1117753;3.276251;
WristRight;1.402226;-0.0597459;3.260177;
WristLeft;1.39798;-0.05593265;3.27271;
HandRight;1.472772;-0.1244393;3.233642;
HandLeft;1.478692;-0.1185076;3.273008;
Spine;1.021054;0.01600908;3.510359;
HipCenter;0.9727856;-0.05876824;3.454029;
HipRight;0.9817843;-0.1190025;3.397519;
HipLeft;0.9482642;-0.09437858;3.48884;
KneeRight;1.121585;-0.7088269;3.55665;
KneeLeft;0.9121998;-0.6523753;3.425592;
AnkleRight;1.414805;-1.024166;3.625476;
AnkleLeft;0.7299848;-1.012351;3.377132;
FootRight;1.345294;-1.066954;3.551442;
FootLeft;0.6604738;-1.055139;3.303098;
Head;1.08387;0.7016403;3.619746;
ShoulderCenter;1.093297;0.4596263;3.588632;
ShoulderRight;1.041264;0.3475561;3.396104;
ShoulderLeft;0.9411122;0.2675439;3.540794;
ElbowRight;1.253431;0.1178732;3.298703;
ElbowLeft;1.140258;0.1161768;3.310865;
WristRight;1.471096;-0.0936476;3.256085;
WristLeft;1.403059;-0.05241181;3.269975;
HandRight;1.523065;-0.1466552;3.242388;
HandLeft;1.48377;-0.114987;3.270273;
Spine;1.072435;0.025376;3.496332;
HipCenter;1.010855;-0.0433818;3.452117;
HipRight;1.034524;-0.07778793;3.385757;
HipLeft;0.9688798;-0.1016912;3.488109;
KneeRight;1.229121;-0.6151096;3.629832;
KneeLeft;0.9611716;-0.6634128;3.453199;
AnkleRight;1.329342;-1.00967;3.591289;
AnkleLeft;0.7381461;-1.013613;3.38082;
FootRight;1.239444;-1.052823;3.544199;
FootLeft;0.6482476;-1.056766;3.33373;
Head;1.119851;0.7001391;3.696204;
ShoulderCenter;1.145561;0.4618677;3.609564;
ShoulderRight;1.119417;0.3201409;3.421034;
ShoulderLeft;0.9855887;0.2827787;3.56059;
ElbowRight;1.311326;0.08134986;3.299225;
ElbowLeft;1.171962;0.1196166;3.327824;
WristRight;1.475435;-0.08713253;3.261768;
WristLeft;1.410267;-0.04935213;3.269746;
HandRight;1.524031;-0.1423947;3.244263;
HandLeft;1.493532;-0.1079978;3.259677;
Spine;1.116255;0.03790855;3.545574;
HipCenter;1.061022;-0.02710575;3.494568;
HipRight;1.077754;-0.0817829;3.420792;
HipLeft;1.023797;-0.09096164;3.536657;
KneeRight;1.247598;-0.6171231;3.629058;
KneeLeft;0.9522827;-0.6720935;3.429822;
AnkleRight;1.390847;-1.020018;3.58892;
AnkleLeft;0.7383268;-1.013542;3.380915;
FootRight;1.313557;-1.063304;3.522299;
FootLeft;0.6610372;-1.056828;3.314294;
Head;1.213502;0.6929708;3.688874;
ShoulderCenter;1.184812;0.4524675;3.619752;
ShoulderRight;1.193309;0.299266;3.390947;
ShoulderLeft;1.038616;0.2698538;3.575768;
ElbowRight;1.356805;0.03307194;3.284731;
ElbowLeft;1.216566;0.1080204;3.331828;
WristRight;1.543565;-0.1409789;3.248955;
WristLeft;1.421683;-0.04643209;3.27775;
HandRight;1.605819;-0.1989958;3.242264;
HandLeft;1.502822;-0.1071989;3.264551;
Spine;1.167338;0.02258591;3.563032;
HipCenter;1.1115;-0.04584287;3.514911;
HipRight;1.140011;-0.09696539;3.447984;
HipLeft;1.064137;-0.1056798;3.553912;
KneeRight;1.266689;-0.6128049;3.619972;
KneeLeft;0.9747514;-0.6771342;3.424888;
AnkleRight;1.390953;-1.017987;3.587471;
AnkleLeft;0.7441232;-1.013789;3.381976;
FootRight;1.310608;-1.061327;3.523776;
FootLeft;0.6637775;-1.057129;3.318281;
Head;1.237459;0.6873879;3.701127;
ShoulderCenter;1.200204;0.4489473;3.625606;
ShoulderRight;1.209118;0.3050993;3.417103;
ShoulderLeft;1.088431;0.2735506;3.590313;
ElbowRight;1.373926;0.03824383;3.319516;
ElbowLeft;1.245097;0.106254;3.335246;
WristRight;1.572543;-0.1706559;3.24511;
WristLeft;1.490997;-0.09731707;3.289099;
HandRight;1.638749;-0.2402891;3.225535;
HandLeft;1.540435;-0.1354715;3.246583;
Spine;1.190921;0.0307177;3.574031;
HipCenter;1.134393;-0.03647543;3.53276;
HipRight;1.147889;-0.09521925;3.451562;
HipLeft;1.103788;-0.1046714;3.589765;
KneeRight;1.329406;-0.6808332;3.62154;
KneeLeft;0.9871881;-0.72248;3.432931;
AnkleRight;1.387714;-1.014694;3.585754;
AnkleLeft;0.7706328;-0.9824246;3.402428;
FootRight;1.302115;-1.058128;3.529758;
FootLeft;0.8357123;-1.076267;3.374228;
Head;1.269134;0.6921754;3.699456;
ShoulderCenter;1.285396;0.4508939;3.628893;
ShoulderRight;1.251249;0.3329259;3.442151;
ShoulderLeft;1.134376;0.314358;3.619003;
ElbowRight;1.353135;0.04255357;3.322957;
ElbowLeft;1.27547;0.1211821;3.37541;
WristRight;1.522539;-0.1392564;3.263533;
WristLeft;1.492756;-0.1035004;3.290316;
HandRight;1.575959;-0.1908809;3.249609;
HandLeft;1.541948;-0.146569;3.252396;
Spine;1.259323;0.04065531;3.593859;
HipCenter;1.198493;-0.02468842;3.555686;
HipRight;1.209884;-0.09674814;3.474332;
HipLeft;1.161931;-0.0903893;3.611291;
KneeRight;1.284812;-0.59554;3.524702;
KneeLeft;1.199594;-0.627073;3.476583;
AnkleRight;1.393676;-1.016754;3.588566;
AnkleLeft;0.8672342;-0.9398587;3.392419;
FootRight;1.30759;-1.060035;3.533655;
FootLeft;0.8584512;-1.065213;3.370633;
Head;1.250251;0.6888809;3.709339;
ShoulderCenter;1.29961;0.4537667;3.626056;
ShoulderRight;1.298149;0.258027;3.431756;
ShoulderLeft;1.161461;0.3469774;3.710932;
ElbowRight;1.419543;-0.03010154;3.33388;
ElbowLeft;1.287703;0.1532854;3.459252;
WristRight;1.559866;-0.2147169;3.272471;
WristLeft;1.46535;-0.08447993;3.324551;
HandRight;1.588909;-0.2841443;3.274;
HandLeft;1.516379;-0.1257357;3.287673;
Spine;1.292467;0.05260323;3.611701;
HipCenter;1.234671;-0.01486964;3.58338;
HipRight;1.251038;-0.1111506;3.505694;
HipLeft;1.195964;-0.07294104;3.644906;
KneeRight;1.307781;-0.5917021;3.511542;
KneeLeft;1.24595;-0.627728;3.45575;
AnkleRight;1.396554;-1.01476;3.589192;
AnkleLeft;0.8964867;-0.9265221;3.396104;
FootRight;1.307807;-1.058767;3.539201;
FootLeft;0.8805575;-1.016301;3.371991;
Head;1.433873;0.679606;3.666966;
ShoulderCenter;1.349466;0.4520346;3.618824;
ShoulderRight;1.330342;0.3330021;3.447308;
ShoulderLeft;1.181802;0.3426839;3.726247;
ElbowRight;1.408558;0.0309512;3.350234;
ElbowLeft;1.31279;0.1325665;3.49438;
WristRight;1.527512;-0.1966628;3.28287;
WristLeft;1.480708;-0.1139009;3.376062;
HandRight;1.55418;-0.2667108;3.287571;
HandLeft;1.52812;-0.1931903;3.333764;
Spine;1.350732;0.05665396;3.580495;
HipCenter;1.292506;-0.009067647;3.545055;
HipRight;1.311099;-0.08236181;3.469929;
HipLeft;1.256285;-0.07846888;3.592502;
KneeRight;1.384173;-0.5953473;3.502886;
KneeLeft;1.323337;-0.6223716;3.4707;
AnkleRight;1.394869;-1.014634;3.587583;
AnkleLeft;0.9620934;-0.9087226;3.408938;
FootRight;1.305503;-1.058353;3.538603;
FootLeft;0.9764141;-1.034822;3.421427;
Head;1.48311;0.673405;3.67947;
ShoulderCenter;1.377787;0.4547112;3.63134;
ShoulderRight;1.350233;0.2900163;3.449819;
ShoulderLeft;1.224871;0.3443655;3.747704;
ElbowRight;1.41986;0.04750682;3.343141;
ElbowLeft;1.334772;0.1419805;3.496772;
WristRight;1.518346;-0.2313126;3.305166;
WristLeft;1.483395;-0.1124952;3.360009;
HandRight;1.525879;-0.3029585;3.28475;
HandLeft;1.546332;-0.2515282;3.296698;
Spine;1.39482;0.02731323;3.581832;
HipCenter;1.335691;-0.04772888;3.547483;
HipRight;1.354554;-0.1005709;3.498808;
HipLeft;1.30693;-0.0950858;3.575668;
KneeRight;1.360224;-0.5816415;3.690202;
KneeLeft;1.352027;-0.6356218;3.470417;
AnkleRight;1.392497;-1.015721;3.584933;
AnkleLeft;1.041819;-0.9438608;3.426937;
FootRight;1.299852;-1.060346;3.542368;
FootLeft;1.077294;-1.051801;3.460843;
Head;1.456259;0.6441909;3.694371;
ShoulderCenter;1.412931;0.4059438;3.637094;
ShoulderRight;1.395587;0.3157029;3.460889;
ShoulderLeft;1.253234;0.2949115;3.750512;
ElbowRight;1.447456;0.01092497;3.356462;
ElbowLeft;1.357733;0.115432;3.479174;
WristRight;1.545865;-0.2900278;3.313432;
WristLeft;1.494535;-0.1456708;3.344689;
HandRight;1.578668;-0.3903453;3.304313;
HandLeft;1.517513;-0.27794;3.30234;
Spine;1.404383;0.02294332;3.589354;
HipCenter;1.346246;-0.04335361;3.556066;
HipRight;1.368007;-0.0958305;3.509638;
HipLeft;1.312184;-0.09343563;3.580984;
KneeRight;1.404955;-0.583887;3.663496;
KneeLeft;1.397978;-0.6552556;3.484117;
AnkleRight;1.390958;-1.014692;3.585637;
AnkleLeft;1.129753;-0.9605889;3.419023;
FootRight;1.298704;-1.058372;3.541241;
FootLeft;1.037499;-1.004269;3.374627;
Head;1.545143;0.6233435;3.7138;
ShoulderCenter;1.438147;0.4082184;3.636429;
ShoulderRight;1.41493;0.3324753;3.468112;
ShoulderLeft;1.317073;0.3471626;3.744326;
ElbowRight;1.464883;0.02718085;3.366924;
ElbowLeft;1.387799;0.1366903;3.486932;
WristRight;1.563595;-0.2731884;3.32493;
WristLeft;1.496348;-0.1419157;3.365169;
HandRight;1.596499;-0.3733114;3.316158;
HandLeft;1.513183;-0.2764383;3.305532;
Spine;1.449254;0.04396876;3.598176;
HipCenter;1.387692;-0.01687203;3.571873;
HipRight;1.388184;-0.09238864;3.504593;
HipLeft;1.356382;-0.08310734;3.615621;
KneeRight;1.432388;-0.6120532;3.674758;
KneeLeft;1.413605;-0.6491369;3.490259;
AnkleRight;1.399134;-1.001073;3.561703;
AnkleLeft;1.242977;-0.9867145;3.446958;
FootRight;1.303427;-1.045438;3.52618;
FootLeft;1.147269;-1.03108;3.411435;
Head;1.552106;0.7081901;3.701344;
ShoulderCenter;1.49973;0.4721962;3.651473;
ShoulderRight;1.454679;0.3408142;3.481242;
ShoulderLeft;1.368442;0.410219;3.75964;
ElbowRight;1.462761;0.03239983;3.380703;
ElbowLeft;1.408606;0.177567;3.518429;
WristRight;1.551248;-0.2698545;3.335446;
WristLeft;1.491579;-0.10467;3.386512;
HandRight;1.485531;-0.2965368;3.305709;
HandLeft;1.51186;-0.2760086;3.307326;
Spine;1.464012;0.04479573;3.607488;
HipCenter;1.397307;-0.01832404;3.57872;
HipRight;1.404817;-0.0901134;3.514689;
HipLeft;1.366002;-0.08114884;3.622749;
KneeRight;1.454329;-0.6184312;3.670086;
KneeLeft;1.548066;-0.6436713;3.475578;
AnkleRight;1.344299;-0.9359072;3.581342;
AnkleLeft;1.341367;-0.9928738;3.462337;
FootRight;1.248893;-0.9794813;3.544456;
FootLeft;1.24596;-1.036448;3.425451;
Head;1.548453;0.7091568;3.673342;
ShoulderCenter;1.531732;0.4686345;3.641987;
ShoulderRight;1.464744;0.2985079;3.456066;
ShoulderLeft;1.390309;0.3663905;3.705052;
ElbowRight;1.467799;-0.01030654;3.359541;
ElbowLeft;1.432148;0.122509;3.478171;
WristRight;1.553089;-0.3128466;3.313885;
WristLeft;1.501316;-0.1435438;3.384485;
HandRight;1.488914;-0.3473507;3.281434;
HandLeft;1.484986;-0.2082935;3.34485;
Spine;1.501031;0.03252656;3.615906;
HipCenter;1.434838;-0.0408966;3.592985;
HipRight;1.443808;-0.1028286;3.546084;
HipLeft;1.402662;-0.08250744;3.627897;
KneeRight;1.489945;-0.6600613;3.69692;
KneeLeft;1.620453;-0.6247254;3.458591;
AnkleRight;1.410525;-0.9653149;3.538332;
AnkleLeft;1.426463;-1.015252;3.488642;
FootRight;1.419123;-1.079433;3.562974;
FootLeft;1.330329;-1.059136;3.453002;
Head;1.621149;0.7046592;3.648835;
ShoulderCenter;1.576912;0.4735646;3.657758;
ShoulderRight;1.48536;0.337524;3.478277;
ShoulderLeft;1.424216;0.3714369;3.720867;
ElbowRight;1.488414;0.02885693;3.381743;
ElbowLeft;1.457144;0.1282608;3.491628;
WristRight;1.573631;-0.2735465;3.336065;
WristLeft;1.534099;-0.1635683;3.38363;
HandRight;1.509531;-0.3083346;3.303583;
HandLeft;1.524586;-0.2541681;3.335817;
Spine;1.568285;0.04478022;3.606286;
HipCenter;1.502267;-0.02817994;3.58181;
HipRight;1.506604;-0.08324651;3.528153;
HipLeft;1.48253;-0.07542299;3.616724;
KneeRight;1.48559;-0.6576644;3.696312;
KneeLeft;1.681411;-0.6082191;3.461216;
AnkleRight;1.390231;-0.9764953;3.593832;
AnkleLeft;1.454729;-0.9949252;3.536291;
FootRight;1.291831;-1.02077;3.565603;
FootLeft;1.356328;-1.0392;3.508062;
Head;1.622115;0.7066487;3.653076;
ShoulderCenter;1.583508;0.472859;3.655357;
ShoulderRight;1.538394;0.3331331;3.475765;
ShoulderLeft;1.433932;0.3708959;3.718953;
ElbowRight;1.55835;0.02407551;3.384711;
ElbowLeft;1.471392;0.1276822;3.490742;
WristRight;1.656358;-0.2748754;3.345057;
WristLeft;1.543187;-0.1654795;3.383134;
HandRight;1.689028;-0.3745257;3.337058;
HandLeft;1.532111;-0.2516847;3.336769;
Spine;1.596148;0.06516945;3.623146;
HipCenter;1.540899;-0.003046986;3.595075;
HipRight;1.552736;-0.07274511;3.523386;
HipLeft;1.51272;-0.06394939;3.645537;
KneeRight;1.477783;-0.6477511;3.69525;
KneeLeft;1.72739;-0.6170561;3.467635;
AnkleRight;1.381987;-1.025406;3.589135;
AnkleLeft;1.637218;-1.030883;3.447632;
FootRight;1.289227;-1.070378;3.546318;
FootLeft;1.548037;-1.066206;3.532943;
Head;1.729194;0.6818715;3.665539;
ShoulderCenter;1.646792;0.4551316;3.636242;
ShoulderRight;1.589459;0.3014869;3.455424;
ShoulderLeft;1.498335;0.3536705;3.701421;
ElbowRight;1.58314;-4.017586E-05;3.370708;
ElbowLeft;1.511794;0.1073791;3.474525;
WristRight;1.49444;-0.2785566;3.36988;
WristLeft;1.57883;-0.1883759;3.373094;
HandRight;1.467856;-0.3461764;3.383795;
HandLeft;1.563503;-0.2575514;3.332175;
Spine;1.635239;0.04703499;3.620219;
HipCenter;1.569156;-0.01934723;3.595162;
HipRight;1.583793;-0.1002883;3.525308;
HipLeft;1.53569;-0.07507621;3.647837;
KneeRight;1.575174;-0.6949046;3.699768;
KneeLeft;1.766212;-0.6483681;3.474533;
AnkleRight;1.42102;-1.043562;3.574813;
AnkleLeft;1.889266;-0.9543949;3.359651;
FootRight;1.326523;-1.087739;3.53485;
FootLeft;1.786742;-0.9786072;3.325177;
Head;1.798966;0.6657724;3.692447;
ShoulderCenter;1.675594;0.4579291;3.6506;
ShoulderRight;1.5924;0.3119098;3.449918;
ShoulderLeft;1.527138;0.356468;3.715779;
ElbowRight;1.606211;0.0003844202;3.376646;
ElbowLeft;1.537162;0.1147138;3.483834;
WristRight;1.519396;-0.2680386;3.368217;
WristLeft;1.597794;-0.1774114;3.368008;
HandRight;1.48603;-0.339968;3.396955;
HandLeft;1.58863;-0.2766872;3.31653;
Spine;1.669491;0.04229786;3.623405;
HipCenter;1.60612;-0.02985137;3.604708;
HipRight;1.610545;-0.09310165;3.537674;
HipLeft;1.587009;-0.08178767;3.656181;
KneeRight;1.536032;-0.6369572;3.704212;
KneeLeft;1.801561;-0.5947329;3.478083;
AnkleRight;1.410181;-1.033396;3.579341;
AnkleLeft;1.941385;-0.9290197;3.341521;
FootRight;1.31165;-1.078074;3.55157;
FootLeft;1.842854;-0.9736973;3.31375;
Head;1.747697;0.6661882;3.591883;
ShoulderCenter;1.70851;0.4452825;3.635095;
ShoulderRight;1.634292;0.3005789;3.44905;
ShoulderLeft;1.606582;0.3724817;3.730564;
ElbowRight;1.576491;0.03107414;3.391454;
ElbowLeft;1.586572;0.1300168;3.500986;
WristRight;1.532825;-0.2742784;3.369811;
WristLeft;1.63092;-0.1614901;3.376727;
HandRight;1.503659;-0.3395471;3.388303;
HandLeft;1.623631;-0.2856686;3.314948;
Spine;1.707337;0.01880396;3.58676;
HipCenter;1.639848;-0.05559907;3.572127;
HipRight;1.630082;-0.1083972;3.523725;
HipLeft;1.627516;-0.1052282;3.608629;
KneeRight;1.535513;-0.6409876;3.703;
KneeLeft;1.81865;-0.5357913;3.47889;
AnkleRight;1.406689;-1.028263;3.580671;
AnkleLeft;2.00055;-0.9455551;3.339601;
FootRight;1.305572;-1.073285;3.565967;
FootLeft;1.903531;-0.9998087;3.32245;
Head;1.860999;0.6673792;3.689882;
ShoulderCenter;1.761489;0.4477136;3.631403;
ShoulderRight;1.685766;0.3039375;3.447453;
ShoulderLeft;1.631482;0.3634913;3.7561;
ElbowRight;1.594516;0.03705374;3.384631;
ElbowLeft;1.609135;0.1428632;3.503314;
WristRight;1.587439;-0.2763647;3.383174;
WristLeft;1.652584;-0.1432843;3.366352;
HandRight;1.550104;-0.339678;3.377574;
HandLeft;1.644734;-0.2638794;3.303042;
Spine;1.738336;0.02217351;3.585042;
HipCenter;1.669703;-0.04872232;3.565617;
HipRight;1.675199;-0.1169596;3.499521;
HipLeft;1.646;-0.1062592;3.607287;
KneeRight;1.587607;-0.6346343;3.697399;
KneeLeft;1.888983;-0.5812647;3.439182;
AnkleRight;1.401931;-1.016235;3.580024;
AnkleLeft;2.064606;-0.9245903;3.298261;
FootRight;1.301882;-1.060347;3.557465;
FootLeft;1.964557;-0.9687028;3.275702;
Head;1.875634;0.6431125;3.63283;
ShoulderCenter;1.777582;0.4240084;3.612806;
ShoulderRight;1.723599;0.2833574;3.45369;
ShoulderLeft;1.671795;0.3140683;3.662081;
ElbowRight;1.63902;-0.01594329;3.375223;
ElbowLeft;1.649679;0.0821802;3.419816;
WristRight;1.605472;-0.2796592;3.367266;
WristLeft;1.710242;-0.1764814;3.346097;
HandRight;1.570753;-0.3442986;3.361804;
HandLeft;1.693912;-0.2412311;3.306461;
Spine;1.790471;0.008458781;3.582169;
HipCenter;1.727475;-0.06466817;3.56319;
HipRight;1.733935;-0.1202638;3.492204;
HipLeft;1.707224;-0.1337781;3.618356;
KneeRight;1.583501;-0.6332821;3.705046;
KneeLeft;1.908308;-0.6305785;3.458091;
AnkleRight;1.401806;-1.016515;3.579809;
AnkleLeft;2.053575;-0.9894783;3.322901;
FootRight;1.303448;-1.061948;3.552725;
FootLeft;1.955217;-1.034912;3.295817;
Head;1.906059;0.6576001;3.621715;
ShoulderCenter;1.849575;0.4294754;3.629824;
ShoulderRight;1.759462;0.2909897;3.453631;
ShoulderLeft;1.724371;0.3274373;3.64312;
ElbowRight;1.671091;-0.006177187;3.372585;
ElbowLeft;1.704445;0.06951135;3.434292;
WristRight;1.641893;-0.2827224;3.362781;
WristLeft;1.762504;-0.2290309;3.340204;
HandRight;1.635649;-0.3557333;3.365776;
HandLeft;1.746181;-0.2938187;3.300559;
Spine;1.835858;0.01207225;3.595468;
HipCenter;1.764606;-0.05865321;3.576515;
HipRight;1.758768;-0.1226195;3.507899;
HipLeft;1.752744;-0.1078222;3.627634;
KneeRight;1.704749;-0.5662885;3.67177;
KneeLeft;1.970343;-0.5726901;3.402695;
AnkleRight;1.45058;-0.9481181;3.588596;
AnkleLeft;2.127941;-0.9093741;3.22041;
FootRight;1.350754;-0.9923679;3.56547;
FootLeft;2.028116;-0.9536239;3.197284;
Head;2.024652;0.6016287;3.637844;
ShoulderCenter;1.869664;0.4176607;3.606407;
ShoulderRight;1.806675;0.2745701;3.446049;
ShoulderLeft;1.767119;0.3321734;3.690143;
ElbowRight;1.771567;0.0366499;3.389161;
ElbowLeft;1.759549;0.08801371;3.462872;
WristRight;1.732737;-0.2744102;3.366746;
WristLeft;1.848549;-0.2061255;3.384998;
HandRight;1.700579;-0.3398631;3.373042;
HandLeft;1.837277;-0.287592;3.341826;
Spine;1.84144;0.01430455;3.592711;
HipCenter;1.772207;-0.05221113;3.576469;
HipRight;1.764734;-0.1283348;3.503654;
HipLeft;1.754977;-0.1070034;3.631957;
KneeRight;1.715679;-0.5927604;3.675769;
KneeLeft;2.000143;-0.559036;3.411572;
AnkleRight;1.456396;-0.9707851;3.586659;
AnkleLeft;2.178129;-0.8872052;3.23223;
FootRight;1.356347;-1.014803;3.564346;
FootLeft;2.07808;-0.931223;3.209917;
Head;2.083813;0.6195299;3.692503;
ShoulderCenter;1.943573;0.424545;3.64265;
ShoulderRight;1.825443;0.2258216;3.408837;
ShoulderLeft;1.824751;0.3117584;3.527876;
ElbowRight;1.823428;-0.08643244;3.372831;
ElbowLeft;1.809544;0.01539776;3.399959;
WristRight;1.791405;-0.3150344;3.356255;
WristLeft;1.905513;-0.2211262;3.387724;
HandRight;1.769757;-0.3815643;3.377246;
HandLeft;1.889183;-0.285876;3.348088;
Spine;1.883349;0.01563055;3.625335;
HipCenter;1.808064;-0.04650492;3.611129;
HipRight;1.777742;-0.1783158;3.502489;
HipLeft;1.781685;-0.1117939;3.700061;
KneeRight;1.721927;-0.6026183;3.678962;
KneeLeft;1.829004;-0.5666382;3.580041;
AnkleRight;1.482701;-0.9917763;3.585171;
AnkleLeft;1.780101;-0.7815202;3.644102;
FootRight;1.38323;-1.035723;3.561491;
FootLeft;1.707468;-0.8864903;3.634778;
Head;1.939405;0.4867644;3.486417;
ShoulderCenter;1.918349;0.3940207;3.660491;
ShoulderRight;1.852836;0.09628578;3.478608;
ShoulderLeft;1.799527;0.2812341;3.545717;
ElbowRight;1.855977;-0.1848175;3.42662;
ElbowLeft;1.840308;-0.01037414;3.456613;
WristRight;1.800311;-0.4090433;3.412426;
WristLeft;1.847937;-0.2737261;3.366198;
HandRight;1.778708;-0.4754339;3.433374;
HandLeft;1.831607;-0.3384759;3.326562;
Spine;1.86706;-0.03076835;3.691382;
HipCenter;1.822915;-0.105649;3.64735;
HipRight;1.827993;-0.2218574;3.545529;
HipLeft;1.788759;-0.1439786;3.739846;
KneeRight;1.762461;-0.6397358;3.730942;
KneeLeft;1.908136;-0.6080195;3.669886;
AnkleRight;1.508432;-1.014763;3.612073;
AnkleLeft;2.022378;-1.052105;3.587266;
FootRight;1.453927;-1.059122;3.525897;
FootLeft;1.969984;-1.104673;3.500127;
Head;1.930804;0.4298597;3.583203;
ShoulderCenter;1.907264;0.2498231;3.692762;
ShoulderRight;1.84359;-0.04568583;3.509578;
ShoulderLeft;1.788442;0.1370365;3.577988;
ElbowRight;2.018929;-0.07791448;3.333635;
ElbowLeft;1.88987;-0.04218073;3.444895;
WristRight;1.872067;-0.205638;3.461805;
WristLeft;1.890304;-0.2928194;3.361767;
HandRight;1.8505;-0.2719193;3.482717;
HandLeft;1.887729;-0.3235632;3.427675;
Spine;1.904717;-0.05762598;3.760169;
HipCenter;1.858455;-0.1159615;3.732147;
HipRight;1.872636;-0.2494625;3.64478;
HipLeft;1.825274;-0.12485;3.828787;
KneeRight;1.768568;-0.6448868;3.85656;
KneeLeft;1.929324;-0.6175994;3.674179;
AnkleRight;1.56161;-1.018205;3.653396;
AnkleLeft;2.014626;-1.02156;3.52964;
FootRight;1.490615;-1.0655;3.582533;
FootLeft;1.94363;-1.068855;3.458777;
Head;1.939499;0.4191131;3.712021;
ShoulderCenter;1.932011;0.1883684;3.723974;
ShoulderRight;1.868337;-0.1071405;3.54079;
ShoulderLeft;1.813189;0.07558179;3.6092;
ElbowRight;1.955517;0.09887713;3.459964;
ElbowLeft;1.890395;-0.1915073;3.539995;
WristRight;1.883414;-0.2025653;3.457623;
WristLeft;1.898024;-0.4548593;3.449623;
HandRight;1.902898;-0.2724581;3.453088;
HandLeft;1.893891;-0.4849018;3.515696;
Spine;1.946476;-0.1455164;3.781513;
HipCenter;1.90202;-0.2102229;3.753118;
HipRight;1.920493;-0.3075932;3.723388;
HipLeft;1.87669;-0.2039838;3.785959;
KneeRight;1.816764;-0.7787968;3.626588;
KneeLeft;2.027148;-0.7274405;3.692485;
AnkleRight;1.537263;-1.060593;3.525129;
AnkleLeft;1.914222;-1.02299;3.786994;
FootRight;1.464228;-1.108396;3.457178;
FootLeft;1.804162;-1.046902;3.727853;
Head;1.946147;0.4231103;3.714947;
ShoulderCenter;1.951586;0.1956321;3.735416;
ShoulderRight;1.949481;0.002592678;3.59019;
ShoulderLeft;1.832764;0.0828455;3.620642;
ElbowRight;2.076683;0.1856429;3.609816;
ElbowLeft;1.90997;-0.1842436;3.551567;
WristRight;1.985944;-0.1061739;3.548163;
WristLeft;1.917599;-0.4475956;3.461262;
HandRight;1.993157;-0.1784387;3.548291;
HandLeft;1.91347;-0.477607;3.527266;
Spine;1.988573;-0.0277422;3.832317;
HipCenter;1.972773;-0.0842611;3.801701;
HipRight;2.046083;-0.1311252;3.800326;
HipLeft;1.902137;-0.09801846;3.812839;
KneeRight;1.851139;-0.5362854;3.662453;
KneeLeft;1.90587;-0.725619;3.653855;
AnkleRight;1.643619;-0.940439;3.565205;
AnkleLeft;1.691353;-1.085469;3.584808;
FootRight;1.745315;-0.8646675;3.569121;
FootLeft;1.656126;-1.143463;3.49781;
Head;1.899184;-0.4257435;3.722574;
ShoulderCenter;1.868624;-0.7446647;3.668043;
ShoulderRight;1.857821;-0.9409317;3.517587;
ShoulderLeft;1.749802;-0.8574513;3.553268;
ElbowRight;1.909603;-0.6401377;3.533402;
ElbowLeft;1.827008;-1.12454;3.484249;
WristRight;1.971802;-0.3425035;3.571166;
WristLeft;1.834637;-1.387892;3.393972;
HandRight;1.992534;-0.2432922;3.588899;
HandLeft;1.830513;-1.417873;3.459908;
Spine;1.84245;-0.6118237;3.616939;
HipCenter;1.86044;-0.5776998;3.663121;
HipRight;1.882865;-0.5065662;3.691518;
HipLeft;1.832983;-0.5461987;3.62221;
KneeRight;2.10956;-0.9724327;3.498954;
KneeLeft;1.919518;-0.7504463;3.650937;
AnkleRight;1.686307;-1.03336;3.542718;
AnkleLeft;1.705001;-1.110296;3.581946;
FootRight;1.791726;-0.9628304;3.540771;
FootLeft;1.711068;-1.034053;3.636177;
Head;1.927099;-0.8370262;3.689348;
ShoulderCenter;2.001137;-1.055874;3.694616;
ShoulderRight;1.990334;-1.252141;3.54416;
ShoulderLeft;1.882315;-1.16866;3.579842;
ElbowRight;2.00645;-0.9475341;3.553682;
ElbowLeft;1.959521;-1.435749;3.510933;
WristRight;2.020589;-0.6432492;3.581114;
WristLeft;1.96715;-1.699101;3.420713;
HandRight;2.025302;-0.5418208;3.595384;
HandLeft;1.96303;-1.729051;3.486582;
Spine;2.013814;-1.026651;3.815803;
HipCenter;1.979417;-1.064534;3.834299;
HipRight;2.055302;-1.125757;3.880123;
HipLeft;1.892657;-1.007649;3.850719;
KneeRight;1.933361;-1.616383;3.656039;
KneeLeft;1.948409;-0.8141714;3.619483;
AnkleRight;1.709018;-2.036301;3.56491;
AnkleLeft;1.733892;-1.174021;3.550603;
FootRight;1.652028;-2.129284;3.54998;
FootLeft;1.676902;-1.267004;3.535674;
Head;1.990783;-0.8776876;3.91235;
ShoulderCenter;2.064727;-1.096255;3.917632;
ShoulderRight;2.053923;-1.292522;3.767176;
ShoulderLeft;1.945905;-1.209042;3.802858;
ElbowRight;2.070021;-0.9882677;3.776705;
ElbowLeft;2.02311;-1.476131;3.734001;
WristRight;2.084145;-0.6843339;3.804111;
WristLeft;2.03074;-1.739483;3.643807;
HandRight;2.088852;-0.5830227;3.818365;
HandLeft;2.026623;-1.769403;3.70961;
Spine;1.98261;-1.003088;3.749138;
HipCenter;2.003491;-0.9444975;3.73864;
HipRight;2.025338;-0.9537841;3.704849;
HipLeft;1.966837;-0.8985163;3.725438;
KneeRight;2.001411;-1.609404;3.845563;
KneeLeft;1.921039;-0.4865758;3.353204;
AnkleRight;1.768879;-2.062269;3.740471;
AnkleLeft;1.887585;-0.185667;3.062376;
FootRight;1.82893;-2.149584;3.770164;
FootLeft;1.947636;-0.2729813;3.092069;
