Floor;-0.0001222757;0.9999442;0.01057102;1.047219;
Head;1.528118;0.6269872;3.859202;
ShoulderCenter;1.637276;0.4078665;3.797246;
ShoulderRight;1.688295;0.324699;3.641096;
ShoulderLeft;1.567534;0.2531288;3.875253;
ElbowRight;1.651578;0.1255216;3.516438;
ElbowLeft;1.575083;-0.04482111;3.797476;
WristRight;1.440538;-0.08793892;3.5299;
WristLeft;1.397151;-0.1528611;3.563164;
HandRight;1.388656;-0.143677;3.507733;
HandLeft;1.361461;-0.1977143;3.550891;
Spine;1.619964;-0.03157445;3.757154;
HipCenter;1.616501;-0.1194626;3.753056;
HipRight;1.641209;-0.1658821;3.69143;
HipLeft;1.586867;-0.1980887;3.8004;
KneeRight;1.683791;-0.6901215;3.663923;
KneeLeft;1.56149;-0.7169031;3.84547;
AnkleRight;1.604506;-0.9166543;3.241816;
AnkleLeft;1.631245;-1.048758;3.759549;
FootRight;1.49043;-0.9750656;3.185559;
FootLeft;1.530972;-1.114271;3.774816;
Head;1.517335;0.6524194;3.827938;
ShoulderCenter;1.601479;0.417925;3.810093;
ShoulderRight;1.629377;0.3114655;3.638322;
ShoulderLeft;1.525608;0.2406352;3.87904;
ElbowRight;1.650487;0.1194714;3.467238;
ElbowLeft;1.526379;-0.0802929;3.877631;
WristRight;1.391548;-0.06550081;3.502547;
WristLeft;1.356809;-0.1501814;3.596455;
HandRight;1.323463;-0.1143781;3.478554;
HandLeft;1.242102;-0.1898544;3.485571;
Spine;1.600295;-0.01745102;3.776551;
HipCenter;1.599202;-0.1042604;3.774113;
HipRight;1.629671;-0.1636371;3.696089;
HipLeft;1.57112;-0.193896;3.842245;
KneeRight;1.681366;-0.6921099;3.65635;
KneeLeft;1.507749;-0.7520524;3.856282;
AnkleRight;1.607567;-0.9904157;3.147025;
AnkleLeft;1.562592;-1.065207;3.797071;
FootRight;1.496408;-1.047998;3.099945;
FootLeft;1.466341;-1.11314;3.737043;
Head;1.452661;0.6471983;3.821298;
ShoulderCenter;1.571077;0.4258406;3.798334;
ShoulderRight;1.615228;0.3113395;3.636318;
ShoulderLeft;1.459631;0.2061897;3.861812;
ElbowRight;1.497651;0.07022972;3.521032;
ElbowLeft;1.462399;-0.1117005;3.860091;
WristRight;1.285918;-0.06666647;3.488247;
WristLeft;1.293248;-0.1433397;3.575087;
HandRight;1.227967;-0.1392446;3.492829;
HandLeft;1.200214;-0.1838503;3.473263;
Spine;1.575429;-0.008583128;3.782413;
HipCenter;1.575554;-0.09527296;3.782976;
HipRight;1.602062;-0.142895;3.719787;
HipLeft;1.544826;-0.1897985;3.843081;
KneeRight;1.672445;-0.6953806;3.649052;
KneeLeft;1.437934;-0.7084563;3.864634;
AnkleRight;1.701974;-1.063394;3.644267;
AnkleLeft;1.465803;-1.073267;3.776946;
FootRight;1.662574;-1.068631;3.4997;
FootLeft;1.475681;-1.101272;3.645151;
Head;1.415839;0.6363011;3.850369;
ShoulderCenter;1.544224;0.4225441;3.811714;
ShoulderRight;1.562073;0.3121907;3.637452;
ShoulderLeft;1.460547;0.2359154;3.806856;
ElbowRight;1.486857;0.08364289;3.523529;
ElbowLeft;1.440781;-0.07634264;3.795286;
WristRight;1.272867;-0.06441867;3.501665;
WristLeft;1.236155;-0.128587;3.547508;
HandRight;1.185007;-0.111596;3.478285;
HandLeft;1.120845;-0.1715168;3.465853;
Spine;1.539724;-0.03500751;3.779672;
HipCenter;1.537802;-0.1282278;3.776222;
HipRight;1.563035;-0.1530681;3.738926;
HipLeft;1.515443;-0.1880118;3.804322;
KneeRight;1.67049;-0.6973376;3.648409;
KneeLeft;1.390169;-0.6385326;3.856514;
AnkleRight;1.699474;-1.049854;3.644136;
AnkleLeft;1.372199;-1.026247;3.792833;
FootRight;1.661016;-1.05724;3.50335;
FootLeft;1.249924;-1.066931;3.808282;
Head;1.393528;0.643225;3.84516;
ShoulderCenter;1.490288;0.4142012;3.821732;
ShoulderRight;1.537542;0.3150979;3.633281;
ShoulderLeft;1.423802;0.1742334;3.872463;
ElbowRight;1.429391;0.08964778;3.518207;
ElbowLeft;1.416527;-0.1486115;3.854558;
WristRight;1.241066;-0.05678066;3.489478;
WristLeft;1.219884;-0.1255316;3.583106;
HandRight;1.153892;-0.1189295;3.50004;
HandLeft;1.105602;-0.1499217;3.485265;
Spine;1.512647;-0.02066364;3.773382;
HipCenter;1.514387;-0.1081303;3.767766;
HipRight;1.536943;-0.1310159;3.718031;
HipLeft;1.499145;-0.1904788;3.801636;
KneeRight;1.644898;-0.6822414;3.648749;
KneeLeft;1.359828;-0.6780688;3.845245;
AnkleRight;1.700328;-1.023362;3.651154;
AnkleLeft;1.194487;-1.009989;3.758651;
FootRight;1.662571;-1.035114;3.512246;
FootLeft;1.100526;-1.053976;3.783795;
Head;1.32797;0.6270134;3.841786;
ShoulderCenter;1.467189;0.4212124;3.827792;
ShoulderRight;1.488491;0.2990477;3.619879;
ShoulderLeft;1.387169;0.2427053;3.864678;
ElbowRight;1.464512;0.07233709;3.494988;
ElbowLeft;1.356842;-0.08898365;3.818954;
WristRight;1.20721;-0.06768119;3.480533;
WristLeft;1.165405;-0.1048105;3.530495;
HandRight;1.116167;-0.1305017;3.492858;
HandLeft;1.082423;-0.1546502;3.479436;
Spine;1.475559;-0.02751504;3.763616;
HipCenter;1.477238;-0.1178888;3.754093;
HipRight;1.502127;-0.1463341;3.712156;
HipLeft;1.451662;-0.173831;3.779347;
KneeRight;1.638703;-0.6858499;3.650658;
KneeLeft;1.321856;-0.6864512;3.842724;
AnkleRight;1.693321;-1.028871;3.656648;
AnkleLeft;1.165847;-1.015351;3.764256;
FootRight;1.657017;-1.039652;3.518191;
FootLeft;1.072363;-1.052565;3.79791;
Head;1.306871;0.6215435;3.834652;
ShoulderCenter;1.423311;0.4056698;3.839197;
ShoulderRight;1.469905;0.2903269;3.632821;
ShoulderLeft;1.338087;0.1801551;3.844798;
ElbowRight;1.331839;0.01238539;3.525334;
ElbowLeft;1.308103;-0.1477762;3.799384;
WristRight;1.086738;-0.1342206;3.496094;
WristLeft;1.138302;-0.1138888;3.503018;
HandRight;1.014984;-0.1695603;3.505823;
HandLeft;1.033222;-0.1677311;3.488274;
Spine;1.426286;-0.0245453;3.771877;
HipCenter;1.42706;-0.1105247;3.762252;
HipRight;1.455848;-0.1342837;3.72213;
HipLeft;1.399625;-0.1820463;3.785092;
KneeRight;1.616562;-0.6825548;3.646616;
KneeLeft;1.274531;-0.6986616;3.83109;
AnkleRight;1.678;-1.045353;3.647277;
AnkleLeft;1.097996;-1.030779;3.760887;
FootRight;1.643648;-1.053701;3.509178;
FootLeft;1.074067;-1.106917;3.829678;
Head;1.282661;0.635055;3.831188;
ShoulderCenter;1.360258;0.3985925;3.815877;
ShoulderRight;1.436537;0.2929654;3.644495;
ShoulderLeft;1.310097;0.2624971;3.87801;
ElbowRight;1.36997;0.06887469;3.523958;
ElbowLeft;1.279292;-0.07442173;3.832341;
WristRight;1.094652;-0.1261559;3.479149;
WristLeft;1.142535;-0.09018973;3.50711;
HandRight;1.023767;-0.1587822;3.501091;
HandLeft;1.061736;-0.1633083;3.519458;
Spine;1.384668;-0.0377017;3.756208;
HipCenter;1.391777;-0.1239818;3.748955;
HipRight;1.421023;-0.1518998;3.719187;
HipLeft;1.366395;-0.1696388;3.766714;
KneeRight;1.572168;-0.6802454;3.639458;
KneeLeft;1.25659;-0.6786395;3.827446;
AnkleRight;1.676863;-1.037108;3.648362;
AnkleLeft;1.097177;-1.029203;3.760073;
FootRight;1.642782;-1.04673;3.510959;
FootLeft;0.99568;-1.055595;3.761176;
Head;1.205496;0.5967551;3.857396;
ShoulderCenter;1.34508;0.4062434;3.81056;
ShoulderRight;1.380399;0.2901771;3.660579;
ShoulderLeft;1.29492;0.2701479;3.872693;
ElbowRight;1.360805;0.06975578;3.523968;
ElbowLeft;1.240151;0.04922098;3.600332;
WristRight;1.095593;-0.1274607;3.480274;
WristLeft;1.047675;-0.1701977;3.461703;
HandRight;1.044521;-0.184423;3.494313;
HandLeft;1.002893;-0.2260953;3.492037;
Spine;1.354923;-0.04919957;3.754725;
HipCenter;1.352706;-0.1434247;3.747776;
HipRight;1.372464;-0.1768586;3.714568;
HipLeft;1.336956;-0.180706;3.770336;
KneeRight;1.555457;-0.6908441;3.641303;
KneeLeft;1.205992;-0.6673427;3.800424;
AnkleRight;1.67823;-1.051183;3.64179;
AnkleLeft;1.120259;-1.011624;3.751791;
FootRight;1.642434;-1.057918;3.506619;
FootLeft;1.028478;-1.073672;3.833544;
Head;1.142827;0.5890753;3.823584;
ShoulderCenter;1.285386;0.402347;3.793566;
ShoulderRight;1.341579;0.2815282;3.650797;
ShoulderLeft;1.198519;0.2267296;3.854278;
ElbowRight;1.344953;0.05613685;3.53348;
ElbowLeft;1.151487;0.005383223;3.587782;
WristRight;1.094221;-0.1528501;3.526085;
WristLeft;1.043273;-0.1847343;3.470005;
HandRight;1.023429;-0.2139393;3.479984;
HandLeft;1.016017;-0.2565118;3.476545;
Spine;1.303705;-0.05482768;3.740577;
HipCenter;1.309633;-0.1461209;3.734547;
HipRight;1.349963;-0.1739091;3.698318;
HipLeft;1.27606;-0.2109793;3.7623;
KneeRight;1.473545;-0.6818358;3.621182;
KneeLeft;1.163137;-0.648865;3.797868;
AnkleRight;1.638529;-1.038761;3.638132;
AnkleLeft;1.116141;-0.9956901;3.758453;
FootRight;1.548129;-1.105973;3.562238;
FootLeft;1.055393;-1.076462;3.776461;
Head;1.128404;0.586908;3.829669;
ShoulderCenter;1.26281;0.4072368;3.793055;
ShoulderRight;1.317505;0.27794;3.656617;
ShoulderLeft;1.123529;0.1579527;3.795126;
ElbowRight;1.271999;0.02236982;3.545585;
ElbowLeft;1.077097;-0.06057143;3.531652;
WristRight;1.075988;-0.1908998;3.471721;
WristLeft;1.017716;-0.2723873;3.424291;
HandRight;1.014991;-0.2446318;3.463746;
HandLeft;0.9938015;-0.3399671;3.403903;
Spine;1.304443;-0.06151433;3.776154;
HipCenter;1.266162;-0.1472868;3.721145;
HipRight;1.317629;-0.1879786;3.678338;
HipLeft;1.216506;-0.2189982;3.746846;
KneeRight;1.412395;-0.6678387;3.64045;
KneeLeft;1.132318;-0.6553832;3.809592;
AnkleRight;1.639908;-1.030028;3.636805;
AnkleLeft;1.111186;-0.9977248;3.751862;
FootRight;1.558702;-1.112913;3.629706;
FootLeft;1.048818;-1.073508;3.774146;
Head;1.119864;0.5919548;3.840787;
ShoulderCenter;1.207532;0.395026;3.78346;
ShoulderRight;1.275229;0.2730368;3.654189;
ShoulderLeft;1.09838;0.2024959;3.794145;
ElbowRight;1.262391;0.03070784;3.547195;
ElbowLeft;1.052686;-0.01255788;3.534446;
WristRight;1.097475;-0.2048838;3.487863;
WristLeft;0.9939064;-0.2125104;3.411209;
HandRight;1.052993;-0.2911213;3.478594;
HandLeft;0.9727138;-0.2806393;3.394952;
Spine;1.248195;-0.05431494;3.797807;
HipCenter;1.212471;-0.1398185;3.751318;
HipRight;1.256033;-0.1768533;3.715082;
HipLeft;1.169855;-0.2053021;3.778367;
KneeRight;1.355182;-0.6995274;3.62347;
KneeLeft;1.110874;-0.6494673;3.798554;
AnkleRight;1.618537;-1.008625;3.631365;
AnkleLeft;1.109516;-0.9927647;3.749011;
FootRight;1.521555;-1.095723;3.587174;
FootLeft;1.0503;-1.071227;3.775218;
Head;1.092253;0.6018375;3.861425;
ShoulderCenter;1.165804;0.4014702;3.773654;
ShoulderRight;1.23577;0.2809831;3.646409;
ShoulderLeft;1.073238;0.224356;3.795401;
ElbowRight;1.225599;0.01373482;3.545577;
ElbowLeft;1.027822;0.01061241;3.537133;
WristRight;1.108769;-0.2011699;3.48742;
WristLeft;1.078319;-0.1921973;3.757438;
HandRight;1.072413;-0.2904361;3.475502;
HandLeft;1.057458;-0.2592615;3.741436;
Spine;1.200615;-0.04606111;3.791561;
HipCenter;1.162309;-0.1318197;3.750615;
HipRight;1.201602;-0.1753601;3.707109;
HipLeft;1.124513;-0.1973629;3.786083;
KneeRight;1.313136;-0.7122281;3.617297;
KneeLeft;1.093302;-0.6440098;3.794085;
AnkleRight;1.562152;-1.028983;3.633294;
AnkleLeft;1.103351;-1.003284;3.754869;
FootRight;1.517001;-1.114287;3.611111;
FootLeft;1.043175;-1.07889;3.776549;
Head;1.021799;0.6087177;3.838748;
ShoulderCenter;1.127202;0.4176332;3.788778;
ShoulderRight;1.201344;0.2888899;3.642015;
ShoulderLeft;1.039513;0.2430725;3.795644;
ElbowRight;1.221274;0.01544612;3.546943;
ElbowLeft;0.994422;0.03085952;3.539012;
WristRight;1.112658;-0.2032916;3.486832;
WristLeft;1.041865;-0.1729839;3.756039;
HandRight;1.088986;-0.2946229;3.46492;
HandLeft;1.021131;-0.239637;3.740134;
Spine;1.162838;-0.04270277;3.786467;
HipCenter;1.121246;-0.1285114;3.742103;
HipRight;1.157772;-0.1646829;3.698486;
HipLeft;1.07907;-0.1942645;3.77296;
KneeRight;1.288762;-0.7341089;3.611903;
KneeLeft;1.064746;-0.6419802;3.778066;
AnkleRight;1.491418;-1.038878;3.631618;
AnkleLeft;1.102925;-1.003616;3.754211;
FootRight;1.419108;-1.086009;3.557584;
FootLeft;1.046143;-1.075195;3.785756;
Head;1.005887;0.6075388;3.831712;
ShoulderCenter;1.110497;0.4145779;3.789716;
ShoulderRight;1.168601;0.2895458;3.640966;
ShoulderLeft;1.02984;0.2543856;3.797761;
ElbowRight;1.179565;0.0009160826;3.546203;
ElbowLeft;0.9960955;-0.03337173;3.725753;
WristRight;1.112211;-0.2167041;3.483459;
WristLeft;1.012335;-0.2205331;3.908309;
HandRight;1.104101;-0.2936848;3.46143;
HandLeft;0.9954137;-0.3151841;3.929613;
Spine;1.119785;-0.03642647;3.796327;
HipCenter;1.072526;-0.118626;3.758284;
HipRight;1.101258;-0.1630634;3.716627;
HipLeft;1.040089;-0.1743497;3.790445;
KneeRight;1.147587;-0.6554359;3.602777;
KneeLeft;1.01639;-0.619008;3.765088;
AnkleRight;1.401861;-1.022325;3.62917;
AnkleLeft;1.102866;-1.006221;3.757357;
FootRight;1.395185;-1.11684;3.629052;
FootLeft;1.098785;-1.082002;3.814089;
Head;0.9628697;0.6141186;3.822381;
ShoulderCenter;1.059744;0.4169913;3.782035;
ShoulderRight;1.141845;0.2918473;3.626866;
ShoulderLeft;0.9779428;0.2456625;3.767361;
ElbowRight;1.175417;0.003680232;3.542285;
ElbowLeft;0.9521696;-0.05141719;3.693666;
WristRight;1.113729;-0.2364988;3.493791;
WristLeft;0.9530975;-0.2835221;3.892957;
HandRight;1.116364;-0.3030255;3.464714;
HandLeft;0.905421;-0.3362107;3.908092;
Spine;1.074144;-0.02828614;3.757981;
HipCenter;1.031956;-0.1065399;3.708;
HipRight;1.065453;-0.1602208;3.6507;
HipLeft;0.9923576;-0.1678126;3.745581;
KneeRight;1.053301;-0.6173681;3.611668;
KneeLeft;0.9658497;-0.6372837;3.791157;
AnkleRight;1.331249;-0.9709386;3.6315;
AnkleLeft;1.102857;-1.006557;3.75722;
FootRight;1.292003;-1.078282;3.629977;
FootLeft;1.034336;-1.069983;3.753971;
Head;0.9166843;0.5990815;3.78593;
ShoulderCenter;1.039009;0.4189531;3.776437;
ShoulderRight;1.090092;0.3002019;3.630862;
ShoulderLeft;0.9074924;0.153025;3.756567;
ElbowRight;1.173076;0.004801637;3.540823;
ElbowLeft;0.9410661;-0.06381296;3.92744;
WristRight;1.133924;-0.2662008;3.497687;
WristLeft;0.8956805;-0.2947222;3.900182;
HandRight;1.144723;-0.349634;3.533945;
HandLeft;0.8679385;-0.3014998;3.886335;
Spine;1.05948;-0.03016862;3.758608;
HipCenter;1.019973;-0.1100177;3.707418;
HipRight;1.059594;-0.1688068;3.650683;
HipLeft;0.9681379;-0.1754345;3.743681;
KneeRight;0.9862517;-0.6117508;3.607755;
KneeLeft;0.9272273;-0.6108835;3.779421;
AnkleRight;1.242641;-0.9655904;3.594837;
AnkleLeft;1.091245;-1.037399;3.755693;
FootRight;1.180901;-1.037904;3.581826;
FootLeft;1.02836;-1.104084;3.755236;
Head;0.9044681;0.5991541;3.783872;
ShoulderCenter;1.009441;0.4141729;3.766813;
ShoulderRight;1.079546;0.3008872;3.628678;
ShoulderLeft;0.9028907;0.2517535;3.763791;
ElbowRight;1.16319;0.01557824;3.533339;
ElbowLeft;0.8971491;-0.0156292;3.901172;
WristRight;1.122182;-0.2111321;3.479412;
WristLeft;0.8271372;-0.2334833;3.93211;
HandRight;1.131421;-0.2906339;3.485722;
HandLeft;0.8005706;-0.2960573;3.947078;
Spine;1.010678;-0.02161748;3.746583;
HipCenter;0.9697732;-0.09643662;3.695446;
HipRight;1.004413;-0.1526875;3.648548;
HipLeft;0.9285913;-0.1445362;3.725011;
KneeRight;0.9362425;-0.6256491;3.604085;
KneeLeft;1.072514;-0.5750927;3.78316;
AnkleRight;1.153666;-0.9873025;3.605564;
AnkleLeft;1.051827;-1.007134;3.71598;
FootRight;1.066399;-1.064317;3.606424;
FootLeft;1.011197;-1.082885;3.747795;
Head;0.8471869;0.6056157;3.767389;
ShoulderCenter;0.9557163;0.428851;3.749463;
ShoulderRight;1.044595;0.3030231;3.620652;
ShoulderLeft;0.8630622;0.2481479;3.795844;
ElbowRight;1.152945;0.01464751;3.534222;
ElbowLeft;0.8647994;-0.01523552;3.918805;
WristRight;1.122465;-0.2184761;3.483564;
WristLeft;0.771653;-0.2227335;3.94548;
HandRight;1.128868;-0.2937236;3.486755;
HandLeft;0.7252053;-0.2711861;3.920608;
Spine;0.979416;-0.00944498;3.731578;
HipCenter;0.9359725;-0.08783852;3.684801;
HipRight;0.9652489;-0.1503727;3.619589;
HipLeft;0.8970507;-0.1504592;3.725844;
KneeRight;0.8587953;-0.6178517;3.582038;
KneeLeft;1.054699;-0.6404068;3.79665;
AnkleRight;1.033369;-1.013847;3.604743;
AnkleLeft;1.120716;-0.9685358;3.73507;
FootRight;0.9332675;-1.085682;3.611384;
FootLeft;1.018913;-1.038248;3.736085;
Head;0.853618;0.5988926;3.778874;
ShoulderCenter;0.9254967;0.4068414;3.73308;
ShoulderRight;1.026777;0.2952365;3.614178;
ShoulderLeft;0.8506714;0.2652105;3.752362;
ElbowRight;1.13285;0.02562882;3.522196;
ElbowLeft;0.8190908;0.01108533;3.897932;
WristRight;1.120825;-0.220059;3.482001;
WristLeft;0.7296008;-0.1857777;3.960104;
HandRight;1.125733;-0.3008533;3.486082;
HandLeft;0.6916844;-0.2571114;3.932709;
Spine;0.9458274;-0.02122703;3.719042;
HipCenter;0.9070251;-0.09711368;3.66778;
HipRight;0.9478576;-0.1505465;3.612502;
HipLeft;0.8639591;-0.1629904;3.703656;
KneeRight;0.8011336;-0.6186445;3.571827;
KneeLeft;1.026674;-0.6463393;3.793598;
AnkleRight;0.9129952;-1.025246;3.584188;
AnkleLeft;1.09041;-1.00718;3.72715;
FootRight;0.8475674;-1.087725;3.573391;
FootLeft;1.01003;-1.100606;3.724864;
Head;0.7984594;0.5826224;3.759029;
ShoulderCenter;0.9051518;0.4123348;3.725308;
ShoulderRight;0.975211;0.2963549;3.605841;
ShoulderLeft;0.7868748;0.2411117;3.727074;
ElbowRight;1.11532;0.03434425;3.513931;
ElbowLeft;0.7745594;0.0203657;3.912229;
WristRight;1.101477;-0.2128597;3.468933;
WristLeft;0.6536807;-0.1836241;3.929585;
HandRight;1.095916;-0.29334;3.450712;
HandLeft;0.6202154;-0.2463339;3.922182;
Spine;0.9288633;-0.02768461;3.718795;
HipCenter;0.8940403;-0.1068986;3.66527;
HipRight;0.9346901;-0.1506921;3.613074;
HipLeft;0.8501681;-0.1826792;3.699267;
KneeRight;0.7791593;-0.6127492;3.571605;
KneeLeft;0.9738705;-0.6506038;3.769416;
AnkleRight;0.8353279;-1.022386;3.576899;
AnkleLeft;1.08259;-1.017472;3.749034;
FootRight;0.7310908;-1.083594;3.596527;
FootLeft;1.071403;-1.104216;3.772344;
Head;0.7614541;0.5900335;3.716357;
ShoulderCenter;0.8551292;0.4124496;3.69653;
ShoulderRight;0.9633108;0.2889192;3.596419;
ShoulderLeft;0.7671615;0.2443071;3.71873;
ElbowRight;1.078212;0.03430847;3.502541;
ElbowLeft;0.7495854;0.03028308;3.915637;
WristRight;1.085682;-0.2202801;3.459064;
WristLeft;0.6186053;-0.1861104;3.923862;
HandRight;1.093627;-0.296882;3.460056;
HandLeft;0.5816184;-0.2456681;3.926924;
Spine;0.8907376;-0.03739352;3.703257;
HipCenter;0.8619803;-0.1204737;3.651601;
HipRight;0.9069476;-0.1511924;3.610052;
HipLeft;0.8213688;-0.1967032;3.680561;
KneeRight;0.7608881;-0.6093943;3.572206;
KneeLeft;0.9625354;-0.6498131;3.76486;
AnkleRight;0.6958861;-1.023031;3.545897;
AnkleLeft;1.081801;-1.016061;3.746615;
FootRight;0.5816465;-1.067497;3.524296;
FootLeft;0.9976681;-1.086399;3.80551;
Head;0.7463272;0.5861825;3.721739;
ShoulderCenter;0.8079357;0.3923669;3.677526;
ShoulderRight;0.91697;0.2750968;3.582321;
ShoulderLeft;0.7128484;0.228237;3.747462;
ElbowRight;1.058705;0.02816424;3.498693;
ElbowLeft;0.6987958;-0.005861267;3.927927;
WristRight;1.065154;-0.2330705;3.454253;
WristLeft;0.5787966;-0.2048301;3.932558;
HandRight;1.082079;-0.30371;3.464446;
HandLeft;0.5454823;-0.2363005;3.920759;
Spine;0.8512673;-0.02760969;3.691567;
HipCenter;0.8150354;-0.1069977;3.646179;
HipRight;0.866693;-0.1588578;3.596123;
HipLeft;0.7672887;-0.1814648;3.685205;
KneeRight;0.6993855;-0.6342191;3.56075;
KneeLeft;0.941148;-0.6502655;3.756925;
AnkleRight;0.5737794;-1.038645;3.525862;
AnkleLeft;1.082218;-1.013112;3.747324;
FootRight;0.4626669;-1.066073;3.494551;
FootLeft;1.044542;-1.082806;3.793895;
Head;0.6914306;0.5699964;3.716425;
ShoulderCenter;0.7874397;0.3939892;3.6667;
ShoulderRight;0.8685715;0.2669108;3.563834;
ShoulderLeft;0.6909862;0.227829;3.724868;
ElbowRight;1.009267;0.003190871;3.499756;
ElbowLeft;0.6800129;0.005092278;3.914911;
WristRight;1.023243;-0.2415221;3.455141;
WristLeft;0.5321255;-0.1796341;3.929142;
HandRight;1.038139;-0.3175886;3.464809;
HandLeft;0.4952635;-0.2357046;3.913771;
Spine;0.8310199;-0.02941143;3.682774;
HipCenter;0.7958444;-0.1106496;3.641871;
HipRight;0.8232681;-0.1510157;3.585453;
HipLeft;0.7584964;-0.1907614;3.684864;
KneeRight;0.7243344;-0.5749718;3.539634;
KneeLeft;0.9392431;-0.6497076;3.761221;
AnkleRight;0.5262446;-0.9882163;3.503436;
AnkleLeft;1.082621;-1.012366;3.746725;
FootRight;0.4193548;-1.047596;3.48153;
FootLeft;1.040123;-1.080163;3.792762;
Head;0.6701993;0.5825621;3.710726;
ShoulderCenter;0.7327966;0.3916418;3.667975;
ShoulderRight;0.827394;0.2658346;3.550103;
ShoulderLeft;0.640203;0.224612;3.725229;
ElbowRight;0.9586277;-0.000470819;3.481362;
ElbowLeft;0.6232886;-0.008768648;3.900639;
WristRight;0.9897791;-0.2473852;3.451331;
WristLeft;0.4859155;-0.193545;3.892873;
HandRight;1.024653;-0.331498;3.469713;
HandLeft;0.4494151;-0.250722;3.882258;
Spine;0.790183;-0.03911874;3.672062;
HipCenter;0.7565005;-0.1222543;3.629524;
HipRight;0.7982875;-0.1580223;3.569355;
HipLeft;0.7238594;-0.2130263;3.678995;
KneeRight;0.6976033;-0.5820249;3.54062;
KneeLeft;0.9304384;-0.6628224;3.770456;
AnkleRight;0.4765868;-0.9819132;3.508107;
AnkleLeft;1.082397;-1.012483;3.746781;
FootRight;0.3702704;-1.042746;3.486498;
FootLeft;1.019826;-1.079822;3.797879;
Head;0.6298506;0.5791044;3.690791;
ShoulderCenter;0.7105918;0.3986407;3.662106;
ShoulderRight;0.7958374;0.2590003;3.538018;
ShoulderLeft;0.6321805;0.2403063;3.713351;
ElbowRight;0.9241323;0.009755186;3.471576;
ElbowLeft;0.6057876;0.006797731;3.892175;
WristRight;0.9454375;-0.2644824;3.43308;
WristLeft;0.4819559;-0.1862331;3.915474;
HandRight;0.9587945;-0.343626;3.436767;
HandLeft;0.4213034;-0.2539755;3.891556;
Spine;0.7544266;-0.03434641;3.663744;
HipCenter;0.7149217;-0.1168904;3.623772;
HipRight;0.7389957;-0.1570064;3.557768;
HipLeft;0.6947348;-0.2064505;3.676609;
KneeRight;0.5997543;-0.5695335;3.539368;
KneeLeft;0.9224604;-0.6690375;3.769994;
AnkleRight;0.4602477;-1.006607;3.513397;
AnkleLeft;1.083091;-1.012666;3.748563;
FootRight;0.3480182;-1.060503;3.509564;
FootLeft;1.022001;-1.076043;3.777301;
Head;0.5633;0.5514726;3.673209;
ShoulderCenter;0.6666448;0.3845211;3.663416;
ShoulderRight;0.7441362;0.2478135;3.520265;
ShoulderLeft;0.5635;0.1922846;3.66684;
ElbowRight;0.8600166;-0.01780409;3.454509;
ElbowLeft;0.5490896;-0.0145573;3.876571;
WristRight;0.8911217;-0.2919731;3.420739;
WristLeft;0.4519732;-0.2198959;3.919413;
HandRight;0.9007669;-0.360554;3.429563;
HandLeft;0.3970851;-0.2963821;3.911719;
Spine;0.7144641;-0.04427171;3.65221;
HipCenter;0.6809194;-0.1241175;3.603914;
HipRight;0.7174355;-0.1614235;3.535466;
HipLeft;0.6452578;-0.2223853;3.653029;
KneeRight;0.5403297;-0.5938491;3.531602;
KneeLeft;0.8831987;-0.691802;3.763363;
AnkleRight;0.45215;-1.041756;3.512353;
AnkleLeft;1.081335;-1.017275;3.754767;
FootRight;0.3346929;-1.082011;3.528414;
FootLeft;1.017294;-1.081042;3.788718;
Head;0.5436353;0.5640301;3.672079;
ShoulderCenter;0.6205588;0.3788501;3.634117;
ShoulderRight;0.7225465;0.2491146;3.510557;
ShoulderLeft;0.532746;0.1895801;3.664225;
ElbowRight;0.8288897;-0.0464038;3.442566;
ElbowLeft;0.5278246;-0.01264995;3.877022;
WristRight;0.8292189;-0.33904;3.412699;
WristLeft;0.4122652;-0.2169298;3.902981;
HandRight;0.864049;-0.3926122;3.384076;
HandLeft;0.392056;-0.2830262;3.891789;
Spine;0.6597518;-0.05207466;3.636201;
HipCenter;0.6252003;-0.1328074;3.590155;
HipRight;0.6714826;-0.1764602;3.537297;
HipLeft;0.5807867;-0.2114937;3.62874;
KneeRight;0.5142801;-0.5941004;3.522496;
KneeLeft;0.7757435;-0.6612204;3.731605;
AnkleRight;0.4522095;-1.04183;3.512289;
AnkleLeft;1.06987;-1.01329;3.756406;
FootRight;0.3421131;-1.099309;3.536187;
FootLeft;1.012127;-1.088826;3.83981;
Head;0.4818497;0.5394362;3.590934;
ShoulderCenter;0.5885621;0.3852735;3.619778;
ShoulderRight;0.6703249;0.2509906;3.498712;
ShoulderLeft;0.4962254;0.2011629;3.660952;
ElbowRight;0.7741332;-0.04569752;3.428429;
ElbowLeft;0.4859416;-0.02561353;3.855215;
WristRight;0.7566;-0.2795858;3.386892;
WristLeft;0.3905686;-0.2715694;3.864209;
HandRight;0.769663;-0.363217;3.398316;
HandLeft;0.3628727;-0.3362546;3.863831;
Spine;0.6202503;-0.04428216;3.630721;
HipCenter;0.5811324;-0.1253542;3.590388;
HipRight;0.6249779;-0.1740847;3.535716;
HipLeft;0.5329208;-0.1984167;3.635067;
KneeRight;0.4885679;-0.6182854;3.508928;
KneeLeft;0.7491867;-0.676114;3.741686;
AnkleRight;0.4536244;-1.04133;3.511394;
AnkleLeft;1.048502;-1.015971;3.764269;
FootRight;0.3426518;-1.099177;3.536572;
FootLeft;0.9930926;-1.092155;3.850413;
Head;0.4667106;0.5534464;3.594112;
ShoulderCenter;0.5573512;0.382934;3.598047;
ShoulderRight;0.6502299;0.2560375;3.490134;
ShoulderLeft;0.4609654;0.1956132;3.654696;
ElbowRight;0.7227573;0.01581686;3.399868;
ElbowLeft;0.4480566;-0.03470166;3.662915;
WristRight;0.7037286;-0.2675501;3.363261;
WristLeft;0.405921;-0.2239748;3.897531;
HandRight;0.7006766;-0.352055;3.368603;
HandLeft;0.3802283;-0.3021955;3.879756;
Spine;0.5822635;-0.03684207;3.612714;
HipCenter;0.5450652;-0.1158817;3.57278;
HipRight;0.5836667;-0.1610871;3.519537;
HipLeft;0.503824;-0.1987304;3.616657;
KneeRight;0.4821123;-0.6205671;3.507596;
KneeLeft;0.7087011;-0.7098763;3.751995;
AnkleRight;0.4536936;-1.041157;3.511337;
AnkleLeft;0.9925759;-0.9791381;3.752611;
FootRight;0.3401423;-1.089524;3.543221;
FootLeft;0.9354444;-1.077882;3.809491;
Head;0.4224401;0.5653853;3.582147;
ShoulderCenter;0.5067673;0.3860329;3.565057;
ShoulderRight;0.5900652;0.260879;3.478298;
ShoulderLeft;0.4138731;0.1856626;3.653836;
ElbowRight;0.6660938;-0.04301634;3.413352;
ElbowLeft;0.4153987;-0.04382297;3.663719;
WristRight;0.6284979;-0.2896962;3.379587;
WristLeft;0.3977022;-0.2519632;3.884362;
HandRight;0.6362619;-0.3576384;3.362311;
HandLeft;0.3747978;-0.3183905;3.878222;
Spine;0.5387409;-0.04963782;3.608341;
HipCenter;0.4995287;-0.1360784;3.576189;
HipRight;0.5431544;-0.1816832;3.52871;
HipLeft;0.4556682;-0.2138473;3.622308;
KneeRight;0.4575328;-0.6224267;3.500867;
KneeLeft;0.6964375;-0.7165222;3.757704;
AnkleRight;0.4507036;-1.040673;3.511075;
AnkleLeft;0.9344363;-0.9691514;3.746095;
FootRight;0.3403103;-1.096561;3.547776;
FootLeft;0.8765932;-1.069125;3.803684;
Head;0.3811797;0.571682;3.598287;
ShoulderCenter;0.4812602;0.3984111;3.566932;
ShoulderRight;0.5658368;0.272455;3.476534;
ShoulderLeft;0.388316;0.2011121;3.660004;
ElbowRight;0.6141267;0.01651339;3.381252;
ElbowLeft;0.3809567;-0.02645859;3.670539;
WristRight;0.5286752;-0.2665173;3.372925;
WristLeft;0.3786241;-0.2606705;3.847004;
HandRight;0.5353711;-0.355835;3.367085;
HandLeft;0.3683968;-0.322455;3.878618;
Spine;0.5250086;-0.03934361;3.594594;
HipCenter;0.4868892;-0.1250105;3.559835;
HipRight;0.5269138;-0.167584;3.50608;
HipLeft;0.4472251;-0.2095037;3.607083;
KneeRight;0.4475625;-0.6238096;3.503735;
KneeLeft;0.6738644;-0.7310814;3.703714;
AnkleRight;0.448017;-1.040253;3.51115;
AnkleLeft;0.8889958;-0.9845993;3.747779;
FootRight;0.3512629;-1.09123;3.579134;
FootLeft;0.7946817;-1.05038;3.796834;
Head;0.3384694;0.572872;3.62448;
ShoulderCenter;0.4535816;0.4099996;3.551405;
ShoulderRight;0.5259339;0.2729602;3.463754;
ShoulderLeft;0.3659121;0.2080799;3.65455;
ElbowRight;0.5631279;-0.001668076;3.384289;
ElbowLeft;0.3474196;-0.01955777;3.656551;
WristRight;0.4709505;-0.2591759;3.367338;
WristLeft;0.349528;-0.2664081;3.787171;
HandRight;0.4545458;-0.3376351;3.361319;
HandLeft;0.330393;-0.3300353;3.80832;
Spine;0.4770726;-0.02131225;3.624221;
HipCenter;0.4347725;-0.1091334;3.602424;
HipRight;0.4752644;-0.1694309;3.549528;
HipLeft;0.3910425;-0.1808301;3.665192;
KneeRight;0.4347034;-0.6282644;3.503104;
KneeLeft;0.580825;-0.7039113;3.689328;
AnkleRight;0.4473536;-1.039881;3.511024;
AnkleLeft;0.7891199;-0.9621433;3.732969;
FootRight;0.3454927;-1.104751;3.55742;
FootLeft;0.7776831;-1.062511;3.788954;
Head;0.3005459;0.5883069;3.612846;
ShoulderCenter;0.420364;0.4256935;3.570004;
ShoulderRight;0.5031305;0.2843979;3.451141;
ShoulderLeft;0.3245219;0.2385345;3.621482;
ElbowRight;0.4962637;0.02116777;3.380115;
ElbowLeft;0.315412;0.01131749;3.625122;
WristRight;0.4138756;-0.2327583;3.358974;
WristLeft;0.3180243;-0.2390284;3.756615;
HandRight;0.3981434;-0.3226962;3.33591;
HandLeft;0.2989227;-0.3025445;3.777727;
Spine;0.4516978;-0.01449724;3.621521;
HipCenter;0.4167621;-0.1021163;3.595653;
HipRight;0.4624512;-0.1574108;3.545631;
HipLeft;0.3593965;-0.1606021;3.643375;
KneeRight;0.4136192;-0.6406643;3.50214;
KneeLeft;0.2961017;-0.5884472;3.710467;
AnkleRight;0.4461017;-1.035928;3.509415;
AnkleLeft;0.6152231;-0.9217615;3.721401;
FootRight;0.3470866;-1.104997;3.556906;
FootLeft;0.6204079;-1.047246;3.753905;
Head;0.2705126;0.5877178;3.613433;
ShoulderCenter;0.3907016;0.4253055;3.57799;
ShoulderRight;0.4561166;0.2914271;3.45314;
ShoulderLeft;0.2999899;0.2370616;3.62739;
ElbowRight;0.4500621;0.03765484;3.369939;
ElbowLeft;0.29091;0.01059385;3.630879;
WristRight;0.3311329;-0.2367903;3.376624;
WristLeft;0.2934923;-0.2405013;3.762462;
HandRight;0.3032921;-0.2997672;3.373292;
HandLeft;0.2745742;-0.3034076;3.783371;
Spine;0.4094377;-0.02351196;3.619232;
HipCenter;0.3715485;-0.1117597;3.593272;
HipRight;0.4065862;-0.1602599;3.555081;
HipLeft;0.3399714;-0.168007;3.634988;
KneeRight;0.4095667;-0.6419717;3.501281;
KneeLeft;0.2813035;-0.59585;3.697486;
AnkleRight;0.4414396;-1.035919;3.508216;
AnkleLeft;0.5813934;-0.9487985;3.714093;
FootRight;0.3349602;-1.09674;3.552912;
FootLeft;0.5592968;-1.072502;3.749361;
Head;0.2344537;0.59043;3.608178;
ShoulderCenter;0.3597617;0.4310672;3.569749;
ShoulderRight;0.4221483;0.298576;3.447355;
ShoulderLeft;0.2663326;0.2426371;3.618985;
ElbowRight;0.3943722;0.04264563;3.372953;
ElbowLeft;0.2572795;0.01683699;3.622428;
WristRight;0.2567718;-0.1986423;3.375196;
WristLeft;0.259835;-0.2349258;3.754138;
HandRight;0.2110999;-0.2760294;3.350793;
HandLeft;0.240948;-0.2977284;3.775013;
Spine;0.3872933;-0.0172221;3.619247;
HipCenter;0.3500636;-0.1066111;3.594319;
HipRight;0.3904264;-0.1495589;3.556557;
HipLeft;0.3000626;-0.1636979;3.63451;
KneeRight;0.4061821;-0.6436414;3.501992;
KneeLeft;0.2403091;-0.6111381;3.695043;
AnkleRight;0.4446661;-1.035976;3.512319;
AnkleLeft;0.5357;-0.9717489;3.697783;
FootRight;0.3618305;-1.097561;3.530579;
FootLeft;0.4270611;-1.043787;3.697688;
Head;0.2226263;0.4812168;3.618428;
ShoulderCenter;0.3105205;0.2967213;3.580969;
ShoulderRight;0.3967089;0.2971439;3.448254;
ShoulderLeft;0.2180171;0.1079849;3.630554;
ElbowRight;0.3422413;0.02889725;3.386981;
ElbowLeft;0.2089828;-0.117345;3.633925;
WristRight;0.172685;-0.171426;3.326458;
WristLeft;0.2115195;-0.369578;3.765703;
HandRight;0.1375392;-0.2519066;3.296502;
HandLeft;0.1926984;-0.4321615;3.786505;
Spine;0.3405408;-0.06811207;3.632341;
HipCenter;0.3062305;-0.1416005;3.606299;
HipRight;0.3381258;-0.1940393;3.588317;
HipLeft;0.2730834;-0.2170615;3.627207;
KneeRight;0.3839899;-0.6434926;3.511601;
KneeLeft;0.1981606;-0.6390312;3.707397;
AnkleRight;0.4444747;-1.033368;3.513495;
AnkleLeft;0.3364412;-1.021194;3.678591;
FootRight;0.36142;-1.097336;3.531001;
FootLeft;0.2904966;-1.10486;3.671688;
Head;0.1982562;0.4836374;3.620709;
ShoulderCenter;0.2879298;0.2927698;3.581443;
ShoulderRight;0.3370203;0.3000232;3.443204;
ShoulderLeft;0.1954264;0.1040333;3.631029;
ElbowRight;0.2897218;0.04804313;3.377852;
ElbowLeft;0.1864186;-0.1206359;3.634291;
WristRight;0.113984;-0.1701898;3.293226;
WristLeft;0.1889288;-0.3735295;3.766162;
HandRight;0.07773521;-0.2519133;3.287489;
HandLeft;0.1701946;-0.4358241;3.786868;
Spine;0.3210563;-0.06775478;3.628331;
HipCenter;0.2823032;-0.1400686;3.607088;
HipRight;0.3058955;-0.192158;3.590948;
HipLeft;0.2556675;-0.2150549;3.62671;
KneeRight;0.3699795;-0.6456383;3.513812;
KneeLeft;0.1651974;-0.6712716;3.709799;
AnkleRight;0.4441891;-1.030453;3.515359;
AnkleLeft;0.2720169;-1.016929;3.700807;
FootRight;0.366317;-1.092891;3.523194;
FootLeft;0.196396;-1.088786;3.777741;
Head;0.1647333;0.5685637;3.607838;
ShoulderCenter;0.2415377;0.3064223;3.594609;
ShoulderRight;0.3233326;0.3019428;3.445686;
ShoulderLeft;0.1490342;0.1176859;3.644194;
ElbowRight;0.2087925;0.0231189;3.367173;
ElbowLeft;0.1400298;-0.1068992;3.647432;
WristRight;0.036303;-0.1768668;3.275105;
WristLeft;0.1425366;-0.359877;3.779308;
HandRight;0.004816782;-0.2377296;3.273522;
HandLeft;0.1237265;-0.422424;3.800098;
Spine;0.2759364;-0.06259052;3.636871;
HipCenter;0.2399837;-0.1362575;3.611687;
HipRight;0.2724088;-0.1881139;3.595459;
HipLeft;0.206406;-0.2071336;3.628301;
KneeRight;0.356225;-0.6408458;3.511767;
KneeLeft;0.1009583;-0.6378778;3.699824;
AnkleRight;0.4353047;-1.035093;3.515068;
AnkleLeft;0.1578709;-1.035697;3.715158;
FootRight;0.3258557;-1.098537;3.545294;
FootLeft;0.06649878;-1.071787;3.697169;
Head;0.1488542;0.5762746;3.602679;
ShoulderCenter;0.2172609;0.3080856;3.582924;
ShoulderRight;0.2695775;0.2962414;3.445536;
ShoulderLeft;0.1247574;0.1193491;3.63251;
ElbowRight;0.1640768;0.0438753;3.341902;
ElbowLeft;0.1157669;-0.1048891;3.635679;
WristRight;-0.01600096;-0.1636098;3.272213;
WristLeft;0.1182598;-0.3582137;3.767598;
HandRight;-0.07067821;-0.2193749;3.277052;
HandLeft;0.09956623;-0.4203734;3.788259;
Spine;0.2487612;-0.06381549;3.632227;
HipCenter;0.2097923;-0.1384677;3.610986;
HipRight;0.2323062;-0.1903539;3.596368;
HipLeft;0.1837522;-0.206142;3.62912;
KneeRight;0.3410126;-0.63232;3.509555;
KneeLeft;0.07521336;-0.6270477;3.699338;
AnkleRight;0.4359714;-1.0337;3.517366;
AnkleLeft;0.03705161;-1.032386;3.714241;
FootRight;0.3510545;-1.099761;3.535044;
FootLeft;-0.08424234;-1.058318;3.75608;
Head;0.09732813;0.5858752;3.599765;
ShoulderCenter;0.1787736;0.3190766;3.583396;
ShoulderRight;0.2520841;0.2905219;3.446507;
ShoulderLeft;0.08627012;0.1303402;3.632982;
ElbowRight;0.1303329;0.0480734;3.33208;
ElbowLeft;0.07729208;-0.09358673;3.636084;
WristRight;-0.06874353;-0.1614389;3.274598;
WristLeft;0.0797725;-0.3472226;3.768039;
HandRight;-0.1184821;-0.2197778;3.261295;
HandLeft;0.0611866;-0.4090242;3.78858;
Spine;0.2072125;-0.06218265;3.633613;
HipCenter;0.1705677;-0.1385622;3.609591;
HipRight;0.2021833;-0.1866122;3.596482;
HipLeft;0.1363902;-0.2011849;3.62494;
KneeRight;0.3326602;-0.6305026;3.514058;
KneeLeft;0.03996728;-0.6299509;3.699893;
AnkleRight;0.4342425;-1.037073;3.523849;
AnkleLeft;-0.08228926;-1.015642;3.722654;
FootRight;0.3476714;-1.099672;3.535294;
FootLeft;-0.2108263;-1.041896;3.716239;
Head;0.06379909;0.595041;3.59749;
ShoulderCenter;0.1329713;0.3228542;3.578755;
ShoulderRight;0.1993878;0.2859491;3.455268;
ShoulderLeft;0.04046791;0.1341178;3.62834;
ElbowRight;0.1132391;0.06488435;3.342906;
ElbowLeft;0.03151576;-0.08916321;3.631324;
WristRight;-0.09720334;-0.148857;3.26893;
WristLeft;0.03397029;-0.3434451;3.763364;
HandRight;-0.1575605;-0.2184719;3.261348;
HandLeft;0.01547528;-0.4049443;3.783806;
Spine;0.182914;-0.07383611;3.629318;
HipCenter;0.1499526;-0.1552216;3.603511;
HipRight;0.1859526;-0.1969228;3.596148;
HipLeft;0.1185804;-0.2156996;3.612987;
KneeRight;0.2500059;-0.6135731;3.549972;
KneeLeft;8.662848E-05;-0.6506022;3.70443;
AnkleRight;0.4253425;-1.030802;3.519861;
AnkleLeft;-0.1563774;-1.002892;3.699362;
FootRight;0.3270785;-1.101283;3.539622;
FootLeft;-0.2552488;-1.029495;3.701382;
Head;0.01727015;0.5898311;3.59635;
ShoulderCenter;0.1147147;0.3238656;3.571151;
ShoulderRight;0.1533843;0.2863497;3.456748;
ShoulderLeft;0.02221125;0.1351292;3.620737;
ElbowRight;0.09722186;0.08674102;3.339433;
ElbowLeft;0.01329733;-0.08719991;3.623557;
WristRight;-0.1145945;-0.1028417;3.265816;
WristLeft;0.01571363;-0.3424337;3.755727;
HandRight;-0.1737587;-0.1727686;3.263854;
HandLeft;-0.002870141;-0.4042281;3.776266;
Spine;0.1626695;-0.07023571;3.607625;
HipCenter;0.1286483;-0.1500603;3.582856;
HipRight;0.1526797;-0.1939071;3.544379;
HipLeft;0.1087023;-0.2184074;3.610806;
KneeRight;0.2414407;-0.6184486;3.551632;
KneeLeft;-0.06010915;-0.7081993;3.722064;
AnkleRight;0.4243258;-1.028885;3.519872;
AnkleLeft;-0.1983052;-1.023865;3.700225;
FootRight;0.3253999;-1.101273;3.537828;
FootLeft;-0.2949983;-1.028133;3.694155;
Head;-0.01945989;0.6458392;3.592631;
ShoulderCenter;0.0615804;0.4134643;3.575476;
ShoulderRight;0.1321329;0.2851899;3.454026;
ShoulderLeft;-0.03092303;0.2247279;3.625062;
ElbowRight;0.03159081;0.04826703;3.349299;
ElbowLeft;-0.03982062;0.002807602;3.627795;
WristRight;-0.1253887;-0.1026809;3.274;
WristLeft;-0.03742065;-0.2528349;3.76001;
HandRight;-0.189091;-0.168485;3.263362;
HandLeft;-0.05612281;-0.315023;3.780681;
Spine;0.1044552;-0.05165166;3.601964;
HipCenter;0.07179514;-0.144102;3.57191;
HipRight;0.1128396;-0.1767082;3.546678;
HipLeft;0.03518023;-0.1963858;3.59414;
KneeRight;0.235483;-0.6270777;3.545103;
KneeLeft;-0.08908222;-0.65557;3.71905;
AnkleRight;0.4180036;-1.020737;3.519911;
AnkleLeft;-0.1925639;-1.008018;3.699926;
FootRight;0.336279;-1.097748;3.532335;
FootLeft;-0.2955649;-1.02955;3.682809;
Head;-0.09022836;0.5881668;3.647268;
ShoulderCenter;0.01165126;0.4051122;3.584294;
ShoulderRight;0.0807129;0.2635444;3.460349;
ShoulderLeft;-0.08085217;0.2163758;3.633879;
ElbowRight;-0.0006555687;0.04962149;3.339989;
ElbowLeft;-0.08972555;-0.004940867;3.636493;
WristRight;-0.1745971;-0.1096485;3.265529;
WristLeft;-0.08734979;-0.2611871;3.768785;
HandRight;-0.2301068;-0.1836245;3.263731;
HandLeft;-0.1061131;-0.3235785;3.789523;
Spine;0.05344823;-0.05770344;3.614349;
HipCenter;0.02016417;-0.1499135;3.585445;
HipRight;0.06001223;-0.1864845;3.558213;
HipLeft;-0.01831789;-0.2024031;3.610394;
KneeRight;0.2055365;-0.6604725;3.536365;
KneeLeft;-0.1271428;-0.6946704;3.71217;
AnkleRight;0.4134759;-1.022796;3.520496;
AnkleLeft;-0.2098385;-1.028136;3.6974;
FootRight;0.3228118;-1.096044;3.531791;
FootLeft;-0.3044409;-1.034483;3.678247;
Head;-0.1372753;0.5790645;3.677296;
ShoulderCenter;-0.02140903;0.4059359;3.601095;
ShoulderRight;0.042115;0.2704786;3.47618;
ShoulderLeft;-0.1139125;0.2171994;3.650681;
ElbowRight;-0.05103033;0.02440477;3.344042;
ElbowLeft;-0.1227773;-0.003903449;3.653234;
WristRight;-0.248523;-0.1737509;3.277591;
WristLeft;-0.1204101;-0.2603635;3.785541;
HandRight;-0.2983214;-0.2354609;3.28475;
HandLeft;-0.139079;-0.3224412;3.806175;
Spine;0.02466737;-0.06577739;3.613961;
HipCenter;-0.009730805;-0.1588771;3.582934;
HipRight;0.03202164;-0.187838;3.562192;
HipLeft;-0.05092293;-0.2112697;3.598114;
KneeRight;0.1791191;-0.668458;3.528936;
KneeLeft;-0.1619039;-0.6314567;3.704088;
AnkleRight;0.4084104;-1.020887;3.520883;
AnkleLeft;-0.216055;-1.005138;3.694714;
FootRight;0.3219549;-1.095454;3.531849;
FootLeft;-0.3036692;-1.041829;3.677742;
Head;-0.1691135;0.5897626;3.667964;
ShoulderCenter;-0.06328402;0.4080461;3.60663;
ShoulderRight;0.002700262;0.2755404;3.476954;
ShoulderLeft;-0.1557874;0.2193097;3.656216;
ElbowRight;-0.061812;0.02015961;3.354284;
ElbowLeft;-0.1646421;-0.001539022;3.65869;
WristRight;-0.2512673;-0.175272;3.276097;
WristLeft;-0.162285;-0.2582532;3.791014;
HandRight;-0.3047682;-0.2427511;3.285582;
HandLeft;-0.1808819;-0.3200911;3.811569;
Spine;-0.01581342;-0.07387136;3.602952;
HipCenter;-0.04943652;-0.167896;3.568753;
HipRight;-0.008785291;-0.1920759;3.546453;
HipLeft;-0.08777712;-0.2231832;3.583792;
KneeRight;0.08857033;-0.6582391;3.539436;
KneeLeft;-0.2060545;-0.661754;3.706377;
AnkleRight;0.3639991;-0.9991448;3.535392;
AnkleLeft;-0.2273045;-1.004298;3.691185;
FootRight;0.3211302;-1.085361;3.527367;
FootLeft;-0.2986007;-1.068527;3.687345;
Head;-0.2264475;0.5691402;3.6389;
ShoulderCenter;-0.09323426;0.4055881;3.602006;
ShoulderRight;-0.03299385;0.2704374;3.476924;
ShoulderLeft;-0.1857377;0.2168517;3.651592;
ElbowRight;-0.08757386;0.001039988;3.365462;
ElbowLeft;-0.1945856;-0.003828317;3.653995;
WristRight;-0.2562279;-0.1798394;3.278353;
WristLeft;-0.1922353;-0.2607112;3.78632;
HandRight;-0.3087057;-0.2533736;3.292294;
HandLeft;-0.2107765;-0.3223637;3.806813;
Spine;-0.06246137;-0.08537261;3.6106;
HipCenter;-0.09846185;-0.180826;3.57959;
HipRight;-0.05814477;-0.2046511;3.556446;
HipLeft;-0.138337;-0.237435;3.597719;
KneeRight;0.01395226;-0.665762;3.526703;
KneeLeft;-0.2200421;-0.6655465;3.706877;
AnkleRight;0.3152532;-0.9819387;3.542305;
AnkleLeft;-0.2305826;-1.008406;3.688967;
FootRight;0.2866881;-1.073179;3.538583;
FootLeft;-0.3049074;-1.073428;3.688792;
Head;-0.2101865;0.5402054;3.634041;
ShoulderCenter;-0.1487317;0.3046365;3.598915;
ShoulderRight;-0.07192388;0.2680084;3.482929;
ShoulderLeft;-0.2412351;0.1159001;3.648501;
ElbowRight;-0.1037594;0.006230685;3.377681;
ElbowLeft;-0.2500722;-0.1045114;3.650985;
WristRight;-0.2619042;-0.1856083;3.283751;
WristLeft;-0.2477327;-0.3616628;3.783413;
HandRight;-0.3104007;-0.2622142;3.293308;
HandLeft;-0.2662251;-0.4231534;3.803852;
Spine;-0.1204724;-0.1141411;3.634416;
HipCenter;-0.155113;-0.1966576;3.605213;
HipRight;-0.1215791;-0.2379275;3.590324;
HipLeft;-0.1900156;-0.2629137;3.618153;
KneeRight;-0.04230718;-0.6667628;3.505346;
KneeLeft;-0.2410964;-0.6702027;3.686193;
AnkleRight;0.2892339;-0.9785699;3.538794;
AnkleLeft;-0.2322663;-1.011823;3.686938;
FootRight;0.269961;-1.071835;3.535213;
FootLeft;-0.3046965;-1.073761;3.686573;
Head;-0.2496601;0.616938;3.634028;
ShoulderCenter;-0.179298;0.4195636;3.601658;
ShoulderRight;-0.1105625;0.2760674;3.477301;
ShoulderLeft;-0.2718015;0.2308271;3.651244;
ElbowRight;-0.1184514;0.00947061;3.381728;
ElbowLeft;-0.2806279;0.01068142;3.653635;
WristRight;-0.2646927;-0.19116;3.293048;
WristLeft;-0.2782991;-0.2467357;3.786074;
HandRight;-0.3089762;-0.270065;3.302392;
HandLeft;-0.2967499;-0.3080879;3.806466;
Spine;-0.1013748;-0.06076727;3.559612;
HipCenter;-0.1277915;-0.15393;3.516791;
HipRight;-0.08397117;-0.1662815;3.490101;
HipLeft;-0.1645627;-0.2200662;3.529757;
KneeRight;-0.1244392;-0.6464141;3.502757;
KneeLeft;-0.2790267;-0.6802742;3.666307;
AnkleRight;0.2118262;-0.9610974;3.53145;
AnkleLeft;-0.2376887;-1.017199;3.686498;
FootRight;0.2115935;-1.05591;3.531391;
FootLeft;-0.308659;-1.079949;3.682622;
Head;-0.2719402;0.6170779;3.632789;
ShoulderCenter;-0.1961104;0.4226578;3.597752;
ShoulderRight;-0.1306884;0.2837748;3.479646;
ShoulderLeft;-0.2886138;0.2339213;3.647338;
ElbowRight;-0.149404;0.003588769;3.382282;
ElbowLeft;-0.2974353;0.01389863;3.649696;
WristRight;-0.2655356;-0.1961448;3.298301;
WristLeft;-0.2951115;-0.2436415;3.782146;
HandRight;-0.3042922;-0.2778183;3.306246;
HandLeft;-0.3135192;-0.3048505;3.802491;
Spine;-0.1145394;-0.04921457;3.559424;
HipCenter;-0.1403829;-0.1406887;3.516982;
HipRight;-0.09496571;-0.1565358;3.488088;
HipLeft;-0.1757812;-0.2083774;3.532034;
KneeRight;-0.1825689;-0.6198373;3.500822;
KneeLeft;-0.3215189;-0.6673834;3.635993;
AnkleRight;0.144147;-0.9412366;3.530873;
AnkleLeft;-0.246307;-1.010385;3.678771;
FootRight;0.1120947;-1.029327;3.520858;
FootLeft;-0.3084052;-1.081302;3.677274;
Head;-0.3187372;0.613881;3.625811;
ShoulderCenter;-0.2406022;0.4214848;3.592604;
ShoulderRight;-0.1661358;0.2863562;3.477018;
ShoulderLeft;-0.3331057;0.2327484;3.64219;
ElbowRight;-0.1585742;0.005732142;3.383563;
ElbowLeft;-0.3419222;0.01285131;3.644521;
WristRight;-0.2679486;-0.207068;3.306991;
WristLeft;-0.3396033;-0.2448145;3.776985;
HandRight;-0.2978526;-0.2869577;3.308551;
HandLeft;-0.3579424;-0.3057953;3.797254;
Spine;-0.2301644;-0.04356877;3.622634;
HipCenter;-0.2679856;-0.1334665;3.592625;
HipRight;-0.2266394;-0.1673472;3.551718;
HipLeft;-0.3139399;-0.2023783;3.630732;
KneeRight;-0.2239377;-0.6507271;3.502859;
KneeLeft;-0.3478972;-0.6090387;3.479691;
AnkleRight;0.04941501;-0.9653939;3.52407;
AnkleLeft;-0.2485045;-1.003688;3.674937;
FootRight;0.0169812;-1.053271;3.523198;
FootLeft;-0.2919686;-1.086496;3.680295;
Head;-0.3508505;0.629463;3.620563;
ShoulderCenter;-0.2746905;0.4370363;3.584866;
ShoulderRight;-0.1904013;0.2910151;3.476748;
ShoulderLeft;-0.367194;0.2482999;3.634451;
ElbowRight;-0.1808766;-0.001632418;3.394959;
ElbowLeft;-0.376009;0.02843747;3.636819;
WristRight;-0.2647995;-0.2044604;3.309271;
WristLeft;-0.3736916;-0.229263;3.76931;
HandRight;-0.2883913;-0.2915454;3.310282;
HandLeft;-0.3919936;-0.2901203;3.789538;
Spine;-0.2494949;-0.03166158;3.606682;
HipCenter;-0.2820128;-0.1224547;3.574326;
HipRight;-0.2424762;-0.1571103;3.527864;
HipLeft;-0.3246593;-0.1899125;3.614675;
KneeRight;-0.3229575;-0.6201891;3.50493;
KneeLeft;-0.2505674;-0.5904174;3.699519;
AnkleRight;-0.03391019;-0.9465869;3.542492;
AnkleLeft;-0.203434;-1.01952;3.641879;
FootRight;-0.09989997;-1.04957;3.553001;
FootLeft;-0.2606281;-1.083017;3.680007;
Head;-0.4259602;0.5926136;3.645825;
ShoulderCenter;-0.2960528;0.4314985;3.582649;
ShoulderRight;-0.2238488;0.289648;3.477008;
ShoulderLeft;-0.3885563;0.2427621;3.632235;
ElbowRight;-0.2025873;-0.005738437;3.393274;
ElbowLeft;-0.3973716;0.02289601;3.634658;
WristRight;-0.2628551;-0.2085843;3.309323;
WristLeft;-0.3950539;-0.2348008;3.767176;
HandRight;-0.2791704;-0.2981467;3.311269;
HandLeft;-0.4669955;-0.2644354;3.814479;
Spine;-0.297993;-0.0241695;3.606324;
HipCenter;-0.3325924;-0.1108875;3.578452;
HipRight;-0.2953839;-0.1472488;3.530149;
HipLeft;-0.3748226;-0.1794847;3.623151;
KneeRight;-0.3886462;-0.6269988;3.502;
KneeLeft;-0.2735949;-0.5821521;3.692811;
AnkleRight;-0.1499688;-0.9780824;3.560454;
AnkleLeft;-0.2701926;-1.013017;3.616712;
FootRight;-0.2025529;-1.055415;3.55579;
FootLeft;-0.3395936;-1.05918;3.544692;
Head;-0.4458324;0.6255401;3.640776;
ShoulderCenter;-0.3426764;0.4451223;3.589629;
ShoulderRight;-0.247258;0.2979212;3.473728;
ShoulderLeft;-0.4351799;0.2563859;3.639214;
ElbowRight;-0.212979;0.009141633;3.386736;
ElbowLeft;-0.4439934;0.03656255;3.641607;
WristRight;-0.2613417;-0.2163002;3.316998;
WristLeft;-0.5295408;-0.1787361;3.818228;
HandRight;-0.2747371;-0.3016235;3.316495;
HandLeft;-0.5563728;-0.2275508;3.855672;
Spine;-0.3263809;-0.01025152;3.600167;
HipCenter;-0.3583142;-0.09721607;3.569069;
HipRight;-0.3246825;-0.1381637;3.518544;
HipLeft;-0.3951592;-0.1721898;3.613127;
KneeRight;-0.4561802;-0.6271105;3.49706;
KneeLeft;-0.30275;-0.6399075;3.70771;
AnkleRight;-0.2383166;-0.9943926;3.540214;
AnkleLeft;-0.186532;-0.9534278;3.596771;
FootRight;-0.3252008;-1.08224;3.536715;
FootLeft;-0.2760289;-1.026572;3.648407;
Head;-0.4690838;0.6239402;3.637121;
ShoulderCenter;-0.3704788;0.4405845;3.59088;
ShoulderRight;-0.2957395;0.2969043;3.469919;
ShoulderLeft;-0.4629823;0.251848;3.640465;
ElbowRight;-0.2258433;0.01228279;3.390453;
ElbowLeft;-0.4717945;0.03205641;3.6428;
WristRight;-0.2604575;-0.221265;3.317758;
WristLeft;-0.5804255;-0.1774568;3.813977;
HandRight;-0.2673314;-0.3013907;3.318194;
HandLeft;-0.6125921;-0.2359152;3.809639;
Spine;-0.3539649;-0.02810825;3.559568;
HipCenter;-0.3853205;-0.1154395;3.522816;
HipRight;-0.3478969;-0.1451485;3.482538;
HipLeft;-0.4220972;-0.1854786;3.550525;
KneeRight;-0.5147051;-0.6119177;3.487041;
KneeLeft;-0.3289366;-0.6357859;3.712232;
AnkleRight;-0.3405592;-1.014696;3.541544;
AnkleLeft;-0.2253671;-1.012697;3.679427;
FootRight;-0.4485266;-1.076386;3.517975;
FootLeft;-0.2922397;-1.113566;3.716462;
Head;-0.4863973;0.5395744;3.626356;
ShoulderCenter;-0.4153278;0.3449656;3.582829;
ShoulderRight;-0.3168785;0.2932761;3.469746;
ShoulderLeft;-0.5078312;0.1562292;3.632415;
ElbowRight;-0.2460786;0.01806841;3.388494;
ElbowLeft;-0.5166394;-0.06346209;3.634715;
WristRight;-0.2599495;-0.225161;3.31618;
WristLeft;-0.653198;-0.1967928;3.85168;
HandRight;-0.2597561;-0.3034941;3.317048;
HandLeft;-0.6841908;-0.2557689;3.848462;
Spine;-0.3904085;-0.06188205;3.551999;
HipCenter;-0.4168046;-0.1337964;3.514002;
HipRight;-0.3808589;-0.1660989;3.474788;
HipLeft;-0.4599659;-0.2149674;3.5318;
KneeRight;-0.5638016;-0.6232749;3.483757;
KneeLeft;-0.3517688;-0.6474553;3.717346;
AnkleRight;-0.4680722;-1.034676;3.491665;
AnkleLeft;-0.2692719;-1.039284;3.685264;
FootRight;-0.5798313;-1.089529;3.514918;
FootLeft;-0.3400112;-1.100581;3.686431;
Head;-0.5344648;0.6146197;3.599468;
ShoulderCenter;-0.4473162;0.4308613;3.595098;
ShoulderRight;-0.3677332;0.2868686;3.468259;
ShoulderLeft;-0.5398197;0.2421248;3.644684;
ElbowRight;-0.259367;0.02746292;3.379831;
ElbowLeft;-0.5486233;0.02254803;3.646915;
WristRight;-0.2631289;-0.2240862;3.314819;
WristLeft;-0.6972403;-0.163711;3.814649;
HandRight;-0.2602654;-0.304345;3.318099;
HandLeft;-0.7371942;-0.2168339;3.812658;
Spine;-0.3889262;-0.05469692;3.552827;
HipCenter;-0.4166375;-0.1338998;3.514321;
HipRight;-0.3795578;-0.164899;3.477575;
HipLeft;-0.4547185;-0.2065294;3.532445;
KneeRight;-0.5827592;-0.6246446;3.476752;
KneeLeft;-0.3865326;-0.6493542;3.705324;
AnkleRight;-0.5762236;-1.036727;3.464788;
AnkleLeft;-0.2589148;-1.028687;3.679484;
FootRight;-0.6888455;-1.085976;3.478264;
FootLeft;-0.3295381;-1.089883;3.680649;
Head;-0.5870678;0.5761654;3.54616;
ShoulderCenter;-0.4738777;0.4193919;3.576868;
ShoulderRight;-0.3877728;0.2737483;3.465003;
ShoulderLeft;-0.5663812;0.2306555;3.626453;
ElbowRight;-0.2837514;0.01144188;3.382579;
ElbowLeft;-0.5751842;0.01109342;3.628685;
WristRight;-0.2730492;-0.2340063;3.306907;
WristLeft;-0.7490236;-0.1525834;3.795545;
HandRight;-0.2658089;-0.3157138;3.314833;
HandLeft;-0.7889376;-0.2050487;3.80363;
Spine;-0.4576202;-0.05105906;3.567661;
HipCenter;-0.4898874;-0.1393466;3.531256;
HipRight;-0.4522367;-0.1660493;3.496172;
HipLeft;-0.5292619;-0.2044069;3.556899;
KneeRight;-0.6106464;-0.61299;3.474061;
KneeLeft;-0.3532948;-0.6699409;3.717562;
AnkleRight;-0.7021844;-1.038421;3.47202;
AnkleLeft;-0.2597091;-1.023755;3.675709;
FootRight;-0.8242936;-1.071236;3.476335;
FootLeft;-0.3303744;-1.084987;3.676875;
Head;-0.6092945;0.5940199;3.535778;
ShoulderCenter;-0.5082404;0.4252486;3.558506;
ShoulderRight;-0.4418815;0.2619087;3.45821;
ShoulderLeft;-0.6007439;0.2365121;3.608092;
ElbowRight;-0.3151501;-0.003580463;3.376324;
ElbowLeft;-0.6095469;0.01695008;3.610283;
WristRight;-0.2935653;-0.2435909;3.30885;
WristLeft;-0.7816643;-0.1410377;3.78363;
HandRight;-0.2822076;-0.3232265;3.313325;
HandLeft;-0.8634612;-0.2395805;3.804655;
Spine;-0.449354;-0.05624427;3.551406;
HipCenter;-0.4744043;-0.1521099;3.508768;
HipRight;-0.445892;-0.167175;3.488051;
HipLeft;-0.4958875;-0.220816;3.517048;
KneeRight;-0.653274;-0.5885416;3.475262;
KneeLeft;-0.354609;-0.6697496;3.716783;
AnkleRight;-0.797461;-1.031411;3.462627;
AnkleLeft;-0.2606461;-1.02285;3.675082;
FootRight;-0.9197162;-1.058707;3.445458;
FootLeft;-0.3312674;-1.084044;3.676246;
Head;-0.6458413;0.5792144;3.515696;
ShoulderCenter;-0.5537031;0.4038866;3.535683;
ShoulderRight;-0.4664811;0.2568426;3.448275;
ShoulderLeft;-0.6462066;0.2151502;3.585268;
ElbowRight;-0.349096;-0.01337697;3.372465;
ElbowLeft;-0.6550096;-0.004411876;3.587419;
WristRight;-0.3243032;-0.2609869;3.322208;
WristLeft;-0.8220472;-0.1483098;3.775924;
HandRight;-0.3104416;-0.3286752;3.31804;
HandLeft;-0.9073615;-0.2181409;3.80182;
Spine;-0.4694898;-0.08058628;3.542739;
HipCenter;-0.4866405;-0.1765305;3.502513;
HipRight;-0.4500436;-0.1794715;3.481157;
HipLeft;-0.5178022;-0.2593091;3.51834;
KneeRight;-0.6799312;-0.6305348;3.482073;
KneeLeft;-0.367606;-0.6818033;3.721356;
AnkleRight;-0.8443252;-1.030884;3.460159;
AnkleLeft;-0.2631189;-1.019821;3.672006;
FootRight;-0.9694151;-1.046827;3.450412;
FootLeft;-0.3337632;-1.081035;3.673171;
Head;-0.6891974;0.5739469;3.545756;
ShoulderCenter;-0.5754562;0.3990631;3.514821;
ShoulderRight;-0.5075071;0.2516585;3.432064;
ShoulderLeft;-0.6679597;0.2103267;3.564406;
ElbowRight;-0.3769165;-0.01393005;3.368989;
ElbowLeft;-0.6767627;-0.009235364;3.566514;
WristRight;-0.3673183;-0.2502525;3.327947;
WristLeft;-0.8468654;-0.1224786;3.771112;
HandRight;-0.320725;-0.3269383;3.32117;
HandLeft;-0.8872605;-0.1853445;3.720975;
Spine;-0.4956534;-0.08515809;3.527543;
HipCenter;-0.514401;-0.1825469;3.491324;
HipRight;-0.4721406;-0.1967022;3.477506;
HipLeft;-0.5560055;-0.2427895;3.495945;
KneeRight;-0.7386456;-0.6110615;3.457481;
KneeLeft;-0.4492488;-0.6528612;3.700372;
AnkleRight;-0.8710858;-1.037784;3.459518;
AnkleLeft;-0.266804;-1.018039;3.667443;
FootRight;-0.9967109;-1.053244;3.458132;
FootLeft;-0.3375055;-1.079303;3.668609;
Head;-0.7080371;0.583428;3.544251;
ShoulderCenter;-0.6048526;0.4016138;3.510419;
ShoulderRight;-0.5515225;0.2393352;3.406541;
ShoulderLeft;-0.697356;0.2128774;3.560005;
ElbowRight;-0.4338717;-0.03677446;3.352315;
ElbowLeft;-0.7325293;-0.05870717;3.529178;
WristRight;-0.4125288;-0.2725694;3.320408;
WristLeft;-0.894824;-0.1632415;3.74467;
HandRight;-0.4174571;-0.3412023;3.329912;
HandLeft;-0.980025;-0.2415629;3.779943;
Spine;-0.5451195;-0.06377989;3.522004;
HipCenter;-0.571135;-0.1570214;3.490665;
HipRight;-0.5362858;-0.1814862;3.460491;
HipLeft;-0.5995677;-0.2172779;3.515696;
KneeRight;-0.746298;-0.6233419;3.456579;
KneeLeft;-0.4379708;-0.7193552;3.714228;
AnkleRight;-0.8704663;-1.035691;3.459986;
AnkleLeft;-0.2642211;-1.014942;3.652287;
FootRight;-0.9880912;-1.078271;3.478369;
FootLeft;-0.3222278;-1.083062;3.67928;
Head;-0.7826749;0.5633786;3.530978;
ShoulderCenter;-0.6702262;0.3871637;3.500605;
ShoulderRight;-0.5793594;0.2399038;3.398796;
ShoulderLeft;-0.7627297;0.1984273;3.55019;
ElbowRight;-0.4834849;-0.04554263;3.347791;
ElbowLeft;-0.7892552;-0.07390764;3.520631;
WristRight;-0.4657418;-0.2867382;3.312755;
WristLeft;-0.9370121;-0.1865481;3.742904;
HandRight;-0.4448005;-0.3492496;3.317503;
HandLeft;-0.9745374;-0.2409164;3.740741;
Spine;-0.5855775;-0.09569044;3.516819;
HipCenter;-0.6022741;-0.193649;3.482638;
HipRight;-0.5557061;-0.2097758;3.455351;
HipLeft;-0.6353444;-0.2622003;3.505611;
KneeRight;-0.7995251;-0.5842286;3.432204;
KneeLeft;-0.4764608;-0.7516276;3.703003;
AnkleRight;-0.8749043;-1.034577;3.459262;
AnkleLeft;-0.2627886;-1.021233;3.661487;
FootRight;-0.9892879;-1.082429;3.483466;
FootLeft;-0.3254406;-1.087762;3.680653;
Head;-0.7973029;0.5735576;3.521859;
ShoulderCenter;-0.6930439;0.3926936;3.496104;
ShoulderRight;-0.6137285;0.2442183;3.388767;
ShoulderLeft;-0.7855474;0.2039571;3.545689;
ElbowRight;-0.5453708;-0.0209044;3.342409;
ElbowLeft;-0.8120729;-0.06837778;3.516099;
WristRight;-0.5196866;-0.3213539;3.309934;
WristLeft;-0.9491494;-0.1916301;3.739748;
HandRight;-0.5135546;-0.3872199;3.308804;
HandLeft;-1.012851;-0.2621804;3.729553;
Spine;-0.6392154;-0.06512677;3.479099;
HipCenter;-0.6637898;-0.1539147;3.439833;
HipRight;-0.6230281;-0.1851124;3.408818;
HipLeft;-0.6979642;-0.2144589;3.459182;
KneeRight;-0.8226224;-0.6006304;3.416368;
KneeLeft;-0.6023238;-0.6603134;3.634699;
AnkleRight;-0.8806361;-1.035047;3.461224;
AnkleLeft;-0.3016143;-0.9988885;3.663195;
FootRight;-0.9919032;-1.087977;3.488542;
FootLeft;-0.3186526;-1.088583;3.682338;
Head;-0.7978821;0.5890702;3.462284;
ShoulderCenter;-0.7498482;0.3976748;3.488245;
ShoulderRight;-0.6657559;0.2466013;3.384421;
ShoulderLeft;-0.8423517;0.2089383;3.537831;
ElbowRight;-0.5906808;-0.04536662;3.327272;
ElbowLeft;-0.8688772;-0.06339657;3.508255;
WristRight;-0.5879309;-0.3024127;3.28769;
WristLeft;-0.9693935;-0.2046145;3.740751;
HandRight;-0.5775891;-0.3677349;3.282963;
HandLeft;-1.016771;-0.2688346;3.733488;
Spine;-0.7165922;-0.07315377;3.4898;
HipCenter;-0.7467487;-0.1637246;3.452431;
HipRight;-0.7006441;-0.2066028;3.420151;
HipLeft;-0.7923366;-0.214443;3.476143;
KneeRight;-0.8340118;-0.6083815;3.416837;
KneeLeft;-0.6424831;-0.662766;3.644323;
AnkleRight;-0.8855054;-1.035788;3.461771;
AnkleLeft;-0.360768;-0.9688358;3.667289;
FootRight;-0.9899703;-1.096076;3.497978;
FootLeft;-0.4263986;-1.014965;3.59275;
Head;-0.8248455;0.5901924;3.454502;
ShoulderCenter;-0.7652805;0.4015855;3.480039;
ShoulderRight;-0.6927391;0.245834;3.373981;
ShoulderLeft;-0.8577839;0.2128491;3.529625;
ElbowRight;-0.6417063;-0.02119796;3.310783;
ElbowLeft;-0.8843094;-0.05948579;3.500036;
WristRight;-0.6442261;-0.3002925;3.283477;
WristLeft;-0.9943433;-0.2416503;3.699876;
HandRight;-0.6276962;-0.3630223;3.260491;
HandLeft;-1.025603;-0.2912563;3.731101;
Spine;-0.7122576;-0.07167415;3.474714;
HipCenter;-0.7404326;-0.1634611;3.433853;
HipRight;-0.6962906;-0.1969137;3.410185;
HipLeft;-0.7768925;-0.2176127;3.438358;
KneeRight;-0.8606589;-0.6110905;3.411021;
KneeLeft;-0.6901277;-0.6787017;3.641465;
AnkleRight;-0.8887607;-1.03243;3.457351;
AnkleLeft;-0.4070321;-0.9699295;3.642871;
FootRight;-0.9885421;-1.097234;3.497691;
FootLeft;-0.4750566;-1.016519;3.571202;
Head;-0.8956969;0.5817743;3.431795;
ShoulderCenter;-0.8046901;0.4053461;3.456344;
ShoulderRight;-0.738999;0.2469315;3.360148;
ShoulderLeft;-0.8971936;0.2166097;3.505929;
ElbowRight;-0.6992137;-0.03206369;3.313141;
ElbowLeft;-0.9237191;-0.05572523;3.476354;
WristRight;-0.7583722;-0.3195118;3.270356;
WristLeft;-1.020383;-0.2500001;3.672334;
HandRight;-0.7248684;-0.3649476;3.23507;
HandLeft;-1.050124;-0.3060352;3.692523;
Spine;-0.8010411;-0.05809125;3.499068;
HipCenter;-0.8348799;-0.1490579;3.474115;
HipRight;-0.7967141;-0.1852932;3.451725;
HipLeft;-0.87735;-0.1963813;3.496983;
KneeRight;-0.8638262;-0.6054845;3.410205;
KneeLeft;-0.7300526;-0.6826285;3.642689;
AnkleRight;-0.8911232;-1.032298;3.45668;
AnkleLeft;-0.472108;-0.9379376;3.65401;
FootRight;-0.9892316;-1.098513;3.497896;
FootLeft;-0.538826;-0.9849241;3.581769;
Head;-0.9208555;0.5917764;3.434873;
ShoulderCenter;-0.8332444;0.4054214;3.433979;
ShoulderRight;-0.7636251;0.2559357;3.354218;
ShoulderLeft;-0.9257479;0.216685;3.483564;
ElbowRight;-0.7543097;-0.01572134;3.287447;
ElbowLeft;-0.9522734;-0.05564991;3.453973;
WristRight;-0.8209125;-0.2546589;3.249466;
WristLeft;-1.046635;-0.2498727;3.651301;
HandRight;-0.8279053;-0.337028;3.24073;
HandLeft;-1.07633;-0.3058212;3.671458;
Spine;-0.7550797;-0.06466954;3.446687;
HipCenter;-0.7696962;-0.1597427;3.41434;
HipRight;-0.7275006;-0.1740433;3.400542;
HipLeft;-0.802487;-0.2230301;3.423835;
KneeRight;-0.8674833;-0.6085105;3.409696;
KneeLeft;-0.8043435;-0.6675244;3.565722;
AnkleRight;-0.8927643;-1.029563;3.455034;
AnkleLeft;-0.5261902;-0.936082;3.639973;
FootRight;-0.9879624;-1.098116;3.499886;
FootLeft;-0.5577794;-1.053326;3.662206;
Head;-0.9749515;0.5858232;3.421888;
ShoulderCenter;-0.8649752;0.412304;3.423836;
ShoulderRight;-0.8047711;0.2640234;3.341917;
ShoulderLeft;-0.9574786;0.2235676;3.473422;
ElbowRight;-0.8185809;-0.03603247;3.265729;
ElbowLeft;-0.9840041;-0.04876733;3.443842;
WristRight;-0.8910384;-0.257627;3.23219;
WristLeft;-1.080062;-0.2433495;3.640898;
HandRight;-0.9154012;-0.3291119;3.221815;
HandLeft;-1.109676;-0.2991449;3.661001;
Spine;-0.8627065;-0.06309181;3.473287;
HipCenter;-0.8905517;-0.1579587;3.453143;
HipRight;-0.8498116;-0.1930728;3.45033;
HipLeft;-0.9336917;-0.1957013;3.457979;
KneeRight;-0.8874382;-0.6131271;3.408554;
KneeLeft;-1.032918;-0.5883579;3.637736;
AnkleRight;-0.8947213;-1.029119;3.454552;
AnkleLeft;-0.6711711;-0.8827316;3.620116;
FootRight;-0.9881669;-1.099249;3.500518;
FootLeft;-0.6564996;-1.002933;3.653273;
Head;-0.9808352;0.6037465;3.419542;
ShoulderCenter;-0.8887446;0.4185892;3.415662;
ShoulderRight;-0.8508127;0.2666239;3.320664;
ShoulderLeft;-0.9812481;0.2298528;3.465248;
ElbowRight;-0.8534497;-0.0188989;3.259902;
ElbowLeft;-1.007774;-0.0424821;3.435741;
WristRight;-0.9647489;-0.2386778;3.22465;
WristLeft;-1.103041;-0.2374661;3.633259;
HandRight;-0.9956966;-0.3080601;3.212024;
HandLeft;-1.132585;-0.2931311;3.653315;
Spine;-0.8256996;-0.02167895;3.42163;
HipCenter;-0.8447757;-0.1110283;3.396783;
HipRight;-0.810445;-0.1596761;3.344201;
HipLeft;-0.8664107;-0.1892227;3.441902;
KneeRight;-0.9048896;-0.6277248;3.405297;
KneeLeft;-0.9073302;-0.661948;3.539611;
AnkleRight;-0.8992081;-1.025915;3.453839;
AnkleLeft;-0.7076053;-0.9948569;3.626258;
FootRight;-0.9723037;-1.090799;3.48361;
FootLeft;-0.7467078;-1.086564;3.67504;
Head;-1.033447;0.6077394;3.432975;
ShoulderCenter;-0.9262559;0.4271546;3.408257;
ShoulderRight;-0.8757878;0.2754983;3.319133;
ShoulderLeft;-1.018759;0.2384182;3.457843;
ElbowRight;-0.9116741;-0.01242953;3.247081;
ElbowLeft;-1.045285;-0.03391672;3.428411;
WristRight;-1.040926;-0.2212058;3.203807;
WristLeft;-1.141124;-0.2290305;3.626092;
HandRight;-1.067435;-0.2930574;3.177066;
HandLeft;-1.170614;-0.2845936;3.646111;
Spine;-0.9011837;-0.02204833;3.429893;
HipCenter;-0.9250477;-0.1112648;3.407652;
HipRight;-0.8925844;-0.1401717;3.377958;
HipLeft;-0.9565776;-0.1650452;3.435021;
KneeRight;-0.9198929;-0.6393396;3.400846;
KneeLeft;-1.124206;-0.5892496;3.567091;
AnkleRight;-0.9012947;-1.026101;3.454484;
AnkleLeft;-0.8466055;-0.9631988;3.575261;
FootRight;-0.9683606;-1.088742;3.479646;
FootLeft;-0.8672602;-1.076317;3.625318;
Head;-1.014653;0.5580978;3.44274;
ShoulderCenter;-0.9762921;0.3182994;3.422031;
ShoulderRight;-0.9028476;0.2785038;3.316257;
ShoulderLeft;-1.068796;0.129563;3.471617;
ElbowRight;-0.952768;0.02984312;3.233253;
ElbowLeft;-1.095321;-0.1427719;3.44217;
WristRight;-1.099031;-0.1829518;3.161434;
WristLeft;-1.190967;-0.3379553;3.639903;
HandRight;-1.138769;-0.2626441;3.169726;
HandLeft;-1.220498;-0.3935955;3.65995;
Spine;-0.9656771;-0.0514666;3.487423;
HipCenter;-0.9889654;-0.1271504;3.475492;
HipRight;-0.968286;-0.1863323;3.444461;
HipLeft;-1.01354;-0.2048682;3.518184;
KneeRight;-0.9240394;-0.6420764;3.401411;
KneeLeft;-1.138966;-0.6347231;3.566919;
AnkleRight;-0.9030288;-1.026983;3.456298;
AnkleLeft;-0.8636531;-0.9785128;3.566297;
FootRight;-0.9678187;-1.088758;3.48002;
FootLeft;-0.9027556;-1.07022;3.615079;
Head;-1.064784;0.5696098;3.446722;
ShoulderCenter;-1.007453;0.3284224;3.424617;
ShoulderRight;-0.9398064;0.2860388;3.308843;
ShoulderLeft;-1.099956;0.139686;3.474203;
ElbowRight;-1.012325;0.005319711;3.228991;
ElbowLeft;-1.126482;-0.1326489;3.444743;
WristRight;-1.169772;-0.180515;3.149659;
WristLeft;-1.22222;-0.3280197;3.642673;
HandRight;-1.21903;-0.2551526;3.149264;
HandLeft;-1.251748;-0.383655;3.662718;
Spine;-0.9948741;-0.02876411;3.478779;
HipCenter;-1.017211;-0.1005827;3.468612;
HipRight;-0.9940176;-0.1751144;3.4249;
HipLeft;-1.037008;-0.1890739;3.523287;
KneeRight;-0.9507561;-0.6500999;3.409953;
KneeLeft;-1.178291;-0.653807;3.574811;
AnkleRight;-0.903868;-1.027777;3.458355;
AnkleLeft;-1.078403;-1.045011;3.600481;
FootRight;-0.9687793;-1.089433;3.480628;
FootLeft;-1.125117;-1.112842;3.642046;
Head;-1.083145;0.5682487;3.444565;
ShoulderCenter;-1.038851;0.3296321;3.42503;
ShoulderRight;-0.9564748;0.2877703;3.303734;
ShoulderLeft;-1.131354;0.1408957;3.474616;
ElbowRight;-1.078947;0.01887599;3.196756;
ElbowLeft;-1.15788;-0.1314392;3.445235;
WristRight;-1.231832;-0.1714401;3.14468;
WristLeft;-1.253759;-0.3270974;3.643519;
HandRight;-1.291925;-0.2364988;3.156706;
HandLeft;-1.283271;-0.3827021;3.663553;
Spine;-1.027975;-0.0237175;3.47441;
HipCenter;-1.046877;-0.09523797;3.465411;
HipRight;-1.030201;-0.1811919;3.407768;
HipLeft;-1.075132;-0.1907894;3.53252;
KneeRight;-0.9689277;-0.6501296;3.411166;
KneeLeft;-1.210558;-0.6579263;3.571319;
AnkleRight;-0.9126306;-1.024859;3.462974;
AnkleLeft;-1.150609;-1.042438;3.628441;
FootRight;-0.9717427;-1.093217;3.481454;
FootLeft;-1.263736;-1.081463;3.663847;
Head;-1.144851;0.5540121;3.442139;
ShoulderCenter;-1.084378;0.3372002;3.427059;
ShoulderRight;-1.00809;0.2879255;3.295892;
ShoulderLeft;-1.176881;0.1484638;3.476645;
ElbowRight;-1.123474;0.02221956;3.195632;
ElbowLeft;-0.9238932;0.08941637;3.595973;
WristRight;-1.305087;-0.1621953;3.164936;
WristLeft;-1.019539;-0.1057674;3.793786;
HandRight;-1.35577;-0.2159968;3.165668;
HandLeft;-1.048991;-0.1612584;3.81378;
Spine;-1.064068;-0.02529287;3.470319;
HipCenter;-1.082968;-0.09859538;3.461169;
HipRight;-1.055226;-0.1822843;3.404112;
HipLeft;-1.10593;-0.192068;3.526903;
KneeRight;-0.9803883;-0.6531825;3.41034;
KneeLeft;-1.240414;-0.6534289;3.577372;
AnkleRight;-0.9139233;-1.023268;3.459736;
AnkleLeft;-1.239473;-1.026581;3.616218;
FootRight;-0.9696656;-1.093691;3.479624;
FootLeft;-1.320333;-1.074611;3.619404;
Head;-1.104462;0.5649037;3.453817;
ShoulderCenter;-1.105311;0.3559774;3.427021;
ShoulderRight;-1.032178;0.281086;3.303943;
ShoulderLeft;-1.197814;0.167241;3.476606;
ElbowRight;-1.169419;0.03143353;3.182345;
ElbowLeft;-0.9797335;0.05086462;3.623094;
WristRight;-1.357388;-0.1383262;3.16499;
WristLeft;-1.05688;-0.1458323;3.826069;
HandRight;-1.408071;-0.1921277;3.165722;
HandLeft;-1.08628;-0.2012249;3.846027;
Spine;-1.086457;-0.009035984;3.463206;
HipCenter;-1.104994;-0.08261554;3.452526;
HipRight;-1.08186;-0.1728352;3.376088;
HipLeft;-1.128742;-0.1863626;3.529146;
KneeRight;-0.9913899;-0.6524338;3.406104;
KneeLeft;-1.27318;-0.6493542;3.571968;
AnkleRight;-0.9171215;-1.023605;3.459752;
AnkleLeft;-1.379372;-1.024689;3.608366;
FootRight;-0.9695937;-1.095854;3.481407;
FootLeft;-1.483571;-1.07305;3.655871;
Head;-1.203593;0.5443697;3.442314;
ShoulderCenter;-1.142568;0.3456695;3.41979;
ShoulderRight;-1.075456;0.2787627;3.301544;
ShoulderLeft;-1.235072;0.156933;3.469375;
ElbowRight;-1.198626;0.04284602;3.17921;
ElbowLeft;-1.030543;0.01306696;3.610627;
WristRight;-1.400929;-0.1383053;3.151611;
WristLeft;-1.087445;-0.186914;3.815891;
HandRight;-1.451612;-0.1921068;3.152343;
HandLeft;-1.1168;-0.2422232;3.835818;
Spine;-1.134915;-0.01975347;3.468543;
HipCenter;-1.154765;-0.0932098;3.460526;
HipRight;-1.132203;-0.1856671;3.394346;
HipLeft;-1.18057;-0.191899;3.538191;
KneeRight;-1.005564;-0.6455144;3.405118;
KneeLeft;-1.314276;-0.6635061;3.576489;
AnkleRight;-0.9207853;-1.021339;3.459277;
AnkleLeft;-1.463234;-1.02715;3.617745;
FootRight;-0.9630298;-1.100562;3.47896;
FootLeft;-1.58089;-1.064438;3.632935;
Head;-1.172267;0.6391184;3.464016;
ShoulderCenter;-1.187428;0.43022;3.41484;
ShoulderRight;-1.100063;0.2751192;3.300844;
ShoulderLeft;-1.147623;0.303854;3.280625;
ElbowRight;-1.237133;0.04611106;3.175397;
ElbowLeft;-1.066581;0.1214784;3.47866;
WristRight;-1.406751;-0.1002751;3.16155;
WristLeft;-1.096988;-0.07646553;3.690869;
HandRight;-1.442977;-0.1415998;3.162154;
HandLeft;-1.126304;-0.1316988;3.710769;
Spine;-1.197352;-0.06278525;3.43731;
HipCenter;-1.18756;-0.1608604;3.418603;
HipRight;-1.171784;-0.1827374;3.446888;
HipLeft;-1.20335;-0.2080874;3.388963;
KneeRight;-1.090491;-0.6375161;3.433335;
KneeLeft;-1.335754;-0.6618727;3.571413;
AnkleRight;-0.9231923;-1.021967;3.459425;
AnkleLeft;-1.536113;-1.009599;3.598798;
FootRight;-0.9635025;-1.102069;3.479267;
FootLeft;-1.654349;-1.047387;3.593155;
Head;-1.192217;0.6359441;3.472717;
ShoulderCenter;-1.209341;0.4270149;3.420585;
ShoulderRight;-1.146569;0.2762737;3.299231;
ShoulderLeft;-1.169536;0.300649;3.286371;
ElbowRight;-1.259925;0.04807668;3.180733;
ElbowLeft;-1.11062;0.1161283;3.489226;
WristRight;-1.464621;-0.09875507;3.149577;
WristLeft;-1.148455;-0.08063167;3.701158;
HandRight;-1.515304;-0.1525566;3.150309;
HandLeft;-1.177725;-0.1357802;3.721028;
Spine;-1.200118;-0.06721829;3.429792;
HipCenter;-1.18309;-0.1657088;3.408194;
HipRight;-1.165783;-0.187188;3.435678;
HipLeft;-1.197515;-0.2115743;3.376457;
KneeRight;-1.098705;-0.6453494;3.434629;
KneeLeft;-1.405217;-0.6810247;3.586228;
AnkleRight;-0.9259764;-1.02147;3.459425;
AnkleLeft;-1.538349;-1.009511;3.599584;
FootRight;-0.9647907;-1.102504;3.478599;
FootLeft;-1.657658;-1.041304;3.585272;
Head;-1.245226;0.6338336;3.476045;
ShoulderCenter;-1.259928;0.4243148;3.429014;
ShoulderRight;-1.185792;0.2669749;3.301905;
ShoulderLeft;-1.181986;0.3131641;3.284831;
ElbowRight;-1.283593;0.05572724;3.182137;
ElbowLeft;-1.143993;0.1236338;3.487913;
WristRight;-1.484888;-0.09564106;3.154587;
WristLeft;-1.188023;-0.07343407;3.698361;
HandRight;-1.53557;-0.1494426;3.155319;
HandLeft;-1.217252;-0.1285055;3.718203;
Spine;-1.291632;-0.08085769;3.41187;
HipCenter;-1.268567;-0.1825286;3.417028;
HipRight;-1.257955;-0.1992449;3.435036;
HipLeft;-1.27999;-0.22287;3.396449;
KneeRight;-1.103523;-0.6477337;3.427533;
KneeLeft;-1.42789;-0.6653647;3.590324;
AnkleRight;-0.9296852;-1.021783;3.459723;
AnkleLeft;-1.55109;-1.009782;3.597139;
FootRight;-0.9671142;-1.103598;3.47816;
FootLeft;-1.456116;-1.059034;3.612247;
Head;-1.421924;0.5847235;3.479908;
ShoulderCenter;-1.30733;0.408339;3.431072;
ShoulderRight;-1.234689;0.2561667;3.315071;
ShoulderLeft;-1.237849;0.3056936;3.285811;
ElbowRight;-1.349164;0.03084547;3.187603;
ElbowLeft;-1.18757;0.12708;3.495066;
WristRight;-1.550675;-0.1367675;3.154227;
WristLeft;-1.22792;-0.06671293;3.708973;
HandRight;-1.601357;-0.190569;3.154958;
HandLeft;-1.257105;-0.1217024;3.728786;
Spine;-1.321833;-0.09973839;3.432429;
HipCenter;-1.296067;-0.2010538;3.434192;
HipRight;-1.282005;-0.2072576;3.439474;
HipLeft;-1.306794;-0.2282266;3.42942;
KneeRight;-1.135298;-0.6591101;3.419869;
KneeLeft;-1.47017;-0.6466409;3.590566;
AnkleRight;-0.9350915;-1.021883;3.461156;
AnkleLeft;-1.567897;-1.006886;3.584467;
FootRight;-0.9714948;-1.104511;3.478609;
FootLeft;-1.471033;-1.054462;3.576759;
Head;-1.459423;0.5935171;3.48292;
ShoulderCenter;-1.349575;0.4144627;3.45283;
ShoulderRight;-1.249126;0.2043263;3.320077;
ShoulderLeft;-1.280094;0.3118172;3.30757;
ElbowRight;-1.357135;0.02964108;3.193018;
ElbowLeft;-1.233319;0.1260326;3.511886;
WristRight;-1.562255;-0.1434844;3.156188;
WristLeft;-1.274848;-0.07017909;3.723373;
HandRight;-1.612938;-0.1972859;3.15692;
HandLeft;-1.303987;-0.1250788;3.743154;
Spine;-1.343214;-0.003986895;3.44597;
HipCenter;-1.320572;-0.08437642;3.424398;
HipRight;-1.295669;-0.1697772;3.327378;
HipLeft;-1.334596;-0.1804177;3.505319;
KneeRight;-1.164726;-0.6728412;3.420594;
KneeLeft;-1.523591;-0.6534901;3.599398;
AnkleRight;-0.9454365;-1.016835;3.464182;
AnkleLeft;-1.574672;-1.005581;3.583339;
FootRight;-0.9814017;-1.099537;3.480573;
FootLeft;-1.640029;-1.069695;3.587763;
Head;-1.469829;0.6139545;3.482501;
ShoulderCenter;-1.401913;0.4165457;3.467023;
ShoulderRight;-1.31581;0.2668784;3.332153;
ShoulderLeft;-1.332432;0.3139002;3.321763;
ElbowRight;-1.405497;0.008413646;3.211781;
ElbowLeft;-1.282753;0.1181841;3.517142;
WristRight;-1.56623;-0.1454287;3.163858;
WristLeft;-1.330238;-0.08165631;3.724164;
HandRight;-1.617696;-0.1999222;3.152743;
HandLeft;-1.359339;-0.1364868;3.743919;
Spine;-1.411261;0.01290553;3.470432;
HipCenter;-1.391743;-0.06572048;3.45017;
HipRight;-1.377661;-0.1542805;3.357602;
HipLeft;-1.401877;-0.164375;3.530226;
KneeRight;-1.254097;-0.6693947;3.424886;
KneeLeft;-1.548723;-0.6601958;3.598164;
AnkleRight;-0.9827756;-1.005909;3.472027;
AnkleLeft;-1.584774;-1.004691;3.582845;
FootRight;-0.9191759;-1.051228;3.398033;
FootLeft;-1.64441;-1.073777;3.588576;
Head;-1.473703;0.6165496;3.453278;
ShoulderCenter;-1.420612;0.4224181;3.471796;
ShoulderRight;-1.348216;0.2632162;3.333645;
ShoulderLeft;-1.34326;0.3270244;3.331052;
ElbowRight;-1.409564;0.009049918;3.215322;
ElbowLeft;-1.305744;0.1575633;3.550165;
WristRight;-1.577555;-0.1745857;3.166203;
WristLeft;-1.374143;-0.03526217;3.759333;
HandRight;-1.631315;-0.2445951;3.167686;
HandLeft;-1.403293;-0.09018467;3.779122;
Spine;-1.411974;0.01548045;3.428515;
HipCenter;-1.391648;-0.0656599;3.448927;
HipRight;-1.376556;-0.1531923;3.354133;
HipLeft;-1.399665;-0.165181;3.527938;
KneeRight;-1.320763;-0.6761211;3.429531;
KneeLeft;-1.58682;-0.6502454;3.578003;
AnkleRight;-1.032161;-0.996262;3.481504;
AnkleLeft;-1.590037;-1.002905;3.580182;
FootRight;-1.063047;-1.081365;3.494741;
FootLeft;-1.640298;-1.079102;3.586463;
Head;-1.557181;0.6116052;3.479677;
ShoulderCenter;-1.467454;0.4238175;3.471093;
ShoulderRight;-1.378821;0.2639964;3.339715;
ShoulderLeft;-1.382749;0.3324185;3.332994;
ElbowRight;-1.448881;-0.01024949;3.237389;
ElbowLeft;-1.343052;0.1293577;3.524894;
WristRight;-1.598818;-0.2048293;3.178946;
WristLeft;-1.402271;-0.0716282;3.729154;
HandRight;-1.645275;-0.2797747;3.17606;
HandLeft;-1.431402;-0.1265147;3.74893;
Spine;-1.49825;-0.06323415;3.458641;
HipCenter;-1.473852;-0.1601468;3.447401;
HipRight;-1.469118;-0.1799316;3.466925;
HipLeft;-1.479048;-0.1959631;3.424157;
KneeRight;-1.406082;-0.6600325;3.430975;
KneeLeft;-1.611691;-0.6504933;3.546926;
AnkleRight;-1.093154;-0.9613528;3.474233;
AnkleLeft;-1.597508;-1.002244;3.579168;
FootRight;-1.092937;-1.065084;3.488236;
FootLeft;-1.636782;-1.084378;3.585222;
Head;-1.570903;0.5579939;3.498957;
ShoulderCenter;-1.492399;0.3624867;3.458317;
ShoulderRight;-1.419749;0.2676125;3.34331;
ShoulderLeft;-1.410871;0.271686;3.320467;
ElbowRight;-1.466468;-0.02277531;3.25112;
ElbowLeft;-1.380531;0.07134728;3.51604;
WristRight;-1.595342;-0.2047532;3.177868;
WristLeft;-1.440584;-0.1284308;3.720938;
HandRight;-1.620155;-0.2893481;3.184164;
HandLeft;-1.469768;-0.1834166;3.74075;
Spine;-1.506541;-0.03479092;3.430815;
HipCenter;-1.481659;-0.104697;3.438259;
HipRight;-1.482001;-0.1608696;3.369741;
HipLeft;-1.478073;-0.1896297;3.496063;
KneeRight;-1.458543;-0.6540618;3.421997;
KneeLeft;-1.570426;-0.7122965;3.426209;
AnkleRight;-1.149141;-0.9583401;3.471991;
AnkleLeft;-1.604869;-1.005239;3.581836;
FootRight;-1.171215;-1.046833;3.475162;
FootLeft;-1.640778;-1.087652;3.56612;
Head;-1.577859;0.5378078;3.49674;
ShoulderCenter;-1.52633;0.3277246;3.456488;
ShoulderRight;-1.444262;0.2689438;3.345315;
ShoulderLeft;-1.500425;0.3120899;3.313784;
ElbowRight;-1.475801;-0.01912824;3.262886;
ElbowLeft;-1.428084;0.1327097;3.518835;
WristRight;-1.579011;-0.2086461;3.183252;
WristLeft;-1.483267;-0.06443617;3.728972;
HandRight;-1.612672;-0.2905955;3.187173;
HandLeft;-1.512549;-0.1196062;3.748849;
Spine;-1.513462;-0.04042284;3.453162;
HipCenter;-1.49386;-0.1082776;3.427592;
HipRight;-1.485088;-0.1498039;3.369986;
HipLeft;-1.511944;-0.1796664;3.457872;
KneeRight;-1.580638;-0.6021214;3.398659;
KneeLeft;-1.586339;-0.7347518;3.386072;
AnkleRight;-1.254247;-0.9205316;3.460502;
AnkleLeft;-1.607093;-0.9679093;3.607649;
FootRight;-1.252198;-1.042844;3.478189;
FootLeft;-1.62363;-1.051688;3.575186;
Head;-1.654694;0.6098996;3.439779;
ShoulderCenter;-1.560363;0.4323528;3.455659;
ShoulderRight;-1.49175;0.2687767;3.334276;
ShoulderLeft;-1.533977;0.4172103;3.312982;
ElbowRight;-1.489763;-0.01835293;3.271915;
ElbowLeft;-1.461774;0.2381712;3.517658;
WristRight;-1.573702;-0.2204901;3.205594;
WristLeft;-1.516697;0.04140046;3.727441;
HandRight;-1.583453;-0.2721673;3.202569;
HandLeft;-1.545926;-0.01367063;3.747283;
Spine;-1.537706;0.008815752;3.457348;
HipCenter;-1.504281;-0.07832712;3.437146;
HipRight;-1.484665;-0.1450884;3.372173;
HipLeft;-1.514132;-0.1525835;3.489727;
KneeRight;-1.632373;-0.6030324;3.404907;
KneeLeft;-1.600833;-0.5935885;3.62502;
AnkleRight;-1.328786;-0.9424471;3.466864;
AnkleLeft;-1.612818;-1.008506;3.593738;
FootRight;-1.346555;-1.058369;3.471493;
FootLeft;-1.5379;-1.0519;3.530794;
Head;-1.669056;0.6134729;3.449122;
ShoulderCenter;-1.574742;0.4335089;3.457046;
ShoulderRight;-1.50295;0.270516;3.334907;
ShoulderLeft;-1.548356;0.4183665;3.314369;
ElbowRight;-1.522568;-0.03099483;3.277546;
ElbowLeft;-1.47631;0.2397165;3.518614;
WristRight;-1.575489;-0.2444376;3.218361;
WristLeft;-1.530937;0.04337363;3.727991;
HandRight;-1.580356;-0.2938453;3.213298;
HandLeft;-1.560125;-0.01161835;3.747805;
Spine;-1.555592;0.004054723;3.45943;
HipCenter;-1.527495;-0.0805243;3.437397;
HipRight;-1.500647;-0.1417273;3.372976;
HipLeft;-1.542401;-0.1631969;3.491075;
KneeRight;-1.673238;-0.617839;3.397727;
KneeLeft;-1.621101;-0.5927559;3.601396;
AnkleRight;-1.411487;-0.9824198;3.485116;
AnkleLeft;-1.577284;-1.026615;3.54775;
FootRight;-1.463848;-1.073896;3.497694;
FootLeft;-1.510062;-1.070151;3.477295;
Head;-1.699816;0.5485672;3.44649;
ShoulderCenter;-1.61479;0.3602079;3.43378;
ShoulderRight;-1.557253;0.2728056;3.334542;
ShoulderLeft;-1.588405;0.3450655;3.291104;
ElbowRight;-1.532032;-0.01409067;3.281907;
ElbowLeft;-1.542514;0.1672626;3.501783;
WristRight;-1.57451;-0.2297881;3.224755;
WristLeft;-1.593411;-0.02646764;3.713516;
HandRight;-1.581692;-0.2942417;3.225005;
HandLeft;-1.622562;-0.08139028;3.733305;
Spine;-1.604868;0.01437221;3.456687;
HipCenter;-1.57471;-0.0511344;3.448169;
HipRight;-1.553822;-0.1428051;3.3654;
HipLeft;-1.57738;-0.1464354;3.53052;
KneeRight;-1.692701;-0.6697116;3.419347;
KneeLeft;-1.657096;-0.6179172;3.586627;
AnkleRight;-1.505814;-0.9958284;3.477177;
AnkleLeft;-1.507848;-0.9255292;3.543669;
FootRight;-1.421507;-1.040103;3.430003;
FootLeft;-1.574632;-0.8678467;3.524381;
Head;-1.74681;0.6071229;3.43153;
ShoulderCenter;-1.652285;0.427589;3.436852;
ShoulderRight;-1.57406;0.2714839;3.335402;
ShoulderLeft;-1.6259;0.4124466;3.294175;
ElbowRight;-1.551804;-0.02904981;3.283243;
ElbowLeft;-1.594016;0.1950904;3.471678;
WristRight;-1.574972;-0.2464817;3.222481;
WristLeft;-1.632543;-0.0140693;3.67106;
HandRight;-1.581279;-0.2921809;3.229779;
HandLeft;-1.661663;-0.06893518;3.690828;
Spine;-1.665115;0.03999526;3.447743;
HipCenter;-1.643356;-0.03581503;3.428907;
HipRight;-1.631335;-0.1262301;3.341901;
HipLeft;-1.651806;-0.1307204;3.50663;
KneeRight;-1.719571;-0.6615001;3.464944;
KneeLeft;-1.670374;-0.6262689;3.588351;
AnkleRight;-1.591486;-1.012663;3.456216;
AnkleLeft;-1.519397;-0.9322045;3.545727;
FootRight;-1.680826;-1.073227;3.441877;
FootLeft;-1.586882;-0.8758515;3.526218;
Head;-1.783903;0.6037536;3.420203;
ShoulderCenter;-1.686163;0.4317136;3.442426;
ShoulderRight;-1.603072;0.2729318;3.330635;
ShoulderLeft;-1.659777;0.4165712;3.299749;
ElbowRight;-1.557354;-0.02255124;3.281646;
ElbowLeft;-1.617412;0.1908104;3.465334;
WristRight;-1.577459;-0.2431585;3.241266;
WristLeft;-1.651757;-0.02295905;3.660106;
HandRight;-1.579378;-0.2972764;3.241252;
HandLeft;-1.680843;-0.07776077;3.679851;
Spine;-1.691778;0.0386962;3.450423;
HipCenter;-1.67207;-0.03745904;3.428219;
HipRight;-1.653732;-0.1259384;3.336674;
HipLeft;-1.686687;-0.1338343;3.509255;
KneeRight;-1.744784;-0.6554601;3.452288;
KneeLeft;-1.69562;-0.6769643;3.574336;
AnkleRight;-1.67664;-1.024124;3.460706;
AnkleLeft;-1.545006;-0.9824548;3.53228;
FootRight;-1.76598;-1.084688;3.446368;
FootLeft;-1.612503;-0.9266675;3.512319;
Head;-1.798605;0.6009021;3.402053;
ShoulderCenter;-1.715334;0.4265505;3.437033;
ShoulderRight;-1.630223;0.2718537;3.33132;
ShoulderLeft;-1.688948;0.4114081;3.294356;
ElbowRight;-1.566908;-0.01632315;3.278918;
ElbowLeft;-1.652177;0.1860946;3.461252;
WristRight;-1.582302;-0.2377349;3.244614;
WristLeft;-1.687973;-0.02716707;3.655972;
HandRight;-1.582663;-0.2989837;3.243792;
HandLeft;-1.717025;-0.08190468;3.675694;
Spine;-1.708844;0.03435388;3.450105;
HipCenter;-1.686011;-0.0414741;3.430517;
HipRight;-1.676421;-0.09095178;3.375647;
HipLeft;-1.70871;-0.1150325;3.488947;
KneeRight;-1.749393;-0.6395346;3.454329;
KneeLeft;-1.699536;-0.6654807;3.58331;
AnkleRight;-1.679793;-1.021058;3.465241;
AnkleLeft;-1.620025;-1.012925;3.568487;
FootRight;-1.769133;-1.081622;3.450903;
FootLeft;-1.705114;-1.028282;3.48311;
Head;-1.754019;0.5970652;3.364655;
ShoulderCenter;-1.727541;0.4290213;3.441767;
ShoulderRight;-1.648573;0.2569652;3.328515;
ShoulderLeft;-1.676485;0.2207783;3.307601;
ElbowRight;-1.580245;-0.01526463;3.278657;
ElbowLeft;-1.630985;0.02730514;3.505172;
WristRight;-1.740595;-0.2675957;3.306428;
WristLeft;-1.695342;-0.1700921;3.709327;
HandRight;-1.739122;-0.3327461;3.307282;
HandLeft;-1.724457;-0.2249479;3.729091;
Spine;-1.711759;-0.1174754;3.463807;
HipCenter;-1.68846;-0.2256654;3.444495;
HipRight;-1.682152;-0.2120332;3.441323;
HipLeft;-1.693498;-0.2558251;3.447242;
KneeRight;-1.764398;-0.6782972;3.545385;
KneeLeft;-1.704509;-0.6423432;3.595574;
AnkleRight;-1.690892;-1.051008;3.557403;
AnkleLeft;-1.641778;-1.00578;3.567823;
FootRight;-1.601135;-1.050639;3.552727;
FootLeft;-1.594821;-1.07794;3.593636;
Head;-1.759012;0.5886583;3.36391;
ShoulderCenter;-1.740931;0.4165183;3.437388;
ShoulderRight;-1.660757;0.2494975;3.328525;
ShoulderLeft;-1.638015;0.09794302;3.318421;
ElbowRight;-1.652271;-0.02167449;3.307513;
ElbowLeft;-1.592419;-0.09593549;3.516456;
WristRight;-1.745943;-0.3049855;3.343024;
WristLeft;-1.657062;-0.2937332;3.721031;
HandRight;-1.7777;-0.3418949;3.299465;
HandLeft;-1.686247;-0.3487223;3.740844;
Spine;-1.701163;-0.03836388;3.531434;
HipCenter;-1.659846;-0.1230118;3.554491;
HipRight;-1.656513;-0.1557425;3.642371;
HipLeft;-1.632928;-0.2699731;3.501982;
KneeRight;-1.800532;-0.7390704;3.572601;
KneeLeft;-1.724106;-0.6558357;3.611788;
AnkleRight;-1.727026;-1.111781;3.584606;
AnkleLeft;-1.642031;-1.006051;3.566179;
FootRight;-1.630937;-1.049764;3.55488;
FootLeft;-1.593085;-1.077357;3.590355;
Head;-1.770164;0.3909908;3.51253;
ShoulderCenter;-1.710538;0.1351275;3.575796;
ShoulderRight;-1.63255;-0.03053004;3.46969;
ShoulderLeft;-1.699485;0.06098458;3.331482;
ElbowRight;-1.736192;-0.153302;3.284519;
ElbowLeft;-1.713428;-0.2392964;3.333912;
WristRight;-1.771938;-0.3588296;3.349413;
WristLeft;-1.575696;-0.4149953;3.328504;
HandRight;-1.798271;-0.4318228;3.391876;
HandLeft;-1.593716;-0.4424596;3.385034;
Spine;-1.720223;-0.1905172;3.652749;
HipCenter;-1.693682;-0.2568911;3.657241;
HipRight;-1.665929;-0.2760508;3.687643;
HipLeft;-1.716998;-0.3409137;3.644272;
KneeRight;-1.830569;-0.7882367;3.601885;
KneeLeft;-1.770071;-0.752919;3.611017;
AnkleRight;-1.757063;-1.160948;3.613912;
AnkleLeft;-1.644572;-1.008412;3.567449;
FootRight;-1.674278;-1.079789;3.576948;
FootLeft;-1.561145;-1.057007;3.524157;
Head;-1.780727;0.3480118;3.519737;
ShoulderCenter;-1.751564;0.08498739;3.579022;
ShoulderRight;-1.673576;-0.08067017;3.472916;
ShoulderLeft;-1.71876;-0.01532399;3.397397;
ElbowRight;-1.777118;-0.2033228;3.287934;
ElbowLeft;-1.746904;-0.3148745;3.341014;
WristRight;-1.798009;-0.3995582;3.377118;
WristLeft;-1.607781;-0.4892423;3.334759;
HandRight;-1.809179;-0.4564397;3.407277;
HandLeft;-1.625791;-0.5166912;3.391258;
Spine;-1.754429;-0.2881632;3.620083;
HipCenter;-1.727244;-0.3620631;3.616034;
HipRight;-1.700302;-0.3573758;3.627033;
HipLeft;-1.751929;-0.4082445;3.60706;
KneeRight;-1.857255;-0.7709892;3.593965;
KneeLeft;-1.823221;-0.8178391;3.601054;
AnkleRight;-1.783748;-1.1437;3.606029;
AnkleLeft;-1.634847;-1.017626;3.572282;
FootRight;-1.708968;-1.05372;3.571851;
FootLeft;-1.552409;-1.063866;3.524327;
Head;-1.814802;0.3140818;3.543801;
ShoulderCenter;-1.791127;0.04519299;3.589022;
ShoulderRight;-1.713139;-0.1204646;3.482915;
ShoulderLeft;-1.758323;-0.05511839;3.407397;
ElbowRight;-1.816547;-0.2429588;3.298151;
ElbowLeft;-1.744831;-0.3345459;3.341206;
WristRight;-1.842671;-0.4734597;3.463168;
WristLeft;-1.60414;-0.5072591;3.335328;
HandRight;-1.860907;-0.5308798;3.488353;
HandLeft;-1.622137;-0.5346887;3.391787;
Spine;-1.784661;-0.2508614;3.661053;
HipCenter;-1.755869;-0.3100508;3.662737;
HipRight;-1.718293;-0.3035095;3.654494;
HipLeft;-1.78994;-0.3519025;3.676797;
KneeRight;-1.893828;-0.7854432;3.63724;
KneeLeft;-1.869704;-0.7573472;3.614549;
AnkleRight;-1.820322;-1.158154;3.649321;
AnkleLeft;-1.635069;-1.019224;3.571755;
FootRight;-1.728389;-1.095199;3.59997;
FootLeft;-1.553783;-1.066273;3.522682;
Head;-1.83261;-0.07741249;3.588122;
ShoulderCenter;-1.808979;-0.3458083;3.633197;
ShoulderRight;-1.730991;-0.5114659;3.527091;
ShoulderLeft;-1.776174;-0.4461197;3.451572;
ElbowRight;-1.834087;-0.6335913;3.342805;
ElbowLeft;-1.81697;-0.2646968;3.299988;
WristRight;-1.860522;-0.8644609;3.507362;
WristLeft;-1.681729;-0.5183506;3.373215;
HandRight;-1.878746;-0.9218411;3.532529;
HandLeft;-1.699714;-0.5457612;3.429635;
Spine;-1.858483;-0.6486787;3.706575;
HipCenter;-1.843533;-0.7145991;3.705466;
HipRight;-1.82434;-0.7025205;3.679897;
HipLeft;-1.866233;-0.7641127;3.73683;
KneeRight;-1.758483;-0.7742684;3.58907;
KneeLeft;-1.88596;-1.212205;3.648813;
AnkleRight;-1.638637;-1.012603;3.582584;
AnkleLeft;-1.657263;-1.506356;3.600881;
FootRight;-1.545172;-0.9521769;3.533564;
FootLeft;-1.586105;-1.560744;3.544651;
Head;-1.877768;-0.2185645;3.590116;
ShoulderCenter;-1.854123;-0.4871206;3.635252;
ShoulderRight;-1.776135;-0.6527782;3.529146;
ShoulderLeft;-1.821318;-0.587432;3.453627;
ElbowRight;-1.879102;-0.7747498;3.34506;
ElbowLeft;-1.851081;-0.3393671;3.563806;
WristRight;-1.905666;-1.005773;3.509425;
WristLeft;-1.71099;-0.5113435;3.557897;
HandRight;-1.923877;-1.063114;3.534575;
HandLeft;-1.728962;-0.5387352;3.614278;
Spine;-1.793992;-0.9278365;3.622894;
HipCenter;-1.752891;-1.009487;3.612355;
HipRight;-1.73425;-1.025932;3.592818;
HipLeft;-1.764203;-1.030862;3.629134;
KneeRight;-1.879743;-0.6378838;3.565452;
KneeLeft;-1.888363;-1.224292;3.643254;
AnkleRight;-2.040821;-0.2082678;3.522167;
AnkleLeft;-1.659666;-1.518443;3.595326;
FootRight;-1.955656;-0.2375146;3.484739;
FootLeft;-1.569837;-1.560132;3.558289;
Head;-1.821847;-0.6432325;3.608885;
ShoulderCenter;-1.795804;-0.8467661;3.608611;
ShoulderRight;-1.717816;-1.012424;3.502504;
ShoulderLeft;-1.762999;-0.9470775;3.426986;
ElbowRight;-1.820534;-1.134102;3.318875;
ElbowLeft;-1.859073;-0.6920656;3.521874;
WristRight;-1.847347;-1.365419;3.482912;
WristLeft;-1.694139;-0.7910893;3.616478;
HandRight;-1.865545;-1.42272;3.508045;
HandLeft;-1.712099;-0.8184621;3.67282;
Spine;-1.820568;-0.8757992;3.706788;
HipCenter;-1.830011;-0.9068713;3.710947;
HipRight;-1.829566;-0.9410009;3.707115;
HipLeft;-1.845834;-0.8997604;3.753979;
KneeRight;-1.904225;-0.522999;3.4535;
KneeLeft;-1.914173;-1.253599;3.638499;
AnkleRight;-1.965317;-0.1809511;3.228648;
AnkleLeft;-1.685475;-1.54775;3.590657;
FootRight;-1.977315;-0.2723219;3.177148;
FootLeft;-1.697473;-1.639121;3.539156;
