Floor;-0.0001222757;0.9999442;0.01057102;1.047219;
Head;1.631503;0.6346108;3.866277;
ShoulderCenter;1.768223;0.4260218;3.822126;
ShoulderRight;1.783891;0.3072374;3.671381;
ShoulderLeft;1.641582;0.2245531;3.868091;
ElbowRight;1.797443;0.08866004;3.552919;
ElbowLeft;1.640155;-0.07323992;3.84731;
WristRight;1.682767;-0.1956158;3.524304;
WristLeft;1.643031;0.2335328;3.831734;
HandRight;1.637161;-0.3138184;3.513623;
HandLeft;1.64399;0.3357905;3.831931;
Spine;1.727372;-0.02043746;3.788579;
HipCenter;1.719202;-0.1097293;3.785822;
HipRight;1.74594;-0.148845;3.735224;
HipLeft;1.681901;-0.1860529;3.825114;
KneeRight;1.745239;-0.6900921;3.689923;
KneeLeft;1.634331;-0.6300054;3.867976;
AnkleRight;1.738243;-1.055318;3.667741;
AnkleLeft;1.734945;-1.078987;3.655376;
FootRight;1.712157;-1.070666;3.536191;
FootLeft;1.721167;-1.087675;3.521376;
Head;1.61884;0.6467628;3.850726;
ShoulderCenter;1.736317;0.4334431;3.820873;
ShoulderRight;1.75987;0.3192974;3.680516;
ShoulderLeft;1.637299;0.2386031;3.866813;
ElbowRight;1.747827;0.1033366;3.549944;
ElbowLeft;1.600078;-0.08065087;3.823982;
WristRight;1.626977;-0.1944862;3.522559;
WristLeft;1.555251;-0.3860897;3.897819;
HandRight;1.568129;-0.2888824;3.501957;
HandLeft;1.540308;-0.4879027;3.927862;
Spine;1.700072;-0.02409515;3.791864;
HipCenter;1.692245;-0.1154936;3.790022;
HipRight;1.711944;-0.1535741;3.741813;
HipLeft;1.663796;-0.1868275;3.828747;
KneeRight;1.745635;-0.7210108;3.698743;
KneeLeft;1.626691;-0.6374891;3.866795;
AnkleRight;1.726044;-1.045779;3.668826;
AnkleLeft;1.702561;-0.9415839;3.777113;
FootRight;1.714562;-1.110993;3.597002;
FootLeft;1.698337;-0.9782602;3.650205;
Head;1.619828;0.6562878;3.832387;
ShoulderCenter;1.696477;0.4265753;3.838847;
ShoulderRight;1.739479;0.3164005;3.670588;
ShoulderLeft;1.577543;0.2293796;3.86173;
ElbowRight;1.731251;0.1017872;3.542364;
ElbowLeft;1.682432;0.1419359;3.542482;
WristRight;1.568281;-0.1723546;3.521993;
WristLeft;1.566954;-0.1188502;3.489255;
HandRight;1.505449;-0.2702441;3.487439;
HandLeft;1.521384;-0.2211241;3.475116;
Spine;1.666229;0.02536588;3.785745;
HipCenter;1.660582;-0.05480656;3.778778;
HipRight;1.690332;-0.09720909;3.720098;
HipLeft;1.622148;-0.1357025;3.817748;
KneeRight;1.717861;-0.7151527;3.715421;
KneeLeft;1.604473;-0.7116168;3.852262;
AnkleRight;1.724862;-1.046131;3.668017;
AnkleLeft;1.649933;-1.04426;3.820125;
FootRight;1.697076;-1.115733;3.539912;
FootLeft;1.581285;-1.10062;3.700437;
Head;1.564643;0.663793;3.875207;
ShoulderCenter;1.669199;0.4349715;3.827032;
ShoulderRight;1.683382;0.3114949;3.666783;
ShoulderLeft;1.548287;0.1243873;3.87683;
ElbowRight;1.694658;0.09315401;3.552624;
ElbowLeft;1.652326;0.03765243;3.559716;
WristRight;1.513638;-0.1662517;3.531087;
WristLeft;1.510079;-0.1634858;3.489653;
HandRight;1.441384;-0.2549058;3.464566;
HandLeft;1.443042;-0.2568343;3.466133;
Spine;1.627796;0.0010872;3.792385;
HipCenter;1.618943;-0.08742587;3.790323;
HipRight;1.643525;-0.1163716;3.734358;
HipLeft;1.582732;-0.20057;3.832937;
KneeRight;1.691679;-0.7129213;3.709397;
KneeLeft;1.556856;-0.7219517;3.865942;
AnkleRight;1.690195;-1.032515;3.66417;
AnkleLeft;1.637985;-1.054171;3.770274;
FootRight;1.599347;-1.09579;3.614013;
FootLeft;1.530527;-1.10216;3.772976;
Head;1.569115;0.6735244;3.879986;
ShoulderCenter;1.640985;0.4348132;3.82513;
ShoulderRight;1.667279;0.3110904;3.664211;
ShoulderLeft;1.52983;0.1228843;3.876953;
ElbowRight;1.664593;0.1012246;3.55034;
ElbowLeft;1.623329;0.04557018;3.630459;
WristRight;1.475053;-0.13615;3.501747;
WristLeft;1.535418;-0.1321934;3.847399;
HandRight;1.399198;-0.2492435;3.472251;
HandLeft;1.506114;-0.1914479;3.924886;
Spine;1.608267;0.06520683;3.788996;
HipCenter;1.603592;-0.008703977;3.785567;
HipRight;1.630221;-0.03249196;3.735828;
HipLeft;1.568579;-0.1174781;3.818844;
KneeRight;1.691926;-0.6775391;3.680226;
KneeLeft;1.497592;-0.7143224;3.872316;
AnkleRight;1.696267;-1.028457;3.673056;
AnkleLeft;1.557948;-1.046273;3.81607;
FootRight;1.622122;-1.091388;3.674557;
FootLeft;1.482838;-1.102872;3.84087;
Head;1.529363;0.6926985;3.865709;
ShoulderCenter;1.585199;0.450107;3.816935;
ShoulderRight;1.624173;0.3143806;3.657938;
ShoulderLeft;1.471603;0.1372708;3.870037;
ElbowRight;1.642556;0.1083438;3.541708;
ElbowLeft;1.57972;0.1460913;3.556851;
WristRight;1.450655;-0.1263289;3.527966;
WristLeft;1.413432;-0.1023772;3.491396;
HandRight;1.324353;-0.2468368;3.482507;
HandLeft;1.351357;-0.1947782;3.473415;
Spine;1.587511;0.0718942;3.782314;
HipCenter;1.586645;-0.003290784;3.779199;
HipRight;1.616795;-0.03279043;3.722671;
HipLeft;1.552708;-0.1148199;3.818251;
KneeRight;1.690158;-0.6877279;3.678762;
KneeLeft;1.436539;-0.651618;3.887192;
AnkleRight;1.701494;-1.055188;3.657665;
AnkleLeft;1.457406;-1.049476;3.83456;
FootRight;1.647195;-1.076548;3.539472;
FootLeft;1.333685;-1.083513;3.864707;
Head;1.462734;0.6729065;3.848044;
ShoulderCenter;1.570645;0.4505194;3.823412;
ShoulderRight;1.604482;0.317404;3.658743;
ShoulderLeft;1.457049;0.1376832;3.876514;
ElbowRight;1.560133;0.1069476;3.537811;
ElbowLeft;1.523622;0.1306195;3.537892;
WristRight;1.371191;-0.1462855;3.513866;
WristLeft;1.341331;-0.1262354;3.49631;
HandRight;1.326329;-0.2055557;3.482177;
HandLeft;1.297969;-0.2449365;3.46461;
Spine;1.553105;0.07860155;3.778886;
HipCenter;1.54879;0.004662581;3.772724;
HipRight;1.579348;-0.02188069;3.718569;
HipLeft;1.510192;-0.1025119;3.804716;
KneeRight;1.684698;-0.6821999;3.678725;
KneeLeft;1.42202;-0.6566923;3.880885;
AnkleRight;1.694854;-1.075565;3.693925;
AnkleLeft;1.368122;-1.030532;3.832923;
FootRight;1.602771;-1.098053;3.595765;
FootLeft;1.262995;-1.077449;3.853465;
Head;1.424755;0.6593067;3.835755;
ShoulderCenter;1.525426;0.4428391;3.858995;
ShoulderRight;1.555907;0.3130157;3.655529;
ShoulderLeft;1.438404;0.2082936;3.88464;
ElbowRight;1.516385;0.07672146;3.541377;
ElbowLeft;1.488585;0.1104658;3.54672;
WristRight;1.314994;-0.1711682;3.498308;
WristLeft;1.297729;-0.1484062;3.470074;
HandRight;1.248247;-0.2244659;3.460762;
HandLeft;1.272327;-0.2246889;3.476382;
Spine;1.512685;0.06637114;3.793968;
HipCenter;1.511071;-0.008479489;3.784472;
HipRight;1.531588;-0.04421406;3.726774;
HipLeft;1.486654;-0.09407143;3.817416;
KneeRight;1.673306;-0.7075981;3.670166;
KneeLeft;1.383672;-0.6617621;3.875228;
AnkleRight;1.758904;-1.101653;3.546082;
AnkleLeft;1.333336;-1.053762;3.863898;
FootRight;1.674726;-1.111103;3.439294;
FootLeft;1.197643;-1.060934;3.853189;
Head;1.40471;0.66115;3.888675;
ShoulderCenter;1.49563;0.4315289;3.849888;
ShoulderRight;1.52135;0.3060524;3.663579;
ShoulderLeft;1.376958;0.1465018;3.873209;
ElbowRight;1.504416;0.08246534;3.535703;
ElbowLeft;1.449964;0.1346092;3.520937;
WristRight;1.28785;-0.1668141;3.492153;
WristLeft;1.25139;-0.1266074;3.459188;
HandRight;1.231702;-0.2103723;3.458486;
HandLeft;1.258497;-0.2047896;3.463704;
Spine;1.482059;0.06467319;3.789859;
HipCenter;1.478378;-0.008682481;3.781328;
HipRight;1.509105;-0.03590643;3.730394;
HipLeft;1.437109;-0.1035719;3.807058;
KneeRight;1.653563;-0.7020966;3.669171;
KneeLeft;1.339046;-0.6923175;3.877099;
AnkleRight;1.696699;-1.03747;3.6603;
AnkleLeft;1.177276;-1.04567;3.833671;
FootRight;1.617539;-1.106662;3.569334;
FootLeft;1.05385;-1.076537;3.874848;
Head;1.383248;0.6559636;3.881137;
ShoulderCenter;1.468108;0.42575;3.854793;
ShoulderRight;1.497849;0.3025516;3.664923;
ShoulderLeft;1.358537;0.1433664;3.878367;
ElbowRight;1.500187;0.1100792;3.487601;
ElbowLeft;1.428028;0.1241434;3.528615;
WristRight;1.281419;-0.1353944;3.477177;
WristLeft;1.230135;-0.1334634;3.462776;
HandRight;1.236326;-0.192959;3.45108;
HandLeft;1.18554;-0.2580828;3.459155;
Spine;1.442669;0.03153047;3.777759;
HipCenter;1.439347;-0.04694278;3.765597;
HipRight;1.476024;-0.08420195;3.703486;
HipLeft;1.399391;-0.1285389;3.801008;
KneeRight;1.641022;-0.7063292;3.667405;
KneeLeft;1.321717;-0.676878;3.873492;
AnkleRight;1.685043;-1.052407;3.667624;
AnkleLeft;1.116259;-1.040618;3.816303;
FootRight;1.639143;-1.109146;3.547956;
FootLeft;1.017972;-1.068566;3.839713;
Head;1.337488;0.644789;3.889821;
ShoulderCenter;1.409257;0.409024;3.868716;
ShoulderRight;1.444182;0.2817801;3.673396;
ShoulderLeft;1.295323;0.1659524;3.847831;
ElbowRight;1.474848;0.06203684;3.544476;
ElbowLeft;1.370585;0.08761945;3.508162;
WristRight;1.247984;-0.1738507;3.492822;
WristLeft;1.345819;-0.1505556;3.537381;
HandRight;1.188247;-0.2384663;3.454602;
HandLeft;1.277693;-0.227566;3.511789;
Spine;1.413199;0.02179693;3.781541;
HipCenter;1.413807;-0.05562118;3.76799;
HipRight;1.452976;-0.08476157;3.715115;
HipLeft;1.373945;-0.1323891;3.795421;
KneeRight;1.572237;-0.6665303;3.666857;
KneeLeft;1.270496;-0.6676978;3.85885;
AnkleRight;1.697307;-1.029598;3.657211;
AnkleLeft;1.175266;-0.9622337;3.813868;
FootRight;1.64952;-1.080191;3.535399;
FootLeft;1.085778;-1.011411;3.747119;
Head;1.29975;0.6597537;3.879865;
ShoulderCenter;1.360433;0.4194866;3.841676;
ShoulderRight;1.41076;0.2831876;3.679361;
ShoulderLeft;1.246499;0.1764149;3.820791;
ElbowRight;1.417854;0.05707349;3.558609;
ElbowLeft;1.322023;0.09780954;3.480216;
WristRight;1.216489;-0.1974623;3.486403;
WristLeft;1.296756;-0.1408312;3.511377;
HandRight;1.152403;-0.2587459;3.453322;
HandLeft;1.22816;-0.2176677;3.485197;
Spine;1.363573;0.03064897;3.761688;
HipCenter;1.364201;-0.04711855;3.749247;
HipRight;1.407172;-0.07237267;3.695044;
HipLeft;1.322086;-0.1279179;3.779135;
KneeRight;1.569329;-0.6913316;3.666418;
KneeLeft;1.239634;-0.6695836;3.857811;
AnkleRight;1.658885;-1.05725;3.651196;
AnkleLeft;1.165961;-1.037564;3.81605;
FootRight;1.52974;-1.112069;3.650484;
FootLeft;1.073823;-1.077859;3.841356;
Head;1.305318;0.6613854;3.880282;
ShoulderCenter;1.337877;0.4170652;3.834014;
ShoulderRight;1.379616;0.2833625;3.688732;
ShoulderLeft;1.337186;0.2819425;3.696438;
ElbowRight;1.407511;0.05579008;3.571992;
ElbowLeft;1.413151;0.2028786;3.354227;
WristRight;1.211573;-0.2015535;3.48874;
WristLeft;1.375674;0.1136836;3.565637;
HandRight;1.139332;-0.2697296;3.452622;
HandLeft;1.307454;0.0372684;3.5396;
Spine;1.342707;0.02069725;3.822511;
HipCenter;1.330703;-0.04682374;3.762731;
HipRight;1.332672;-0.07172843;3.717025;
HipLeft;1.31808;-0.106163;3.794414;
KneeRight;1.502019;-0.6846126;3.662653;
KneeLeft;1.187642;-0.6632893;3.853615;
AnkleRight;1.65326;-1.033752;3.65096;
AnkleLeft;1.154107;-0.9706101;3.821011;
FootRight;1.581564;-1.108194;3.585171;
FootLeft;1.133466;-1.018574;3.710394;
Head;1.195699;0.6495352;3.858068;
ShoulderCenter;1.281365;0.4188045;3.82348;
ShoulderRight;1.341327;0.2893424;3.682823;
ShoulderLeft;1.293562;0.2846021;3.689574;
ElbowRight;1.324033;0.05421694;3.570757;
ElbowLeft;1.247195;0.1379642;3.439559;
WristRight;1.207884;-0.203542;3.501824;
WristLeft;1.199113;0.0650631;3.691864;
HandRight;1.142154;-0.2804801;3.471438;
HandLeft;1.130918;-0.01132526;3.665837;
Spine;1.280837;0.005490566;3.832089;
HipCenter;1.270999;-0.06876184;3.774398;
HipRight;1.278119;-0.08870652;3.74595;
HipLeft;1.262692;-0.1046767;3.795566;
KneeRight;1.475329;-0.6999848;3.663949;
KneeLeft;1.177788;-0.6654617;3.856008;
AnkleRight;1.646555;-1.037314;3.653222;
AnkleLeft;1.1391;-0.9787576;3.805236;
FootRight;1.588271;-1.117459;3.629065;
FootLeft;1.122418;-1.026973;3.696624;
Head;1.152456;0.6410726;3.831649;
ShoulderCenter;1.262158;0.4244225;3.821653;
ShoulderRight;1.300173;0.2959468;3.690033;
ShoulderLeft;1.159308;0.1996311;3.870475;
ElbowRight;1.317566;0.05770274;3.573902;
ElbowLeft;1.132604;-0.05981195;3.805107;
WristRight;1.209249;-0.2009159;3.508782;
WristLeft;1.143223;-0.3007246;3.812052;
HandRight;1.145646;-0.2792668;3.479246;
HandLeft;1.16109;-0.397709;3.775564;
Spine;1.289765;0.01356488;3.809559;
HipCenter;1.24307;-0.06179775;3.773708;
HipRight;1.270079;-0.09153398;3.740035;
HipLeft;1.204231;-0.1269857;3.801092;
KneeRight;1.402768;-0.7097349;3.665614;
KneeLeft;1.157899;-0.6699823;3.857502;
AnkleRight;1.608331;-1.02824;3.647839;
AnkleLeft;1.131248;-1.021734;3.786852;
FootRight;1.576872;-1.121401;3.626284;
FootLeft;1.072088;-1.093556;3.856386;
Head;1.133399;0.6485935;3.895709;
ShoulderCenter;1.20408;0.4182822;3.812912;
ShoulderRight;1.268809;0.2939336;3.685081;
ShoulderLeft;1.113682;0.1905274;3.863149;
ElbowRight;1.272367;0.04236853;3.56985;
ElbowLeft;1.086978;-0.06891564;3.797755;
WristRight;1.20566;-0.1990921;3.512918;
WristLeft;1.114229;-0.2760172;3.903359;
HandRight;1.14556;-0.2791539;3.481394;
HandLeft;1.10377;-0.3504214;3.922662;
Spine;1.238621;0.01966497;3.808912;
HipCenter;1.197237;-0.05482731;3.771519;
HipRight;1.230389;-0.09271508;3.730891;
HipLeft;1.170023;-0.1254868;3.800261;
KneeRight;1.249662;-0.6208147;3.669701;
KneeLeft;1.130714;-0.6609788;3.844359;
AnkleRight;1.525619;-0.9423215;3.652274;
AnkleLeft;1.13168;-1.021539;3.786891;
FootRight;1.534224;-1.075575;3.65933;
FootLeft;1.07536;-1.084713;3.837932;
Head;1.123034;0.6545396;3.928063;
ShoulderCenter;1.180051;0.4268233;3.820185;
ShoulderRight;1.244622;0.3025572;3.68319;
ShoulderLeft;1.087879;0.1991259;3.870465;
ElbowRight;1.2619;0.05156025;3.572824;
ElbowLeft;1.061175;-0.06031721;3.804868;
WristRight;1.168901;-0.2109366;3.498143;
WristLeft;1.056735;-0.2952785;3.838883;
HandRight;1.132837;-0.2966743;3.474202;
HandLeft;1.046394;-0.3688378;3.857967;
Spine;1.214505;0.01517288;3.809795;
HipCenter;1.169253;-0.06150426;3.772327;
HipRight;1.196103;-0.09708355;3.744063;
HipLeft;1.13288;-0.1257878;3.787619;
KneeRight;1.256191;-0.6799325;3.650753;
KneeLeft;1.111379;-0.6638411;3.838554;
AnkleRight;1.534019;-1.001858;3.647837;
AnkleLeft;1.138397;-1.025176;3.790996;
FootRight;1.546407;-1.096376;3.666226;
FootLeft;1.077894;-1.083041;3.840153;
Head;1.079537;0.6708431;3.864627;
ShoulderCenter;1.145441;0.4365027;3.813328;
ShoulderRight;1.208399;0.3068338;3.677277;
ShoulderLeft;1.053933;0.2084312;3.86345;
ElbowRight;1.248625;0.06578141;3.573535;
ElbowLeft;1.041017;-0.1165325;3.810754;
WristRight;1.167436;-0.1547953;3.505488;
WristLeft;1.045795;-0.2939617;3.959146;
HandRight;1.141726;-0.2535574;3.483184;
HandLeft;1.045513;-0.3514146;4.010727;
Spine;1.172789;0.03053059;3.797731;
HipCenter;1.128091;-0.04362318;3.759939;
HipRight;1.162905;-0.0861081;3.729878;
HipLeft;1.093528;-0.1005016;3.777716;
KneeRight;1.178555;-0.6572107;3.645963;
KneeLeft;1.074095;-0.6581845;3.81036;
AnkleRight;1.447662;-0.9880955;3.658446;
AnkleLeft;1.139937;-1.02447;3.794518;
FootRight;1.439885;-1.080449;3.681961;
FootLeft;1.075735;-1.084272;3.843998;
Head;1.007138;0.6506158;3.839877;
ShoulderCenter;1.116187;0.4353761;3.827687;
ShoulderRight;1.182928;0.3105515;3.673285;
ShoulderLeft;1.02432;0.2073328;3.87779;
ElbowRight;1.217015;0.05360276;3.568039;
ElbowLeft;1.020108;-0.06519431;3.805658;
WristRight;1.130019;-0.1976577;3.506306;
WristLeft;0.9968692;-0.2412542;3.953185;
HandRight;1.12837;-0.2963782;3.476304;
HandLeft;0.9832865;-0.3164832;3.947765;
Spine;1.122938;0.02327239;3.782675;
HipCenter;1.07303;-0.0471264;3.741787;
HipRight;1.102578;-0.08051928;3.706531;
HipLeft;1.036286;-0.1097529;3.756334;
KneeRight;1.129442;-0.6654056;3.638495;
KneeLeft;1.038283;-0.606833;3.738071;
AnkleRight;1.351067;-1.029833;3.655507;
AnkleLeft;1.136996;-1.019973;3.790138;
FootRight;1.279573;-1.086236;3.679157;
FootLeft;1.104975;-1.090855;3.843078;
Head;0.9935215;0.6586539;3.846325;
ShoulderCenter;1.093688;0.4371487;3.813648;
ShoulderRight;1.157462;0.3138264;3.66893;
ShoulderLeft;1.001903;0.2091137;3.863697;
ElbowRight;1.203159;0.05298556;3.56723;
ElbowLeft;0.981204;-0.03196579;3.953837;
WristRight;1.129934;-0.1995158;3.506881;
WristLeft;0.9436126;-0.2672655;3.968166;
HandRight;1.114145;-0.3015134;3.495526;
HandLeft;0.9183261;-0.3382459;3.953585;
Spine;1.101633;0.03023138;3.779375;
HipCenter;1.050133;-0.03940908;3.739965;
HipRight;1.075336;-0.08521355;3.699658;
HipLeft;1.011734;-0.0964418;3.760526;
KneeRight;1.047084;-0.6296676;3.627573;
KneeLeft;0.9995956;-0.6741273;3.702446;
AnkleRight;1.274134;-0.9964948;3.652842;
AnkleLeft;1.141182;-1.028372;3.793053;
FootRight;1.203917;-1.054923;3.668029;
FootLeft;1.078489;-1.096364;3.788404;
Head;0.9383278;0.6506432;3.833127;
ShoulderCenter;1.045399;0.4325379;3.798398;
ShoulderRight;1.119286;0.3117436;3.659283;
ShoulderLeft;0.9055478;0.1869611;3.76999;
ElbowRight;1.180058;0.04126556;3.5627;
ElbowLeft;0.9364312;-0.05343187;3.959772;
WristRight;1.10786;-0.2323182;3.509645;
WristLeft;0.87089;-0.2838074;3.974724;
HandRight;1.110144;-0.3112687;3.492779;
HandLeft;0.8285819;-0.3386874;3.943411;
Spine;1.055456;0.03580812;3.783644;
HipCenter;1.023242;-0.03300001;3.730833;
HipRight;1.065202;-0.08848472;3.690661;
HipLeft;0.9671128;-0.09910186;3.750192;
KneeRight;1.012353;-0.6290601;3.617845;
KneeLeft;0.9767923;-0.6743672;3.689939;
AnkleRight;1.193545;-0.9974852;3.644521;
AnkleLeft;1.111421;-1.001841;3.738426;
FootRight;1.126792;-1.050452;3.604842;
FootLeft;1.052397;-1.07915;3.818284;
Head;0.9068272;0.638965;3.816777;
ShoulderCenter;1.012649;0.4265975;3.783263;
ShoulderRight;1.087906;0.3047843;3.65223;
ShoulderLeft;0.8807446;0.1619004;3.756902;
ElbowRight;1.138731;-0.006392208;3.550475;
ElbowLeft;0.8974358;-0.008562447;3.951722;
WristRight;1.101541;-0.2432888;3.500926;
WristLeft;0.8149251;-0.2358322;3.952652;
HandRight;1.099768;-0.3087502;3.492733;
HandLeft;0.7957225;-0.2711485;3.95777;
Spine;1.018039;0.02630867;3.769908;
HipCenter;0.9845191;-0.04259162;3.717645;
HipRight;1.021837;-0.1083307;3.665636;
HipLeft;0.9407693;-0.110904;3.745751;
KneeRight;0.8993246;-0.5802974;3.605379;
KneeLeft;1.100835;-0.6495509;3.840258;
AnkleRight;1.083072;-0.9745951;3.638312;
AnkleLeft;1.037552;-1.051171;3.670702;
FootRight;1.029031;-1.086104;3.646535;
FootLeft;1.002979;-1.123151;3.716468;
Head;0.8620966;0.6188862;3.77139;
ShoulderCenter;0.984666;0.4198504;3.770778;
ShoulderRight;1.069035;0.305962;3.643847;
ShoulderLeft;0.87198;0.2582539;3.777817;
ElbowRight;1.12625;0.0470228;3.542002;
ElbowLeft;0.877686;0.002087921;3.955215;
WristRight;1.091803;-0.21506;3.491333;
WristLeft;0.776776;-0.2140667;3.987795;
HandRight;1.082006;-0.3167897;3.48189;
HandLeft;0.7336415;-0.2738014;3.969737;
Spine;0.9992637;0.02210588;3.760931;
HipCenter;0.9644787;-0.04759741;3.710747;
HipRight;0.9942359;-0.08933716;3.654145;
HipLeft;0.9214798;-0.1263289;3.744198;
KneeRight;0.8576692;-0.637046;3.608316;
KneeLeft;1.077546;-0.6746231;3.834386;
AnkleRight;0.9935292;-1.034008;3.634566;
AnkleLeft;1.135457;-1.03161;3.754587;
FootRight;0.8866629;-1.080083;3.621228;
FootLeft;1.10124;-1.102847;3.799881;
Head;0.8507106;0.6450067;3.774383;
ShoulderCenter;0.9492551;0.4312555;3.762622;
ShoulderRight;1.038537;0.3028886;3.639786;
ShoulderLeft;0.8475179;0.2692009;3.77335;
ElbowRight;1.114057;0.04434175;3.542377;
ElbowLeft;0.8285034;0.007049829;3.944417;
WristRight;1.078353;-0.2169415;3.492526;
WristLeft;0.7211078;-0.1983466;4.006485;
HandRight;1.06899;-0.3196867;3.488288;
HandLeft;0.7118686;-0.2546306;3.970027;
Spine;0.9583471;0.01546753;3.748966;
HipCenter;0.9214868;-0.05762174;3.698069;
HipRight;0.9601434;-0.09264075;3.653171;
HipLeft;0.8840374;-0.1328086;3.726002;
KneeRight;0.8265815;-0.6428132;3.600381;
KneeLeft;1.047864;-0.6844463;3.825918;
AnkleRight;0.8987224;-1.026946;3.610223;
AnkleLeft;1.110158;-1.044357;3.79581;
FootRight;0.7932814;-1.088694;3.605004;
FootLeft;1.076201;-1.115054;3.84076;
Head;0.8052495;0.6155649;3.774045;
ShoulderCenter;0.9078531;0.4017017;3.737477;
ShoulderRight;1.009167;0.2957258;3.628427;
ShoulderLeft;0.8078178;0.2411753;3.744505;
ElbowRight;1.10026;0.04064552;3.543542;
ElbowLeft;0.781646;0.008952975;3.952467;
WristRight;1.060491;-0.2339705;3.49306;
WristLeft;0.6548697;-0.2001676;3.964836;
HandRight;1.063364;-0.3337699;3.491124;
HandLeft;0.6281797;-0.2702913;3.951512;
Spine;0.944363;0.01564685;3.741855;
HipCenter;0.9153657;-0.05761208;3.690619;
HipRight;0.9517696;-0.09352051;3.637231;
HipLeft;0.8770605;-0.1392295;3.721457;
KneeRight;0.8073806;-0.6465926;3.603628;
KneeLeft;0.8960711;-0.6709518;3.68983;
AnkleRight;0.7787695;-1.027863;3.587588;
AnkleLeft;1.116643;-1.029571;3.79326;
FootRight;0.6704258;-1.077053;3.557138;
FootLeft;1.049295;-1.094424;3.819278;
Head;0.7706522;0.5931326;3.714442;
ShoulderCenter;0.886525;0.3982398;3.719971;
ShoulderRight;0.9727542;0.2844253;3.61628;
ShoulderLeft;0.7912575;0.2549751;3.750229;
ElbowRight;1.060781;0.03413248;3.538895;
ElbowLeft;0.7582875;0.01563022;3.952754;
WristRight;1.026827;-0.245614;3.499111;
WristLeft;0.6359454;-0.1970835;3.969364;
HandRight;1.037466;-0.3230304;3.481415;
HandLeft;0.5999047;-0.2590804;3.945547;
Spine;0.9113914;0.005628631;3.714759;
HipCenter;0.879005;-0.06460291;3.667479;
HipRight;0.9150104;-0.09400076;3.621119;
HipLeft;0.8460005;-0.146045;3.7004;
KneeRight;0.7669855;-0.5950722;3.588538;
KneeLeft;0.8739586;-0.6559235;3.683285;
AnkleRight;0.6663625;-1.028333;3.561305;
AnkleLeft;1.111435;-1.010938;3.778321;
FootRight;0.5505256;-1.068091;3.546211;
FootLeft;1.049659;-1.094479;3.821387;
Head;0.7338126;0.5967366;3.676483;
ShoulderCenter;0.8248839;0.397469;3.694027;
ShoulderRight;0.9351688;0.2867429;3.603175;
ShoulderLeft;0.7379895;0.2716587;3.790384;
ElbowRight;1.020204;-0.01550418;3.535124;
ElbowLeft;0.7105826;0.0009272993;3.951842;
WristRight;0.9949329;-0.2573155;3.486329;
WristLeft;0.5887992;-0.209516;3.971002;
HandRight;1.005034;-0.3380274;3.478141;
HandLeft;0.5382243;-0.2621084;3.952401;
Spine;0.8762162;0.03637455;3.698222;
HipCenter;0.8416971;-0.03179285;3.655859;
HipRight;0.8787593;-0.06708429;3.593413;
HipLeft;0.8170792;-0.1325163;3.701568;
KneeRight;0.7214797;-0.6154265;3.594574;
KneeLeft;0.9735604;-0.6706106;3.777632;
AnkleRight;0.533915;-1.018131;3.519255;
AnkleLeft;1.131521;-1.027703;3.781577;
FootRight;0.4206318;-1.065864;3.502413;
FootLeft;1.051536;-1.093424;3.82207;
Head;0.7091585;0.5953993;3.709533;
ShoulderCenter;0.7920333;0.3889807;3.686752;
ShoulderRight;0.8902553;0.2741544;3.581606;
ShoulderLeft;0.706559;0.2493747;3.762291;
ElbowRight;0.9990336;-0.01138906;3.530228;
ElbowLeft;0.678453;-0.007757634;3.937893;
WristRight;0.9631149;-0.2553259;3.465685;
WristLeft;0.5438398;-0.2105326;3.936458;
HandRight;0.9632698;-0.3534019;3.473917;
HandLeft;0.5128404;-0.2788657;3.937832;
Spine;0.8437182;0.005652855;3.683211;
HipCenter;0.8085125;-0.0672209;3.640075;
HipRight;0.8508638;-0.0887062;3.589337;
HipLeft;0.7773258;-0.1592078;3.67605;
KneeRight;0.7349722;-0.6402193;3.58418;
KneeLeft;0.9805309;-0.681638;3.796657;
AnkleRight;0.5198762;-1.031387;3.520599;
AnkleLeft;1.134672;-1.028409;3.786907;
FootRight;0.3950036;-1.03334;3.521625;
FootLeft;1.05042;-1.094714;3.839846;
Head;0.6849145;0.6067976;3.71083;
ShoulderCenter;0.7479976;0.3923591;3.658527;
ShoulderRight;0.8461134;0.2713001;3.562021;
ShoulderLeft;0.6641713;0.1960368;3.720839;
ElbowRight;0.9373595;0.02010464;3.500381;
ElbowLeft;0.6479219;-0.01760754;3.943596;
WristRight;0.9288803;-0.2661001;3.4573;
WristLeft;0.5179012;-0.2235277;3.947906;
HandRight;0.9324562;-0.3624611;3.458549;
HandLeft;0.5074714;-0.2424001;3.929546;
Spine;0.7991086;0.01857962;3.672396;
HipCenter;0.7665024;-0.05346793;3.631264;
HipRight;0.8162344;-0.09905807;3.581472;
HipLeft;0.7222502;-0.123768;3.670026;
KneeRight;0.716169;-0.6539234;3.56683;
KneeLeft;0.9597654;-0.6830674;3.803252;
AnkleRight;0.5088593;-1.051664;3.521772;
AnkleLeft;1.134687;-1.028868;3.787204;
FootRight;0.4048581;-1.073217;3.516296;
FootLeft;1.047917;-1.09664;3.842034;
Head;0.6270539;0.5940274;3.688782;
ShoulderCenter;0.7196978;0.3905316;3.658332;
ShoulderRight;0.8150107;0.2662184;3.55039;
ShoulderLeft;0.6427887;0.2554057;3.733391;
ElbowRight;0.894317;-7.622947E-05;3.478484;
ElbowLeft;0.614183;0.0002819598;3.91536;
WristRight;0.8768171;-0.2829828;3.437665;
WristLeft;0.4913433;-0.2112572;3.921512;
HandRight;0.8958306;-0.3654788;3.447621;
HandLeft;0.4675548;-0.281331;3.931954;
Spine;0.7626648;0.02537194;3.663806;
HipCenter;0.724965;-0.04307322;3.625054;
HipRight;0.7609396;-0.0944019;3.564837;
HipLeft;0.6948534;-0.1158688;3.670388;
KneeRight;0.6655257;-0.6548144;3.54888;
KneeLeft;0.9435335;-0.6917813;3.798693;
AnkleRight;0.5052978;-1.057615;3.524484;
AnkleLeft;1.132641;-1.028264;3.796575;
FootRight;0.4017398;-1.077345;3.513443;
FootLeft;1.061732;-1.092891;3.878051;
Head;0.6471719;0.6058596;3.692138;
ShoulderCenter;0.6922056;0.3892628;3.644418;
ShoulderRight;0.7639773;0.254496;3.529779;
ShoulderLeft;0.6267025;0.2547702;3.722318;
ElbowRight;0.8449848;-0.009482768;3.463146;
ElbowLeft;0.5750418;-0.0006341338;3.901927;
WristRight;0.8357251;-0.3146552;3.430383;
WristLeft;0.4831969;-0.2254759;3.930081;
HandRight;0.8799192;-0.3740424;3.420327;
HandLeft;0.4586319;-0.2957208;3.936659;
Spine;0.7318088;-0.007579973;3.632642;
HipCenter;0.689761;-0.08184743;3.597931;
HipRight;0.7236064;-0.1181125;3.557975;
HipLeft;0.6590933;-0.1422208;3.626343;
KneeRight;0.6029525;-0.7347224;3.525472;
KneeLeft;0.8954588;-0.6935611;3.78315;
AnkleRight;0.5097846;-1.05843;3.52881;
AnkleLeft;1.124214;-1.033656;3.800483;
FootRight;0.4311132;-1.103541;3.508167;
FootLeft;1.042364;-1.095879;3.873028;
Head;0.5462856;0.5706461;3.643404;
ShoulderCenter;0.6546101;0.3884634;3.648857;
ShoulderRight;0.7186778;0.2619902;3.508861;
ShoulderLeft;0.5596053;0.2596117;3.711225;
ElbowRight;0.8229295;-0.008086619;3.452366;
ElbowLeft;0.5410248;-0.01945546;3.860888;
WristRight;0.7974653;-0.2886374;3.402544;
WristLeft;0.4794837;-0.235868;3.943717;
HandRight;0.8090387;-0.3607828;3.419358;
HandLeft;0.4575421;-0.3062751;3.95305;
Spine;0.6899338;0.004857797;3.636363;
HipCenter;0.6456656;-0.06438158;3.598554;
HipRight;0.6807971;-0.09663803;3.557095;
HipLeft;0.6081151;-0.1311645;3.625639;
KneeRight;0.5736198;-0.6485612;3.531993;
KneeLeft;0.8615918;-0.6767074;3.763741;
AnkleRight;0.5119746;-1.057672;3.529865;
AnkleLeft;1.085323;-1.026108;3.798154;
FootRight;0.4373627;-1.107365;3.506102;
FootLeft;1.015065;-1.099876;3.871406;
Head;0.4987921;0.5517734;3.592767;
ShoulderCenter;0.6084892;0.3831233;3.623334;
ShoulderRight;0.7071678;0.2664647;3.508745;
ShoulderLeft;0.5255124;0.2358393;3.668642;
ElbowRight;0.7500959;0.01972872;3.431253;
ElbowLeft;0.5167248;-0.02483676;3.846704;
WristRight;0.7154372;-0.2677371;3.401112;
WristLeft;0.45235;-0.2473093;3.915007;
HandRight;0.7228775;-0.3582168;3.402454;
HandLeft;0.4282076;-0.3160911;3.901568;
Spine;0.6463099;0.004430002;3.640263;
HipCenter;0.6132069;-0.06775872;3.600504;
HipRight;0.6523489;-0.1048322;3.557433;
HipLeft;0.5717612;-0.1388921;3.634168;
KneeRight;0.554498;-0.6470397;3.526437;
KneeLeft;0.7575781;-0.698104;3.745979;
AnkleRight;0.5131267;-1.051723;3.529946;
AnkleLeft;1.045209;-0.9935178;3.790841;
FootRight;0.4678776;-1.130448;3.512944;
FootLeft;1.000479;-1.087625;3.859865;
Head;0.4805365;0.5647701;3.592828;
ShoulderCenter;0.5858147;0.3872927;3.609291;
ShoulderRight;0.6558171;0.2831419;3.488691;
ShoulderLeft;0.4859837;0.2135958;3.65222;
ElbowRight;0.7171532;0.04474624;3.415961;
ElbowLeft;0.4696902;-0.04996996;3.827781;
WristRight;0.6745238;-0.2144381;3.410445;
WristLeft;0.4580694;-0.271041;3.9221;
HandRight;0.7007807;-0.3110474;3.398027;
HandLeft;0.4352675;-0.3420119;3.920362;
Spine;0.6165218;0.01628753;3.626627;
HipCenter;0.5788447;-0.05355504;3.590205;
HipRight;0.6177081;-0.09377012;3.548844;
HipLeft;0.5414709;-0.1270922;3.624396;
KneeRight;0.5423604;-0.6461563;3.523625;
KneeLeft;0.7315338;-0.7105454;3.747326;
AnkleRight;0.5141934;-1.049528;3.53446;
AnkleLeft;0.9914013;-0.959171;3.785529;
FootRight;0.4324751;-1.099824;3.527765;
FootLeft;0.9380604;-1.051382;3.851805;
Head;0.4353111;0.581301;3.598142;
ShoulderCenter;0.5434064;0.3972376;3.580909;
ShoulderRight;0.6264267;0.2812395;3.480271;
ShoulderLeft;0.4555273;0.2042151;3.644965;
ElbowRight;0.6698992;0.03603303;3.411387;
ElbowLeft;0.4661465;-0.05435605;3.828668;
WristRight;0.6123073;-0.2156494;3.375589;
WristLeft;0.4395025;-0.2848222;3.900049;
HandRight;0.5984758;-0.3157121;3.371239;
HandLeft;0.4096172;-0.353312;3.899112;
Spine;0.5807391;0.01567117;3.61986;
HipCenter;0.5480935;-0.05996771;3.58975;
HipRight;0.5799193;-0.1117332;3.550208;
HipLeft;0.5115021;-0.1281424;3.626722;
KneeRight;0.5311394;-0.6486558;3.525699;
KneeLeft;0.7126691;-0.7149522;3.75021;
AnkleRight;0.5138365;-1.04326;3.534185;
AnkleLeft;0.9295934;-0.9646593;3.763435;
FootRight;0.4337451;-1.097078;3.525841;
FootLeft;0.8760337;-1.057249;3.829982;
Head;0.4026403;0.5889149;3.581779;
ShoulderCenter;0.5126878;0.4110608;3.57768;
ShoulderRight;0.5798084;0.2857918;3.479622;
ShoulderLeft;0.4220751;0.2315355;3.633992;
ElbowRight;0.6243244;0.04996902;3.396544;
ElbowLeft;0.4430882;-0.02621868;3.814992;
WristRight;0.5514554;-0.2286313;3.367286;
WristLeft;0.4209649;-0.2590999;3.876746;
HandRight;0.5321175;-0.3164246;3.366668;
HandLeft;0.4129272;-0.3315156;3.891338;
Spine;0.5394586;0.01387397;3.627449;
HipCenter;0.5084671;-0.06666929;3.605314;
HipRight;0.5369016;-0.1162549;3.580105;
HipLeft;0.4814338;-0.1215269;3.634207;
KneeRight;0.5180999;-0.6472561;3.518445;
KneeLeft;0.6915269;-0.7329329;3.747977;
AnkleRight;0.5139239;-1.041646;3.534094;
AnkleLeft;0.8496403;-1.018445;3.776386;
FootRight;0.4341339;-1.09559;3.524804;
FootLeft;0.7903753;-1.108045;3.843063;
Head;0.3832514;0.592038;3.572111;
ShoulderCenter;0.4873891;0.4145833;3.57092;
ShoulderRight;0.5568269;0.2883056;3.471159;
ShoulderLeft;0.3876929;0.2184127;3.647082;
ElbowRight;0.5762113;0.04699881;3.381663;
ElbowLeft;0.4017493;-0.03704855;3.828609;
WristRight;0.499097;-0.2345959;3.368743;
WristLeft;0.3755591;-0.2697355;3.885103;
HandRight;0.4716614;-0.3219712;3.367394;
HandLeft;0.3695216;-0.3397836;3.907575;
Spine;0.5281188;0.0172946;3.592936;
HipCenter;0.4994197;-0.06094505;3.561878;
HipRight;0.5457918;-0.1075205;3.504469;
HipLeft;0.4634785;-0.1296506;3.614834;
KneeRight;0.5116418;-0.6506007;3.514638;
KneeLeft;0.671591;-0.7346659;3.744134;
AnkleRight;0.5139933;-1.042786;3.534311;
AnkleLeft;0.7516619;-1.049079;3.777119;
FootRight;0.4350533;-1.096038;3.525421;
FootLeft;0.724983;-1.102459;3.848709;
Head;0.3406274;0.6050358;3.562576;
ShoulderCenter;0.4381094;0.4223014;3.555325;
ShoulderRight;0.5265355;0.2928753;3.456291;
ShoulderLeft;0.3744445;0.218519;3.650068;
ElbowRight;0.5205718;0.03602047;3.372591;
ElbowLeft;0.390645;-0.03581637;3.830402;
WristRight;0.4360891;-0.2203279;3.353895;
WristLeft;0.3668571;-0.2676851;3.886481;
HandRight;0.4057725;-0.3091369;3.334914;
HandLeft;0.3592454;-0.3370944;3.909151;
Spine;0.4967618;0.03072125;3.598628;
HipCenter;0.4669498;-0.04994989;3.578391;
HipRight;0.5074347;-0.1100472;3.526284;
HipLeft;0.4288208;-0.1154852;3.635255;
KneeRight;0.502845;-0.6560951;3.514491;
KneeLeft;0.3449674;-0.5928285;3.702159;
AnkleRight;0.5140338;-1.043489;3.533616;
AnkleLeft;0.6207176;-0.9341118;3.754825;
FootRight;0.4345461;-1.096267;3.524881;
FootLeft;0.5459387;-0.9851149;3.693475;
Head;0.314374;0.601836;3.582157;
ShoulderCenter;0.4229845;0.4235634;3.567533;
ShoulderRight;0.4905408;0.3027258;3.440264;
ShoulderLeft;0.3293346;0.2528473;3.631958;
ElbowRight;0.4895384;0.04887611;3.370599;
ElbowLeft;0.345616;-0.002296299;3.813257;
WristRight;0.3919785;-0.1752277;3.358867;
WristLeft;0.3216394;-0.2352343;3.868848;
HandRight;0.3534162;-0.2673212;3.360205;
HandLeft;0.3138032;-0.30497;3.891701;
Spine;0.4693342;0.02482405;3.599422;
HipCenter;0.4396245;-0.05582124;3.576073;
HipRight;0.4834244;-0.102327;3.526886;
HipLeft;0.3971675;-0.1241298;3.622713;
KneeRight;0.4952353;-0.6581796;3.510943;
KneeLeft;0.3213528;-0.6027856;3.70376;
AnkleRight;0.510573;-1.037097;3.528317;
AnkleLeft;0.5944353;-0.9580153;3.67367;
FootRight;0.4333703;-1.096024;3.524222;
FootLeft;0.4950815;-1.031418;3.650126;
Head;0.2787567;0.6079854;3.580439;
ShoulderCenter;0.3834054;0.4281571;3.574562;
ShoulderRight;0.4654954;0.3112012;3.438058;
ShoulderLeft;0.3047219;0.2559118;3.632241;
ElbowRight;0.4476361;0.07141252;3.36267;
ElbowLeft;0.3210405;0.0001866221;3.81404;
WristRight;0.295676;-0.2060331;3.352104;
WristLeft;0.2968968;-0.2333616;3.8695;
HandRight;0.2556355;-0.281993;3.326892;
HandLeft;0.2891077;-0.3026781;3.892216;
Spine;0.4194866;0.0165886;3.602921;
HipCenter;0.3886714;-0.06564052;3.579812;
HipRight;0.4307391;-0.1057652;3.537143;
HipLeft;0.3494733;-0.1320553;3.620354;
KneeRight;0.4556068;-0.6675025;3.524653;
KneeLeft;0.2823051;-0.6411276;3.707514;
AnkleRight;0.5122827;-1.032017;3.531112;
AnkleLeft;0.4417327;-1.025078;3.649632;
FootRight;0.4385134;-1.092632;3.520356;
FootLeft;0.3283745;-1.074742;3.626828;
Head;0.2426762;0.6110613;3.581675;
ShoulderCenter;0.3464187;0.4291143;3.569619;
ShoulderRight;0.4172038;0.3090014;3.437462;
ShoulderLeft;0.2761121;0.2354328;3.626777;
ElbowRight;0.4119488;0.07032533;3.352825;
ElbowLeft;0.2924486;-0.02057418;3.808826;
WristRight;0.2267365;-0.197504;3.317564;
WristLeft;0.2682237;-0.2544179;3.864225;
HandRight;0.1913229;-0.2682544;3.296139;
HandLeft;0.2604794;-0.3233348;3.886811;
Spine;0.3941135;0.01616359;3.606829;
HipCenter;0.3624457;-0.06792076;3.58714;
HipRight;0.3976372;-0.1071085;3.550926;
HipLeft;0.3282329;-0.1310947;3.624956;
KneeRight;0.449515;-0.6655446;3.518661;
KneeLeft;0.2610934;-0.6736637;3.699688;
AnkleRight;0.5110933;-1.032646;3.535643;
AnkleLeft;0.3449489;-1.033738;3.67771;
FootRight;0.4439048;-1.093122;3.517621;
FootLeft;0.3147924;-1.112754;3.641055;
Head;0.2331935;0.5539675;3.590189;
ShoulderCenter;0.3138597;0.3626303;3.58021;
ShoulderRight;0.383908;0.3095583;3.438793;
ShoulderLeft;0.2440801;0.1650066;3.637136;
ElbowRight;0.3305283;0.04576287;3.355836;
ElbowLeft;0.2603433;-0.08985245;3.818239;
WristRight;0.1826527;-0.1706758;3.300012;
WristLeft;0.236448;-0.3224922;3.873918;
HandRight;0.1416339;-0.2558076;3.27241;
HandLeft;0.2287218;-0.391248;3.896451;
Spine;0.3774953;-0.001876073;3.58933;
HipCenter;0.3484187;-0.07855185;3.566467;
HipRight;0.3825656;-0.1159208;3.532604;
HipLeft;0.3181044;-0.151626;3.586616;
KneeRight;0.4370142;-0.6621562;3.506024;
KneeLeft;0.2086682;-0.6777215;3.699048;
AnkleRight;0.5117474;-1.033061;3.540835;
AnkleLeft;0.2790207;-1.044466;3.679456;
FootRight;0.4396874;-1.089463;3.525081;
FootLeft;0.1939381;-1.100168;3.676535;
Head;0.2084821;0.5551531;3.592348;
ShoulderCenter;0.2940471;0.3665891;3.575653;
ShoulderRight;0.3598021;0.3152204;3.443784;
ShoulderLeft;0.2242675;0.1689654;3.632578;
ElbowRight;0.2997366;0.05346595;3.361591;
ElbowLeft;0.2405955;-0.08690803;3.814516;
WristRight;0.1228985;-0.1827252;3.270778;
WristLeft;0.2164091;-0.3206117;3.869947;
HandRight;0.0851377;-0.2623878;3.264859;
HandLeft;0.2087196;-0.3890409;3.892373;
Spine;0.3381314;-0.006009468;3.598441;
HipCenter;0.3057226;-0.08147592;3.577958;
HipRight;0.3353026;-0.1178964;3.559799;
HipLeft;0.2801343;-0.145703;3.594551;
KneeRight;0.4249212;-0.6610842;3.50333;
KneeLeft;0.1604181;-0.6566539;3.687732;
AnkleRight;0.5112471;-1.033964;3.538307;
AnkleLeft;0.1647299;-1.031053;3.660975;
FootRight;0.4389718;-1.089195;3.523991;
FootLeft;0.09164828;-1.085658;3.66102;
Head;0.16392;0.5557743;3.589601;
ShoulderCenter;0.247239;0.3689566;3.578377;
ShoulderRight;0.3115385;0.302658;3.440162;
ShoulderLeft;0.1774594;0.1713329;3.635303;
ElbowRight;0.2764552;0.06537016;3.359038;
ElbowLeft;0.1938175;-0.08501226;3.817622;
WristRight;0.09150973;-0.1722272;3.275666;
WristLeft;0.1694946;-0.319211;3.872932;
HandRight;0.04142813;-0.2380225;3.234275;
HandLeft;0.1618264;-0.3874508;3.895296;
Spine;0.3101088;-0.006765761;3.592798;
HipCenter;0.2806948;-0.08347452;3.570633;
HipRight;0.311805;-0.1204248;3.547443;
HipLeft;0.2543528;-0.1452628;3.589325;
KneeRight;0.4068553;-0.6590437;3.504728;
KneeLeft;0.1428296;-0.6697067;3.683373;
AnkleRight;0.509821;-1.038102;3.538813;
AnkleLeft;0.05500449;-1.030999;3.663964;
FootRight;0.4367453;-1.091172;3.523539;
FootLeft;-0.06213243;-1.06424;3.687008;
Head;0.09389181;0.5877177;3.585299;
ShoulderCenter;0.2059737;0.4173169;3.578959;
ShoulderRight;0.2707964;0.2937621;3.447756;
ShoulderLeft;0.1361941;0.2196932;3.635885;
ElbowRight;0.1944201;0.01969031;3.338792;
ElbowLeft;0.152488;-0.03564611;3.817303;
WristRight;0.02850691;-0.1860789;3.258322;
WristLeft;0.1284553;-0.2687894;3.872825;
HandRight;-0.0206572;-0.2696201;3.26806;
HandLeft;0.1208096;-0.3368294;3.895123;
Spine;0.2725591;-0.01240126;3.592162;
HipCenter;0.2418591;-0.09929794;3.56861;
HipRight;0.2742275;-0.1273988;3.546499;
HipLeft;0.21915;-0.1514953;3.587077;
KneeRight;0.3941546;-0.6590097;3.506846;
KneeLeft;0.08814642;-0.6997862;3.678674;
AnkleRight;0.5091683;-1.039163;3.53875;
AnkleLeft;-0.05318899;-1.044972;3.660422;
FootRight;0.4355782;-1.0926;3.526372;
FootLeft;-0.1752493;-1.06318;3.674201;
Head;0.08197562;0.5918744;3.586416;
ShoulderCenter;0.1888798;0.4168733;3.575921;
ShoulderRight;0.2540374;0.289706;3.449843;
ShoulderLeft;0.1191003;0.2192496;3.632847;
ElbowRight;0.1732202;0.03188333;3.343521;
ElbowLeft;0.135346;-0.03533468;3.813579;
WristRight;-0.006703808;-0.192476;3.26624;
WristLeft;0.1115289;-0.2676863;3.869249;
HandRight;-0.04412482;-0.2702486;3.263989;
HandLeft;0.1039225;-0.3353763;3.891432;
Spine;0.2340963;-0.0114952;3.59167;
HipCenter;0.2039976;-0.09701441;3.568743;
HipRight;0.229658;-0.1222644;3.55709;
HipLeft;0.1728559;-0.142779;3.577419;
KneeRight;0.3763512;-0.6587237;3.514047;
KneeLeft;0.05358495;-0.6997205;3.67968;
AnkleRight;0.5085344;-1.040601;3.539072;
AnkleLeft;-0.09603436;-1.037442;3.665026;
FootRight;0.4341072;-1.092909;3.525067;
FootLeft;-0.2169267;-1.043686;3.636447;
Head;0.03058566;0.5860124;3.582019;
ShoulderCenter;0.1319683;0.4077875;3.574421;
ShoulderRight;0.2040259;0.2879447;3.450907;
ShoulderLeft;0.06218874;0.2101637;3.631347;
ElbowRight;0.1459173;0.04091449;3.34283;
ElbowLeft;0.07848988;-0.04528841;3.812753;
WristRight;-0.05108918;-0.1939306;3.269532;
WristLeft;0.05442477;-0.2785501;3.868193;
HandRight;-0.08306229;-0.2628633;3.261661;
HandLeft;0.04685938;-0.3458752;3.890257;
Spine;0.2048245;-0.01139493;3.589923;
HipCenter;0.1793833;-0.0977838;3.565086;
HipRight;0.2155995;-0.1225025;3.553675;
HipLeft;0.150972;-0.1469086;3.574211;
KneeRight;0.3486727;-0.6646091;3.51341;
KneeLeft;0.02387311;-0.700147;3.672513;
AnkleRight;0.4983449;-1.038811;3.531532;
AnkleLeft;-0.1026555;-1.030445;3.652401;
FootRight;0.4265296;-1.096203;3.52329;
FootLeft;-0.2254752;-1.050775;3.642602;
Head;-0.007701553;0.5754631;3.577856;
ShoulderCenter;0.111404;0.407085;3.565589;
ShoulderRight;0.1724432;0.2784053;3.453851;
ShoulderLeft;0.04162437;0.2094613;3.622514;
ElbowRight;0.1177769;0.0403325;3.340388;
ElbowLeft;0.0579716;-0.04671343;3.804457;
WristRight;-0.06420296;-0.1942535;3.270003;
WristLeft;0.03369812;-0.2807333;3.859689;
HandRight;-0.1267677;-0.2652064;3.252753;
HandLeft;0.02615167;-0.34789;3.881698;
Spine;0.1574051;-0.03577673;3.58779;
HipCenter;0.1288279;-0.1247332;3.565628;
HipRight;0.1599483;-0.1471519;3.56153;
HipLeft;0.1012111;-0.169902;3.568435;
KneeRight;0.2730501;-0.6620072;3.536682;
KneeLeft;-0.0157337;-0.6879272;3.670641;
AnkleRight;0.4933655;-1.036001;3.534246;
AnkleLeft;-0.1337778;-1.032366;3.637402;
FootRight;0.423574;-1.094468;3.518961;
FootLeft;-0.2390725;-1.070832;3.692485;
Head;-0.04472604;0.5922109;3.588501;
ShoulderCenter;0.04910563;0.4077648;3.574519;
ShoulderRight;0.1240864;0.2823546;3.453334;
ShoulderLeft;-0.02067398;0.2101411;3.631445;
ElbowRight;0.09739289;0.03637125;3.350741;
ElbowLeft;-0.004281303;-0.04674563;3.813918;
WristRight;-0.08637268;-0.1962619;3.270359;
WristLeft;-0.02876186;-0.2815133;3.868941;
HandRight;-0.1368828;-0.2712669;3.25518;
HandLeft;-0.03628006;-0.3484184;3.890867;
Spine;0.117991;-0.02646354;3.585063;
HipCenter;0.09242706;-0.1148396;3.558997;
HipRight;0.1238411;-0.1437439;3.534201;
HipLeft;0.06398669;-0.1683236;3.576921;
KneeRight;0.2370775;-0.6591431;3.534992;
KneeLeft;-0.05668616;-0.6759378;3.67194;
AnkleRight;0.4878877;-1.028484;3.533649;
AnkleLeft;-0.1379637;-1.025486;3.634719;
FootRight;0.4128224;-1.09164;3.522841;
FootLeft;-0.2199132;-1.08321;3.640169;
Head;-0.07847631;0.5084635;3.611161;
ShoulderCenter;0.01467895;0.3231306;3.579627;
ShoulderRight;0.08872109;0.2769907;3.451817;
ShoulderLeft;-0.05510066;0.1255069;3.636553;
ElbowRight;0.04544481;0.02037176;3.35158;
ElbowLeft;-0.03876732;-0.1304499;3.818256;
WristRight;-0.1065795;-0.2013046;3.281751;
WristLeft;-0.06297778;-0.364241;3.873513;
HandRight;-0.1568276;-0.2811501;3.266598;
HandLeft;-0.07047656;-0.4309735;3.895383;
Spine;0.0746703;-0.06311577;3.602342;
HipCenter;0.04753477;-0.1420569;3.578609;
HipRight;0.08038416;-0.1784197;3.56338;
HipLeft;0.02157948;-0.2033038;3.590552;
KneeRight;0.2182632;-0.6680611;3.520216;
KneeLeft;-0.09236883;-0.6701756;3.670562;
AnkleRight;0.4677634;-1.023696;3.535105;
AnkleLeft;-0.1417663;-1.014693;3.630128;
FootRight;0.4038683;-1.091734;3.523837;
FootLeft;-0.2250652;-1.0856;3.646015;
Head;-0.1104445;0.5405853;3.612371;
ShoulderCenter;-0.02318856;0.3560199;3.596483;
ShoulderRight;0.04306654;0.2828221;3.461343;
ShoulderLeft;-0.09296817;0.1583962;3.653409;
ElbowRight;0.03485342;0.02485073;3.362091;
ElbowLeft;-0.07668555;-0.09676579;3.834451;
WristRight;-0.1212672;-0.2020009;3.287721;
WristLeft;-0.1006675;-0.3297231;3.889898;
HandRight;-0.1636248;-0.2851166;3.268397;
HandLeft;-0.1081441;-0.396258;3.911703;
Spine;0.04155236;-0.05480469;3.58016;
HipCenter;0.009769389;-0.1350935;3.549959;
HipRight;0.04473936;-0.1581414;3.524621;
HipLeft;-0.02104717;-0.19987;3.562981;
KneeRight;0.1582798;-0.6892779;3.497828;
KneeLeft;-0.1281927;-0.6724987;3.669406;
AnkleRight;0.4344326;-1.00192;3.536294;
AnkleLeft;-0.1421348;-1.014401;3.631243;
FootRight;0.3578871;-1.092652;3.53832;
FootLeft;-0.2174511;-1.083872;3.647094;
Head;-0.1711806;0.5913599;3.617458;
ShoulderCenter;-0.06295753;0.4171398;3.596556;
ShoulderRight;0.01181101;0.2865335;3.463981;
ShoulderLeft;-0.1327371;0.2195161;3.653482;
ElbowRight;-0.003960669;0.03377936;3.366313;
ElbowLeft;-0.1164999;-0.034935;3.833876;
WristRight;-0.1420026;-0.2141173;3.300323;
WristLeft;-0.1402792;-0.2671471;3.889462;
HandRight;-0.1706884;-0.2918361;3.271083;
HandLeft;-0.1477247;-0.3334057;3.911176;
Spine;0.01975978;-0.03428563;3.568314;
HipCenter;-0.00298248;-0.1246815;3.53815;
HipRight;0.03073256;-0.1441107;3.509418;
HipLeft;-0.0313149;-0.1866281;3.553619;
KneeRight;0.07438517;-0.6816739;3.488896;
KneeLeft;-0.1432791;-0.6760195;3.64826;
AnkleRight;0.3744477;-0.99446;3.523648;
AnkleLeft;-0.1438885;-1.016006;3.63192;
FootRight;0.3537258;-1.084562;3.533337;
FootLeft;-0.2032916;-1.085807;3.628915;
Head;-0.1770145;0.5313975;3.613464;
ShoulderCenter;-0.09006615;0.3472561;3.592645;
ShoulderRight;-0.02675213;0.2883977;3.467617;
ShoulderLeft;-0.1598457;0.1496324;3.649571;
ElbowRight;-0.02088469;0.02426892;3.375834;
ElbowLeft;-0.1436595;-0.1040199;3.8293;
WristRight;-0.1434839;-0.2139081;3.300728;
WristLeft;-0.1672132;-0.3353957;3.885065;
HandRight;-0.1800948;-0.301158;3.300912;
HandLeft;-0.174639;-0.4014786;3.906722;
Spine;0.002712959;-0.03815208;3.556746;
HipCenter;-0.02300737;-0.1199637;3.522169;
HipRight;0.0123783;-0.1398306;3.488871;
HipLeft;-0.04743757;-0.1891349;3.539362;
KneeRight;0.04003963;-0.6367251;3.486009;
KneeLeft;-0.1748007;-0.677885;3.628605;
AnkleRight;0.316385;-0.9808842;3.530127;
AnkleLeft;-0.1458499;-1.01775;3.628851;
FootRight;0.29106;-1.068572;3.527039;
FootLeft;-0.2075608;-1.08358;3.642931;
Head;-0.2291101;0.5919148;3.622635;
ShoulderCenter;-0.1362131;0.4103607;3.600888;
ShoulderRight;-0.04048784;0.290241;3.466069;
ShoulderLeft;-0.2059927;0.212737;3.657814;
ElbowRight;-0.05865806;0.003526704;3.375609;
ElbowLeft;-0.1898577;-0.0401119;3.836817;
WristRight;-0.1518784;-0.2128444;3.304579;
WristLeft;-0.2131865;-0.2706471;3.892728;
HandRight;-0.1814265;-0.3024013;3.300716;
HandLeft;-0.2205939;-0.3365657;3.914331;
Spine;-0.02526835;-0.03159359;3.563012;
HipCenter;-0.04064613;-0.1191238;3.525301;
HipRight;0.001262338;-0.1354617;3.499598;
HipLeft;-0.07663399;-0.1848376;3.535029;
KneeRight;-0.1035632;-0.6314721;3.481449;
KneeLeft;-0.2025229;-0.660201;3.586028;
AnkleRight;0.2104898;-0.9428024;3.526333;
AnkleLeft;-0.1456116;-1.017802;3.629686;
FootRight;0.2134951;-1.059612;3.534591;
FootLeft;-0.2092046;-1.08213;3.648111;
Head;-0.2534815;0.5902394;3.612284;
ShoulderCenter;-0.1496679;0.4180683;3.600456;
ShoulderRight;-0.0902632;0.3006544;3.459442;
ShoulderLeft;-0.2194475;0.2204446;3.657383;
ElbowRight;-0.06712934;0.03162964;3.382401;
ElbowLeft;-0.2033682;-0.03153095;3.835652;
WristRight;-0.1533129;-0.1971725;3.309471;
WristLeft;-0.2264551;-0.2611533;3.891744;
HandRight;-0.1805841;-0.2722738;3.304578;
HandLeft;-0.2338322;-0.3268026;3.913258;
Spine;-0.1271868;-0.03117316;3.582521;
HipCenter;-0.1634236;-0.1182512;3.556245;
HipRight;-0.1221243;-0.1400377;3.527579;
HipLeft;-0.2051741;-0.1765629;3.576266;
KneeRight;-0.1224522;-0.6560893;3.478327;
KneeLeft;-0.2165559;-0.6664881;3.520784;
AnkleRight;0.1610162;-0.9875704;3.524473;
AnkleLeft;-0.1452413;-1.018673;3.630868;
FootRight;0.1272377;-1.071053;3.535837;
FootLeft;-0.2034468;-1.082127;3.602574;
Head;-0.2854373;0.5971593;3.601718;
ShoulderCenter;-0.181276;0.4245161;3.587666;
ShoulderRight;-0.1085477;0.2967187;3.462137;
ShoulderLeft;-0.2510556;0.2268924;3.644592;
ElbowRight;-0.08167796;0.03459417;3.383634;
ElbowLeft;-0.2350221;-0.02436534;3.822239;
WristRight;-0.1831778;-0.2185285;3.335882;
WristLeft;-0.257912;-0.2532382;3.878463;
HandRight;-0.1845721;-0.2866363;3.308912;
HandLeft;-0.2652524;-0.3185623;3.899871;
Spine;-0.1560187;-0.03187476;3.584439;
HipCenter;-0.1929007;-0.1200275;3.556932;
HipRight;-0.1548714;-0.1433889;3.523415;
HipLeft;-0.2355181;-0.1809296;3.583305;
KneeRight;-0.2023788;-0.6292576;3.477394;
KneeLeft;-0.1422325;-0.6306577;3.664979;
AnkleRight;0.06495129;-0.9764761;3.510048;
AnkleLeft;-0.134347;-1.024279;3.629859;
FootRight;0.03117278;-1.059959;3.521412;
FootLeft;-0.2008674;-1.082983;3.61333;
Head;-0.3163582;0.5963828;3.598423;
ShoulderCenter;-0.2030318;0.4300301;3.587335;
ShoulderRight;-0.1356902;0.3049481;3.462348;
ShoulderLeft;-0.2728114;0.2324063;3.644261;
ElbowRight;-0.1072134;0.03491443;3.379356;
ElbowLeft;-0.256832;-0.01800355;3.821239;
WristRight;-0.1815095;-0.1970984;3.337267;
WristLeft;-0.2794911;-0.2459919;3.877649;
HandRight;-0.1864382;-0.2857949;3.30854;
HandLeft;-0.2868183;-0.3111968;3.899018;
Spine;-0.1897471;0.03818911;3.58349;
HipCenter;-0.2259835;-0.03591569;3.55733;
HipRight;-0.2037455;-0.08700586;3.491716;
HipLeft;-0.2516563;-0.1163851;3.610424;
KneeRight;-0.2665258;-0.633101;3.480886;
KneeLeft;-0.1719479;-0.6006838;3.6638;
AnkleRight;-0.03372461;-0.9805896;3.531528;
AnkleLeft;-0.1386485;-1.018132;3.584222;
FootRight;-0.07878545;-1.05738;3.519117;
FootLeft;-0.1956827;-1.078952;3.617827;
Head;-0.354623;0.6061253;3.596599;
ShoulderCenter;-0.2601367;0.4284453;3.586824;
ShoulderRight;-0.1643255;0.305498;3.466193;
ShoulderLeft;-0.3299162;0.2308215;3.64375;
ElbowRight;-0.1394329;0.01070269;3.380275;
ElbowLeft;-0.3139851;-0.01883191;3.820151;
WristRight;-0.207635;-0.2167591;3.337044;
WristLeft;-0.4062056;-0.2393434;3.81409;
HandRight;-0.2259358;-0.3044291;3.310403;
HandLeft;-0.4471928;-0.2735569;3.857898;
Spine;-0.2353525;0.0149724;3.587317;
HipCenter;-0.2684418;-0.06435812;3.55749;
HipRight;-0.2267931;-0.09723973;3.505286;
HipLeft;-0.3045183;-0.1350786;3.595761;
KneeRight;-0.3465061;-0.6330606;3.474594;
KneeLeft;-0.2092753;-0.6327689;3.654468;
AnkleRight;-0.1172963;-0.996534;3.538287;
AnkleLeft;-0.0468757;-0.9221663;3.625541;
FootRight;-0.2039386;-1.077446;3.541988;
FootLeft;-0.1571045;-0.8792904;3.653883;
Head;-0.3569754;0.5650461;3.601749;
ShoulderCenter;-0.286164;0.3754989;3.574122;
ShoulderRight;-0.191179;0.3069042;3.459577;
ShoulderLeft;-0.3559436;0.1778752;3.631048;
ElbowRight;-0.153007;0.04461855;3.377056;
ElbowLeft;-0.3400686;-0.07089815;3.806717;
WristRight;-0.210516;-0.2142241;3.32888;
WristLeft;-0.4914978;-0.2532161;3.81714;
HandRight;-0.2244205;-0.2835323;3.31311;
HandLeft;-0.5260352;-0.3068707;3.842889;
Spine;-0.2440415;0.01038255;3.550744;
HipCenter;-0.2751216;-0.05861977;3.511543;
HipRight;-0.2385461;-0.09103157;3.479138;
HipLeft;-0.3059382;-0.1328375;3.529754;
KneeRight;-0.3803481;-0.6404167;3.481132;
KneeLeft;-0.2174259;-0.6483043;3.661035;
AnkleRight;-0.2165595;-1.03065;3.531796;
AnkleLeft;-0.1252712;-1.021668;3.606444;
FootRight;-0.321293;-1.086341;3.5045;
FootLeft;-0.1856551;-1.084686;3.637909;
Head;-0.4149773;0.6109496;3.594103;
ShoulderCenter;-0.3183308;0.4340075;3.577356;
ShoulderRight;-0.2240001;0.304639;3.457002;
ShoulderLeft;-0.3881103;0.2363838;3.634282;
ElbowRight;-0.1652519;0.04314259;3.376218;
ElbowLeft;-0.3721846;-0.01318581;3.810552;
WristRight;-0.2151154;-0.2079636;3.328247;
WristLeft;-0.5216783;-0.2105973;3.844272;
HandRight;-0.2249091;-0.3005951;3.33291;
HandLeft;-0.5472441;-0.2743546;3.850049;
Spine;-0.2642815;0.008480046;3.548372;
HipCenter;-0.2950914;-0.06967171;3.511014;
HipRight;-0.2630809;-0.1029229;3.467126;
HipLeft;-0.3278342;-0.1447399;3.537863;
KneeRight;-0.4203913;-0.6435121;3.498525;
KneeLeft;-0.2370253;-0.6552076;3.668893;
AnkleRight;-0.2366917;-1.035618;3.544922;
AnkleLeft;-0.1315182;-1.033296;3.625669;
FootRight;-0.3538672;-1.065944;3.53146;
FootLeft;-0.1919021;-1.096313;3.657133;
Head;-0.4453449;0.6033815;3.593919;
ShoulderCenter;-0.3368193;0.4332325;3.578155;
ShoulderRight;-0.2527479;0.3045427;3.455483;
ShoulderLeft;-0.4065989;0.2356087;3.635081;
ElbowRight;-0.1822856;0.03100269;3.375817;
ElbowLeft;-0.3907056;-0.01345201;3.810902;
WristRight;-0.2285095;-0.2001256;3.323972;
WristLeft;-0.5720426;-0.2002369;3.865334;
HandRight;-0.248442;-0.2749071;3.318274;
HandLeft;-0.598857;-0.2635488;3.864025;
Spine;-0.3201815;-0.01639149;3.562154;
HipCenter;-0.3535499;-0.1013272;3.53087;
HipRight;-0.3195396;-0.1248995;3.508143;
HipLeft;-0.3882978;-0.1591638;3.54407;
KneeRight;-0.4955601;-0.6303274;3.481698;
KneeLeft;-0.2544021;-0.6538444;3.670477;
AnkleRight;-0.4631391;-1.043683;3.480627;
AnkleLeft;-0.1329312;-1.033456;3.626729;
FootRight;-0.573617;-1.093871;3.494671;
FootLeft;-0.2383751;-1.092192;3.64546;
Head;-0.47324;0.6084245;3.585368;
ShoulderCenter;-0.3802233;0.4333054;3.589601;
ShoulderRight;-0.2958353;0.2925327;3.452519;
ShoulderLeft;-0.4500029;0.2356817;3.646527;
ElbowRight;-0.225126;0.02042788;3.374357;
ElbowLeft;-0.4341444;-0.01283285;3.821858;
WristRight;-0.2623399;-0.2123927;3.326521;
WristLeft;-0.6246327;-0.2011875;3.858869;
HandRight;-0.2668234;-0.2847271;3.325318;
HandLeft;-0.6619729;-0.25296;3.827132;
Spine;-0.3268947;-0.02049822;3.551772;
HipCenter;-0.3597721;-0.1086823;3.51614;
HipRight;-0.3267138;-0.1335258;3.478899;
HipLeft;-0.3926437;-0.1679405;3.534403;
KneeRight;-0.5101447;-0.6339345;3.483976;
KneeLeft;-0.2643221;-0.6510786;3.668302;
AnkleRight;-0.5818682;-1.040348;3.46583;
AnkleLeft;-0.1432052;-1.031365;3.626876;
FootRight;-0.697131;-1.079961;3.478709;
FootLeft;-0.2447017;-1.095383;3.65179;
Head;-0.5031158;0.5921409;3.580482;
ShoulderCenter;-0.4046946;0.4193665;3.58447;
ShoulderRight;-0.3208519;0.2896696;3.45417;
ShoulderLeft;-0.4744741;0.2217428;3.641396;
ElbowRight;-0.2489203;0.02393699;3.376539;
ElbowLeft;-0.4585596;-0.02765153;3.817424;
WristRight;-0.2836125;-0.2171342;3.332071;
WristLeft;-0.6576471;-0.1835118;3.850197;
HandRight;-0.2958328;-0.3094717;3.327411;
HandLeft;-0.6814625;-0.2464943;3.82009;
Spine;-0.3604265;-0.03155335;3.54679;
HipCenter;-0.3891088;-0.1170731;3.51205;
HipRight;-0.3530565;-0.1361747;3.484258;
HipLeft;-0.4223613;-0.1773549;3.52522;
KneeRight;-0.5446305;-0.6263222;3.488283;
KneeLeft;-0.2797817;-0.6462851;3.666991;
AnkleRight;-0.6778192;-1.043527;3.47191;
AnkleLeft;-0.1493512;-1.033588;3.624878;
FootRight;-0.7992532;-1.063503;3.47438;
FootLeft;-0.2420244;-1.094927;3.648829;
Head;-0.5540142;0.5921584;3.57757;
ShoulderCenter;-0.4597725;0.4163624;3.580918;
ShoulderRight;-0.3697449;0.279702;3.446761;
ShoulderLeft;-0.5295521;0.2187387;3.637844;
ElbowRight;-0.2741116;0.02364377;3.373366;
ElbowLeft;-0.5135863;-0.03145787;3.814498;
WristRight;-0.3010944;-0.2213792;3.335685;
WristLeft;-0.7120075;-0.1812231;3.820382;
HandRight;-0.3037866;-0.3146144;3.329817;
HandLeft;-0.7453796;-0.2397598;3.798848;
Spine;-0.4084094;-0.02603992;3.544234;
HipCenter;-0.4383755;-0.1107847;3.508825;
HipRight;-0.4050639;-0.1303827;3.485335;
HipLeft;-0.4661839;-0.1706873;3.519584;
KneeRight;-0.5655303;-0.6077138;3.4793;
KneeLeft;-0.2917779;-0.6476877;3.663832;
AnkleRight;-0.7614711;-1.013192;3.48455;
AnkleLeft;-0.1551315;-1.034513;3.627816;
FootRight;-0.8761783;-1.055858;3.470708;
FootLeft;-0.2434308;-1.095265;3.66966;
Head;-0.5824528;0.5809834;3.553893;
ShoulderCenter;-0.4813767;0.4105511;3.56431;
ShoulderRight;-0.3930509;0.2701305;3.446297;
ShoulderLeft;-0.5511563;0.2129274;3.621236;
ElbowRight;-0.3229105;0.008720006;3.369204;
ElbowLeft;-0.5351388;-0.03807864;3.79853;
WristRight;-0.3506006;-0.2287061;3.328161;
WristLeft;-0.74145;-0.1989377;3.821022;
HandRight;-0.3499602;-0.322676;3.326296;
HandLeft;-0.7859745;-0.2468552;3.797618;
Spine;-0.4434502;-0.0293892;3.542231;
HipCenter;-0.4745143;-0.11336;3.50875;
HipRight;-0.4494392;-0.131165;3.479526;
HipLeft;-0.5032498;-0.1776799;3.527025;
KneeRight;-0.6277959;-0.6018854;3.483641;
KneeLeft;-0.3003504;-0.6553733;3.663836;
AnkleRight;-0.799154;-1.018841;3.491503;
AnkleLeft;-0.1656622;-1.034289;3.629993;
FootRight;-0.915472;-1.057226;3.477731;
FootLeft;-0.2480198;-1.094597;3.673475;
Head;-0.6232971;0.5696129;3.537469;
ShoulderCenter;-0.514238;0.4008102;3.53646;
ShoulderRight;-0.4469122;0.2619309;3.438675;
ShoulderLeft;-0.5840175;0.2031865;3.593386;
ElbowRight;-0.3657012;-0.005871046;3.368885;
ElbowLeft;-0.5680485;-0.04706062;3.770046;
WristRight;-0.4097003;-0.2411258;3.34006;
WristLeft;-0.7628189;-0.1936522;3.798689;
HandRight;-0.4138744;-0.3077284;3.321957;
HandLeft;-0.8074995;-0.2486433;3.792474;
Spine;-0.4741827;-0.03418164;3.526752;
HipCenter;-0.5044131;-0.1184304;3.495421;
HipRight;-0.4777038;-0.1343563;3.471192;
HipLeft;-0.5275685;-0.1761766;3.512861;
KneeRight;-0.6423483;-0.5981163;3.485211;
KneeLeft;-0.3128067;-0.6722596;3.659735;
AnkleRight;-0.7995911;-1.02115;3.493511;
AnkleLeft;-0.1699063;-1.033596;3.630603;
FootRight;-0.883817;-1.089561;3.487541;
FootLeft;-0.2362662;-1.094911;3.669226;
Head;-0.6473576;0.5724856;3.533084;
ShoulderCenter;-0.5591195;0.3917213;3.531494;
ShoulderRight;-0.4887108;0.2593851;3.423051;
ShoulderLeft;-0.6288991;0.1940975;3.588421;
ElbowRight;-0.4159982;0.01014077;3.357062;
ElbowLeft;-0.6129757;-0.05543603;3.764488;
WristRight;-0.4299691;-0.2281908;3.329897;
WristLeft;-0.7943329;-0.2028138;3.800058;
HandRight;-0.4341222;-0.2944565;3.311885;
HandLeft;-0.834751;-0.2607319;3.785615;
Spine;-0.5139974;-0.05274747;3.511298;
HipCenter;-0.5443508;-0.1388771;3.4788;
HipRight;-0.5156205;-0.1576116;3.447954;
HipLeft;-0.5726075;-0.1967101;3.499258;
KneeRight;-0.6666532;-0.5956008;3.484148;
KneeLeft;-0.5213748;-0.6696994;3.573411;
AnkleRight;-0.8026679;-1.025072;3.496048;
AnkleLeft;-0.2140271;-0.9922318;3.622651;
FootRight;-0.9074274;-1.086806;3.514338;
FootLeft;-0.2324652;-1.095414;3.665782;
Head;-0.6908846;0.5688266;3.521137;
ShoulderCenter;-0.5918934;0.3936667;3.511689;
ShoulderRight;-0.5129589;0.2575135;3.415454;
ShoulderLeft;-0.6616731;0.196043;3.568615;
ElbowRight;-0.4671562;-0.00346328;3.350166;
ElbowLeft;-0.6457952;-0.05277413;3.744094;
WristRight;-0.4843608;-0.2409022;3.323153;
WristLeft;-0.8300775;-0.2163259;3.799608;
HandRight;-0.4914677;-0.3091143;3.323905;
HandLeft;-0.869221;-0.2714462;3.788053;
Spine;-0.5659208;-0.03899708;3.508169;
HipCenter;-0.596642;-0.1219715;3.477323;
HipRight;-0.5646443;-0.1485632;3.473573;
HipLeft;-0.6286529;-0.1653266;3.474786;
KneeRight;-0.7118473;-0.5901195;3.462037;
KneeLeft;-0.555343;-0.6774047;3.575898;
AnkleRight;-0.8056142;-1.027468;3.496891;
AnkleLeft;-0.2305513;-0.9823208;3.622249;
FootRight;-0.9041058;-1.095223;3.520892;
FootLeft;-0.2325291;-1.095315;3.665167;
Head;-0.7113096;0.5853136;3.518469;
ShoulderCenter;-0.6211663;0.405255;3.509775;
ShoulderRight;-0.5631864;0.2586672;3.397377;
ShoulderLeft;-0.6909458;0.2076313;3.566701;
ElbowRight;-0.5161619;0.01591073;3.339489;
ElbowLeft;-0.5404571;-0.004674703;3.727151;
WristRight;-0.5675294;-0.2247047;3.324016;
WristLeft;-0.7916518;-0.1941126;3.780611;
HandRight;-0.5746229;-0.2927881;3.324766;
HandLeft;-0.8257602;-0.2517793;3.794661;
Spine;-0.6005809;-0.04365537;3.514336;
HipCenter;-0.6392217;-0.1310508;3.49013;
HipRight;-0.6091274;-0.1598179;3.464378;
HipLeft;-0.6738085;-0.1779487;3.512822;
KneeRight;-0.7295357;-0.6085107;3.462513;
KneeLeft;-0.624343;-0.6762888;3.568095;
AnkleRight;-0.8119813;-1.04943;3.499755;
AnkleLeft;-0.2808208;-0.9628575;3.613014;
FootRight;-0.8997135;-1.095197;3.518502;
FootLeft;-0.2751557;-1.077166;3.650418;
Head;-0.7590387;0.5814497;3.495449;
ShoulderCenter;-0.6771017;0.4004231;3.500527;
ShoulderRight;-0.5859385;0.2624885;3.392105;
ShoulderLeft;-0.7468813;0.2027994;3.557453;
ElbowRight;-0.5757003;-0.01210852;3.339438;
ElbowLeft;-0.5936959;-0.008541793;3.71576;
WristRight;-0.6414169;-0.2641695;3.3312;
WristLeft;-0.8291813;-0.222115;3.747777;
HandRight;-0.6485026;-0.3321784;3.33195;
HandLeft;-0.8588235;-0.2779061;3.773847;
Spine;-0.652213;-0.02879648;3.516177;
HipCenter;-0.6822879;-0.1130556;3.488232;
HipRight;-0.6532404;-0.1349518;3.477726;
HipLeft;-0.712943;-0.1656306;3.495657;
KneeRight;-0.7695199;-0.6397886;3.472954;
KneeLeft;-0.6849809;-0.670048;3.551739;
AnkleRight;-0.8112898;-1.048741;3.504432;
AnkleLeft;-0.3263904;-0.939059;3.598996;
FootRight;-0.8930984;-1.09661;3.515717;
FootLeft;-0.3021441;-1.053237;3.636436;
Head;-0.7900385;0.5797195;3.495311;
ShoulderCenter;-0.6934768;0.4059237;3.501087;
ShoulderRight;-0.6250794;0.2665784;3.388547;
ShoulderLeft;-0.7632564;0.2083;3.558013;
ElbowRight;-0.6052546;0.009408095;3.32273;
ElbowLeft;-0.5307046;0.004489154;3.617289;
WristRight;-0.6993152;-0.2108469;3.319973;
WristLeft;-0.834356;-0.08452378;3.544912;
HandRight;-0.7064009;-0.2788559;3.320723;
HandLeft;-0.8654781;-0.1412682;3.566529;
Spine;-0.6647149;-0.03234678;3.506302;
HipCenter;-0.699313;-0.1180072;3.478915;
HipRight;-0.6679242;-0.1414892;3.461607;
HipLeft;-0.7332689;-0.1697208;3.49008;
KneeRight;-0.7720461;-0.6395761;3.474563;
KneeLeft;-0.6979287;-0.6414696;3.555873;
AnkleRight;-0.8112314;-1.048282;3.503986;
AnkleLeft;-0.3635449;-0.9384624;3.615214;
FootRight;-0.8906874;-1.097788;3.516349;
FootLeft;-0.3541814;-1.054148;3.654057;
Head;-0.8280857;0.5871879;3.502638;
ShoulderCenter;-0.726074;0.415428;3.506058;
ShoulderRight;-0.6770194;0.2704763;3.386741;
ShoulderLeft;-0.7958536;0.2178043;3.562984;
ElbowRight;-0.6420969;-0.008022703;3.322953;
ElbowLeft;-0.5575733;0.01759566;3.617091;
WristRight;-0.7324567;-0.2282381;3.314743;
WristLeft;-0.8593217;-0.0804612;3.546326;
HandRight;-0.7377582;-0.2918987;3.315361;
HandLeft;-0.8903921;-0.1371114;3.567907;
Spine;-0.6962201;-0.02635138;3.488907;
HipCenter;-0.7329322;-0.1111013;3.461255;
HipRight;-0.7083699;-0.1298824;3.433124;
HipLeft;-0.7591469;-0.1632158;3.479447;
KneeRight;-0.7838522;-0.6441709;3.472519;
KneeLeft;-0.7177939;-0.6436384;3.533819;
AnkleRight;-0.8112351;-1.048312;3.504452;
AnkleLeft;-0.3929659;-0.9412897;3.624395;
FootRight;-0.8899313;-1.098184;3.515151;
FootLeft;-0.4220908;-1.027335;3.655184;
Head;-0.8749831;0.595864;3.493591;
ShoulderCenter;-0.779135;0.4208192;3.499187;
ShoulderRight;-0.7052354;0.2749712;3.383206;
ShoulderLeft;-0.8489146;0.2231955;3.556113;
ElbowRight;-0.7022558;0.01715876;3.321673;
ElbowLeft;-0.6121655;0.02161233;3.612472;
WristRight;-0.7863043;-0.2641887;3.291512;
WristLeft;-0.914982;-0.07387146;3.541197;
HandRight;-0.7982371;-0.3295932;3.27623;
HandLeft;-0.946097;-0.1306031;3.562809;
Spine;-0.7281602;-0.02179586;3.480925;
HipCenter;-0.7573841;-0.1080825;3.449627;
HipRight;-0.7200003;-0.1285879;3.42837;
HipLeft;-0.7952653;-0.157532;3.460143;
KneeRight;-0.8083799;-0.6397866;3.459318;
KneeLeft;-0.6987868;-0.7200528;3.642341;
AnkleRight;-0.8119832;-1.048243;3.504133;
AnkleLeft;-0.4771298;-0.9827365;3.624699;
FootRight;-0.8888646;-1.098688;3.514636;
FootLeft;-0.5125257;-1.063036;3.653177;
Head;-0.8937865;0.5379691;3.484989;
ShoulderCenter;-0.7997491;0.3621677;3.486953;
ShoulderRight;-0.7249184;0.276561;3.378947;
ShoulderLeft;-0.8695287;0.164544;3.543879;
ElbowRight;-0.7499999;0.009265593;3.295279;
ElbowLeft;-0.6162478;0.0830254;3.54042;
WristRight;-0.8401483;-0.2199504;3.24941;
WristLeft;-0.9215453;-0.00213135;3.467014;
HandRight;-0.8608851;-0.3095257;3.241611;
HandLeft;-0.9526534;-0.05885044;3.488621;
Spine;-0.7291398;-0.03605057;3.468581;
HipCenter;-0.7551113;-0.1180556;3.436235;
HipRight;-0.7187568;-0.1372421;3.424591;
HipLeft;-0.7833667;-0.1779792;3.424273;
KneeRight;-0.8130739;-0.6546072;3.471815;
KneeLeft;-0.7034526;-0.7200962;3.642392;
AnkleRight;-0.8121523;-1.047956;3.504706;
AnkleLeft;-0.5626087;-1.025709;3.622306;
FootRight;-0.8867677;-1.097856;3.512826;
FootLeft;-0.5999309;-1.088159;3.680987;
Head;-0.8970491;0.5365554;3.478745;
ShoulderCenter;-0.8200684;0.3510401;3.475864;
ShoulderRight;-0.7738841;0.2938032;3.369436;
ShoulderLeft;-0.889848;0.1534164;3.53279;
ElbowRight;-0.7948067;0.01694642;3.274056;
ElbowLeft;-0.6734284;0.1474837;3.618342;
WristRight;-0.8945255;-0.1981163;3.237612;
WristLeft;-0.978476;0.06239665;3.54498;
HandRight;-0.9151594;-0.2868048;3.220783;
HandLeft;-1.009694;0.005477864;3.566663;
Spine;-0.737986;-0.02199573;3.464389;
HipCenter;-0.765873;-0.09533612;3.435477;
HipRight;-0.7354806;-0.1287675;3.382783;
HipLeft;-0.7870556;-0.1730699;3.474072;
KneeRight;-0.8280112;-0.6576301;3.466702;
KneeLeft;-0.7520064;-0.7298982;3.659156;
AnkleRight;-0.7690392;-1.034274;3.542282;
AnkleLeft;-0.6553476;-1.051653;3.633471;
FootRight;-0.8768605;-1.089348;3.524957;
FootLeft;-0.6897752;-1.109424;3.693882;
Head;-0.9391532;0.536433;3.471124;
ShoulderCenter;-0.857857;0.3533384;3.46576;
ShoulderRight;-0.8060243;0.2868783;3.354265;
ShoulderLeft;-0.9276366;0.1557146;3.522686;
ElbowRight;-0.8469716;0.02426957;3.265618;
ElbowLeft;-0.6951548;0.1309081;3.556066;
WristRight;-0.961009;-0.2001145;3.236755;
WristLeft;-0.9998464;0.04592032;3.482769;
HandRight;-0.9903163;-0.2880023;3.240648;
HandLeft;-1.031107;-0.01107708;3.504482;
Spine;-0.7973015;0.00351314;3.465271;
HipCenter;-0.8250414;-0.06678504;3.439373;
HipRight;-0.7920362;-0.1208406;3.370684;
HipLeft;-0.8443311;-0.1656333;3.493537;
KneeRight;-0.8360759;-0.665131;3.462439;
KneeLeft;-1.046245;-0.6178058;3.627858;
AnkleRight;-0.7746289;-1.02849;3.541681;
AnkleLeft;-0.7477946;-0.9606253;3.626365;
FootRight;-0.8788296;-1.091456;3.526889;
FootLeft;-0.7426424;-1.070772;3.680055;
Head;-0.9921976;0.6080543;3.451497;
ShoulderCenter;-0.8976724;0.4383127;3.471194;
ShoulderRight;-0.8312138;0.2925146;3.350056;
ShoulderLeft;-0.967452;0.240689;3.52812;
ElbowRight;-0.8874316;0.02634178;3.24798;
ElbowLeft;-0.737192;0.158125;3.5982;
WristRight;-1.011634;-0.1872076;3.224561;
WristLeft;-1.041775;0.07316755;3.524908;
HandRight;-1.048135;-0.2726195;3.222279;
HandLeft;-1.073098;0.01605632;3.546664;
Spine;-0.8555633;0.04717087;3.468904;
HipCenter;-0.8874855;-0.02906746;3.441795;
HipRight;-0.8573802;-0.09843849;3.357138;
HipLeft;-0.9137592;-0.1354908;3.509799;
KneeRight;-0.8440573;-0.6682692;3.464279;
KneeLeft;-1.056962;-0.640012;3.624277;
AnkleRight;-0.8052351;-1.03255;3.530923;
AnkleLeft;-0.774538;-0.9974415;3.610535;
FootRight;-0.8903784;-1.099849;3.522822;
FootLeft;-0.8791266;-1.052849;3.643055;
Head;-1.040984;0.6036761;3.45937;
ShoulderCenter;-0.9273165;0.4390588;3.45934;
ShoulderRight;-0.8690606;0.3001705;3.349171;
ShoulderLeft;-0.9970961;0.2414351;3.516266;
ElbowRight;-0.9396379;0.0385181;3.248377;
ElbowLeft;-0.7665319;0.1547857;3.617567;
WristRight;-1.076915;-0.1975256;3.227375;
WristLeft;-1.071113;0.06982866;3.544267;
HandRight;-1.109802;-0.2815637;3.21666;
HandLeft;-1.102404;0.01277725;3.566;
Spine;-0.8804645;0.03848494;3.464526;
HipCenter;-0.9119635;-0.04070855;3.438505;
HipRight;-0.8784601;-0.0984254;3.365447;
HipLeft;-0.9399083;-0.13262;3.498902;
KneeRight;-0.8604659;-0.6690174;3.467041;
KneeLeft;-1.089444;-0.6833073;3.626741;
AnkleRight;-0.8098066;-1.042332;3.523904;
AnkleLeft;-0.9991725;-1.058592;3.651008;
FootRight;-0.8892885;-1.099265;3.523385;
FootLeft;-1.075483;-1.105248;3.592673;
Head;-1.04707;0.6138811;3.456509;
ShoulderCenter;-0.9471823;0.4395069;3.453788;
ShoulderRight;-0.886681;0.2991416;3.343636;
ShoulderLeft;-1.016962;0.2418832;3.510713;
ElbowRight;-0.9634082;0.0566625;3.244218;
ElbowLeft;-0.8021706;0.1649315;3.610278;
WristRight;-1.135163;-0.1905304;3.214319;
WristLeft;-1.106506;0.08004303;3.537011;
HandRight;-1.179493;-0.2716925;3.221254;
HandLeft;-1.137771;0.02303846;3.558727;
Spine;-0.9213039;0.06184274;3.472523;
HipCenter;-0.9550304;-0.01118527;3.450127;
HipRight;-0.9287491;-0.08476549;3.375894;
HipLeft;-0.9801106;-0.1069527;3.518563;
KneeRight;-0.8873478;-0.6743876;3.471019;
KneeLeft;-1.121367;-0.6739719;3.633774;
AnkleRight;-0.8123772;-1.046233;3.524264;
AnkleLeft;-1.052018;-1.045516;3.668053;
FootRight;-0.8866165;-1.097889;3.520417;
FootLeft;-1.141744;-1.056307;3.67328;
Head;-1.100528;0.6122228;3.467315;
ShoulderCenter;-1.001896;0.4361892;3.462023;
ShoulderRight;-0.9319614;0.3004703;3.342395;
ShoulderLeft;-1.071676;0.2385654;3.518949;
ElbowRight;-1.016711;0.05785491;3.245046;
ElbowLeft;-0.8695415;0.08022253;3.683636;
WristRight;-1.191311;-0.1793088;3.216199;
WristLeft;-1.171244;-0.02250772;3.624288;
HandRight;-1.237333;-0.2594876;3.224288;
HandLeft;-1.20253;-0.07955086;3.646018;
Spine;-0.9527515;0.05256736;3.474391;
HipCenter;-0.9836416;-0.02357208;3.449718;
HipRight;-0.955229;-0.08375706;3.387078;
HipLeft;-1.008565;-0.106445;3.504161;
KneeRight;-0.8945322;-0.6691333;3.45785;
KneeLeft;-1.159779;-0.6475931;3.619578;
AnkleRight;-0.8154728;-1.044217;3.521671;
AnkleLeft;-1.170313;-1.007208;3.684565;
FootRight;-0.8865716;-1.100245;3.519109;
FootLeft;-1.244922;-1.05853;3.685092;
Head;-1.138714;0.6005358;3.463774;
ShoulderCenter;-1.027403;0.4335669;3.465588;
ShoulderRight;-0.9596369;0.2968229;3.336348;
ShoulderLeft;-1.097183;0.2359431;3.522514;
ElbowRight;-1.067148;0.03856652;3.245251;
ElbowLeft;-0.9285523;0.03935334;3.685769;
WristRight;-1.235501;-0.1795584;3.215781;
WristLeft;-1.222582;-0.09149157;3.646565;
HandRight;-1.286805;-0.2554039;3.23119;
HandLeft;-1.253886;-0.1485675;3.668308;
Spine;-0.9648561;0.0462001;3.471145;
HipCenter;-0.9940979;-0.03158325;3.446306;
HipRight;-0.9607001;-0.08424826;3.388337;
HipLeft;-1.01869;-0.1102505;3.494095;
KneeRight;-0.9142087;-0.6691012;3.458713;
KneeLeft;-1.190346;-0.6678963;3.629705;
AnkleRight;-0.8170702;-1.043882;3.519706;
AnkleLeft;-1.307454;-1.033423;3.693362;
FootRight;-0.8870278;-1.101481;3.51962;
FootLeft;-1.366425;-1.102227;3.693684;
Head;-1.161204;0.603799;3.466523;
ShoulderCenter;-1.052138;0.4324632;3.458235;
ShoulderRight;-1.002735;0.2912393;3.339241;
ShoulderLeft;-1.121918;0.2348395;3.51516;
ElbowRight;-1.102151;0.03191698;3.241154;
ElbowLeft;-0.9723172;0.05564843;3.710106;
WristRight;-1.290094;-0.1780585;3.220236;
WristLeft;-1.269128;-0.07244283;3.67835;
HandRight;-1.330126;-0.2338049;3.224354;
HandLeft;-1.300488;-0.1296208;3.700132;
Spine;-0.9756299;0.04151629;3.465393;
HipCenter;-1.003038;-0.03849025;3.441831;
HipRight;-0.969153;-0.08663251;3.389427;
HipLeft;-1.024935;-0.1098345;3.485896;
KneeRight;-0.9213756;-0.6661712;3.457995;
KneeLeft;-1.233025;-0.6670808;3.638032;
AnkleRight;-0.8198589;-1.041838;3.51449;
AnkleLeft;-1.377687;-1.026262;3.678417;
FootRight;-0.8877237;-1.101971;3.519476;
FootLeft;-1.49412;-1.058433;3.70084;
Head;-1.21141;0.6007576;3.477308;
ShoulderCenter;-1.111862;0.4248569;3.475988;
ShoulderRight;-1.024839;0.2826948;3.344983;
ShoulderLeft;-1.181641;0.2272332;3.532914;
ElbowRight;-1.13147;0.03022513;3.243738;
ElbowLeft;-1.00305;0.03778395;3.697423;
WristRight;-1.315218;-0.1743499;3.225193;
WristLeft;-1.188721;-0.0909337;3.449399;
HandRight;-1.355319;-0.2301922;3.229318;
HandLeft;-1.223327;-0.1504539;3.451203;
Spine;-1.045389;0.03817835;3.472724;
HipCenter;-1.070845;-0.03926453;3.443362;
HipRight;-1.037787;-0.09517728;3.389933;
HipLeft;-1.092955;-0.1072239;3.484094;
KneeRight;-0.9524057;-0.6693116;3.463104;
KneeLeft;-1.261806;-0.6630247;3.636036;
AnkleRight;-0.820842;-1.042231;3.51432;
AnkleLeft;-1.424548;-1.008226;3.673256;
FootRight;-0.8888769;-1.102735;3.517891;
FootLeft;-1.546488;-1.0259;3.669363;
Head;-1.26423;0.5911317;3.492174;
ShoulderCenter;-1.154146;0.4178851;3.474118;
ShoulderRight;-1.083495;0.2859697;3.361135;
ShoulderLeft;-1.209689;0.1953921;3.337703;
ElbowRight;-1.172824;0.03552448;3.246126;
ElbowLeft;-1.080061;0.08256876;3.583292;
WristRight;-1.364139;-0.1755682;3.246744;
WristLeft;-1.281014;-0.0922116;3.38341;
HandRight;-1.404123;-0.2312464;3.250857;
HandLeft;-1.309013;-0.1539052;3.372203;
Spine;-1.116242;0.03676085;3.490993;
HipCenter;-1.103593;-0.03454568;3.448146;
HipRight;-1.075344;-0.1210423;3.367513;
HipLeft;-1.127823;-0.121582;3.515012;
KneeRight;-0.9627808;-0.670361;3.461979;
KneeLeft;-1.308636;-0.6747322;3.636995;
AnkleRight;-0.822408;-1.041817;3.514601;
AnkleLeft;-1.436316;-1.010816;3.673392;
FootRight;-0.8911719;-1.101846;3.515232;
FootLeft;-1.549442;-1.059756;3.6811;
Head;-1.290269;0.5927223;3.483912;
ShoulderCenter;-1.190981;0.4177153;3.489775;
ShoulderRight;-1.117025;0.274057;3.354183;
ShoulderLeft;-1.241232;0.1956967;3.352434;
ElbowRight;-1.189318;0.03230096;3.248406;
ElbowLeft;-1.109786;0.06853563;3.590605;
WristRight;-1.367224;-0.1751334;3.247237;
WristLeft;-1.30576;-0.105613;3.385122;
HandRight;-1.432692;-0.239738;3.263031;
HandLeft;-1.481768;-0.2723765;3.269761;
Spine;-1.152144;0.009358292;3.500734;
HipCenter;-1.145927;-0.06733616;3.455262;
HipRight;-1.108381;-0.1259191;3.391764;
HipLeft;-1.163051;-0.1398852;3.503355;
KneeRight;-1.007752;-0.6666686;3.456958;
KneeLeft;-1.33297;-0.6704351;3.625226;
AnkleRight;-0.8371202;-1.042363;3.513741;
AnkleLeft;-1.479737;-1.035432;3.6636;
FootRight;-0.8983019;-1.110212;3.514478;
FootLeft;-1.484354;-1.079526;3.565683;
Head;-1.329736;0.5813541;3.481736;
ShoulderCenter;-1.220105;0.4106582;3.482421;
ShoulderRight;-1.158825;0.2667458;3.351858;
ShoulderLeft;-1.273094;0.1884235;3.345664;
ElbowRight;-1.239076;0.01824802;3.258998;
ElbowLeft;-1.226749;-0.04372457;3.478693;
WristRight;-1.381553;-0.1740986;3.249358;
WristLeft;-1.436048;-0.2249557;3.295549;
HandRight;-1.442237;-0.244963;3.258036;
HandLeft;-1.469618;-0.2854073;3.299427;
Spine;-1.195675;-0.01000178;3.499083;
HipCenter;-1.191367;-0.09044778;3.455409;
HipRight;-1.160191;-0.1399417;3.403309;
HipLeft;-1.21404;-0.1566678;3.498243;
KneeRight;-1.050008;-0.6737494;3.470012;
KneeLeft;-1.379536;-0.6648983;3.635908;
AnkleRight;-0.8389682;-1.038253;3.515608;
AnkleLeft;-1.481707;-1.023068;3.666804;
FootRight;-0.9062119;-1.099437;3.521249;
FootLeft;-1.549127;-1.084271;3.669225;
Head;-1.367228;0.5816302;3.485629;
ShoulderCenter;-1.249411;0.41337;3.47538;
ShoulderRight;-1.195897;0.2699144;3.359212;
ShoulderLeft;-1.301126;0.1913003;3.339155;
ElbowRight;-1.278608;-0.009474668;3.274569;
ElbowLeft;-1.405106;-0.06981242;3.293294;
WristRight;-1.434698;-0.197444;3.261815;
WristLeft;-1.494735;-0.2909279;3.25982;
HandRight;-1.479198;-0.279944;3.263065;
HandLeft;-1.516734;-0.3562083;3.267272;
Spine;-1.222172;0.003620109;3.49438;
HipCenter;-1.21139;-0.07374188;3.451651;
HipRight;-1.18225;-0.1352175;3.388247;
HipLeft;-1.226379;-0.1489018;3.502764;
KneeRight;-1.07561;-0.6800812;3.466525;
KneeLeft;-1.419154;-0.6786493;3.645031;
AnkleRight;-0.8462932;-1.037577;3.51766;
AnkleLeft;-1.507138;-1.046522;3.678098;
FootRight;-0.9130887;-1.099546;3.520698;
FootLeft;-1.574463;-1.106279;3.663695;
Head;-1.425461;0.5798123;3.505093;
ShoulderCenter;-1.30936;0.4111199;3.500737;
ShoulderRight;-1.225231;0.2710251;3.371879;
ShoulderLeft;-1.361536;0.189182;3.364472;
ElbowRight;-1.277235;0.04761395;3.271969;
ElbowLeft;-1.436988;-0.08135155;3.306391;
WristRight;-1.43768;-0.1925569;3.263712;
WristLeft;-1.502637;-0.3103441;3.262456;
HandRight;-1.486349;-0.272587;3.271686;
HandLeft;-1.517951;-0.3780813;3.264688;
Spine;-1.273853;0.04314961;3.518916;
HipCenter;-1.266761;-0.02588761;3.476035;
HipRight;-1.22404;-0.1224033;3.372009;
HipLeft;-1.286837;-0.1469982;3.560911;
KneeRight;-1.155493;-0.6866295;3.465999;
KneeLeft;-1.443897;-0.6814247;3.64661;
AnkleRight;-0.8915172;-1.014684;3.510744;
AnkleLeft;-1.510211;-1.046939;3.678157;
FootRight;-0.963006;-1.103736;3.55657;
FootLeft;-1.510222;-1.091027;3.580663;
Head;-1.46001;0.5866407;3.509612;
ShoulderCenter;-1.352802;0.4107073;3.500835;
ShoulderRight;-1.278508;0.270756;3.37679;
ShoulderLeft;-1.404979;0.1887694;3.364571;
ElbowRight;-1.330399;-0.009149368;3.293834;
ElbowLeft;-1.45878;-0.08738959;3.313247;
WristRight;-1.458828;-0.2116381;3.272352;
WristLeft;-1.504769;-0.3209583;3.268778;
HandRight;-1.502502;-0.2951562;3.276671;
HandLeft;-1.51738;-0.3889528;3.277757;
Spine;-1.323751;0.01879992;3.516633;
HipCenter;-1.315527;-0.05484096;3.473253;
HipRight;-1.281691;-0.1278253;3.399321;
HipLeft;-1.335507;-0.1413584;3.532594;
KneeRight;-1.220846;-0.6804939;3.4571;
KneeLeft;-1.480918;-0.6677118;3.626705;
AnkleRight;-0.9300425;-1.002444;3.513712;
AnkleLeft;-1.509647;-1.040876;3.675523;
FootRight;-1.001393;-1.091324;3.559449;
FootLeft;-1.555665;-1.119051;3.678797;
Head;-1.490513;0.5969508;3.514819;
ShoulderCenter;-1.385006;0.4207368;3.512081;
ShoulderRight;-1.297597;0.2747584;3.381901;
ShoulderLeft;-1.437182;0.1987989;3.375817;
ElbowRight;-1.338437;-0.001292021;3.296504;
ElbowLeft;-1.473937;-0.08072457;3.319411;
WristRight;-1.475582;-0.2122427;3.28577;
WristLeft;-1.502958;-0.3171272;3.269425;
HandRight;-1.508851;-0.3007272;3.282864;
HandLeft;-1.514534;-0.3855187;3.278101;
Spine;-1.333787;0.01871543;3.520025;
HipCenter;-1.325587;-0.05525748;3.47466;
HipRight;-1.293352;-0.1227466;3.406837;
HipLeft;-1.346594;-0.1360207;3.52834;
KneeRight;-1.310956;-0.6637833;3.473475;
KneeLeft;-1.495817;-0.6625283;3.586154;
AnkleRight;-0.9880807;-0.9794254;3.510154;
AnkleLeft;-1.513574;-1.040639;3.674249;
FootRight;-1.014773;-1.075657;3.523723;
FootLeft;-1.552337;-1.122846;3.674351;
Head;-1.507756;0.5205428;3.515506;
ShoulderCenter;-1.418136;0.3346728;3.502488;
ShoulderRight;-1.340192;0.2705808;3.382955;
ShoulderLeft;-1.470313;0.1127349;3.366224;
ElbowRight;-1.354148;-0.005124427;3.302938;
ElbowLeft;-1.320113;-0.007964179;3.598806;
WristRight;-1.475889;-0.212433;3.285802;
WristLeft;-1.455891;-0.2195859;3.377429;
HandRight;-1.500942;-0.303338;3.277931;
HandLeft;-1.440648;-0.2817525;3.349245;
Spine;-1.354857;-0.02809696;3.515813;
HipCenter;-1.340166;-0.08972476;3.470906;
HipRight;-1.297197;-0.1421967;3.408252;
HipLeft;-1.35933;-0.1763817;3.516702;
KneeRight;-1.386735;-0.6751643;3.479036;
KneeLeft;-1.478755;-0.7276163;3.518289;
AnkleRight;-1.071488;-0.9711871;3.516883;
AnkleLeft;-1.515128;-1.044962;3.674638;
FootRight;-1.082331;-1.061162;3.523951;
FootLeft;-1.553548;-1.127332;3.67608;
Head;-1.544179;0.5550203;3.512577;
ShoulderCenter;-1.458116;0.3712886;3.518268;
ShoulderRight;-1.355551;0.2755697;3.384405;
ShoulderLeft;-1.510293;0.1493507;3.382003;
ElbowRight;-1.372677;-0.005236832;3.307429;
ElbowLeft;-1.360242;0.02877106;3.614321;
WristRight;-1.487197;-0.2264132;3.284899;
WristLeft;-1.495825;-0.1827914;3.393259;
HandRight;-1.50901;-0.3182062;3.279054;
HandLeft;-1.482799;-0.2412179;3.357225;
Spine;-1.406565;-0.01510112;3.523995;
HipCenter;-1.400445;-0.08623203;3.475741;
HipRight;-1.360503;-0.1455919;3.416491;
HipLeft;-1.423704;-0.1592297;3.518343;
KneeRight;-1.464165;-0.6484754;3.484856;
KneeLeft;-1.5718;-0.6673535;3.519212;
AnkleRight;-1.149364;-0.9738454;3.51637;
AnkleLeft;-1.513688;-1.009343;3.672336;
FootRight;-1.156264;-1.06421;3.523868;
FootLeft;-1.562953;-1.08563;3.667553;
Head;-1.564672;0.5453409;3.511352;
ShoulderCenter;-1.471218;0.3637618;3.511961;
ShoulderRight;-1.406003;0.2742564;3.388001;
ShoulderLeft;-1.523394;0.1418239;3.375697;
ElbowRight;-1.383927;0.004058061;3.312829;
ElbowLeft;-1.373571;0.02142726;3.607607;
WristRight;-1.492041;-0.2255113;3.28922;
WristLeft;-1.508856;-0.1900438;3.387029;
HandRight;-1.506479;-0.2978966;3.281024;
HandLeft;-1.496235;-0.2483669;3.350946;
Spine;-1.413556;-0.01777297;3.526431;
HipCenter;-1.403768;-0.08902206;3.478663;
HipRight;-1.363708;-0.1460807;3.422447;
HipLeft;-1.426569;-0.1630817;3.520959;
KneeRight;-1.554389;-0.5623392;3.452107;
KneeLeft;-1.506087;-0.6108404;3.682335;
AnkleRight;-1.302373;-0.9349649;3.507061;
AnkleLeft;-1.515355;-1.012499;3.675511;
FootRight;-1.303657;-0.9785038;3.409731;
FootLeft;-1.563505;-1.088537;3.664796;
Head;-1.609551;0.5379114;3.505216;
ShoulderCenter;-1.521576;0.3566431;3.513148;
ShoulderRight;-1.430483;0.2807463;3.394736;
ShoulderLeft;-1.573752;0.1347052;3.376883;
ElbowRight;-1.406416;0.02971989;3.318784;
ElbowLeft;-1.424148;0.01448475;3.608405;
WristRight;-1.493383;-0.2038181;3.297899;
WristLeft;-1.559147;-0.1968976;3.388294;
HandRight;-1.496313;-0.2801985;3.286401;
HandLeft;-1.546627;-0.2551268;3.352208;
Spine;-1.467229;-0.02115189;3.534043;
HipCenter;-1.454742;-0.0918065;3.488794;
HipRight;-1.412362;-0.150472;3.433461;
HipLeft;-1.476776;-0.1696615;3.532137;
KneeRight;-1.617224;-0.6181813;3.460149;
KneeLeft;-1.522295;-0.6225696;3.670052;
AnkleRight;-1.344872;-0.9733492;3.528724;
AnkleLeft;-1.519121;-1.023061;3.642684;
FootRight;-1.375017;-1.067059;3.530323;
FootLeft;-1.561961;-1.096407;3.61168;
Head;-1.659273;0.5952798;3.492385;
ShoulderCenter;-1.555686;0.4242874;3.507227;
ShoulderRight;-1.4542;0.282938;3.387501;
ShoulderLeft;-1.607862;0.2023495;3.370962;
ElbowRight;-1.415015;0.03220554;3.31686;
ElbowLeft;-1.457859;0.0818085;3.603178;
WristRight;-1.494071;-0.2040574;3.298022;
WristLeft;-1.485555;-0.1559674;3.368553;
HandRight;-1.502775;-0.2792268;3.291072;
HandLeft;-1.473014;-0.2142895;3.33241;
Spine;-1.539214;0.01232338;3.535336;
HipCenter;-1.532081;-0.06687406;3.493394;
HipRight;-1.49726;-0.1187608;3.436445;
HipLeft;-1.560833;-0.1412762;3.542922;
KneeRight;-1.657227;-0.6402421;3.452292;
KneeLeft;-1.558192;-0.647841;3.679456;
AnkleRight;-1.425101;-0.9985072;3.537644;
AnkleLeft;-1.447493;-0.9658744;3.678345;
FootRight;-1.519946;-1.073957;3.553984;
FootLeft;-1.522726;-0.8997321;3.649716;
Head;-1.683213;0.5934636;3.48599;
ShoulderCenter;-1.578951;0.4209047;3.495962;
ShoulderRight;-1.48572;0.2784607;3.381568;
ShoulderLeft;-1.631127;0.1989668;3.359697;
ElbowRight;-1.439326;0.01575349;3.316128;
ElbowLeft;-1.486914;0.03187148;3.568182;
WristRight;-1.50205;-0.2158147;3.29803;
WristLeft;-1.500739;-0.2342355;3.367741;
HandRight;-1.509504;-0.2703588;3.294314;
HandLeft;-1.488181;-0.2926387;3.331548;
Spine;-1.559415;0.02372988;3.523677;
HipCenter;-1.550739;-0.0519441;3.483185;
HipRight;-1.517669;-0.1284146;3.399975;
HipLeft;-1.573145;-0.1439354;3.546864;
KneeRight;-1.698391;-0.6377213;3.44206;
KneeLeft;-1.569968;-0.6553723;3.676879;
AnkleRight;-1.526275;-1.024636;3.538172;
AnkleLeft;-1.489225;-1.03184;3.607954;
FootRight;-1.619948;-1.085668;3.501167;
FootLeft;-1.533603;-1.106708;3.583979;
Head;-1.707093;0.597781;3.477923;
ShoulderCenter;-1.607445;0.4219851;3.487312;
ShoulderRight;-1.531441;0.2714307;3.371618;
ShoulderLeft;-1.659621;0.2000473;3.351047;
ElbowRight;-1.472413;-0.006598605;3.315954;
ElbowLeft;-1.532158;0.04362427;3.57547;
WristRight;-1.516587;-0.2421642;3.294439;
WristLeft;-1.513608;-0.2193675;3.371433;
HandRight;-1.536134;-0.3092197;3.29806;
HandLeft;-1.513092;-0.2881264;3.384223;
Spine;-1.595478;0.01021115;3.517973;
HipCenter;-1.587304;-0.07040574;3.481114;
HipRight;-1.558159;-0.1207442;3.432422;
HipLeft;-1.618194;-0.1412098;3.524879;
KneeRight;-1.730824;-0.6431094;3.447801;
KneeLeft;-1.625753;-0.6719834;3.626756;
AnkleRight;-1.625373;-1.035421;3.474502;
AnkleLeft;-1.525442;-1.035709;3.66684;
FootRight;-1.706851;-1.086441;3.469291;
FootLeft;-1.569716;-1.110402;3.64292;
Head;-1.743574;0.5864879;3.466953;
ShoulderCenter;-1.636848;0.4133691;3.472317;
ShoulderRight;-1.572899;0.2661728;3.359704;
ShoulderLeft;-1.689025;0.1914312;3.336052;
ElbowRight;-1.486789;-0.001655606;3.316176;
ElbowLeft;-1.540536;0.09017692;3.577391;
WristRight;-1.530372;-0.2379418;3.297817;
WristLeft;-1.522588;-0.1345097;3.328048;
HandRight;-1.544421;-0.2719498;3.303036;
HandLeft;-1.524305;-0.1979932;3.357194;
Spine;-1.620356;0.0128227;3.512831;
HipCenter;-1.609854;-0.0668444;3.481682;
HipRight;-1.582361;-0.1270127;3.429973;
HipLeft;-1.632112;-0.1357348;3.530198;
KneeRight;-1.772208;-0.6420127;3.450946;
KneeLeft;-1.682164;-0.6534387;3.585314;
AnkleRight;-1.718998;-1.048135;3.46859;
AnkleLeft;-1.525429;-1.035329;3.668354;
FootRight;-1.800477;-1.099155;3.463379;
FootLeft;-1.569617;-1.109877;3.644481;
Head;-1.748235;0.5769307;3.409157;
ShoulderCenter;-1.689191;0.4087854;3.475106;
ShoulderRight;-1.590716;0.2675148;3.360478;
ShoulderLeft;-1.741367;0.1868475;3.338841;
ElbowRight;-1.528917;-0.01183266;3.320246;
ElbowLeft;-1.575448;0.1170084;3.580741;
WristRight;-1.546025;-0.2519732;3.307418;
WristLeft;-1.556073;-0.1035734;3.326783;
HandRight;-1.56326;-0.2991793;3.311362;
HandLeft;-1.557793;-0.1671443;3.355969;
Spine;-1.628237;0.02930801;3.504463;
HipCenter;-1.615915;-0.04221577;3.472395;
HipRight;-1.567366;-0.129513;3.373471;
HipLeft;-1.634371;-0.1367804;3.542775;
KneeRight;-1.752038;-0.5810196;3.454629;
KneeLeft;-1.681444;-0.6355947;3.595882;
AnkleRight;-1.743362;-1.038006;3.45757;
AnkleLeft;-1.525331;-1.036816;3.670419;
FootRight;-1.824584;-1.102546;3.453321;
FootLeft;-1.569433;-1.111218;3.646592;
Head;-1.769093;0.5674515;3.394854;
ShoulderCenter;-1.707473;0.4069993;3.471149;
ShoulderRight;-1.636514;0.2671938;3.362833;
ShoulderLeft;-1.75965;0.1850614;3.334884;
ElbowRight;-1.565359;-0.008573284;3.318606;
ElbowLeft;-1.605761;0.08613735;3.575549;
WristRight;-1.558329;-0.2496707;3.302212;
WristLeft;-1.589296;-0.1363166;3.322289;
HandRight;-1.578557;-0.3103024;3.306477;
HandLeft;-1.591019;-0.2000204;3.351536;
Spine;-1.690365;0.01170176;3.500659;
HipCenter;-1.677097;-0.06559387;3.473011;
HipRight;-1.639056;-0.1412917;3.410862;
HipLeft;-1.702495;-0.1321144;3.531932;
KneeRight;-1.622409;-0.6833671;3.674279;
KneeLeft;-1.64487;-0.6365665;3.660035;
AnkleRight;-1.534447;-1.131495;3.690405;
AnkleLeft;-1.525298;-1.037123;3.670628;
FootRight;-1.615926;-1.182515;3.685194;
FootLeft;-1.569452;-1.111613;3.646773;
Head;-1.764788;0.5712496;3.387927;
ShoulderCenter;-1.731346;0.4019706;3.463939;
ShoulderRight;-1.655933;0.2588408;3.358684;
ShoulderLeft;-1.689909;0.3054012;3.348645;
ElbowRight;-1.579266;-0.009690065;3.315818;
ElbowLeft;-1.633644;0.1336146;3.591401;
WristRight;-1.604644;-0.249942;3.301301;
WristLeft;-1.632063;-0.09523861;3.342976;
HandRight;-1.623729;-0.3164301;3.3059;
HandLeft;-1.633789;-0.1590607;3.372277;
Spine;-1.706864;-0.04160261;3.48075;
HipCenter;-1.685797;-0.1270143;3.453584;
HipRight;-1.678333;-0.152617;3.476974;
HipLeft;-1.687544;-0.1560457;3.427859;
KneeRight;-1.627576;-0.6816695;3.671049;
KneeLeft;-1.649673;-0.643131;3.662811;
AnkleRight;-1.534789;-1.131622;3.690742;
AnkleLeft;-1.530447;-1.03948;3.678432;
FootRight;-1.582075;-1.055915;3.679949;
FootLeft;-1.574647;-1.114047;3.654553;
Head;-1.792514;0.5623525;3.397161;
ShoulderCenter;-1.741056;0.3956015;3.470857;
ShoulderRight;-1.676487;0.2379072;3.35366;
ShoulderLeft;-1.683374;0.1838449;3.330584;
ElbowRight;-1.610334;-0.02014816;3.304111;
ElbowLeft;-1.651401;0.1061537;3.617077;
WristRight;-1.618217;-0.2700061;3.30251;
WristLeft;-1.624903;-0.1710231;3.430519;
HandRight;-1.637891;-0.3398054;3.307132;
HandLeft;-1.626632;-0.2349272;3.459858;
Spine;-1.73068;-0.04663776;3.473963;
HipCenter;-1.695438;-0.1314068;3.460449;
HipRight;-1.696955;-0.1612947;3.500101;
HipLeft;-1.694176;-0.1633847;3.426603;
KneeRight;-1.639464;-0.6875598;3.663842;
KneeLeft;-1.675143;-0.6111811;3.656437;
AnkleRight;-1.53693;-1.130691;3.690525;
AnkleLeft;-1.531736;-1.039584;3.677654;
FootRight;-1.58304;-1.054347;3.678679;
FootLeft;-1.575966;-1.114201;3.653758;
Head;-1.810113;0.579838;3.445985;
ShoulderCenter;-1.772796;0.3894131;3.485007;
ShoulderRight;-1.693545;0.2317989;3.380602;
ShoulderLeft;-1.707407;0.07977595;3.346442;
ElbowRight;-1.713631;-0.01538763;3.323186;
ElbowLeft;-1.716684;-0.01029984;3.631514;
WristRight;-1.769985;-0.3276319;3.388844;
WristLeft;-1.676011;-0.2557551;3.40366;
HandRight;-1.808524;-0.5018355;3.420474;
HandLeft;-1.66369;-0.314581;3.440516;
Spine;-1.730083;0.01379067;3.566561;
HipCenter;-1.69026;-0.058757;3.563389;
HipRight;-1.669917;-0.1084502;3.666501;
HipLeft;-1.6723;-0.2023675;3.486501;
KneeRight;-1.672788;-0.6804124;3.649144;
KneeLeft;-1.607616;-0.6336027;3.813966;
AnkleRight;-1.553643;-1.131114;3.686171;
AnkleLeft;-1.539635;-1.038848;3.671795;
FootRight;-1.596525;-1.053133;3.672122;
FootLeft;-1.583925;-1.113568;3.647866;
Head;-1.784307;0.3563263;3.483798;
ShoulderCenter;-1.737761;0.1299832;3.578397;
ShoulderRight;-1.656583;-0.02792569;3.477793;
ShoulderLeft;-1.721867;0.06265588;3.389584;
ElbowRight;-1.67256;-0.2736409;3.41391;
ElbowLeft;-1.748529;-0.1698513;3.300435;
WristRight;-1.820394;-0.5110763;3.438306;
WristLeft;-1.720147;-0.4028544;3.342222;
HandRight;-1.840072;-0.5807806;3.442925;
HandLeft;-1.685304;-0.4638617;3.346696;
Spine;-1.746954;-0.2308773;3.610668;
HipCenter;-1.717953;-0.3019208;3.599133;
HipRight;-1.692914;-0.3313165;3.634804;
HipLeft;-1.739362;-0.3516746;3.564507;
KneeRight;-1.728284;-0.6642106;3.632941;
KneeLeft;-1.648802;-0.7615117;3.835368;
AnkleRight;-1.574587;-1.128321;3.681071;
AnkleLeft;-1.558188;-1.04638;3.643825;
FootRight;-1.6171;-1.050461;3.665574;
FootLeft;-1.480302;-1.092295;3.588597;
Head;-1.828385;0.3401138;3.525118;
ShoulderCenter;-1.780933;0.1162534;3.61091;
ShoulderRight;-1.699756;-0.0416555;3.510305;
ShoulderLeft;-1.765235;0.04869337;3.422683;
ElbowRight;-1.715733;-0.2873707;3.446435;
ElbowLeft;-1.742647;-0.1678412;3.289616;
WristRight;-1.863566;-0.5248061;3.470837;
WristLeft;-1.732404;-0.3969206;3.349003;
HandRight;-1.883245;-0.5945104;3.475456;
HandLeft;-1.779096;-0.4442067;3.326056;
Spine;-1.801336;-0.2392302;3.637863;
HipCenter;-1.774974;-0.3098355;3.624686;
HipRight;-1.757308;-0.3287989;3.611965;
HipLeft;-1.791936;-0.3411839;3.637259;
KneeRight;-1.765133;-0.6694954;3.630527;
KneeLeft;-1.717592;-0.8470823;3.875546;
AnkleRight;-1.596078;-1.126472;3.677496;
AnkleLeft;-1.56518;-1.048808;3.61876;
FootRight;-1.591736;-1.037411;3.665195;
FootLeft;-1.4886;-1.095311;3.562307;
Head;-1.864926;0.2156951;3.540199;
ShoulderCenter;-1.817474;-0.008165239;3.626001;
ShoulderRight;-1.736296;-0.1660741;3.525396;
ShoulderLeft;-1.808164;-0.09699139;3.537253;
ElbowRight;-1.813041;-0.3872727;3.55128;
ElbowLeft;-1.802829;-0.3107682;3.397485;
WristRight;-1.947168;-0.584836;3.565662;
WristLeft;-1.787041;-0.543996;3.439393;
HandRight;-1.966586;-0.6541559;3.570224;
HandLeft;-1.81483;-0.5998524;3.407188;
Spine;-1.804661;-0.3857445;3.699641;
HipCenter;-1.810663;-0.4645621;3.685373;
HipRight;-1.791162;-0.4761707;3.688607;
HipLeft;-1.829369;-0.5061801;3.68731;
KneeRight;-1.824336;-0.6794696;3.625444;
KneeLeft;-1.749038;-1.062365;3.911341;
AnkleRight;-1.610402;-1.13149;3.672886;
AnkleLeft;-1.567074;-1.016701;3.59836;
FootRight;-1.602811;-1.043659;3.655611;
FootLeft;-1.631838;-1.080193;3.630237;
Head;-1.891742;-0.4630576;3.589826;
ShoulderCenter;-1.84429;-0.686918;3.675785;
ShoulderRight;-1.751581;-0.7866267;3.639555;
ShoulderLeft;-1.83498;-0.7757441;3.587037;
ElbowRight;-1.828023;-1.006955;3.665324;
ElbowLeft;-1.862487;-0.4606403;3.567329;
WristRight;-1.962192;-1.205004;3.679921;
WristLeft;-1.848116;-0.6986898;3.579466;
HandRight;-1.98187;-1.274708;3.68454;
HandLeft;-1.875867;-0.7544708;3.547305;
Spine;-1.779327;-0.8511834;3.760813;
HipCenter;-1.750137;-0.8848097;3.755599;
HipRight;-1.690584;-0.9098949;3.849664;
HipLeft;-1.77841;-0.9254701;3.683074;
KneeRight;-1.98291;-0.6167637;3.492171;
KneeLeft;-1.800255;-1.14221;3.944833;
AnkleRight;-2.200031;-0.3990459;3.208372;
AnkleLeft;-1.653655;-1.02856;3.638875;
FootRight;-2.150294;-0.446748;3.128427;
FootLeft;-1.697758;-1.102964;3.615049;
Head;-1.866039;-0.6841799;3.622233;
ShoulderCenter;-1.815971;-0.8808242;3.63503;
ShoulderRight;-1.723263;-0.9805329;3.5988;
ShoulderLeft;-1.806662;-0.9696503;3.546282;
ElbowRight;-1.799404;-1.199992;3.624455;
ElbowLeft;-1.876788;-0.6571762;3.558709;
WristRight;-1.933874;-1.39891;3.639322;
WristLeft;-1.934689;-0.8508077;3.670804;
HandRight;-1.953552;-1.468615;3.643941;
HandLeft;-1.953989;-0.9153515;3.713144;
Spine;-1.802568;-0.725359;3.664314;
HipCenter;-1.816386;-0.701016;3.698619;
HipRight;-1.785778;-0.6942908;3.750758;
HipLeft;-1.8471;-0.6612;3.659077;
KneeRight;-1.872601;-0.7926795;3.619015;
KneeLeft;-1.868863;-1.152615;3.905592;
AnkleRight;-1.6685;-1.007223;3.608083;
AnkleLeft;-1.719848;-1.037092;3.595183;
FootRight;-1.651314;-0.9118093;3.592374;
FootLeft;-1.765928;-1.111958;3.577936;
