Floor;-0.0001222757;0.9999442;0.01057102;1.047219;
Head;1.418382;0.6240643;3.602382;
ShoulderCenter;1.530437;0.4285856;3.559953;
ShoulderRight;1.576698;0.3241705;3.410637;
ShoulderLeft;1.456667;0.221312;3.67134;
ElbowRight;1.580741;0.1484628;3.284835;
ElbowLeft;1.432446;0.06011603;3.577576;
WristRight;1.453516;-0.02407879;3.269981;
WristLeft;1.346107;-0.0693641;3.413396;
HandRight;1.290209;-0.2284157;3.26846;
HandLeft;1.311598;-0.2529646;3.271799;
Spine;1.520505;-0.03565083;3.519296;
HipCenter;1.518519;-0.1284981;3.515255;
HipRight;1.544269;-0.164093;3.461569;
HipLeft;1.490255;-0.2103793;3.555987;
KneeRight;1.60768;-0.6480969;3.406362;
KneeLeft;1.382088;-0.6681297;3.60375;
AnkleRight;1.567803;-0.9552842;3.087749;
AnkleLeft;1.427441;-1.059696;3.565467;
FootRight;1.454042;-1.01344;3.037774;
FootLeft;1.32529;-1.114139;3.551348;
Head;1.357869;0.6215479;3.587065;
ShoulderCenter;1.491759;0.43706;3.572604;
ShoulderRight;1.529067;0.3197692;3.404565;
ShoulderLeft;1.467431;0.3412455;3.721432;
ElbowRight;1.48295;0.142764;3.302094;
ElbowLeft;1.393954;0.1321581;3.574495;
WristRight;1.335736;-0.05927822;3.269719;
WristLeft;1.30664;-0.03205283;3.391282;
HandRight;1.284182;-0.1313817;3.245894;
HandLeft;1.279289;-0.1074858;3.346716;
Spine;1.476291;0.08057099;3.523444;
HipCenter;1.473686;0.009166121;3.517102;
HipRight;1.484758;-0.0657856;3.435674;
HipLeft;1.457499;-0.05607717;3.574956;
KneeRight;1.602503;-0.6505747;3.401447;
KneeLeft;1.343659;-0.6717132;3.589533;
AnkleRight;1.569277;-0.9593788;3.073968;
AnkleLeft;1.229644;-1.064578;3.540831;
FootRight;1.454976;-1.013724;3.050485;
FootLeft;1.112939;-1.075035;3.566882;
Head;1.344928;0.6186845;3.608225;
ShoulderCenter;1.460593;0.4251041;3.561896;
ShoulderRight;1.508404;0.3106253;3.399243;
ShoulderLeft;1.368032;0.2411262;3.613222;
ElbowRight;1.517378;0.1708194;3.269619;
ElbowLeft;1.336852;0.08089963;3.528174;
WristRight;1.362191;-0.00387603;3.255874;
WristLeft;1.256715;-0.08034043;3.364663;
HandRight;1.163715;-0.2151235;3.238885;
HandLeft;1.149469;-0.2354612;3.236086;
Spine;1.456635;0.08231363;3.517183;
HipCenter;1.454792;0.01309724;3.51139;
HipRight;1.477601;-0.05505151;3.430889;
HipLeft;1.412923;-0.07358479;3.567033;
KneeRight;1.593369;-0.6528322;3.399483;
KneeLeft;1.308724;-0.6691741;3.588815;
AnkleRight;1.567857;-0.9544412;3.077362;
AnkleLeft;1.142599;-1.055561;3.533367;
FootRight;1.46769;-1.008216;3.014603;
FootLeft;1.021701;-1.049987;3.572293;
Head;1.287556;0.592936;3.589696;
ShoulderCenter;1.409548;0.4055873;3.559108;
ShoulderRight;1.457061;0.2962174;3.384434;
ShoulderLeft;1.340651;0.2371616;3.629523;
ElbowRight;1.403054;0.07465501;3.274809;
ElbowLeft;1.438377;0.01565051;3.612602;
WristRight;1.233057;-0.09704593;3.241984;
WristLeft;1.288223;-0.0568921;3.422682;
HandRight;1.116195;-0.2222646;3.214441;
HandLeft;1.116808;-0.2357695;3.213466;
Spine;1.405165;0.07439983;3.512886;
HipCenter;1.404288;0.008162346;3.50708;
HipRight;1.431457;-0.04266671;3.438904;
HipLeft;1.384283;-0.0704404;3.556119;
KneeRight;1.567239;-0.6534065;3.402116;
KneeLeft;1.248166;-0.685541;3.583017;
AnkleRight;1.562928;-0.9542979;3.083694;
AnkleLeft;1.070353;-1.030727;3.534559;
FootRight;1.460395;-1.006345;3.036534;
FootLeft;0.9821589;-1.069092;3.578257;
Head;1.245385;0.5906991;3.588873;
ShoulderCenter;1.368756;0.4064078;3.577762;
ShoulderRight;1.418709;0.3075021;3.401355;
ShoulderLeft;1.280733;0.2189378;3.603376;
ElbowRight;1.404397;0.1234286;3.2678;
ElbowLeft;1.201345;0.06357551;3.448348;
WristRight;1.230828;-0.05208115;3.223152;
WristLeft;1.113339;-0.09620008;3.265378;
HandRight;1.211819;-0.1169931;3.226293;
HandLeft;1.078717;-0.1746122;3.233051;
Spine;1.360443;0.06578363;3.512547;
HipCenter;1.357583;-0.002622376;3.502802;
HipRight;1.389127;-0.04068415;3.443033;
HipLeft;1.324746;-0.08071931;3.536635;
KneeRight;1.48015;-0.6461471;3.435205;
KneeLeft;1.220966;-0.6862667;3.575417;
AnkleRight;1.533675;-0.9361129;3.111263;
AnkleLeft;1.04941;-1.03282;3.534002;
FootRight;1.438958;-0.9853669;3.052544;
FootLeft;0.9307067;-1.039284;3.5499;
Head;1.218959;0.5765548;3.585101;
ShoulderCenter;1.318553;0.400284;3.560818;
ShoulderRight;1.370089;0.2890066;3.403393;
ShoulderLeft;1.258381;0.2289454;3.650682;
ElbowRight;1.383936;0.1495828;3.254905;
ElbowLeft;1.205848;0.006175552;3.532437;
WristRight;1.210515;-0.03175746;3.234215;
WristLeft;1.105937;-0.1071374;3.318284;
HandRight;1.019997;-0.2319099;3.209649;
HandLeft;1.051762;-0.16783;3.276137;
Spine;1.3135;0.05832136;3.519236;
HipCenter;1.31283;-0.0100082;3.514052;
HipRight;1.335456;-0.05870415;3.449606;
HipLeft;1.287346;-0.08545826;3.559752;
KneeRight;1.492821;-0.6528013;3.392836;
KneeLeft;1.173134;-0.6729206;3.560791;
AnkleRight;1.54063;-0.95267;3.082501;
AnkleLeft;1.040093;-1.029279;3.527038;
FootRight;1.512379;-1.012643;2.962174;
FootLeft;0.9115502;-1.071341;3.549121;
Head;1.173894;0.5501617;3.596389;
ShoulderCenter;1.274897;0.3872904;3.568382;
ShoulderRight;1.344932;0.2888843;3.407729;
ShoulderLeft;1.200145;0.2473048;3.641664;
ElbowRight;1.325984;0.09865075;3.282059;
ElbowLeft;1.182367;-0.006619796;3.574032;
WristRight;1.146538;-0.08401534;3.238332;
WristLeft;1.102817;-0.1216877;3.343903;
HandRight;1.113508;-0.1387013;3.220788;
HandLeft;1.056085;-0.1969384;3.357609;
Spine;1.271632;0.05101708;3.51204;
HipCenter;1.270105;-0.01641493;3.504001;
HipRight;1.305067;-0.06339445;3.444525;
HipLeft;1.236213;-0.08334621;3.541103;
KneeRight;1.455591;-0.6619651;3.38916;
KneeLeft;1.147242;-0.6733139;3.562963;
AnkleRight;1.528643;-0.9553808;3.078707;
AnkleLeft;1.024343;-1.04287;3.521456;
FootRight;1.503236;-1.017339;2.960909;
FootLeft;0.9157441;-1.093666;3.584594;
Head;1.117508;0.5525203;3.571646;
ShoulderCenter;1.240094;0.4096106;3.569365;
ShoulderRight;1.29269;0.2968872;3.417073;
ShoulderLeft;1.136753;0.1767755;3.582788;
ElbowRight;1.309591;0.1064785;3.290673;
ElbowLeft;1.11862;-0.08221653;3.514346;
WristRight;1.134958;-0.08664896;3.240205;
WristLeft;1.010519;-0.2304417;3.312389;
HandRight;1.097968;-0.1371644;3.219571;
HandLeft;0.9251794;-0.3732883;3.240369;
Spine;1.232919;0.04744135;3.5033;
HipCenter;1.229987;-0.02520826;3.493044;
HipRight;1.264011;-0.05370244;3.447857;
HipLeft;1.190268;-0.1069097;3.513697;
KneeRight;1.392325;-0.6654846;3.382177;
KneeLeft;1.081295;-0.6819572;3.566029;
AnkleRight;1.516255;-0.9722767;3.060016;
AnkleLeft;1.036339;-1.030833;3.52919;
FootRight;1.493472;-1.023846;2.937666;
FootLeft;0.95639;-1.089966;3.524097;
Head;1.089955;0.5650886;3.564459;
ShoulderCenter;1.181795;0.4006061;3.551014;
ShoulderRight;1.261341;0.2924327;3.414417;
ShoulderLeft;1.081918;0.1655495;3.564337;
ElbowRight;1.241592;0.07997413;3.294809;
ElbowLeft;1.087969;-0.1049917;3.53803;
WristRight;1.083562;-0.1328727;3.226983;
WristLeft;0.9823644;-0.2721614;3.339788;
HandRight;0.9863907;-0.258664;3.19294;
HandLeft;0.8985561;-0.4228909;3.270134;
Spine;1.208915;0.04786065;3.538482;
HipCenter;1.173035;-0.01481584;3.496504;
HipRight;1.210231;-0.05182163;3.440079;
HipLeft;1.133084;-0.1084084;3.53155;
KneeRight;1.332414;-0.6784164;3.377916;
KneeLeft;1.066543;-0.6750821;3.571485;
AnkleRight;1.506662;-0.9864352;3.049322;
AnkleLeft;1.035591;-1.031458;3.527274;
FootRight;1.486326;-1.0329;2.92534;
FootLeft;0.9413661;-1.100656;3.557711;
Head;1.039539;0.5538213;3.589223;
ShoulderCenter;1.159732;0.4010397;3.552153;
ShoulderRight;1.210135;0.292957;3.408909;
ShoulderLeft;1.080263;0.2587746;3.633318;
ElbowRight;1.201911;0.05934351;3.292292;
ElbowLeft;1.049465;-0.01445782;3.549822;
WristRight;1.052867;-0.1706506;3.217673;
WristLeft;1.047172;-0.2808351;3.580537;
HandRight;0.9872404;-0.2743588;3.194916;
HandLeft;1.010493;-0.3569589;3.593333;
Spine;1.189185;0.04009882;3.536166;
HipCenter;1.142481;-0.02657353;3.507546;
HipRight;1.162031;-0.08247299;3.444628;
HipLeft;1.113552;-0.1074111;3.550865;
KneeRight;1.256663;-0.6791558;3.372183;
KneeLeft;1.042688;-0.6769107;3.572953;
AnkleRight;1.485088;-0.9844757;3.050047;
AnkleLeft;1.033999;-1.032782;3.525764;
FootRight;1.469311;-1.029192;2.924903;
FootLeft;0.9413815;-1.100576;3.557957;
Head;0.9898842;0.566178;3.580192;
ShoulderCenter;1.096826;0.3997324;3.547067;
ShoulderRight;1.17839;0.2926834;3.404148;
ShoulderLeft;1.047642;0.2575576;3.639106;
ElbowRight;1.188993;0.06267409;3.294124;
ElbowLeft;1.046212;-0.02922478;3.654548;
WristRight;1.044993;-0.1802615;3.214978;
WristLeft;0.9775989;-0.2997785;3.562554;
HandRight;1.009036;-0.2626104;3.211679;
HandLeft;1.031269;-0.3363102;3.548344;
Spine;1.134929;0.02902813;3.528461;
HipCenter;1.090005;-0.04033136;3.499563;
HipRight;1.114635;-0.09040736;3.445519;
HipLeft;1.064452;-0.1108717;3.53681;
KneeRight;1.181237;-0.6698037;3.360882;
KneeLeft;1.023183;-0.6782164;3.569077;
AnkleRight;1.457715;-0.9744641;3.05469;
AnkleLeft;1.030818;-1.045175;3.522939;
FootRight;1.452004;-1.022168;2.929911;
FootLeft;0.9455817;-1.097671;3.538182;
Head;0.9557185;0.5784442;3.574184;
ShoulderCenter;1.068389;0.4122373;3.535874;
ShoulderRight;1.124798;0.3060858;3.395365;
ShoulderLeft;1.019982;0.319673;3.671176;
ElbowRight;1.155632;0.0496181;3.28873;
ElbowLeft;1.000162;0.02406254;3.664748;
WristRight;1.027204;-0.2096506;3.207924;
WristLeft;0.9647164;-0.2673658;3.695875;
HandRight;0.9926475;-0.2922443;3.200314;
HandLeft;1.018349;-0.3038718;3.681675;
Spine;1.101775;0.03773537;3.516122;
HipCenter;1.052312;-0.03248678;3.49414;
HipRight;1.065344;-0.07185521;3.453661;
HipLeft;1.027206;-0.08588529;3.522122;
KneeRight;1.105811;-0.6498817;3.35643;
KneeLeft;0.9766285;-0.6559188;3.538829;
AnkleRight;1.391857;-1.001572;3.383121;
AnkleLeft;1.028363;-1.017094;3.51703;
FootRight;1.401763;-1.021178;3.251474;
FootLeft;0.945753;-1.091315;3.523918;
Head;0.9130452;0.5776031;3.55188;
ShoulderCenter;1.01648;0.4065481;3.537536;
ShoulderRight;1.111882;0.3067994;3.392115;
ShoulderLeft;0.9778216;0.3117557;3.67522;
ElbowRight;1.141182;0.04857715;3.289453;
ElbowLeft;0.9541501;0.02189484;3.694807;
WristRight;1.026243;-0.213405;3.211152;
WristLeft;0.9024639;-0.2377893;3.695626;
HandRight;0.9936984;-0.2928487;3.198819;
HandLeft;0.8788937;-0.3009777;3.686021;
Spine;1.046277;0.03301743;3.519476;
HipCenter;0.9983004;-0.03612529;3.493623;
HipRight;1.023849;-0.07536082;3.456925;
HipLeft;0.9728209;-0.09053196;3.517799;
KneeRight;1.050822;-0.6500843;3.35507;
KneeLeft;0.9534377;-0.6699608;3.538323;
AnkleRight;1.294771;-0.9732715;3.389878;
AnkleLeft;1.039775;-1.019356;3.5279;
FootRight;1.323558;-0.9978701;3.263027;
FootLeft;0.9536717;-1.087463;3.525248;
Head;0.8806413;0.5790973;3.53427;
ShoulderCenter;0.9939114;0.4116591;3.519536;
ShoulderRight;1.071613;0.3128009;3.386598;
ShoulderLeft;0.9415176;0.3394303;3.668339;
ElbowRight;1.095242;0.05167748;3.283527;
ElbowLeft;0.9029519;0.04199558;3.675962;
WristRight;1.025341;-0.2117954;3.210949;
WristLeft;0.8367556;-0.2259211;3.695804;
HandRight;0.994889;-0.2939999;3.199383;
HandLeft;0.7991375;-0.2927022;3.654991;
Spine;1.008162;0.04263241;3.508383;
HipCenter;0.956246;-0.02325066;3.484274;
HipRight;0.97597;-0.07250804;3.445763;
HipLeft;0.9248248;-0.07154791;3.51178;
KneeRight;0.9576125;-0.635552;3.358179;
KneeLeft;0.9100119;-0.6710542;3.455518;
AnkleRight;1.223795;-0.9803262;3.376937;
AnkleLeft;1.040859;-1.026682;3.508901;
FootRight;1.147471;-1.028102;3.341748;
FootLeft;0.9531996;-1.088828;3.524602;
Head;0.8416868;0.5985053;3.523162;
ShoulderCenter;0.9480554;0.4236813;3.499591;
ShoulderRight;1.020045;0.3129614;3.368743;
ShoulderLeft;0.8999745;0.3391452;3.664808;
ElbowRight;1.084798;0.05447348;3.275527;
ElbowLeft;0.8560663;0.03888103;3.691074;
WristRight;1.023012;-0.2135793;3.213752;
WristLeft;0.7550898;-0.2029553;3.672276;
HandRight;1.008444;-0.302595;3.205616;
HandLeft;0.7302048;-0.2650918;3.673154;
Spine;0.9638792;0.06839076;3.491569;
HipCenter;0.9120715;0.004410241;3.470479;
HipRight;0.9311431;-0.05983487;3.412437;
HipLeft;0.8868489;-0.06471428;3.514571;
KneeRight;0.9012725;-0.6434798;3.346524;
KneeLeft;0.876513;-0.6729721;3.436731;
AnkleRight;1.09684;-0.9731778;3.355976;
AnkleLeft;1.006275;-1.012769;3.462029;
FootRight;1.021935;-1.066266;3.349272;
FootLeft;0.9227716;-1.093049;3.52809;
Head;0.788638;0.590887;3.483101;
ShoulderCenter;0.9076695;0.4285686;3.491151;
ShoulderRight;0.996362;0.3191517;3.36286;
ShoulderLeft;0.869295;0.3447335;3.656755;
ElbowRight;1.065455;0.06100234;3.268748;
ElbowLeft;0.8015629;0.04483861;3.681882;
WristRight;1.018757;-0.2150809;3.211884;
WristLeft;0.7009782;-0.1705498;3.695395;
HandRight;1.009176;-0.305291;3.203963;
HandLeft;0.6551142;-0.2383789;3.651616;
Spine;0.9361299;0.0713345;3.483963;
HipCenter;0.8867841;0.005182476;3.46194;
HipRight;0.9081944;-0.0602058;3.403142;
HipLeft;0.8556978;-0.06271748;3.505996;
KneeRight;0.820987;-0.6429582;3.332617;
KneeLeft;1.002023;-0.6509773;3.543842;
AnkleRight;0.9982904;-1.002266;3.358152;
AnkleLeft;1.056173;-0.9799517;3.40976;
FootRight;0.8922145;-1.082878;3.359265;
FootLeft;0.9516651;-1.046635;3.458577;
Head;0.7643207;0.6009705;3.486985;
ShoulderCenter;0.8717824;0.4235627;3.474992;
ShoulderRight;0.9495858;0.3049528;3.349086;
ShoulderLeft;0.8052438;0.3365123;3.609445;
ElbowRight;1.047297;0.05934148;3.265248;
ElbowLeft;0.7594343;0.03860104;3.673433;
WristRight;1.014337;-0.2171851;3.210888;
WristLeft;0.6153568;-0.1711078;3.69165;
HandRight;1.007544;-0.3107454;3.207151;
HandLeft;0.5671582;-0.2302632;3.655563;
Spine;0.8959736;0.04647916;3.464077;
HipCenter;0.8498054;-0.02276669;3.436263;
HipRight;0.8732629;-0.0702307;3.371267;
HipLeft;0.8212819;-0.1161488;3.485628;
KneeRight;0.7597256;-0.6306881;3.311257;
KneeLeft;0.9806999;-0.667739;3.545391;
AnkleRight;0.8992943;-1.051624;3.360769;
AnkleLeft;1.043007;-1.045894;3.493794;
FootRight;0.771234;-1.086569;3.347867;
FootLeft;0.9511853;-1.1357;3.529721;
Head;0.7062516;0.5962126;3.465503;
ShoulderCenter;0.8229932;0.4229626;3.453686;
ShoulderRight;0.9263743;0.3054852;3.340707;
ShoulderLeft;0.7807504;0.3411413;3.603985;
ElbowRight;1.015355;0.05240928;3.250519;
ElbowLeft;0.7106148;0.04506025;3.668947;
WristRight;0.9975727;-0.2305412;3.200015;
WristLeft;0.5545059;-0.1610103;3.653748;
HandRight;1.002352;-0.3200248;3.203379;
HandLeft;0.5097006;-0.2129579;3.662951;
Spine;0.8738906;0.03491635;3.441663;
HipCenter;0.8301047;-0.04017516;3.412556;
HipRight;0.8626816;-0.07649249;3.357231;
HipLeft;0.8016866;-0.1238292;3.458187;
KneeRight;0.7123705;-0.6257335;3.307143;
KneeLeft;0.9250003;-0.6871987;3.523872;
AnkleRight;0.7644238;-1.034491;3.315559;
AnkleLeft;1.023669;-1.050945;3.500882;
FootRight;0.6557941;-1.081004;3.312323;
FootLeft;0.9920799;-1.14014;3.52186;
Head;0.6750026;0.5924695;3.451841;
ShoulderCenter;0.7932492;0.4178649;3.437403;
ShoulderRight;0.8758688;0.2979344;3.318036;
ShoulderLeft;0.7350343;0.3368389;3.582167;
ElbowRight;0.9957107;0.04660258;3.243704;
ElbowLeft;0.6576712;0.04264265;3.655421;
WristRight;0.9868522;-0.2364825;3.201985;
WristLeft;0.4921023;-0.1512592;3.635822;
HandRight;0.9961488;-0.3255362;3.200309;
HandLeft;0.4542245;-0.2080285;3.625625;
Spine;0.8357427;0.03848742;3.428076;
HipCenter;0.7925012;-0.03414794;3.401487;
HipRight;0.814964;-0.07490981;3.337193;
HipLeft;0.7677835;-0.1216814;3.45074;
KneeRight;0.6713001;-0.6521658;3.28996;
KneeLeft;0.8049925;-0.6673705;3.417496;
AnkleRight;0.6459967;-1.02147;3.282428;
AnkleLeft;1.024448;-1.050342;3.500438;
FootRight;0.5359156;-1.058965;3.250595;
FootLeft;0.9132695;-1.101635;3.545219;
Head;0.6323872;0.587652;3.428175;
ShoulderCenter;0.7429186;0.4089734;3.412519;
ShoulderRight;0.8400825;0.2951768;3.302837;
ShoulderLeft;0.6717093;0.2266212;3.54827;
ElbowRight;0.9573283;0.03335331;3.236519;
ElbowLeft;0.610047;0.02300361;3.64738;
WristRight;0.9681122;-0.2374462;3.199826;
WristLeft;0.440036;-0.1410321;3.62645;
HandRight;0.9800441;-0.3305466;3.20573;
HandLeft;0.3809836;-0.1840032;3.644267;
Spine;0.8008773;0.04083133;3.416223;
HipCenter;0.7627651;-0.03230311;3.386582;
HipRight;0.7947733;-0.0799546;3.312064;
HipLeft;0.7302662;-0.1400377;3.445196;
KneeRight;0.6474536;-0.6231453;3.285018;
KneeLeft;0.7788237;-0.6682049;3.402653;
AnkleRight;0.5115995;-1.04445;3.252768;
AnkleLeft;1.016503;-1.035264;3.50167;
FootRight;0.3882019;-1.058632;3.20901;
FootLeft;0.9147795;-1.101526;3.540125;
Head;0.5895809;0.5900574;3.413203;
ShoulderCenter;0.7043588;0.415383;3.404024;
ShoulderRight;0.7854749;0.2844197;3.286422;
ShoulderLeft;0.6507887;0.2870232;3.575451;
ElbowRight;0.91711;0.0252005;3.222331;
ElbowLeft;0.5716589;0.01581393;3.644851;
WristRight;0.9377031;-0.2469468;3.192615;
WristLeft;0.3917026;-0.1515175;3.648288;
HandRight;0.9563487;-0.3381876;3.200825;
HandLeft;0.3470814;-0.2040482;3.653212;
Spine;0.7569562;0.02604172;3.401325;
HipCenter;0.7140314;-0.05098245;3.379107;
HipRight;0.7386079;-0.09074466;3.305547;
HipLeft;0.7023984;-0.1475316;3.442281;
KneeRight;0.6462325;-0.6181014;3.284104;
KneeLeft;0.8933322;-0.6977261;3.534138;
AnkleRight;0.4283182;-1.039437;3.224209;
AnkleLeft;1.017881;-1.035857;3.50067;
FootRight;0.3260934;-1.051059;3.206217;
FootLeft;0.924401;-1.103516;3.567179;
Head;0.5519806;0.5721269;3.4003;
ShoulderCenter;0.6581748;0.3951429;3.39713;
ShoulderRight;0.7491864;0.2785451;3.272278;
ShoulderLeft;0.6216583;0.3203766;3.609684;
ElbowRight;0.8674188;0.0207718;3.205237;
ElbowLeft;0.5305303;0.01663995;3.633153;
WristRight;0.8929182;-0.2651497;3.177923;
WristLeft;0.360361;-0.1549875;3.648711;
HandRight;0.9038141;-0.3487745;3.187699;
HandLeft;0.3124057;-0.2032972;3.639532;
Spine;0.7328337;0.02870001;3.388956;
HipCenter;0.6898119;-0.04779249;3.369654;
HipRight;0.7106669;-0.08654095;3.295026;
HipLeft;0.6726748;-0.1469304;3.429053;
KneeRight;0.5961839;-0.6055651;3.258307;
KneeLeft;0.8783575;-0.6940877;3.524145;
AnkleRight;0.4045199;-1.038954;3.223072;
AnkleLeft;1.022581;-1.03087;3.502739;
FootRight;0.2811019;-1.047208;3.194335;
FootLeft;0.9265947;-1.10098;3.565345;
Head;0.5087686;0.5599747;3.379645;
ShoulderCenter;0.6368311;0.3906285;3.386777;
ShoulderRight;0.7045879;0.2661843;3.252347;
ShoulderLeft;0.5410461;0.2050649;3.480523;
ElbowRight;0.8307217;0.01308847;3.188467;
ElbowLeft;0.5045571;0.001842269;3.635056;
WristRight;0.8566021;-0.2780116;3.163357;
WristLeft;0.331607;-0.1611282;3.640387;
HandRight;0.8756942;-0.351315;3.174319;
HandLeft;0.2906549;-0.2146755;3.630796;
Spine;0.6828181;0.0178639;3.367584;
HipCenter;0.6447268;-0.05201723;3.334021;
HipRight;0.6786394;-0.1029317;3.242612;
HipLeft;0.6173664;-0.1683526;3.401762;
KneeRight;0.5490599;-0.5602574;3.255653;
KneeLeft;0.8501278;-0.6921513;3.511925;
AnkleRight;0.4062571;-1.015613;3.224448;
AnkleLeft;1.018905;-1.028507;3.503975;
FootRight;0.2795674;-1.057968;3.204169;
FootLeft;0.9181414;-1.096076;3.564606;
Head;0.4584163;0.5360869;3.356793;
ShoulderCenter;0.5796573;0.3811266;3.369356;
ShoulderRight;0.6780453;0.2656342;3.241011;
ShoulderLeft;0.5294689;0.3254033;3.516538;
ElbowRight;0.7785628;-0.03383847;3.157804;
ElbowLeft;0.4708859;0.02845186;3.596072;
WristRight;0.799105;-0.2697719;3.127555;
WristLeft;0.3024965;-0.1729389;3.630347;
HandRight;0.8161998;-0.3576243;3.150015;
HandLeft;0.2576133;-0.2237626;3.622987;
Spine;0.6416744;0.01215832;3.354836;
HipCenter;0.6013579;-0.06052849;3.3267;
HipRight;0.623128;-0.09937922;3.257654;
HipLeft;0.5838596;-0.1582186;3.379657;
KneeRight;0.4893919;-0.5971236;3.245443;
KneeLeft;0.6218072;-0.6600748;3.352588;
AnkleRight;0.4031903;-1.019457;3.224442;
AnkleLeft;0.9510156;-0.9686487;3.475764;
FootRight;0.2881235;-1.0791;3.254596;
FootLeft;0.90861;-1.071873;3.55211;
Head;0.4245376;0.5237222;3.323176;
ShoulderCenter;0.5480235;0.3801149;3.350202;
ShoulderRight;0.6317508;0.2730177;3.222603;
ShoulderLeft;0.4978352;0.3243916;3.497384;
ElbowRight;0.7221264;-0.02474302;3.135382;
ElbowLeft;0.4377087;0.02972087;3.592193;
WristRight;0.7270549;-0.2642307;3.105334;
WristLeft;0.3001132;-0.1745979;3.629053;
HandRight;0.7634205;-0.3470306;3.12922;
HandLeft;0.2449836;-0.2435213;3.598084;
Spine;0.5929956;0.006386739;3.337039;
HipCenter;0.5493879;-0.06533925;3.311802;
HipRight;0.5735611;-0.09919403;3.260317;
HipLeft;0.5270003;-0.1414784;3.351058;
KneeRight;0.448001;-0.6152849;3.225466;
KneeLeft;0.6087129;-0.6974347;3.371093;
AnkleRight;0.4032479;-1.019538;3.224361;
AnkleLeft;0.95432;-0.9916788;3.49492;
FootRight;0.2901124;-1.085755;3.263756;
FootLeft;0.8984228;-1.093316;3.567594;
Head;0.3778427;0.5416174;3.306243;
ShoulderCenter;0.4982117;0.3870137;3.315748;
ShoulderRight;0.5872585;0.2674813;3.213602;
ShoulderLeft;0.4480233;0.3312904;3.462929;
ElbowRight;0.6734871;0.03422744;3.123781;
ElbowLeft;0.3962289;0.050071;3.58684;
WristRight;0.6742168;-0.2641029;3.088402;
WristLeft;0.2783253;-0.1976529;3.599172;
HandRight;0.6843931;-0.3576764;3.090819;
HandLeft;0.2367887;-0.2723013;3.582492;
Spine;0.5382624;0.007915387;3.326744;
HipCenter;0.4941894;-0.06565995;3.302753;
HipRight;0.5229923;-0.1109001;3.255738;
HipLeft;0.4643862;-0.1329889;3.343006;
KneeRight;0.4393922;-0.6122609;3.215504;
KneeLeft;0.6366688;-0.61006;3.450581;
AnkleRight;0.402729;-1.01863;3.224704;
AnkleLeft;0.9253541;-0.9867979;3.493815;
FootRight;0.2890819;-1.086259;3.258923;
FootLeft;0.8814703;-1.094669;3.565219;
Head;0.3289573;0.5592086;3.296838;
ShoulderCenter;0.4523578;0.4022112;3.29502;
ShoulderRight;0.5423585;0.2811172;3.197231;
ShoulderLeft;0.4021695;0.3464879;3.442202;
ElbowRight;0.6212451;0.04107612;3.11868;
ElbowLeft;0.3795173;0.06127977;3.564049;
WristRight;0.5906223;-0.2721067;3.099262;
WristLeft;0.2801978;-0.2023198;3.583251;
HandRight;0.614315;-0.3625215;3.08482;
HandLeft;0.2357198;-0.2757564;3.577119;
Spine;0.5062659;0.01725734;3.31332;
HipCenter;0.4650035;-0.0597846;3.290671;
HipRight;0.4968516;-0.1013386;3.248329;
HipLeft;0.4347439;-0.1282123;3.32764;
KneeRight;0.416798;-0.6136799;3.207985;
KneeLeft;0.6382545;-0.7104996;3.476243;
AnkleRight;0.4012273;-1.017452;3.224437;
AnkleLeft;0.8900116;-0.9763293;3.490697;
FootRight;0.2934281;-1.090377;3.26532;
FootLeft;0.8293753;-1.078491;3.557752;
Head;0.3101619;0.5705191;3.308763;
ShoulderCenter;0.4307434;0.3965213;3.289694;
ShoulderRight;0.5223839;0.2807447;3.182983;
ShoulderLeft;0.3412107;0.1954998;3.392022;
ElbowRight;0.5702173;0.02523909;3.114914;
ElbowLeft;0.3147659;-0.09218003;3.506554;
WristRight;0.5136095;-0.2440124;3.088718;
WristLeft;0.2559127;-0.2738281;3.634532;
HandRight;0.5084494;-0.3383793;3.077271;
HandLeft;0.236295;-0.3343774;3.681931;
Spine;0.4701753;0.009094028;3.318979;
HipCenter;0.4321952;-0.06733143;3.28942;
HipRight;0.4733828;-0.1154211;3.242725;
HipLeft;0.3858653;-0.1457954;3.334069;
KneeRight;0.4059061;-0.6167533;3.203911;
KneeLeft;0.5605494;-0.7093956;3.403001;
AnkleRight;0.3971969;-1.020099;3.223987;
AnkleLeft;0.803149;-0.972366;3.475741;
FootRight;0.2899004;-1.094558;3.268185;
FootLeft;0.744638;-1.076946;3.54393;
Head;0.2710912;0.5900975;3.315852;
ShoulderCenter;0.3731333;0.4156939;3.282212;
ShoulderRight;0.4704988;0.2847192;3.166431;
ShoulderLeft;0.3033746;0.1939049;3.352679;
ElbowRight;0.5115532;0.0314133;3.108286;
ElbowLeft;0.2770185;-0.09280907;3.466669;
WristRight;0.4458058;-0.1964938;3.088069;
WristLeft;0.2597756;-0.2743452;3.60423;
HandRight;0.4345134;-0.2874488;3.058405;
HandLeft;0.2540279;-0.3348573;3.654834;
Spine;0.4148131;0.004819349;3.33625;
HipCenter;0.3789218;-0.07898572;3.310061;
HipRight;0.4179087;-0.1368901;3.268692;
HipLeft;0.3422757;-0.1457586;3.354449;
KneeRight;0.3918209;-0.6191242;3.194611;
KneeLeft;0.3124915;-0.6113165;3.379136;
AnkleRight;0.3968358;-1.019685;3.224429;
AnkleLeft;0.6603661;-0.9284993;3.448904;
FootRight;0.3195875;-1.086206;3.233084;
FootLeft;0.661252;-1.046061;3.521968;
Head;0.2421732;0.5740158;3.300054;
ShoulderCenter;0.3526697;0.4101798;3.286124;
ShoulderRight;0.4420233;0.3002695;3.1587;
ShoulderLeft;0.266559;0.1918194;3.361824;
ElbowRight;0.4617301;0.04391276;3.092235;
ElbowLeft;0.2402959;-0.09388313;3.475394;
WristRight;0.3755884;-0.2107709;3.048484;
WristLeft;0.2484941;-0.3177399;3.536842;
HandRight;0.3440351;-0.2966124;3.032341;
HandLeft;0.2277059;-0.3454806;3.508224;
Spine;0.3972361;0.0169888;3.314854;
HipCenter;0.3585723;-0.0575428;3.281184;
HipRight;0.4061833;-0.1057238;3.224857;
HipLeft;0.3133631;-0.1311153;3.327565;
KneeRight;0.3857247;-0.6195793;3.192826;
KneeLeft;0.2468895;-0.5876472;3.390383;
AnkleRight;0.3948481;-1.01883;3.223084;
AnkleLeft;0.5534396;-0.9564568;3.429677;
FootRight;0.2826464;-1.09454;3.250058;
FootLeft;0.5423597;-1.075553;3.49854;
Head;0.1889581;0.5823721;3.302856;
ShoulderCenter;0.3063208;0.424875;3.284302;
ShoulderRight;0.4032916;0.3014347;3.154945;
ShoulderLeft;0.2177286;0.1798664;3.344604;
ElbowRight;0.4178517;0.0708115;3.075063;
ElbowLeft;0.1915264;-0.1051735;3.457768;
WristRight;0.2947707;-0.2179494;3.056782;
WristLeft;0.2077906;-0.3283373;3.518202;
HandRight;0.2472776;-0.2992828;3.035431;
HandLeft;0.1853637;-0.3568342;3.489992;
Spine;0.3549696;0.0114573;3.319124;
HipCenter;0.3209704;-0.07092524;3.287085;
HipRight;0.3589475;-0.1251009;3.24505;
HipLeft;0.2838022;-0.1472337;3.327607;
KneeRight;0.3736514;-0.6232246;3.188559;
KneeLeft;0.2198763;-0.6026686;3.381612;
AnkleRight;0.392943;-1.019926;3.227215;
AnkleLeft;0.5288308;-0.9706447;3.433329;
FootRight;0.2842882;-1.094106;3.247889;
FootLeft;0.5062996;-1.084616;3.507388;
Head;0.1599548;0.5917437;3.296657;
ShoulderCenter;0.2797408;0.439226;3.283707;
ShoulderRight;0.3541205;0.3144073;3.155355;
ShoulderLeft;0.1920766;0.193824;3.344039;
ElbowRight;0.3826603;0.08999784;3.055976;
ElbowLeft;0.1657256;-0.09283422;3.458041;
WristRight;0.2085723;-0.1793226;3.028554;
WristLeft;0.1806358;-0.3175914;3.51824;
HandRight;0.1501006;-0.2738433;3.007402;
HandLeft;0.1582913;-0.3427992;3.489101;
Spine;0.3301678;0.01822413;3.29194;
HipCenter;0.2935083;-0.06410091;3.257374;
HipRight;0.3412787;-0.09569777;3.213807;
HipLeft;0.2446253;-0.1408568;3.286603;
KneeRight;0.3638022;-0.6261209;3.188939;
KneeLeft;0.1714634;-0.6091374;3.375933;
AnkleRight;0.3911695;-1.017419;3.227115;
AnkleLeft;0.515224;-0.9286813;3.412576;
FootRight;0.2841456;-1.094914;3.255354;
FootLeft;0.4014908;-1.003992;3.39497;
Head;0.1282855;0.5994912;3.283758;
ShoulderCenter;0.2309388;0.4368782;3.284457;
ShoulderRight;0.3305905;0.3091958;3.148653;
ShoulderLeft;0.1456515;0.2156594;3.339783;
ElbowRight;0.3530031;0.08124965;3.054774;
ElbowLeft;0.1191751;-0.07236379;3.454501;
WristRight;0.1413158;-0.1581112;2.997061;
WristLeft;0.1348324;-0.2983193;3.514547;
HandRight;0.07569797;-0.2507613;2.967161;
HandLeft;0.1121904;-0.3213351;3.484812;
Spine;0.2853496;0.02142063;3.292271;
HipCenter;0.2532207;-0.06021035;3.25597;
HipRight;0.3049731;-0.09810345;3.209847;
HipLeft;0.2086715;-0.1343235;3.291891;
KneeRight;0.3351433;-0.6317194;3.194943;
KneeLeft;0.1325255;-0.6456866;3.367732;
AnkleRight;0.3907749;-1.017594;3.227867;
AnkleLeft;0.253672;-1.035417;3.364867;
FootRight;0.3169106;-1.084636;3.237855;
FootLeft;0.1766199;-1.098525;3.376304;
Head;0.09224194;0.5772197;3.261258;
ShoulderCenter;0.2066832;0.4303062;3.279164;
ShoulderRight;0.2990676;0.3038451;3.137546;
ShoulderLeft;0.122157;0.209205;3.33456;
ElbowRight;0.2507449;0.07901668;3.04698;
ElbowLeft;0.09574452;-0.07812274;3.448999;
WristRight;0.04879248;-0.1593631;2.95608;
WristLeft;0.07852275;-0.3016609;3.355604;
HandRight;0.006728621;-0.2344112;2.949848;
HandLeft;0.06009033;-0.3677499;3.345742;
Spine;0.2610638;0.02169618;3.289767;
HipCenter;0.226524;-0.0587915;3.255599;
HipRight;0.2811337;-0.1010989;3.205588;
HipLeft;0.1741516;-0.1333882;3.297367;
KneeRight;0.3161997;-0.6270556;3.184987;
KneeLeft;0.08177662;-0.6523059;3.345798;
AnkleRight;0.3867659;-1.017376;3.226892;
AnkleLeft;0.1992314;-1.030174;3.338953;
FootRight;0.3158971;-1.087002;3.237498;
FootLeft;0.07734867;-1.080527;3.341841;
Head;0.06908076;0.576271;3.275117;
ShoulderCenter;0.1614399;0.3377276;3.262815;
ShoulderRight;0.2469576;0.3046856;3.128391;
ShoulderLeft;0.07671571;0.1165359;3.318131;
ElbowRight;0.1718457;0.0446799;3.024244;
ElbowLeft;0.05040475;-0.1696873;3.432023;
WristRight;-0.01275987;-0.1625961;2.943213;
WristLeft;0.04320487;-0.3935322;3.340715;
HandRight;-0.06118015;-0.2189738;2.945709;
HandLeft;0.02445783;-0.4577244;3.331424;
Spine;0.2122003;-0.01053856;3.27902;
HipCenter;0.1771345;-0.07899754;3.24634;
HipRight;0.2140274;-0.1309169;3.208637;
HipLeft;0.1473284;-0.1595284;3.275784;
KneeRight;0.3006406;-0.6261538;3.181399;
KneeLeft;0.0232008;-0.6395376;3.331665;
AnkleRight;0.38553;-1.016085;3.227577;
AnkleLeft;0.05069502;-1.016631;3.302438;
FootRight;0.3163131;-1.08715;3.237206;
FootLeft;-0.06473675;-1.08125;3.328579;
Head;0.003821352;0.6258373;3.26584;
ShoulderCenter;0.1096562;0.4273195;3.246333;
ShoulderRight;0.2197129;0.3044892;3.129447;
ShoulderLeft;0.02493207;0.2061277;3.301649;
ElbowRight;0.1366446;0.05596332;3.010466;
ElbowLeft;-0.00131611;-0.07941255;3.415131;
WristRight;-0.07203235;-0.15112;2.940167;
WristLeft;-0.0577073;-0.1508491;3.094437;
HandRight;-0.1384193;-0.2070697;2.930845;
HandLeft;-0.1229438;-0.1773605;3.090156;
Spine;0.1710349;0.01718276;3.266762;
HipCenter;0.1508659;-0.06742749;3.233859;
HipRight;0.1939605;-0.1148521;3.198487;
HipLeft;0.1100395;-0.1357103;3.259554;
KneeRight;0.286055;-0.6232078;3.180132;
KneeLeft;-0.01370573;-0.6460071;3.326918;
AnkleRight;0.3843218;-1.014609;3.227499;
AnkleLeft;-0.1009073;-1.037434;3.29801;
FootRight;0.3115063;-1.082376;3.238364;
FootLeft;-0.2309046;-1.067926;3.320338;
Head;-0.02165138;0.6120175;3.265553;
ShoulderCenter;0.0822947;0.4202103;3.243459;
ShoulderRight;0.1727346;0.2923926;3.11598;
ShoulderLeft;-0.002429463;0.1990185;3.298775;
ElbowRight;0.1128762;0.06746624;3.00836;
ElbowLeft;-0.02862463;-0.0859451;3.411903;
WristRight;-0.1214884;-0.1369176;2.925059;
WristLeft;-0.1119775;-0.1504284;3.096499;
HandRight;-0.1924579;-0.1989343;2.920673;
HandLeft;-0.1763848;-0.1779802;3.102092;
Spine;0.1529656;0.001749424;3.254985;
HipCenter;0.1242776;-0.08480213;3.220226;
HipRight;0.1766964;-0.1192132;3.200344;
HipLeft;0.08330154;-0.1494205;3.228235;
KneeRight;0.246715;-0.6270046;3.179385;
KneeLeft;-0.05157382;-0.6475657;3.316491;
AnkleRight;0.3822719;-1.012923;3.227201;
AnkleLeft;-0.1886945;-1.022472;3.280668;
FootRight;0.312025;-1.083747;3.238028;
FootLeft;-0.3227756;-1.043686;3.28173;
Head;-0.07509348;0.6193197;3.269776;
ShoulderCenter;0.03157174;0.4188752;3.236529;
ShoulderRight;0.1368119;0.2942837;3.111316;
ShoulderLeft;-0.05315242;0.1976835;3.291845;
ElbowRight;0.03804228;0.05223897;2.980718;
ElbowLeft;-0.07930946;-0.08686525;3.404718;
WristRight;-0.1773271;-0.1457454;2.90874;
WristLeft;-0.1642116;-0.1391366;3.087849;
HandRight;-0.2432282;-0.1935816;2.895043;
HandLeft;-0.2129025;-0.1899743;3.090017;
Spine;0.09713164;0.006502612;3.247832;
HipCenter;0.07166993;-0.07599417;3.21298;
HipRight;0.1169039;-0.1179745;3.176806;
HipLeft;0.03615521;-0.1465265;3.240403;
KneeRight;0.2190917;-0.6276001;3.187147;
KneeLeft;-0.1099298;-0.661455;3.312012;
AnkleRight;0.3794928;-1.011504;3.227442;
AnkleLeft;-0.2458402;-1.015566;3.269963;
FootRight;0.3114686;-1.085237;3.235798;
FootLeft;-0.3816197;-1.026199;3.270147;
Head;-0.1381363;0.5629439;3.283365;
ShoulderCenter;-0.02089765;0.4051012;3.249701;
ShoulderRight;0.1050363;0.29374;3.099991;
ShoulderLeft;-0.1056218;0.1839095;3.305017;
ElbowRight;0.01815308;0.05420841;2.981134;
ElbowLeft;-0.1317446;-0.1002666;3.417665;
WristRight;-0.1661854;-0.1060788;2.903141;
WristLeft;-0.2117764;-0.145334;3.098735;
HandRight;-0.2374804;-0.1688672;2.895966;
HandLeft;-0.2219156;-0.2148404;3.09375;
Spine;0.06685667;0.0001843622;3.244868;
HipCenter;0.04455155;-0.08156734;3.207457;
HipRight;0.09985474;-0.1211536;3.174109;
HipLeft;0.0009107194;-0.1569706;3.227035;
KneeRight;0.2055538;-0.6298172;3.186479;
KneeLeft;-0.1352605;-0.651863;3.304114;
AnkleRight;0.3749881;-1.01093;3.227798;
AnkleLeft;-0.2594051;-1.008128;3.259811;
FootRight;0.3101585;-1.088067;3.234655;
FootLeft;-0.3945532;-1.027217;3.253394;
Head;-0.1646875;0.55464;3.279138;
ShoulderCenter;-0.04366541;0.3985489;3.239468;
ShoulderRight;0.02534928;0.2806437;3.096403;
ShoulderLeft;-0.1283896;0.1773572;3.294784;
ElbowRight;-0.03889758;0.04424215;2.976335;
ElbowLeft;-0.1544663;-0.1063179;3.40714;
WristRight;-0.2615111;-0.1631588;2.878756;
WristLeft;-0.2168064;-0.1352019;3.082724;
HandRight;-0.3192053;-0.2111734;2.893384;
HandLeft;-0.2705038;-0.1962898;2.868149;
Spine;0.01803518;-0.0195427;3.232675;
HipCenter;-0.01291832;-0.1017906;3.201142;
HipRight;0.02811516;-0.1386455;3.167711;
HipLeft;-0.04387445;-0.1673282;3.224639;
KneeRight;0.1581297;-0.6384634;3.168908;
KneeLeft;-0.186122;-0.6576674;3.290673;
AnkleRight;0.3691003;-1.009222;3.226929;
AnkleLeft;-0.2725105;-1.003946;3.244876;
FootRight;0.3080837;-1.089896;3.232179;
FootLeft;-0.4069419;-1.030519;3.244396;
Head;-0.2227452;0.5472113;3.252812;
ShoulderCenter;-0.09193591;0.4002842;3.235092;
ShoulderRight;0.007173463;0.2728118;3.099549;
ShoulderLeft;-0.1766601;0.1790925;3.290408;
ElbowRight;-0.09417819;0.01443571;2.970898;
ElbowLeft;-0.2026985;-0.1041662;3.40251;
WristRight;-0.2880987;-0.1760061;2.89172;
WristLeft;-0.2556933;-0.1308811;3.076617;
HandRight;-0.3579993;-0.2374176;2.911591;
HandLeft;-0.3042551;-0.1894113;2.861758;
Spine;-0.01699316;-0.02762421;3.224171;
HipCenter;-0.04537141;-0.1123078;3.185901;
HipRight;0.002950849;-0.1439376;3.157686;
HipLeft;-0.08720363;-0.1787288;3.200455;
KneeRight;0.1326865;-0.6528219;3.161502;
KneeLeft;-0.2068197;-0.6541967;3.285763;
AnkleRight;0.3603922;-1.00906;3.227366;
AnkleLeft;-0.3127795;-1.013539;3.235137;
FootRight;0.306733;-1.094534;3.231498;
FootLeft;-0.4413625;-1.044924;3.241013;
Head;-0.2687435;0.5502429;3.247328;
ShoulderCenter;-0.1478926;0.3928483;3.221044;
ShoulderRight;-0.04878884;0.2683529;3.098103;
ShoulderLeft;-0.2326168;0.1716566;3.27636;
ElbowRight;-0.1095794;0.02320613;2.96944;
ElbowLeft;-0.3022086;-0.03922336;3.085048;
WristRight;-0.2954938;-0.1774891;2.894149;
WristLeft;-0.3590155;-0.1897544;2.88767;
HandRight;-0.3624646;-0.2435527;2.904944;
HandLeft;-0.3772046;-0.2664791;2.8949;
Spine;-0.07764757;-0.03027342;3.217758;
HipCenter;-0.1038699;-0.1138856;3.179631;
HipRight;-0.05644934;-0.1481803;3.145861;
HipLeft;-0.1420824;-0.1855817;3.201735;
KneeRight;0.06238626;-0.6601174;3.154392;
KneeLeft;-0.2586804;-0.6527539;3.273952;
AnkleRight;0.3198869;-0.9980235;3.224964;
AnkleLeft;-0.3189265;-1.012588;3.230591;
FootRight;0.272947;-1.086042;3.211767;
FootLeft;-0.4288071;-1.052974;3.252388;
Head;-0.3164033;0.4963224;3.246021;
ShoulderCenter;-0.1860449;0.3210311;3.213237;
ShoulderRight;-0.1042997;0.2754588;3.098269;
ShoulderLeft;-0.2707691;0.09983936;3.268553;
ElbowRight;-0.1367136;0.03680691;2.972719;
ElbowLeft;-0.2966996;-0.182245;3.38003;
WristRight;-0.3325532;-0.2044796;2.904174;
WristLeft;-0.3329883;-0.2169293;3.053844;
HandRight;-0.3798748;-0.2801879;2.904315;
HandLeft;-0.3787128;-0.2920589;2.900494;
Spine;-0.1256075;-0.05906821;3.224872;
HipCenter;-0.1548167;-0.134687;3.190753;
HipRight;-0.1136534;-0.1746927;3.169516;
HipLeft;-0.188171;-0.2086368;3.202775;
KneeRight;-0.009804219;-0.6591974;3.133425;
KneeLeft;-0.2953293;-0.6541185;3.273349;
AnkleRight;0.2800421;-0.9874946;3.224056;
AnkleLeft;-0.3232781;-1.011407;3.228592;
FootRight;0.2252878;-1.080834;3.226334;
FootLeft;-0.4281528;-1.053487;3.253834;
Head;-0.3605058;0.5363322;3.260417;
ShoulderCenter;-0.2384198;0.3184922;3.21646;
ShoulderRight;-0.133077;0.2760521;3.096105;
ShoulderLeft;-0.323144;0.0973005;3.271776;
ElbowRight;-0.1633354;0.03908102;2.978964;
ElbowLeft;-0.3489929;-0.1838965;3.382809;
WristRight;-0.3281183;-0.2009398;2.907166;
WristLeft;-0.361369;-0.3897157;3.260555;
HandRight;-0.3781901;-0.2823705;2.903444;
HandLeft;-0.3862172;-0.40711;3.294029;
Spine;-0.1826856;-0.0328179;3.230937;
HipCenter;-0.209772;-0.1023842;3.196686;
HipRight;-0.1676904;-0.1468174;3.163625;
HipLeft;-0.2430382;-0.1874619;3.21924;
KneeRight;-0.1347374;-0.6197245;3.10879;
KneeLeft;-0.3133241;-0.6560197;3.260682;
AnkleRight;0.2039713;-0.93853;3.19839;
AnkleLeft;-0.3241931;-1.010517;3.227962;
FootRight;0.2023384;-1.057091;3.20083;
FootLeft;-0.3786943;-1.09216;3.245316;
Head;-0.3728786;0.5389392;3.259784;
ShoulderCenter;-0.2622512;0.3221725;3.209253;
ShoulderRight;-0.1812497;0.2802334;3.0859;
ShoulderLeft;-0.3469754;0.1009808;3.264569;
ElbowRight;-0.204338;0.02644948;2.974261;
ElbowLeft;-0.3727299;-0.1791895;3.375088;
WristRight;-0.3265116;-0.2011887;2.917581;
WristLeft;-0.3851371;-0.3848146;3.254304;
HandRight;-0.3743603;-0.2838428;2.90962;
HandLeft;-0.4100486;-0.4034297;3.286813;
Spine;-0.2024272;-0.04805408;3.196491;
HipCenter;-0.2333916;-0.1213042;3.158005;
HipRight;-0.1870936;-0.1556857;3.109475;
HipLeft;-0.2687474;-0.218927;3.187216;
KneeRight;-0.1849349;-0.6284821;3.09963;
KneeLeft;-0.3588202;-0.6603116;3.233275;
AnkleRight;0.1446304;-0.9595568;3.182034;
AnkleLeft;-0.3288715;-1.005357;3.227608;
FootRight;0.1275268;-1.063689;3.177371;
FootLeft;-0.4166472;-1.054733;3.240426;
Head;-0.4352149;0.5390029;3.25542;
ShoulderCenter;-0.3072062;0.3233378;3.201169;
ShoulderRight;-0.201895;0.2840296;3.087496;
ShoulderLeft;-0.3919303;0.1021461;3.256485;
ElbowRight;-0.2144031;0.02937197;2.978865;
ElbowLeft;-0.4176062;-0.1771682;3.36657;
WristRight;-0.3321005;-0.217015;2.938871;
WristLeft;-0.4300382;-0.3826203;3.246999;
HandRight;-0.369758;-0.3045132;2.92714;
HandLeft;-0.4550035;-0.4022644;3.278714;
Spine;-0.2146529;-0.04188538;3.1797;
HipCenter;-0.2373097;-0.1139773;3.135854;
HipRight;-0.1858463;-0.1480768;3.096022;
HipLeft;-0.2734992;-0.2016926;3.141579;
KneeRight;-0.2498001;-0.6316729;3.106456;
KneeLeft;-0.377616;-0.6521724;3.1984;
AnkleRight;0.0598759;-0.9624971;3.157339;
AnkleLeft;-0.3311188;-1.006631;3.227468;
FootRight;0.03748555;-1.061318;3.150902;
FootLeft;-0.3938742;-1.080714;3.245568;
Head;-0.4811223;0.5757059;3.243419;
ShoulderCenter;-0.3509273;0.4250302;3.223953;
ShoulderRight;-0.2527607;0.2875811;3.09;
ShoulderLeft;-0.4356514;0.2038385;3.279269;
ElbowRight;-0.2365383;0.04411961;2.98285;
ElbowLeft;-0.4613099;-0.07528642;3.389254;
WristRight;-0.3258251;-0.2083129;2.947323;
WristLeft;-0.4737471;-0.2806991;3.269947;
HandRight;-0.3592095;-0.2976368;2.9349;
HandLeft;-0.4987246;-0.300572;3.301488;
Spine;-0.2907726;-0.01023328;3.193038;
HipCenter;-0.3202205;-0.09335916;3.152025;
HipRight;-0.2699746;-0.1298954;3.129423;
HipLeft;-0.3649714;-0.1495899;3.159183;
KneeRight;-0.3178448;-0.6299245;3.098006;
KneeLeft;-0.4138199;-0.6826898;3.160518;
AnkleRight;-0.04259024;-0.9740734;3.156075;
AnkleLeft;-0.330499;-1.012877;3.230387;
FootRight;-0.08733876;-1.061226;3.145541;
FootLeft;-0.4269186;-1.069818;3.281077;
Head;-0.5270064;0.5669752;3.230781;
ShoulderCenter;-0.3876157;0.4262725;3.221734;
ShoulderRight;-0.2916555;0.2911576;3.084088;
ShoulderLeft;-0.4723398;0.2050807;3.27705;
ElbowRight;-0.2471731;0.04470832;2.986484;
ElbowLeft;-0.497952;-0.0735414;3.386751;
WristRight;-0.3562219;-0.2475631;2.969831;
WristLeft;-0.5513025;-0.2890443;3.434638;
HandRight;-0.3528753;-0.3088575;2.933927;
HandLeft;-0.5769101;-0.3539031;3.448597;
Spine;-0.3282618;-0.01435291;3.199514;
HipCenter;-0.3587056;-0.09945207;3.160831;
HipRight;-0.3143749;-0.1330842;3.151972;
HipLeft;-0.400779;-0.1560652;3.159142;
KneeRight;-0.4030928;-0.6202118;3.102445;
KneeLeft;-0.3440873;-0.5845528;3.286755;
AnkleRight;-0.1539389;-0.9686428;3.146236;
AnkleLeft;-0.3292074;-1.006743;3.22019;
FootRight;-0.2118246;-1.051107;3.123114;
FootLeft;-0.4275929;-1.070008;3.281393;
Head;-0.5394205;0.5807009;3.20887;
ShoulderCenter;-0.4196691;0.4265373;3.215868;
ShoulderRight;-0.3150671;0.2926277;3.082183;
ShoulderLeft;-0.5043932;0.2053456;3.271184;
ElbowRight;-0.296604;0.04289097;2.994782;
ElbowLeft;-0.5299786;-0.07298492;3.380707;
WristRight;-0.3597534;-0.19083;2.972578;
WristLeft;-0.6230873;-0.2638432;3.45551;
HandRight;-0.3510199;-0.2864188;2.962826;
HandLeft;-0.6546229;-0.325771;3.439514;
Spine;-0.3608012;-0.01927775;3.198264;
HipCenter;-0.3895941;-0.1054455;3.158969;
HipRight;-0.3395703;-0.1326258;3.14658;
HipLeft;-0.4354972;-0.1713576;3.160205;
KneeRight;-0.5010023;-0.6056002;3.089467;
KneeLeft;-0.3711359;-0.6311213;3.2645;
AnkleRight;-0.2332648;-0.954496;3.125053;
AnkleLeft;-0.382609;-1.018943;3.190214;
FootRight;-0.2875575;-1.033524;3.103235;
FootLeft;-0.4272789;-1.072845;3.272648;
Head;-0.5777693;0.587508;3.195409;
ShoulderCenter;-0.4575807;0.4335633;3.203844;
ShoulderRight;-0.3521334;0.2955153;3.072032;
ShoulderLeft;-0.5423048;0.2123716;3.25916;
ElbowRight;-0.3168106;0.03364722;2.994394;
ElbowLeft;-0.5678575;-0.0656029;3.368441;
WristRight;-0.3637161;-0.1964359;2.974618;
WristLeft;-0.6972525;-0.2324016;3.445401;
HandRight;-0.3529254;-0.2923702;2.96758;
HandLeft;-0.7261214;-0.2974214;3.452992;
Spine;-0.4093326;-0.01813378;3.180388;
HipCenter;-0.4393824;-0.1043003;3.140218;
HipRight;-0.3924439;-0.1308268;3.106607;
HipLeft;-0.4795828;-0.1792049;3.159379;
KneeRight;-0.5505356;-0.6128317;3.085425;
KneeLeft;-0.3989493;-0.6461836;3.267291;
AnkleRight;-0.3653894;-1.014475;3.123355;
AnkleLeft;-0.3606929;-0.9959728;3.204869;
FootRight;-0.4549373;-1.078545;3.10817;
FootLeft;-0.4143396;-0.9758235;3.284556;
Head;-0.59653;0.5890984;3.185273;
ShoulderCenter;-0.4790592;0.4337166;3.19736;
ShoulderRight;-0.3995419;0.294044;3.060623;
ShoulderLeft;-0.5637833;0.2125249;3.252675;
ElbowRight;-0.3291752;0.03206323;2.994772;
ElbowLeft;-0.5893065;-0.06512833;3.361748;
WristRight;-0.3715941;-0.1943052;2.975757;
WristLeft;-0.7496097;-0.200793;3.440527;
HandRight;-0.3568028;-0.2826603;2.965699;
HandLeft;-0.7966121;-0.2527398;3.426664;
Spine;-0.4284918;-0.01786896;3.172496;
HipCenter;-0.462418;-0.1044998;3.135221;
HipRight;-0.4209612;-0.1277307;3.108772;
HipLeft;-0.5048213;-0.1732849;3.147679;
KneeRight;-0.6121986;-0.611061;3.081213;
KneeLeft;-0.424776;-0.6474861;3.272458;
AnkleRight;-0.4765836;-1.028077;3.110381;
AnkleLeft;-0.365317;-1.007176;3.196862;
FootRight;-0.5962424;-1.086122;3.109814;
FootLeft;-0.4095708;-1.064838;3.267638;
Head;-0.6445971;0.6049065;3.174187;
ShoulderCenter;-0.533653;0.4424476;3.181075;
ShoulderRight;-0.4405044;0.3024125;3.055346;
ShoulderLeft;-0.6183771;0.2212558;3.236391;
ElbowRight;-0.3548107;0.0315608;2.995328;
ElbowLeft;-0.6438818;-0.05619606;3.345306;
WristRight;-0.3850547;-0.1959586;2.974387;
WristLeft;-0.8145984;-0.1778679;3.42447;
HandRight;-0.3648714;-0.2908241;2.975919;
HandLeft;-0.8689294;-0.2172812;3.399269;
Spine;-0.4764221;-0.02288619;3.142364;
HipCenter;-0.5062537;-0.1113315;3.099684;
HipRight;-0.4594306;-0.1303842;3.076229;
HipLeft;-0.5487485;-0.1797606;3.107989;
KneeRight;-0.6653945;-0.61462;3.082479;
KneeLeft;-0.4951042;-0.6434767;3.231288;
AnkleRight;-0.6076043;-1.029896;3.095342;
AnkleLeft;-0.3319752;-1.01747;3.234718;
FootRight;-0.7357789;-1.062632;3.11288;
FootLeft;-0.4459829;-1.078223;3.268174;
Head;-0.6779208;0.5979658;3.169806;
ShoulderCenter;-0.5614702;0.4390218;3.17726;
ShoulderRight;-0.4775062;0.2960506;3.046743;
ShoulderLeft;-0.6461943;0.21783;3.232576;
ElbowRight;-0.3921191;0.02364966;2.98871;
ElbowLeft;-0.6716712;-0.05931991;3.34131;
WristRight;-0.3974696;-0.2056423;2.972424;
WristLeft;-0.8774843;-0.1706074;3.393907;
HandRight;-0.3699912;-0.2986904;2.974861;
HandLeft;-0.9296245;-0.2009598;3.355102;
Spine;-0.5121411;-0.01248866;3.149122;
HipCenter;-0.5460994;-0.09759907;3.110832;
HipRight;-0.5004889;-0.1233798;3.084053;
HipLeft;-0.5893846;-0.1604614;3.124956;
KneeRight;-0.6882696;-0.6052889;3.076801;
KneeLeft;-0.5092945;-0.6344774;3.225191;
AnkleRight;-0.7332683;-1.023623;3.097161;
AnkleLeft;-0.3330358;-1.017183;3.234404;
FootRight;-0.8508457;-1.086756;3.109423;
FootLeft;-0.4415618;-1.075339;3.287325;
Head;-0.7218275;0.589455;3.17479;
ShoulderCenter;-0.6102268;0.4205085;3.154639;
ShoulderRight;-0.5296944;0.2823266;3.032564;
ShoulderLeft;-0.6949509;0.1993168;3.209955;
ElbowRight;-0.4191576;0.009695516;2.984837;
ElbowLeft;-0.7938163;-0.01727876;3.382303;
WristRight;-0.4403183;-0.2194941;2.96408;
WristLeft;-0.9536109;-0.1830472;3.36681;
HandRight;-0.4076772;-0.3110059;2.974045;
HandLeft;-1.012488;-0.2245216;3.361844;
Spine;-0.5275586;-0.01907185;3.139405;
HipCenter;-0.5551091;-0.1061272;3.101526;
HipRight;-0.5098866;-0.1286941;3.068267;
HipLeft;-0.5959721;-0.1759701;3.120019;
KneeRight;-0.7389548;-0.5936832;3.070451;
KneeLeft;-0.615114;-0.6241658;3.163431;
AnkleRight;-0.8320153;-1.012319;3.100641;
AnkleLeft;-0.3462123;-1.008587;3.231414;
FootRight;-0.9500476;-1.075696;3.11295;
FootLeft;-0.4439716;-1.075958;3.294692;
Head;-0.7548143;0.5685554;3.131739;
ShoulderCenter;-0.6339192;0.4178073;3.15439;
ShoulderRight;-0.5626993;0.2769505;3.030529;
ShoulderLeft;-0.7186434;0.1966155;3.209706;
ElbowRight;-0.4778993;-0.01013097;2.982505;
ElbowLeft;-0.8414145;-0.01649387;3.37435;
WristRight;-0.4776055;-0.2432964;2.967701;
WristLeft;-1.000152;-0.184524;3.357384;
HandRight;-0.4365307;-0.3298844;2.978178;
HandLeft;-1.022928;-0.169493;3.341516;
Spine;-0.5472701;-0.02750539;3.120808;
HipCenter;-0.5735661;-0.1154161;3.080317;
HipRight;-0.5327219;-0.1315406;3.034554;
HipLeft;-0.6065412;-0.1917778;3.106485;
KneeRight;-0.7512639;-0.5828965;3.066877;
KneeLeft;-0.6266009;-0.6357768;3.163656;
AnkleRight;-0.9181556;-1.01503;3.107094;
AnkleLeft;-0.3538387;-1.018654;3.232473;
FootRight;-1.048352;-1.048365;3.107109;
FootLeft;-0.4514244;-1.080369;3.301253;
Head;-0.8014718;0.5794476;3.151066;
ShoulderCenter;-0.6911548;0.4120607;3.148082;
ShoulderRight;-0.6135098;0.276137;3.026372;
ShoulderLeft;-0.775879;0.190869;3.203398;
ElbowRight;-0.5420919;0.02306634;2.96547;
ElbowLeft;-0.8813944;-0.03387666;3.36604;
WristRight;-0.5336401;-0.2490014;2.959709;
WristLeft;-1.055259;-0.1861968;3.366419;
HandRight;-0.515246;-0.3174555;2.945818;
HandLeft;-1.118335;-0.220064;3.356844;
Spine;-0.6140426;-0.04045173;3.128278;
HipCenter;-0.6406209;-0.1297772;3.08992;
HipRight;-0.5952854;-0.138923;3.065244;
HipLeft;-0.6780289;-0.2056339;3.103188;
KneeRight;-0.811797;-0.5869707;3.062838;
KneeLeft;-0.5461957;-0.6339946;3.250559;
AnkleRight;-0.9613729;-1.013524;3.121502;
AnkleLeft;-0.3560053;-1.006371;3.229015;
FootRight;-1.08882;-1.054297;3.110555;
FootLeft;-0.4484556;-1.074427;3.29863;
Head;-0.874945;0.5233087;3.126435;
ShoulderCenter;-0.7172751;0.4051444;3.139465;
ShoulderRight;-0.6473145;0.2618905;3.016014;
ShoulderLeft;-0.8019993;0.1839527;3.194781;
ElbowRight;-0.5861931;0.02382795;2.960218;
ElbowLeft;-0.9251825;-0.04379828;3.343307;
WristRight;-0.5752713;-0.224383;2.936706;
WristLeft;-1.08607;-0.2023693;3.381052;
HandRight;-0.5562961;-0.3202977;2.940197;
HandLeft;-1.107493;-0.1908647;3.354077;
Spine;-0.6550314;-0.05272505;3.124481;
HipCenter;-0.6864858;-0.1425929;3.088866;
HipRight;-0.6436748;-0.1507806;3.069886;
HipLeft;-0.7250503;-0.2152005;3.098696;
KneeRight;-0.829884;-0.5802871;3.060163;
KneeLeft;-0.5564832;-0.6381038;3.255774;
AnkleRight;-1.009769;-1.016071;3.12683;
AnkleLeft;-0.3646607;-1.002899;3.226442;
FootRight;-1.13311;-1.068538;3.114306;
FootLeft;-0.4544054;-1.072006;3.299193;
Head;-0.9075804;0.5433539;3.117059;
ShoulderCenter;-0.7686324;0.4023649;3.12827;
ShoulderRight;-0.6872177;0.2527031;3.002402;
ShoulderLeft;-0.8533565;0.1811731;3.183586;
ElbowRight;-0.6411152;0.008161985;2.950865;
ElbowLeft;-0.9648954;-0.0478339;3.338589;
WristRight;-0.6275064;-0.2400954;2.927659;
WristLeft;-1.121897;-0.2113951;3.373677;
HandRight;-0.6013778;-0.3329967;2.946357;
HandLeft;-1.174231;-0.2659156;3.390234;
Spine;-0.7051353;0.008532409;3.121337;
HipCenter;-0.734459;-0.06867389;3.085597;
HipRight;-0.6976783;-0.1333377;3.003616;
HipLeft;-0.7599939;-0.15902;3.148738;
KneeRight;-0.8971123;-0.5299199;3.051076;
KneeLeft;-0.7115317;-0.6039929;3.110677;
AnkleRight;-1.003752;-0.9881189;3.120743;
AnkleLeft;-0.4277896;-0.9740955;3.198216;
FootRight;-1.115262;-1.062269;3.137769;
FootLeft;-0.4622864;-1.064042;3.29278;
Head;-0.9471154;0.5518751;3.104453;
ShoulderCenter;-0.8177206;0.3961755;3.096647;
ShoulderRight;-0.7451034;0.2601825;2.991078;
ShoulderLeft;-0.9024447;0.1749838;3.151963;
ElbowRight;-0.6967201;0.01101108;2.934069;
ElbowLeft;-1.025241;-0.02092266;3.33182;
WristRight;-0.7052178;-0.2209152;2.910692;
WristLeft;-1.110578;-0.2293381;3.373974;
HandRight;-0.7068251;-0.3190414;2.915926;
HandLeft;-1.158287;-0.2723203;3.340016;
Spine;-0.7477013;0.01088801;3.115591;
HipCenter;-0.7734051;-0.06767118;3.082547;
HipRight;-0.7313049;-0.1381393;3.003468;
HipLeft;-0.8004919;-0.1570051;3.150566;
KneeRight;-0.9251906;-0.5343034;3.059898;
KneeLeft;-0.7306771;-0.5974538;3.109286;
AnkleRight;-1.006521;-0.9982342;3.123766;
AnkleLeft;-0.4619013;-0.9781357;3.195733;
FootRight;-1.119949;-1.068597;3.142651;
FootLeft;-0.5123196;-1.058787;3.291268;
Head;-0.9798262;0.5496836;3.10257;
ShoulderCenter;-0.8470435;0.3947921;3.086263;
ShoulderRight;-0.7682547;0.2579852;2.984493;
ShoulderLeft;-0.9317676;0.1736003;3.141579;
ElbowRight;-0.7490858;-0.0295996;2.928175;
ElbowLeft;-1.067592;0.01133265;3.34612;
WristRight;-0.8127568;-0.2857845;2.919044;
WristLeft;-1.101009;-0.2181705;3.351021;
HandRight;-0.7893894;-0.3516355;2.899197;
HandLeft;-1.147461;-0.2692195;3.328382;
Spine;-0.8053781;0.03288214;3.118934;
HipCenter;-0.8313828;-0.039947;3.091937;
HipRight;-0.7909425;-0.1204023;2.998046;
HipLeft;-0.861303;-0.1539839;3.183078;
KneeRight;-0.9739161;-0.6085503;3.072138;
KneeLeft;-0.8284636;-0.6591738;3.169405;
AnkleRight;-1.014515;-1.022565;3.130711;
AnkleLeft;-0.4624826;-0.9625912;3.21408;
FootRight;-1.135649;-1.078167;3.149842;
FootLeft;-0.5206825;-1.053308;3.294792;
Head;-1.040837;0.5622454;3.095037;
ShoulderCenter;-0.9111742;0.4035797;3.074151;
ShoulderRight;-0.8238747;0.2654015;2.972618;
ShoulderLeft;-0.9958983;0.182388;3.129467;
ElbowRight;-0.8040201;-0.02329988;2.916523;
ElbowLeft;-1.109571;0.008145044;3.337095;
WristRight;-0.8617195;-0.2501435;2.91307;
WristLeft;-1.107454;-0.224324;3.340329;
HandRight;-0.8655782;-0.3483694;2.914239;
HandLeft;-1.147629;-0.2841961;3.331317;
Spine;-0.8433034;0.03668412;3.111237;
HipCenter;-0.8600067;-0.03978338;3.086838;
HipRight;-0.820707;-0.1051947;3.019577;
HipLeft;-0.8993853;-0.1243828;3.14714;
KneeRight;-0.9790588;-0.6100438;3.075121;
KneeLeft;-0.9151753;-0.6407422;3.126229;
AnkleRight;-1.021177;-1.025854;3.134542;
AnkleLeft;-0.536635;-0.91848;3.206126;
FootRight;-1.141538;-1.082509;3.154682;
FootLeft;-0.6014724;-1.002875;3.288441;
Head;-1.073294;0.5597127;3.102246;
ShoulderCenter;-0.9362493;0.4064085;3.076293;
ShoulderRight;-0.8556986;0.2697424;2.970307;
ShoulderLeft;-1.020973;0.1852168;3.131608;
ElbowRight;-0.8610441;-0.02631654;2.914473;
ElbowLeft;-1.153541;0.02437678;3.325733;
WristRight;-0.9521916;-0.2556469;2.912122;
WristLeft;-1.155681;-0.2089097;3.32267;
HandRight;-0.958263;-0.3480297;2.91659;
HandLeft;-1.186506;-0.2746536;3.323649;
Spine;-0.8460133;0.03682481;3.097292;
HipCenter;-0.8595293;-0.04049617;3.069247;
HipRight;-0.814845;-0.1041904;3.004013;
HipLeft;-0.8825724;-0.125031;3.116508;
KneeRight;-0.9905972;-0.6054558;3.082091;
KneeLeft;-0.9264473;-0.6370792;3.134093;
AnkleRight;-1.026463;-1.030847;3.140331;
AnkleLeft;-0.5628816;-0.9314584;3.211971;
FootRight;-1.146327;-1.088055;3.160825;
FootLeft;-0.651044;-0.9989052;3.287724;
Head;-1.112217;0.5785231;3.0803;
ShoulderCenter;-0.9891767;0.4193517;3.084727;
ShoulderRight;-0.9036264;0.2810073;2.964747;
ShoulderLeft;-1.073901;0.19816;3.140043;
ElbowRight;-0.9193852;0.007618871;2.902383;
ElbowLeft;-1.186955;0.0253538;3.31803;
WristRight;-1.016193;-0.2216838;2.855399;
WristLeft;-1.187691;-0.2080658;3.315287;
HandRight;-1.041921;-0.3166039;2.859126;
HandLeft;-1.225973;-0.2558981;3.31371;
Spine;-0.8886511;0.04948025;3.08377;
HipCenter;-0.8989743;-0.0282208;3.0552;
HipRight;-0.8485434;-0.09806406;2.970068;
HipLeft;-0.9114084;-0.1300904;3.120193;
KneeRight;-1.008506;-0.6276246;3.088526;
KneeLeft;-0.9609647;-0.6487384;3.142574;
AnkleRight;-1.02884;-1.032332;3.139665;
AnkleLeft;-0.6205489;-0.9420043;3.214426;
FootRight;-1.14906;-1.089897;3.160285;
FootLeft;-0.7090321;-1.009696;3.290455;
Head;-1.132617;0.530395;3.088931;
ShoulderCenter;-1.024459;0.3523999;3.075059;
ShoulderRight;-0.9205396;0.2844963;2.964865;
ShoulderLeft;-1.109183;0.1312082;3.130375;
ElbowRight;-0.9756905;0.02099759;2.882385;
ElbowLeft;-1.229157;-0.04139568;3.306751;
WristRight;-1.090312;-0.2224781;2.851673;
WristLeft;-1.230446;-0.2749515;3.303887;
HandRight;-1.124868;-0.3137947;2.865834;
HandLeft;-1.26567;-0.3388013;3.303926;
Spine;-0.9476724;0.02840379;3.075849;
HipCenter;-0.9627421;-0.03709558;3.044256;
HipRight;-0.9150173;-0.09996071;2.974438;
HipLeft;-0.9844269;-0.1385704;3.094903;
KneeRight;-1.050843;-0.6209624;3.060587;
KneeLeft;-1.06759;-0.7195437;3.143634;
AnkleRight;-1.029286;-1.032267;3.13936;
AnkleLeft;-0.716336;-0.9343002;3.230142;
FootRight;-1.149919;-1.09011;3.160094;
FootLeft;-0.8051492;-1.002245;3.306454;
Head;-1.184262;0.5990128;3.076968;
ShoulderCenter;-1.064648;0.4368727;3.078975;
ShoulderRight;-0.9764545;0.293598;2.961611;
ShoulderLeft;-1.149372;0.2156809;3.134291;
ElbowRight;-1.040678;0.02594654;2.868083;
ElbowLeft;-1.269346;0.0430771;3.310652;
WristRight;-1.18019;-0.2329825;2.857049;
WristLeft;-1.270637;-0.1906777;3.307789;
HandRight;-1.22415;-0.3198247;2.873509;
HandLeft;-1.305881;-0.2545655;3.307828;
Spine;-0.9935184;0.05180765;3.079597;
HipCenter;-1.012536;-0.02576988;3.049756;
HipRight;-0.9708481;-0.08181524;3.000557;
HipLeft;-1.040464;-0.0918892;3.087373;
KneeRight;-1.049815;-0.6450704;3.088365;
KneeLeft;-0.9768174;-0.6702364;3.23232;
AnkleRight;-0.9758865;-1.02359;3.168517;
AnkleLeft;-0.7910147;-0.972912;3.227591;
FootRight;-1.096733;-1.082086;3.18939;
FootLeft;-0.896752;-1.057661;3.237519;
Head;-1.217913;0.5942385;3.088186;
ShoulderCenter;-1.086223;0.4374943;3.074872;
ShoulderRight;-1.001952;0.2905546;2.954674;
ShoulderLeft;-1.170947;0.2163025;3.130188;
ElbowRight;-1.095822;0.02933706;2.868122;
ElbowLeft;-1.295025;0.04165132;3.320893;
WristRight;-1.262077;-0.2068163;2.857599;
WristLeft;-1.296318;-0.1923848;3.31803;
HandRight;-1.300819;-0.2975493;2.853748;
HandLeft;-1.331568;-0.2562832;3.318069;
Spine;-1.032225;0.06046073;3.083413;
HipCenter;-1.05656;-0.0141517;3.056688;
HipRight;-1.016428;-0.0800965;2.992249;
HipLeft;-1.085595;-0.09932321;3.111778;
KneeRight;-1.063692;-0.6435394;3.082901;
KneeLeft;-1.276221;-0.5885464;3.233057;
AnkleRight;-0.9769641;-1.006837;3.181733;
AnkleLeft;-0.9342895;-0.9274411;3.242902;
FootRight;-1.098243;-1.065541;3.202681;
FootLeft;-0.951838;-1.062316;3.252621;
Head;-1.208599;0.6352612;3.091;
ShoulderCenter;-1.140253;0.4411713;3.072983;
ShoulderRight;-1.054863;0.2978078;2.933639;
ShoulderLeft;-1.224977;0.2199796;3.128299;
ElbowRight;-1.148276;0.05550069;2.861448;
ElbowLeft;-1.355657;0.05387168;3.323012;
WristRight;-1.33279;-0.1921907;2.8536;
WristLeft;-1.35695;-0.1803003;3.320143;
HandRight;-1.376036;-0.279469;2.844285;
HandLeft;-1.392196;-0.2441908;3.320183;
Spine;-1.088197;0.05373351;3.095452;
HipCenter;-1.113138;-0.02477522;3.072228;
HipRight;-1.07346;-0.0828118;3.013327;
HipLeft;-1.14448;-0.1099994;3.126387;
KneeRight;-1.075792;-0.642308;3.078695;
KneeLeft;-1.317883;-0.6101749;3.253045;
AnkleRight;-1.02768;-1.014695;3.161866;
AnkleLeft;-0.9922967;-0.95183;3.249599;
FootRight;-1.118365;-1.079185;3.198588;
FootLeft;-1.075218;-1.060143;3.254873;
Head;-1.318833;0.5959613;3.105279;
ShoulderCenter;-1.181771;0.440407;3.074237;
ShoulderRight;-1.078721;0.3006972;2.943839;
ShoulderLeft;-1.266495;0.2192153;3.129553;
ElbowRight;-1.207654;0.0445268;2.869236;
ElbowLeft;-1.388382;0.04316812;3.306383;
WristRight;-1.385352;-0.1617621;2.843576;
WristLeft;-1.389676;-0.1912376;3.303513;
HandRight;-1.428598;-0.2490404;2.834261;
HandLeft;-1.424918;-0.2551202;3.303553;
Spine;-1.135933;0.0602152;3.102194;
HipCenter;-1.157367;-0.01675727;3.080285;
HipRight;-1.117229;-0.1010743;2.996818;
HipLeft;-1.190534;-0.1236649;3.160974;
KneeRight;-1.09687;-0.6373436;3.075487;
KneeLeft;-1.340199;-0.6247134;3.247509;
AnkleRight;-1.035826;-1.018229;3.143246;
AnkleLeft;-1.209026;-1.026789;3.233669;
FootRight;-1.13525;-1.090474;3.167488;
FootLeft;-1.26851;-1.097675;3.272852;
Head;-1.356935;0.6077322;3.100007;
ShoulderCenter;-1.23575;0.4409527;3.084544;
ShoulderRight;-1.131394;0.3027877;2.950139;
ShoulderLeft;-1.320475;0.2197609;3.13986;
ElbowRight;-1.26226;0.04265724;2.861573;
ElbowLeft;-1.091194;0.0418181;3.24244;
WristRight;-1.434652;-0.1436958;2.847525;
WristLeft;-1.05287;-0.2071481;3.261404;
HandRight;-1.477898;-0.2309742;2.83821;
HandLeft;-1.088107;-0.2710234;3.261443;
Spine;-1.173293;0.04938113;3.091497;
HipCenter;-1.192115;-0.02949409;3.066193;
HipRight;-1.141135;-0.1039428;2.990015;
HipLeft;-1.226863;-0.1271818;3.1298;
KneeRight;-1.110551;-0.6402965;3.078863;
KneeLeft;-1.382665;-0.6355736;3.251992;
AnkleRight;-1.063344;-1.021268;3.153586;
AnkleLeft;-1.301615;-1.02946;3.263644;
FootRight;-1.161755;-1.093434;3.18219;
FootLeft;-1.397526;-1.057369;3.255423;
Head;-1.391393;0.5985308;3.083888;
ShoulderCenter;-1.263485;0.439875;3.083823;
ShoulderRight;-1.167178;0.3003342;2.952704;
ShoulderLeft;-1.348209;0.2186833;3.139139;
ElbowRight;-1.296034;0.05318615;2.85658;
ElbowLeft;-1.131167;0.03440207;3.25522;
WristRight;-1.467293;-0.109282;2.835535;
WristLeft;-1.09987;-0.2114824;3.273218;
HandRight;-1.492161;-0.1297637;2.844516;
HandLeft;-1.135088;-0.2753228;3.273257;
Spine;-1.208906;0.07716975;3.09853;
HipCenter;-1.228748;0.005314231;3.075256;
HipRight;-1.178498;-0.08425292;2.986914;
HipLeft;-1.250216;-0.1118223;3.149073;
KneeRight;-1.131868;-0.6447285;3.080161;
KneeLeft;-1.401691;-0.6414175;3.251445;
AnkleRight;-1.057751;-1.018801;3.143518;
AnkleLeft;-1.435265;-1.033401;3.270217;
FootRight;-1.155875;-1.090974;3.1728;
FootLeft;-1.53244;-1.075368;3.236635;
Head;-1.400504;0.6124524;3.098967;
ShoulderCenter;-1.314461;0.4250399;3.08751;
ShoulderRight;-1.197849;0.2977864;2.959061;
ShoulderLeft;-1.399186;0.2038482;3.142826;
ElbowRight;-1.322174;0.0652976;2.855664;
ElbowLeft;-1.180702;0.038436;3.279955;
WristRight;-1.499176;-0.08821811;2.80649;
WristLeft;-1.139927;-0.2116344;3.308133;
HandRight;-1.559293;-0.1290292;2.805316;
HandLeft;-1.175029;-0.2752643;3.308173;
Spine;-1.223693;0.05624992;3.088992;
HipCenter;-1.237936;-0.02166996;3.05908;
HipRight;-1.17976;-0.08485663;2.986604;
HipLeft;-1.266875;-0.1248523;3.112704;
KneeRight;-1.171301;-0.6444;3.090631;
KneeLeft;-1.452068;-0.6507744;3.243868;
AnkleRight;-1.056956;-1.021325;3.143406;
AnkleLeft;-1.564103;-1.046849;3.227165;
FootRight;-1.154953;-1.093494;3.172768;
FootLeft;-1.661277;-1.088816;3.193583;
Head;-1.458965;0.5994462;3.092306;
ShoulderCenter;-1.352955;0.4242075;3.090518;
ShoulderRight;-1.259771;0.2823756;2.954431;
ShoulderLeft;-1.437679;0.2030158;3.145834;
ElbowRight;-1.351588;0.07495822;2.856049;
ElbowLeft;-1.215155;0.02678496;3.266657;
WristRight;-1.509847;-0.0986224;2.808276;
WristLeft;-1.169617;-0.2285223;3.294379;
HandRight;-1.564148;-0.1454937;2.798535;
HandLeft;-1.204584;-0.291908;3.294418;
Spine;-1.28426;0.02665864;3.094877;
HipCenter;-1.301447;-0.05398697;3.069054;
HipRight;-1.250587;-0.1179357;2.994068;
HipLeft;-1.333035;-0.1521999;3.131626;
KneeRight;-1.177242;-0.6466635;3.090281;
KneeLeft;-1.48641;-0.6496059;3.23666;
AnkleRight;-1.057212;-1.021784;3.143259;
AnkleLeft;-1.646807;-1.027454;3.222302;
FootRight;-1.155153;-1.093916;3.172659;
FootLeft;-1.743982;-1.069421;3.18872;
Head;-1.535239;0.5600504;3.060266;
ShoulderCenter;-1.398337;0.416703;3.083948;
ShoulderRight;-1.291202;0.278605;2.958007;
ShoulderLeft;-1.483061;0.1955112;3.139264;
ElbowRight;-1.376428;0.07177177;2.849412;
ElbowLeft;-1.256522;0.01921362;3.254598;
WristRight;-1.599065;-0.05740805;2.848386;
WristLeft;-1.207751;-0.2379671;3.282681;
HandRight;-1.668265;-0.08830134;2.857643;
HandLeft;-1.2426;-0.301138;3.28272;
Spine;-1.311938;0.02596807;3.093146;
HipCenter;-1.325041;-0.05486855;3.066259;
HipRight;-1.278943;-0.1086389;3.007108;
HipLeft;-1.362248;-0.1404352;3.113329;
KneeRight;-1.193298;-0.6518165;3.091398;
KneeLeft;-1.517789;-0.6412531;3.221009;
AnkleRight;-1.06082;-1.020727;3.142058;
AnkleLeft;-1.654446;-0.9884877;3.221254;
FootRight;-1.15857;-1.092874;3.171555;
FootLeft;-1.724505;-1.043108;3.144;
Head;-1.593798;0.5462297;3.088255;
ShoulderCenter;-1.445575;0.4030913;3.082835;
ShoulderRight;-1.352933;0.2769305;2.955978;
ShoulderLeft;-1.530299;0.1818996;3.138151;
ElbowRight;-1.41563;0.0647894;2.84034;
ElbowLeft;-1.314794;0.02150485;3.28571;
WristRight;-1.595491;-0.08950499;2.842667;
WristLeft;-1.269514;-0.2313815;3.320032;
HandRight;-1.627517;-0.1533259;2.834304;
HandLeft;-1.30429;-0.2944206;3.320071;
Spine;-1.371239;0.04503458;3.097601;
HipCenter;-1.38565;-0.02901541;3.074296;
HipRight;-1.331729;-0.1128376;2.980638;
HipLeft;-1.410656;-0.1522715;3.156795;
KneeRight;-1.229859;-0.6648387;3.089704;
KneeLeft;-1.571882;-0.6335595;3.208415;
AnkleRight;-1.061684;-1.020632;3.142319;
AnkleLeft;-1.666243;-0.9831559;3.224237;
FootRight;-1.1594;-1.092772;3.171831;
FootLeft;-1.738871;-1.037922;3.149829;
Head;-1.533114;0.6020792;3.114788;
ShoulderCenter;-1.477704;0.3999625;3.079771;
ShoulderRight;-1.391947;0.2614072;2.946785;
ShoulderLeft;-1.562428;0.1787708;3.135087;
ElbowRight;-1.457489;0.0397104;2.862646;
ElbowLeft;-1.346535;0.01857693;3.28256;
WristRight;-1.624733;0.05676643;2.679878;
WristLeft;-1.301006;-0.2343881;3.316996;
HandRight;-1.640783;-0.01218721;2.668744;
HandLeft;-1.335782;-0.2974271;3.317035;
Spine;-1.398136;-0.004542431;3.080617;
HipCenter;-1.411315;-0.08720539;3.055958;
HipRight;-1.365511;-0.1397418;3.010919;
HipLeft;-1.43968;-0.1490507;3.092102;
KneeRight;-1.284603;-0.6715259;3.090775;
KneeLeft;-1.619811;-0.6418832;3.21094;
AnkleRight;-1.07151;-1.01756;3.139221;
AnkleLeft;-1.673351;-0.9907756;3.215537;
FootRight;-1.169115;-1.089692;3.168807;
FootLeft;-1.749257;-1.044869;3.144208;
Head;-1.570751;0.6088688;3.091358;
ShoulderCenter;-1.529753;0.4051813;3.076579;
ShoulderRight;-1.434286;0.2675031;2.962701;
ShoulderLeft;-1.533193;0.2729242;2.919925;
ElbowRight;-1.501669;0.0477545;2.8753;
ElbowLeft;-1.440823;0.08438194;3.13362;
WristRight;-1.578633;-0.203239;2.79379;
WristLeft;-1.385704;-0.1909719;3.274109;
HandRight;-1.600324;-0.2739772;2.774974;
HandLeft;-1.400883;-0.351911;3.329341;
Spine;-1.475122;-0.02847281;3.095895;
HipCenter;-1.450496;-0.1120942;3.066799;
HipRight;-1.415821;-0.138986;3.106257;
HipLeft;-1.473906;-0.173372;3.02379;
KneeRight;-1.350625;-0.6626567;3.078114;
KneeLeft;-1.637499;-0.6363157;3.210084;
AnkleRight;-1.083069;-1.013353;3.138808;
AnkleLeft;-1.680994;-0.9851224;3.224697;
FootRight;-1.180672;-1.085461;3.168418;
FootLeft;-1.638226;-1.033049;3.126618;
Head;-1.642075;0.5910651;3.074881;
ShoulderCenter;-1.557022;0.4095077;3.093167;
ShoulderRight;-1.450222;0.2668691;2.974135;
ShoulderLeft;-1.560462;0.2772505;2.936512;
ElbowRight;-1.51354;0.04852043;2.8792;
ElbowLeft;-1.478735;0.07748803;3.144181;
WristRight;-1.595842;-0.1401259;2.9814;
WristLeft;-1.431642;-0.203041;3.276609;
HandRight;-1.61117;-0.20845;2.968249;
HandLeft;-1.450531;-0.360724;3.326302;
Spine;-1.496085;-0.03793984;3.098899;
HipCenter;-1.470559;-0.1218086;3.065274;
HipRight;-1.434717;-0.1429391;3.095814;
HipLeft;-1.494894;-0.1800635;3.029258;
KneeRight;-1.451519;-0.5881187;3.056698;
KneeLeft;-1.616072;-0.613638;3.129889;
AnkleRight;-1.178152;-0.9701325;3.123961;
AnkleLeft;-1.701971;-0.9263006;3.244017;
FootRight;-1.191324;-1.092665;3.121578;
FootLeft;-1.706832;-1.025731;3.245309;
Head;-1.637195;0.5875447;3.064603;
ShoulderCenter;-1.571103;0.4086091;3.10907;
ShoulderRight;-1.481741;0.2304738;3.005337;
ShoulderLeft;-1.574544;0.2763519;2.952416;
ElbowRight;-1.521727;-0.01589747;2.963985;
ElbowLeft;-1.510337;0.07661583;3.165048;
WristRight;-1.57704;-0.3194633;2.95691;
WristLeft;-1.474421;-0.2052924;3.29734;
HandRight;-1.592324;-0.3875951;2.943796;
HandLeft;-1.498254;-0.3542306;3.342185;
Spine;-1.563825;-0.04199154;3.114046;
HipCenter;-1.538243;-0.1277551;3.080971;
HipRight;-1.492293;-0.1724164;3.153563;
HipLeft;-1.576221;-0.1888823;2.998246;
KneeRight;-1.525731;-0.6041983;3.031809;
KneeLeft;-1.636627;-0.7322156;3.107636;
AnkleRight;-1.238232;-0.9743752;3.104789;
AnkleLeft;-1.729495;-1.023121;3.258799;
FootRight;-1.181776;-1.02235;3.014397;
FootLeft;-1.673039;-1.071096;3.168407;
Head;-1.643873;0.5701628;3.05849;
ShoulderCenter;-1.573298;0.3956047;3.108824;
ShoulderRight;-1.480014;0.2172567;3.000568;
ShoulderLeft;-1.576738;0.2633475;2.95217;
ElbowRight;-1.541688;-0.07330506;2.975325;
ElbowLeft;-1.528662;-0.04328093;3.002923;
WristRight;-1.597;-0.3768709;2.96825;
WristLeft;-1.521094;-0.3175242;3.013713;
HandRight;-1.612243;-0.4448143;2.955172;
HandLeft;-1.55587;-0.3805632;3.013752;
Spine;-1.554361;-0.03740951;3.127811;
HipCenter;-1.528219;-0.1185474;3.103962;
HipRight;-1.485843;-0.1726451;3.186368;
HipLeft;-1.552408;-0.2056853;3.024485;
KneeRight;-1.550274;-0.5981451;3.054255;
KneeLeft;-1.633028;-0.6987328;3.123867;
AnkleRight;-1.61955;-1.055643;2.899107;
AnkleLeft;-1.726153;-1.001984;3.253124;
FootRight;-1.571707;-1.119693;2.801551;
FootLeft;-1.675977;-1.050619;3.15982;
Head;-1.582938;0.3572716;3.169411;
ShoulderCenter;-1.542478;0.1178971;3.198528;
ShoulderRight;-1.445597;-0.05975839;3.086311;
ShoulderLeft;-1.543814;0.1059894;3.045134;
ElbowRight;-1.595925;-0.2279283;2.988472;
ElbowLeft;-1.587833;-0.113954;2.943296;
WristRight;-1.569338;-0.460857;2.999507;
WristLeft;-1.551672;-0.3312586;3.012805;
HandRight;-1.587915;-0.5288762;2.993715;
HandLeft;-1.539618;-0.4036934;3.040889;
Spine;-1.552118;-0.1368607;3.236094;
HipCenter;-1.539685;-0.1876975;3.213419;
HipRight;-1.495771;-0.2685777;3.313984;
HipLeft;-1.581773;-0.3067814;3.112952;
KneeRight;-1.508955;-0.7661295;3.069769;
KneeLeft;-1.616561;-0.7829903;3.2629;
AnkleRight;-1.282535;-1.023772;3.128079;
AnkleLeft;-1.714716;-1.090966;3.399715;
FootRight;-1.36967;-1.056887;3.094551;
FootLeft;-1.736301;-1.084018;3.27069;
Head;-1.605331;0.3341079;3.253353;
ShoulderCenter;-1.608099;0.1505459;3.312218;
ShoulderRight;-1.511218;-0.02710961;3.200001;
ShoulderLeft;-1.579223;0.0313725;3.150429;
ElbowRight;-1.594723;-0.171466;3.005334;
ElbowLeft;-1.585835;-0.1473943;2.968923;
WristRight;-1.610629;-0.4016817;3.03568;
WristLeft;-1.584545;-0.3673572;3.03725;
HandRight;-1.62873;-0.4699805;3.034741;
HandLeft;-1.584114;-0.4406782;3.064937;
Spine;-1.607982;-0.1143638;3.304203;
HipCenter;-1.58183;-0.1607427;3.278147;
HipRight;-1.547528;-0.2443332;3.399246;
HipLeft;-1.586859;-0.3096077;3.115349;
KneeRight;-1.552063;-0.7704784;3.094729;
KneeLeft;-1.658788;-0.7996377;3.317371;
AnkleRight;-1.31919;-1.026206;3.13716;
AnkleLeft;-1.756943;-1.107613;3.454205;
FootRight;-1.43866;-1.045027;3.084506;
FootLeft;-1.781899;-1.102228;3.329858;
Head;-1.650381;0.3720258;3.247188;
ShoulderCenter;-1.658951;0.1984339;3.321501;
ShoulderRight;-1.56207;0.02077834;3.209285;
ShoulderLeft;-1.630075;0.07926045;3.159713;
ElbowRight;-1.627704;-0.1538117;3.038586;
ElbowLeft;-1.595987;-0.09140256;2.973941;
WristRight;-1.640665;-0.3773629;3.092785;
WristLeft;-1.62057;-0.2905501;3.080168;
HandRight;-1.658743;-0.4455806;3.091847;
HandLeft;-1.628765;-0.3569326;3.120486;
Spine;-1.634705;-0.1932442;3.285275;
HipCenter;-1.603169;-0.2635551;3.254487;
HipRight;-1.57311;-0.2848833;3.249939;
HipLeft;-1.628437;-0.2819009;3.252016;
KneeRight;-1.60567;-0.8422779;3.11354;
KneeLeft;-1.73055;-0.6842104;3.391261;
AnkleRight;-1.59215;-1.003059;3.091557;
AnkleLeft;-1.819464;-0.9557793;3.514172;
FootRight;-1.517553;-1.048481;3.014976;
FootLeft;-1.84442;-0.9503947;3.389825;
Head;-1.678064;0.3359405;3.199005;
ShoulderCenter;-1.686627;0.1624989;3.273339;
ShoulderRight;-1.589746;-0.01515661;3.161123;
ShoulderLeft;-1.657751;0.0433255;3.111551;
ElbowRight;-1.65515;-0.1891361;2.991001;
ElbowLeft;-1.623782;-0.1267408;2.926409;
WristRight;-1.681925;-0.3188905;3.18984;
WristLeft;-1.648077;-0.3257855;3.031313;
HandRight;-1.699984;-0.3870318;3.188903;
HandLeft;-1.656175;-0.3921337;3.071176;
Spine;-1.729691;0.06989617;3.309386;
HipCenter;-1.721225;0.0457687;3.290141;
HipRight;-1.671393;-0.002279702;3.389559;
HipLeft;-1.797537;0.004478955;3.192343;
KneeRight;-1.68762;-0.5600461;3.161126;
KneeLeft;-1.758747;-0.5893137;3.232067;
AnkleRight;-1.697184;-0.8888043;3.006312;
AnkleLeft;-1.854723;-0.9306313;3.372048;
FootRight;-1.64767;-0.9332013;2.925167;
FootLeft;-1.879679;-0.9252468;3.247701;
