Floor;-0.0001222757;0.9999442;0.01057102;1.047219;
Head;1.436932;0.6198372;3.560922;
ShoulderCenter;1.582558;0.4266688;3.539754;
ShoulderRight;1.62189;0.3171563;3.375008;
ShoulderLeft;1.531303;0.3431554;3.703714;
ElbowRight;1.671632;0.08616542;3.238186;
ElbowLeft;1.490751;0.01888795;3.76336;
WristRight;1.621472;-0.2298899;3.183568;
WristLeft;1.373035;-0.2061214;3.734265;
HandRight;1.628656;-0.3090191;3.174175;
HandLeft;1.318092;-0.2588584;3.703639;
Spine;1.542591;0.06123173;3.481189;
HipCenter;1.534597;-0.01185568;3.472904;
HipRight;1.547408;-0.08693084;3.392589;
HipLeft;1.506644;-0.07523125;3.527686;
KneeRight;1.469611;-0.6293353;3.312222;
KneeLeft;1.451426;-0.7279981;3.374621;
AnkleRight;1.644933;-1.041764;3.345928;
AnkleLeft;1.588735;-1.048159;3.337329;
FootRight;1.528544;-1.093377;3.32815;
FootLeft;1.526987;-1.085685;3.495538;
Head;1.433418;0.6326674;3.560559;
ShoulderCenter;1.545398;0.4063562;3.518344;
ShoulderRight;1.613102;0.3082242;3.363163;
ShoulderLeft;1.499598;0.344488;3.756583;
ElbowRight;1.667332;0.07413214;3.245571;
ElbowLeft;1.460345;0.04437636;3.759377;
WristRight;1.621438;-0.2307607;3.18318;
WristLeft;1.293313;-0.183049;3.697379;
HandRight;1.636167;-0.3238161;3.18216;
HandLeft;1.277138;-0.2501696;3.684193;
Spine;1.523932;0.05802422;3.474512;
HipCenter;1.518477;-0.01297505;3.467979;
HipRight;1.536631;-0.08916443;3.390745;
HipLeft;1.487744;-0.07343359;3.521744;
KneeRight;1.424491;-0.6757845;3.310873;
KneeLeft;1.611109;-0.6473282;3.492965;
AnkleRight;1.524091;-1.053676;3.295238;
AnkleLeft;1.51813;-1.069111;3.299653;
FootRight;1.399057;-1.110895;3.187435;
FootLeft;1.385714;-1.10727;3.335754;
Head;1.380937;0.6315784;3.541621;
ShoulderCenter;1.507839;0.4143809;3.518459;
ShoulderRight;1.599766;0.3121014;3.360042;
ShoulderLeft;1.473637;0.3484293;3.723321;
ElbowRight;1.650285;0.07928208;3.253925;
ElbowLeft;1.408872;0.04700455;3.755877;
WristRight;1.622456;-0.2343026;3.184715;
WristLeft;1.236601;-0.171334;3.686066;
HandRight;1.634092;-0.3265975;3.181483;
HandLeft;1.211002;-0.2328652;3.667211;
Spine;1.48817;0.04631101;3.472331;
HipCenter;1.484263;-0.02735868;3.466328;
HipRight;1.510343;-0.09454069;3.400796;
HipLeft;1.456463;-0.0798412;3.512614;
KneeRight;1.358843;-0.6596818;3.30642;
KneeLeft;1.588126;-0.7079871;3.489444;
AnkleRight;1.37317;-1.052932;3.258922;
AnkleLeft;1.412904;-1.043282;3.271911;
FootRight;1.301443;-1.087912;3.340672;
FootLeft;1.297945;-1.098926;3.230049;
Head;1.361739;0.637701;3.542492;
ShoulderCenter;1.46674;0.4123133;3.528591;
ShoulderRight;1.536582;0.3101804;3.366195;
ShoulderLeft;1.424478;0.3393827;3.712494;
ElbowRight;1.62237;0.05254672;3.256688;
ElbowLeft;1.365088;0.04953039;3.750558;
WristRight;1.618384;-0.2381793;3.190054;
WristLeft;1.18796;-0.1716458;3.700851;
HandRight;1.630449;-0.324151;3.1828;
HandLeft;1.150648;-0.2203384;3.671386;
Spine;1.461489;0.04340357;3.470323;
HipCenter;1.459662;-0.03036898;3.462543;
HipRight;1.482063;-0.09649058;3.397196;
HipLeft;1.432479;-0.08276242;3.50658;
KneeRight;1.338559;-0.6402622;3.318496;
KneeLeft;1.443758;-0.6687727;3.413422;
AnkleRight;1.325671;-1.029855;3.283758;
AnkleLeft;1.301755;-1.041524;3.286348;
FootRight;1.203627;-1.084502;3.264856;
FootLeft;1.17627;-1.089466;3.25576;
Head;1.287108;0.620768;3.515406;
ShoulderCenter;1.429359;0.4175655;3.521589;
ShoulderRight;1.501886;0.302506;3.359405;
ShoulderLeft;1.381668;0.344057;3.690168;
ElbowRight;1.612372;0.04853429;3.260457;
ElbowLeft;1.3376;0.05846349;3.741105;
WristRight;1.59948;-0.2481739;3.182942;
WristLeft;1.151431;-0.1199253;3.675607;
HandRight;1.616412;-0.3242151;3.174895;
HandLeft;1.096089;-0.1915732;3.641987;
Spine;1.430084;0.05049969;3.4653;
HipCenter;1.43047;-0.02307327;3.457588;
HipRight;1.450544;-0.1069001;3.371302;
HipLeft;1.405122;-0.08706406;3.51352;
KneeRight;1.29145;-0.5823969;3.322132;
KneeLeft;1.367301;-0.6993361;3.370724;
AnkleRight;1.187772;-1.047336;3.254802;
AnkleLeft;1.171671;-1.0392;3.240669;
FootRight;1.077825;-1.073755;3.216727;
FootLeft;1.07597;-1.080407;3.204051;
Head;1.275363;0.6243747;3.510014;
ShoulderCenter;1.399782;0.408586;3.516837;
ShoulderRight;1.468788;0.2944033;3.349342;
ShoulderLeft;1.340856;0.3159254;3.71536;
ElbowRight;1.568088;0.02844745;3.252708;
ElbowLeft;1.26915;0.05782601;3.722678;
WristRight;1.592175;-0.2531339;3.189371;
WristLeft;1.074885;-0.1692318;3.663423;
HandRight;1.602561;-0.3293781;3.182045;
HandLeft;1.043069;-0.2178213;3.626009;
Spine;1.400316;0.04925326;3.458231;
HipCenter;1.40002;-0.02266158;3.449816;
HipRight;1.430472;-0.1018824;3.368567;
HipLeft;1.37093;-0.08850516;3.503199;
KneeRight;1.290693;-0.5790259;3.32384;
KneeLeft;1.368554;-0.6940976;3.37681;
AnkleRight;1.156512;-1.016098;3.247946;
AnkleLeft;1.099872;-1.018881;3.244197;
FootRight;1.015785;-1.03575;3.222321;
FootLeft;0.9955792;-1.042666;3.22144;
Head;1.206001;0.5932901;3.478621;
ShoulderCenter;1.356392;0.3973712;3.487866;
ShoulderRight;1.445619;0.2864082;3.33933;
ShoulderLeft;1.317585;0.3264608;3.70023;
ElbowRight;1.5516;0.02365106;3.25542;
ElbowLeft;1.227844;0.04960247;3.717161;
WristRight;1.565122;-0.2581761;3.18994;
WristLeft;1.023718;-0.1693345;3.626158;
HandRight;1.587895;-0.3370138;3.194385;
HandLeft;0.9996994;-0.2320095;3.627767;
Spine;1.351712;0.03701692;3.443509;
HipCenter;1.350776;-0.03505394;3.438021;
HipRight;1.378198;-0.1219015;3.355638;
HipLeft;1.321367;-0.1011234;3.497882;
KneeRight;1.251045;-0.5951894;3.317692;
KneeLeft;1.273753;-0.6540998;3.338187;
AnkleRight;1.046301;-1.03836;3.246676;
AnkleLeft;1.032539;-1.004409;3.239097;
FootRight;0.9449263;-1.018689;3.214576;
FootLeft;0.9244453;-1.058429;3.199304;
Head;1.177261;0.5898938;3.470032;
ShoulderCenter;1.319935;0.3924015;3.481889;
ShoulderRight;1.400123;0.2803556;3.333534;
ShoulderLeft;1.262625;0.29814;3.6497;
ElbowRight;1.501213;0.02035471;3.253863;
ElbowLeft;1.180225;0.02594766;3.708387;
WristRight;1.535752;-0.2679311;3.189763;
WristLeft;1.00931;-0.169678;3.625856;
HandRight;1.543585;-0.3427771;3.188292;
HandLeft;0.9706146;-0.2244002;3.620387;
Spine;1.317995;0.0006137416;3.423229;
HipCenter;1.318753;-0.07758768;3.415102;
HipRight;1.358936;-0.1345668;3.354628;
HipLeft;1.288786;-0.1324249;3.45628;
KneeRight;1.165279;-0.6524401;3.309087;
KneeLeft;1.175828;-0.7510695;3.284051;
AnkleRight;1.125915;-1.060063;3.312143;
AnkleLeft;0.9921034;-1.055977;3.233507;
FootRight;0.9979018;-1.039689;3.24859;
FootLeft;0.8910725;-1.050597;3.267416;
Head;1.160395;0.593553;3.455426;
ShoulderCenter;1.284175;0.3889343;3.483867;
ShoulderRight;1.347111;0.27003;3.326518;
ShoulderLeft;1.236511;0.3457839;3.666297;
ElbowRight;1.461915;0.009872684;3.243759;
ElbowLeft;1.16138;0.02918568;3.702336;
WristRight;1.482838;-0.2586925;3.181125;
WristLeft;0.9638657;-0.171784;3.61411;
HandRight;1.507953;-0.3397619;3.168458;
HandLeft;0.9313186;-0.2252751;3.593683;
Spine;1.273616;-0.01425754;3.423048;
HipCenter;1.271;-0.09536986;3.414227;
HipRight;1.295146;-0.1653016;3.360643;
HipLeft;1.250548;-0.1313568;3.450331;
KneeRight;1.221098;-0.5962807;3.308117;
KneeLeft;1.457598;-0.7093518;3.50993;
AnkleRight;1.108432;-1.06868;3.314474;
AnkleLeft;1.095154;-0.9613103;3.290787;
FootRight;0.9768537;-1.061382;3.257651;
FootLeft;0.9882393;-1.013599;3.253263;
Head;1.104633;0.5931777;3.461923;
ShoulderCenter;1.237117;0.3866414;3.458878;
ShoulderRight;1.324829;0.2732162;3.323409;
ShoulderLeft;1.181569;0.3296567;3.642797;
ElbowRight;1.423585;-0.04653463;3.235894;
ElbowLeft;1.140017;0.02309225;3.703074;
WristRight;1.435507;-0.2920392;3.169571;
WristLeft;0.9592928;-0.1736809;3.613678;
HandRight;1.458911;-0.3531631;3.167124;
HandLeft;0.9251263;-0.2295445;3.596757;
Spine;1.227424;0.02442593;3.410023;
HipCenter;1.225485;-0.04801717;3.403675;
HipRight;1.252863;-0.1014751;3.336184;
HipLeft;1.194544;-0.127736;3.449962;
KneeRight;1.143982;-0.6418172;3.305962;
KneeLeft;1.446571;-0.7140745;3.509819;
AnkleRight;1.101973;-1.060904;3.316415;
AnkleLeft;1.080188;-0.9709292;3.286478;
FootRight;0.9697025;-1.061991;3.257002;
FootLeft;0.9765165;-1.023353;3.237458;
Head;1.071694;0.5968958;3.439061;
ShoulderCenter;1.187328;0.3828664;3.445148;
ShoulderRight;1.275649;0.2762053;3.313183;
ShoulderLeft;1.150748;0.3415034;3.617979;
ElbowRight;1.374923;-0.007197961;3.216676;
ElbowLeft;1.089858;0.02503023;3.668653;
WristRight;1.386555;-0.2700312;3.15765;
WristLeft;0.9461788;-0.1850322;3.61214;
HandRight;1.402193;-0.3521957;3.167941;
HandLeft;0.8917816;-0.2474099;3.593613;
Spine;1.192756;0.001736759;3.389717;
HipCenter;1.192931;-0.07495923;3.381593;
HipRight;1.226427;-0.1137233;3.333012;
HipLeft;1.168332;-0.1376832;3.414062;
KneeRight;1.10921;-0.6189677;3.290602;
KneeLeft;1.411787;-0.636647;3.532063;
AnkleRight;1.017389;-1.013376;3.246888;
AnkleLeft;1.084878;-0.9480734;3.300509;
FootRight;0.9138327;-1.069037;3.234419;
FootLeft;0.9822373;-1.00075;3.256518;
Head;1.035017;0.5886598;3.393932;
ShoulderCenter;1.14598;0.3914208;3.422917;
ShoulderRight;1.245639;0.2797996;3.300536;
ShoulderLeft;1.111307;0.3314129;3.619009;
ElbowRight;1.322655;0.02812753;3.207426;
ElbowLeft;1.048048;0.004298815;3.64768;
WristRight;1.333749;-0.272007;3.151403;
WristLeft;0.9208222;-0.2128466;3.601194;
HandRight;1.339478;-0.3493892;3.147778;
HandLeft;0.8675523;-0.2822906;3.578061;
Spine;1.145213;0.02148519;3.381378;
HipCenter;1.145258;-0.05254309;3.37661;
HipRight;1.175175;-0.1097139;3.308099;
HipLeft;1.115425;-0.131776;3.42675;
KneeRight;1.073009;-0.5840215;3.282434;
KneeLeft;1.373143;-0.6595327;3.536928;
AnkleRight;1.01736;-1.013531;3.246792;
AnkleLeft;1.047498;-0.9720802;3.311818;
FootRight;0.9175403;-1.072531;3.244966;
FootLeft;0.9483355;-1.023105;3.268417;
Head;1.004777;0.5893958;3.432223;
ShoulderCenter;1.133321;0.3917179;3.417786;
ShoulderRight;1.202196;0.283407;3.283939;
ShoulderLeft;1.075699;0.3398792;3.614665;
ElbowRight;1.282777;0.02150855;3.21126;
ElbowLeft;1.00914;0.001373887;3.599758;
WristRight;1.274741;-0.2703409;3.158563;
WristLeft;0.9059799;-0.2319016;3.578817;
HandRight;1.280347;-0.3603576;3.15146;
HandLeft;0.8669556;-0.2832133;3.540511;
Spine;1.111758;0.02442957;3.37854;
HipCenter;1.105866;-0.04877649;3.374566;
HipRight;1.131179;-0.1111161;3.305046;
HipLeft;1.068195;-0.1239624;3.427169;
KneeRight;1.046258;-0.6179421;3.276033;
KneeLeft;1.347328;-0.6454999;3.55073;
AnkleRight;1.017546;-1.011432;3.24646;
AnkleLeft;1.015885;-0.9630694;3.323264;
FootRight;0.9165943;-1.075711;3.250271;
FootLeft;0.9177039;-1.011065;3.283161;
Head;0.9429603;0.5906007;3.398095;
ShoulderCenter;1.07433;0.397537;3.398142;
ShoulderRight;1.16875;0.2864057;3.272249;
ShoulderLeft;1.032859;0.340636;3.557318;
ElbowRight;1.212284;0.03223122;3.199908;
ElbowLeft;0.9971666;0.002763838;3.598143;
WristRight;1.186453;-0.2803652;3.139977;
WristLeft;0.9084569;-0.2373793;3.592654;
HandRight;1.212529;-0.3531352;3.13246;
HandLeft;0.8966168;-0.3050902;3.580906;
Spine;1.055245;0.01149282;3.367074;
HipCenter;1.051428;-0.06571601;3.364281;
HipRight;1.080691;-0.1178719;3.307747;
HipLeft;1.016511;-0.1279374;3.408999;
KneeRight;1.039023;-0.6235619;3.271578;
KneeLeft;1.223545;-0.7386715;3.4401;
AnkleRight;1.015079;-1.015556;3.248523;
AnkleLeft;0.8881277;-1.060518;3.210101;
FootRight;0.9193646;-1.0772;3.25093;
FootLeft;0.7932681;-1.109078;3.162448;
Head;0.9251873;0.5999998;3.393755;
ShoulderCenter;1.052917;0.4064925;3.397697;
ShoulderRight;1.114613;0.2920962;3.260272;
ShoulderLeft;1.012375;0.3431337;3.55612;
ElbowRight;1.168838;0.03120662;3.174981;
ElbowLeft;0.9655951;0.009685308;3.596363;
WristRight;1.110336;-0.2180014;3.157228;
WristLeft;0.9156281;-0.2391557;3.588384;
HandRight;1.110398;-0.3086098;3.140543;
HandLeft;0.9001012;-0.304561;3.578987;
Spine;1.024242;0.01452425;3.366262;
HipCenter;1.018018;-0.06409679;3.363395;
HipRight;1.031749;-0.1123502;3.312357;
HipLeft;0.9923373;-0.1273169;3.404514;
KneeRight;1.007949;-0.6226039;3.25243;
KneeLeft;0.9679266;-0.6296986;3.36948;
AnkleRight;1.012545;-1.017189;3.248084;
AnkleLeft;0.6352809;-0.9488856;3.141001;
FootRight;0.9195967;-1.077898;3.252132;
FootLeft;0.5360987;-0.996841;3.104189;
Head;0.900659;0.6056651;3.377979;
ShoulderCenter;1.007721;0.4117807;3.385606;
ShoulderRight;1.079356;0.291632;3.247555;
ShoulderLeft;0.9647279;0.3457708;3.543255;
ElbowRight;1.114468;0.02733296;3.161574;
ElbowLeft;0.9255748;0.01439977;3.584536;
WristRight;1.035455;-0.2310601;3.113458;
WristLeft;0.9160236;-0.23706;3.579834;
HandRight;1.020305;-0.3159193;3.09895;
HandLeft;0.8961554;-0.2961007;3.572268;
Spine;0.9809386;0.009839025;3.355388;
HipCenter;0.9757587;-0.07047363;3.35281;
HipRight;1.010809;-0.1110933;3.30777;
HipLeft;0.9400468;-0.1194321;3.390095;
KneeRight;1.004751;-0.6218916;3.253472;
KneeLeft;0.8978098;-0.5916598;3.445504;
AnkleRight;1.013384;-1.013435;3.247193;
AnkleLeft;1.206038;-0.9931778;3.453775;
FootRight;0.9196934;-1.077935;3.25184;
FootLeft;1.10878;-1.041095;3.413571;
Head;0.8653708;0.6024857;3.374642;
ShoulderCenter;0.9788013;0.4194211;3.379986;
ShoulderRight;1.047823;0.3016973;3.236491;
ShoulderLeft;0.9374868;0.3530757;3.538026;
ElbowRight;1.050921;0.05298139;3.148488;
ElbowLeft;0.8928863;0.0206899;3.578251;
WristRight;0.9705709;-0.2211272;3.098706;
WristLeft;0.8818305;-0.2319703;3.563765;
HandRight;0.9409556;-0.3082694;3.086218;
HandLeft;0.8590708;-0.2785758;3.558945;
Spine;0.9561447;0.01505292;3.353387;
HipCenter;0.9514755;-0.06572774;3.351441;
HipRight;0.962871;-0.1096955;3.305805;
HipLeft;0.9268008;-0.119943;3.388596;
KneeRight;0.9971204;-0.6229897;3.251549;
KneeLeft;0.8744642;-0.5873852;3.431334;
AnkleRight;1.013301;-1.012286;3.247585;
AnkleLeft;1.192946;-0.9840161;3.440144;
FootRight;0.9333886;-1.075602;3.257841;
FootLeft;1.095278;-1.03225;3.402306;
Head;0.8309808;0.6144022;3.374347;
ShoulderCenter;0.9315787;0.4203426;3.366278;
ShoulderRight;0.994159;0.3098345;3.231321;
ShoulderLeft;0.8893652;0.3541901;3.524115;
ElbowRight;0.9917361;0.0680066;3.12645;
ElbowLeft;0.8480889;0.02031353;3.565135;
WristRight;0.8850572;-0.21076;3.078769;
WristLeft;0.8426376;-0.2334401;3.550737;
HandRight;0.8502561;-0.2951768;3.058062;
HandLeft;0.8215232;-0.2784677;3.547018;
Spine;0.9100395;0.01063919;3.336451;
HipCenter;0.9057714;-0.07129872;3.333966;
HipRight;0.9310082;-0.1111666;3.298887;
HipLeft;0.8828742;-0.1202241;3.362196;
KneeRight;0.9847233;-0.6290093;3.255088;
KneeLeft;0.829428;-0.6134456;3.419951;
AnkleRight;1.012769;-1.013587;3.250613;
AnkleLeft;1.179306;-0.9108781;3.410958;
FootRight;0.9320915;-1.078819;3.262403;
FootLeft;1.070647;-0.9797279;3.379548;
Head;0.7929246;0.6196162;3.357734;
ShoulderCenter;0.9039763;0.438292;3.355005;
ShoulderRight;0.9697867;0.31179;3.22695;
ShoulderLeft;0.8622223;0.3720096;3.513004;
ElbowRight;0.9595083;0.07305074;3.111605;
ElbowLeft;0.8185256;0.03748202;3.553318;
WristRight;0.8112757;-0.1861384;3.056554;
WristLeft;0.8094976;-0.2167721;3.537126;
HandRight;0.7658194;-0.2583392;3.016084;
HandLeft;0.7872393;-0.2587865;3.533063;
Spine;0.8808924;0.01143202;3.330652;
HipCenter;0.8752093;-0.07371806;3.328977;
HipRight;0.8918776;-0.1108953;3.29424;
HipLeft;0.8489434;-0.1210383;3.356346;
KneeRight;0.9672051;-0.6437001;3.261377;
KneeLeft;0.7943212;-0.6393285;3.408619;
AnkleRight;1.01259;-1.014218;3.252225;
AnkleLeft;0.9400532;-1.014632;3.379225;
FootRight;0.935159;-1.077328;3.252542;
FootLeft;0.8784547;-1.087634;3.393146;
Head;0.7704991;0.6232632;3.347172;
ShoulderCenter;0.8660286;0.4313176;3.33919;
ShoulderRight;0.9219583;0.309737;3.209482;
ShoulderLeft;0.8240424;0.3651287;3.497085;
ElbowRight;0.9078361;0.06771874;3.102608;
ElbowLeft;0.7814873;0.02984485;3.538013;
WristRight;0.6949899;-0.187731;2.996618;
WristLeft;0.774605;-0.2250051;3.522654;
HandRight;0.6572529;-0.2542979;2.977565;
HandLeft;0.7530431;-0.2669383;3.518897;
Spine;0.8442838;0.01602248;3.30708;
HipCenter;0.8402561;-0.0670271;3.304343;
HipRight;0.8634146;-0.1018235;3.258831;
HipLeft;0.813248;-0.1210704;3.340723;
KneeRight;0.9484243;-0.645975;3.260377;
KneeLeft;0.7682329;-0.6587662;3.414171;
AnkleRight;1.009152;-1.015698;3.252861;
AnkleLeft;0.8613139;-1.041337;3.406081;
FootRight;0.9349581;-1.076353;3.249599;
FootLeft;0.7714991;-1.093683;3.38655;
Head;0.7404763;0.5565573;3.337577;
ShoulderCenter;0.8262806;0.3618093;3.318738;
ShoulderRight;0.8989123;0.3117291;3.200678;
ShoulderLeft;0.7843897;0.2956504;3.476671;
ElbowRight;0.8663762;0.08597007;3.060327;
ElbowLeft;0.7414909;-0.03873512;3.517186;
WristRight;0.6338175;-0.1593593;2.982239;
WristLeft;0.7336959;-0.2928835;3.501747;
HandRight;0.6005882;-0.2201201;2.981012;
HandLeft;0.7118286;-0.3369938;3.497842;
Spine;0.8235506;-0.02441067;3.274968;
HipCenter;0.8230047;-0.1016547;3.269698;
HipRight;0.8488856;-0.1214072;3.237844;
HipLeft;0.8001601;-0.1543758;3.296172;
KneeRight;0.9420354;-0.6475083;3.25897;
KneeLeft;0.6984169;-0.6570259;3.395898;
AnkleRight;1.007518;-1.015017;3.252138;
AnkleLeft;0.7781025;-1.056057;3.396163;
FootRight;0.936915;-1.077842;3.241769;
FootLeft;0.6649726;-1.087568;3.420986;
Head;0.7004547;0.545888;3.337498;
ShoulderCenter;0.7803479;0.3308657;3.303928;
ShoulderRight;0.8453816;0.3131924;3.185772;
ShoulderLeft;0.738457;0.2647068;3.461862;
ElbowRight;0.7841031;0.08754608;3.062649;
ElbowLeft;0.6958682;-0.06726235;3.501874;
WristRight;0.5649765;-0.1567042;2.980021;
WristLeft;0.6878655;-0.319568;3.487006;
HandRight;0.5202775;-0.2250635;2.974058;
HandLeft;0.6658959;-0.3679374;3.483021;
Spine;0.7743635;-0.03851363;3.298984;
HipCenter;0.7731667;-0.1123895;3.30148;
HipRight;0.7909406;-0.1420728;3.278821;
HipLeft;0.754214;-0.1554594;3.321397;
KneeRight;0.9227601;-0.6376226;3.250273;
KneeLeft;0.6500073;-0.6395;3.39166;
AnkleRight;1.007327;-1.014666;3.254154;
AnkleLeft;0.6551118;-1.002906;3.367168;
FootRight;0.9483802;-1.087;3.235128;
FootLeft;0.5440426;-1.062957;3.39282;
Head;0.6367646;0.6193373;3.32533;
ShoulderCenter;0.7409326;0.4329935;3.295208;
ShoulderRight;0.8171666;0.3161924;3.172967;
ShoulderLeft;0.6990417;0.3668347;3.453142;
ElbowRight;0.7691727;0.08425662;3.056037;
ElbowLeft;0.6563636;0.03416941;3.493191;
WristRight;0.5168062;-0.1350731;2.968678;
WristLeft;0.6484197;-0.2186672;3.478106;
HandRight;0.4395175;-0.2006908;2.966772;
HandLeft;0.6264806;-0.2658096;3.474141;
Spine;0.7486393;0.005438514;3.277884;
HipCenter;0.7518843;-0.08246767;3.279687;
HipRight;0.7734179;-0.1163986;3.239344;
HipLeft;0.7363908;-0.1409648;3.314192;
KneeRight;0.9027827;-0.6343644;3.245263;
KneeLeft;0.6203123;-0.6471418;3.383866;
AnkleRight;1.004456;-1.014557;3.255181;
AnkleLeft;0.5166296;-1.043888;3.353639;
FootRight;0.9449724;-1.086076;3.23983;
FootLeft;0.4109028;-1.053835;3.342642;
Head;0.6071415;0.6079929;3.315182;
ShoulderCenter;0.7168048;0.424047;3.289591;
ShoulderRight;0.7654162;0.3082332;3.151031;
ShoulderLeft;0.6749139;0.3578881;3.447524;
ElbowRight;0.6699597;0.06424334;3.025833;
ElbowLeft;0.6320419;0.02371049;3.487803;
WristRight;0.4789874;-0.1118207;2.966669;
WristLeft;0.6242285;-0.2302794;3.472315;
HandRight;0.4142413;-0.1803997;2.963939;
HandLeft;0.6023529;-0.2747561;3.468402;
Spine;0.713685;0.004636603;3.269386;
HipCenter;0.7106684;-0.07901522;3.268343;
HipRight;0.729077;-0.1270701;3.212355;
HipLeft;0.6856865;-0.1423767;3.314809;
KneeRight;0.8842114;-0.6294535;3.241704;
KneeLeft;0.5888699;-0.6561738;3.37618;
AnkleRight;0.9982905;-1.00941;3.257836;
AnkleLeft;0.407795;-1.040033;3.347237;
FootRight;0.9263818;-1.07735;3.249378;
FootLeft;0.2801247;-1.034645;3.353935;
Head;0.5594799;0.6165595;3.314015;
ShoulderCenter;0.6604474;0.42669;3.290708;
ShoulderRight;0.7383433;0.3074499;3.151557;
ShoulderLeft;0.6185566;0.3605312;3.448642;
ElbowRight;0.656533;0.07386018;3.023557;
ElbowLeft;0.5755398;0.02522641;3.489076;
WristRight;0.4004675;-0.1471266;2.967603;
WristLeft;0.5678263;-0.2296226;3.473275;
HandRight;0.3628981;-0.2023769;2.948979;
HandLeft;0.5459954;-0.2721131;3.469406;
Spine;0.679709;-2.84331E-05;3.268939;
HipCenter;0.6848142;-0.08448085;3.268111;
HipRight;0.7103552;-0.1274624;3.220969;
HipLeft;0.6630181;-0.1406227;3.306925;
KneeRight;0.8702707;-0.6331713;3.240411;
KneeLeft;0.5395242;-0.6676269;3.365775;
AnkleRight;0.9970125;-1.011403;3.257805;
AnkleLeft;0.3418021;-1.03716;3.336283;
FootRight;0.9451227;-1.089343;3.258827;
FootLeft;0.2485017;-1.042847;3.34184;
Head;0.5321851;0.6130425;3.305721;
ShoulderCenter;0.6235981;0.4178921;3.286006;
ShoulderRight;0.6754398;0.3005545;3.140565;
ShoulderLeft;0.5817072;0.3517332;3.44394;
ElbowRight;0.5736741;0.0534468;3.008547;
ElbowLeft;0.5385035;0.01497042;3.484609;
WristRight;0.3406576;-0.1512584;2.973243;
WristLeft;0.5309222;-0.2409895;3.468414;
HandRight;0.2837497;-0.1914657;2.991194;
HandLeft;0.5091461;-0.280911;3.464609;
Spine;0.6333637;-0.01598682;3.257406;
HipCenter;0.6363791;-0.102509;3.255352;
HipRight;0.6592358;-0.1360645;3.219599;
HipLeft;0.6162854;-0.1482347;3.284327;
KneeRight;0.8334545;-0.6353178;3.235157;
KneeLeft;0.5042026;-0.6585566;3.358032;
AnkleRight;0.9885703;-1.005796;3.256578;
AnkleLeft;0.3360429;-1.034455;3.329913;
FootRight;0.9198287;-1.074312;3.239855;
FootLeft;0.2100906;-1.052748;3.327583;
Head;0.4784675;0.5996065;3.289582;
ShoulderCenter;0.5761794;0.4074515;3.273569;
ShoulderRight;0.6365404;0.2869627;3.131502;
ShoulderLeft;0.5342885;0.3412927;3.431503;
ElbowRight;0.5700474;0.0569123;3.010967;
ElbowLeft;0.4909985;0.003857523;3.472245;
WristRight;0.3675464;-0.09884119;2.972585;
WristLeft;0.4834795;-0.2526146;3.455847;
HandRight;0.2986704;-0.1628405;2.983421;
HandLeft;0.4617274;-0.2913516;3.452074;
Spine;0.5928618;-0.02512236;3.255193;
HipCenter;0.5950831;-0.1118835;3.254835;
HipRight;0.6160266;-0.151919;3.210909;
HipLeft;0.5717981;-0.1659056;3.29285;
KneeRight;0.7568465;-0.629358;3.244303;
KneeLeft;0.4704763;-0.6475241;3.340949;
AnkleRight;0.9864384;-1.004864;3.256097;
AnkleLeft;0.3364421;-1.033595;3.326951;
FootRight;0.9188412;-1.074538;3.240344;
FootLeft;0.2173429;-1.069762;3.325395;
Head;0.4449952;0.5393572;3.30843;
ShoulderCenter;0.5358459;0.3448972;3.274925;
ShoulderRight;0.5881243;0.2762055;3.140658;
ShoulderLeft;0.4939551;0.2787383;3.432858;
ElbowRight;0.5309061;0.05020624;3.004747;
ElbowLeft;0.450641;-0.05888391;3.473627;
WristRight;0.2745984;-0.1646332;2.991;
WristLeft;0.4431395;-0.3154985;3.457175;
HandRight;0.221225;-0.2162723;2.996382;
HandLeft;0.4213939;-0.3539059;3.453411;
Spine;0.5489834;-0.05613775;3.25551;
HipCenter;0.551713;-0.1362873;3.255162;
HipRight;0.5730662;-0.1733082;3.21543;
HipLeft;0.5394725;-0.1815464;3.289366;
KneeRight;0.7431772;-0.6417401;3.229478;
KneeLeft;0.4205815;-0.6543198;3.335595;
AnkleRight;0.9768156;-0.9972689;3.250382;
AnkleLeft;0.3393087;-1.030256;3.324239;
FootRight;0.9583055;-1.08512;3.276653;
FootLeft;0.2339005;-1.068923;3.325329;
Head;0.3896545;0.5830041;3.305233;
ShoulderCenter;0.4813293;0.392482;3.256791;
ShoulderRight;0.5534903;0.2713097;3.14143;
ShoulderLeft;0.4394384;0.3263232;3.414725;
ElbowRight;0.4895123;0.04202865;3.020395;
ElbowLeft;0.3963506;-0.009535462;3.455012;
WristRight;0.2735148;-0.164925;2.991621;
WristLeft;0.388687;-0.2648066;3.438941;
HandRight;0.2221503;-0.2161957;2.995566;
HandLeft;0.3668773;-0.306321;3.435096;
Spine;0.4965956;-0.03600346;3.257374;
HipCenter;0.4996489;-0.1217005;3.26104;
HipRight;0.5214222;-0.1610959;3.223156;
HipLeft;0.4812598;-0.1772893;3.297026;
KneeRight;0.6898133;-0.6554593;3.214825;
KneeLeft;0.3892102;-0.6517089;3.336137;
AnkleRight;0.953091;-1.007109;3.26082;
AnkleLeft;0.3118016;-1.014865;3.308071;
FootRight;0.8779825;-1.075236;3.234559;
FootLeft;0.2405351;-1.072385;3.324427;
Head;0.3471877;0.5821154;3.291392;
ShoulderCenter;0.4551671;0.4033825;3.255177;
ShoulderRight;0.5091914;0.2851517;3.131073;
ShoulderLeft;0.4132763;0.3372237;3.413111;
ElbowRight;0.4746985;0.04363087;3.024104;
ElbowLeft;0.3704084;0.003079116;3.452942;
WristRight;0.2683209;-0.1716435;2.995502;
WristLeft;0.3625922;-0.2508855;3.437237;
HandRight;0.2187793;-0.2257571;2.99315;
HandLeft;0.3407151;-0.2954206;3.433323;
Spine;0.4694897;-0.02580586;3.258365;
HipCenter;0.4723225;-0.1116343;3.262573;
HipRight;0.4929678;-0.1518357;3.224242;
HipLeft;0.4552049;-0.167896;3.299524;
KneeRight;0.5972105;-0.6511881;3.209627;
KneeLeft;0.357986;-0.6489457;3.334735;
AnkleRight;0.8997081;-0.9743649;3.250499;
AnkleLeft;0.3151893;-1.015462;3.308572;
FootRight;0.868394;-1.068617;3.238341;
FootLeft;0.244579;-1.073147;3.324729;
Head;0.3112668;0.5893023;3.298188;
ShoulderCenter;0.4027927;0.4045655;3.256643;
ShoulderRight;0.4852765;0.2834058;3.131869;
ShoulderLeft;0.3609018;0.3384067;3.414577;
ElbowRight;0.451874;0.04413068;3.028499;
ElbowLeft;0.3182392;0.005862236;3.45399;
WristRight;0.2541235;-0.19208;3.002966;
WristLeft;0.310285;-0.2468823;3.438622;
HandRight;0.2124917;-0.2513495;2.998653;
HandLeft;0.2883407;-0.2942375;3.434653;
Spine;0.4413349;-0.02078584;3.237141;
HipCenter;0.4469399;-0.1057054;3.23635;
HipRight;0.4705365;-0.1491494;3.176687;
HipLeft;0.4313526;-0.1762995;3.283188;
KneeRight;0.5117009;-0.6399509;3.178783;
KneeLeft;0.3357291;-0.6540121;3.330316;
AnkleRight;0.8613925;-0.9609219;3.252754;
AnkleLeft;0.3159539;-1.015807;3.308183;
FootRight;0.8491849;-1.047653;3.224719;
FootLeft;0.2460691;-1.074315;3.3238;
Head;0.2883708;0.5508609;3.304858;
ShoulderCenter;0.3709095;0.3610549;3.261178;
ShoulderRight;0.4531832;0.2918705;3.126317;
ShoulderLeft;0.3290187;0.2948961;3.419112;
ElbowRight;0.4349729;0.05032706;3.029027;
ElbowLeft;0.2865557;-0.03609246;3.458194;
WristRight;0.2504242;-0.202338;3.007297;
WristLeft;0.2784714;-0.2876499;3.443183;
HandRight;0.2147277;-0.2744064;3.00317;
HandLeft;0.2564575;-0.3377482;3.43917;
Spine;0.3819314;-0.04122318;3.25758;
HipCenter;0.3841358;-0.1216788;3.260435;
HipRight;0.4098965;-0.157142;3.21972;
HipLeft;0.361068;-0.1845063;3.298021;
KneeRight;0.4657747;-0.639105;3.153374;
KneeLeft;0.2926122;-0.6624343;3.327545;
AnkleRight;0.7995074;-0.9605867;3.236276;
AnkleLeft;0.3187104;-1.020103;3.308799;
FootRight;0.7704626;-1.046995;3.225266;
FootLeft;0.2360132;-1.091246;3.368236;
Head;0.2461532;0.5996833;3.304912;
ShoulderCenter;0.3377737;0.4159796;3.27045;
ShoulderRight;0.417624;0.2953174;3.130742;
ShoulderLeft;0.2958828;0.3498207;3.428384;
ElbowRight;0.4147441;0.05312367;3.032164;
ElbowLeft;0.2533486;0.01827696;3.467667;
WristRight;0.2562319;-0.2116233;3.010892;
WristLeft;0.2453103;-0.2337041;3.452571;
HandRight;0.223894;-0.2886569;3.012212;
HandLeft;0.2233217;-0.2828235;3.448573;
Spine;0.3393996;-0.008698411;3.257909;
HipCenter;0.3397248;-0.09363401;3.258966;
HipRight;0.3747901;-0.1307762;3.214343;
HipLeft;0.3072378;-0.1487015;3.299283;
KneeRight;0.3966735;-0.6306387;3.147702;
KneeLeft;0.2676607;-0.6592616;3.320211;
AnkleRight;0.7240115;-0.9603312;3.226433;
AnkleLeft;0.3183821;-1.015566;3.308401;
FootRight;0.6895084;-1.044645;3.219153;
FootLeft;0.2449151;-1.084025;3.335135;
Head;0.2060117;0.6012508;3.308956;
ShoulderCenter;0.3050986;0.4230632;3.269866;
ShoulderRight;0.389311;0.2991515;3.138135;
ShoulderLeft;0.2632077;0.3569044;3.427799;
ElbowRight;0.4015782;0.05809736;3.035617;
ElbowLeft;0.2206171;0.024921;3.467243;
WristRight;0.2670566;-0.208395;3.016507;
WristLeft;0.1860411;-0.2511581;3.515963;
HandRight;0.2399592;-0.2935503;3.015934;
HandLeft;0.1770508;-0.3196044;3.51965;
Spine;0.3014147;0.001893807;3.263208;
HipCenter;0.3005229;-0.08225122;3.265571;
HipRight;0.3356096;-0.123131;3.221365;
HipLeft;0.2627327;-0.1328248;3.306855;
KneeRight;0.3413586;-0.6334177;3.148542;
KneeLeft;0.2283865;-0.6657587;3.30881;
AnkleRight;0.6350805;-0.9651017;3.220014;
AnkleLeft;0.3169502;-1.013686;3.308222;
FootRight;0.6007389;-1.049021;3.212768;
FootLeft;0.2447515;-1.084269;3.335122;
Head;0.1920111;0.612489;3.307069;
ShoulderCenter;0.2866532;0.4307226;3.272662;
ShoulderRight;0.349498;0.3042347;3.140009;
ShoulderLeft;0.2447623;0.3645638;3.430596;
ElbowRight;0.3785881;0.06316011;3.040891;
ElbowLeft;0.2020965;0.03199416;3.470238;
WristRight;0.2747739;-0.2191878;3.021884;
WristLeft;0.1215972;-0.2375849;3.508601;
HandRight;0.2659089;-0.312908;3.02634;
HandLeft;0.1006266;-0.3125077;3.519165;
Spine;0.2702392;0.01083484;3.266847;
HipCenter;0.2666468;-0.07319926;3.269242;
HipRight;0.2890283;-0.11723;3.236094;
HipLeft;0.2327241;-0.1065917;3.301462;
KneeRight;0.2727619;-0.6200172;3.144325;
KneeLeft;0.201291;-0.6613931;3.236538;
AnkleRight;0.5361961;-0.9682883;3.195592;
AnkleLeft;0.3614;-1.016726;3.275275;
FootRight;0.4628332;-1.057061;3.195305;
FootLeft;0.2634864;-1.073721;3.325732;
Head;0.1481727;0.612885;3.297073;
ShoulderCenter;0.2477996;0.4328855;3.268112;
ShoulderRight;0.3206798;0.3060338;3.134423;
ShoulderLeft;0.2059088;0.3667266;3.426046;
ElbowRight;0.3692747;0.06465535;3.046323;
ElbowLeft;0.1631647;0.0335471;3.465881;
WristRight;0.2799704;-0.2190615;3.025589;
WristLeft;0.04775239;-0.2115264;3.514702;
HandRight;0.2732169;-0.3138438;3.025595;
HandLeft;0.02032496;-0.2982866;3.525767;
Spine;0.2359926;0.02436077;3.248586;
HipCenter;0.2330012;-0.05698234;3.247745;
HipRight;0.2567047;-0.1086807;3.195336;
HipLeft;0.2117323;-0.1042152;3.293318;
KneeRight;0.183172;-0.6079065;3.1332;
KneeLeft;0.2766588;-0.5903531;3.312666;
AnkleRight;0.4544983;-0.9613591;3.181526;
AnkleLeft;0.2969494;-1.005673;3.279424;
FootRight;0.3789551;-1.050175;3.156964;
FootLeft;0.241752;-1.086692;3.333498;
Head;0.1211022;0.6170102;3.288754;
ShoulderCenter;0.2036869;0.4305118;3.259115;
ShoulderRight;0.294274;0.3027688;3.129987;
ShoulderLeft;0.1617961;0.364353;3.417049;
ElbowRight;0.3425061;0.04478383;3.056399;
ElbowLeft;0.07819914;0.04996431;3.493079;
WristRight;0.2838006;-0.2140551;3.029723;
WristLeft;-0.03196345;-0.1987845;3.533895;
HandRight;0.2776917;-0.3094518;3.025767;
HandLeft;-0.07562496;-0.2655952;3.519379;
Spine;0.1831101;0.01776227;3.246471;
HipCenter;0.1794667;-0.06476223;3.247567;
HipRight;0.208213;-0.1074001;3.208669;
HipLeft;0.1467421;-0.1122365;3.281821;
KneeRight;0.1278739;-0.6236596;3.135322;
KneeLeft;0.2707601;-0.6225849;3.325914;
AnkleRight;0.3754794;-0.9786833;3.168079;
AnkleLeft;0.2766759;-1.016217;3.167644;
FootRight;0.273383;-1.047998;3.183423;
FootLeft;0.2153625;-1.069072;3.26204;
Head;0.09496564;0.6158518;3.275919;
ShoulderCenter;0.1857385;0.436348;3.256439;
ShoulderRight;0.2629484;0.3025802;3.129314;
ShoulderLeft;0.1438476;0.3701892;3.414373;
ElbowRight;0.3305899;0.04385717;3.055656;
ElbowLeft;0.04686902;0.06248385;3.495333;
WristRight;0.2843561;-0.2154565;3.032821;
WristLeft;-0.09994606;-0.1802393;3.508391;
HandRight;0.2817465;-0.3112426;3.027297;
HandLeft;-0.1429198;-0.2342013;3.491833;
Spine;0.1619765;0.01151655;3.240418;
HipCenter;0.1562356;-0.07415022;3.240367;
HipRight;0.1790757;-0.1074591;3.197437;
HipLeft;0.1248624;-0.1321192;3.276759;
KneeRight;0.08065572;-0.6392647;3.121568;
KneeLeft;0.2417527;-0.6509473;3.316304;
AnkleRight;0.2281774;-1.025811;3.162022;
AnkleLeft;0.3327925;-0.9964229;3.272159;
FootRight;0.1252973;-1.080354;3.142373;
FootLeft;0.2707036;-1.04755;3.367047;
Head;0.06675012;0.6200991;3.262903;
ShoulderCenter;0.1516362;0.4399824;3.246203;
ShoulderRight;0.2337703;0.3016506;3.118094;
ShoulderLeft;0.1097454;0.3738236;3.404137;
ElbowRight;0.3143446;0.03615823;3.059553;
ElbowLeft;-0.007216409;0.08154824;3.503217;
WristRight;0.2875265;-0.2321694;3.035074;
WristLeft;-0.1583885;-0.1389103;3.48792;
HandRight;0.2845358;-0.328048;3.026295;
HandLeft;-0.2110731;-0.2039057;3.470937;
Spine;0.1200238;0.008458727;3.231162;
HipCenter;0.1143891;-0.07795846;3.231858;
HipRight;0.1402449;-0.1049777;3.193932;
HipLeft;0.08556188;-0.1347902;3.265627;
KneeRight;0.02744646;-0.6342281;3.111504;
KneeLeft;0.2174161;-0.6569955;3.319628;
AnkleRight;0.09992089;-1.039797;3.118882;
AnkleLeft;0.2860696;-1.03112;3.282481;
FootRight;0.02104203;-1.086669;3.112884;
FootLeft;0.1968825;-1.07619;3.241049;
Head;0.03432076;0.6247588;3.251004;
ShoulderCenter;0.1050211;0.4370149;3.225856;
ShoulderRight;0.1976694;0.2998558;3.108407;
ShoulderLeft;0.06313029;0.370856;3.38379;
ElbowRight;0.2997083;0.03299419;3.057365;
ElbowLeft;-0.04775555;0.08262855;3.494411;
WristRight;0.2839354;-0.2305914;3.0357;
WristLeft;-0.2144801;-0.1206771;3.469817;
HandRight;0.2857831;-0.3268652;3.026872;
HandLeft;-0.274539;-0.1761059;3.457385;
Spine;0.1046036;0.003666082;3.209426;
HipCenter;0.1023847;-0.08312242;3.208929;
HipRight;0.1333331;-0.1103264;3.175038;
HipLeft;0.0685498;-0.1377652;3.235823;
KneeRight;-0.01474242;-0.6174679;3.115845;
KneeLeft;0.1319885;-0.6651221;3.254529;
AnkleRight;-0.02273479;-1.040533;3.100034;
AnkleLeft;0.3011405;-1.023279;3.292256;
FootRight;-0.13886;-1.086417;3.110096;
FootLeft;0.1978872;-1.078044;3.271839;
Head;-0.00582508;0.6111547;3.234724;
ShoulderCenter;0.08887948;0.4361106;3.211004;
ShoulderRight;0.1644721;0.2923141;3.097642;
ShoulderLeft;0.04698861;0.3699517;3.368937;
ElbowRight;0.2739701;0.02357441;3.059021;
ElbowLeft;-0.08204592;0.09004429;3.478641;
WristRight;0.2722697;-0.2278817;3.042567;
WristLeft;-0.2758011;-0.1152586;3.45333;
HandRight;0.2829694;-0.3234757;3.030881;
HandLeft;-0.3341699;-0.1621152;3.454825;
Spine;0.08135409;0.00165778;3.197594;
HipCenter;0.08040231;-0.08517009;3.19887;
HipRight;0.104693;-0.1131786;3.158772;
HipLeft;0.053389;-0.1422768;3.232525;
KneeRight;-0.0259792;-0.6095496;3.11505;
KneeLeft;0.06130686;-0.6584095;3.202192;
AnkleRight;-0.1202143;-1.024631;3.083737;
AnkleLeft;0.3013281;-1.023175;3.292338;
FootRight;-0.2333581;-1.063218;3.054462;
FootLeft;0.217067;-1.090978;3.356812;
Head;-0.036872;0.6141538;3.232483;
ShoulderCenter;0.03859928;0.4312893;3.205318;
ShoulderRight;0.1280221;0.2932196;3.091175;
ShoulderLeft;-0.003291581;0.3651305;3.363252;
ElbowRight;0.2391723;0.01828741;3.058421;
ElbowLeft;-0.1205052;0.07927307;3.468777;
WristRight;0.2570739;-0.2298302;3.040178;
WristLeft;-0.2968374;-0.09810178;3.445688;
HandRight;0.2754883;-0.3248468;3.032633;
HandLeft;-0.3471938;-0.1515742;3.459242;
Spine;0.04910123;0.005069129;3.187664;
HipCenter;0.05013385;-0.08043057;3.187736;
HipRight;0.07655244;-0.09909663;3.149817;
HipLeft;0.02386717;-0.1452115;3.219932;
KneeRight;-0.07646296;-0.5893335;3.108273;
KneeLeft;0.03485865;-0.6664317;3.19636;
AnkleRight;-0.2157501;-1.033239;3.068341;
AnkleLeft;0.3032967;-1.022393;3.293241;
FootRight;-0.3223552;-1.056459;3.055276;
FootLeft;0.2131064;-1.093193;3.345185;
Head;-0.06455475;0.613717;3.225455;
ShoulderCenter;0.01714629;0.432539;3.198234;
ShoulderRight;0.07706138;0.2821577;3.078337;
ShoulderLeft;-0.02474457;0.3663802;3.356169;
ElbowRight;0.2081439;-0.007612584;3.048341;
ElbowLeft;-0.1677122;0.08077127;3.432881;
WristRight;0.2240356;-0.2555158;3.029359;
WristLeft;-0.3355023;-0.101141;3.440593;
HandRight;0.2577244;-0.331524;3.032273;
HandLeft;-0.4186234;-0.1529434;3.445596;
Spine;0.008043134;-0.01435209;3.177298;
HipCenter;0.006540031;-0.1046885;3.176852;
HipRight;0.0279425;-0.1234965;3.14027;
HipLeft;-0.01247129;-0.1674628;3.209174;
KneeRight;-0.09297047;-0.5901772;3.10731;
KneeLeft;-0.09663849;-0.6752721;3.096919;
AnkleRight;-0.2679194;-1.038435;3.058104;
AnkleLeft;0.2417192;-0.9685003;3.259486;
FootRight;-0.3931372;-1.035679;3.038235;
FootLeft;0.2180733;-1.070852;3.330528;
Head;-0.1168061;0.6049814;3.213301;
ShoulderCenter;-0.0370056;0.4242018;3.184785;
ShoulderRight;0.0568058;0.2799028;3.071495;
ShoulderLeft;-0.07889646;0.358043;3.342719;
ElbowRight;0.1764189;-0.01553297;3.039958;
ElbowLeft;-0.209111;0.06725481;3.419166;
WristRight;0.1864049;-0.2631732;3.023042;
WristLeft;-0.3805246;-0.1083711;3.439552;
HandRight;0.208525;-0.3364566;3.034349;
HandLeft;-0.4395571;-0.1489539;3.438876;
Spine;-0.02641551;-0.01784629;3.164129;
HipCenter;-0.0240873;-0.1065202;3.163871;
HipRight;-0.001639943;-0.1224581;3.132757;
HipLeft;-0.04761137;-0.1703597;3.187718;
KneeRight;-0.1642034;-0.5626025;3.098699;
KneeLeft;-0.1219605;-0.6735083;3.098664;
AnkleRight;-0.3269749;-1.010238;3.050183;
AnkleLeft;0.2260593;-0.9589114;3.254015;
FootRight;-0.4368187;-1.055608;3.059412;
FootLeft;0.2316839;-1.069709;3.315337;
Head;-0.140116;0.5950288;3.211871;
ShoulderCenter;-0.06119357;0.4132789;3.184469;
ShoulderRight;0.003362126;0.2813462;3.064762;
ShoulderLeft;-0.1030844;0.3471201;3.342403;
ElbowRight;0.1312126;0.007024867;3.028965;
ElbowLeft;-0.2417913;0.05874512;3.411986;
WristRight;0.1468491;-0.2757656;3.010236;
WristLeft;-0.4436887;-0.1479724;3.425283;
HandRight;0.1772953;-0.3447572;3.027717;
HandLeft;-0.5094101;-0.1788879;3.426587;
Spine;-0.04869514;-0.01754687;3.150887;
HipCenter;-0.0475232;-0.1036487;3.146808;
HipRight;-0.03220802;-0.1155539;3.106262;
HipLeft;-0.06206916;-0.1679645;3.17782;
KneeRight;-0.1286983;-0.5638505;3.095279;
KneeLeft;-0.07297514;-0.6647014;3.174279;
AnkleRight;-0.3012574;-1.017601;3.073722;
AnkleLeft;0.2641304;-0.9863175;3.282653;
FootRight;-0.3942487;-1.071186;3.074729;
FootLeft;0.2248199;-1.086297;3.338517;
Head;-0.1261976;0.609223;3.206036;
ShoulderCenter;-0.08835821;0.4167781;3.185004;
ShoulderRight;-0.01593649;0.2767437;3.050432;
ShoulderLeft;-0.1302491;0.3506193;3.342938;
ElbowRight;0.07966438;-0.02904753;3.011494;
ElbowLeft;-0.258638;0.05536747;3.401509;
WristRight;0.09377038;-0.2751012;2.996981;
WristLeft;-0.4456144;-0.1466513;3.420402;
HandRight;0.1127159;-0.3713177;3.000697;
HandLeft;-0.50582;-0.1862962;3.412354;
Spine;-0.09347632;-0.02357348;3.133565;
HipCenter;-0.09344319;-0.1120039;3.126428;
HipRight;-0.07042073;-0.1220292;3.099431;
HipLeft;-0.1110454;-0.1701005;3.14481;
KneeRight;-0.2360202;-0.6065356;3.082014;
KneeLeft;-0.09346889;-0.6617161;3.17208;
AnkleRight;-0.3075656;-1.033266;3.074479;
AnkleLeft;0.2477904;-0.9769592;3.281405;
FootRight;-0.3973309;-1.076115;3.081762;
FootLeft;0.2035227;-1.073417;3.350897;
Head;-0.1507414;0.6127343;3.185338;
ShoulderCenter;-0.1466028;0.4175763;3.160626;
ShoulderRight;-0.074496;0.2684365;3.038002;
ShoulderLeft;-0.1884937;0.3514175;3.31856;
ElbowRight;0.02917237;0.009768139;2.990521;
ElbowLeft;-0.290458;0.05009291;3.386303;
WristRight;0.0424896;-0.2509364;2.961798;
WristLeft;-0.4477872;-0.150158;3.418884;
HandRight;0.05472737;-0.3469899;2.976653;
HandLeft;-0.5000581;-0.1978077;3.403389;
Spine;-0.1448409;-0.02053485;3.118225;
HipCenter;-0.1444885;-0.1081571;3.113256;
HipRight;-0.1222242;-0.1184919;3.090122;
HipLeft;-0.1664809;-0.1654536;3.128447;
KneeRight;-0.2538148;-0.6122369;3.077796;
KneeLeft;-0.1020716;-0.6654443;3.198344;
AnkleRight;-0.3075252;-1.03314;3.074611;
AnkleLeft;0.2395022;-0.98437;3.293995;
FootRight;-0.4139267;-1.088625;3.098049;
FootLeft;0.1923459;-1.083968;3.357839;
Head;-0.1519912;0.6002577;3.135791;
ShoulderCenter;-0.1825724;0.4124749;3.133621;
ShoulderRight;-0.1112165;0.2653985;3.020708;
ShoulderLeft;-0.2244632;0.346316;3.291554;
ElbowRight;-0.01066507;0.0007510486;2.970528;
ElbowLeft;-0.3309964;0.04654592;3.355186;
WristRight;-0.02945485;-0.283424;2.96201;
WristLeft;-0.4470777;-0.1657559;3.402506;
HandRight;-0.009404087;-0.3524246;2.95474;
HandLeft;-0.4966701;-0.2344672;3.396741;
Spine;-0.2071044;-0.02782039;3.11343;
HipCenter;-0.2116458;-0.1158277;3.113179;
HipRight;-0.1862211;-0.1463082;3.09369;
HipLeft;-0.2405903;-0.1535588;3.128349;
KneeRight;-0.2854856;-0.617923;3.07114;
KneeLeft;-0.1760725;-0.6485239;3.178426;
AnkleRight;-0.3072414;-1.032807;3.074342;
AnkleLeft;0.1801683;-0.9504757;3.271291;
FootRight;-0.4121223;-1.090122;3.097783;
FootLeft;0.1728988;-1.067729;3.321258;
Head;-0.182379;0.6099437;3.125656;
ShoulderCenter;-0.2183344;0.4217654;3.118659;
ShoulderRight;-0.1349914;0.2737762;3.010787;
ShoulderLeft;-0.2602253;0.3556066;3.276594;
ElbowRight;-0.07204586;0.01753613;2.960464;
ElbowLeft;-0.3640664;0.0563153;3.341421;
WristRight;-0.1202175;-0.2677526;2.935989;
WristLeft;-0.4369171;-0.1902006;3.384808;
HandRight;-0.1001928;-0.3366634;2.928729;
HandLeft;-0.4871693;-0.2677298;3.390453;
Spine;-0.2356995;-0.01126088;3.110209;
HipCenter;-0.2399457;-0.09755562;3.111812;
HipRight;-0.2153531;-0.1296064;3.08796;
HipLeft;-0.2652204;-0.1439631;3.131935;
KneeRight;-0.2918255;-0.6209753;3.070904;
KneeLeft;-0.1716217;-0.6807283;3.214132;
AnkleRight;-0.3073989;-1.032811;3.07388;
AnkleLeft;0.1702885;-0.9575273;3.270912;
FootRight;-0.3986534;-1.092738;3.096401;
FootLeft;0.1339878;-1.067765;3.316354;
Head;-0.2365962;0.6159457;3.123712;
ShoulderCenter;-0.2486429;0.423656;3.112779;
ShoulderRight;-0.1813504;0.277964;3.003327;
ShoulderLeft;-0.2905338;0.3574972;3.270713;
ElbowRight;-0.1492371;0.02554598;2.940138;
ElbowLeft;-0.3958186;0.05943239;3.334752;
WristRight;-0.1930644;-0.2350791;2.93328;
WristLeft;-0.436262;-0.2187728;3.326945;
HandRight;-0.1730443;-0.3039742;2.926021;
HandLeft;-0.4691138;-0.2895707;3.385484;
Spine;-0.2782806;-0.0116238;3.135382;
HipCenter;-0.2828634;-0.09878482;3.143923;
HipRight;-0.2583922;-0.1362893;3.115682;
HipLeft;-0.3115238;-0.145526;3.175121;
KneeRight;-0.303849;-0.6183773;3.061889;
KneeLeft;-0.181996;-0.6811357;3.212612;
AnkleRight;-0.30733;-1.032583;3.073487;
AnkleLeft;0.09963284;-0.9531859;3.261032;
FootRight;-0.3942153;-1.092352;3.095786;
FootLeft;0.06469249;-1.063943;3.306655;
Head;-0.251117;0.6198016;3.127061;
ShoulderCenter;-0.2870083;0.4303975;3.117905;
ShoulderRight;-0.202354;0.2844213;2.996875;
ShoulderLeft;-0.3288991;0.3642386;3.275839;
ElbowRight;-0.2090003;0.03920348;2.915819;
ElbowLeft;-0.432862;0.06655428;3.339709;
WristRight;-0.2603724;-0.2292791;2.894189;
WristLeft;-0.4617124;-0.2601477;3.344172;
HandRight;-0.2737111;-0.3260177;2.90033;
HandLeft;-0.4611551;-0.3324231;3.341651;
Spine;-0.3019929;-0.0141141;3.126017;
HipCenter;-0.3070139;-0.1029487;3.130996;
HipRight;-0.2770743;-0.1349249;3.114115;
HipLeft;-0.3440469;-0.1434646;3.139888;
KneeRight;-0.3179302;-0.6330317;3.060071;
KneeLeft;-0.1969203;-0.7133229;3.222884;
AnkleRight;-0.3077877;-1.032839;3.073974;
AnkleLeft;0.03286178;-0.9751985;3.265484;
FootRight;-0.392858;-1.091923;3.095863;
FootLeft;-0.02235634;-1.062846;3.304849;
Head;-0.2872508;0.6289168;3.123385;
ShoulderCenter;-0.3139802;0.4384201;3.120395;
ShoulderRight;-0.2470885;0.2934031;2.997828;
ShoulderLeft;-0.3558711;0.3722613;3.278328;
ElbowRight;-0.2414269;0.05554993;2.902803;
ElbowLeft;-0.4608898;0.07378316;3.342556;
WristRight;-0.3561513;-0.2535225;2.890246;
WristLeft;-0.4960984;-0.2036673;3.336152;
HandRight;-0.3697704;-0.3336615;2.88976;
HandLeft;-0.4849534;-0.3007358;3.344419;
Spine;-0.3404797;-0.01363777;3.114203;
HipCenter;-0.3453258;-0.104369;3.116236;
HipRight;-0.3195767;-0.1279469;3.097933;
HipLeft;-0.3718538;-0.1476254;3.132036;
KneeRight;-0.3285613;-0.6339275;3.062737;
KneeLeft;-0.2284792;-0.7095732;3.199672;
AnkleRight;-0.3084784;-1.032862;3.073847;
AnkleLeft;-0.05473737;-1.003213;3.267633;
FootRight;-0.3924094;-1.091847;3.095717;
FootLeft;-0.1178828;-1.080003;3.308818;
Head;-0.3147086;0.6328744;3.119473;
ShoulderCenter;-0.3431717;0.4433128;3.121846;
ShoulderRight;-0.2834896;0.2919517;2.990129;
ShoulderLeft;-0.3850626;0.3771539;3.27978;
ElbowRight;-0.3059988;0.0365888;2.89905;
ElbowLeft;-0.4895263;0.07910252;3.343791;
WristRight;-0.4259457;-0.2308053;2.869422;
WristLeft;-0.521215;-0.1997422;3.337375;
HandRight;-0.4602025;-0.3186223;2.851133;
HandLeft;-0.5161431;-0.2976349;3.346134;
Spine;-0.3608236;-0.01387429;3.116944;
HipCenter;-0.3647755;-0.1052445;3.11939;
HipRight;-0.3399165;-0.1323707;3.092659;
HipLeft;-0.3983114;-0.1544895;3.146409;
KneeRight;-0.3397269;-0.6539518;3.057679;
KneeLeft;-0.2434419;-0.7048646;3.201098;
AnkleRight;-0.3091437;-1.032824;3.074076;
AnkleLeft;-0.1496791;-1.039439;3.234913;
FootRight;-0.4014497;-1.093333;3.098067;
FootLeft;-0.2422791;-1.056478;3.242864;
Head;-0.3571914;0.5593215;3.111223;
ShoulderCenter;-0.3859122;0.3533684;3.10627;
ShoulderRight;-0.3091252;0.2972558;2.984726;
ShoulderLeft;-0.4278031;0.2872096;3.264204;
ElbowRight;-0.3683837;0.03296511;2.88132;
ElbowLeft;-0.5321193;-0.01003084;3.327967;
WristRight;-0.4976277;-0.1934698;2.824065;
WristLeft;-0.565315;-0.2895729;3.32186;
HandRight;-0.5340607;-0.2836707;2.809453;
HandLeft;-0.5580269;-0.3872956;3.330476;
Spine;-0.3999545;-0.0457593;3.088892;
HipCenter;-0.4027629;-0.1255848;3.088954;
HipRight;-0.3774855;-0.1422475;3.077052;
HipLeft;-0.426481;-0.1627519;3.098672;
KneeRight;-0.3425937;-0.6565896;3.057118;
KneeLeft;-0.5439765;-0.6108168;3.210995;
AnkleRight;-0.3116768;-1.032686;3.075298;
AnkleLeft;-0.2008736;-0.9416125;3.218593;
FootRight;-0.3974456;-1.092717;3.097426;
FootLeft;-0.2422697;-1.024215;3.237055;
Head;-0.3927737;0.5552191;3.110034;
ShoulderCenter;-0.4196311;0.3553019;3.104816;
ShoulderRight;-0.3597051;0.2975245;2.975834;
ShoulderLeft;-0.4615219;0.289143;3.26275;
ElbowRight;-0.4215614;0.02962257;2.872826;
ElbowLeft;-0.5656693;-0.007616431;3.326356;
WristRight;-0.5865688;-0.2120229;2.798539;
WristLeft;-0.5990338;-0.2876395;3.320394;
HandRight;-0.6249747;-0.295608;2.80281;
HandLeft;-0.5917252;-0.3856367;3.329034;
Spine;-0.4370214;-0.03848645;3.102688;
HipCenter;-0.4411829;-0.1169896;3.106415;
HipRight;-0.4228695;-0.1501985;3.078067;
HipLeft;-0.4665011;-0.1623228;3.135523;
KneeRight;-0.3528444;-0.661873;3.058922;
KneeLeft;-0.5611051;-0.6391837;3.211373;
AnkleRight;-0.3137444;-1.033372;3.076658;
AnkleLeft;-0.4284599;-1.03201;3.171308;
FootRight;-0.3968259;-1.092749;3.098744;
FootLeft;-0.4756249;-1.106562;3.202927;
Head;-0.4182673;0.6301379;3.104871;
ShoulderCenter;-0.455338;0.4404508;3.096156;
ShoulderRight;-0.3838675;0.2985427;2.970208;
ShoulderLeft;-0.4972289;0.374292;3.25409;
ElbowRight;-0.4854333;0.03826869;2.848654;
ElbowLeft;-0.6012012;0.07803139;3.31748;
WristRight;-0.6561099;-0.1971661;2.787304;
WristLeft;-0.6347408;-0.2024905;3.311641;
HandRight;-0.7059143;-0.2673662;2.777912;
HandLeft;-0.6274184;-0.3006722;3.320298;
Spine;-0.4589772;0.009603091;3.086176;
HipCenter;-0.4590771;-0.07793673;3.088366;
HipRight;-0.4353915;-0.1159531;3.053828;
HipLeft;-0.4811311;-0.133323;3.121971;
KneeRight;-0.3674461;-0.6634967;3.058851;
KneeLeft;-0.5954268;-0.6768433;3.216493;
AnkleRight;-0.3185686;-1.03472;3.0794;
AnkleLeft;-0.4964516;-1.034049;3.196008;
FootRight;-0.3902369;-1.091505;3.097446;
FootLeft;-0.5619709;-1.099;3.209243;
Head;-0.4724655;0.5399852;3.094546;
ShoulderCenter;-0.4932097;0.3111137;3.083513;
ShoulderRight;-0.4300339;0.3004458;2.957362;
ShoulderLeft;-0.5351005;0.2449549;3.241447;
ElbowRight;-0.5099548;0.04886614;2.846872;
ElbowLeft;-0.6388608;-0.05070156;3.304641;
WristRight;-0.6930733;-0.1547035;2.780512;
WristLeft;-0.6726124;-0.3318276;3.298986;
HandRight;-0.7548276;-0.2212966;2.768855;
HandLeft;-0.6652723;-0.430247;3.307663;
Spine;-0.4957434;-0.03086057;3.098985;
HipCenter;-0.4934167;-0.09763047;3.104312;
HipRight;-0.4851755;-0.1347136;3.080664;
HipLeft;-0.4988875;-0.1442227;3.128736;
KneeRight;-0.3966193;-0.6564097;3.051369;
KneeLeft;-0.6358964;-0.6660246;3.208307;
AnkleRight;-0.3195333;-1.03476;3.079231;
AnkleLeft;-0.5883277;-1.050165;3.200117;
FootRight;-0.3890732;-1.094109;3.096901;
FootLeft;-0.7032663;-1.091396;3.224978;
Head;-0.4860278;0.5432242;3.096696;
ShoulderCenter;-0.5215322;0.3299459;3.082335;
ShoulderRight;-0.4449503;0.3029682;2.954097;
ShoulderLeft;-0.5634231;0.2637871;3.24027;
ElbowRight;-0.5732132;0.05353628;2.833451;
ElbowLeft;-0.6669209;-0.03112146;3.303226;
WristRight;-0.7393295;-0.1359298;2.774604;
WristLeft;-0.700935;-0.3129954;3.2978;
HandRight;-0.8169534;-0.1846741;2.751029;
HandLeft;-0.6935781;-0.4116401;3.306497;
Spine;-0.5162266;-0.02199127;3.095779;
HipCenter;-0.5157061;-0.09102084;3.101486;
HipRight;-0.5009984;-0.1342164;3.070229;
HipLeft;-0.5346786;-0.1457992;3.136255;
KneeRight;-0.4071531;-0.6553129;3.050751;
KneeLeft;-0.6807675;-0.6661138;3.192012;
AnkleRight;-0.3202641;-1.034068;3.078158;
AnkleLeft;-0.7201849;-1.051281;3.206995;
FootRight;-0.3854334;-1.098954;3.093693;
FootLeft;-0.8390275;-1.0854;3.232189;
Head;-0.5269957;0.5425078;3.090767;
ShoulderCenter;-0.5601404;0.3212721;3.072132;
ShoulderRight;-0.4956135;0.2955746;2.947234;
ShoulderLeft;-0.6020312;0.2551133;3.230066;
ElbowRight;-0.5976789;0.0550311;2.829061;
ElbowLeft;-0.7052562;-0.0390178;3.292768;
WristRight;-0.782507;-0.1063337;2.765259;
WristLeft;-0.7395431;-0.3216692;3.287576;
HandRight;-0.860131;-0.155078;2.741683;
HandLeft;-0.7321701;-0.4205295;3.296293;
Spine;-0.5543782;-0.0255335;3.0908;
HipCenter;-0.5530246;-0.09473076;3.098007;
HipRight;-0.5410046;-0.1391313;3.066725;
HipLeft;-0.5608311;-0.1473604;3.132731;
KneeRight;-0.4391091;-0.6538118;3.05238;
KneeLeft;-0.7029464;-0.6529572;3.186191;
AnkleRight;-0.3207691;-1.034014;3.077946;
AnkleLeft;-0.8296153;-1.045711;3.198372;
FootRight;-0.4136161;-1.092778;3.096149;
FootLeft;-0.9513683;-1.07247;3.219829;
Head;-0.5612391;0.6237799;3.086845;
ShoulderCenter;-0.6001673;0.4333239;3.072332;
ShoulderRight;-0.5282168;0.2997921;2.937659;
ShoulderLeft;-0.6420581;0.3671651;3.230266;
ElbowRight;-0.6478931;0.05718003;2.81683;
ElbowLeft;-0.7451749;0.0733422;3.292826;
WristRight;-0.8534058;-0.1236929;2.762161;
WristLeft;-0.77957;-0.2096174;3.287705;
HandRight;-0.9310298;-0.1724372;2.738586;
HandLeft;-0.7721823;-0.3086751;3.296439;
Spine;-0.5934104;0.003680035;3.061347;
HipCenter;-0.592059;-0.08224875;3.062706;
HipRight;-0.5681666;-0.1221037;3.028846;
HipLeft;-0.6145285;-0.1282679;3.092644;
KneeRight;-0.4649327;-0.6587156;3.059043;
KneeLeft;-0.7391713;-0.6486897;3.181724;
AnkleRight;-0.3223786;-1.035116;3.079455;
AnkleLeft;-0.9267374;-1.046529;3.203717;
FootRight;-0.413663;-1.092666;3.096102;
FootLeft;-1.045978;-1.065349;3.241696;
Head;-0.5852561;0.6215285;3.084424;
ShoulderCenter;-0.6217253;0.4303348;3.072228;
ShoulderRight;-0.5496494;0.2955481;2.944301;
ShoulderLeft;-0.6636162;0.364176;3.230163;
ElbowRight;-0.6803875;0.05573357;2.81809;
ElbowLeft;-0.766657;0.07056934;3.292621;
WristRight;-0.8569988;-0.1205849;2.766724;
WristLeft;-0.801128;-0.2126065;3.28755;
HandRight;-0.9346228;-0.1693292;2.743148;
HandLeft;-0.793726;-0.3118566;3.2963;
Spine;-0.6223512;0.001748883;3.062017;
HipCenter;-0.6226242;-0.08392046;3.063561;
HipRight;-0.595107;-0.1195269;3.032569;
HipLeft;-0.6513131;-0.1303327;3.090468;
KneeRight;-0.4667992;-0.6574236;3.055647;
KneeLeft;-0.7883085;-0.6483464;3.169987;
AnkleRight;-0.3231815;-1.037261;3.080599;
AnkleLeft;-0.9632331;-1.049145;3.201244;
FootRight;-0.4148937;-1.092451;3.096883;
FootLeft;-1.087314;-1.061659;3.225986;
Head;-0.6428702;0.6126451;3.083368;
ShoulderCenter;-0.675984;0.4196517;3.067562;
ShoulderRight;-0.6045696;0.2828423;2.945314;
ShoulderLeft;-0.7178749;0.3534928;3.225496;
ElbowRight;-0.7310016;0.03626224;2.809645;
ElbowLeft;-0.8208605;0.06004366;3.287885;
WristRight;-0.9213244;-0.105304;2.761931;
WristLeft;-0.8553868;-0.2232897;3.282853;
HandRight;-0.9652313;-0.1289688;2.744227;
HandLeft;-0.8668956;-0.3177341;3.286033;
Spine;-0.6634912;-6.229169E-05;3.053641;
HipCenter;-0.6603459;-0.08416842;3.054712;
HipRight;-0.6354104;-0.1269685;3.010107;
HipLeft;-0.6858504;-0.1401984;3.091722;
KneeRight;-0.4869004;-0.6574407;3.04518;
KneeLeft;-0.8221912;-0.6513577;3.170614;
AnkleRight;-0.3239073;-1.037991;3.080708;
AnkleLeft;-0.9666255;-1.039406;3.194326;
FootRight;-0.4160854;-1.092644;3.0971;
FootLeft;-1.089193;-1.062115;3.222692;
Head;-0.6756525;0.6110474;3.088845;
ShoulderCenter;-0.7044776;0.4176471;3.078974;
ShoulderRight;-0.6254325;0.2824545;2.950442;
ShoulderLeft;-0.7463685;0.3514883;3.236908;
ElbowRight;-0.7378584;0.03949964;2.811687;
ElbowLeft;-0.8499141;0.05644363;3.299783;
WristRight;-0.9273032;-0.1057725;2.765578;
WristLeft;-0.8838804;-0.2252942;3.294252;
HandRight;-0.9753325;-0.1318226;2.746928;
HandLeft;-0.8952025;-0.3192068;3.297267;
Spine;-0.6892322;-0.00421276;3.052266;
HipCenter;-0.6871282;-0.088778;3.050645;
HipRight;-0.6529724;-0.1287825;3.010094;
HipLeft;-0.7181319;-0.1405955;3.082065;
KneeRight;-0.5267423;-0.6581017;3.039182;
KneeLeft;-0.8530312;-0.6600868;3.168776;
AnkleRight;-0.3277573;-1.03837;3.081979;
AnkleLeft;-0.9706854;-1.031393;3.188329;
FootRight;-0.4246891;-1.094131;3.1042;
FootLeft;-1.09108;-1.063683;3.219782;
Head;-0.7287118;0.6034418;3.076548;
ShoulderCenter;-0.756492;0.4087698;3.063313;
ShoulderRight;-0.6999485;0.2729159;2.939339;
ShoulderLeft;-0.7983829;0.3426109;3.221247;
ElbowRight;-0.7731891;0.03397195;2.818092;
ElbowLeft;-0.9023864;0.04626128;3.284506;
WristRight;-0.9604796;-0.1180759;2.786028;
WristLeft;-0.9358948;-0.2341716;3.278559;
HandRight;-1.004346;-0.1394148;2.765603;
HandLeft;-0.9470642;-0.3276492;3.28144;
Spine;-0.7368164;-0.02480832;3.044264;
HipCenter;-0.7328813;-0.1115239;3.04402;
HipRight;-0.7056306;-0.143709;3.009972;
HipLeft;-0.7515009;-0.156345;3.074108;
KneeRight;-0.5963389;-0.6547803;3.044556;
KneeLeft;-0.8926595;-0.6686922;3.166152;
AnkleRight;-0.3443207;-1.024814;3.08195;
AnkleLeft;-0.9744892;-1.032121;3.188292;
FootRight;-0.4258486;-1.090549;3.100539;
FootLeft;-1.088982;-1.076313;3.22843;
Head;-0.7728013;0.6072166;3.136923;
ShoulderCenter;-0.7825389;0.4120369;3.054137;
ShoulderRight;-0.7224835;0.2718062;2.938097;
ShoulderLeft;-0.8244298;0.3458781;3.212071;
ElbowRight;-0.7888016;0.02826387;2.826474;
ElbowLeft;-0.9283142;0.04986784;3.275212;
WristRight;-1.001196;-0.1572388;2.797109;
WristLeft;-0.9619417;-0.2309044;3.269363;
HandRight;-1.053354;-0.2090339;2.787617;
HandLeft;-0.9731508;-0.3244951;3.272279;
Spine;-0.7607254;-0.0250138;3.037942;
HipCenter;-0.7564399;-0.1123788;3.03822;
HipRight;-0.7263518;-0.140121;3.008521;
HipLeft;-0.787184;-0.1582161;3.061478;
KneeRight;-0.6074005;-0.6922594;3.031499;
KneeLeft;-0.9332666;-0.6711481;3.174543;
AnkleRight;-0.3650044;-1.020411;3.08545;
AnkleLeft;-0.9874704;-1.033052;3.187227;
FootRight;-0.4340603;-1.092398;3.105227;
FootLeft;-1.098501;-1.082397;3.2321;
Head;-0.818213;0.6141275;3.137164;
ShoulderCenter;-0.8318207;0.4178982;3.058222;
ShoulderRight;-0.7606512;0.2712436;2.940598;
ShoulderLeft;-0.8737116;0.3517393;3.216156;
ElbowRight;-0.8136441;0.02439029;2.834531;
ElbowLeft;-0.9780065;0.0545598;3.279634;
WristRight;-1.007514;-0.1798213;2.802067;
WristLeft;-1.011223;-0.2250431;3.27341;
HandRight;-1.065769;-0.2557805;2.81094;
HandLeft;-1.022296;-0.3182441;3.276204;
Spine;-0.801975;-0.01210086;3.038243;
HipCenter;-0.7962262;-0.09818091;3.037874;
HipRight;-0.7661573;-0.1350082;2.999846;
HipLeft;-0.8147112;-0.1529461;3.068337;
KneeRight;-0.7087871;-0.6670617;3.024719;
KneeLeft;-0.9628581;-0.6580586;3.171002;
AnkleRight;-0.4244524;-0.9791451;3.076139;
AnkleLeft;-0.9939646;-1.034865;3.190471;
FootRight;-0.4680583;-1.069587;3.078984;
FootLeft;-1.104864;-1.08646;3.234071;
Head;-0.8634713;0.6123985;3.149048;
ShoulderCenter;-0.8496308;0.4182574;3.058334;
ShoulderRight;-0.7969924;0.2715159;2.942796;
ShoulderLeft;-0.8915217;0.3520985;3.216268;
ElbowRight;-0.8346301;0.02815584;2.840874;
ElbowLeft;-0.9956837;0.05529726;3.2796;
WristRight;-1.017929;-0.2119624;2.812451;
WristLeft;-1.029034;-0.224684;3.273478;
HandRight;-1.062562;-0.2992078;2.817376;
HandLeft;-1.04015;-0.318011;3.276312;
Spine;-0.8244205;-0.008922448;3.035042;
HipCenter;-0.8194646;-0.09431203;3.033888;
HipRight;-0.7994866;-0.12748;3.00709;
HipLeft;-0.8456865;-0.1330133;3.051779;
KneeRight;-0.81032;-0.6047046;2.997806;
KneeLeft;-1.002195;-0.6597378;3.167577;
AnkleRight;-0.4923263;-0.9437461;3.069137;
AnkleLeft;-0.9965136;-1.035685;3.189756;
FootRight;-0.4944605;-1.063875;3.074153;
FootLeft;-1.106807;-1.088606;3.234107;
Head;-0.8795549;0.6186839;3.151354;
ShoulderCenter;-0.9041206;0.4252922;3.060205;
ShoulderRight;-0.8271716;0.2788472;2.940489;
ShoulderLeft;-0.9460115;0.3591334;3.218138;
ElbowRight;-0.8552263;0.0207388;2.853771;
ElbowLeft;-1.050039;0.06271648;3.281311;
WristRight;-1.013291;-0.2096639;2.815237;
WristLeft;-1.083523;-0.2176491;3.275289;
HandRight;-1.050868;-0.3025948;2.821073;
HandLeft;-1.048934;-0.2869806;2.820951;
Spine;-0.8831776;0.001732484;3.041763;
HipCenter;-0.878989;-0.08297946;3.041654;
HipRight;-0.8519308;-0.1240484;3.007373;
HipLeft;-0.9016633;-0.130573;3.070145;
KneeRight;-0.8586165;-0.6204572;2.998335;
KneeLeft;-1.019692;-0.7025645;3.121454;
AnkleRight;-0.5425397;-0.9508363;3.068249;
AnkleLeft;-1.001243;-1.038809;3.193064;
FootRight;-0.5598071;-1.060699;3.072939;
FootLeft;-1.11246;-1.091284;3.236388;
Head;-0.9313406;0.5655999;3.141642;
ShoulderCenter;-0.9392976;0.3699709;3.05724;
ShoulderRight;-0.8507993;0.2880619;2.94365;
ShoulderLeft;-0.9811885;0.3038121;3.215174;
ElbowRight;-0.8692002;0.02377754;2.858878;
ElbowLeft;-0.9964534;0.05476014;3.050604;
WristRight;-1.003214;-0.2118427;2.819958;
WristLeft;-1.064219;-0.2174694;3.095038;
HandRight;-1.033227;-0.3074299;2.826016;
HandLeft;-1.048946;-0.2549694;3.003196;
Spine;-0.8950133;-0.01845061;3.028204;
HipCenter;-0.8871057;-0.09743759;3.02742;
HipRight;-0.8565128;-0.1293345;2.998849;
HipLeft;-0.9098381;-0.1441637;3.050812;
KneeRight;-0.9503136;-0.6187102;3.009061;
KneeLeft;-1.035174;-0.6591609;3.015115;
AnkleRight;-0.6298487;-0.9623345;3.057361;
AnkleLeft;-1.003553;-1.038108;3.194288;
FootRight;-0.6539338;-1.073299;3.079343;
FootLeft;-1.112002;-1.085129;3.220645;
Head;-0.9503791;0.5520651;3.138887;
ShoulderCenter;-0.9526463;0.3499047;3.05631;
ShoulderRight;-0.8918599;0.2842506;2.940914;
ShoulderLeft;-0.9945371;0.2837459;3.214244;
ElbowRight;-0.8907114;0.01381837;2.874196;
ElbowLeft;-1.098169;-0.0115445;3.277042;
WristRight;-0.99471;-0.2205485;2.83406;
WristLeft;-1.132049;-0.2930366;3.271355;
HandRight;-1.01302;-0.2921981;2.839472;
HandLeft;-1.110391;-0.3047853;3.174108;
Spine;-0.8999152;-0.03377007;3.030471;
HipCenter;-0.8899827;-0.1105388;3.029297;
HipRight;-0.858911;-0.1395623;2.996342;
HipLeft;-0.9111997;-0.1666578;3.058177;
KneeRight;-0.9233793;-0.7067249;3.028306;
KneeLeft;-0.9799613;-0.6067239;3.217194;
AnkleRight;-0.6894126;-0.9624494;3.058026;
AnkleLeft;-1.003748;-1.038503;3.196002;
FootRight;-0.7681153;-1.064905;3.074882;
FootLeft;-1.109224;-1.095167;3.247378;
Head;-1.00602;0.6310611;3.155249;
ShoulderCenter;-1.003863;0.4351818;3.072296;
ShoulderRight;-0.9150221;0.28776;2.943946;
ShoulderLeft;-1.045754;0.3690229;3.23023;
ElbowRight;-0.9113032;0.01761365;2.87626;
ElbowLeft;-1.149224;0.07419416;3.292862;
WristRight;-0.9888943;-0.2283065;2.842392;
WristLeft;-1.183266;-0.2077596;3.287308;
HandRight;-0.9905097;-0.3120612;2.84528;
HandLeft;-1.161597;-0.2195088;3.190077;
Spine;-1.009923;0.016684;3.05587;
HipCenter;-1.011135;-0.06701557;3.05617;
HipRight;-0.9827669;-0.1227381;3.00793;
HipLeft;-1.041095;-0.1212079;3.097672;
KneeRight;-1.081634;-0.6018993;3.025211;
KneeLeft;-0.9905643;-0.6126693;3.211924;
AnkleRight;-0.8081813;-0.9657498;3.064463;
AnkleLeft;-1.007947;-1.03206;3.189406;
FootRight;-0.8666145;-1.057474;3.059759;
FootLeft;-1.110098;-1.094378;3.241486;
Head;-1.027116;0.6358682;3.146346;
ShoulderCenter;-1.032786;0.4385409;3.070291;
ShoulderRight;-0.967118;0.2941903;2.947494;
ShoulderLeft;-1.074677;0.3723821;3.228225;
ElbowRight;-0.9344428;0.0245707;2.875506;
ElbowLeft;-1.177973;0.07804948;3.290721;
WristRight;-0.9838062;-0.2100293;2.845547;
WristLeft;-1.31409;-0.2007106;3.339849;
HandRight;-0.9842254;-0.3081872;2.845599;
HandLeft;-1.358918;-0.2597279;3.339556;
Spine;-1.041977;0.02475289;3.060278;
HipCenter;-1.044038;-0.05787855;3.061997;
HipRight;-1.024289;-0.09552857;3.02054;
HipLeft;-1.070692;-0.1128434;3.100911;
KneeRight;-1.16722;-0.5932426;3.014799;
KneeLeft;-1.042162;-0.6312252;3.20071;
AnkleRight;-0.9075452;-0.9713219;3.071142;
AnkleLeft;-1.012408;-1.017777;3.110893;
FootRight;-0.9630549;-1.049851;3.078931;
FootLeft;-1.109421;-1.087299;3.163757;
Head;-1.047695;0.6409891;3.145351;
ShoulderCenter;-1.060979;0.444346;3.065386;
ShoulderRight;-0.9876255;0.2915347;2.944129;
ShoulderLeft;-1.10287;0.3781872;3.22332;
ElbowRight;-0.9471109;0.01078802;2.873507;
ElbowLeft;-1.20604;0.0842123;3.285661;
WristRight;-0.9990175;-0.2230305;2.844597;
WristLeft;-1.380272;-0.1761031;3.356153;
HandRight;-0.9934369;-0.3235083;2.843672;
HandLeft;-1.429356;-0.2292745;3.373371;
Spine;-1.047471;0.02815216;3.052483;
HipCenter;-1.047151;-0.05458897;3.05328;
HipRight;-1.023392;-0.09417309;3.005826;
HipLeft;-1.072449;-0.114708;3.094137;
KneeRight;-1.199208;-0.6021658;3.036986;
KneeLeft;-1.053334;-0.6520931;3.207622;
AnkleRight;-1.025032;-1.026295;3.085839;
AnkleLeft;-0.960164;-1.042877;3.153959;
FootRight;-1.106427;-1.079032;3.070957;
FootLeft;-1.057221;-1.11243;3.206847;
Head;-1.099692;0.565935;3.123273;
ShoulderCenter;-1.102715;0.3681861;3.052109;
ShoulderRight;-1.023893;0.2897229;2.936273;
ShoulderLeft;-1.144606;0.3020272;3.210043;
ElbowRight;-0.970411;0.02413346;2.870932;
ElbowLeft;-1.247501;0.008837223;3.272131;
WristRight;-0.9899866;-0.2141039;2.845263;
WristLeft;-1.455912;-0.1735138;3.383238;
HandRight;-0.9916075;-0.2879969;2.841397;
HandLeft;-1.512256;-0.2214982;3.384001;
Spine;-1.073551;0.01388751;3.039898;
HipCenter;-1.065814;-0.05893227;3.04275;
HipRight;-1.040097;-0.1059662;2.986766;
HipLeft;-1.089143;-0.1293709;3.088539;
KneeRight;-1.276308;-0.6044406;3.023729;
KneeLeft;-1.099408;-0.6518692;3.177205;
AnkleRight;-1.093181;-1.03071;3.101075;
AnkleLeft;-1.022813;-1.0391;3.168548;
FootRight;-1.214951;-1.076868;3.107559;
FootLeft;-1.119715;-1.108542;3.221351;
Head;-1.126992;0.5512867;3.123522;
ShoulderCenter;-1.133114;0.3382621;3.052313;
ShoulderRight;-1.057185;0.288099;2.929612;
ShoulderLeft;-1.175004;0.2721032;3.210247;
ElbowRight;-0.9904937;0.03249821;2.868142;
ElbowLeft;-1.344426;0.06487574;3.268233;
WristRight;-0.9900126;-0.206558;2.845491;
WristLeft;-1.492771;-0.1275809;3.346554;
HandRight;-0.9864274;-0.3063932;2.856218;
HandLeft;-1.558134;-0.1965209;3.363062;
Spine;-1.096087;0.002021692;3.035956;
HipCenter;-1.089492;-0.06710899;3.036766;
HipRight;-1.061441;-0.1212515;2.979165;
HipLeft;-1.106906;-0.1387782;3.084282;
KneeRight;-1.305801;-0.6094975;3.026988;
KneeLeft;-1.111112;-0.6514188;3.175316;
AnkleRight;-1.256882;-1.031546;3.03381;
AnkleLeft;-1.017916;-1.045825;3.187657;
FootRight;-1.370454;-1.080112;3.075778;
FootLeft;-1.127808;-1.107287;3.221784;
Head;-1.168003;0.6256417;3.136495;
ShoulderCenter;-1.180283;0.4286979;3.060925;
ShoulderRight;-1.090414;0.2855802;2.928556;
ShoulderLeft;-1.222174;0.3625391;3.218859;
ElbowRight;-1.019384;0.03461546;2.870427;
ElbowLeft;-1.378659;0.139999;3.263915;
WristRight;-1.006679;-0.204376;2.843786;
WristLeft;-1.538651;-0.09420224;3.339313;
HandRight;-0.9913877;-0.3033972;2.853868;
HandLeft;-1.598735;-0.1735783;3.354479;
Spine;-1.16226;0.05042062;3.037777;
HipCenter;-1.158656;-0.02523486;3.036742;
HipRight;-1.127488;-0.09112789;2.973634;
HipLeft;-1.183358;-0.09504865;3.088224;
KneeRight;-1.328493;-0.6084616;3.030555;
KneeLeft;-1.040085;-0.6598889;3.241096;
AnkleRight;-1.366991;-1.02134;3.015823;
AnkleLeft;-1.017388;-1.047495;3.19188;
FootRight;-1.438736;-1.083281;2.999472;
FootLeft;-1.097148;-1.096311;3.220246;
Head;-1.195932;0.6244264;3.062781;
ShoulderCenter;-1.204309;0.4293725;3.063162;
ShoulderRight;-1.134996;0.2849306;2.93258;
ShoulderLeft;-1.246199;0.3632137;3.221096;
ElbowRight;-1.042772;0.03459281;2.867123;
ElbowLeft;-1.415696;0.1471643;3.253946;
WristRight;-1.0318;-0.2043446;2.847734;
WristLeft;-1.584218;-0.08284825;3.31618;
HandRight;-1.032692;-0.278582;2.846901;
HandLeft;-1.652126;-0.1560421;3.327215;
Spine;-1.178802;0.04782385;3.039847;
HipCenter;-1.173948;-0.0283535;3.03878;
HipRight;-1.144402;-0.0989358;2.975917;
HipLeft;-1.195712;-0.09519666;3.090055;
KneeRight;-1.342389;-0.538086;3.026286;
KneeLeft;-1.271209;-0.6178965;3.085316;
AnkleRight;-1.453723;-1.000203;3.000922;
AnkleLeft;-1.038419;-1.013231;3.180861;
FootRight;-1.569237;-1.055729;3.023444;
FootLeft;-1.097301;-1.094863;3.217172;
Head;-1.246634;0.6211771;3.067409;
ShoulderCenter;-1.256225;0.4267831;3.071339;
ShoulderRight;-1.157486;0.2853329;2.932598;
ShoulderLeft;-1.298116;0.3606242;3.229273;
ElbowRight;-1.086089;0.03640047;2.862547;
ElbowLeft;-1.465901;0.1401517;3.252062;
WristRight;-1.07821;-0.2259861;2.859923;
WristLeft;-1.632008;-0.09435338;3.301309;
HandRight;-1.050381;-0.2939786;2.851439;
HandLeft;-1.699598;-0.1676316;3.309877;
Spine;-1.232581;0.04145272;3.046691;
HipCenter;-1.227853;-0.03561335;3.045359;
HipRight;-1.196637;-0.09960409;2.973383;
HipLeft;-1.250096;-0.1178566;3.104465;
KneeRight;-1.332437;-0.5218921;3.012506;
KneeLeft;-1.275877;-0.6168985;3.085692;
AnkleRight;-1.508779;-0.9624964;3.002789;
AnkleLeft;-1.040263;-1.010289;3.180603;
FootRight;-1.618008;-1.031213;3.019806;
FootLeft;-1.09811;-1.097419;3.230469;
Head;-1.277197;0.6139507;3.059083;
ShoulderCenter;-1.293772;0.4212662;3.069389;
ShoulderRight;-1.217666;0.2871043;2.944663;
ShoulderLeft;-1.335663;0.3551074;3.227323;
ElbowRight;-1.111408;0.02404845;2.858566;
ElbowLeft;-1.498076;0.1293519;3.247566;
WristRight;-1.106912;-0.2155684;2.857631;
WristLeft;-1.657123;-0.1018517;3.290477;
HandRight;-1.122503;-0.2878425;2.854456;
HandLeft;-1.714485;-0.1714585;3.298339;
Spine;-1.248719;0.03985716;3.046182;
HipCenter;-1.240785;-0.03668102;3.045048;
HipRight;-1.211507;-0.09951651;2.974785;
HipLeft;-1.256807;-0.1182201;3.103329;
KneeRight;-1.141788;-0.6650265;3.197033;
KneeLeft;-1.330962;-0.6439354;3.072272;
AnkleRight;-1.356892;-1.202477;3.1915;
AnkleLeft;-1.052515;-1.00426;3.178062;
FootRight;-1.478044;-1.24402;3.215866;
FootLeft;-1.125662;-1.084833;3.250257;
Head;-1.31695;0.6034515;3.049208;
ShoulderCenter;-1.330524;0.4085206;3.052783;
ShoulderRight;-1.246822;0.262868;2.927884;
ShoulderLeft;-1.372415;0.3423618;3.210717;
ElbowRight;-1.164999;0.01333352;2.864782;
ElbowLeft;-1.53189;0.117169;3.243012;
WristRight;-1.152126;-0.2264072;2.859103;
WristLeft;-1.678652;-0.1042915;3.298027;
HandRight;-1.145221;-0.3261388;2.86438;
HandLeft;-1.735724;-0.1706641;3.306541;
Spine;-1.296334;0.02405673;3.036031;
HipCenter;-1.288857;-0.0526144;3.036575;
HipRight;-1.25833;-0.1217663;2.962326;
HipLeft;-1.304619;-0.1348549;3.101115;
KneeRight;-1.214163;-0.6070029;3.167435;
KneeLeft;-1.436198;-0.6322398;3.01362;
AnkleRight;-1.390353;-1.047225;3.157647;
AnkleLeft;-1.119651;-0.947485;3.144754;
FootRight;-1.488096;-1.131964;3.175109;
FootLeft;-1.141432;-1.048302;3.224759;
Head;-1.355052;0.5288943;3.040684;
ShoulderCenter;-1.358056;0.3320297;3.033498;
ShoulderRight;-1.27785;0.2534238;2.919441;
ShoulderLeft;-1.399947;0.2658708;3.191432;
ElbowRight;-1.216672;-9.729552E-05;2.865596;
ElbowLeft;-1.565639;0.05020607;3.240224;
WristRight;-1.22509;-0.2629867;2.878582;
WristLeft;-1.702267;-0.1356364;3.301011;
HandRight;-1.199104;-0.3480103;2.879109;
HandLeft;-1.751905;-0.189744;3.309314;
Spine;-1.322186;-0.04068196;3.020957;
HipCenter;-1.315012;-0.1152243;3.022054;
HipRight;-1.290576;-0.18187;2.946054;
HipLeft;-1.325704;-0.191387;3.08969;
KneeRight;-1.18328;-0.6709836;3.202258;
KneeLeft;-1.455679;-0.6306314;3.011775;
AnkleRight;-1.398384;-1.208434;3.196692;
AnkleLeft;-1.132951;-0.9401562;3.140577;
FootRight;-1.519537;-1.249977;3.221057;
FootLeft;-1.148136;-1.042427;3.220127;
Head;-1.390111;0.6025412;3.024508;
ShoulderCenter;-1.402226;0.4063455;3.020862;
ShoulderRight;-1.329076;0.2570073;2.908167;
ShoulderLeft;-1.444117;0.3401867;3.178796;
ElbowRight;-1.267561;-0.04280386;2.864657;
ElbowLeft;-1.577654;0.1010412;3.222395;
WristRight;-1.275979;-0.3056933;2.877638;
WristLeft;-1.702298;-0.1301331;3.279589;
HandRight;-1.249993;-0.3907169;2.878165;
HandLeft;-1.741821;-0.192959;3.296844;
Spine;-1.371765;-0.01136652;3.009454;
HipCenter;-1.365673;-0.09490893;3.010779;
HipRight;-1.334416;-0.1550619;2.948932;
HipLeft;-1.387738;-0.1608038;3.066381;
KneeRight;-1.233245;-0.6370111;3.194888;
KneeLeft;-1.382732;-0.6185113;3.102648;
AnkleRight;-1.409237;-1.07674;3.185061;
AnkleLeft;-1.091355;-0.9787761;3.173733;
FootRight;-1.506827;-1.161542;3.202487;
FootLeft;-1.147749;-1.073078;3.244058;
Head;-1.547067;0.5604236;2.972625;
ShoulderCenter;-1.44474;0.4001658;2.994222;
ShoulderRight;-1.35777;0.2535071;2.895548;
ShoulderLeft;-1.486631;0.3340069;3.152156;
ElbowRight;-1.326774;-0.05386562;2.863177;
ElbowLeft;-1.604914;0.08909816;3.203807;
WristRight;-1.357456;-0.3105408;2.872635;
WristLeft;-1.724507;-0.1599096;3.265922;
HandRight;-1.33147;-0.3955645;2.873162;
HandLeft;-1.755093;-0.2213162;3.293196;
Spine;-1.433316;0.008540764;3.012254;
HipCenter;-1.431032;-0.06978424;3.019467;
HipRight;-1.401241;-0.1437729;2.954699;
HipLeft;-1.456578;-0.1412968;3.087484;
KneeRight;-1.27841;-0.6387436;3.2091;
KneeLeft;-1.40603;-0.6163072;3.102844;
AnkleRight;-1.454385;-1.078427;3.199275;
AnkleLeft;-1.109251;-0.9718007;3.174886;
FootRight;-1.552248;-1.163486;3.216749;
FootLeft;-1.164399;-1.067274;3.245321;
Head;-1.548924;0.5697442;2.971079;
ShoulderCenter;-1.454106;0.4052216;2.993949;
ShoulderRight;-1.395142;0.266156;2.893381;
ShoulderLeft;-1.495997;0.3390628;3.151883;
ElbowRight;-1.381544;-0.04952729;2.84568;
ElbowLeft;-1.362737;0.07509476;3.122362;
WristRight;-1.422787;-0.3149585;2.861158;
WristLeft;-1.623881;-0.0933243;3.207883;
HandRight;-1.396802;-0.3999822;2.861686;
HandLeft;-1.671257;-0.1481432;3.221903;
Spine;-1.462306;0.02336862;3.014624;
HipCenter;-1.465262;-0.0523769;3.022658;
HipRight;-1.446195;-0.1267882;2.953827;
HipLeft;-1.488935;-0.1272718;3.095774;
KneeRight;-1.426789;-0.5231854;3.162768;
KneeLeft;-1.452966;-0.6187451;3.106698;
AnkleRight;-1.602614;-0.9624958;3.152932;
AnkleLeft;-1.14503;-0.9646629;3.176691;
FootRight;-1.700336;-1.04758;3.170375;
FootLeft;-1.205053;-1.056996;3.247154;
Head;-1.532749;0.5981626;2.958672;
ShoulderCenter;-1.494933;0.4143787;2.988232;
ShoulderRight;-1.405648;0.2669363;2.887056;
ShoulderLeft;-1.536824;0.3482199;3.146166;
ElbowRight;-1.423831;0.005438861;2.825075;
ElbowLeft;-1.408885;0.1022949;3.111916;
WristRight;-1.485358;-0.243528;2.822316;
WristLeft;-1.669898;-0.0660394;3.197386;
HandRight;-1.459373;-0.3285516;2.822844;
HandLeft;-1.703872;-0.1292059;3.214695;
Spine;-1.448554;0.02271586;3.012024;
HipCenter;-1.430614;-0.05580828;3.01852;
HipRight;-1.389379;-0.1069789;2.973068;
HipLeft;-1.441718;-0.1113406;3.065769;
KneeRight;-1.463361;-0.5259924;3.179086;
KneeLeft;-1.520947;-0.6141849;3.069456;
AnkleRight;-1.639056;-0.9649801;3.169237;
AnkleLeft;-1.198061;-0.9376996;3.163092;
FootRight;-1.736662;-1.05009;3.186653;
FootLeft;-1.259725;-1.02672;3.236213;
Head;-1.535117;0.6046075;2.955548;
ShoulderCenter;-1.50545;0.4177782;2.981509;
ShoulderRight;-1.42964;0.2908744;2.894398;
ShoulderLeft;-1.547341;0.3516194;3.139443;
ElbowRight;-1.451699;0.002029389;2.836849;
ElbowLeft;-1.43105;0.1078969;3.104167;
WristRight;-1.50623;-0.2453252;2.853384;
WristLeft;-1.692037;-0.06042107;3.189628;
HandRight;-1.480244;-0.3303489;2.853911;
HandLeft;-1.725998;-0.123562;3.206931;
Spine;-1.45048;0.01276243;3.012017;
HipCenter;-1.436344;-0.07221848;3.021185;
HipRight;-1.400978;-0.1291426;3.075352;
HipLeft;-1.462742;-0.1505358;2.978113;
KneeRight;-1.490249;-0.5480191;3.18153;
KneeLeft;-1.530469;-0.6051804;3.071342;
AnkleRight;-1.665793;-0.9866273;3.171666;
AnkleLeft;-1.23292;-0.9506211;3.167664;
FootRight;-1.768695;-1.065588;3.186655;
FootLeft;-1.316311;-1.02436;3.235906;
Head;-1.560142;0.5925912;2.950775;
ShoulderCenter;-1.512699;0.4155445;2.990912;
ShoulderRight;-1.435064;0.2891307;2.910027;
ShoulderLeft;-1.55459;0.3493856;3.148846;
ElbowRight;-1.49093;0.004444443;2.887599;
ElbowLeft;-1.514928;0.08584556;2.932948;
WristRight;-1.515631;-0.2462569;2.869066;
WristLeft;-1.753432;-0.1286509;2.973737;
HandRight;-1.489646;-0.3312805;2.869592;
HandLeft;-1.787327;-0.1916706;2.991006;
Spine;-1.487072;-0.0253723;3.019799;
HipCenter;-1.480447;-0.1130936;3.027235;
HipRight;-1.439099;-0.1673058;3.085662;
HipLeft;-1.51332;-0.1711051;2.971335;
KneeRight;-1.579777;-0.5668422;3.207174;
KneeLeft;-1.586998;-0.69447;3.062184;
AnkleRight;-1.556629;-0.9130181;3.140853;
AnkleLeft;-1.287542;-0.9523379;3.172083;
FootRight;-1.63897;-0.813026;3.155644;
FootLeft;-1.321268;-1.071783;3.211994;
Head;-1.501689;0.3291784;2.95454;
ShoulderCenter;-1.486672;0.1146235;2.943759;
ShoulderRight;-1.405518;-0.01075929;2.864614;
ShoulderLeft;-1.528563;0.04846463;3.101693;
ElbowRight;-1.55165;-0.1612745;2.952349;
ElbowLeft;-1.51537;-0.01998496;2.843081;
WristRight;-1.528789;-0.3901299;2.868912;
WristLeft;-1.771833;-0.1771909;2.950738;
HandRight;-1.532258;-0.458807;2.894784;
HandLeft;-1.805664;-0.2400897;2.967975;
Spine;-1.480074;-0.127547;3.041934;
HipCenter;-1.478755;-0.1759811;3.065171;
HipRight;-1.420495;-0.2282169;3.17004;
HipLeft;-1.53368;-0.2461859;3.005248;
KneeRight;-1.652298;-0.6692424;2.998722;
KneeLeft;-1.574485;-0.6871853;3.127319;
AnkleRight;-1.834253;-1.015428;2.846889;
AnkleLeft;-1.360692;-0.9675866;3.175802;
FootRight;-1.921548;-1.074291;2.805492;
FootLeft;-1.394348;-1.086782;3.215629;
Head;-1.535756;0.3582447;3.069254;
ShoulderCenter;-1.511902;0.1279349;3.124903;
ShoulderRight;-1.430749;0.002552152;3.045758;
ShoulderLeft;-1.553793;0.06177607;3.282837;
ElbowRight;-1.594649;-0.07715297;2.860818;
ElbowLeft;-1.528952;7.305294E-05;2.936218;
WristRight;-1.537738;-0.3113773;2.898651;
WristLeft;-1.791613;-0.1766986;2.993103;
HandRight;-1.541201;-0.3799323;2.924476;
HandLeft;-1.825383;-0.239486;3.010309;
Spine;-1.508521;-0.1581964;3.119179;
HipCenter;-1.507845;-0.2154227;3.121634;
HipRight;-1.463904;-0.277853;3.198816;
HipLeft;-1.5501;-0.2956814;3.036976;
KneeRight;-1.680915;-0.7293711;3.040568;
KneeLeft;-1.594043;-0.7749518;3.159853;
AnkleRight;-1.745531;-1.046639;2.885377;
AnkleLeft;-1.330553;-0.9949054;3.185497;
FootRight;-1.779695;-0.9245518;2.913447;
FootLeft;-1.445279;-1.005539;3.12562;
Head;-1.556437;0.3718438;3.075147;
ShoulderCenter;-1.538241;0.1642133;3.091474;
ShoulderRight;-1.457087;0.03883058;3.012329;
ShoulderLeft;-1.580132;0.0980545;3.249408;
ElbowRight;-1.560014;-0.172746;3.026779;
ElbowLeft;-1.54645;-0.1311472;2.994445;
WristRight;-1.561735;-0.3866115;2.904833;
WristLeft;-1.80066;-0.3142782;3.061034;
HandRight;-1.565192;-0.4550468;2.930614;
HandLeft;-1.834372;-0.3769558;3.07821;
Spine;-1.5362;-0.1595092;3.131014;
HipCenter;-1.542378;-0.2239691;3.144627;
HipRight;-1.507445;-0.2697453;3.214488;
HipLeft;-1.584162;-0.3033161;3.09107;
KneeRight;-1.715285;-0.7242051;3.052522;
KneeLeft;-1.625581;-0.7785049;3.182378;
AnkleRight;-1.774556;-1.040993;2.895735;
AnkleLeft;-1.359643;-0.9981822;3.188705;
FootRight;-1.806186;-0.9194413;2.927676;
FootLeft;-1.473043;-1.015524;3.128412;
Head;-1.598752;0.295463;3.155872;
ShoulderCenter;-1.59769;0.05193632;3.187385;
ShoulderRight;-1.516536;-0.07344643;3.10824;
ShoulderLeft;-1.639581;-0.01422251;3.345319;
ElbowRight;-1.619407;-0.2849072;3.122723;
ElbowLeft;-1.576958;-0.1601412;3.034617;
WristRight;-1.621834;-0.4991634;3.001897;
WristLeft;-1.83544;-0.3298636;3.114991;
HandRight;-1.625287;-0.5675131;3.027645;
HandLeft;-1.86911;-0.3924628;3.132146;
Spine;-1.624785;0.09341019;3.170916;
HipCenter;-1.630204;0.101705;3.171215;
HipRight;-1.470852;-0.01317606;3.386967;
HipLeft;-1.674937;0.04114148;3.064267;
KneeRight;-1.755512;-0.4063202;3.183263;
KneeLeft;-1.652178;-0.5344622;3.21383;
AnkleRight;-1.97813;-0.7137793;3.006603;
AnkleLeft;-1.618863;-0.9715381;3.12836;
FootRight;-1.89918;-0.7906504;3.029403;
FootLeft;-1.56618;-1.004755;3.055768;
