Floor;-0.0001222757;0.9999442;0.01057102;1.047219;
Head;1.645423;0.6543691;3.827299;
ShoulderCenter;1.783145;0.4577792;3.834906;
ShoulderRight;1.795081;0.3174707;3.625011;
ShoulderLeft;1.713839;0.201916;3.83763;
ElbowRight;1.805617;0.1223438;3.480904;
ElbowLeft;1.651916;0.06353404;3.969733;
WristRight;1.557055;-0.0515438;3.447629;
WristLeft;1.55201;-0.04251368;3.686096;
HandRight;1.419454;-0.1729433;3.434311;
HandLeft;1.502315;-0.1027789;3.674047;
Spine;1.765088;-0.01317868;3.767984;
HipCenter;1.761477;-0.1073703;3.758774;
HipRight;1.777517;-0.1397873;3.699137;
HipLeft;1.740958;-0.1917869;3.799141;
KneeRight;1.846165;-0.6789961;3.621789;
KneeLeft;1.644199;-0.7024938;3.846104;
AnkleRight;1.643738;-1.031702;3.788253;
AnkleLeft;1.647743;-1.052086;3.799468;
FootRight;1.62037;-1.040939;3.656972;
FootLeft;1.522507;-1.097477;3.810493;
Head;1.624299;0.6548861;3.835684;
ShoulderCenter;1.73775;0.4355976;3.827195;
ShoulderRight;1.773048;0.3149629;3.618314;
ShoulderLeft;1.615502;0.1601142;3.866088;
ElbowRight;1.740349;0.1287425;3.459044;
ElbowLeft;1.802018;0.1407244;3.704535;
WristRight;1.48989;-0.04613958;3.480239;
WristLeft;1.566002;0.005016103;3.544245;
HandRight;1.405318;-0.1224699;3.449314;
HandLeft;1.38764;-0.1516575;3.430793;
Spine;1.743594;-0.007686783;3.763219;
HipCenter;1.742009;-0.09794076;3.754149;
HipRight;1.771515;-0.1314974;3.698072;
HipLeft;1.702989;-0.1908005;3.786003;
KneeRight;1.785805;-0.6230142;3.626325;
KneeLeft;1.578528;-0.7345695;3.829425;
AnkleRight;1.748206;-1.110688;3.587183;
AnkleLeft;1.51551;-1.074025;3.785865;
FootRight;1.703235;-1.108947;3.459442;
FootLeft;1.475725;-1.111316;3.661891;
Head;1.589938;0.6362162;3.843366;
ShoulderCenter;1.707577;0.4259844;3.836063;
ShoulderRight;1.722635;0.3232859;3.639549;
ShoulderLeft;1.616011;0.2489032;3.840296;
ElbowRight;1.687773;0.1532368;3.493239;
ElbowLeft;1.438139;0.1469148;3.782124;
WristRight;1.465916;-0.01357043;3.443221;
WristLeft;1.389955;-0.01935135;3.54607;
HandRight;1.387042;-0.08551699;3.474064;
HandLeft;1.31037;-0.1414432;3.469102;
Spine;1.705159;-0.01321152;3.765061;
HipCenter;1.706401;-0.1009465;3.754627;
HipRight;1.723807;-0.1463696;3.687702;
HipLeft;1.685438;-0.1837196;3.793829;
KneeRight;1.788608;-0.6176418;3.624992;
KneeLeft;1.560413;-0.6819952;3.839008;
AnkleRight;1.875919;-1.062643;3.58843;
AnkleLeft;1.448997;-1.005074;3.786396;
FootRight;1.815564;-1.068196;3.470827;
FootLeft;1.355593;-1.053106;3.73945;
Head;1.582444;0.6378568;3.847546;
ShoulderCenter;1.656754;0.409874;3.814773;
ShoulderRight;1.704858;0.3095888;3.63191;
ShoulderLeft;1.572091;0.234992;3.816791;
ElbowRight;1.617444;0.1586503;3.520113;
ElbowLeft;1.452564;0.09056519;3.659244;
WristRight;1.41633;-0.003966451;3.479671;
WristLeft;1.331371;-0.06869131;3.485803;
HandRight;1.332098;-0.07846324;3.462104;
HandLeft;1.264652;-0.1364932;3.445054;
Spine;1.671974;0.003598326;3.752776;
HipCenter;1.672245;-0.07681295;3.743361;
HipRight;1.699046;-0.1069702;3.698557;
HipLeft;1.642681;-0.1370088;3.769492;
KneeRight;1.818607;-0.686224;3.610371;
KneeLeft;1.521479;-0.6826007;3.839445;
AnkleRight;1.912304;-1.038674;3.617031;
AnkleLeft;1.370829;-1.023733;3.793554;
FootRight;1.851066;-1.04617;3.502587;
FootLeft;1.291148;-1.061723;3.831535;
Head;1.520557;0.6306214;3.876919;
ShoulderCenter;1.609434;0.4094956;3.814185;
ShoulderRight;1.642449;0.2886586;3.640618;
ShoulderLeft;1.536389;0.2293089;3.862226;
ElbowRight;1.636009;0.1239095;3.503094;
ElbowLeft;1.41048;0.0871632;3.699862;
WristRight;1.409658;-0.01229517;3.463458;
WristLeft;1.285754;-0.05660629;3.499118;
HandRight;1.20679;-0.1267871;3.490952;
HandLeft;1.214174;-0.1344576;3.479761;
Spine;1.620187;-0.04207134;3.760243;
HipCenter;1.622602;-0.1323826;3.753378;
HipRight;1.647604;-0.1615977;3.714145;
HipLeft;1.599876;-0.1883051;3.780539;
KneeRight;1.797187;-0.6796401;3.617568;
KneeLeft;1.479128;-0.6988513;3.848392;
AnkleRight;1.908329;-1.040837;3.614737;
AnkleLeft;1.288189;-1.025736;3.806436;
FootRight;1.809941;-1.080223;3.540776;
FootLeft;1.172086;-1.016641;3.793455;
Head;1.498212;0.6104617;3.841193;
ShoulderCenter;1.569642;0.407502;3.809336;
ShoulderRight;1.62099;0.2883656;3.643217;
ShoulderLeft;1.475649;0.2463805;3.848794;
ElbowRight;1.539079;0.1354478;3.541784;
ElbowLeft;1.392302;0.08340877;3.778097;
WristRight;1.338888;-0.0159952;3.490551;
WristLeft;1.286839;-0.0374283;3.566173;
HandRight;1.249575;-0.08471622;3.475751;
HandLeft;1.232409;-0.09502596;3.538291;
Spine;1.580444;0.04715204;3.751041;
HipCenter;1.583552;-0.02487044;3.743244;
HipRight;1.615806;-0.06176225;3.699596;
HipLeft;1.555295;-0.08058879;3.769458;
KneeRight;1.742419;-0.6484953;3.622832;
KneeLeft;1.440271;-0.666707;3.839149;
AnkleRight;1.824055;-0.9603215;3.61224;
AnkleLeft;1.279088;-1.021473;3.789921;
FootRight;1.779021;-1.012107;3.718511;
FootLeft;1.18532;-1.060571;3.782245;
Head;1.44029;0.6080247;3.893575;
ShoulderCenter;1.5213;0.4076355;3.825263;
ShoulderRight;1.570498;0.286628;3.654552;
ShoulderLeft;1.487073;0.3034643;3.929632;
ElbowRight;1.490582;0.06907196;3.518216;
ElbowLeft;1.386381;0.1626184;3.760767;
WristRight;1.287321;-0.07269406;3.475479;
WristLeft;1.282616;-0.001106933;3.579904;
HandRight;1.193033;-0.1317379;3.459608;
HandLeft;1.168532;-0.1421065;3.446349;
Spine;1.542321;-0.03702232;3.771234;
HipCenter;1.546526;-0.1259539;3.764262;
HipRight;1.568502;-0.197556;3.688658;
HipLeft;1.530961;-0.1899797;3.820375;
KneeRight;1.739351;-0.680407;3.619576;
KneeLeft;1.423214;-0.6774992;3.844168;
AnkleRight;1.856241;-1.019702;3.602793;
AnkleLeft;1.275458;-1.027216;3.775329;
FootRight;1.785555;-1.048413;3.703123;
FootLeft;1.182783;-1.060349;3.783141;
Head;1.383188;0.591468;3.897273;
ShoulderCenter;1.47538;0.3949365;3.81543;
ShoulderRight;1.544884;0.2848004;3.654303;
ShoulderLeft;1.397478;0.1511256;3.874691;
ElbowRight;1.503765;0.1013312;3.523886;
ElbowLeft;1.293237;0.0260846;3.69772;
WristRight;1.302934;-0.04906222;3.488973;
WristLeft;1.19204;-0.116558;3.501127;
HandRight;1.212468;-0.1092589;3.466773;
HandLeft;1.128238;-0.1718374;3.450615;
Spine;1.494703;-0.02345736;3.76897;
HipCenter;1.498443;-0.1070287;3.763524;
HipRight;1.532556;-0.1453981;3.700418;
HipLeft;1.470781;-0.2052266;3.808276;
KneeRight;1.679242;-0.6935015;3.627943;
KneeLeft;1.363504;-0.6477133;3.844145;
AnkleRight;1.802658;-1.034991;3.585206;
AnkleLeft;1.279848;-1.011068;3.760759;
FootRight;1.734934;-1.061117;3.688868;
FootLeft;1.195228;-1.060548;3.789419;
Head;1.320662;0.5848587;3.877155;
ShoulderCenter;1.452322;0.4077254;3.838688;
ShoulderRight;1.483649;0.2901903;3.67102;
ShoulderLeft;1.366856;0.1579998;3.868948;
ElbowRight;1.497356;0.09028295;3.539265;
ElbowLeft;1.273045;0.02002299;3.692362;
WristRight;1.303401;-0.07283871;3.498857;
WristLeft;1.182637;-0.1355454;3.496392;
HandRight;1.123315;-0.1876027;3.454074;
HandLeft;1.132527;-0.1866496;3.458537;
Spine;1.446382;-0.06084058;3.795553;
HipCenter;1.446118;-0.1550665;3.789887;
HipRight;1.473937;-0.1888057;3.733231;
HipLeft;1.417946;-0.2475204;3.831111;
KneeRight;1.63174;-0.7203705;3.61737;
KneeLeft;1.331691;-0.6768309;3.853645;
AnkleRight;1.792617;-0.9949063;3.625591;
AnkleLeft;1.277044;-1.009984;3.758446;
FootRight;1.676923;-1.013831;3.672424;
FootLeft;1.188964;-1.069504;3.826533;
Head;1.354611;0.6146767;3.919343;
ShoulderCenter;1.426812;0.4058118;3.841934;
ShoulderRight;1.472889;0.2897431;3.67148;
ShoulderLeft;1.313625;0.1574552;3.863381;
ElbowRight;1.480907;0.09560399;3.550001;
ElbowLeft;1.242819;-0.001485154;3.693215;
WristRight;1.298814;-0.08229703;3.50534;
WristLeft;1.176212;-0.1830243;3.509339;
HandRight;1.21179;-0.1490017;3.492994;
HandLeft;1.132843;-0.2483542;3.461306;
Spine;1.417516;-0.037767;3.772624;
HipCenter;1.415157;-0.1243319;3.760384;
HipRight;1.453618;-0.1584862;3.71806;
HipLeft;1.378899;-0.2002639;3.784794;
KneeRight;1.541635;-0.6940276;3.620024;
KneeLeft;1.302768;-0.6641858;3.850585;
AnkleRight;1.775329;-0.994157;3.621161;
AnkleLeft;1.270036;-1.010455;3.7562;
FootRight;1.707131;-1.03328;3.720699;
FootLeft;1.196054;-1.071499;3.794485;
Head;1.322176;0.6222405;3.906487;
ShoulderCenter;1.371367;0.4047817;3.839075;
ShoulderRight;1.430929;0.2911501;3.682472;
ShoulderLeft;1.271076;0.2140182;3.869974;
ElbowRight;1.454089;0.09274492;3.556216;
ElbowLeft;1.352334;0.4067033;3.988331;
WristRight;1.301056;-0.1144545;3.527298;
WristLeft;1.310489;0.2109263;3.810085;
HandRight;1.232575;-0.2001079;3.514423;
HandLeft;1.256259;0.1567824;3.782009;
Spine;1.385254;-0.0275822;3.77386;
HipCenter;1.388117;-0.1144877;3.763812;
HipRight;1.435344;-0.1463211;3.716525;
HipLeft;1.335736;-0.182569;3.796671;
KneeRight;1.467666;-0.6799512;3.625019;
KneeLeft;1.280052;-0.6394471;3.837818;
AnkleRight;1.732365;-0.9790085;3.605248;
AnkleLeft;1.298795;-0.9946314;3.766006;
FootRight;1.683243;-1.02425;3.713008;
FootLeft;1.218683;-1.055088;3.767257;
Head;1.315558;0.6263936;3.897565;
ShoulderCenter;1.350239;0.4049162;3.832915;
ShoulderRight;1.388712;0.2854545;3.688086;
ShoulderLeft;1.246826;0.2060874;3.865589;
ElbowRight;1.400452;0.03565371;3.578601;
ElbowLeft;1.328084;0.3987724;3.983963;
WristRight;1.259486;-0.1814367;3.521099;
WristLeft;1.28921;0.150133;3.894721;
HandRight;1.207;-0.2766793;3.502076;
HandLeft;1.234989;0.09599836;3.86665;
Spine;1.330122;-0.04040704;3.784369;
HipCenter;1.328243;-0.1294853;3.779098;
HipRight;1.363366;-0.166505;3.736481;
HipLeft;1.292878;-0.1936114;3.808573;
KneeRight;1.440606;-0.6962874;3.619797;
KneeLeft;1.241286;-0.6330899;3.810935;
AnkleRight;1.636036;-1.027705;3.624955;
AnkleLeft;1.274433;-1.001633;3.762336;
FootRight;1.592545;-1.061464;3.73925;
FootLeft;1.208608;-1.066053;3.779934;
Head;1.212363;0.6330268;3.867854;
ShoulderCenter;1.307008;0.4296721;3.838821;
ShoulderRight;1.369122;0.2934271;3.698407;
ShoulderLeft;1.206782;0.2266956;3.872587;
ElbowRight;1.398087;0.0950159;3.576532;
ElbowLeft;1.296991;0.2525557;4.006937;
WristRight;1.312522;-0.1467118;3.5447;
WristLeft;1.244553;0.001749873;3.972256;
HandRight;1.266821;-0.202512;3.507433;
HandLeft;1.20521;-0.1003312;3.962442;
Spine;1.293665;-0.02458786;3.792276;
HipCenter;1.289567;-0.1146463;3.787126;
HipRight;1.322446;-0.155949;3.7445;
HipLeft;1.250941;-0.1778522;3.817164;
KneeRight;1.37032;-0.6909307;3.619907;
KneeLeft;1.203249;-0.659435;3.810676;
AnkleRight;1.56152;-0.9906435;3.606309;
AnkleLeft;1.267716;-1.016903;3.761417;
FootRight;1.548878;-1.038008;3.722916;
FootLeft;1.192643;-1.062049;3.6949;
Head;1.200317;0.6292695;3.862242;
ShoulderCenter;1.26847;0.4160921;3.838079;
ShoulderRight;1.348526;0.3000212;3.694167;
ShoulderLeft;1.165172;0.2135862;3.872121;
ElbowRight;1.37307;0.06418909;3.580964;
ElbowLeft;1.169174;-0.02541757;3.947797;
WristRight;1.296491;-0.1847992;3.540685;
WristLeft;1.135449;-0.2362975;3.990633;
HandRight;1.271531;-0.3085604;3.519778;
HandLeft;1.111215;-0.3123587;3.986922;
Spine;1.250213;-0.01674003;3.764149;
HipCenter;1.24738;-0.1030183;3.753208;
HipRight;1.287117;-0.1468725;3.703349;
HipLeft;1.20392;-0.1724964;3.781075;
KneeRight;1.263697;-0.6342979;3.639923;
KneeLeft;1.157369;-0.6215156;3.769077;
AnkleRight;1.47741;-1.013149;3.61664;
AnkleLeft;1.312722;-1.012842;3.782613;
FootRight;1.461829;-1.102236;3.602281;
FootLeft;1.236644;-1.06107;3.772437;
Head;1.137831;0.619769;3.82651;
ShoulderCenter;1.227832;0.4228613;3.806184;
ShoulderRight;1.327166;0.3049175;3.684507;
ShoulderLeft;1.131917;0.2602277;3.842202;
ElbowRight;1.363603;0.06247893;3.58115;
ElbowLeft;1.129597;0.03184265;3.952573;
WristRight;1.303423;-0.1984146;3.546015;
WristLeft;1.0507;-0.2117983;3.962765;
HandRight;1.30818;-0.3262364;3.530847;
HandLeft;1.019791;-0.2829419;3.972648;
Spine;1.238954;-0.008415297;3.803639;
HipCenter;1.196596;-0.08497494;3.754502;
HipRight;1.235846;-0.1389439;3.710072;
HipLeft;1.150476;-0.1426872;3.784125;
KneeRight;1.179341;-0.6168544;3.630741;
KneeLeft;1.112135;-0.5781215;3.763922;
AnkleRight;1.381989;-0.9983177;3.639313;
AnkleLeft;1.269713;-0.9822133;3.731776;
FootRight;1.332714;-1.075314;3.646024;
FootLeft;1.201817;-1.058959;3.800105;
Head;1.125467;0.6240476;3.831637;
ShoulderCenter;1.200598;0.4205783;3.818816;
ShoulderRight;1.27407;0.3015014;3.685655;
ShoulderLeft;1.120338;0.2647111;3.831599;
ElbowRight;1.349766;0.05488998;3.581864;
ElbowLeft;1.089094;0.04068676;3.95771;
WristRight;1.302131;-0.2155773;3.548401;
WristLeft;0.9826977;-0.1984497;3.974075;
HandRight;1.312502;-0.3231051;3.528417;
HandLeft;0.9258097;-0.2415914;3.938021;
Spine;1.216564;-0.01586759;3.802181;
HipCenter;1.170615;-0.09281698;3.754237;
HipRight;1.203459;-0.1431619;3.714109;
HipLeft;1.132575;-0.1428034;3.780194;
KneeRight;1.109243;-0.6109915;3.628144;
KneeLeft;1.078373;-0.5727349;3.784206;
AnkleRight;1.37097;-0.9546549;3.632933;
AnkleLeft;1.252373;-0.9736325;3.703177;
FootRight;1.282513;-1.043984;3.647047;
FootLeft;1.193178;-1.07331;3.75381;
Head;1.107979;0.6283258;3.846189;
ShoulderCenter;1.149464;0.4122711;3.784521;
ShoulderRight;1.246694;0.2985166;3.67778;
ShoulderLeft;1.06831;0.2604403;3.785729;
ElbowRight;1.340667;0.04120589;3.585376;
ElbowLeft;1.0508;0.05137433;3.942806;
WristRight;1.324811;-0.213349;3.557593;
WristLeft;0.8888415;-0.1720441;3.946811;
HandRight;1.325983;-0.3171347;3.538052;
HandLeft;0.8365487;-0.2285473;3.933894;
Spine;1.160453;-0.02305981;3.791969;
HipCenter;1.127179;-0.1013539;3.739592;
HipRight;1.166169;-0.1509246;3.699571;
HipLeft;1.084258;-0.155857;3.767738;
KneeRight;1.047977;-0.6165476;3.636721;
KneeLeft;1.236635;-0.6228865;3.830647;
AnkleRight;1.233609;-0.9928733;3.613125;
AnkleLeft;1.268284;-1.049097;3.677042;
FootRight;1.146798;-1.058362;3.607652;
FootLeft;1.152002;-1.067613;3.728928;
Head;1.026639;0.618686;3.826117;
ShoulderCenter;1.134552;0.4253904;3.772617;
ShoulderRight;1.193984;0.3052108;3.66978;
ShoulderLeft;1.023777;0.2517709;3.83092;
ElbowRight;1.322194;0.05462956;3.593627;
ElbowLeft;0.9902239;0.03156435;3.975301;
WristRight;1.325697;-0.21149;3.55661;
WristLeft;0.8126796;-0.1673115;3.938916;
HandRight;1.351753;-0.3126695;3.556649;
HandLeft;0.7740448;-0.2283116;3.966303;
Spine;1.156609;-0.01962871;3.777809;
HipCenter;1.111739;-0.1007228;3.733106;
HipRight;1.145852;-0.147652;3.686521;
HipLeft;1.069375;-0.1622898;3.765831;
KneeRight;0.9980515;-0.6208215;3.635227;
KneeLeft;1.213872;-0.6406917;3.824142;
AnkleRight;1.111775;-1.015997;3.603529;
AnkleLeft;1.287823;-1.012948;3.738719;
FootRight;1.023066;-1.08248;3.635247;
FootLeft;1.233855;-1.073723;3.691708;
Head;0.9976192;0.6375334;3.823632;
ShoulderCenter;1.089682;0.4360324;3.797581;
ShoulderRight;1.172566;0.3008704;3.666856;
ShoulderLeft;0.9868091;0.2561432;3.860745;
ElbowRight;1.300275;0.04735947;3.594071;
ElbowLeft;0.9575073;0.06776782;3.967068;
WristRight;1.330691;-0.228247;3.55322;
WristLeft;0.7867228;-0.1034108;3.970888;
HandRight;1.354983;-0.3220174;3.553632;
HandLeft;0.7266868;-0.1651988;3.970975;
Spine;1.114799;-0.003571951;3.796041;
HipCenter;1.069266;-0.08410881;3.752564;
HipRight;1.098409;-0.1319289;3.688454;
HipLeft;1.03431;-0.1732404;3.800887;
KneeRight;0.9803197;-0.6165845;3.642245;
KneeLeft;1.164645;-0.6627778;3.82191;
AnkleRight;1.051338;-1.022774;3.641267;
AnkleLeft;1.265178;-1.016453;3.752451;
FootRight;0.9445446;-1.08063;3.627189;
FootLeft;1.191048;-1.07251;3.745479;
Head;0.9602152;0.6283849;3.808251;
ShoulderCenter;1.054935;0.4282498;3.788328;
ShoulderRight;1.119381;0.2937687;3.651309;
ShoulderLeft;0.9451318;0.2278177;3.791605;
ElbowRight;1.270191;0.04806843;3.589508;
ElbowLeft;0.8960109;0.05695405;3.950291;
WristRight;1.328416;-0.23025;3.552364;
WristLeft;0.7351772;-0.08271008;3.958371;
HandRight;1.351688;-0.3158251;3.552429;
HandLeft;0.6664456;-0.1612288;3.972902;
Spine;1.068974;-0.01801651;3.771721;
HipCenter;1.027482;-0.09649418;3.721019;
HipRight;1.06195;-0.1375143;3.664141;
HipLeft;0.9901906;-0.17916;3.760159;
KneeRight;0.9019359;-0.628006;3.612026;
KneeLeft;1.059268;-0.6317445;3.749563;
AnkleRight;0.9022329;-1.025735;3.603782;
AnkleLeft;1.258782;-1.011618;3.748597;
FootRight;0.7845209;-1.070923;3.606159;
FootLeft;1.188264;-1.075425;3.83142;
Head;0.8955717;0.6148692;3.780923;
ShoulderCenter;1.006933;0.4233354;3.765757;
ShoulderRight;1.087422;0.2920933;3.63427;
ShoulderLeft;0.9187015;0.2412907;3.798911;
ElbowRight;1.250524;0.04936595;3.589978;
ElbowLeft;0.8506609;0.06633428;3.94065;
WristRight;1.309234;-0.2331655;3.552827;
WristLeft;0.7063278;-0.08999503;3.964453;
HandRight;1.331863;-0.3085811;3.556571;
HandLeft;0.6219707;-0.1551692;3.96131;
Spine;1.054628;-0.01825028;3.764861;
HipCenter;1.01317;-0.1010909;3.718333;
HipRight;1.047172;-0.139026;3.662588;
HipLeft;0.9788802;-0.182595;3.758409;
KneeRight;0.8897226;-0.6021547;3.617796;
KneeLeft;1.139272;-0.6616601;3.832112;
AnkleRight;0.8002647;-1.011464;3.59693;
AnkleLeft;1.243138;-1.001383;3.749708;
FootRight;0.680302;-1.055484;3.597261;
FootLeft;1.200913;-1.085049;3.825366;
Head;0.8855673;0.6134914;3.784855;
ShoulderCenter;0.9771382;0.4087795;3.749611;
ShoulderRight;1.067596;0.2843478;3.630203;
ShoulderLeft;0.8743782;0.2669784;3.826389;
ElbowRight;1.208579;0.02466595;3.587773;
ElbowLeft;0.8000895;0.04170453;3.957162;
WristRight;1.272511;-0.2159134;3.560092;
WristLeft;0.6295114;-0.09098703;3.974339;
HandRight;1.312851;-0.2963711;3.555815;
HandLeft;0.5541151;-0.1677165;3.981732;
Spine;1.012428;-0.008786343;3.74166;
HipCenter;0.9706066;-0.08433539;3.69609;
HipRight;1.002978;-0.1281633;3.630887;
HipLeft;0.9425778;-0.1793869;3.744385;
KneeRight;0.8582245;-0.6195312;3.626824;
KneeLeft;1.139642;-0.6367915;3.826779;
AnkleRight;0.7211967;-1.035511;3.62237;
AnkleLeft;1.242693;-1.00148;3.749273;
FootRight;0.5956011;-1.044956;3.594776;
FootLeft;1.198537;-1.085447;3.829317;
Head;0.8285273;0.5906538;3.787638;
ShoulderCenter;0.9264625;0.3944126;3.727312;
ShoulderRight;1.018446;0.2694957;3.609461;
ShoulderLeft;0.8265705;0.2470681;3.793959;
ElbowRight;1.165684;0.01076919;3.566909;
ElbowLeft;0.7819132;0.04063558;3.954839;
WristRight;1.249792;-0.2263686;3.544145;
WristLeft;0.6096199;-0.09567355;3.954609;
HandRight;1.246692;-0.3042021;3.528527;
HandLeft;0.521355;-0.1472517;3.921412;
Spine;0.9608926;0.007239735;3.723003;
HipCenter;0.9195127;-0.0623384;3.676669;
HipRight;0.9754896;-0.120855;3.612012;
HipLeft;0.86754;-0.1375514;3.726153;
KneeRight;0.8401067;-0.5930876;3.61964;
KneeLeft;0.9492254;-0.5616037;3.715113;
AnkleRight;0.6721616;-1.006948;3.610831;
AnkleLeft;1.155846;-0.9560287;3.725874;
FootRight;0.5480468;-1.030692;3.584787;
FootLeft;1.084453;-1.001806;3.652425;
Head;0.7832426;0.5795032;3.743076;
ShoulderCenter;0.8993343;0.3989723;3.714117;
ShoulderRight;0.9797104;0.2638313;3.602271;
ShoulderLeft;0.8083279;0.2456645;3.784322;
ElbowRight;1.125902;0.002168059;3.558717;
ElbowLeft;0.761898;0.04356081;3.953922;
WristRight;1.176884;-0.2479659;3.531866;
WristLeft;0.5854478;-0.09018525;3.951223;
HandRight;1.234831;-0.3066185;3.539019;
HandLeft;0.539196;-0.1239222;3.925868;
Spine;0.9344161;0.008473914;3.710514;
HipCenter;0.8907344;-0.06229146;3.666586;
HipRight;0.9279199;-0.1197695;3.585568;
HipLeft;0.8445216;-0.1441034;3.72391;
KneeRight;0.7984568;-0.5288386;3.596844;
KneeLeft;0.9112698;-0.5687125;3.716062;
AnkleRight;0.6883697;-0.9593155;3.605476;
AnkleLeft;1.153019;-0.9407403;3.73161;
FootRight;0.5738549;-1.017807;3.606095;
FootLeft;1.159694;-1.040677;3.812253;
Head;0.7643101;0.5877362;3.703149;
ShoulderCenter;0.829734;0.3890263;3.690918;
ShoulderRight;0.9406489;0.2674811;3.589449;
ShoulderLeft;0.7266538;0.2112708;3.724372;
ElbowRight;1.082319;0.007301772;3.540398;
ElbowLeft;0.6949112;0.03297788;3.931781;
WristRight;1.106859;-0.211157;3.506685;
WristLeft;0.5369905;-0.1105812;3.972441;
HandRight;1.156989;-0.3015633;3.532317;
HandLeft;0.4626661;-0.1868446;3.970699;
Spine;0.8754944;-0.01070007;3.705501;
HipCenter;0.8472412;-0.08583066;3.654813;
HipRight;0.9083037;-0.1282972;3.602031;
HipLeft;0.797612;-0.1620765;3.688451;
KneeRight;0.7503984;-0.5697411;3.591804;
KneeLeft;0.8621244;-0.5842004;3.683114;
AnkleRight;0.6592559;-1.001913;3.612364;
AnkleLeft;1.126406;-0.9349494;3.72219;
FootRight;0.5464142;-1.062827;3.597684;
FootLeft;1.070981;-0.9819782;3.636672;
Head;0.7431722;0.5926471;3.697414;
ShoulderCenter;0.8027397;0.3937065;3.655953;
ShoulderRight;0.8840374;0.2502503;3.563975;
ShoulderLeft;0.7099877;0.2221438;3.725782;
ElbowRight;1.030353;-0.007061958;3.511168;
ElbowLeft;0.6763447;0.03235756;3.921771;
WristRight;1.069884;-0.2487358;3.484449;
WristLeft;0.5106312;-0.1513752;3.934066;
HandRight;1.091574;-0.330148;3.500448;
HandLeft;0.4477512;-0.1938982;3.949891;
Spine;0.8400183;-0.01679232;3.686166;
HipCenter;0.800878;-0.09714095;3.648496;
HipRight;0.8413669;-0.1471;3.602085;
HipLeft;0.7664868;-0.166169;3.689386;
KneeRight;0.7150668;-0.5954527;3.595939;
KneeLeft;0.7805318;-0.5897667;3.686535;
AnkleRight;0.6498764;-1.030041;3.614621;
AnkleLeft;1.064491;-0.9246356;3.715841;
FootRight;0.5325545;-1.08041;3.600309;
FootLeft;0.9957923;-0.9727256;3.642024;
Head;0.6683164;0.57954;3.717826;
ShoulderCenter;0.753458;0.3954867;3.647527;
ShoulderRight;0.8296276;0.2573518;3.544852;
ShoulderLeft;0.6568998;0.200026;3.704493;
ElbowRight;0.9717537;-0.00173232;3.507368;
ElbowLeft;0.6382903;0.01336239;3.903121;
WristRight;0.9870799;-0.247364;3.458473;
WristLeft;0.5088987;-0.1561505;3.935482;
HandRight;1.035025;-0.3364705;3.479787;
HandLeft;0.4687232;-0.221767;3.93;
Spine;0.7998441;-0.0193468;3.678849;
HipCenter;0.7695928;-0.1016506;3.644759;
HipRight;0.8094702;-0.1534658;3.594458;
HipLeft;0.7274019;-0.176961;3.68997;
KneeRight;0.706568;-0.5976315;3.601924;
KneeLeft;0.7654087;-0.596647;3.673976;
AnkleRight;0.6480421;-1.029962;3.614415;
AnkleLeft;1.048876;-0.9275517;3.717074;
FootRight;0.544242;-1.090581;3.658401;
FootLeft;0.9812762;-0.9766909;3.643561;
Head;0.6585609;0.5843081;3.706684;
ShoulderCenter;0.7286963;0.396424;3.649277;
ShoulderRight;0.8028803;0.2603436;3.535765;
ShoulderLeft;0.6221486;0.2062179;3.701997;
ElbowRight;0.8929251;-0.01799741;3.47577;
ElbowLeft;0.6172959;0.008348092;3.889699;
WristRight;0.9172327;-0.2386046;3.439615;
WristLeft;0.506757;-0.1661039;3.942327;
HandRight;0.9175187;-0.3129064;3.45871;
HandLeft;0.4706158;-0.2337224;3.939677;
Spine;0.7564108;-0.01659704;3.670366;
HipCenter;0.7206339;-0.09570401;3.635652;
HipRight;0.7615603;-0.1471951;3.58133;
HipLeft;0.6824486;-0.1779184;3.682307;
KneeRight;0.6529635;-0.6175204;3.592493;
KneeLeft;0.7294616;-0.5949615;3.664903;
AnkleRight;0.6427472;-1.028672;3.612047;
AnkleLeft;1.033921;-0.9016699;3.719096;
FootRight;0.5486573;-1.093821;3.649503;
FootLeft;0.9654238;-0.9487351;3.645815;
Head;0.5744728;0.5815966;3.671294;
ShoulderCenter;0.6823871;0.4145141;3.656024;
ShoulderRight;0.7439488;0.2690763;3.526819;
ShoulderLeft;0.5735598;0.2068407;3.673871;
ElbowRight;0.8212933;-0.01050845;3.456917;
ElbowLeft;0.5836829;0.003777817;3.854878;
WristRight;0.8231022;-0.2972484;3.417379;
WristLeft;0.5138945;-0.207346;3.959612;
HandRight;0.8492255;-0.3671172;3.405166;
HandLeft;0.4812725;-0.274796;3.949636;
Spine;0.7265415;-0.0223658;3.659926;
HipCenter;0.6951108;-0.1055992;3.621632;
HipRight;0.7451796;-0.1466535;3.578647;
HipLeft;0.6440964;-0.1732474;3.648304;
KneeRight;0.6502519;-0.6170299;3.589366;
KneeLeft;0.7224268;-0.5826005;3.666336;
AnkleRight;0.6358098;-1.029696;3.61095;
AnkleLeft;0.9959734;-0.9100631;3.739798;
FootRight;0.5525055;-1.094663;3.638156;
FootLeft;0.9290936;-0.9574041;3.664077;
Head;0.5665895;0.5878775;3.678956;
ShoulderCenter;0.6600469;0.410451;3.652202;
ShoulderRight;0.7269711;0.266675;3.518324;
ShoulderLeft;0.5529386;0.2462018;3.677083;
ElbowRight;0.7633442;-0.01966342;3.447067;
ElbowLeft;0.5564095;0.005931079;3.812862;
WristRight;0.7182775;-0.3058258;3.415378;
WristLeft;0.5172495;-0.2151748;3.951012;
HandRight;0.7570975;-0.3701263;3.41556;
HandLeft;0.4849688;-0.2829551;3.948693;
Spine;0.6763261;-0.02700608;3.665721;
HipCenter;0.6435481;-0.1100344;3.631211;
HipRight;0.6796417;-0.1539288;3.5872;
HipLeft;0.6114727;-0.1783766;3.66503;
KneeRight;0.6203152;-0.6281109;3.58109;
KneeLeft;0.6722918;-0.5904827;3.657014;
AnkleRight;0.6314037;-1.033657;3.610517;
AnkleLeft;0.9564584;-0.9006528;3.749038;
FootRight;0.5480806;-1.099986;3.630493;
FootLeft;0.8881112;-0.9473316;3.67448;
Head;0.541027;0.6002698;3.67959;
ShoulderCenter;0.62019;0.4186018;3.646214;
ShoulderRight;0.6664848;0.2758121;3.521344;
ShoulderLeft;0.5414683;0.2508645;3.682657;
ElbowRight;0.702073;-0.003849498;3.441175;
ElbowLeft;0.5458723;0.01113304;3.81722;
WristRight;0.641688;-0.2826452;3.425075;
WristLeft;0.518942;-0.2435594;3.858769;
HandRight;0.6359499;-0.3519948;3.397083;
HandLeft;0.4951568;-0.2976236;3.904172;
Spine;0.6614876;-0.02204489;3.66693;
HipCenter;0.6233165;-0.1084685;3.640341;
HipRight;0.653883;-0.1559931;3.594109;
HipLeft;0.5874685;-0.1712687;3.685126;
KneeRight;0.6093462;-0.6318725;3.579213;
KneeLeft;0.5053584;-0.570881;3.74653;
AnkleRight;0.6310838;-1.033192;3.6102;
AnkleLeft;0.816017;-0.8742222;3.763119;
FootRight;0.532348;-1.099424;3.60974;
FootLeft;0.7368789;-0.9229141;3.701549;
Head;0.4916684;0.5996097;3.654696;
ShoulderCenter;0.5890963;0.4287267;3.638127;
ShoulderRight;0.640756;0.2926876;3.508447;
ShoulderLeft;0.499929;0.2656498;3.679143;
ElbowRight;0.6497204;0.008568403;3.426155;
ElbowLeft;0.5042869;0.02673234;3.813142;
WristRight;0.5448411;-0.2543901;3.41834;
WristLeft;0.5030013;-0.2498931;3.753202;
HandRight;0.5190591;-0.3206995;3.398374;
HandLeft;0.4794092;-0.3035183;3.798237;
Spine;0.6102495;-0.01628804;3.670502;
HipCenter;0.5722493;-0.103835;3.645305;
HipRight;0.6008571;-0.1517352;3.606509;
HipLeft;0.5442875;-0.1606386;3.683004;
KneeRight;0.5864238;-0.6485204;3.572127;
KneeLeft;0.5220909;-0.6009279;3.74255;
AnkleRight;0.6271568;-1.031939;3.609091;
AnkleLeft;0.805886;-0.926286;3.770105;
FootRight;0.5282219;-1.103852;3.605391;
FootLeft;0.7911612;-1.047961;3.809419;
Head;0.4583851;0.5987228;3.651308;
ShoulderCenter;0.5567684;0.4265178;3.629318;
ShoulderRight;0.6177835;0.2895753;3.504686;
ShoulderLeft;0.4444497;0.2482761;3.661525;
ElbowRight;0.5854728;0.006286502;3.425346;
ElbowLeft;0.4487123;0.009367928;3.795594;
WristRight;0.4506144;-0.2018815;3.398661;
WristLeft;0.4501643;-0.2682073;3.73589;
HandRight;0.3976602;-0.2749933;3.355559;
HandLeft;0.4265575;-0.3218659;3.780952;
Spine;0.5858855;-0.004493182;3.661755;
HipCenter;0.5550632;-0.08915438;3.632525;
HipRight;0.5935274;-0.1352363;3.581356;
HipLeft;0.5122219;-0.1535465;3.678384;
KneeRight;0.5853117;-0.649058;3.572305;
KneeLeft;0.4387655;-0.5914044;3.724899;
AnkleRight;0.6243606;-1.027448;3.607717;
AnkleLeft;0.7329634;-0.9138601;3.7418;
FootRight;0.535224;-1.09858;3.622168;
FootLeft;0.7123532;-1.035083;3.780716;
Head;0.4403477;0.5538321;3.651194;
ShoulderCenter;0.5134121;0.3697569;3.606833;
ShoulderRight;0.5668484;0.2904283;3.501014;
ShoulderLeft;0.408242;0.1920036;3.640946;
ElbowRight;0.50581;0.03435193;3.399233;
ElbowLeft;0.4124939;-0.04631031;3.774592;
WristRight;0.3290165;-0.1907602;3.346213;
WristLeft;0.4139566;-0.3244798;3.715286;
HandRight;0.2972081;-0.2679825;3.362741;
HandLeft;0.3904979;-0.3778017;3.760066;
Spine;0.5428903;-0.02926621;3.631256;
HipCenter;0.5158589;-0.1078321;3.603346;
HipRight;0.5523347;-0.1530538;3.567161;
HipLeft;0.4812089;-0.1734824;3.635663;
KneeRight;0.5730103;-0.6538379;3.572259;
KneeLeft;0.4080624;-0.6306282;3.729135;
AnkleRight;0.6241218;-1.027805;3.608321;
AnkleLeft;0.6923605;-0.9678322;3.701398;
FootRight;0.5384454;-1.101761;3.606782;
FootLeft;0.5914353;-1.044225;3.72441;
Head;0.3682598;0.6012117;3.641176;
ShoulderCenter;0.4795256;0.4370431;3.606632;
ShoulderRight;0.5449638;0.295132;3.491416;
ShoulderLeft;0.3743555;0.2592897;3.640745;
ElbowRight;0.4645829;0.07074887;3.389835;
ElbowLeft;0.3786006;0.02136441;3.774028;
WristRight;0.2827806;-0.1522922;3.357241;
WristLeft;0.3800701;-0.2571937;3.714938;
HandRight;0.2112331;-0.2236913;3.337892;
HandLeft;0.356765;-0.3101665;3.759424;
Spine;0.4943859;-0.008378676;3.649167;
HipCenter;0.4682069;-0.09724712;3.628088;
HipRight;0.5014409;-0.155163;3.583274;
HipLeft;0.4323647;-0.1624513;3.67439;
KneeRight;0.5508156;-0.655005;3.571094;
KneeLeft;0.3828775;-0.6414112;3.733926;
AnkleRight;0.6244048;-1.026308;3.60869;
AnkleLeft;0.5082786;-1.043429;3.721561;
FootRight;0.5583126;-1.094435;3.609786;
FootLeft;0.4424793;-1.092704;3.64597;
Head;0.3486931;0.4836532;3.641967;
ShoulderCenter;0.4327973;0.2986563;3.618488;
ShoulderRight;0.5077922;0.2989854;3.484731;
ShoulderLeft;0.3276272;0.120903;3.652602;
ElbowRight;0.3809505;0.0644204;3.381749;
ElbowLeft;0.3318576;-0.1162;3.785301;
WristRight;0.1975349;-0.1274439;3.346627;
WristLeft;0.3333418;-0.3955804;3.726763;
HandRight;0.1301357;-0.1850293;3.318417;
HandLeft;0.3101197;-0.4483644;3.77109;
Spine;0.4578255;-0.04348977;3.661745;
HipCenter;0.4432974;-0.109673;3.640838;
HipRight;0.4690442;-0.1798011;3.609506;
HipLeft;0.4083446;-0.1936006;3.681916;
KneeRight;0.534818;-0.6515495;3.566706;
KneeLeft;0.3242826;-0.6293812;3.758516;
AnkleRight;0.6243427;-1.029237;3.612126;
AnkleLeft;0.4357104;-1.026804;3.737121;
FootRight;0.5581414;-1.096103;3.606428;
FootLeft;0.3702354;-1.077217;3.663157;
Head;0.2902322;0.6000234;3.662968;
ShoulderCenter;0.4101385;0.4426376;3.624345;
ShoulderRight;0.4619966;0.300617;3.484921;
ShoulderLeft;0.3049684;0.2648843;3.658459;
ElbowRight;0.311002;0.06766474;3.383328;
ElbowLeft;0.3091916;0.02818543;3.790789;
WristRight;0.145953;-0.09930574;3.347381;
WristLeft;0.310683;-0.2515992;3.732481;
HandRight;0.06931019;-0.1586913;3.331222;
HandLeft;0.2874872;-0.3043236;3.776758;
Spine;0.4292028;0.004229465;3.653283;
HipCenter;0.40489;-0.08395718;3.636281;
HipRight;0.4344975;-0.1484942;3.582016;
HipLeft;0.3706849;-0.1541731;3.689327;
KneeRight;0.5144286;-0.6482425;3.551891;
KneeLeft;0.285126;-0.6207427;3.756515;
AnkleRight;0.6207914;-1.034572;3.612494;
AnkleLeft;0.3266754;-1.017081;3.736811;
FootRight;0.5526292;-1.099888;3.613098;
FootLeft;0.230073;-1.073337;3.798597;
Head;0.248735;0.5866717;3.661869;
ShoulderCenter;0.3703557;0.4298539;3.620312;
ShoulderRight;0.4504398;0.2974403;3.485654;
ShoulderLeft;0.2651856;0.2521006;3.654425;
ElbowRight;0.2760426;0.08230312;3.38274;
ElbowLeft;0.269404;0.0156678;3.786511;
WristRight;0.09670784;-0.04464305;3.32431;
WristLeft;0.2709002;-0.2643829;3.728353;
HandRight;0.01758453;-0.1036082;3.322772;
HandLeft;0.2476111;-0.3173193;3.772808;
Spine;0.4066449;-0.0001177615;3.651525;
HipCenter;0.3888149;-0.08789179;3.634731;
HipRight;0.4273409;-0.1480309;3.585789;
HipLeft;0.3497255;-0.1552337;3.679918;
KneeRight;0.4867369;-0.6415461;3.555243;
KneeLeft;0.2501733;-0.6283512;3.756704;
AnkleRight;0.6188521;-1.034636;3.610678;
AnkleLeft;0.2123264;-1.018884;3.744877;
FootRight;0.5456249;-1.101903;3.607247;
FootLeft;0.09094924;-1.057245;3.757954;
Head;0.2173927;0.5877178;3.672249;
ShoulderCenter;0.331765;0.4251395;3.632042;
ShoulderRight;0.3898531;0.284115;3.495012;
ShoulderLeft;0.2265949;0.2473862;3.666155;
ElbowRight;0.2142196;0.07374862;3.383655;
ElbowLeft;0.2308057;0.01138262;3.79789;
WristRight;0.012098;-0.05001499;3.317788;
WristLeft;0.2323095;-0.2690973;3.739996;
HandRight;-0.0510005;-0.093196;3.316823;
HandLeft;0.2090957;-0.3218624;3.784307;
Spine;0.3581243;-0.01633639;3.656003;
HipCenter;0.3382651;-0.1044861;3.63946;
HipRight;0.3760444;-0.1540431;3.602571;
HipLeft;0.3045743;-0.1625565;3.674742;
KneeRight;0.4775401;-0.6345743;3.548688;
KneeLeft;0.2071671;-0.6628682;3.739334;
AnkleRight;0.6164315;-1.029547;3.610597;
AnkleLeft;0.1106824;-1.007649;3.725885;
FootRight;0.5426528;-1.098464;3.612464;
FootLeft;-0.01142069;-1.040789;3.747798;
Head;0.1854008;0.588808;3.674816;
ShoulderCenter;0.3102162;0.4336857;3.636711;
ShoulderRight;0.3679581;0.2870432;3.498623;
ShoulderLeft;0.2050461;0.2559324;3.670825;
ElbowRight;0.1952495;0.07494125;3.386954;
ElbowLeft;0.2092505;0.02028263;3.802254;
WristRight;0.006117944;-0.03070355;3.322892;
WristLeft;0.2107607;-0.260551;3.74457;
HandRight;-0.05436406;-0.06708471;3.306727;
HandLeft;0.1876429;-0.3130982;3.788698;
Spine;0.3446282;-0.03744832;3.651836;
HipCenter;0.3233731;-0.1367612;3.632667;
HipRight;0.3676364;-0.1793137;3.581799;
HipLeft;0.2796527;-0.2124947;3.681233;
KneeRight;0.4041549;-0.6299455;3.582059;
KneeLeft;0.1878569;-0.6548045;3.738201;
AnkleRight;0.6112;-1.020446;3.609796;
AnkleLeft;0.06937557;-0.9927686;3.700702;
FootRight;0.5414792;-1.098453;3.612341;
FootLeft;-0.05066019;-1.028731;3.727753;
Head;0.1558537;0.6006656;3.694655;
ShoulderCenter;0.255614;0.4278253;3.64817;
ShoulderRight;0.3164446;0.2825398;3.5129;
ShoulderLeft;0.1504439;0.250072;3.682284;
ElbowRight;0.148216;0.07669911;3.38012;
ElbowLeft;0.1546419;0.01478289;3.813419;
WristRight;-0.06858621;-0.02991792;3.329666;
WristLeft;0.1561585;-0.2664115;3.755958;
HandRight;-0.1369593;-0.04882123;3.31688;
HandLeft;0.1331452;-0.3187211;3.799887;
Spine;0.297861;-0.07423095;3.65897;
HipCenter;0.2806776;-0.174722;3.639704;
HipRight;0.3346691;-0.1989651;3.630984;
HipLeft;0.2298584;-0.2267427;3.645431;
KneeRight;0.4190423;-0.6358466;3.560638;
KneeLeft;0.1361707;-0.6491467;3.73086;
AnkleRight;0.6066082;-1.021425;3.606756;
AnkleLeft;-0.02536839;-0.9977498;3.707237;
FootRight;0.5372936;-1.097521;3.609433;
FootLeft;-0.1322305;-1.041609;3.732795;
Head;0.1115476;0.586137;3.690521;
ShoulderCenter;0.2023084;0.4079474;3.63679;
ShoulderRight;0.2703378;0.2732039;3.515462;
ShoulderLeft;0.0971383;0.230194;3.670903;
ElbowRight;0.1438055;0.0850559;3.380907;
ElbowLeft;0.1013354;-0.005041972;3.801976;
WristRight;-0.07547206;-0.03030801;3.334444;
WristLeft;0.267653;-0.1766096;3.631402;
HandRight;-0.1680527;-0.05134847;3.323889;
HandLeft;0.3230923;-0.2337988;3.579608;
Spine;0.2546878;-0.06132317;3.651936;
HipCenter;0.2409726;-0.1559244;3.632586;
HipRight;0.2880498;-0.1949811;3.586583;
HipLeft;0.1996558;-0.2216043;3.67091;
KneeRight;0.4039031;-0.6548676;3.560792;
KneeLeft;0.1144833;-0.6402644;3.722985;
AnkleRight;0.6030809;-1.020482;3.61063;
AnkleLeft;-0.02360795;-0.9972723;3.706024;
FootRight;0.538467;-1.094479;3.611097;
FootLeft;-0.1333351;-1.040485;3.726026;
Head;0.06764268;0.5751864;3.688006;
ShoulderCenter;0.1769139;0.4068311;3.63969;
ShoulderRight;0.2430226;0.2733984;3.516547;
ShoulderLeft;0.07174382;0.2290778;3.673804;
ElbowRight;0.1308916;0.08404631;3.382432;
ElbowLeft;0.07594003;-0.006110117;3.804813;
WristRight;-0.1078177;-0.03411371;3.33877;
WristLeft;0.2422207;-0.1776635;3.634275;
HandRight;-0.2000097;-0.06091373;3.323034;
HandLeft;0.2976475;-0.234848;3.582499;
Spine;0.2069238;-0.07700828;3.659645;
HipCenter;0.1929246;-0.1738067;3.643107;
HipRight;0.2450905;-0.2047791;3.618623;
HipLeft;0.1446794;-0.2299107;3.665652;
KneeRight;0.372706;-0.652167;3.556868;
KneeLeft;0.05800788;-0.6914224;3.725415;
AnkleRight;0.5878297;-1.015928;3.608527;
AnkleLeft;-0.02972501;-1.009476;3.704129;
FootRight;0.5095596;-1.090717;3.652822;
FootLeft;-0.114613;-1.050386;3.706705;
Head;0.04457608;0.5901842;3.701333;
ShoulderCenter;0.1329487;0.409153;3.654601;
ShoulderRight;0.1849744;0.2741362;3.521387;
ShoulderLeft;0.02777867;0.2313997;3.688714;
ElbowRight;0.107721;0.07666098;3.400663;
ElbowLeft;0.03200743;-0.005615875;3.820894;
WristRight;-0.115051;-0.04058189;3.335924;
WristLeft;0.1996936;-0.1776974;3.648343;
HandRight;-0.2010209;-0.08348096;3.320044;
HandLeft;0.255589;-0.2350579;3.59591;
Spine;0.1609248;-0.08725528;3.680248;
HipCenter;0.1431382;-0.1868397;3.666641;
HipRight;0.1888157;-0.2136627;3.674508;
HipLeft;0.1020377;-0.2345713;3.658814;
KneeRight;0.2924419;-0.6586449;3.577026;
KneeLeft;0.0104212;-0.6265835;3.723434;
AnkleRight;0.5680928;-1.006621;3.603927;
AnkleLeft;-0.0462927;-1.003395;3.706124;
FootRight;0.4866449;-1.092623;3.62107;
FootLeft;-0.1163802;-1.063461;3.72245;
Head;0.006956853;0.5907844;3.702072;
ShoulderCenter;0.08949006;0.4066784;3.647189;
ShoulderRight;0.1422093;0.2701515;3.528077;
ShoulderLeft;-0.0156801;0.2289251;3.681302;
ElbowRight;0.05109023;0.05965006;3.399561;
ElbowLeft;-0.01145258;-0.008015692;3.81339;
WristRight;-0.1515574;-0.09162138;3.351279;
WristLeft;0.1561761;-0.1800759;3.6409;
HandRight;-0.2368211;-0.1339767;3.330626;
HandLeft;0.2120523;-0.2374293;3.588493;
Spine;0.1437687;-0.08925196;3.656568;
HipCenter;0.1300416;-0.1891834;3.637214;
HipRight;0.1874421;-0.2033207;3.624734;
HipLeft;0.07504302;-0.2473752;3.634887;
KneeRight;0.2209261;-0.6660178;3.581034;
KneeLeft;-0.03238263;-0.6473126;3.733426;
AnkleRight;0.53297;-0.9833003;3.604822;
AnkleLeft;-0.048214;-0.9986145;3.706502;
FootRight;0.4962291;-1.081638;3.6097;
FootLeft;-0.1145571;-1.062824;3.71793;
Head;-0.04326887;0.5942002;3.700031;
ShoulderCenter;0.05053488;0.4150512;3.640711;
ShoulderRight;0.115731;0.2728199;3.520603;
ShoulderLeft;-0.05463514;0.2372978;3.674824;
ElbowRight;0.0620243;0.07215989;3.409181;
ElbowLeft;-0.05038124;-0.001127094;3.807887;
WristRight;-0.1483849;-0.09398981;3.351565;
WristLeft;0.1183883;-0.1736047;3.633769;
HandRight;-0.2144438;-0.1652545;3.34114;
HandLeft;0.1746448;-0.2310972;3.580826;
Spine;0.06404966;-0.03831341;3.672045;
HipCenter;0.04809662;-0.12927;3.660597;
HipRight;0.08665633;-0.175672;3.62181;
HipLeft;0.009930558;-0.1928222;3.70046;
KneeRight;0.1755425;-0.6734127;3.559847;
KneeLeft;-0.04956596;-0.6492487;3.732274;
AnkleRight;0.4951387;-0.966339;3.596317;
AnkleLeft;-0.05474407;-0.9942514;3.706394;
FootRight;0.4620173;-1.051652;3.579287;
FootLeft;-0.1126723;-1.06626;3.717546;
Head;-0.06769776;0.5921824;3.709003;
ShoulderCenter;0.02816172;0.4135564;3.6462;
ShoulderRight;0.08655111;0.2774201;3.527281;
ShoulderLeft;-0.07700844;0.2358031;3.680314;
ElbowRight;0.03626877;0.07150598;3.409302;
ElbowLeft;-0.07272702;-0.004159659;3.814402;
WristRight;-0.1374145;-0.1099177;3.367228;
WristLeft;0.09722416;-0.1770583;3.638597;
HandRight;-0.2004086;-0.185052;3.361601;
HandLeft;0.1538746;-0.2346912;3.585096;
Spine;0.04333186;-0.03862058;3.663318;
HipCenter;0.02632263;-0.1285947;3.649841;
HipRight;0.0625933;-0.159737;3.629599;
HipLeft;-0.02186566;-0.1819342;3.655614;
KneeRight;0.09570226;-0.6708845;3.558556;
KneeLeft;-0.08045787;-0.6492903;3.71682;
AnkleRight;0.425192;-0.9707848;3.580489;
AnkleLeft;-0.05588948;-0.9944244;3.70709;
FootRight;0.4403593;-1.061208;3.597045;
FootLeft;-0.1121219;-1.068006;3.717298;
Head;-0.1186943;0.6085148;3.717226;
ShoulderCenter;-0.01355498;0.434249;3.657983;
ShoulderRight;0.04488865;0.2828423;3.52922;
ShoulderLeft;-0.1187251;0.2564957;3.692096;
ElbowRight;0.004391213;0.0516116;3.42113;
ElbowLeft;-0.1144449;0.01660265;3.826079;
WristRight;-0.157896;-0.1884475;3.382913;
WristLeft;0.05545274;-0.1562772;3.65032;
HandRight;-0.1999007;-0.2729569;3.359834;
HandLeft;0.1120853;-0.2139039;3.596845;
Spine;0.01872138;-0.03620164;3.629546;
HipCenter;0.00298171;-0.1281937;3.604488;
HipRight;0.04252731;-0.1520057;3.561906;
HipLeft;-0.02936525;-0.195872;3.642323;
KneeRight;0.05540247;-0.670668;3.550295;
KneeLeft;-0.1368047;-0.6615432;3.720588;
AnkleRight;0.3542497;-0.9953744;3.59533;
AnkleLeft;-0.06003259;-0.994699;3.709024;
FootRight;0.3440121;-1.087973;3.594234;
FootLeft;-0.1108478;-1.072489;3.715883;
Head;-0.1569002;0.6047402;3.689532;
ShoulderCenter;-0.03548671;0.4408593;3.657922;
ShoulderRight;0.01700842;0.2918146;3.525519;
ShoulderLeft;-0.1406568;0.2631059;3.692036;
ElbowRight;-0.0001828913;0.05048081;3.423874;
ElbowLeft;-0.1363794;0.02336651;3.825951;
WristRight;-0.1430118;-0.2022331;3.397764;
WristLeft;0.03340021;-0.1494717;3.650378;
HandRight;-0.1759425;-0.2943536;3.394788;
HandLeft;0.08999342;-0.2070845;3.596959;
Spine;-0.03126081;-0.02339736;3.654666;
HipCenter;-0.0484756;-0.1152501;3.638953;
HipRight;-0.0004354898;-0.1497876;3.603916;
HipLeft;-0.09690069;-0.1662177;3.668746;
KneeRight;-0.01493192;-0.6528845;3.545301;
KneeLeft;-0.1441368;-0.7035547;3.634365;
AnkleRight;0.2791284;-0.9485745;3.580246;
AnkleLeft;-0.0582143;-1.004745;3.712434;
FootRight;0.2475353;-1.044041;3.588007;
FootLeft;-0.1203517;-1.07337;3.714046;
Head;-0.18761;0.6044825;3.657405;
ShoulderCenter;-0.08075976;0.4346202;3.652115;
ShoulderRight;-0.01417012;0.2883755;3.521554;
ShoulderLeft;-0.1859299;0.2568669;3.686229;
ElbowRight;-0.03240235;0.01356695;3.443028;
ElbowLeft;-0.1816593;0.01750825;3.819934;
WristRight;-0.1225812;-0.1968907;3.402616;
WristLeft;-0.240348;-0.2506948;3.813219;
HandRight;-0.1316501;-0.2936082;3.394267;
HandLeft;-0.2642001;-0.28565;3.871579;
Spine;-0.05316119;-0.0271588;3.630867;
HipCenter;-0.0719256;-0.1177392;3.605533;
HipRight;-0.0142144;-0.1479427;3.591761;
HipLeft;-0.1245638;-0.1666098;3.610834;
KneeRight;-0.127106;-0.5920017;3.546866;
KneeLeft;-0.044963;-0.5682815;3.757398;
AnkleRight;0.1714363;-0.9249252;3.565341;
AnkleLeft;-0.06076323;-0.9966017;3.710139;
FootRight;0.1424061;-1.045754;3.577513;
FootLeft;-0.09878376;-1.075833;3.73832;
Head;-0.2245347;0.6065297;3.647696;
ShoulderCenter;-0.1151296;0.438316;3.643655;
ShoulderRight;-0.03780107;0.2893641;3.516655;
ShoulderLeft;-0.2202997;0.2605627;3.677768;
ElbowRight;-0.03262258;0.01370346;3.443345;
ElbowLeft;-0.2160351;0.02153733;3.811278;
WristRight;-0.1128914;-0.2021687;3.406253;
WristLeft;-0.2984088;-0.232399;3.857828;
HandRight;-0.1169698;-0.2729872;3.396902;
HandLeft;-0.3219868;-0.2994971;3.865655;
Spine;-0.06374762;-0.02410031;3.624908;
HipCenter;-0.07878505;-0.1156484;3.598538;
HipRight;-0.02704678;-0.1451624;3.580197;
HipLeft;-0.1274237;-0.1662579;3.606554;
KneeRight;-0.1748254;-0.6105292;3.539415;
KneeLeft;-0.0615468;-0.5722571;3.749118;
AnkleRight;0.09629925;-0.9570965;3.548784;
AnkleLeft;-0.06537384;-1.001757;3.699882;
FootRight;0.05407554;-1.038976;3.544784;
FootLeft;-0.1016718;-1.083239;3.723257;
Head;-0.230867;0.6145366;3.654346;
ShoulderCenter;-0.1343917;0.4355364;3.633485;
ShoulderRight;-0.06121769;0.2880059;3.513442;
ShoulderLeft;-0.2395618;0.257783;3.667599;
ElbowRight;-0.04166254;0.007972493;3.442213;
ElbowLeft;-0.2353086;0.01940203;3.800792;
WristRight;-0.1082458;-0.2030518;3.410101;
WristLeft;-0.3736582;-0.1959389;3.878017;
HandRight;-0.1012193;-0.2725406;3.396314;
HandLeft;-0.4048201;-0.2559838;3.900191;
Spine;-0.1475999;-0.01660767;3.627528;
HipCenter;-0.1728137;-0.1026781;3.603462;
HipRight;-0.1385309;-0.1312475;3.572955;
HipLeft;-0.212098;-0.1682365;3.626925;
KneeRight;-0.2437322;-0.6211956;3.52667;
KneeLeft;-0.1014607;-0.6139225;3.74222;
AnkleRight;-0.01402043;-0.9816627;3.576861;
AnkleLeft;0.001219302;-0.926972;3.752855;
FootRight;-0.08865783;-1.069424;3.604977;
FootLeft;-0.0862117;-1.014964;3.742021;
Head;-0.2651402;0.6201655;3.645926;
ShoulderCenter;-0.1702719;0.4391164;3.618078;
ShoulderRight;-0.1221124;0.2882838;3.502451;
ShoulderLeft;-0.2754421;0.2613631;3.652192;
ElbowRight;-0.04899907;0.0108631;3.440867;
ElbowLeft;-0.3243913;0.02268729;3.777099;
WristRight;-0.1249617;-0.2675307;3.419259;
WristLeft;-0.4696204;-0.1720557;3.917767;
HandRight;-0.04340655;-0.3177308;3.409697;
HandLeft;-0.4944882;-0.2358913;3.898611;
Spine;-0.1609525;-0.03229003;3.61051;
HipCenter;-0.1872164;-0.1253683;3.584528;
HipRight;-0.1490019;-0.1439959;3.559737;
HipLeft;-0.2245636;-0.1840121;3.607088;
KneeRight;-0.3100711;-0.6081174;3.512564;
KneeLeft;-0.1458139;-0.6287407;3.723899;
AnkleRight;-0.1062547;-0.9961585;3.577392;
AnkleLeft;-0.05103901;-0.9460294;3.708172;
FootRight;-0.19785;-1.066062;3.575257;
FootLeft;-0.1180186;-1.050881;3.704185;
Head;-0.2941688;0.6167924;3.633319;
ShoulderCenter;-0.2122634;0.4298063;3.60981;
ShoulderRight;-0.1339088;0.2872759;3.500515;
ShoulderLeft;-0.3174334;0.252053;3.643923;
ElbowRight;-0.05015785;0.01313105;3.440914;
ElbowLeft;-0.3599005;0.01392278;3.770793;
WristRight;-0.0626661;-0.2190836;3.423109;
WristLeft;-0.5250377;-0.164236;3.896209;
HandRight;-0.04615199;-0.3129387;3.410817;
HandLeft;-0.5812849;-0.207215;3.901947;
Spine;-0.1994505;-0.03736185;3.603391;
HipCenter;-0.2197245;-0.1278807;3.575498;
HipRight;-0.1685511;-0.147959;3.548373;
HipLeft;-0.2773794;-0.1915662;3.596427;
KneeRight;-0.3483732;-0.6188871;3.514032;
KneeLeft;-0.1577989;-0.6317859;3.729848;
AnkleRight;-0.2232793;-1.024554;3.5522;
AnkleLeft;-0.08329583;-1.003564;3.686898;
FootRight;-0.3176511;-1.093885;3.53383;
FootLeft;-0.1362314;-1.116062;3.684287;
Head;-0.3266951;0.6157515;3.626238;
ShoulderCenter;-0.247437;0.4271183;3.603818;
ShoulderRight;-0.1658916;0.2805513;3.493134;
ShoulderLeft;-0.3526072;0.2493649;3.637932;
ElbowRight;-0.05600249;0.01306871;3.440109;
ElbowLeft;-0.4001108;0.009652928;3.764465;
WristRight;-0.06097655;-0.2192266;3.425153;
WristLeft;-0.5719135;-0.1227041;3.892369;
HandRight;-0.04018029;-0.3129678;3.414606;
HandLeft;-0.6398779;-0.1812227;3.899973;
Spine;-0.1963608;-0.01067743;3.574839;
HipCenter;-0.2107685;-0.09122583;3.536077;
HipRight;-0.1664711;-0.1191411;3.491294;
HipLeft;-0.246508;-0.1661987;3.5646;
KneeRight;-0.4002312;-0.6308592;3.514659;
KneeLeft;-0.186898;-0.6335843;3.723713;
AnkleRight;-0.3357671;-1.02438;3.529554;
AnkleLeft;-0.0795975;-1.007048;3.697641;
FootRight;-0.4419227;-1.089995;3.535269;
FootLeft;-0.1655912;-1.083424;3.736141;
Head;-0.3691661;0.6156302;3.614361;
ShoulderCenter;-0.2814899;0.4309315;3.597022;
ShoulderRight;-0.2006868;0.2744098;3.47745;
ShoulderLeft;-0.38666;0.2531782;3.631135;
ElbowRight;-0.07777874;0.01168185;3.443384;
ElbowLeft;-0.4639053;0.07014233;3.812768;
WristRight;-0.06099261;-0.2186071;3.424047;
WristLeft;-0.6192553;-0.1044132;3.893869;
HandRight;-0.03780375;-0.3127341;3.418094;
HandLeft;-0.693059;-0.1572683;3.87335;
Spine;-0.2700534;0.001525953;3.611536;
HipCenter;-0.2926563;-0.08238944;3.586955;
HipRight;-0.2488057;-0.1204268;3.537747;
HipLeft;-0.3374636;-0.1545681;3.631035;
KneeRight;-0.4317456;-0.6143911;3.515831;
KneeLeft;-0.2408609;-0.6263633;3.695167;
AnkleRight;-0.469228;-1.043821;3.492161;
AnkleLeft;-0.08129525;-1.005254;3.698889;
FootRight;-0.5820878;-1.091653;3.515923;
FootLeft;-0.1243289;-1.079711;3.732374;
Head;-0.4033816;0.607935;3.6205;
ShoulderCenter;-0.3134847;0.4224359;3.5904;
ShoulderRight;-0.2338194;0.2733291;3.474103;
ShoulderLeft;-0.4186548;0.2446826;3.624513;
ElbowRight;-0.09296151;0.01987007;3.443616;
ElbowLeft;-0.51585;0.06926617;3.804198;
WristRight;-0.06506331;-0.2167305;3.418783;
WristLeft;-0.6776569;-0.1005888;3.881004;
HandRight;-0.04306018;-0.3071725;3.416351;
HandLeft;-0.7436084;-0.1545224;3.871434;
Spine;-0.2979292;-0.005589302;3.608748;
HipCenter;-0.3204197;-0.08999484;3.585713;
HipRight;-0.2860558;-0.136931;3.542754;
HipLeft;-0.3602701;-0.158769;3.625604;
KneeRight;-0.4551424;-0.6007034;3.513085;
KneeLeft;-0.3333061;-0.6447213;3.617247;
AnkleRight;-0.5627615;-1.038429;3.480923;
AnkleLeft;-0.083513;-1.001369;3.697807;
FootRight;-0.6839583;-1.062244;3.463995;
FootLeft;-0.1388144;-1.071707;3.719837;
Head;-0.4522974;0.6026168;3.61621;
ShoulderCenter;-0.3735116;0.4131903;3.598415;
ShoulderRight;-0.2581616;0.2752108;3.465442;
ShoulderLeft;-0.4786817;0.235437;3.632528;
ElbowRight;-0.1407263;0.01034281;3.432446;
ElbowLeft;-0.547882;0.05977443;3.822576;
WristRight;-0.07726502;-0.2132867;3.412781;
WristLeft;-0.6868699;-0.07974666;3.891581;
HandRight;-0.05135473;-0.3021473;3.426718;
HandLeft;-0.7617527;-0.1396172;3.907916;
Spine;-0.3501464;0.01082438;3.601688;
HipCenter;-0.369898;-0.06724982;3.574383;
HipRight;-0.3159433;-0.1288841;3.528781;
HipLeft;-0.4164937;-0.1371254;3.612377;
KneeRight;-0.4587266;-0.5967209;3.510947;
KneeLeft;-0.4743148;-0.5832627;3.471397;
AnkleRight;-0.6324273;-1.01229;3.475344;
AnkleLeft;-0.1935959;-0.8836187;3.625731;
FootRight;-0.7515831;-1.046863;3.490003;
FootLeft;-0.2534676;-0.929513;3.547557;
Head;-0.5042827;0.5718899;3.579217;
ShoulderCenter;-0.3889889;0.4119464;3.597776;
ShoulderRight;-0.3147445;0.2588328;3.468823;
ShoulderLeft;-0.494159;0.234193;3.63189;
ElbowRight;-0.15801;0.01570411;3.429234;
ElbowLeft;-0.5925794;0.06129625;3.812363;
WristRight;-0.1103125;-0.2110208;3.398825;
WristLeft;-0.7099948;-0.08480686;3.90033;
HandRight;-0.07696103;-0.2950995;3.434457;
HandLeft;-0.7860557;-0.1453487;3.899566;
Spine;-0.3701589;-0.03571915;3.589155;
HipCenter;-0.3926034;-0.1217925;3.56019;
HipRight;-0.342067;-0.1653548;3.515795;
HipLeft;-0.4404554;-0.1862555;3.59432;
KneeRight;-0.5190037;-0.6079553;3.510289;
KneeLeft;-0.4988371;-0.5816878;3.458544;
AnkleRight;-0.6628038;-1.034374;3.476402;
AnkleLeft;-0.2099423;-0.8718471;3.615545;
FootRight;-0.7869518;-1.049794;3.47931;
FootLeft;-0.2767278;-0.9172962;3.542645;
Head;-0.5123289;0.5836563;3.554512;
ShoulderCenter;-0.4414499;0.4041618;3.585329;
ShoulderRight;-0.3508726;0.2491861;3.464622;
ShoulderLeft;-0.54662;0.2264085;3.619443;
ElbowRight;-0.2126863;-0.003765076;3.411714;
ElbowLeft;-0.632901;0.05281067;3.804198;
WristRight;-0.1394808;-0.2453064;3.400837;
WristLeft;-0.7730072;-0.1093956;3.873383;
HandRight;-0.08447059;-0.321276;3.425422;
HandLeft;-0.8335541;-0.1573647;3.840805;
Spine;-0.3878666;-0.04246697;3.562032;
HipCenter;-0.4072702;-0.1291977;3.523618;
HipRight;-0.361633;-0.1749127;3.479421;
HipLeft;-0.4480407;-0.1890305;3.547881;
KneeRight;-0.5299717;-0.601791;3.500223;
KneeLeft;-0.5482062;-0.5835937;3.44416;
AnkleRight;-0.6868811;-1.023089;3.479084;
AnkleLeft;-0.2514824;-0.8693471;3.594605;
FootRight;-0.8082767;-1.053297;3.481553;
FootLeft;-0.3130076;-0.9149113;3.517298;
Head;-0.5520719;0.5231232;3.548144;
ShoulderCenter;-0.4749302;0.3417719;3.563435;
ShoulderRight;-0.3863514;0.2461608;3.458283;
ShoulderLeft;-0.5885908;0.1515545;3.549995;
ElbowRight;-0.2533745;-0.009312063;3.411221;
ElbowLeft;-0.6498342;0.01587708;3.767464;
WristRight;-0.1811023;-0.2587561;3.397333;
WristLeft;-0.7910762;-0.1335832;3.808844;
HandRight;-0.1514617;-0.3396313;3.415623;
HandLeft;-0.8725686;-0.1835784;3.828001;
Spine;-0.4024752;-0.05870314;3.558528;
HipCenter;-0.4101334;-0.1371001;3.518657;
HipRight;-0.3632157;-0.1822188;3.477054;
HipLeft;-0.4481646;-0.1990581;3.54246;
KneeRight;-0.6058633;-0.629661;3.496572;
KneeLeft;-0.586502;-0.5815171;3.441702;
AnkleRight;-0.6940774;-1.042233;3.481312;
AnkleLeft;-0.2806782;-0.8587253;3.58852;
FootRight;-0.8155061;-1.070555;3.490854;
FootLeft;-0.3231953;-0.9047917;3.499667;
Head;-0.5982597;0.5248373;3.550965;
ShoulderCenter;-0.4990002;0.3328783;3.545848;
ShoulderRight;-0.4360152;0.2414527;3.449308;
ShoulderLeft;-0.6126608;0.1426609;3.532408;
ElbowRight;-0.2881779;-0.001581177;3.376375;
ElbowLeft;-0.6737382;0.007351056;3.749319;
WristRight;-0.2477815;-0.2748595;3.350554;
WristLeft;-0.8404439;-0.1623313;3.826498;
HandRight;-0.2220036;-0.340763;3.361087;
HandLeft;-0.8940803;-0.2059956;3.808187;
Spine;-0.4572011;-0.08164833;3.536804;
HipCenter;-0.4703318;-0.1597228;3.496332;
HipRight;-0.4234744;-0.2013994;3.460835;
HipLeft;-0.5094169;-0.2263097;3.518599;
KneeRight;-0.6265253;-0.6036907;3.485236;
KneeLeft;-0.5684602;-0.6543215;3.535541;
AnkleRight;-0.6930115;-1.039415;3.484084;
AnkleLeft;-0.2297763;-0.9080837;3.653029;
FootRight;-0.8115085;-1.077621;3.494755;
FootLeft;-0.2756406;-0.9530006;3.565358;
Head;-0.633288;0.5863891;3.533718;
ShoulderCenter;-0.5497556;0.4014263;3.513937;
ShoulderRight;-0.4715599;0.2441225;3.431717;
ShoulderLeft;-0.6634161;0.2112089;3.500497;
ElbowRight;-0.3420885;-0.01097493;3.373496;
ElbowLeft;-0.7244405;0.07601662;3.717175;
WristRight;-0.3178047;-0.250457;3.338927;
WristLeft;-0.8322014;-0.1648986;3.816128;
HandRight;-0.2969138;-0.3436838;3.350655;
HandLeft;-0.8682961;-0.2264091;3.812801;
Spine;-0.5018464;-0.05809816;3.52258;
HipCenter;-0.5055894;-0.1485298;3.482814;
HipRight;-0.4577559;-0.1818548;3.453796;
HipLeft;-0.5500969;-0.2106079;3.501454;
KneeRight;-0.651533;-0.6144843;3.476987;
KneeLeft;-0.5484281;-0.6272483;3.593613;
AnkleRight;-0.6940788;-1.03717;3.483605;
AnkleLeft;-0.2258459;-0.9181451;3.672318;
FootRight;-0.8024743;-1.087859;3.520203;
FootLeft;-0.1882847;-1.032278;3.707263;
Head;-0.6507931;0.5819324;3.52978;
ShoulderCenter;-0.566865;0.398308;3.509882;
ShoulderRight;-0.5068274;0.2441562;3.413994;
ShoulderLeft;-0.6805255;0.2080906;3.496442;
ElbowRight;-0.4175805;-0.02862915;3.367705;
ElbowLeft;-0.7415493;0.07289982;3.713106;
WristRight;-0.4096552;-0.2867727;3.355144;
WristLeft;-0.8231599;-0.1835497;3.799152;
HandRight;-0.3670629;-0.3469479;3.342488;
HandLeft;-0.866348;-0.2360061;3.777807;
Spine;-0.5758749;-0.04891387;3.534577;
HipCenter;-0.5962797;-0.1348698;3.501053;
HipRight;-0.5550829;-0.179266;3.47107;
HipLeft;-0.6408026;-0.18915;3.527102;
KneeRight;-0.6735716;-0.6152667;3.474406;
KneeLeft;-0.4798974;-0.652269;3.695965;
AnkleRight;-0.6944512;-1.037265;3.483716;
AnkleLeft;-0.182384;-0.9866358;3.696031;
FootRight;-0.7564686;-1.099054;3.512448;
FootLeft;-0.2358027;-1.060191;3.711049;
Head;-0.6959389;0.5427011;3.522678;
ShoulderCenter;-0.6170183;0.3281048;3.50381;
ShoulderRight;-0.5551006;0.256508;3.40758;
ShoulderLeft;-0.7306789;0.1378874;3.49037;
ElbowRight;-0.4735215;-0.009943777;3.357973;
ElbowLeft;-0.7919508;0.002146721;3.708016;
WristRight;-0.473969;-0.298375;3.354517;
WristLeft;-0.8287239;-0.2273646;3.765661;
HandRight;-0.440774;-0.3564735;3.330938;
HandLeft;-0.8637728;-0.2835926;3.791025;
Spine;-0.5764025;-0.06310227;3.521034;
HipCenter;-0.5922912;-0.1438737;3.487398;
HipRight;-0.5522511;-0.1777883;3.465332;
HipLeft;-0.6257058;-0.2265081;3.491092;
KneeRight;-0.6847584;-0.6208906;3.472958;
KneeLeft;-0.494929;-0.7334902;3.677668;
AnkleRight;-0.6948797;-1.037167;3.483412;
AnkleLeft;-0.2201987;-0.9159979;3.677826;
FootRight;-0.7638485;-1.100171;3.514827;
FootLeft;-0.2792634;-0.9949288;3.702519;
Head;-0.735689;0.5908043;3.514207;
ShoulderCenter;-0.6562695;0.4073765;3.498632;
ShoulderRight;-0.577255;0.2584674;3.398332;
ShoulderLeft;-0.7699301;0.2171591;3.485192;
ElbowRight;-0.5595425;-0.02862281;3.346961;
ElbowLeft;-0.8311571;0.08151768;3.702647;
WristRight;-0.6921527;-0.2839026;3.353148;
WristLeft;-0.8422633;-0.2039934;3.727123;
HandRight;-0.6590422;-0.3418531;3.329629;
HandLeft;-0.8665633;-0.2655974;3.752067;
Spine;-0.6493809;-0.05823279;3.542686;
HipCenter;-0.6652724;-0.151294;3.516911;
HipRight;-0.6190997;-0.1913665;3.504736;
HipLeft;-0.7128465;-0.1981751;3.52958;
KneeRight;-0.6917503;-0.6240941;3.47063;
KneeLeft;-0.6366724;-0.6354573;3.580158;
AnkleRight;-0.6977362;-1.036278;3.483037;
AnkleLeft;-0.3055201;-0.9155513;3.666804;
FootRight;-0.7598847;-1.099297;3.514179;
FootLeft;-0.3477428;-0.9944918;3.685457;
Head;-0.754767;0.5968229;3.509384;
ShoulderCenter;-0.6771858;0.4147092;3.498459;
ShoulderRight;-0.6038445;0.2625242;3.391392;
ShoulderLeft;-0.7908463;0.2244918;3.485018;
ElbowRight;-0.6024775;-0.003363027;3.32335;
ElbowLeft;-0.8523094;0.08832762;3.703409;
WristRight;-0.6900793;-0.2784648;3.330466;
WristLeft;-0.8632938;-0.1983829;3.727356;
HandRight;-0.6570722;-0.3362344;3.30702;
HandLeft;-0.887518;-0.2597945;3.752221;
Spine;-0.6806616;-0.04872998;3.540906;
HipCenter;-0.6985816;-0.14108;3.519414;
HipRight;-0.6541821;-0.176749;3.509047;
HipLeft;-0.7468083;-0.1930433;3.530894;
KneeRight;-0.7055337;-0.6293405;3.465294;
KneeLeft;-0.6109104;-0.6988877;3.656631;
AnkleRight;-0.6991434;-1.036441;3.482592;
AnkleLeft;-0.3747827;-0.9272434;3.671906;
FootRight;-0.766198;-1.102494;3.521806;
FootLeft;-0.4401472;-0.9894335;3.685022;
Head;-0.7832481;0.5623654;3.49051;
ShoulderCenter;-0.7197716;0.3636075;3.489517;
ShoulderRight;-0.6581728;0.2740305;3.386851;
ShoulderLeft;-0.8334321;0.1733901;3.476077;
ElbowRight;-0.6655752;-0.01375139;3.32877;
ElbowLeft;-0.894833;0.03736363;3.694197;
WristRight;-0.7676411;-0.2615714;3.288136;
WristLeft;-0.9058498;-0.249031;3.718273;
HandRight;-0.7831292;-0.3320087;3.264335;
HandLeft;-0.9300209;-0.3103084;3.743083;
Spine;-0.6603476;-0.05929114;3.479571;
HipCenter;-0.667906;-0.1416884;3.445549;
HipRight;-0.6224796;-0.1676971;3.419703;
HipLeft;-0.7032883;-0.2135324;3.45995;
KneeRight;-0.7286111;-0.6349564;3.459301;
KneeLeft;-0.6198887;-0.6984023;3.653674;
AnkleRight;-0.7034521;-1.037279;3.485226;
AnkleLeft;-0.4534144;-0.979591;3.676755;
FootRight;-0.7672467;-1.10173;3.518417;
FootLeft;-0.5324611;-1.023291;3.686584;
Head;-0.8300816;0.5347087;3.486125;
ShoulderCenter;-0.7435064;0.336109;3.474479;
ShoulderRight;-0.6816162;0.2732835;3.381943;
ShoulderLeft;-0.8571669;0.1458916;3.461039;
ElbowRight;-0.7378007;-0.006387502;3.30589;
ElbowLeft;-0.6337496;0.1627464;3.613878;
WristRight;-0.846636;-0.2008717;3.244525;
WristLeft;-0.5866444;-0.1194119;3.639839;
HandRight;-0.8754619;-0.2908128;3.231316;
HandLeft;-0.6108494;-0.1807751;3.664685;
Spine;-0.6769027;-0.05557213;3.477867;
HipCenter;-0.6845989;-0.133864;3.442901;
HipRight;-0.6404493;-0.1649439;3.40895;
HipLeft;-0.7167147;-0.2092577;3.464339;
KneeRight;-0.7381912;-0.6416103;3.454935;
KneeLeft;-0.6677439;-0.7094837;3.633913;
AnkleRight;-0.7041162;-1.037406;3.486919;
AnkleLeft;-0.5954382;-1.030751;3.632333;
FootRight;-0.7709205;-1.097342;3.498169;
FootLeft;-0.6672884;-1.083717;3.646957;
Head;-0.8592774;0.6051537;3.457702;
ShoulderCenter;-0.7924439;0.4265071;3.473923;
ShoulderRight;-0.7277023;0.2776856;3.369492;
ShoulderLeft;-0.9061044;0.2362897;3.460483;
ElbowRight;-0.7959819;0.005704731;3.271227;
ElbowLeft;-0.6716521;0.1770915;3.588556;
WristRight;-0.9359679;-0.208588;3.225463;
WristLeft;-0.6311201;-0.1072161;3.602981;
HandRight;-0.9800495;-0.2835049;3.226679;
HandLeft;-0.655293;-0.1684978;3.627794;
Spine;-0.7439343;-0.01235908;3.47689;
HipCenter;-0.7543901;-0.09817226;3.442544;
HipRight;-0.7121445;-0.1447833;3.394307;
HipLeft;-0.7880269;-0.1702561;3.480266;
KneeRight;-0.7554098;-0.6472538;3.45746;
KneeLeft;-0.9416537;-0.6303287;3.608163;
AnkleRight;-0.7044135;-1.03693;3.488278;
AnkleLeft;-0.6397528;-0.9565139;3.636506;
FootRight;-0.7700478;-1.097761;3.498399;
FootLeft;-0.6591269;-1.042777;3.653651;
Head;-0.8800448;0.5042704;3.466431;
ShoulderCenter;-0.8261199;0.316996;3.464727;
ShoulderRight;-0.7505293;0.2849444;3.359317;
ShoulderLeft;-0.9397805;0.1267786;3.451287;
ElbowRight;-0.8468916;0.02954751;3.257397;
ElbowLeft;-0.7055441;0.06763492;3.579195;
WristRight;-1.005068;-0.1794598;3.219953;
WristLeft;-0.6648873;-0.2163763;3.593692;
HandRight;-1.060239;-0.254587;3.200442;
HandLeft;-0.6890575;-0.2776511;3.618502;
Spine;-0.809177;-0.02659792;3.521939;
HipCenter;-0.8215433;-0.09733968;3.501176;
HipRight;-0.7939597;-0.1613045;3.470641;
HipLeft;-0.8475456;-0.1765204;3.539083;
KneeRight;-0.7657218;-0.6513311;3.460442;
KneeLeft;-0.9686772;-0.6407592;3.612367;
AnkleRight;-0.7052615;-1.036907;3.488697;
AnkleLeft;-0.7600961;-1.011464;3.580052;
FootRight;-0.770557;-1.098052;3.498859;
FootLeft;-0.8465086;-1.069223;3.643562;
Head;-0.9073051;0.5012848;3.464432;
ShoulderCenter;-0.8518424;0.3152581;3.463408;
ShoulderRight;-0.778214;0.2836947;3.349109;
ShoulderLeft;-0.965503;0.1250407;3.449969;
ElbowRight;-0.8958957;0.04660104;3.246618;
ElbowLeft;-0.7634254;0.2347377;3.593293;
WristRight;-1.072867;-0.1617794;3.199069;
WristLeft;-0.7084943;-0.04320353;3.628117;
HandRight;-1.124275;-0.2136168;3.183878;
HandLeft;-0.7326139;-0.1043501;3.652875;
Spine;-0.8427823;0.00591525;3.520458;
HipCenter;-0.8557714;-0.05643415;3.503989;
HipRight;-0.822322;-0.1550285;3.447328;
HipLeft;-0.8812135;-0.1652333;3.578799;
KneeRight;-0.7761629;-0.6532965;3.459081;
KneeLeft;-1.015297;-0.6587132;3.624459;
AnkleRight;-0.7109711;-1.036198;3.491799;
AnkleLeft;-0.9052863;-1.028988;3.618361;
FootRight;-0.7723495;-1.100861;3.498995;
FootLeft;-0.926335;-1.114534;3.633826;
Head;-0.9424907;0.5189748;3.454988;
ShoulderCenter;-0.8946068;0.3307746;3.44999;
ShoulderRight;-0.8275579;0.283234;3.322165;
ShoulderLeft;-1.008267;0.1405572;3.43655;
ElbowRight;-0.9524323;0.06118871;3.23056;
ElbowLeft;-0.807498;0.1180264;3.611153;
WristRight;-1.145889;-0.1474572;3.188384;
WristLeft;-0.7495516;-0.1563906;3.657798;
HandRight;-1.216463;-0.1934666;3.201053;
HandLeft;-0.7736452;-0.2174712;3.682529;
Spine;-0.8799719;-0.02652176;3.504958;
HipCenter;-0.8927606;-0.09987047;3.492246;
HipRight;-0.8621138;-0.1707852;3.453916;
HipLeft;-0.9193921;-0.1802785;3.539833;
KneeRight;-0.7895625;-0.6544582;3.45302;
KneeLeft;-1.033666;-0.6584073;3.621108;
AnkleRight;-0.711668;-1.036763;3.491495;
AnkleLeft;-0.978736;-1.037269;3.64573;
FootRight;-0.7699699;-1.103601;3.496733;
FootLeft;-1.02504;-1.085818;3.565576;
Head;-1.008973;0.613799;3.437664;
ShoulderCenter;-0.9328412;0.4354455;3.435863;
ShoulderRight;-0.8495622;0.2876161;3.332579;
ShoulderLeft;-1.046502;0.2452281;3.422423;
ElbowRight;-1.010639;0.06159757;3.229203;
ElbowLeft;-0.8911695;0.1053538;3.58988;
WristRight;-1.215477;-0.1249486;3.187942;
WristLeft;-0.8241887;-0.1599243;3.662189;
HandRight;-1.306414;-0.1375064;3.211091;
HandLeft;-0.8482782;-0.2209946;3.686916;
Spine;-0.9033461;0.007121571;3.457547;
HipCenter;-0.9099817;-0.0784203;3.43814;
HipRight;-0.8660128;-0.1348625;3.387032;
HipLeft;-0.9481748;-0.1518166;3.486025;
KneeRight;-0.8036052;-0.6489031;3.446224;
KneeLeft;-1.078323;-0.6331117;3.626839;
AnkleRight;-0.7152112;-1.035847;3.491288;
AnkleLeft;-1.104679;-0.9982957;3.664258;
FootRight;-0.7744365;-1.101842;3.495431;
FootLeft;-1.202325;-1.060569;3.696062;
Head;-0.9259081;0.6306117;3.466807;
ShoulderCenter;-0.9551491;0.4361642;3.453201;
ShoulderRight;-0.8902789;0.2906745;3.328048;
ShoulderLeft;-1.06881;0.2459469;3.439761;
ElbowRight;-1.039838;0.06344376;3.216784;
ElbowLeft;-0.9086918;0.101628;3.600272;
WristRight;-1.210667;-0.06068345;3.178792;
WristLeft;-0.8441997;-0.1670662;3.664144;
HandRight;-1.29617;-0.06929234;3.202672;
HandLeft;-0.8682852;-0.2281265;3.688867;
Spine;-0.8767003;-0.03575686;3.455054;
HipCenter;-0.8759907;-0.1311186;3.431103;
HipRight;-0.8251055;-0.1545397;3.436874;
HipLeft;-0.9136176;-0.1946371;3.418766;
KneeRight;-0.8532677;-0.6401069;3.4486;
KneeLeft;-1.092217;-0.6389472;3.624008;
AnkleRight;-0.7152352;-1.035402;3.491223;
AnkleLeft;-1.221144;-1.027156;3.669245;
FootRight;-0.774102;-1.101667;3.49548;
FootLeft;-1.329351;-1.073928;3.69199;
Head;-1.100335;0.5972316;3.436767;
ShoulderCenter;-1.00579;0.4303637;3.447143;
ShoulderRight;-0.930275;0.2856703;3.333858;
ShoulderLeft;-0.9840344;0.3059917;3.304248;
ElbowRight;-1.090475;0.06358735;3.216638;
ElbowLeft;-0.9084816;0.1520834;3.505494;
WristRight;-1.295939;-0.05790653;3.20379;
WristLeft;-0.8711426;-0.1073731;3.608572;
HandRight;-1.386876;-0.07046438;3.226939;
HandLeft;-0.8952246;-0.1684242;3.633291;
Spine;-0.9820096;-0.06711975;3.451999;
HipCenter;-0.9608544;-0.1638108;3.428803;
HipRight;-0.9472544;-0.1756731;3.430335;
HipLeft;-0.9726073;-0.1763728;3.425898;
KneeRight;-0.8475133;-0.6468031;3.443312;
KneeLeft;-1.139826;-0.6425343;3.615585;
AnkleRight;-0.718326;-1.027664;3.491986;
AnkleLeft;-1.318074;-1.032073;3.666475;
FootRight;-0.7727557;-1.098273;3.493886;
FootLeft;-1.269851;-1.075508;3.584049;
Head;-1.155932;0.5876341;3.467133;
ShoulderCenter;-1.03372;0.4324199;3.452828;
ShoulderRight;-0.9538684;0.2756988;3.339777;
ShoulderLeft;-1.011965;0.308048;3.309932;
ElbowRight;-1.126862;0.06524603;3.218262;
ElbowLeft;-0.9442129;0.1473056;3.508894;
WristRight;-1.303488;-0.05285185;3.198939;
WristLeft;-0.9113699;-0.1140684;3.60902;
HandRight;-1.392187;-0.06391364;3.222143;
HandLeft;-0.9354476;-0.175109;3.633735;
Spine;-1.015604;-0.08025739;3.458464;
HipCenter;-0.9964809;-0.1810095;3.434515;
HipRight;-0.9742645;-0.189131;3.435962;
HipLeft;-1.017375;-0.207013;3.430979;
KneeRight;-0.859075;-0.6498197;3.439713;
KneeLeft;-1.173869;-0.6189681;3.606448;
AnkleRight;-0.7208235;-1.027084;3.494454;
AnkleLeft;-1.351931;-1.01229;3.664317;
FootRight;-0.7741398;-1.098914;3.493687;
FootLeft;-1.305218;-1.056145;3.580824;
Head;-1.131467;0.601463;3.440888;
ShoulderCenter;-1.082294;0.4199465;3.465191;
ShoulderRight;-1.003778;0.2627816;3.345525;
ShoulderLeft;-1.021422;0.3024712;3.305277;
ElbowRight;-1.162441;0.04944488;3.211503;
ElbowLeft;-0.9658292;0.1279902;3.497509;
WristRight;-1.341786;-0.06467219;3.201169;
WristLeft;-0.9403174;-0.1378489;3.589344;
HandRight;-1.409642;-0.06254383;3.223707;
HandLeft;-0.9643914;-0.1988797;3.614055;
Spine;-1.040252;-0.07570249;3.439659;
HipCenter;-1.005148;-0.1716122;3.430466;
HipRight;-0.9930621;-0.1855252;3.441958;
HipLeft;-1.017348;-0.1919566;3.412182;
KneeRight;-0.9152902;-0.6585337;3.449942;
KneeLeft;-1.226261;-0.6371123;3.599248;
AnkleRight;-0.7258707;-1.026185;3.496321;
AnkleLeft;-1.391192;-1.024992;3.666345;
FootRight;-0.6336572;-1.068565;3.46935;
FootLeft;-1.298979;-1.067372;3.639374;
Head;-1.204537;0.5821919;3.443845;
ShoulderCenter;-1.107508;0.4145028;3.451326;
ShoulderRight;-1.049675;0.2609122;3.342972;
ShoulderLeft;-1.106113;0.2420674;3.275432;
ElbowRight;-1.182344;0.0529686;3.222504;
ElbowLeft;-1.031009;0.1022335;3.48568;
WristRight;-1.354238;-0.07203109;3.201439;
WristLeft;-0.9942502;-0.1557732;3.592357;
HandRight;-1.411235;-0.05990846;3.225765;
HandLeft;-1.01832;-0.2167938;3.617064;
Spine;-1.054052;-0.0857287;3.444928;
HipCenter;-1.018722;-0.1798695;3.4263;
HipRight;-1.002788;-0.1930481;3.439978;
HipLeft;-1.030318;-0.202398;3.408534;
KneeRight;-0.9299983;-0.6615766;3.447925;
KneeLeft;-1.249604;-0.6418293;3.600409;
AnkleRight;-0.7320765;-1.026062;3.496727;
AnkleLeft;-1.390409;-1.023501;3.664858;
FootRight;-0.7813433;-1.100057;3.493979;
FootLeft;-1.319188;-1.065266;3.600582;
Head;-1.237783;0.5934345;3.455936;
ShoulderCenter;-1.170422;0.4105271;3.460661;
ShoulderRight;-1.077074;0.2590189;3.349152;
ShoulderLeft;-1.16132;0.2397556;3.289032;
ElbowRight;-1.19178;0.07359175;3.233444;
ElbowLeft;-1.075274;0.09925948;3.495365;
WristRight;-1.34781;-0.06976368;3.199097;
WristLeft;-1.032524;-0.1583493;3.601337;
HandRight;-1.412272;-0.05799783;3.225507;
HandLeft;-1.05659;-0.2193604;3.62604;
Spine;-1.100634;-0.0809477;3.452163;
HipCenter;-1.065811;-0.1732947;3.424668;
HipRight;-1.036597;-0.1938516;3.444822;
HipLeft;-1.080387;-0.2081217;3.398536;
KneeRight;-0.9674249;-0.6738299;3.441987;
KneeLeft;-1.307632;-0.6599052;3.621567;
AnkleRight;-0.7383597;-1.026261;3.497602;
AnkleLeft;-1.395538;-1.024486;3.663958;
FootRight;-0.6853534;-1.067596;3.417448;
FootLeft;-1.342531;-1.065821;3.583804;
Head;-1.259718;0.5943117;3.454176;
ShoulderCenter;-1.18938;0.4125533;3.460686;
ShoulderRight;-1.116759;0.2608307;3.352426;
ShoulderLeft;-1.180277;0.2417818;3.289057;
ElbowRight;-1.209835;0.07340731;3.239374;
ElbowLeft;-1.105548;0.08771975;3.490904;
WristRight;-1.360428;-0.07473324;3.197958;
WristLeft;-1.073319;-0.1787661;3.580125;
HandRight;-1.426119;-0.06245642;3.225512;
HandLeft;-1.097382;-0.2397684;3.604825;
Spine;-1.149967;-0.07646654;3.449992;
HipCenter;-1.116976;-0.1684285;3.423557;
HipRight;-1.099198;-0.1832578;3.409615;
HipLeft;-1.129009;-0.193357;3.43393;
KneeRight;-1.045575;-0.6688424;3.451804;
KneeLeft;-1.344666;-0.6641579;3.63117;
AnkleRight;-0.7826093;-1.001343;3.492141;
AnkleLeft;-1.406018;-1.024686;3.659664;
FootRight;-0.8371417;-1.08775;3.502907;
FootLeft;-1.340734;-1.06654;3.589306;
Head;-1.315868;0.5895228;3.468175;
ShoulderCenter;-1.24183;0.4068251;3.467065;
ShoulderRight;-1.149733;0.2819695;3.421117;
ShoulderLeft;-1.232728;0.2360536;3.295436;
ElbowRight;-1.229868;0.07461558;3.251457;
ElbowLeft;-1.154074;0.09392567;3.503617;
WristRight;-1.410742;-0.1076048;3.240594;
WristLeft;-1.121045;-0.1725177;3.592935;
HandRight;-1.501679;-0.1201626;3.263743;
HandLeft;-1.145104;-0.2335104;3.617631;
Spine;-1.270383;-0.06571026;3.494244;
HipCenter;-1.243791;-0.1603242;3.482092;
HipRight;-1.223431;-0.1821168;3.507528;
HipLeft;-1.26439;-0.207493;3.45664;
KneeRight;-1.115977;-0.670752;3.446553;
KneeLeft;-1.40013;-0.6655184;3.639153;
AnkleRight;-0.8229395;-0.9872512;3.484458;
AnkleLeft;-1.408271;-1.023962;3.659065;
FootRight;-0.8777629;-1.084769;3.528891;
FootLeft;-1.463933;-1.093254;3.663095;
Head;-1.377474;0.594381;3.488805;
ShoulderCenter;-1.286795;0.4171324;3.479697;
ShoulderRight;-1.216237;0.2648458;3.360154;
ShoulderLeft;-1.277693;0.246361;3.308068;
ElbowRight;-1.306443;-0.004703075;3.283054;
ElbowLeft;-1.182307;0.08597207;3.497873;
WristRight;-1.474111;-0.1827267;3.262333;
WristLeft;-1.145876;-0.1861143;3.570323;
HandRight;-1.534792;-0.2515321;3.26226;
HandLeft;-1.169923;-0.2470765;3.595006;
Spine;-1.291854;0.02171087;3.503224;
HipCenter;-1.269574;-0.05593067;3.483809;
HipRight;-1.25053;-0.1412551;3.405041;
HipLeft;-1.281855;-0.1461669;3.558372;
KneeRight;-1.192909;-0.6622605;3.444707;
KneeLeft;-1.426982;-0.6684155;3.62858;
AnkleRight;-0.8759567;-0.9695788;3.48875;
AnkleLeft;-1.418108;-1.026846;3.660269;
FootRight;-0.8962813;-1.063643;3.491665;
FootLeft;-1.459777;-1.105108;3.660077;
Head;-1.401926;0.5959479;3.561554;
ShoulderCenter;-1.308688;0.4196661;3.481454;
ShoulderRight;-1.234038;0.2695078;3.360817;
ShoulderLeft;-1.215139;0.3459026;3.402408;
ElbowRight;-1.307077;-0.005461574;3.286329;
ElbowLeft;-1.189613;0.1285878;3.55987;
WristRight;-1.475537;-0.1968734;3.264668;
WristLeft;-1.180667;-0.1493693;3.619531;
HandRight;-1.521435;-0.2797827;3.263789;
HandLeft;-1.204721;-0.2103484;3.644221;
Spine;-1.264872;0.01283728;3.45679;
HipCenter;-1.288478;-0.07186203;3.472886;
HipRight;-1.297068;-0.1279566;3.422797;
HipLeft;-1.288567;-0.1273062;3.509341;
KneeRight;-1.280791;-0.6392852;3.449742;
KneeLeft;-1.425811;-0.6464764;3.533698;
AnkleRight;-0.948216;-0.9384522;3.484826;
AnkleLeft;-1.422227;-1.028034;3.660405;
FootRight;-0.9587917;-1.056768;3.500644;
FootLeft;-1.458305;-1.108926;3.659811;
Head;-1.438635;0.6092941;3.549426;
ShoulderCenter;-1.362177;0.4214697;3.506814;
ShoulderRight;-1.277076;0.2704653;3.376602;
ShoulderLeft;-1.256712;0.3464183;3.426405;
ElbowRight;-1.317666;-0.009875417;3.294695;
ElbowLeft;-1.221562;0.1180343;3.568481;
WristRight;-1.464321;-0.2212976;3.275855;
WristLeft;-1.210199;-0.1629406;3.615517;
HandRight;-1.493221;-0.3116016;3.279073;
HandLeft;-1.234278;-0.2239845;3.640234;
Spine;-1.296521;0.01195403;3.460088;
HipCenter;-1.312795;-0.07462576;3.474779;
HipRight;-1.311539;-0.12266;3.428421;
HipLeft;-1.304338;-0.1270674;3.509632;
KneeRight;-1.348056;-0.6581495;3.464631;
KneeLeft;-1.446968;-0.6677652;3.529158;
AnkleRight;-1.027895;-0.9518307;3.491209;
AnkleLeft;-1.423666;-1.028293;3.66114;
FootRight;-1.062819;-1.033283;3.491672;
FootLeft;-1.456158;-1.110737;3.659823;
Head;-1.455989;0.5275002;3.542816;
ShoulderCenter;-1.381242;0.338806;3.495078;
ShoulderRight;-1.300453;0.2719341;3.381127;
ShoulderLeft;-1.276659;0.2637655;3.415176;
ElbowRight;-1.320609;-0.0102644;3.29833;
ElbowLeft;-1.274633;0.1028422;3.623949;
WristRight;-1.449112;-0.2385754;3.280784;
WristLeft;-1.275498;-0.177452;3.674155;
HandRight;-1.469788;-0.3163315;3.263255;
HandLeft;-1.299546;-0.2384166;3.69884;
Spine;-1.317506;-0.0174928;3.455303;
HipCenter;-1.331914;-0.09318189;3.471096;
HipRight;-1.327412;-0.1268948;3.426917;
HipLeft;-1.325806;-0.1551618;3.506024;
KneeRight;-1.39793;-0.6596391;3.477546;
KneeLeft;-1.431262;-0.7050043;3.510018;
AnkleRight;-1.109982;-0.950167;3.501392;
AnkleLeft;-1.408336;-0.97435;3.676514;
FootRight;-1.144905;-1.031618;3.501855;
FootLeft;-1.435634;-1.07458;3.659146;
Head;-1.461157;0.5443935;3.496879;
ShoulderCenter;-1.399159;0.3319685;3.491766;
ShoulderRight;-1.335956;0.2695105;3.384467;
ShoulderLeft;-1.294576;0.2569281;3.411864;
ElbowRight;-1.349878;-0.01570058;3.32354;
ElbowLeft;-1.292553;0.09633085;3.620237;
WristRight;-1.426635;-0.2352491;3.286445;
WristLeft;-1.293414;-0.1833329;3.670621;
HandRight;-1.426785;-0.3048293;3.280771;
HandLeft;-1.317386;-0.2441066;3.695228;
Spine;-1.33323;-0.02997138;3.449633;
HipCenter;-1.340877;-0.1085109;3.474511;
HipRight;-1.335496;-0.1479662;3.423182;
HipLeft;-1.336812;-0.1910808;3.523364;
KneeRight;-1.492327;-0.6306583;3.470878;
KneeLeft;-1.437419;-0.5884637;3.652541;
AnkleRight;-1.202995;-0.9638207;3.507471;
AnkleLeft;-1.425766;-1.028886;3.658381;
FootRight;-1.255701;-1.051473;3.505601;
FootLeft;-1.477956;-1.081435;3.731144;
Head;-1.494632;0.6192734;3.502423;
ShoulderCenter;-1.447826;0.4261848;3.50015;
ShoulderRight;-1.362229;0.271665;3.387594;
ShoulderLeft;-1.343243;0.3511443;3.420248;
ElbowRight;-1.349707;-0.01312686;3.321001;
ElbowLeft;-1.34121;0.1897939;3.629692;
WristRight;-1.392743;-0.221245;3.287514;
WristLeft;-1.342084;-0.09132664;3.679737;
HandRight;-1.408365;-0.3145379;3.288586;
HandLeft;-1.366093;-0.1521951;3.704382;
Spine;-1.420068;0.01930916;3.468453;
HipCenter;-1.444102;-0.06350921;3.486542;
HipRight;-1.447034;-0.1061258;3.435677;
HipLeft;-1.440367;-0.1265029;3.531198;
KneeRight;-1.559965;-0.6506065;3.461951;
KneeLeft;-1.477275;-0.6254565;3.652568;
AnkleRight;-1.311974;-0.9790782;3.523747;
AnkleLeft;-1.411933;-1.059957;3.515655;
FootRight;-1.389971;-1.066407;3.546056;
FootLeft;-1.440214;-1.142356;3.528785;
Head;-1.536491;0.5717885;3.498004;
ShoulderCenter;-1.487337;0.3487151;3.492898;
ShoulderRight;-1.401615;0.2746125;3.382959;
ShoulderLeft;-1.382754;0.2736746;3.412996;
ElbowRight;-1.361904;-0.0110119;3.322327;
ElbowLeft;-1.355678;0.04704025;3.562069;
WristRight;-1.392532;-0.2227857;3.294388;
WristLeft;-1.350805;-0.2398088;3.589296;
HandRight;-1.383751;-0.3170522;3.299778;
HandLeft;-1.374874;-0.3008252;3.614002;
Spine;-1.436535;-0.100262;3.459578;
HipCenter;-1.456929;-0.1929141;3.475728;
HipRight;-1.456572;-0.1850342;3.473297;
HipLeft;-1.45669;-0.2114271;3.477524;
KneeRight;-1.637375;-0.6011865;3.446337;
KneeLeft;-1.494729;-0.6438514;3.666856;
AnkleRight;-1.439609;-0.9946046;3.522339;
AnkleLeft;-1.387165;-1.017751;3.593516;
FootRight;-1.510446;-1.083298;3.507036;
FootLeft;-1.423175;-1.095724;3.613544;
Head;-1.56153;0.6246502;3.48989;
ShoulderCenter;-1.516703;0.4317274;3.491172;
ShoulderRight;-1.429488;0.2740238;3.380286;
ShoulderLeft;-1.41212;0.356687;3.41127;
ElbowRight;-1.368329;-0.007995784;3.321658;
ElbowLeft;-1.389392;0.1155281;3.540864;
WristRight;-1.369147;-0.289582;3.310579;
WristLeft;-1.602696;-0.04080479;3.64466;
HandRight;-1.353198;-0.3578686;3.308587;
HandLeft;-1.652733;-0.08913809;3.653694;
Spine;-1.470479;-0.06020435;3.452229;
HipCenter;-1.485948;-0.164372;3.471575;
HipRight;-1.484594;-0.1738306;3.468431;
HipLeft;-1.475042;-0.1979775;3.474383;
KneeRight;-1.686913;-0.6158798;3.441753;
KneeLeft;-1.498905;-0.6493904;3.667924;
AnkleRight;-1.515031;-1.019664;3.525715;
AnkleLeft;-1.443796;-1.032025;3.633875;
FootRight;-1.613332;-1.073259;3.484747;
FootLeft;-1.479778;-1.109936;3.653887;
Head;-1.59586;0.5594237;3.491796;
ShoulderCenter;-1.542147;0.3466857;3.472267;
ShoulderRight;-1.469872;0.2699237;3.377391;
ShoulderLeft;-1.437564;0.2716453;3.392366;
ElbowRight;-1.381956;-0.006872714;3.323624;
ElbowLeft;-1.429654;0.07814667;3.58022;
WristRight;-1.385222;-0.2221472;3.30233;
WristLeft;-1.663088;-0.0604191;3.670937;
HandRight;-1.365657;-0.3148674;3.310252;
HandLeft;-1.695817;-0.1138622;3.639114;
Spine;-1.502447;-0.1003733;3.436514;
HipCenter;-1.505421;-0.1878392;3.466774;
HipRight;-1.50428;-0.1858206;3.463319;
HipLeft;-1.498382;-0.209359;3.470688;
KneeRight;-1.722275;-0.6209121;3.438693;
KneeLeft;-1.547912;-0.651553;3.657755;
AnkleRight;-1.897828;-0.9712937;3.401236;
AnkleLeft;-1.441961;-1.041693;3.673348;
FootRight;-1.936049;-1.020635;3.483922;
FootLeft;-1.477916;-1.119548;3.693347;
Head;-1.640719;0.5612043;3.490565;
ShoulderCenter;-1.588322;0.3522626;3.486958;
ShoulderRight;-1.5003;0.261699;3.369268;
ShoulderLeft;-1.483739;0.2772222;3.407056;
ElbowRight;-1.395072;-0.00907141;3.322967;
ElbowLeft;-1.462231;0.1017114;3.608306;
WristRight;-1.36176;-0.2641432;3.295671;
WristLeft;-1.69987;-0.04165906;3.680486;
HandRight;-1.330197;-0.326837;3.293557;
HandLeft;-1.749174;-0.08810723;3.661969;
Spine;-1.530209;-0.09385068;3.447609;
HipCenter;-1.555066;-0.1857906;3.458685;
HipRight;-1.556586;-0.188141;3.440326;
HipLeft;-1.551813;-0.2110094;3.474808;
KneeRight;-1.731672;-0.6113507;3.435209;
KneeLeft;-1.535152;-0.6503586;3.670915;
AnkleRight;-1.892248;-0.9994862;3.414627;
AnkleLeft;-1.442685;-1.043576;3.676445;
FootRight;-1.974068;-1.049678;3.453424;
FootLeft;-1.478618;-1.121382;3.69643;
Head;-1.658125;0.5565842;3.482412;
ShoulderCenter;-1.605732;0.3477558;3.472199;
ShoulderRight;-1.540928;0.2648624;3.370358;
ShoulderLeft;-1.50115;0.2727154;3.392297;
ElbowRight;-1.406033;0.00832361;3.323545;
ElbowLeft;-1.483843;0.1076755;3.600805;
WristRight;-1.370233;-0.2795305;3.32099;
WristLeft;-1.724794;-0.02140443;3.683539;
HandRight;-1.333377;-0.3385918;3.312746;
HandLeft;-1.729802;-0.07114957;3.634398;
Spine;-1.56323;-0.09976549;3.433514;
HipCenter;-1.572054;-0.1913295;3.460819;
HipRight;-1.582457;-0.1897778;3.454444;
HipLeft;-1.564309;-0.2148748;3.469747;
KneeRight;-1.761362;-0.559268;3.429504;
KneeLeft;-1.535173;-0.6503272;3.66982;
AnkleRight;-1.958738;-0.9669073;3.388965;
AnkleLeft;-1.442497;-1.045223;3.676263;
FootRight;-2.00759;-1.028577;3.468589;
FootLeft;-1.478408;-1.122981;3.696236;
Head;-1.747668;0.5658633;3.430022;
ShoulderCenter;-1.652038;0.4061682;3.465132;
ShoulderRight;-1.572396;0.2506513;3.365282;
ShoulderLeft;-1.547454;0.3311277;3.385231;
ElbowRight;-1.44583;-0.009891838;3.326183;
ElbowLeft;-1.530007;0.1711307;3.596575;
WristRight;-1.410006;-0.2210625;3.308094;
WristLeft;-1.76058;0.01660268;3.664816;
HandRight;-1.373199;-0.2800448;3.299861;
HandLeft;-1.775818;-0.02904332;3.613967;
Spine;-1.598196;-0.06577968;3.42125;
HipCenter;-1.599829;-0.1662901;3.449862;
HipRight;-1.609287;-0.1858184;3.41629;
HipLeft;-1.581605;-0.2064408;3.475199;
KneeRight;-1.763406;-0.5649309;3.429413;
KneeLeft;-1.538893;-0.6527896;3.670187;
AnkleRight;-1.933693;-0.9838127;3.430945;
AnkleLeft;-1.445096;-1.046194;3.675638;
FootRight;-1.978338;-1.046313;3.513085;
FootLeft;-1.476769;-1.127279;3.687825;
Head;-1.762233;0.571275;3.417122;
ShoulderCenter;-1.695257;0.4039578;3.464838;
ShoulderRight;-1.620848;0.2421365;3.364559;
ShoulderLeft;-1.68615;0.2942028;3.354353;
ElbowRight;-1.457931;0.003295302;3.323137;
ElbowLeft;-1.61252;0.1460479;3.562143;
WristRight;-1.435614;-0.2093809;3.311486;
WristLeft;-1.820908;-0.02137513;3.657836;
HandRight;-1.426685;-0.2786885;3.308645;
HandLeft;-1.83613;-0.06697412;3.607039;
Spine;-1.64057;-0.08193259;3.478578;
HipCenter;-1.623155;-0.1773845;3.450224;
HipRight;-1.612624;-0.1918909;3.423189;
HipLeft;-1.642773;-0.2082634;3.46663;
KneeRight;-1.749269;-0.5706271;3.484706;
KneeLeft;-1.61186;-0.6294989;3.649514;
AnkleRight;-1.761465;-0.9764236;3.452059;
AnkleLeft;-1.448979;-1.046706;3.672503;
FootRight;-1.862747;-1.021261;3.408968;
FootLeft;-1.476212;-1.13012;3.676656;
Head;-1.767558;0.5743943;3.414332;
ShoulderCenter;-1.70534;0.4037949;3.459136;
ShoulderRight;-1.637654;0.2424329;3.357291;
ShoulderLeft;-1.693687;0.2941289;3.349296;
ElbowRight;-1.498026;-0.007480318;3.315269;
ElbowLeft;-1.637468;0.1480948;3.562444;
WristRight;-1.485362;-0.2430524;3.320555;
WristLeft;-1.849493;-0.0157349;3.65502;
HandRight;-1.465274;-0.3097836;3.316267;
HandLeft;-1.86469;-0.06125781;3.604308;
Spine;-1.66437;-0.09276763;3.479432;
HipCenter;-1.65044;-0.1913606;3.453819;
HipRight;-1.645036;-0.2049075;3.453905;
HipLeft;-1.656681;-0.2172202;3.458848;
KneeRight;-1.764972;-0.5940496;3.479527;
KneeLeft;-1.613075;-0.6328556;3.649282;
AnkleRight;-1.772777;-0.9815706;3.447356;
AnkleLeft;-1.462436;-1.049264;3.673262;
FootRight;-1.873986;-1.026376;3.404296;
FootLeft;-1.477714;-1.135704;3.672707;
Head;-1.774072;0.5262632;3.357946;
ShoulderCenter;-1.729435;0.3931921;3.459316;
ShoulderRight;-1.663782;0.2202148;3.350342;
ShoulderLeft;-1.716849;0.2837749;3.349018;
ElbowRight;-1.541026;-0.0397991;3.322469;
ElbowLeft;-1.660049;0.1283383;3.555734;
WristRight;-1.545893;-0.2524593;3.29372;
WristLeft;-1.880848;-0.03166266;3.634623;
HandRight;-1.525818;-0.319147;3.289434;
HandLeft;-1.896036;-0.07715537;3.583944;
Spine;-1.677532;-0.1094233;3.486484;
HipCenter;-1.665375;-0.2091487;3.462945;
HipRight;-1.65063;-0.2152559;3.458574;
HipLeft;-1.678221;-0.2429298;3.467906;
KneeRight;-1.817091;-0.5871357;3.479097;
KneeLeft;-1.641851;-0.6596223;3.65325;
AnkleRight;-2.001203;-0.9984493;3.488934;
AnkleLeft;-1.471559;-1.039651;3.668637;
FootRight;-2.001519;-1.055084;3.397183;
FootLeft;-1.486886;-1.125899;3.664114;
Head;-1.780009;0.5046072;3.348487;
ShoulderCenter;-1.730917;0.3724824;3.449799;
ShoulderRight;-1.681878;0.1705757;3.34792;
ShoulderLeft;-1.706006;0.1226234;3.312157;
ElbowRight;-1.612898;-0.04784478;3.32627;
ElbowLeft;-1.670838;-0.07224291;3.361195;
WristRight;-1.746596;-0.2312047;3.31276;
WristLeft;-1.545016;-0.3310776;3.330981;
HandRight;-1.759737;-0.324694;3.317261;
HandLeft;-1.488719;-0.363722;3.305578;
Spine;-1.721149;-0.1061098;3.492965;
HipCenter;-1.699416;-0.1985269;3.492934;
HipRight;-1.693297;-0.229963;3.556526;
HipLeft;-1.699686;-0.3168991;3.440585;
KneeRight;-1.826408;-0.6097357;3.471674;
KneeLeft;-1.65047;-0.6746173;3.656388;
AnkleRight;-1.97386;-1.030423;3.364836;
AnkleLeft;-1.496276;-1.02328;3.662477;
FootRight;-1.902464;-1.087734;3.308983;
FootLeft;-1.509946;-1.109642;3.656082;
Head;-1.730458;0.3007805;3.514178;
ShoulderCenter;-1.740247;0.1366343;3.587874;
ShoulderRight;-1.690499;-0.05535235;3.490574;
ShoulderLeft;-1.708585;0.009055871;3.352071;
ElbowRight;-1.704397;-0.1476846;3.270201;
ElbowLeft;-1.728614;-0.2021258;3.335496;
WristRight;-1.787994;-0.3220402;3.343377;
WristLeft;-1.591863;-0.3647097;3.326004;
HandRight;-1.775997;-0.3733001;3.329426;
HandLeft;-1.542133;-0.4126486;3.335643;
Spine;-1.72887;-0.2259394;3.647978;
HipCenter;-1.694061;-0.2953525;3.660862;
HipRight;-1.682702;-0.3054412;3.707072;
HipLeft;-1.694378;-0.3885433;3.628514;
KneeRight;-1.799221;-0.6886394;3.614018;
KneeLeft;-1.689951;-0.7913811;3.678392;
AnkleRight;-1.797784;-1.045195;3.601122;
AnkleLeft;-1.517015;-1.002682;3.650728;
FootRight;-1.686552;-1.047953;3.641768;
FootLeft;-1.458288;-1.049899;3.695313;
Head;-1.775808;0.2130081;3.534302;
ShoulderCenter;-1.755304;0.02259302;3.555167;
ShoulderRight;-1.705556;-0.1693937;3.457867;
ShoulderLeft;-1.723642;-0.1049854;3.319364;
ElbowRight;-1.711381;-0.07638875;3.237841;
ElbowLeft;-1.753034;-0.3120647;3.325398;
WristRight;-1.781359;-0.2848416;3.32724;
WristLeft;-1.548419;-0.3632439;3.287637;
HandRight;-1.792522;-0.3644824;3.33432;
HandLeft;-1.480214;-0.3803037;3.28005;
Spine;-1.821386;-0.1942123;3.67622;
HipCenter;-1.804296;-0.24696;3.695775;
HipRight;-1.77512;-0.2629169;3.754285;
HipLeft;-1.845403;-0.2966518;3.667856;
KneeRight;-1.791225;-0.6862244;3.623502;
KneeLeft;-1.812531;-0.6934972;3.515884;
AnkleRight;-1.811939;-1.115628;3.595786;
AnkleLeft;-1.577277;-1.008593;3.641851;
FootRight;-1.700821;-1.118384;3.636391;
FootLeft;-1.496179;-1.067753;3.619222;
Head;-1.780345;-0.6565938;3.617897;
ShoulderCenter;-1.759797;-0.8474105;3.638896;
ShoulderRight;-1.710049;-1.039397;3.541596;
ShoulderLeft;-1.728135;-0.9749889;3.403093;
ElbowRight;-1.736481;-0.7538681;3.494843;
ElbowLeft;-1.75737;-0.6910017;3.405607;
WristRight;-1.844286;-0.4876437;3.474588;
WristLeft;-1.671405;-0.4643282;3.440582;
HandRight;-1.809013;-0.422392;3.38585;
HandLeft;-1.642751;-0.3887703;3.45724;
Spine;-1.764459;-0.4504567;3.614614;
HipCenter;-1.797954;-0.3734396;3.616574;
HipRight;-1.794649;-0.3344616;3.611463;
HipLeft;-1.803913;-0.3794634;3.61909;
KneeRight;-1.866919;-0.7344338;3.625845;
KneeLeft;-1.86639;-0.7731955;3.519615;
AnkleRight;-1.8651;-1.039129;3.588966;
AnkleLeft;-1.588852;-1.00953;3.637702;
FootRight;-1.955354;-1.088143;3.597244;
FootLeft;-1.679106;-1.058544;3.64598;
Head;-1.790245;-0.6737583;3.617719;
ShoulderCenter;-1.769714;-0.8644186;3.638752;
ShoulderRight;-1.719966;-1.056405;3.541452;
ShoulderLeft;-1.738052;-0.9919971;3.402949;
ElbowRight;-1.762984;-0.7728984;3.521641;
ElbowLeft;-1.794634;-0.7248777;3.461673;
WristRight;-1.887246;-0.5163439;3.539185;
WristLeft;-1.695004;-0.5894578;3.575957;
HandRight;-1.864075;-0.4286809;3.455589;
HandLeft;-1.661794;-0.5443178;3.619042;
Spine;-1.849326;-0.779761;3.660436;
HipCenter;-1.882249;-0.7863975;3.658908;
HipRight;-1.894608;-0.7997121;3.691361;
HipLeft;-1.906636;-0.7427222;3.62824;
KneeRight;-1.82201;-1.345284;3.648391;
KneeLeft;-1.941777;-1.1246;3.475966;
AnkleRight;-1.679891;-1.07834;3.635772;
AnkleLeft;-1.635718;-1.002097;3.616629;
FootRight;-1.620836;-1.082589;3.70024;
FootLeft;-1.573978;-1.044129;3.662269;
Head;-1.841244;-0.6352344;3.669274;
ShoulderCenter;-1.801355;-0.8322035;3.649515;
ShoulderRight;-1.751607;-1.02419;3.552215;
ShoulderLeft;-1.769693;-0.959782;3.413712;
ElbowRight;-1.792218;-0.7407224;3.532473;
ElbowLeft;-1.822907;-0.691929;3.471091;
WristRight;-1.910977;-0.4819316;3.549453;
WristLeft;-1.727017;-0.5499762;3.580665;
HandRight;-1.891014;-0.3851631;3.466851;
HandLeft;-1.695053;-0.5026585;3.62217;
Spine;-1.742904;-0.8354441;3.689405;
HipCenter;-1.751669;-0.8143961;3.713857;
HipRight;-1.7375;-0.8141026;3.754062;
HipLeft;-1.732391;-0.803775;3.705863;
KneeRight;-1.685101;-1.341101;3.608431;
KneeLeft;-1.854296;-1.348603;3.555287;
AnkleRight;-1.647341;-0.8931441;3.62489;
AnkleLeft;-1.549638;-1.241318;3.690539;
FootRight;-1.591164;-0.8667529;3.686525;
FootLeft;-1.48794;-1.283322;3.736148;
