Floor;-0.0001222757;0.9999442;0.01057102;1.047219;
Head;1.425312;0.6403478;3.787897;
ShoulderCenter;1.521248;0.4308866;3.746312;
ShoulderRight;1.581298;0.3129587;3.614039;
ShoulderLeft;1.442371;0.2542676;3.873876;
ElbowRight;1.603226;0.05680764;3.519728;
ElbowLeft;1.444739;-0.06277145;3.867279;
WristRight;1.510215;-0.2173333;3.481246;
WristLeft;1.447717;-0.2683229;3.99242;
HandRight;1.48773;-0.303151;3.445487;
HandLeft;1.439815;-0.3279311;4.029603;
Spine;1.499237;0.06768481;3.756538;
HipCenter;1.494835;-0.004955545;3.761902;
HipRight;1.52209;-0.0578188;3.705376;
HipLeft;1.459573;-0.08422979;3.819038;
KneeRight;1.534603;-0.6740764;3.583153;
KneeLeft;1.477103;-0.6657254;3.806712;
AnkleRight;1.554706;-0.9212493;3.204338;
AnkleLeft;1.58615;-0.9065757;3.440034;
FootRight;1.46801;-0.9675592;3.158578;
FootLeft;1.513361;-0.9946513;3.489935;
Head;1.409735;0.6508977;3.78369;
ShoulderCenter;1.500684;0.431497;3.745405;
ShoulderRight;1.550601;0.3115228;3.602488;
ShoulderLeft;1.422742;0.2525963;3.813806;
ElbowRight;1.548401;0.05165927;3.514033;
ElbowLeft;1.397023;-0.04904241;3.812825;
WristRight;1.446129;-0.2041537;3.467603;
WristLeft;1.381251;-0.2921403;3.829206;
HandRight;1.389537;-0.2786904;3.425653;
HandLeft;1.347594;-0.3495218;3.838616;
Spine;1.476098;0.06246305;3.712584;
HipCenter;1.473476;-0.01141188;3.709459;
HipRight;1.498582;-0.05601053;3.653351;
HipLeft;1.444269;-0.08237668;3.752798;
KneeRight;1.534793;-0.6755011;3.585473;
KneeLeft;1.443082;-0.6747826;3.810253;
AnkleRight;1.517424;-1.032347;3.547494;
AnkleLeft;1.541753;-1.053062;3.546639;
FootRight;1.432425;-1.090014;3.524541;
FootLeft;1.49711;-1.078529;3.664453;
Head;1.377775;0.6574529;3.799205;
ShoulderCenter;1.461606;0.4341756;3.765461;
ShoulderRight;1.513939;0.3226601;3.602213;
ShoulderLeft;1.374262;0.2614606;3.861334;
ElbowRight;1.486713;0.07645378;3.510564;
ElbowLeft;1.341267;-0.03603899;3.838824;
WristRight;1.364749;-0.1808823;3.480644;
WristLeft;1.388428;-0.2729327;3.842978;
HandRight;1.292036;-0.2395661;3.433599;
HandLeft;1.404149;-0.3518972;3.849189;
Spine;1.442037;-0.006899595;3.737108;
HipCenter;1.438814;-0.095162;3.734699;
HipRight;1.466888;-0.1416487;3.678475;
HipLeft;1.406314;-0.1698813;3.78025;
KneeRight;1.519879;-0.6821262;3.590435;
KneeLeft;1.367731;-0.6538253;3.835758;
AnkleRight;1.500557;-1.03925;3.589655;
AnkleLeft;1.508081;-1.035864;3.609004;
FootRight;1.431713;-1.094049;3.515364;
FootLeft;1.448578;-1.079711;3.714929;
Head;1.337608;0.6526439;3.795408;
ShoulderCenter;1.433013;0.4356779;3.748052;
ShoulderRight;1.464196;0.3151721;3.588798;
ShoulderLeft;1.351711;0.2614997;3.86736;
ElbowRight;1.462087;0.0924845;3.48607;
ElbowLeft;1.309277;-0.01517674;3.748761;
WristRight;1.255593;-0.1457848;3.432208;
WristLeft;1.336942;0.03756703;3.507256;
HandRight;1.170786;-0.2392718;3.388932;
HandLeft;1.346164;0.05514828;3.431524;
Spine;1.411942;0.06065765;3.71331;
HipCenter;1.409039;-0.01441531;3.71062;
HipRight;1.434566;-0.05661051;3.659305;
HipLeft;1.379316;-0.08075508;3.750384;
KneeRight;1.490282;-0.6686651;3.573877;
KneeLeft;1.308808;-0.6325603;3.820362;
AnkleRight;1.50496;-1.044369;3.568442;
AnkleLeft;1.394329;-1.063574;3.774184;
FootRight;1.434162;-1.090541;3.523341;
FootLeft;1.310613;-1.100236;3.799476;
Head;1.308261;0.6569701;3.800255;
ShoulderCenter;1.382326;0.4331261;3.764343;
ShoulderRight;1.443862;0.3177381;3.595402;
ShoulderLeft;1.297289;0.2586211;3.890584;
ElbowRight;1.429978;0.1172203;3.455714;
ElbowLeft;1.26961;-0.01804206;3.723448;
WristRight;1.206027;-0.09533356;3.408045;
WristLeft;1.194189;0.07376882;3.427364;
HandRight;1.155014;-0.1455755;3.389955;
HandLeft;1.169049;0.1043725;3.333577;
Spine;1.381636;-0.03236511;3.704334;
HipCenter;1.381498;-0.1254634;3.695931;
HipRight;1.411927;-0.1555935;3.660425;
HipLeft;1.350938;-0.1828232;3.718416;
KneeRight;1.472351;-0.6613474;3.577466;
KneeLeft;1.26426;-0.6426098;3.810538;
AnkleRight;1.509489;-1.046115;3.565898;
AnkleLeft;1.310806;-1.028369;3.757769;
FootRight;1.413599;-1.102699;3.504883;
FootLeft;1.263362;-1.089436;3.810931;
Head;1.214115;0.6177475;3.777443;
ShoulderCenter;1.354642;0.4314632;3.765488;
ShoulderRight;1.393139;0.3129496;3.602579;
ShoulderLeft;1.269605;0.2569582;3.891729;
ElbowRight;1.369892;0.1225304;3.452402;
ElbowLeft;1.228753;-0.0424943;3.810373;
WristRight;1.136394;-0.07191272;3.396111;
WristLeft;1.123551;-0.08564404;3.510576;
HandRight;1.091254;-0.1295738;3.379389;
HandLeft;1.07222;-0.1682559;3.481117;
Spine;1.347544;-0.0359774;3.715591;
HipCenter;1.345754;-0.1295478;3.709661;
HipRight;1.37504;-0.1622946;3.671784;
HipLeft;1.314121;-0.1880928;3.736734;
KneeRight;1.466442;-0.6716952;3.578588;
KneeLeft;1.196799;-0.6362286;3.797703;
AnkleRight;1.500309;-1.045885;3.559454;
AnkleLeft;1.169376;-1.018403;3.728741;
FootRight;1.41095;-1.104572;3.499411;
FootLeft;1.10753;-1.073395;3.772514;
Head;1.196597;0.6315867;3.814371;
ShoulderCenter;1.309776;0.426513;3.750688;
ShoulderRight;1.362726;0.3151374;3.603373;
ShoulderLeft;1.224739;0.2520081;3.876929;
ElbowRight;1.303091;0.1109861;3.492889;
ElbowLeft;1.208984;-0.04809093;3.805314;
WristRight;1.070484;-0.0635559;3.391195;
WristLeft;1.083121;-0.1111155;3.521413;
HandRight;0.9342629;-0.1820266;3.373497;
HandLeft;0.9461435;-0.1772271;3.360581;
Spine;1.31675;-0.02193057;3.709915;
HipCenter;1.316728;-0.1117784;3.705057;
HipRight;1.34228;-0.1332513;3.679904;
HipLeft;1.283756;-0.1621213;3.720222;
KneeRight;1.451283;-0.6679009;3.584214;
KneeLeft;1.171208;-0.6506601;3.794239;
AnkleRight;1.501302;-1.037343;3.556641;
AnkleLeft;1.102798;-1.023943;3.767313;
FootRight;1.423779;-1.091951;3.528523;
FootLeft;0.9859874;-1.067266;3.816147;
Head;1.171491;0.6416534;3.793783;
ShoulderCenter;1.262549;0.4270241;3.755062;
ShoulderRight;1.309304;0.3100757;3.608002;
ShoulderLeft;1.177512;0.2525191;3.881303;
ElbowRight;1.242403;0.1126828;3.486812;
ElbowLeft;1.091859;0.05967946;3.639121;
WristRight;1.010283;-0.05636374;3.386935;
WristLeft;0.9700748;-0.113986;3.412661;
HandRight;0.8800775;-0.1602569;3.363503;
HandLeft;0.8768089;-0.161085;3.350159;
Spine;1.27852;-0.0185324;3.706319;
HipCenter;1.282375;-0.1078535;3.700566;
HipRight;1.313471;-0.1382007;3.665221;
HipLeft;1.256274;-0.1644493;3.724281;
KneeRight;1.434423;-0.6652356;3.58363;
KneeLeft;1.130889;-0.6731156;3.788958;
AnkleRight;1.498711;-1.034271;3.555815;
AnkleLeft;0.9875723;-1.024117;3.763041;
FootRight;1.424003;-1.092817;3.529151;
FootLeft;0.8642362;-1.065477;3.792523;
Head;1.095095;0.6176465;3.759486;
ShoulderCenter;1.226612;0.4284346;3.752318;
ShoulderRight;1.278679;0.3045006;3.610468;
ShoulderLeft;1.141576;0.2539296;3.878559;
ElbowRight;1.220016;0.1088651;3.478503;
ElbowLeft;1.051553;0.07524887;3.62745;
WristRight;0.9699111;-0.03333121;3.384401;
WristLeft;0.9090195;-0.07870974;3.400174;
HandRight;0.8941737;-0.09927195;3.37114;
HandLeft;0.830171;-0.1558634;3.334345;
Spine;1.223893;-0.008121714;3.704226;
HipCenter;1.224623;-0.09548301;3.69842;
HipRight;1.255385;-0.1215362;3.674928;
HipLeft;1.19448;-0.1435145;3.712217;
KneeRight;1.417134;-0.6686184;3.591461;
KneeLeft;1.09847;-0.6796915;3.793318;
AnkleRight;1.498755;-1.034261;3.555881;
AnkleLeft;0.9381421;-1.017451;3.765189;
FootRight;1.433552;-1.100216;3.518263;
FootLeft;0.8082737;-1.044155;3.792682;
Head;1.089665;0.6340765;3.774802;
ShoulderCenter;1.170317;0.4183418;3.737454;
ShoulderRight;1.228812;0.2895504;3.60183;
ShoulderLeft;1.094093;0.2458506;3.784905;
ElbowRight;1.087532;0.06310673;3.450226;
ElbowLeft;1.008596;0.06934293;3.536893;
WristRight;0.8608916;-0.0631163;3.343117;
WristLeft;0.8485267;-0.1081582;3.35159;
HandRight;0.7998962;-0.1421833;3.348614;
HandLeft;0.7817519;-0.1282409;3.376129;
Spine;1.191661;-0.01389452;3.695474;
HipCenter;1.19591;-0.100408;3.690754;
HipRight;1.226298;-0.1333939;3.666411;
HipLeft;1.167698;-0.1423966;3.70576;
KneeRight;1.394107;-0.6724232;3.592518;
KneeLeft;1.053682;-0.6718013;3.798023;
AnkleRight;1.513747;-1.05165;3.553329;
AnkleLeft;0.927626;-1.018884;3.759238;
FootRight;1.439067;-1.094247;3.487634;
FootLeft;0.7998355;-1.045116;3.787469;
Head;1.050034;0.6231309;3.797403;
ShoulderCenter;1.144581;0.4127725;3.739933;
ShoulderRight;1.196209;0.2841553;3.603658;
ShoulderLeft;1.068357;0.2402813;3.787384;
ElbowRight;1.078543;0.05591651;3.449733;
ElbowLeft;0.9829426;0.06394508;3.539434;
WristRight;0.8533729;-0.06343949;3.345438;
WristLeft;0.8191429;-0.1110174;3.355474;
HandRight;0.7708429;-0.1200109;3.356015;
HandLeft;0.7513137;-0.1199418;3.38463;
Spine;1.141947;-0.02677904;3.693423;
HipCenter;1.143355;-0.1142708;3.687698;
HipRight;1.172603;-0.1511547;3.651536;
HipLeft;1.115511;-0.164729;3.712495;
KneeRight;1.336982;-0.6705289;3.616704;
KneeLeft;1.017735;-0.6578192;3.791433;
AnkleRight;1.508697;-1.032463;3.556279;
AnkleLeft;0.9211199;-1.010392;3.760316;
FootRight;1.426202;-1.088961;3.49972;
FootLeft;0.8065562;-1.057762;3.786598;
Head;0.974929;0.6228569;3.802067;
ShoulderCenter;1.08364;0.4188875;3.752391;
ShoulderRight;1.135955;0.2800123;3.608265;
ShoulderLeft;1.007416;0.2463962;3.799842;
ElbowRight;1.064676;0.07424024;3.453086;
ElbowLeft;0.9932894;0.05858865;3.545798;
WristRight;0.831642;-0.0734126;3.360903;
WristLeft;0.8155687;-0.07131321;3.354131;
HandRight;0.7464173;-0.126731;3.366336;
HandLeft;0.7481787;-0.1406184;3.348341;
Spine;1.093447;-0.02373557;3.701959;
HipCenter;1.095942;-0.1122738;3.695545;
HipRight;1.123452;-0.1477679;3.65745;
HipLeft;1.070727;-0.1654423;3.721475;
KneeRight;1.250022;-0.6525996;3.635489;
KneeLeft;0.9891062;-0.7047564;3.784967;
AnkleRight;1.49453;-1.015465;3.559034;
AnkleLeft;0.9144675;-1.02483;3.758214;
FootRight;1.415131;-1.083482;3.569829;
FootLeft;0.8097948;-1.063666;3.787917;
Head;0.9770309;0.6272493;3.800351;
ShoulderCenter;1.054912;0.409585;3.759677;
ShoulderRight;1.106762;0.278468;3.604145;
ShoulderLeft;0.9445791;0.2024944;3.791158;
ElbowRight;1.011592;0.04404841;3.459528;
ElbowLeft;0.9377279;0.009202883;3.542006;
WristRight;0.8319513;-0.07144237;3.363771;
WristLeft;0.7957981;-0.07735206;3.350027;
HandRight;0.7469943;-0.1253407;3.366615;
HandLeft;0.7221019;-0.1451558;3.33991;
Spine;1.039138;-0.04214775;3.714145;
HipCenter;1.037542;-0.1319895;3.708454;
HipRight;1.069804;-0.1764281;3.661881;
HipLeft;1.003304;-0.1988283;3.740884;
KneeRight;1.241685;-0.6713153;3.612846;
KneeLeft;0.9270449;-0.6442734;3.781164;
AnkleRight;1.470196;-1.01753;3.562594;
AnkleLeft;0.90142;-1.007917;3.753814;
FootRight;1.39503;-1.106747;3.554963;
FootLeft;0.8104998;-1.064512;3.788574;
Head;0.9091502;0.6159885;3.800139;
ShoulderCenter;1.013417;0.4100857;3.762559;
ShoulderRight;1.056088;0.2839276;3.609286;
ShoulderLeft;0.9160333;0.2048206;3.792233;
ElbowRight;1.002661;0.05019552;3.462627;
ElbowLeft;0.9040784;0.01353434;3.542594;
WristRight;0.8238592;-0.07031067;3.390575;
WristLeft;0.742977;-0.08475903;3.336178;
HandRight;0.743907;-0.1302307;3.380373;
HandLeft;0.7099486;-0.1555126;3.34253;
Spine;1.005169;-0.04158379;3.701759;
HipCenter;1.001905;-0.1318306;3.692789;
HipRight;1.033842;-0.1649132;3.661058;
HipLeft;0.964074;-0.1888984;3.706192;
KneeRight;1.177305;-0.694148;3.600615;
KneeLeft;0.9147337;-0.6291182;3.780282;
AnkleRight;1.413576;-1.009856;3.556828;
AnkleLeft;0.9007971;-1.006865;3.754343;
FootRight;1.3903;-1.11082;3.481481;
FootLeft;0.8113976;-1.065281;3.788686;
Head;0.8688407;0.6286705;3.795802;
ShoulderCenter;0.9640687;0.4190153;3.744355;
ShoulderRight;1.023317;0.2905688;3.608252;
ShoulderLeft;0.8615305;0.2144488;3.774013;
ElbowRight;0.989351;0.0513937;3.471488;
ElbowLeft;0.8559891;0.01342849;3.535026;
WristRight;0.7774366;-0.1430843;3.419919;
WristLeft;0.7218297;-0.1470176;3.381781;
HandRight;0.6985291;-0.2115074;3.407274;
HandLeft;0.7203171;-0.2189336;3.373745;
Spine;0.9622582;-0.03517155;3.690664;
HipCenter;0.963666;-0.1262558;3.683953;
HipRight;0.9933664;-0.1560693;3.655421;
HipLeft;0.9364988;-0.187631;3.69986;
KneeRight;1.045069;-0.6494156;3.61684;
KneeLeft;0.8833317;-0.6407539;3.767721;
AnkleRight;1.353985;-0.9751713;3.571024;
AnkleLeft;0.8955911;-0.9997626;3.757478;
FootRight;1.277413;-1.022512;3.500185;
FootLeft;0.8224503;-1.069068;3.793649;
Head;0.8237426;0.6064817;3.778924;
ShoulderCenter;0.926048;0.4099102;3.735579;
ShoulderRight;0.9921001;0.2826858;3.605844;
ShoulderLeft;0.8235099;0.2053436;3.765237;
ElbowRight;0.9762943;0.07600731;3.480817;
ElbowLeft;0.817246;0.005642653;3.528035;
WristRight;0.7942703;-0.1441804;3.429458;
WristLeft;0.733484;-0.157766;3.405211;
HandRight;0.7077761;-0.2375022;3.413892;
HandLeft;0.7320043;-0.2281216;3.39735;
Spine;0.934289;-0.03492927;3.665422;
HipCenter;0.9341514;-0.1238557;3.653327;
HipRight;0.9685605;-0.1543658;3.617521;
HipLeft;0.8976827;-0.1899128;3.667898;
KneeRight;0.9951599;-0.6597773;3.609293;
KneeLeft;0.8562561;-0.6448096;3.754953;
AnkleRight;1.309497;-0.9822371;3.58978;
AnkleLeft;0.8934292;-0.9990817;3.754942;
FootRight;1.333738;-1.073527;3.603211;
FootLeft;0.8215106;-1.069181;3.793717;
Head;0.8068624;0.6205969;3.779303;
ShoulderCenter;0.8777694;0.4114776;3.717566;
ShoulderRight;0.9623156;0.2859822;3.600775;
ShoulderLeft;0.7752313;0.206911;3.747224;
ElbowRight;0.9445853;0.03128825;3.48804;
ElbowLeft;0.7693348;0.007968724;3.511004;
WristRight;0.780147;-0.1854013;3.417811;
WristLeft;0.6984242;-0.164115;3.394337;
HandRight;0.7505344;-0.2691813;3.413064;
HandLeft;0.6969634;-0.2335673;3.386577;
Spine;0.9107797;-0.02923048;3.706358;
HipCenter;0.8743283;-0.1097001;3.656948;
HipRight;0.9293401;-0.1438338;3.59867;
HipLeft;0.8209078;-0.1906087;3.699697;
KneeRight;0.9443901;-0.6581279;3.589538;
KneeLeft;0.8001837;-0.634638;3.755627;
AnkleRight;1.249653;-0.9596622;3.588993;
AnkleLeft;0.8848544;-1.005674;3.750479;
FootRight;1.206745;-1.067515;3.59276;
FootLeft;0.8221246;-1.070762;3.779666;
Head;0.7502718;0.6112362;3.716463;
ShoulderCenter;0.8509901;0.4264076;3.715285;
ShoulderRight;0.9256442;0.3058732;3.600896;
ShoulderLeft;0.7484519;0.221841;3.744943;
ElbowRight;0.9202691;0.03066942;3.495067;
ElbowLeft;0.742582;0.02379473;3.509534;
WristRight;0.8190205;-0.1953137;3.435285;
WristLeft;0.662146;-0.1425996;3.392414;
HandRight;0.7952746;-0.2798513;3.42239;
HandLeft;0.6606972;-0.211495;3.384716;
Spine;0.8675838;-0.01271377;3.73191;
HipCenter;0.8298201;-0.09582675;3.689963;
HipRight;0.8682211;-0.1448451;3.650498;
HipLeft;0.790348;-0.1654069;3.719331;
KneeRight;0.8935567;-0.6615864;3.58801;
KneeLeft;0.7647901;-0.6120883;3.746135;
AnkleRight;1.14947;-1.010211;3.591011;
AnkleLeft;0.8811761;-1.013564;3.754554;
FootRight;1.14482;-1.11096;3.625366;
FootLeft;0.8162233;-1.076046;3.781927;
Head;0.7190099;0.6023484;3.781543;
ShoulderCenter;0.8112006;0.4238001;3.676194;
ShoulderRight;0.8798478;0.2882585;3.591822;
ShoulderLeft;0.7157817;0.2417145;3.776941;
ElbowRight;0.9157931;0.01548031;3.491818;
ElbowLeft;0.7173414;-0.009196892;3.880109;
WristRight;0.8229442;-0.2122187;3.43436;
WristLeft;0.6918914;-0.2309162;3.929467;
HandRight;0.8101773;-0.2869917;3.424248;
HandLeft;0.6758859;-0.3008434;3.916796;
Spine;0.8380359;0.01396101;3.690456;
HipCenter;0.7941201;-0.06307174;3.654578;
HipRight;0.8279929;-0.1315328;3.580334;
HipLeft;0.7626582;-0.1531035;3.717623;
KneeRight;0.7826231;-0.6085019;3.576612;
KneeLeft;0.7439116;-0.5904411;3.672154;
AnkleRight;1.039473;-0.9779946;3.589465;
AnkleLeft;0.8781381;-1.011214;3.738541;
FootRight;1.005242;-1.074674;3.647511;
FootLeft;0.8373506;-1.082584;3.782629;
Head;0.6905116;0.6144058;3.770254;
ShoulderCenter;0.7784787;0.4270391;3.688871;
ShoulderRight;0.8568822;0.2970508;3.591131;
ShoulderLeft;0.7012758;0.2705626;3.781583;
ElbowRight;0.8924474;0.02410072;3.495084;
ElbowLeft;0.6784779;0.02458274;3.890068;
WristRight;0.8358891;-0.2232699;3.436095;
WristLeft;0.621874;-0.205824;3.93983;
HandRight;0.8492116;-0.3156411;3.424651;
HandLeft;0.585999;-0.2738543;3.91935;
Spine;0.7988851;0.00239697;3.68406;
HipCenter;0.7507594;-0.07572929;3.645787;
HipRight;0.7804442;-0.1360331;3.582931;
HipLeft;0.7125642;-0.1448203;3.692275;
KneeRight;0.7189097;-0.6226373;3.576518;
KneeLeft;0.8491711;-0.5684518;3.761063;
AnkleRight;0.9697523;-0.9942608;3.626737;
AnkleLeft;0.8503235;-1.020185;3.716728;
FootRight;0.9144186;-1.067221;3.626429;
FootLeft;0.7736915;-1.064175;3.655098;
Head;0.6499611;0.6284804;3.736668;
ShoulderCenter;0.725443;0.4319327;3.688394;
ShoulderRight;0.8247479;0.3013422;3.586139;
ShoulderLeft;0.651059;0.28171;3.779776;
ElbowRight;0.8761811;0.03481663;3.48587;
ElbowLeft;0.6323935;0.04641317;3.905138;
WristRight;0.8477358;-0.2383289;3.435306;
WristLeft;0.5361584;-0.2032422;3.954846;
HandRight;0.8595151;-0.3214779;3.430968;
HandLeft;0.4989261;-0.2591449;3.940447;
Spine;0.7602691;-0.005823518;3.696947;
HipCenter;0.718547;-0.08845653;3.658583;
HipRight;0.7513841;-0.1355622;3.597937;
HipLeft;0.6814439;-0.1701796;3.708265;
KneeRight;0.6493987;-0.6179777;3.581655;
KneeLeft;0.8252931;-0.6319598;3.759953;
AnkleRight;0.8535791;-0.9992621;3.616178;
AnkleLeft;0.9269117;-0.950883;3.735498;
FootRight;0.7697166;-1.080245;3.638741;
FootLeft;0.8346279;-1.024643;3.772266;
Head;0.6111174;0.6118465;3.729668;
ShoulderCenter;0.7148815;0.4277134;3.686577;
ShoulderRight;0.7903076;0.2986889;3.574779;
ShoulderLeft;0.6025016;0.218909;3.748199;
ElbowRight;0.8733445;0.03636333;3.486768;
ElbowLeft;0.5728718;0.0191991;3.92251;
WristRight;0.8587719;-0.2237535;3.443235;
WristLeft;0.4370999;-0.1926883;3.959376;
HandRight;0.8707009;-0.3147422;3.435434;
HandLeft;0.3966545;-0.2472385;3.964103;
Spine;0.7400174;-0.01235286;3.68807;
HipCenter;0.6990503;-0.09372261;3.644746;
HipRight;0.7420419;-0.134492;3.58655;
HipLeft;0.6491655;-0.1757312;3.689574;
KneeRight;0.5898655;-0.6184758;3.571256;
KneeLeft;0.7935559;-0.6348151;3.756706;
AnkleRight;0.7402704;-1.021778;3.612731;
AnkleLeft;0.8951613;-1.003251;3.738336;
FootRight;0.6321735;-1.081324;3.603617;
FootLeft;0.7817964;-1.042377;3.707819;
Head;0.561095;0.6013818;3.73143;
ShoulderCenter;0.665535;0.4161183;3.690092;
ShoulderRight;0.7458717;0.2885801;3.5582;
ShoulderLeft;0.5738742;0.2489353;3.712124;
ElbowRight;0.8633505;0.02707896;3.490506;
ElbowLeft;0.5400193;0.0620425;3.904102;
WristRight;0.872439;-0.2424407;3.44992;
WristLeft;0.3885794;-0.1726125;3.973874;
HandRight;0.8871769;-0.3164517;3.444705;
HandLeft;0.342998;-0.2213244;3.989756;
Spine;0.6948595;-0.02958946;3.683576;
HipCenter;0.6565228;-0.1117776;3.638205;
HipRight;0.6903352;-0.1470044;3.590203;
HipLeft;0.6259496;-0.1814466;3.676869;
KneeRight;0.5362811;-0.6255459;3.553144;
KneeLeft;0.753386;-0.6499359;3.765223;
AnkleRight;0.6623851;-1.031576;3.607832;
AnkleLeft;0.8443264;-1.008647;3.730947;
FootRight;0.5504339;-1.079614;3.584615;
FootLeft;0.7324719;-1.035471;3.684592;
Head;0.5301981;0.6011984;3.709977;
ShoulderCenter;0.6272569;0.4113795;3.67812;
ShoulderRight;0.7303112;0.284854;3.558499;
ShoulderLeft;0.5378829;0.2360646;3.742127;
ElbowRight;0.8502448;0.01813179;3.485518;
ElbowLeft;0.5058227;0.04665342;3.937184;
WristRight;0.8606874;-0.2128774;3.442375;
WristLeft;0.3126052;-0.1644654;3.989029;
HandRight;0.8892992;-0.3005633;3.441842;
HandLeft;0.2639739;-0.2085037;4.007563;
Spine;0.6706727;-0.01927959;3.681713;
HipCenter;0.6323466;-0.10111;3.638955;
HipRight;0.67307;-0.1409636;3.585436;
HipLeft;0.5909915;-0.1811363;3.682168;
KneeRight;0.49215;-0.6034424;3.540004;
KneeLeft;0.6393424;-0.6521335;3.677747;
AnkleRight;0.5000783;-1.035445;3.56155;
AnkleLeft;0.8511842;-1.012791;3.737317;
FootRight;0.3872716;-1.089223;3.558494;
FootLeft;0.7734755;-1.090974;3.789151;
Head;0.506224;0.6005788;3.709754;
ShoulderCenter;0.5986015;0.4079368;3.678808;
ShoulderRight;0.6597379;0.2805077;3.554898;
ShoulderLeft;0.4887188;0.2226621;3.712261;
ElbowRight;0.8003229;0.02562529;3.477157;
ElbowLeft;0.4241336;0.05217382;3.914553;
WristRight;0.8598223;-0.2177389;3.442032;
WristLeft;0.2856292;-0.119105;3.991517;
HandRight;0.8895125;-0.3055164;3.440663;
HandLeft;0.2291893;-0.1765706;3.963158;
Spine;0.627489;-0.02658929;3.676801;
HipCenter;0.5885899;-0.1069604;3.632953;
HipRight;0.6252074;-0.1392405;3.586866;
HipLeft;0.5495575;-0.1838608;3.666256;
KneeRight;0.4802058;-0.5944877;3.545442;
KneeLeft;0.7220426;-0.6039217;3.772592;
AnkleRight;0.3669758;-1.037448;3.540814;
AnkleLeft;0.8558065;-1.011721;3.73968;
FootRight;0.2503248;-1.072229;3.524058;
FootLeft;0.7979032;-1.078465;3.785581;
Head;0.4512134;0.5926839;3.709989;
ShoulderCenter;0.5562619;0.4061938;3.65181;
ShoulderRight;0.6464064;0.2777096;3.548993;
ShoulderLeft;0.4443745;0.1806499;3.737218;
ElbowRight;0.7877132;0.02164894;3.473632;
ElbowLeft;0.3868044;0.02091826;3.952936;
WristRight;0.8451306;-0.2238275;3.439784;
WristLeft;0.2231955;-0.1212081;3.978705;
HandRight;0.87514;-0.2996939;3.448215;
HandLeft;0.1625975;-0.1742302;3.955398;
Spine;0.5936068;-0.01010189;3.673359;
HipCenter;0.5550421;-0.08980893;3.635284;
HipRight;0.6058488;-0.1415971;3.582407;
HipLeft;0.5036694;-0.1654173;3.682952;
KneeRight;0.4136444;-0.569967;3.551403;
KneeLeft;0.6128231;-0.585812;3.631237;
AnkleRight;0.2938307;-1.010223;3.548705;
AnkleLeft;0.8148198;-0.9845067;3.697231;
FootRight;0.1873624;-1.074496;3.536994;
FootLeft;0.7842331;-1.064034;3.736909;
Head;0.407601;0.593549;3.680866;
ShoulderCenter;0.4999124;0.4016187;3.663273;
ShoulderRight;0.5884457;0.2699439;3.541326;
ShoulderLeft;0.4078663;0.2265752;3.77276;
ElbowRight;0.7297913;0.01782257;3.455899;
ElbowLeft;0.350049;0.03549726;3.963634;
WristRight;0.82385;-0.2271841;3.433067;
WristLeft;0.1672792;-0.1382942;3.966933;
HandRight;0.8637025;-0.298933;3.447072;
HandLeft;0.1133982;-0.1820006;3.960482;
Spine;0.5425751;-0.01344951;3.668523;
HipCenter;0.5012652;-0.09324188;3.634978;
HipRight;0.5417776;-0.1409066;3.588162;
HipLeft;0.4657909;-0.1600425;3.673051;
KneeRight;0.4076938;-0.5633141;3.546031;
KneeLeft;0.60549;-0.5687301;3.634414;
AnkleRight;0.2826886;-1.000513;3.552448;
AnkleLeft;0.8094367;-0.9652426;3.700964;
FootRight;0.1647903;-1.035418;3.531192;
FootLeft;0.7709351;-1.053547;3.780274;
Head;0.3884435;0.6014943;3.682224;
ShoulderCenter;0.475729;0.4052334;3.6443;
ShoulderRight;0.5611197;0.2641879;3.534297;
ShoulderLeft;0.3699708;0.2098525;3.691184;
ElbowRight;0.7106693;0.01923607;3.461851;
ElbowLeft;0.3219524;0.06038758;3.913146;
WristRight;0.7728995;-0.2273887;3.423385;
WristLeft;0.1620839;-0.1167585;3.962492;
HandRight;0.8279694;-0.3012736;3.446759;
HandLeft;0.08867287;-0.17188;3.942125;
Spine;0.5080983;-0.0146611;3.671466;
HipCenter;0.4753975;-0.09632576;3.634461;
HipRight;0.5139401;-0.1468095;3.585517;
HipLeft;0.4308749;-0.1697908;3.678026;
KneeRight;0.383661;-0.5589278;3.546469;
KneeLeft;0.5431165;-0.5825182;3.628026;
AnkleRight;0.2260365;-0.9855636;3.536532;
AnkleLeft;0.7857312;-0.9539033;3.700655;
FootRight;0.1193711;-1.050613;3.524416;
FootLeft;0.7636169;-1.047584;3.781219;
Head;0.335249;0.5940441;3.660899;
ShoulderCenter;0.4219214;0.3983838;3.639851;
ShoulderRight;0.5113792;0.2676236;3.520245;
ShoulderLeft;0.3290321;0.1891943;3.710438;
ElbowRight;0.655437;0.009943366;3.468589;
ElbowLeft;0.2757978;0.02979095;3.924477;
WristRight;0.7100279;-0.2236996;3.418669;
WristLeft;0.1298331;-0.1295289;3.94383;
HandRight;0.7282022;-0.3030833;3.414025;
HandLeft;0.05768688;-0.184949;3.914896;
Spine;0.4627611;-0.01042722;3.660548;
HipCenter;0.4288077;-0.09066973;3.62767;
HipRight;0.4704826;-0.1511277;3.565375;
HipLeft;0.3923788;-0.1720296;3.681512;
KneeRight;0.308649;-0.5917647;3.561736;
KneeLeft;0.4780052;-0.5886898;3.63756;
AnkleRight;0.2264914;-1.019678;3.548536;
AnkleLeft;0.7457413;-0.9448583;3.698234;
FootRight;0.1113663;-1.070289;3.539304;
FootLeft;0.7616042;-1.050683;3.764942;
Head;0.2783934;0.5724458;3.670026;
ShoulderCenter;0.4021479;0.4024889;3.644024;
ShoulderRight;0.4699663;0.2598954;3.517084;
ShoulderLeft;0.2804438;0.1539739;3.71451;
ElbowRight;0.6003654;-0.003379345;3.467025;
ElbowLeft;0.241563;-0.002163261;3.93148;
WristRight;0.6671556;-0.2542747;3.414315;
WristLeft;0.09057778;-0.1584303;3.929284;
HandRight;0.7082654;-0.3198069;3.427287;
HandLeft;0.04019978;-0.1924866;3.893657;
Spine;0.4311369;-0.01648469;3.661609;
HipCenter;0.3914662;-0.09764241;3.628436;
HipRight;0.4313139;-0.1545047;3.566862;
HipLeft;0.3441524;-0.1854204;3.680685;
KneeRight;0.2993066;-0.5917816;3.560614;
KneeLeft;0.454552;-0.5948192;3.653651;
AnkleRight;0.2122017;-1.024218;3.54559;
AnkleLeft;0.7311014;-0.9427201;3.712163;
FootRight;0.09992213;-1.081774;3.538471;
FootLeft;0.7318851;-1.041827;3.774374;
Head;0.2512982;0.5945365;3.655133;
ShoulderCenter;0.3298109;0.402384;3.64766;
ShoulderRight;0.4187526;0.2598037;3.515498;
ShoulderLeft;0.2585261;0.2360029;3.66056;
ElbowRight;0.5475249;-0.003131479;3.469863;
ElbowLeft;0.2155849;0.04339793;3.847719;
WristRight;0.5948887;-0.2541711;3.398046;
WristLeft;0.0910842;-0.1562507;3.919611;
HandRight;0.6459232;-0.3309634;3.421992;
HandLeft;0.0378379;-0.2043565;3.893373;
Spine;0.3672789;-0.02408309;3.668479;
HipCenter;0.3363142;-0.1074999;3.634171;
HipRight;0.3739156;-0.1601741;3.585879;
HipLeft;0.3032644;-0.1720119;3.676276;
KneeRight;0.2379319;-0.5949132;3.551493;
KneeLeft;0.386345;-0.5854023;3.6379;
AnkleRight;0.2132443;-1.023121;3.545296;
AnkleLeft;0.6820214;-0.9129249;3.705014;
FootRight;0.1134304;-1.090189;3.582963;
FootLeft;0.6156822;-0.9602109;3.63173;
Head;0.1930515;0.5837641;3.682473;
ShoulderCenter;0.3016387;0.4017486;3.639028;
ShoulderRight;0.3871076;0.2730514;3.512397;
ShoulderLeft;0.1852686;0.154358;3.679674;
ElbowRight;0.4979732;-0.001608372;3.465074;
ElbowLeft;0.1761053;-0.02289262;3.887761;
WristRight;0.516476;-0.2433063;3.377832;
WristLeft;0.06455813;-0.2022252;3.931751;
HandRight;0.5403339;-0.3282321;3.383424;
HandLeft;0.01721463;-0.2775677;3.895905;
Spine;0.3465897;-0.02006922;3.65152;
HipCenter;0.3184555;-0.1022514;3.614754;
HipRight;0.3670815;-0.1558816;3.5652;
HipLeft;0.267244;-0.1788287;3.650453;
KneeRight;0.2308584;-0.5946778;3.546756;
KneeLeft;0.3790354;-0.5838194;3.641121;
AnkleRight;0.2129164;-1.023561;3.545317;
AnkleLeft;0.6637418;-0.9262464;3.713408;
FootRight;0.1129296;-1.091324;3.581866;
FootLeft;0.5994981;-0.9734134;3.637979;
Head;0.1681579;0.6120983;3.681637;
ShoulderCenter;0.2656522;0.4236107;3.639231;
ShoulderRight;0.3509086;0.2836859;3.513671;
ShoulderLeft;0.1793182;0.2944551;3.684718;
ElbowRight;0.4283976;0.009014391;3.450944;
ElbowLeft;0.1652996;0.1144615;3.889583;
WristRight;0.439377;-0.2561248;3.394771;
WristLeft;0.088197;-0.1700585;3.901528;
HandRight;0.4432705;-0.3508426;3.380353;
HandLeft;0.03858074;-0.2689674;3.87128;
Spine;0.2898734;-0.008776587;3.64337;
HipCenter;0.2560424;-0.09134966;3.608182;
HipRight;0.292298;-0.1350597;3.564932;
HipLeft;0.218446;-0.1562437;3.641725;
KneeRight;0.2124718;-0.6298069;3.543695;
KneeLeft;0.2706188;-0.6266022;3.618591;
AnkleRight;0.2121001;-1.024051;3.544991;
AnkleLeft;0.6046388;-0.9034833;3.738978;
FootRight;0.1099773;-1.097515;3.528471;
FootLeft;0.6312763;-1.02515;3.763196;
Head;0.1292782;0.5960018;3.636366;
ShoulderCenter;0.2388403;0.4196631;3.636609;
ShoulderRight;0.2972609;0.2776561;3.51029;
ShoulderLeft;0.1315948;0.2449067;3.645355;
ElbowRight;0.3824009;-0.003595561;3.450869;
ElbowLeft;0.1092134;0.03854725;3.825689;
WristRight;0.3510624;-0.2194091;3.425827;
WristLeft;0.07828089;-0.2254614;3.870587;
HandRight;0.3465649;-0.3129106;3.401462;
HandLeft;0.04872274;-0.2891605;3.828979;
Spine;0.2324836;-0.0365541;3.651516;
HipCenter;0.1981187;-0.1221969;3.616763;
HipRight;0.2338221;-0.169918;3.577532;
HipLeft;0.1564639;-0.1775483;3.649501;
KneeRight;0.2052272;-0.6319947;3.545489;
KneeLeft;0.1929173;-0.6365172;3.647022;
AnkleRight;0.2117139;-1.023759;3.545161;
AnkleLeft;0.5312195;-0.9275429;3.73351;
FootRight;0.1093749;-1.098615;3.531209;
FootLeft;0.5541621;-1.051429;3.753445;
Head;0.07915766;0.6068183;3.649357;
ShoulderCenter;0.1940165;0.4299381;3.632806;
ShoulderRight;0.2649322;0.2810616;3.507925;
ShoulderLeft;0.1024898;0.2543856;3.643033;
ElbowRight;0.3096577;-0.003471297;3.469617;
ElbowLeft;0.08014511;0.04836452;3.822974;
WristRight;0.2261646;-0.2582425;3.414377;
WristLeft;0.07132607;-0.2364303;3.831076;
HandRight;0.2314505;-0.3278508;3.398846;
HandLeft;0.04769793;-0.3023229;3.845716;
Spine;0.2049627;-0.02904221;3.669043;
HipCenter;0.172505;-0.1186659;3.643547;
HipRight;0.2067281;-0.1633378;3.612541;
HipLeft;0.1312999;-0.1721703;3.676838;
KneeRight;0.1874054;-0.6246799;3.548807;
KneeLeft;0.1756775;-0.6488498;3.718709;
AnkleRight;0.2115288;-1.022081;3.544044;
AnkleLeft;0.440181;-1.017372;3.780241;
FootRight;0.1095702;-1.098913;3.532266;
FootLeft;0.4422826;-1.144724;3.794886;
Head;0.06014716;0.6195301;3.633745;
ShoulderCenter;0.1579128;0.4322164;3.613467;
ShoulderRight;0.2336369;0.2818699;3.50661;
ShoulderLeft;0.05634032;0.2591034;3.621161;
ElbowRight;0.2439359;0.02483716;3.445282;
ElbowLeft;0.03407244;0.05379058;3.800531;
WristRight;0.14657;-0.2428952;3.404653;
WristLeft;0.03568962;-0.2354656;3.80831;
HandRight;0.1257698;-0.3102079;3.396399;
HandLeft;0.02631325;-0.2971365;3.842082;
Spine;0.1722161;-0.02817488;3.656672;
HipCenter;0.1509346;-0.1198631;3.632201;
HipRight;0.1908152;-0.1617655;3.608103;
HipLeft;0.108022;-0.1697555;3.655343;
KneeRight;0.1763438;-0.6365392;3.553529;
KneeLeft;0.02222377;-0.5864883;3.720875;
AnkleRight;0.2091466;-1.018393;3.545352;
AnkleLeft;0.2920951;-0.9550423;3.757004;
FootRight;0.1125149;-1.098578;3.534099;
FootLeft;0.3210923;-1.07497;3.724648;
Head;0.03474573;0.6276188;3.620292;
ShoulderCenter;0.1284374;0.4387231;3.604252;
ShoulderRight;0.1844701;0.2988975;3.500931;
ShoulderLeft;0.03271735;0.264748;3.614344;
ElbowRight;0.1520676;0.01188403;3.42135;
ElbowLeft;0.0105044;0.05994175;3.793244;
WristRight;0.03966605;-0.2080204;3.381262;
WristLeft;0.007269697;-0.2291947;3.79934;
HandRight;0.001687985;-0.2917855;3.354323;
HandLeft;-0.01525828;-0.2886204;3.830625;
Spine;0.1553577;-0.0355177;3.622201;
HipCenter;0.1333039;-0.1298787;3.591115;
HipRight;0.1836475;-0.1513673;3.572585;
HipLeft;0.08401486;-0.1878736;3.607567;
KneeRight;0.1685565;-0.6392184;3.551392;
KneeLeft;-0.008110434;-0.6347073;3.731832;
AnkleRight;0.2068175;-1.016867;3.547512;
AnkleLeft;0.2930033;-0.984941;3.72748;
FootRight;0.129363;-1.092052;3.539755;
FootLeft;0.1880079;-1.051856;3.754247;
Head;0.01063561;0.5188203;3.629073;
ShoulderCenter;0.07552142;0.3191817;3.606473;
ShoulderRight;0.1452748;0.3003192;3.489019;
ShoulderLeft;-0.02220917;0.1458262;3.616186;
ElbowRight;0.09240596;0.02631321;3.407279;
ElbowLeft;-0.04431951;-0.05803405;3.794297;
WristRight;-0.06062287;-0.1980443;3.356446;
WristLeft;-0.04600517;-0.3486577;3.80167;
HandRight;-0.1025307;-0.2701567;3.328258;
HandLeft;-0.06329331;-0.40874;3.834424;
Spine;0.0933639;-0.06331674;3.652214;
HipCenter;0.07360026;-0.1405402;3.633421;
HipRight;0.1067358;-0.1910204;3.611283;
HipLeft;0.03996552;-0.2095077;3.658663;
KneeRight;0.1489932;-0.6499621;3.55612;
KneeLeft;-0.04029778;-0.6367691;3.734346;
AnkleRight;0.2064885;-1.016759;3.547387;
AnkleLeft;0.08077449;-1.011786;3.694864;
FootRight;0.1295352;-1.091578;3.538864;
FootLeft;0.03122876;-1.091587;3.772631;
Head;-0.02747751;0.5850584;3.650274;
ShoulderCenter;0.04473539;0.3066022;3.608468;
ShoulderRight;0.1282555;0.3007722;3.484823;
ShoulderLeft;-0.0529952;0.1332467;3.618181;
ElbowRight;0.04304598;0.06469864;3.396418;
ElbowLeft;-0.07510139;-0.07057525;3.796223;
WristRight;-0.1029262;-0.1153131;3.314132;
WristLeft;-0.07679119;-0.3612371;3.80362;
HandRight;-0.1547701;-0.1956228;3.3041;
HandLeft;-0.09419234;-0.4217122;3.836587;
Spine;0.05627232;-0.07024937;3.654585;
HipCenter;0.0378265;-0.146252;3.63876;
HipRight;0.06837924;-0.1991016;3.62401;
HipLeft;0.003296736;-0.2159661;3.658333;
KneeRight;0.1257855;-0.6542124;3.553886;
KneeLeft;-0.08851333;-0.6341027;3.743192;
AnkleRight;0.2017276;-1.017721;3.549866;
AnkleLeft;-0.001729216;-1.01755;3.719676;
FootRight;0.1281167;-1.093569;3.545129;
FootLeft;-0.088355;-1.0658;3.799916;
Head;-0.06892838;0.6516005;3.659221;
ShoulderCenter;0.0009363189;0.4431553;3.602693;
ShoulderRight;0.05547595;0.2957412;3.490614;
ShoulderLeft;-0.09679427;0.2697998;3.612406;
ElbowRight;-0.04893896;0.03477451;3.384709;
ElbowLeft;-0.1188661;0.06629428;3.790044;
WristRight;-0.2258068;-0.159741;3.285098;
WristLeft;-0.1205867;-0.2240785;3.797674;
HandRight;-0.278553;-0.2113184;3.283323;
HandLeft;-0.1378808;-0.2841816;3.830439;
Spine;0.0220779;-0.03069886;3.620242;
HipCenter;0.00511475;-0.1248512;3.60107;
HipRight;0.04113666;-0.1531666;3.578051;
HipLeft;-0.03031895;-0.1764954;3.621741;
KneeRight;0.1075689;-0.6398064;3.545374;
KneeLeft;-0.1387177;-0.6222315;3.73982;
AnkleRight;0.2007865;-1.018598;3.550653;
AnkleLeft;-0.1200709;-1.024155;3.74253;
FootRight;0.1275459;-1.093609;3.544945;
FootLeft;-0.2416505;-1.061965;3.753491;
Head;-0.09902434;0.6496122;3.659823;
ShoulderCenter;-0.02907558;0.438648;3.608155;
ShoulderRight;0.0551515;0.3003826;3.491437;
ShoulderLeft;-0.1268062;0.2652925;3.617868;
ElbowRight;-0.09677862;0.07208273;3.364965;
ElbowLeft;-0.1488451;0.0620901;3.79513;
WristRight;-0.2899781;-0.1383583;3.295371;
WristLeft;-0.1505939;-0.2278279;3.802974;
HandRight;-0.3465755;-0.1744277;3.3158;
HandLeft;-0.1677777;-0.2875476;3.83553;
Spine;-0.007410398;-0.02260548;3.619442;
HipCenter;-0.02314724;-0.1135623;3.59795;
HipRight;0.02430883;-0.148627;3.57916;
HipLeft;-0.07015335;-0.1676988;3.610622;
KneeRight;0.07387853;-0.6257845;3.551302;
KneeLeft;-0.1556491;-0.6241027;3.736963;
AnkleRight;0.2005599;-1.018619;3.551408;
AnkleLeft;-0.2552147;-1.016531;3.729779;
FootRight;0.1274805;-1.093508;3.544767;
FootLeft;-0.3679221;-1.055577;3.754726;
Head;-0.1975957;0.6112636;3.643043;
ShoulderCenter;-0.07760172;0.43761;3.607809;
ShoulderRight;-0.02534448;0.2990449;3.482774;
ShoulderLeft;-0.1753323;0.2642545;3.617522;
ElbowRight;-0.1605049;0.06420922;3.347824;
ElbowLeft;-0.1973599;0.06115666;3.794612;
WristRight;-0.3362821;-0.09073838;3.295739;
WristLeft;-0.1991184;-0.2286044;3.802508;
HandRight;-0.3974176;-0.1628125;3.305378;
HandLeft;-0.2163178;-0.2883784;3.835093;
Spine;-0.04937339;-0.08067363;3.619911;
HipCenter;-0.06546874;-0.1839284;3.601772;
HipRight;-0.006093421;-0.2080291;3.605662;
HipLeft;-0.123397;-0.2297766;3.595501;
KneeRight;0.03175731;-0.6336186;3.572736;
KneeLeft;-0.2224625;-0.6514242;3.733262;
AnkleRight;0.2002665;-1.01823;3.551553;
AnkleLeft;-0.3177757;-1.00141;3.727128;
FootRight;0.1273723;-1.093074;3.543858;
FootLeft;-0.4431535;-1.024848;3.73548;
Head;-0.2243989;0.6078818;3.648085;
ShoulderCenter;-0.1134733;0.4278659;3.613448;
ShoulderRight;-0.0318651;0.2925769;3.486999;
ShoulderLeft;-0.2112039;0.2545104;3.623161;
ElbowRight;-0.194083;0.07875647;3.345997;
ElbowLeft;-0.2332204;0.05151495;3.800087;
WristRight;-0.4095255;-0.06197145;3.299064;
WristLeft;-0.2349884;-0.2380924;3.808035;
HandRight;-0.4788913;-0.1270088;3.300009;
HandLeft;-0.2522042;-0.2979234;3.840651;
Spine;-0.06414266;-0.07890854;3.616182;
HipCenter;-0.07690643;-0.1807857;3.594367;
HipRight;-0.02928875;-0.201322;3.581097;
HipLeft;-0.1269659;-0.2318119;3.595096;
KneeRight;0.0312967;-0.6388136;3.568488;
KneeLeft;-0.2670788;-0.6541058;3.732157;
AnkleRight;0.1980331;-1.017411;3.551238;
AnkleLeft;-0.3690258;-0.9998372;3.740462;
FootRight;0.1259422;-1.092549;3.543218;
FootLeft;-0.4961836;-1.019727;3.739853;
Head;-0.265689;0.6054795;3.652635;
ShoulderCenter;-0.1626333;0.4202465;3.603905;
ShoulderRight;-0.1015425;0.284052;3.488027;
ShoulderLeft;-0.2603639;0.246891;3.613618;
ElbowRight;-0.2269437;0.07421794;3.343347;
ElbowLeft;-0.2823617;0.04406776;3.790333;
WristRight;-0.4549559;-0.05554476;3.299883;
WristLeft;-0.2841457;-0.245281;3.798403;
HandRight;-0.4983707;-0.1320788;3.305249;
HandLeft;-0.3013373;-0.3050281;3.830974;
Spine;-0.1178599;-0.07352424;3.599444;
HipCenter;-0.1310552;-0.1713711;3.57452;
HipRight;-0.08557807;-0.1922614;3.55775;
HipLeft;-0.1697994;-0.2257756;3.586221;
KneeRight;0.01591131;-0.6402158;3.561756;
KneeLeft;-0.2924066;-0.6460687;3.727642;
AnkleRight;0.1895525;-1.015939;3.549673;
AnkleLeft;-0.3703232;-1.000202;3.737982;
FootRight;0.1250225;-1.091404;3.541136;
FootLeft;-0.4971387;-1.0216;3.736993;
Head;-0.3026048;0.5954186;3.653733;
ShoulderCenter;-0.199783;0.4096394;3.603596;
ShoulderRight;-0.1273173;0.2792321;3.49239;
ShoulderLeft;-0.2975135;0.2362839;3.613309;
ElbowRight;-0.2480677;0.08311389;3.347754;
ElbowLeft;-0.3195036;0.03353301;3.789928;
WristRight;-0.4556929;-0.04824625;3.303118;
WristLeft;-0.3212941;-0.2557072;3.798046;
HandRight;-0.5466949;-0.07587908;3.299258;
HandLeft;-0.3385265;-0.3155958;3.830694;
Spine;-0.167334;-0.08119938;3.611025;
HipCenter;-0.1806686;-0.1781936;3.587204;
HipRight;-0.1311778;-0.2000171;3.578194;
HipLeft;-0.2269799;-0.2333284;3.592076;
KneeRight;-0.01311266;-0.65711;3.556474;
KneeLeft;-0.3421051;-0.6084288;3.7346;
AnkleRight;0.1819729;-1.01072;3.548753;
AnkleLeft;-0.4602394;-1.006255;3.73252;
FootRight;0.1175565;-1.084738;3.538666;
FootLeft;-0.5734475;-1.042877;3.739102;
Head;-0.3254236;0.596164;3.649174;
ShoulderCenter;-0.248843;0.397651;3.603508;
ShoulderRight;-0.1884406;0.2667351;3.492004;
ShoulderLeft;-0.3465736;0.2242955;3.613221;
ElbowRight;-0.2704243;0.08560907;3.35779;
ElbowLeft;-0.3685559;0.02161551;3.789767;
WristRight;-0.5075499;-0.04858153;3.313832;
WristLeft;-0.370353;-0.2675182;3.79794;
HandRight;-0.5901151;-0.0869507;3.303869;
HandLeft;-0.3875604;-0.32732;3.830541;
Spine;-0.1905497;-0.07655106;3.585199;
HipCenter;-0.2058823;-0.1692009;3.551977;
HipRight;-0.1628204;-0.1899287;3.518493;
HipLeft;-0.2379501;-0.231295;3.579976;
KneeRight;-0.04427844;-0.6756537;3.554523;
KneeLeft;-0.3829999;-0.6119186;3.736706;
AnkleRight;0.1717562;-1.009066;3.55171;
AnkleLeft;-0.4688543;-1.006332;3.728365;
FootRight;0.1061124;-1.085271;3.536471;
FootLeft;-0.5507276;-1.050905;3.744782;
Head;-0.382471;0.5940197;3.638025;
ShoulderCenter;-0.2803923;0.407789;3.613071;
ShoulderRight;-0.2127648;0.2676533;3.497837;
ShoulderLeft;-0.3781229;0.2344336;3.622784;
ElbowRight;-0.36413;0.04498586;3.359615;
ElbowLeft;-0.4001169;0.03164618;3.799403;
WristRight;-0.5485482;-0.05991733;3.312709;
WristLeft;-0.4019041;-0.2576486;3.807472;
HandRight;-0.6326621;-0.1036326;3.322699;
HandLeft;-0.4191613;-0.3176237;3.840167;
Spine;-0.278353;-0.06755067;3.646777;
HipCenter;-0.2978506;-0.1624176;3.628961;
HipRight;-0.2452825;-0.1939014;3.661763;
HipLeft;-0.3522602;-0.2266686;3.595948;
KneeRight;-0.1246525;-0.6779044;3.556154;
KneeLeft;-0.4343993;-0.6456519;3.751869;
AnkleRight;0.1464455;-1.006451;3.562853;
AnkleLeft;-0.4720424;-1.008113;3.728443;
FootRight;0.09832491;-1.084784;3.537917;
FootLeft;-0.5496536;-1.06062;3.737078;
Head;-0.4286606;0.6012196;3.688862;
ShoulderCenter;-0.3205581;0.4178703;3.626279;
ShoulderRight;-0.2523489;0.2842562;3.503452;
ShoulderLeft;-0.4182887;0.2445149;3.635992;
ElbowRight;-0.372825;0.04259391;3.367819;
ElbowLeft;-0.4402644;0.04189615;3.812399;
WristRight;-0.6001525;-0.09866863;3.324922;
WristLeft;-0.4420671;-0.2471455;3.820583;
HandRight;-0.6684191;-0.1296017;3.330078;
HandLeft;-0.4592702;-0.3069324;3.853176;
Spine;-0.3068071;-0.02689413;3.631812;
HipCenter;-0.3258251;-0.1140988;3.609032;
HipRight;-0.292744;-0.1555606;3.574086;
HipLeft;-0.3593355;-0.1704257;3.63784;
KneeRight;-0.1883578;-0.6817247;3.546406;
KneeLeft;-0.4605254;-0.6445409;3.750065;
AnkleRight;0.1040381;-0.9911363;3.557269;
AnkleLeft;-0.473696;-1.007777;3.729554;
FootRight;0.05839711;-1.069542;3.532479;
FootLeft;-0.5407142;-1.073639;3.725559;
Head;-0.4478035;0.6134724;3.690448;
ShoulderCenter;-0.361466;0.4187969;3.628035;
ShoulderRight;-0.3091155;0.2784138;3.504369;
ShoulderLeft;-0.4591966;0.2454415;3.637748;
ElbowRight;-0.3809213;0.005471736;3.409585;
ElbowLeft;-0.4811411;0.04310955;3.813817;
WristRight;-0.5994025;-0.1102612;3.324229;
WristLeft;-0.4829702;-0.2455013;3.822208;
HandRight;-0.661981;-0.1545377;3.323475;
HandLeft;-0.5001045;-0.3050492;3.854671;
Spine;-0.3390736;-0.04052762;3.628659;
HipCenter;-0.3600502;-0.1309612;3.605425;
HipRight;-0.3276762;-0.161626;3.587878;
HipLeft;-0.3930191;-0.1773917;3.617129;
KneeRight;-0.2557976;-0.6801732;3.539193;
KneeLeft;-0.4897163;-0.6582466;3.736989;
AnkleRight;0.04006579;-0.9636131;3.561115;
AnkleLeft;-0.4757982;-1.000204;3.730357;
FootRight;0.03038399;-1.052055;3.530919;
FootLeft;-0.5302331;-1.076717;3.727181;
Head;-0.5067307;0.6156214;3.697859;
ShoulderCenter;-0.4005834;0.4306858;3.63872;
ShoulderRight;-0.3295786;0.2826712;3.512891;
ShoulderLeft;-0.498314;0.2573304;3.648433;
ElbowRight;-0.39123;0.008995712;3.413115;
ElbowLeft;-0.5202234;0.05532281;3.824267;
WristRight;-0.6090301;-0.1601002;3.337186;
WristLeft;-0.522082;-0.2328007;3.832966;
HandRight;-0.6619998;-0.2051232;3.336182;
HandLeft;-0.539112;-0.2919856;3.86523;
Spine;-0.3693394;-0.01312475;3.626302;
HipCenter;-0.3889677;-0.0982417;3.596752;
HipRight;-0.3599063;-0.1408703;3.572105;
HipLeft;-0.4127043;-0.1470557;3.612837;
KneeRight;-0.3503585;-0.6257513;3.532162;
KneeLeft;-0.555674;-0.6585849;3.765253;
AnkleRight;-0.04229343;-0.9624395;3.559767;
AnkleLeft;-0.478065;-1.000259;3.728406;
FootRight;-0.01561969;-1.051329;3.545817;
FootLeft;-0.5284815;-1.078861;3.719069;
Head;-0.5379667;0.6066934;3.645978;
ShoulderCenter;-0.4240364;0.429344;3.63701;
ShoulderRight;-0.3636722;0.2810372;3.513729;
ShoulderLeft;-0.5217669;0.2559885;3.646723;
ElbowRight;-0.4276286;0.01089305;3.40405;
ElbowLeft;-0.5436558;0.05417007;3.82231;
WristRight;-0.6012327;-0.1737506;3.346697;
WristLeft;-0.5455316;-0.2336692;3.831133;
HandRight;-0.6379727;-0.2460143;3.347098;
HandLeft;-0.5625036;-0.2926532;3.863287;
Spine;-0.4213738;-0.03650856;3.629289;
HipCenter;-0.4458848;-0.1255196;3.60008;
HipRight;-0.4143737;-0.1639803;3.587446;
HipLeft;-0.4789602;-0.1649041;3.605506;
KneeRight;-0.4554875;-0.5750978;3.523802;
KneeLeft;-0.5430506;-0.7053196;3.733824;
AnkleRight;-0.1493416;-0.9111835;3.562016;
AnkleLeft;-0.4500696;-1.031952;3.714512;
FootRight;-0.135459;-1.015243;3.555851;
FootLeft;-0.5367085;-1.05741;3.739835;
Head;-0.5223144;0.5553128;3.656972;
ShoulderCenter;-0.4761912;0.3395379;3.62472;
ShoulderRight;-0.3957893;0.2848085;3.516843;
ShoulderLeft;-0.5739217;0.1661825;3.634433;
ElbowRight;-0.4302491;0.009460688;3.408776;
ElbowLeft;-0.5957683;-0.0352457;3.809601;
WristRight;-0.5799243;-0.1820406;3.356989;
WristLeft;-0.5976791;-0.3224982;3.81872;
HandRight;-0.6159009;-0.2685497;3.356798;
HandLeft;-0.6146415;-0.3814486;3.850857;
Spine;-0.4475196;-0.06784134;3.589374;
HipCenter;-0.4687482;-0.1433354;3.55122;
HipRight;-0.4311433;-0.1783367;3.522395;
HipLeft;-0.5048586;-0.2053031;3.562224;
KneeRight;-0.5046189;-0.6235469;3.538378;
KneeLeft;-0.4521747;-0.5806195;3.741986;
AnkleRight;-0.2005506;-0.9441762;3.558879;
AnkleLeft;-0.4811566;-1.001201;3.73187;
FootRight;-0.2381949;-1.026604;3.537779;
FootLeft;-0.5422178;-1.045253;3.652418;
Head;-0.5687008;0.6382216;3.666209;
ShoulderCenter;-0.5021295;0.4394724;3.646909;
ShoulderRight;-0.4258759;0.2847229;3.521873;
ShoulderLeft;-0.59986;0.266117;3.656622;
ElbowRight;-0.4357754;0.007205069;3.416211;
ElbowLeft;-0.621672;0.0650073;3.831447;
WristRight;-0.5604244;-0.2049296;3.378597;
WristLeft;-0.6236115;-0.2217662;3.840807;
HandRight;-0.5952829;-0.2820565;3.361838;
HandLeft;-0.6405442;-0.2806135;3.872888;
Spine;-0.4924778;-0.04999025;3.660075;
HipCenter;-0.5173619;-0.1454257;3.632154;
HipRight;-0.4786134;-0.1668743;3.611098;
HipLeft;-0.5581872;-0.2037248;3.649118;
KneeRight;-0.5712544;-0.5956424;3.540103;
KneeLeft;-0.4641641;-0.5912951;3.746564;
AnkleRight;-0.2877844;-0.9457847;3.553041;
AnkleLeft;-0.4861624;-1.00598;3.720478;
FootRight;-0.3282964;-1.034982;3.550975;
FootLeft;-0.5322574;-1.078873;3.687368;
Head;-0.5877736;0.6460749;3.656621;
ShoulderCenter;-0.5284148;0.4457478;3.628688;
ShoulderRight;-0.4892099;0.2921875;3.506108;
ShoulderLeft;-0.6261453;0.2723923;3.638401;
ElbowRight;-0.4494162;0.01060942;3.435445;
ElbowLeft;-0.6479155;0.07166864;3.812863;
WristRight;-0.5225002;-0.1987336;3.397786;
WristLeft;-0.748356;-0.1803361;3.892158;
HandRight;-0.5478736;-0.2749256;3.381153;
HandLeft;-0.7822644;-0.2402574;3.892412;
Spine;-0.5158046;-0.04092404;3.641894;
HipCenter;-0.5428764;-0.136173;3.617944;
HipRight;-0.510272;-0.1514556;3.588113;
HipLeft;-0.5795774;-0.1940628;3.641857;
KneeRight;-0.6444147;-0.608148;3.525116;
KneeLeft;-0.5183737;-0.6083212;3.741147;
AnkleRight;-0.3886873;-0.95618;3.540753;
AnkleLeft;-0.4649926;-0.9909986;3.607217;
FootRight;-0.4647335;-1.040285;3.592961;
FootLeft;-0.5394317;-1.059583;3.680274;
Head;-0.6264361;0.6386497;3.640405;
ShoulderCenter;-0.5723997;0.4398326;3.624728;
ShoulderRight;-0.4937011;0.2908892;3.507212;
ShoulderLeft;-0.6701303;0.2664771;3.634441;
ElbowRight;-0.4574223;0.008742362;3.43795;
ElbowLeft;-0.6918923;0.0658275;3.808805;
WristRight;-0.5735835;-0.2501238;3.411197;
WristLeft;-0.8151939;-0.1793406;3.87817;
HandRight;-0.601944;-0.3268039;3.39305;
HandLeft;-0.8472407;-0.232493;3.907513;
Spine;-0.5770025;-0.01870047;3.642998;
HipCenter;-0.6014577;-0.1077159;3.617571;
HipRight;-0.5679851;-0.1558044;3.555631;
HipLeft;-0.6412653;-0.1906817;3.674201;
KneeRight;-0.7040426;-0.5998315;3.518984;
KneeLeft;-0.5499054;-0.6269292;3.749071;
AnkleRight;-0.5108577;-0.9998823;3.571603;
AnkleLeft;-0.465575;-1.006273;3.625481;
FootRight;-0.5887931;-1.060211;3.570616;
FootLeft;-0.5403669;-1.075182;3.698884;
Head;-0.6641068;0.6295598;3.651629;
ShoulderCenter;-0.5898651;0.4372276;3.622124;
ShoulderRight;-0.5230005;0.2865158;3.507025;
ShoulderLeft;-0.6875956;0.2638722;3.631837;
ElbowRight;-0.4766515;0.005264342;3.440433;
ElbowLeft;-0.7093741;0.0630718;3.806344;
WristRight;-0.4751509;-0.2184853;3.398039;
WristLeft;-0.8828078;-0.1438946;3.889476;
HandRight;-0.4580343;-0.310176;3.398657;
HandLeft;-0.9645063;-0.2210608;3.862924;
Spine;-0.5905515;-0.02286489;3.641981;
HipCenter;-0.6145689;-0.1128199;3.618793;
HipRight;-0.5783774;-0.1571712;3.558798;
HipLeft;-0.6553364;-0.1940444;3.674037;
KneeRight;-0.7507485;-0.6192296;3.517356;
KneeLeft;-0.5678729;-0.6447824;3.752691;
AnkleRight;-0.6141869;-1.014219;3.551053;
AnkleLeft;-0.4944669;-1.017198;3.691917;
FootRight;-0.7201881;-1.081213;3.5459;
FootLeft;-0.569308;-1.086152;3.765369;
Head;-0.7005918;0.631604;3.649106;
ShoulderCenter;-0.6489431;0.4335335;3.621114;
ShoulderRight;-0.55517;0.2840052;3.504542;
ShoulderLeft;-0.7466736;0.2601781;3.630827;
ElbowRight;-0.4865404;0.006658167;3.444714;
ElbowLeft;-0.768443;0.0594614;3.805255;
WristRight;-0.4621521;-0.2785846;3.405657;
WristLeft;-0.9654923;-0.1166344;3.902641;
HandRight;-0.4375214;-0.3429047;3.404506;
HandLeft;-1.01973;-0.188302;3.875445;
Spine;-0.6403039;-0.04278603;3.619745;
HipCenter;-0.6611801;-0.1347896;3.589536;
HipRight;-0.6068773;-0.1598892;3.561802;
HipLeft;-0.7083248;-0.1971445;3.609032;
KneeRight;-0.8088192;-0.6161009;3.512388;
KneeLeft;-0.6072948;-0.6360531;3.741268;
AnkleRight;-0.7262598;-1.023203;3.529332;
AnkleLeft;-0.5013986;-1.013701;3.708766;
FootRight;-0.8333968;-1.088602;3.52438;
FootLeft;-0.5759966;-1.067042;3.694252;
Head;-0.7313584;0.6246737;3.642627;
ShoulderCenter;-0.6697608;0.4317963;3.623524;
ShoulderRight;-0.5966695;0.2803635;3.501654;
ShoulderLeft;-0.7674913;0.2584409;3.633237;
ElbowRight;-0.4955751;0.01296785;3.448494;
ElbowLeft;-0.8710564;0.0690648;3.792217;
WristRight;-0.4671792;-0.2313776;3.411122;
WristLeft;-1.035838;-0.1313203;3.899278;
HandRight;-0.4377837;-0.3196887;3.411614;
HandLeft;-1.099578;-0.1392306;3.874632;
Spine;-0.6363367;-0.04089411;3.59599;
HipCenter;-0.6548142;-0.1300268;3.553204;
HipRight;-0.6028629;-0.1472134;3.516002;
HipLeft;-0.7016441;-0.1964602;3.571224;
KneeRight;-0.8368634;-0.5976392;3.507384;
KneeLeft;-0.6232306;-0.6125872;3.732463;
AnkleRight;-0.8662477;-1.050751;3.512311;
AnkleLeft;-0.5022193;-1.010628;3.710423;
FootRight;-0.9748479;-1.10419;3.545039;
FootLeft;-0.5785583;-1.061262;3.696384;
Head;-0.7685444;0.6173183;3.60392;
ShoulderCenter;-0.7006546;0.4324121;3.606197;
ShoulderRight;-0.6139387;0.2740081;3.493038;
ShoulderLeft;-0.7983851;0.2590566;3.61591;
ElbowRight;-0.5060959;0.008830041;3.453355;
ElbowLeft;-0.8931446;0.06873351;3.777928;
WristRight;-0.4672098;-0.2313066;3.41112;
WristLeft;-1.089721;-0.1062165;3.875797;
HandRight;-0.4348099;-0.3023713;3.412143;
HandLeft;-1.161605;-0.1604691;3.888645;
Spine;-0.6361036;-0.040687;3.596128;
HipCenter;-0.6517645;-0.1320785;3.552408;
HipRight;-0.6029573;-0.1475078;3.515865;
HipLeft;-0.6815338;-0.2112809;3.574334;
KneeRight;-0.8482445;-0.5663359;3.50416;
KneeLeft;-0.6325935;-0.6125053;3.737207;
AnkleRight;-0.9762902;-1.008621;3.51952;
AnkleLeft;-0.5050228;-1.008523;3.722486;
FootRight;-1.086627;-1.067259;3.528552;
FootLeft;-0.578145;-1.0623;3.704177;
Head;-0.8184919;0.5888878;3.552672;
ShoulderCenter;-0.750841;0.4197016;3.596671;
ShoulderRight;-0.6673188;0.256915;3.485663;
ShoulderLeft;-0.8485715;0.2463461;3.606384;
ElbowRight;-0.5487058;-0.003474265;3.449628;
ElbowLeft;-0.9454674;0.0555253;3.766481;
WristRight;-0.4575758;-0.273993;3.43705;
WristLeft;-1.141894;-0.1005955;3.888902;
HandRight;-0.4153043;-0.3261901;3.423071;
HandLeft;-1.217183;-0.1498249;3.918647;
Spine;-0.7285131;-0.04288396;3.600785;
HipCenter;-0.7499834;-0.1322717;3.566667;
HipRight;-0.707096;-0.1616046;3.524571;
HipLeft;-0.7927148;-0.2034064;3.600526;
KneeRight;-0.8742883;-0.568966;3.500094;
KneeLeft;-0.6487308;-0.6251004;3.740045;
AnkleRight;-1.049987;-0.9939951;3.526344;
AnkleLeft;-0.505778;-1.008125;3.722195;
FootRight;-1.163596;-1.046817;3.529437;
FootLeft;-0.5784231;-1.062632;3.703962;
Head;-0.8563505;0.5838418;3.540677;
ShoulderCenter;-0.7796524;0.4119165;3.571254;
ShoulderRight;-0.6912766;0.2543841;3.482394;
ShoulderLeft;-0.8773829;0.238561;3.580966;
ElbowRight;-0.5541311;0.003749847;3.450092;
ElbowLeft;-0.9823058;0.07385239;3.759591;
WristRight;-0.4850786;-0.248;3.428845;
WristLeft;-1.159331;-0.07908977;3.860315;
HandRight;-0.4458776;-0.303913;3.434207;
HandLeft;-1.23029;-0.1157009;3.852325;
Spine;-0.7569812;-0.05784556;3.594725;
HipCenter;-0.7745538;-0.1507731;3.562929;
HipRight;-0.7337393;-0.1767766;3.54845;
HipLeft;-0.8222763;-0.2132396;3.571546;
KneeRight;-0.9128222;-0.5510768;3.482467;
KneeLeft;-0.6661674;-0.6304357;3.74155;
AnkleRight;-1.098629;-0.9683346;3.525987;
AnkleLeft;-0.5074786;-1.007249;3.722358;
FootRight;-1.207931;-1.029546;3.527288;
FootLeft;-0.5792178;-1.062795;3.703842;
Head;-0.9231272;0.5774032;3.555293;
ShoulderCenter;-0.82601;0.4091743;3.569374;
ShoulderRight;-0.7401597;0.2498546;3.463559;
ShoulderLeft;-0.9237406;0.2358188;3.579087;
ElbowRight;-0.5871349;0.009110287;3.439849;
ElbowLeft;-1.025058;0.05544701;3.74574;
WristRight;-0.5190763;-0.242936;3.425455;
WristLeft;-1.184739;-0.08561653;3.851202;
HandRight;-0.4821724;-0.3093516;3.436651;
HandLeft;-1.237426;-0.1289527;3.846725;
Spine;-0.7554762;-0.06222925;3.583773;
HipCenter;-0.7695938;-0.1583618;3.550079;
HipRight;-0.7223362;-0.1892124;3.532715;
HipLeft;-0.8121467;-0.2169695;3.557637;
KneeRight;-0.9974496;-0.6028805;3.517009;
KneeLeft;-0.708922;-0.6459329;3.739948;
AnkleRight;-1.108387;-1.008411;3.537183;
AnkleLeft;-0.5071022;-1.00709;3.722387;
FootRight;-1.226038;-1.051217;3.533797;
FootLeft;-0.5754408;-1.065944;3.701523;
Head;-0.9333583;0.5151256;3.557752;
ShoulderCenter;-0.855279;0.3270619;3.531643;
ShoulderRight;-0.7762887;0.2382948;3.452962;
ShoulderLeft;-0.9530095;0.1537064;3.541356;
ElbowRight;-0.6332742;-0.007456437;3.440975;
ElbowLeft;-1.053127;-0.02660015;3.708041;
WristRight;-0.5569628;-0.249178;3.415504;
WristLeft;-1.186559;-0.07942565;3.846929;
HandRight;-0.5204577;-0.3131459;3.438377;
HandLeft;-1.265252;-0.1275056;3.853705;
Spine;-0.7954618;-0.1019836;3.558664;
HipCenter;-0.8010747;-0.1877074;3.530667;
HipRight;-0.7506871;-0.2115392;3.52627;
HipLeft;-0.8387511;-0.2464657;3.533096;
KneeRight;-1.022446;-0.5999682;3.515389;
KneeLeft;-0.7140923;-0.6483256;3.73027;
AnkleRight;-1.108389;-1.007502;3.539408;
AnkleLeft;-0.5103276;-1.010091;3.7246;
FootRight;-1.224769;-1.053128;3.545369;
FootLeft;-0.577917;-1.068411;3.70038;
Head;-0.9849236;0.5773383;3.551292;
ShoulderCenter;-0.9062405;0.393384;3.527203;
ShoulderRight;-0.8298718;0.2441316;3.434616;
ShoulderLeft;-1.003971;0.2200285;3.536916;
ElbowRight;-0.6849701;0.0004319549;3.428942;
ElbowLeft;-1.103968;0.03993838;3.703356;
WristRight;-0.6187755;-0.2476511;3.40647;
WristLeft;-1.251791;-0.1106732;3.841135;
HandRight;-0.60074;-0.3135527;3.404846;
HandLeft;-1.324836;-0.1664838;3.851106;
Spine;-0.8335059;-0.04489897;3.545229;
HipCenter;-0.8395233;-0.133483;3.517339;
HipRight;-0.7951874;-0.1729921;3.46307;
HipLeft;-0.8686585;-0.2140153;3.565892;
KneeRight;-1.056784;-0.6592538;3.522443;
KneeLeft;-0.7199737;-0.6607515;3.730069;
AnkleRight;-1.116451;-1.00515;3.538438;
AnkleLeft;-0.5144736;-1.011683;3.729606;
FootRight;-1.231799;-1.052847;3.54548;
FootLeft;-0.5812492;-1.07024;3.704089;
Head;-0.9975057;0.5825973;3.555949;
ShoulderCenter;-0.9235482;0.3972785;3.52108;
ShoulderRight;-0.8689705;0.2448012;3.42148;
ShoulderLeft;-1.021279;0.2239231;3.530793;
ElbowRight;-0.7452214;-0.01072004;3.400642;
ElbowLeft;-1.121099;0.04415213;3.696973;
WristRight;-0.676932;-0.2776054;3.391499;
WristLeft;-1.288772;-0.1409104;3.817159;
HandRight;-0.6450055;-0.3361067;3.404638;
HandLeft;-1.341526;-0.182321;3.806361;
Spine;-0.8538986;-0.06176151;3.534515;
HipCenter;-0.8646322;-0.1566115;3.507735;
HipRight;-0.8214269;-0.1773794;3.469068;
HipLeft;-0.8944837;-0.2268858;3.540182;
KneeRight;-1.067447;-0.5909615;3.49346;
KneeLeft;-0.7615244;-0.6850528;3.737051;
AnkleRight;-1.12915;-1.004216;3.540265;
AnkleLeft;-0.5518032;-1.008724;3.721482;
FootRight;-1.243908;-1.052838;3.548089;
FootLeft;-0.6160339;-1.070296;3.69693;
Head;-1.043795;0.5932127;3.555764;
ShoulderCenter;-0.9756409;0.4054184;3.518399;
ShoulderRight;-0.9148695;0.2408682;3.409347;
ShoulderLeft;-1.073371;0.2320629;3.528112;
ElbowRight;-0.8001783;-0.0185886;3.377443;
ElbowLeft;-1.173062;0.05252421;3.694114;
WristRight;-0.7579843;-0.2721006;3.360047;
WristLeft;-1.29444;-0.1620906;3.81928;
HandRight;-0.698265;-0.3414577;3.367761;
HandLeft;-1.341534;-0.2109751;3.818156;
Spine;-0.9017622;-0.0666616;3.51702;
HipCenter;-0.9119865;-0.1611499;3.487074;
HipRight;-0.8734107;-0.1819762;3.453027;
HipLeft;-0.9410101;-0.2253443;3.514149;
KneeRight;-1.108427;-0.6041791;3.49496;
KneeLeft;-0.7729547;-0.6973284;3.738318;
AnkleRight;-1.132068;-1.005105;3.540585;
AnkleLeft;-0.5970638;-0.9995545;3.720609;
FootRight;-1.246612;-1.053872;3.548626;
FootLeft;-0.6655751;-1.056437;3.696672;
Head;-1.074748;0.538047;3.526402;
ShoulderCenter;-1.006253;0.3415358;3.501256;
ShoulderRight;-0.9396164;0.2488041;3.40692;
ShoulderLeft;-1.107299;0.1645163;3.431331;
ElbowRight;-0.8647103;-0.02402236;3.366927;
ElbowLeft;-1.195496;-0.008417875;3.607788;
WristRight;-0.8302119;-0.3050227;3.353056;
WristLeft;-1.287496;-0.2003649;3.779367;
HandRight;-0.7853192;-0.3536375;3.338168;
HandLeft;-1.339902;-0.2434194;3.779934;
Spine;-0.9516888;-0.09497759;3.506677;
HipCenter;-0.9466049;-0.1787466;3.469994;
HipRight;-0.8962772;-0.1936292;3.462696;
HipLeft;-0.9861561;-0.2444123;3.463436;
KneeRight;-1.115143;-0.5949533;3.485802;
KneeLeft;-0.9929792;-0.6406567;3.627547;
AnkleRight;-1.134976;-1.008779;3.539541;
AnkleLeft;-0.6545584;-0.9380306;3.699192;
FootRight;-1.249236;-1.057698;3.547746;
FootLeft;-0.6345351;-1.027114;3.711009;
Head;-1.110277;0.6081191;3.525506;
ShoulderCenter;-1.057587;0.4157148;3.49743;
ShoulderRight;-0.9845683;0.260768;3.39594;
ShoulderLeft;-1.150662;0.1319136;3.413924;
ElbowRight;-0.9288637;-0.01670085;3.351655;
ElbowLeft;-1.239592;-0.04245849;3.592046;
WristRight;-1.076164;-0.2604082;3.356557;
WristLeft;-1.298159;-0.2422311;3.729918;
HandRight;-1.125264;-0.341644;3.36323;
HandLeft;-1.324248;-0.2669611;3.78769;
Spine;-1.01669;-0.06733671;3.49472;
HipCenter;-1.016466;-0.1599202;3.453258;
HipRight;-0.969027;-0.1899737;3.429614;
HipLeft;-1.056811;-0.2291735;3.466673;
KneeRight;-1.115311;-0.5951904;3.486174;
KneeLeft;-1.058318;-0.6438627;3.586221;
AnkleRight;-1.135871;-1.00819;3.539135;
AnkleLeft;-0.7163526;-0.9246725;3.691066;
FootRight;-1.250297;-1.057306;3.547452;
FootLeft;-0.7000332;-1.016939;3.704846;
Head;-1.183918;0.589819;3.505543;
ShoulderCenter;-1.081439;0.4208496;3.495268;
ShoulderRight;-1.028935;0.2634396;3.399214;
ShoulderLeft;-1.174514;0.1370485;3.411762;
ElbowRight;-1.006191;-0.02071747;3.352659;
ElbowLeft;-1.263474;-0.03738247;3.589911;
WristRight;-1.068897;-0.2767803;3.324011;
WristLeft;-1.322012;-0.2370963;3.727692;
HandRight;-1.089799;-0.3621346;3.319508;
HandLeft;-1.344336;-0.2670412;3.784703;
Spine;-1.020087;-0.06581124;3.498268;
HipCenter;-1.017748;-0.159024;3.45501;
HipRight;-0.9715848;-0.186517;3.435358;
HipLeft;-1.057067;-0.2278599;3.46731;
KneeRight;-1.127721;-0.6073788;3.485148;
KneeLeft;-1.041921;-0.6650276;3.655001;
AnkleRight;-1.139003;-1.009511;3.539366;
AnkleLeft;-0.7919833;-0.9175833;3.692649;
FootRight;-1.253616;-1.058792;3.547791;
FootLeft;-0.7861531;-1.009234;3.703049;
Head;-1.209066;0.5982486;3.490576;
ShoulderCenter;-1.117751;0.4234162;3.483628;
ShoulderRight;-1.066981;0.265563;3.390666;
ShoulderLeft;-1.201992;0.1723106;3.399098;
ElbowRight;-1.050057;0.004134594;3.320318;
ElbowLeft;-1.290896;-0.002010196;3.57709;
WristRight;-1.155118;-0.2483691;3.297574;
WristLeft;-1.349489;-0.2018342;3.714988;
HandRight;-1.169888;-0.313361;3.284439;
HandLeft;-1.373553;-0.2333121;3.770166;
Spine;-1.064385;0.001429785;3.500811;
HipCenter;-1.057612;-0.08013488;3.461303;
HipRight;-1.016366;-0.1492113;3.392876;
HipLeft;-1.079301;-0.1618626;3.51902;
KneeRight;-1.144041;-0.6163895;3.480756;
KneeLeft;-1.075307;-0.7020841;3.666178;
AnkleRight;-1.140577;-1.008707;3.538795;
AnkleLeft;-0.8473037;-0.9508626;3.686434;
FootRight;-1.255376;-1.058149;3.547302;
FootLeft;-0.8602022;-1.042124;3.695365;
Head;-1.213293;0.5538391;3.508052;
ShoulderCenter;-1.154259;0.34331;3.469552;
ShoulderRight;-1.100173;0.2705283;3.379397;
ShoulderLeft;-1.23431;0.0931465;3.386229;
ElbowRight;-1.142907;-0.007597595;3.304405;
ElbowLeft;-1.18588;0.07671694;3.63685;
WristRight;-1.246746;-0.2292513;3.269755;
WristLeft;-1.151586;-0.02885314;3.884189;
HandRight;-1.276886;-0.3158039;3.277002;
HandLeft;-1.175211;-0.0607815;3.939326;
Spine;-1.123634;-0.02143459;3.495248;
HipCenter;-1.12288;-0.09206782;3.458755;
HipRight;-1.088206;-0.1722325;3.37998;
HipLeft;-1.143936;-0.200848;3.526266;
KneeRight;-1.167528;-0.625553;3.484373;
KneeLeft;-1.100952;-0.690115;3.674278;
AnkleRight;-1.138897;-1.004842;3.541699;
AnkleLeft;-0.9327056;-0.985345;3.665128;
FootRight;-1.25356;-1.054271;3.550264;
FootLeft;-0.9815777;-1.059376;3.734501;
Head;-1.244354;0.6225078;3.471611;
ShoulderCenter;-1.201784;0.4349201;3.484607;
ShoulderRight;-1.12786;0.2786348;3.379157;
ShoulderLeft;-1.281835;0.1847566;3.401284;
ElbowRight;-1.196024;0.01702537;3.279209;
ElbowLeft;-1.120813;0.1315712;3.60051;
WristRight;-1.335107;-0.2039884;3.256535;
WristLeft;-1.056623;-0.01169966;3.725744;
HandRight;-1.375801;-0.286263;3.263077;
HandLeft;-1.080269;-0.04365743;3.780931;
Spine;-1.134893;-0.01225474;3.495109;
HipCenter;-1.130075;-0.09157299;3.457441;
HipRight;-1.094877;-0.1225463;3.410651;
HipLeft;-1.176768;-0.1610428;3.491165;
KneeRight;-1.176889;-0.6268564;3.485598;
KneeLeft;-1.129776;-0.6783086;3.628426;
AnkleRight;-1.071185;-0.9851058;3.604817;
AnkleLeft;-1.066032;-1.000483;3.68668;
FootRight;-1.186196;-1.034796;3.613542;
FootLeft;-1.126004;-1.069784;3.671928;
Head;-1.280828;0.617777;3.475726;
ShoulderCenter;-1.212628;0.4344865;3.477713;
ShoulderRight;-1.170343;0.2824151;3.366006;
ShoulderLeft;-1.292679;0.184323;3.39439;
ElbowRight;-1.25839;0.04672919;3.273594;
ElbowLeft;-1.152949;0.1441183;3.60947;
WristRight;-1.420566;-0.1871454;3.247525;
WristLeft;-1.098522;0.004629806;3.742251;
HandRight;-1.476988;-0.2797238;3.239668;
HandLeft;-1.122154;-0.02730919;3.797406;
Spine;-1.201418;0.005613361;3.499843;
HipCenter;-1.208836;-0.07790971;3.466152;
HipRight;-1.175195;-0.1307689;3.407002;
HipLeft;-1.238756;-0.1584207;3.5201;
KneeRight;-1.188673;-0.6284156;3.487256;
KneeLeft;-1.439029;-0.6027582;3.692638;
AnkleRight;-1.164905;-1.004531;3.537374;
AnkleLeft;-1.117995;-0.9325076;3.686712;
FootRight;-1.280311;-1.054391;3.546129;
FootLeft;-1.147219;-1.046581;3.679086;
Head;-1.391204;0.5907574;3.540668;
ShoulderCenter;-1.262589;0.4387474;3.467581;
ShoulderRight;-1.200138;0.2864631;3.35722;
ShoulderLeft;-1.200862;0.3673962;3.347111;
ElbowRight;-1.31758;0.04814838;3.257562;
ElbowLeft;-1.148839;0.2088062;3.547386;
WristRight;-1.499456;-0.1698366;3.228168;
WristLeft;-1.133581;0.04285236;3.660135;
HandRight;-1.562703;-0.2406406;3.225825;
HandLeft;-1.157199;0.01093344;3.715255;
Spine;-1.319931;-0.03024238;3.497172;
HipCenter;-1.291501;-0.1262168;3.48652;
HipRight;-1.280985;-0.139201;3.499066;
HipLeft;-1.305066;-0.172811;3.474369;
KneeRight;-1.209117;-0.6223938;3.486034;
KneeLeft;-1.476727;-0.6386608;3.704014;
AnkleRight;-1.164647;-1.005279;3.541391;
AnkleLeft;-1.315273;-1.029998;3.65698;
FootRight;-1.07825;-1.056041;3.496984;
FootLeft;-1.351558;-1.101559;3.704329;
Head;-1.382482;0.6333432;3.515383;
ShoulderCenter;-1.312158;0.4452538;3.484781;
ShoulderRight;-1.228792;0.2860065;3.361969;
ShoulderLeft;-1.318097;0.2884383;3.34459;
ElbowRight;-1.381836;0.05777447;3.260017;
ElbowLeft;-1.233285;0.1322988;3.536484;
WristRight;-1.539045;-0.09893221;3.223961;
WristLeft;-1.178178;-0.07244059;3.710418;
HandRight;-1.597469;-0.1639552;3.221994;
HandLeft;-1.201784;-0.1043445;3.765512;
Spine;-1.309849;-0.04819763;3.516922;
HipCenter;-1.304996;-0.1460413;3.487126;
HipRight;-1.278422;-0.1578833;3.472188;
HipLeft;-1.344067;-0.1876286;3.508112;
KneeRight;-1.252419;-0.6086954;3.495659;
KneeLeft;-1.494354;-0.6370128;3.695626;
AnkleRight;-1.164543;-1.004681;3.542494;
AnkleLeft;-1.379719;-1.026119;3.683676;
FootRight;-1.227971;-1.071734;3.530148;
FootLeft;-1.458598;-1.055195;3.723729;
Head;-1.446331;0.6248317;3.551102;
ShoulderCenter;-1.350606;0.44773;3.496857;
ShoulderRight;-1.269555;0.2907664;3.374511;
ShoulderLeft;-1.356545;0.2909145;3.356666;
ElbowRight;-1.429493;0.07437699;3.255265;
ElbowLeft;-1.267986;0.1334027;3.545875;
WristRight;-1.59044;-0.05637849;3.207709;
WristLeft;-1.208656;-0.07015774;3.71955;
HandRight;-1.638827;-0.1132471;3.207761;
HandLeft;-1.232253;-0.1020491;3.774622;
Spine;-1.326032;-0.05790593;3.512162;
HipCenter;-1.31594;-0.1556418;3.480058;
HipRight;-1.285945;-0.1637342;3.469958;
HipLeft;-1.348243;-0.1916294;3.491107;
KneeRight;-1.252974;-0.6093346;3.494631;
KneeLeft;-1.524501;-0.6298515;3.690141;
AnkleRight;-1.16748;-1.004314;3.54205;
AnkleLeft;-1.523789;-1.011626;3.718936;
FootRight;-1.230605;-1.07106;3.527115;
FootLeft;-1.604426;-1.054693;3.70145;
Head;-1.472478;0.6228698;3.492885;
ShoulderCenter;-1.38815;0.4475151;3.501177;
ShoulderRight;-1.30293;0.2852799;3.380764;
ShoulderLeft;-1.394089;0.2906995;3.360986;
ElbowRight;-1.458133;0.08880208;3.252882;
ElbowLeft;-1.311519;0.1298526;3.549939;
WristRight;-1.618882;-0.04368186;3.212802;
WristLeft;-1.258307;-0.07761942;3.720973;
HandRight;-1.643399;-0.04110876;3.193943;
HandLeft;-1.281875;-0.1094724;3.77598;
Spine;-1.353872;-0.05513518;3.511866;
HipCenter;-1.337173;-0.152473;3.477719;
HipRight;-1.307114;-0.1598651;3.472457;
HipLeft;-1.365239;-0.1874345;3.481885;
KneeRight;-1.309417;-0.6170388;3.511781;
KneeLeft;-1.550083;-0.6370354;3.682261;
AnkleRight;-1.169176;-1.005044;3.54102;
AnkleLeft;-1.612044;-1.006248;3.69346;
FootRight;-1.23169;-1.071691;3.524256;
FootLeft;-1.714071;-1.071435;3.727222;
Head;-1.488424;0.6280941;3.497657;
ShoulderCenter;-1.427956;0.4406311;3.496987;
ShoulderRight;-1.33256;0.283618;3.390683;
ShoulderLeft;-1.385606;0.3182886;3.338023;
ElbowRight;-1.472129;0.1130849;3.255594;
ElbowLeft;-1.315112;0.1501637;3.525441;
WristRight;-1.63677;-0.01039964;3.200527;
WristLeft;-1.291498;-0.07837172;3.676526;
HandRight;-1.652815;-0.008644657;3.187781;
HandLeft;-1.315031;-0.1101756;3.731448;
Spine;-1.427019;-0.0571049;3.508872;
HipCenter;-1.39549;-0.1535823;3.486286;
HipRight;-1.376197;-0.1588448;3.490702;
HipLeft;-1.410572;-0.1823312;3.480488;
KneeRight;-1.326293;-0.6235287;3.5196;
KneeLeft;-1.569881;-0.6374735;3.677859;
AnkleRight;-1.177101;-1.002658;3.544595;
AnkleLeft;-1.718831;-1.025438;3.667538;
FootRight;-1.207962;-1.090353;3.544692;
FootLeft;-1.646942;-1.071385;3.599104;
Head;-1.514518;0.6178766;3.496386;
ShoulderCenter;-1.453436;0.4339538;3.508643;
ShoulderRight;-1.380437;0.2700314;3.394074;
ShoulderLeft;-1.398089;0.3214082;3.337498;
ElbowRight;-1.505198;0.1257248;3.255701;
ElbowLeft;-1.357224;0.1495792;3.529348;
WristRight;-1.657475;-0.01060243;3.194393;
WristLeft;-1.336334;-0.07898335;3.680493;
HandRight;-1.71334;-0.04327422;3.17502;
HandLeft;-1.359821;-0.1107248;3.735307;
Spine;-1.450247;-0.04597986;3.491209;
HipCenter;-1.411005;-0.1367709;3.482148;
HipRight;-1.399372;-0.1590048;3.499929;
HipLeft;-1.420724;-0.1610353;3.457076;
KneeRight;-1.32695;-0.6221634;3.516948;
KneeLeft;-1.58889;-0.6166965;3.65195;
AnkleRight;-1.18192;-1.001612;3.543481;
AnkleLeft;-1.795227;-1.028065;3.660032;
FootRight;-1.205876;-1.091365;3.545737;
FootLeft;-1.698538;-1.073728;3.63729;
Head;-1.535446;0.627099;3.533897;
ShoulderCenter;-1.513305;0.4267218;3.505913;
ShoulderRight;-1.412415;0.2748199;3.399331;
ShoulderLeft;-1.493788;0.306135;3.323492;
ElbowRight;-1.518572;0.1327155;3.258061;
ElbowLeft;-1.426341;0.1483173;3.519071;
WristRight;-1.670343;-0.002690896;3.192853;
WristLeft;-1.387482;-0.0744181;3.674646;
HandRight;-1.726278;-0.02893008;3.165866;
HandLeft;-1.410921;-0.1060961;3.72935;
Spine;-1.492577;-0.05589184;3.512923;
HipCenter;-1.458751;-0.1478612;3.488329;
HipRight;-1.424884;-0.1626685;3.502259;
HipLeft;-1.477934;-0.1880278;3.470393;
KneeRight;-1.349201;-0.6552256;3.513973;
KneeLeft;-1.669708;-0.6556471;3.659376;
AnkleRight;-1.186881;-1.000584;3.542093;
AnkleLeft;-1.805672;-1.028209;3.649767;
FootRight;-1.204394;-1.091709;3.54636;
FootLeft;-1.882638;-1.076055;3.62938;
Head;-1.619019;0.6092368;3.527459;
ShoulderCenter;-1.551351;0.4204874;3.510565;
ShoulderRight;-1.465021;0.2649578;3.399876;
ShoulderLeft;-1.504028;0.311244;3.334388;
ElbowRight;-1.557731;0.1320832;3.237141;
ElbowLeft;-1.63701;0.06805192;3.245197;
WristRight;-1.7082;-0.01127529;3.195483;
WristLeft;-1.677785;-0.1627727;3.245141;
HandRight;-1.749535;-0.05642234;3.167139;
HandLeft;-1.701237;-0.1944673;3.299874;
Spine;-1.519715;-0.04381286;3.502574;
HipCenter;-1.478074;-0.1300165;3.486922;
HipRight;-1.463272;-0.1566807;3.514385;
HipLeft;-1.48752;-0.1754789;3.458383;
KneeRight;-1.372772;-0.6612632;3.518507;
KneeLeft;-1.68845;-0.6468185;3.653777;
AnkleRight;-1.196102;-0.9973079;3.541507;
AnkleLeft;-1.808513;-1.014197;3.641247;
FootRight;-1.206715;-1.089355;3.547356;
FootLeft;-1.718513;-1.058108;3.597634;
Head;-1.627775;0.597686;3.469785;
ShoulderCenter;-1.605986;0.4169627;3.513796;
ShoulderRight;-1.515956;0.2668282;3.392658;
ShoulderLeft;-1.513229;0.3114637;3.344349;
ElbowRight;-1.608439;0.119583;3.245807;
ElbowLeft;-1.643841;0.06983095;3.244313;
WristRight;-1.716333;-0.04975477;3.17068;
WristLeft;-1.684271;-0.1610225;3.241577;
HandRight;-1.751082;-0.1023219;3.14645;
HandLeft;-1.707742;-0.1927438;3.296356;
Spine;-1.524886;-0.05268344;3.48158;
HipCenter;-1.47655;-0.1389592;3.489698;
HipRight;-1.466306;-0.1614438;3.511322;
HipLeft;-1.477179;-0.1693607;3.470073;
KneeRight;-1.425836;-0.6792248;3.524592;
KneeLeft;-1.727041;-0.6419393;3.647949;
AnkleRight;-1.199623;-0.996525;3.539539;
AnkleLeft;-1.823529;-1.010819;3.637058;
FootRight;-1.20219;-1.089287;3.541354;
FootLeft;-1.726372;-1.054451;3.661139;
Head;-1.698769;0.594082;3.522363;
ShoulderCenter;-1.625412;0.4075263;3.505708;
ShoulderRight;-1.557377;0.2560512;3.387226;
ShoulderLeft;-1.627886;0.2286405;3.333322;
ElbowRight;-1.658761;0.1015712;3.25959;
ElbowLeft;-1.701166;0.01170051;3.232925;
WristRight;-1.78106;-0.08477634;3.126421;
WristLeft;-1.712354;-0.1941726;3.252318;
HandRight;-1.815863;-0.1378051;3.092852;
HandLeft;-1.735774;-0.2258253;3.306979;
Spine;-1.556405;-0.06901553;3.530746;
HipCenter;-1.518144;-0.1583833;3.508243;
HipRight;-1.492401;-0.175702;3.526699;
HipLeft;-1.527753;-0.1898098;3.485667;
KneeRight;-1.478087;-0.6846454;3.522113;
KneeLeft;-1.782174;-0.6632131;3.651011;
AnkleRight;-1.217098;-0.992723;3.537597;
AnkleLeft;-1.824506;-1.001012;3.625828;
FootRight;-1.206067;-1.084361;3.539819;
FootLeft;-1.767591;-1.044895;3.544385;
Head;-1.700618;0.6013898;3.510181;
ShoulderCenter;-1.655997;0.4082966;3.506284;
ShoulderRight;-1.5901;0.255321;3.386177;
ShoulderLeft;-1.617653;0.2621934;3.367216;
ElbowRight;-1.662853;0.08973376;3.252133;
ElbowLeft;-1.758677;0.02936175;3.26216;
WristRight;-1.750668;-0.1101351;3.111148;
WristLeft;-1.770756;-0.1762771;3.280716;
HandRight;-1.77566;-0.1670177;3.075348;
HandLeft;-1.794124;-0.2078591;3.335255;
Spine;-1.655885;-0.05444287;3.52869;
HipCenter;-1.632805;-0.1453128;3.506442;
HipRight;-1.624935;-0.1719143;3.542225;
HipLeft;-1.637004;-0.1828266;3.468897;
KneeRight;-1.516373;-0.6913869;3.516656;
KneeLeft;-1.822986;-0.6567831;3.635087;
AnkleRight;-1.268418;-1.004768;3.547346;
AnkleLeft;-1.842189;-1.008991;3.627713;
FootRight;-1.25819;-1.096393;3.548493;
FootLeft;-1.786053;-1.055258;3.54725;
Head;-1.770141;0.594308;3.475815;
ShoulderCenter;-1.707721;0.4170504;3.505805;
ShoulderRight;-1.628033;0.2674354;3.403246;
ShoulderLeft;-1.689517;0.2728747;3.348618;
ElbowRight;-1.705614;0.07616181;3.288891;
ElbowLeft;-1.725443;0.07376164;3.269118;
WristRight;-1.788015;-0.1269933;3.183874;
WristLeft;-1.733079;-0.1294351;3.299399;
HandRight;-1.812926;-0.1884099;3.156708;
HandLeft;-1.756436;-0.1610012;3.35391;
Spine;-1.683876;-0.0650842;3.520596;
HipCenter;-1.657592;-0.1581711;3.500554;
HipRight;-1.641928;-0.1746894;3.523905;
HipLeft;-1.674488;-0.1906545;3.478202;
KneeRight;-1.642389;-0.6550686;3.486264;
KneeLeft;-1.826646;-0.6474028;3.573806;
AnkleRight;-1.322479;-0.9714433;3.544357;
AnkleLeft;-1.850492;-1.010069;3.621229;
FootRight;-1.338616;-1.073966;3.546712;
FootLeft;-1.785057;-1.054966;3.547851;
Head;-1.749715;0.6037487;3.470203;
ShoulderCenter;-1.735309;0.4213175;3.511532;
ShoulderRight;-1.65448;0.273329;3.404067;
ShoulderLeft;-1.692525;0.3084195;3.378456;
ElbowRight;-1.710569;0.07761879;3.292032;
ElbowLeft;-1.721925;0.09829222;3.27347;
WristRight;-1.771856;-0.136227;3.186925;
WristLeft;-1.733063;-0.1066642;3.292795;
HandRight;-1.790137;-0.2000111;3.160084;
HandLeft;-1.756412;-0.1382207;3.34729;
Spine;-1.740517;-0.02765326;3.516427;
HipCenter;-1.717793;-0.1151094;3.49165;
HipRight;-1.710428;-0.1311073;3.512052;
HipLeft;-1.722639;-0.1503371;3.467732;
KneeRight;-1.705795;-0.6477097;3.492464;
KneeLeft;-1.762833;-0.60898;3.488358;
AnkleRight;-1.408415;-0.9433875;3.543077;
AnkleLeft;-1.85634;-1.006961;3.622233;
FootRight;-1.394151;-1.038543;3.553657;
FootLeft;-1.849973;-1.096633;3.605194;
Head;-1.759138;0.596878;3.456052;
ShoulderCenter;-1.761967;0.4225593;3.513693;
ShoulderRight;-1.680956;0.2692056;3.415575;
ShoulderLeft;-1.725104;0.3111086;3.365985;
ElbowRight;-1.726381;0.07825626;3.317683;
ElbowLeft;-1.729475;0.112396;3.275697;
WristRight;-1.716181;0.2620013;3.206051;
WristLeft;-1.740762;-0.09176685;3.297754;
HandRight;-1.712781;0.3232497;3.173866;
HandLeft;-1.764104;-0.1233129;3.352231;
Spine;-1.738388;0.01091182;3.533034;
HipCenter;-1.702637;-0.06569519;3.519241;
HipRight;-1.685112;-0.1051579;3.473523;
HipLeft;-1.706926;-0.1198564;3.562967;
KneeRight;-1.743693;-0.6612896;3.49408;
KneeLeft;-1.706464;-0.5909823;3.509835;
AnkleRight;-1.446313;-0.9569675;3.544772;
AnkleLeft;-1.85668;-1.001306;3.618469;
FootRight;-1.48703;-1.038449;3.546287;
FootLeft;-1.861161;-1.092047;3.611736;
Head;-1.830463;0.5806135;3.443352;
ShoulderCenter;-1.770992;0.4185905;3.503839;
ShoulderRight;-1.698827;0.2668836;3.444454;
ShoulderLeft;-1.732503;0.3071051;3.354197;
ElbowRight;-1.751811;-0.004238278;3.365401;
ElbowLeft;-1.743946;0.02777794;3.299915;
WristRight;-1.746148;0.1731107;3.242904;
WristLeft;-1.754743;-0.1775385;3.312452;
HandRight;-1.74426;0.232227;3.207085;
HandLeft;-1.778076;-0.2090737;3.36691;
Spine;-1.751746;-0.04874387;3.540698;
HipCenter;-1.711723;-0.1382939;3.542029;
HipRight;-1.699161;-0.1439229;3.531743;
HipLeft;-1.719171;-0.1553899;3.555008;
KneeRight;-1.789522;-0.6617059;3.535198;
KneeLeft;-1.708278;-0.5732924;3.551804;
AnkleRight;-1.553396;-0.9669418;3.525681;
AnkleLeft;-1.856842;-0.996447;3.613299;
FootRight;-1.590113;-1.049608;3.515952;
FootLeft;-1.764696;-1.041112;3.582162;
Head;-1.803698;0.5836791;3.458692;
ShoulderCenter;-1.784369;0.4096772;3.514892;
ShoulderRight;-1.711879;0.258308;3.469498;
ShoulderLeft;-1.744019;0.29882;3.363751;
ElbowRight;-1.760336;-0.009817612;3.379444;
ElbowLeft;-1.757369;0.02015933;3.30883;
WristRight;-1.751801;0.1726534;3.266946;
WristLeft;-1.768416;-0.1871181;3.319899;
HandRight;-1.748956;0.233477;3.234447;
HandLeft;-1.791741;-0.2186426;3.374338;
Spine;-1.774247;0.006275018;3.60043;
HipCenter;-1.73552;-0.07143074;3.609926;
HipRight;-1.718377;-0.1098615;3.675985;
HipLeft;-1.727037;-0.1595194;3.558936;
KneeRight;-1.829183;-0.6603222;3.590857;
KneeLeft;-1.726586;-0.6014045;3.619561;
AnkleRight;-1.633566;-0.9806611;3.512969;
AnkleLeft;-1.865734;-1.019695;3.619709;
FootRight;-1.670581;-1.054796;3.475725;
FootLeft;-1.77293;-1.065434;3.592903;
Head;-1.800262;0.3407758;3.583293;
ShoulderCenter;-1.776789;0.1376343;3.648586;
ShoulderRight;-1.700209;-0.01097371;3.604005;
ShoulderLeft;-1.736572;0.02625765;3.497602;
ElbowRight;-1.77123;-0.01121324;3.380484;
ElbowLeft;-1.783838;-0.06484506;3.28878;
WristRight;-1.857236;-0.01150331;3.130452;
WristLeft;-1.777346;-0.2430969;3.378183;
HandRight;-1.881727;-0.01158591;3.063523;
HandLeft;-1.800664;-0.2746108;3.432604;
Spine;-1.805172;-0.1576523;3.694601;
HipCenter;-1.776404;-0.2177567;3.695331;
HipRight;-1.759077;-0.2579781;3.788064;
HipLeft;-1.793574;-0.3229003;3.615586;
KneeRight;-1.878774;-0.643808;3.656496;
KneeLeft;-1.918208;-0.7025619;3.722352;
AnkleRight;-2.008871;-1.063163;3.500361;
AnkleLeft;-2.022677;-1.01843;3.689702;
FootRight;-1.92287;-1.122174;3.465271;
FootLeft;-1.933433;-1.066988;3.65777;
Head;-1.814582;0.3264021;3.697522;
ShoulderCenter;-1.81226;0.1319217;3.706365;
ShoulderRight;-1.73568;-0.01668631;3.661784;
ShoulderLeft;-1.772043;0.02054505;3.555382;
ElbowRight;-1.800702;-0.01303995;3.436523;
ElbowLeft;-1.813807;-0.03612379;3.331953;
WristRight;-1.879466;-0.008622964;3.184308;
WristLeft;-1.809742;-0.2151225;3.41961;
HandRight;-1.901896;-0.007365128;3.116753;
HandLeft;-1.833052;-0.2466258;3.474012;
Spine;-1.855893;-0.1847986;3.707967;
HipCenter;-1.83016;-0.2490784;3.699847;
HipRight;-1.817151;-0.2920279;3.780191;
HipLeft;-1.85016;-0.3549323;3.611104;
KneeRight;-1.889121;-0.6852375;3.645469;
KneeLeft;-1.962382;-0.7080531;3.706244;
AnkleRight;-1.831981;-1.010188;3.544407;
AnkleLeft;-2.104089;-1.137357;3.709981;
FootRight;-1.756386;-0.9698661;3.516101;
FootLeft;-2.015042;-1.185635;3.678221;
Head;-1.843654;0.2597378;3.632055;
ShoulderCenter;-1.841335;0.06551392;3.640836;
ShoulderRight;-1.764755;-0.08309408;3.596255;
ShoulderLeft;-1.801118;-0.04586272;3.489852;
ElbowRight;-1.897127;-0.2350073;3.523744;
ElbowLeft;-1.845364;-0.2284469;3.545062;
WristRight;-2.057495;-0.41905;3.456551;
WristLeft;-1.853948;-0.4320734;3.560396;
HandRight;-2.103165;-0.4714616;3.441684;
HandLeft;-1.877251;-0.4635662;3.614781;
Spine;-1.91348;-0.2920053;3.736843;
HipCenter;-1.894767;-0.3704129;3.745966;
HipRight;-1.874691;-0.390436;3.796682;
HipLeft;-1.923891;-0.4242136;3.710515;
KneeRight;-1.892065;-0.766132;3.603364;
KneeLeft;-1.997285;-0.7195518;3.790727;
AnkleRight;-1.858811;-1.00782;3.621827;
AnkleLeft;-2.138992;-1.148856;3.794469;
FootRight;-1.814804;-1.075116;3.581561;
FootLeft;-2.056006;-1.204479;3.759657;
Head;-1.867262;0.2067749;3.657427;
ShoulderCenter;-1.864946;0.01282631;3.666146;
ShoulderRight;-1.788366;-0.1357817;3.621565;
ShoulderLeft;-1.824729;-0.09855033;3.515162;
ElbowRight;-1.963166;-0.2448611;3.465595;
ElbowLeft;-1.857018;-0.2628141;3.604999;
WristRight;-2.117101;-0.3409204;3.339159;
WristLeft;-1.854344;-0.4673854;3.570303;
HandRight;-2.168413;-0.3729402;3.302008;
HandLeft;-1.877639;-0.4988678;3.624669;
Spine;-1.912136;-0.2452454;3.693827;
HipCenter;-1.887419;-0.29969;3.690363;
HipRight;-1.847529;-0.3252096;3.743864;
HipLeft;-1.929982;-0.3113342;3.63796;
KneeRight;-1.90854;-0.7279333;3.648194;
KneeLeft;-2.006015;-0.6841123;3.729682;
AnkleRight;-1.862004;-1.009644;3.622309;
AnkleLeft;-2.147722;-1.113416;3.733434;
FootRight;-1.818138;-1.076725;3.58217;
FootLeft;-2.060884;-1.163564;3.700787;
Head;-1.917085;-0.1590289;3.728297;
ShoulderCenter;-1.914773;-0.352735;3.737155;
ShoulderRight;-1.838192;-0.501343;3.692574;
ShoulderLeft;-1.874555;-0.4641116;3.586171;
ElbowRight;-2.020577;-0.6062982;3.545326;
ElbowLeft;-1.907942;-0.619154;3.686877;
WristRight;-2.181324;-0.6988023;3.426434;
WristLeft;-1.905535;-0.8230236;3.650076;
HandRight;-2.234907;-0.729637;3.391775;
HandLeft;-1.928728;-0.8543698;3.704207;
Spine;-1.899828;-0.291069;3.705562;
HipCenter;-1.93158;-0.2809891;3.713973;
HipRight;-1.879936;-0.2549841;3.801008;
HipLeft;-2.001763;-0.2278602;3.58492;
KneeRight;-1.904687;-0.659708;3.66106;
KneeLeft;-2.013061;-0.6820778;3.71839;
AnkleRight;-1.864081;-1.011766;3.620549;
AnkleLeft;-2.154768;-1.111382;3.722277;
FootRight;-1.82035;-1.07864;3.580534;
FootLeft;-2.243181;-1.161044;3.750023;
Head;-1.909188;-0.5094807;3.70466;
ShoulderCenter;-1.906878;-0.7029516;3.713457;
ShoulderRight;-1.830298;-0.8515596;3.668876;
ShoulderLeft;-1.866661;-0.8143282;3.562474;
ElbowRight;-1.984964;-0.9405643;3.539559;
ElbowLeft;-1.89997;-0.9690105;3.66288;
WristRight;-1.895942;-0.7667422;3.644999;
WristLeft;-1.897702;-1.172467;3.626686;
HandRight;-1.86597;-0.6875277;3.61448;
HandLeft;-1.920836;-1.203732;3.680677;
Spine;-1.930174;-0.8909892;3.702675;
HipCenter;-1.900074;-0.9258172;3.693257;
HipRight;-1.893005;-0.9486395;3.694013;
HipLeft;-1.906437;-0.9261183;3.688858;
KneeRight;-1.818675;-1.394712;3.620993;
KneeLeft;-2.044701;-1.241804;3.708004;
AnkleRight;-1.870179;-1.01122;3.617002;
AnkleLeft;-2.186408;-1.671108;3.711895;
FootRight;-1.826578;-1.077896;3.577106;
FootLeft;-2.09583;-1.715201;3.682933;
