Floor;-0.0001222757;0.9999442;0.01057102;1.047219;
Head;1.58287;0.6315302;3.7585;
ShoulderCenter;1.687145;0.4110355;3.748211;
ShoulderRight;1.727382;0.2926646;3.582379;
ShoulderLeft;1.581998;0.2170549;3.821276;
ElbowRight;1.770725;0.06343285;3.464214;
ElbowLeft;1.612816;-0.03881778;3.941555;
WristRight;1.742176;-0.2477635;3.408662;
WristLeft;1.576661;-0.2587605;3.99315;
HandRight;1.740003;-0.3531874;3.409604;
HandLeft;1.549929;-0.3067809;3.979004;
Spine;1.64936;-0.02077379;3.689103;
HipCenter;1.641803;-0.1071357;3.681131;
HipRight;1.669636;-0.1458717;3.629189;
HipLeft;1.604213;-0.1798961;3.71525;
KneeRight;1.622913;-0.6729274;3.583856;
KneeLeft;1.585802;-0.6766124;3.613954;
AnkleRight;1.93031;-0.9729522;3.720405;
AnkleLeft;1.909028;-0.9647264;3.741367;
FootRight;1.810743;-1.006433;3.67148;
FootLeft;1.918839;-1.084194;3.800036;
Head;1.54722;0.632712;3.734074;
ShoulderCenter;1.659105;0.4138537;3.735271;
ShoulderRight;1.708826;0.3068503;3.571069;
ShoulderLeft;1.542873;0.2377435;3.807474;
ElbowRight;1.75135;0.06508709;3.466548;
ElbowLeft;1.55934;-0.06448811;3.839849;
WristRight;1.671821;-0.2442365;3.428969;
WristLeft;1.575316;-0.2477203;3.973802;
HandRight;1.677014;-0.3580201;3.390949;
HandLeft;1.551103;-0.2980118;3.958923;
Spine;1.61046;0.03478038;3.686451;
HipCenter;1.60241;-0.04120314;3.68089;
HipRight;1.632131;-0.08371688;3.627019;
HipLeft;1.560148;-0.1170832;3.717457;
KneeRight;1.603666;-0.6760065;3.569917;
KneeLeft;1.558839;-0.6146976;3.670692;
AnkleRight;1.899169;-1.057168;3.774302;
AnkleLeft;1.556535;-1.064407;3.528387;
FootRight;1.798178;-1.074018;3.685879;
FootLeft;1.533092;-1.129265;3.455982;
Head;1.536487;0.653617;3.750745;
ShoulderCenter;1.610679;0.4180526;3.713382;
ShoulderRight;1.6538;0.3068158;3.578363;
ShoulderLeft;1.510925;0.2201084;3.794633;
ElbowRight;1.691392;0.08981233;3.467059;
ElbowLeft;1.528044;-0.04749439;3.848983;
WristRight;1.607737;-0.2115237;3.436132;
WristLeft;1.534071;-0.2731435;3.885423;
HandRight;1.568281;-0.3157417;3.411143;
HandLeft;1.552556;-0.317763;3.949123;
Spine;1.581138;0.03406847;3.677923;
HipCenter;1.574048;-0.04255056;3.673753;
HipRight;1.600022;-0.08289231;3.619603;
HipLeft;1.536366;-0.1211044;3.712636;
KneeRight;1.591753;-0.6784425;3.564679;
KneeLeft;1.499723;-0.6145145;3.73238;
AnkleRight;1.823957;-1.044339;3.737403;
AnkleLeft;1.559453;-1.063461;3.530348;
FootRight;1.715762;-1.062194;3.660914;
FootLeft;1.463914;-1.098663;3.509796;
Head;1.492616;0.6492;3.756105;
ShoulderCenter;1.579682;0.4185497;3.712413;
ShoulderRight;1.636143;0.307179;3.572693;
ShoulderLeft;1.489334;0.2351248;3.839227;
ElbowRight;1.650446;0.07969163;3.473614;
ElbowLeft;1.475619;-0.07600315;3.79038;
WristRight;1.526797;-0.2073732;3.429093;
WristLeft;1.444237;-0.3053937;3.791794;
HandRight;1.49196;-0.301294;3.411399;
HandLeft;1.461854;-0.3479171;3.852501;
Spine;1.557454;0.03853628;3.677345;
HipCenter;1.553167;-0.03769186;3.673642;
HipRight;1.579371;-0.08363959;3.613346;
HipLeft;1.518467;-0.1182869;3.718367;
KneeRight;1.567886;-0.6573015;3.552907;
KneeLeft;1.46479;-0.603662;3.758518;
AnkleRight;1.580446;-1.048593;3.535577;
AnkleLeft;1.557634;-1.058321;3.530208;
FootRight;1.496511;-1.094165;3.514212;
FootLeft;1.467265;-1.091746;3.566175;
Head;1.449291;0.6675565;3.76847;
ShoulderCenter;1.531155;0.4372837;3.708447;
ShoulderRight;1.585809;0.3120194;3.568219;
ShoulderLeft;1.443783;0.2327818;3.799189;
ElbowRight;1.615178;0.1046862;3.445896;
ElbowLeft;1.430146;-0.07657973;3.750373;
WristRight;1.455917;-0.1613492;3.418829;
WristLeft;1.450165;-0.2647453;3.886528;
HandRight;1.37626;-0.27711;3.400863;
HandLeft;1.467421;-0.3063985;3.945993;
Spine;1.525288;0.04476522;3.676178;
HipCenter;1.523778;-0.03329048;3.673134;
HipRight;1.552221;-0.08851585;3.601425;
HipLeft;1.487471;-0.124237;3.72929;
KneeRight;1.545738;-0.6919654;3.575425;
KneeLeft;1.409888;-0.5685318;3.754991;
AnkleRight;1.552509;-1.07573;3.589674;
AnkleLeft;1.541531;-1.02652;3.620574;
FootRight;1.498065;-1.095693;3.507869;
FootLeft;1.479002;-1.086522;3.516198;
Head;1.397608;0.6559469;3.765372;
ShoulderCenter;1.508735;0.4444031;3.71;
ShoulderRight;1.548306;0.3205306;3.564767;
ShoulderLeft;1.422812;0.2607898;3.768317;
ElbowRight;1.537573;0.1161108;3.448363;
ElbowLeft;1.416366;0.0381386;3.73764;
WristRight;1.377689;-0.1391182;3.444831;
WristLeft;1.436753;-0.1382086;3.8741;
HandRight;1.278287;-0.242712;3.410136;
HandLeft;1.453691;-0.1790929;3.932467;
Spine;1.484691;0.07478886;3.673154;
HipCenter;1.481924;0.0002177879;3.669157;
HipRight;1.506546;-0.05711204;3.595639;
HipLeft;1.452047;-0.08403962;3.724855;
KneeRight;1.536396;-0.6555023;3.573881;
KneeLeft;1.414563;-0.6801265;3.758153;
AnkleRight;1.572174;-1.0227;3.531749;
AnkleLeft;1.490689;-1.040657;3.70676;
FootRight;1.481353;-1.069903;3.478654;
FootLeft;1.543775;-1.083327;3.592986;
Head;1.391328;0.6624769;3.763867;
ShoulderCenter;1.476788;0.4427027;3.712499;
ShoulderRight;1.519641;0.3194868;3.548169;
ShoulderLeft;1.404054;0.2581527;3.768832;
ElbowRight;1.448741;0.1257701;3.45154;
ElbowLeft;1.376466;-0.003786233;3.713769;
WristRight;1.271031;-0.1072272;3.413557;
WristLeft;1.396562;-0.1901853;3.850235;
HandRight;1.214481;-0.1852996;3.396483;
HandLeft;1.413296;-0.2305754;3.907897;
Spine;1.460411;0.07647449;3.67494;
HipCenter;1.456107;0.003082183;3.671061;
HipRight;1.478209;-0.05042318;3.601581;
HipLeft;1.424931;-0.07856859;3.72375;
KneeRight;1.507633;-0.6505759;3.546479;
KneeLeft;1.350894;-0.6881503;3.757688;
AnkleRight;1.574116;-1.054269;3.533311;
AnkleLeft;1.419332;-1.042722;3.729096;
FootRight;1.481506;-1.08081;3.540023;
FootLeft;1.429963;-1.073392;3.602536;
Head;1.332135;0.6465743;3.779217;
ShoulderCenter;1.440243;0.4383852;3.728796;
ShoulderRight;1.478616;0.3249968;3.54455;
ShoulderLeft;1.35893;0.2740603;3.741674;
ElbowRight;1.425143;0.1331751;3.421939;
ElbowLeft;1.345521;0.01246174;3.688371;
WristRight;1.224395;-0.07828455;3.390984;
WristLeft;1.365618;-0.1739373;3.825045;
HandRight;1.147038;-0.1302776;3.359311;
HandLeft;1.382443;-0.2145499;3.883024;
Spine;1.420149;0.102454;3.679355;
HipCenter;1.416051;0.0359259;3.672692;
HipRight;1.439052;-0.01262488;3.607754;
HipLeft;1.387002;-0.03578926;3.716021;
KneeRight;1.503221;-0.6396744;3.54699;
KneeLeft;1.267987;-0.6394926;3.751287;
AnkleRight;1.577672;-1.048988;3.537988;
AnkleLeft;1.298623;-1.014251;3.710252;
FootRight;1.508585;-1.096402;3.495341;
FootLeft;1.194105;-1.057531;3.726204;
Head;1.313649;0.6555988;3.794348;
ShoulderCenter;1.414342;0.4439512;3.73384;
ShoulderRight;1.429585;0.3287716;3.568805;
ShoulderLeft;1.338439;0.2793279;3.745048;
ElbowRight;1.345723;0.1572253;3.445476;
ElbowLeft;1.321667;0.01906225;3.690135;
WristRight;1.150197;-0.05091535;3.389803;
WristLeft;1.341764;-0.1673368;3.826607;
HandRight;1.086459;-0.1229222;3.366335;
HandLeft;1.358682;-0.2081744;3.884907;
Spine;1.384935;-0.006216101;3.672077;
HipCenter;1.380949;-0.09665687;3.662959;
HipRight;1.401645;-0.1376073;3.609102;
HipLeft;1.355719;-0.1585948;3.700358;
KneeRight;1.49665;-0.6642098;3.546025;
KneeLeft;1.238086;-0.6192505;3.745541;
AnkleRight;1.577151;-1.044026;3.539016;
AnkleLeft;1.180459;-1.01213;3.703651;
FootRight;1.485521;-1.083561;3.511372;
FootLeft;1.075667;-1.060252;3.735194;
Head;1.280272;0.6421462;3.769561;
ShoulderCenter;1.364392;0.4259556;3.738313;
ShoulderRight;1.406614;0.3173731;3.555795;
ShoulderLeft;1.287055;0.2621005;3.749306;
ElbowRight;1.30063;0.1542625;3.445311;
ElbowLeft;1.257638;0.004213512;3.657193;
WristRight;1.092687;-0.03557512;3.382947;
WristLeft;1.277735;-0.1821855;3.793597;
HandRight;1.024978;-0.1016205;3.363043;
HandLeft;1.294256;-0.2220625;3.850526;
Spine;1.358468;0.0253072;3.667947;
HipCenter;1.354143;-0.05108193;3.656886;
HipRight;1.377784;-0.09899639;3.602201;
HipLeft;1.329259;-0.1103164;3.690668;
KneeRight;1.487917;-0.677971;3.547878;
KneeLeft;1.18742;-0.6421606;3.735905;
AnkleRight;1.577263;-1.047315;3.538616;
AnkleLeft;1.073949;-1.016368;3.720899;
FootRight;1.561914;-1.120517;3.479886;
FootLeft;0.9480115;-1.040002;3.732502;
Head;1.210691;0.6300808;3.757688;
ShoulderCenter;1.31317;0.421404;3.716044;
ShoulderRight;1.359601;0.3155065;3.558633;
ShoulderLeft;1.235833;0.2575489;3.727038;
ElbowRight;1.257235;0.1525252;3.448532;
ElbowLeft;1.206416;-0.0003381371;3.634729;
WristRight;1.040533;-0.01698549;3.368773;
WristLeft;1.226512;-0.1867372;3.771033;
HandRight;0.971644;-0.084795;3.355717;
HandLeft;1.243184;-0.2269787;3.828483;
Spine;1.325334;0.0352019;3.65396;
HipCenter;1.329785;-0.04293414;3.646198;
HipRight;1.353517;-0.09576932;3.590861;
HipLeft;1.309901;-0.1047324;3.680996;
KneeRight;1.445187;-0.6546295;3.558626;
KneeLeft;1.145339;-0.6798214;3.746472;
AnkleRight;1.575745;-1.045443;3.53972;
AnkleLeft;1.008111;-1.002432;3.714452;
FootRight;1.51498;-1.114565;3.521587;
FootLeft;0.8850526;-1.032024;3.705112;
Head;1.149696;0.6132625;3.759494;
ShoulderCenter;1.275421;0.4179874;3.714174;
ShoulderRight;1.330914;0.3094639;3.563622;
ShoulderLeft;1.153555;0.1626167;3.720545;
ElbowRight;1.257617;0.1245675;3.436807;
ElbowLeft;1.17282;-0.03062882;3.624208;
WristRight;1.02925;-0.02483176;3.368182;
WristLeft;1.189952;-0.1872881;3.770837;
HandRight;0.8513415;-0.1421033;3.334487;
HandLeft;1.206454;-0.2271194;3.827701;
Spine;1.280877;0.008974247;3.650555;
HipCenter;1.283082;-0.07272756;3.641483;
HipRight;1.33156;-0.1119016;3.591986;
HipLeft;1.245718;-0.1512304;3.668812;
KneeRight;1.44329;-0.6689798;3.553973;
KneeLeft;1.113327;-0.6933022;3.745396;
AnkleRight;1.575715;-1.048087;3.538177;
AnkleLeft;0.9765512;-1.010017;3.707791;
FootRight;1.532434;-1.112408;3.488984;
FootLeft;0.8801386;-1.043676;3.703183;
Head;1.113558;0.6180951;3.747016;
ShoulderCenter;1.224633;0.4131952;3.713264;
ShoulderRight;1.29285;0.3079281;3.564448;
ShoulderLeft;1.112471;0.1587206;3.720043;
ElbowRight;1.241873;0.1230768;3.437545;
ElbowLeft;1.13474;-0.03598861;3.639713;
WristRight;1.010124;-0.006917983;3.355485;
WristLeft;1.152281;-0.2000413;3.781783;
HandRight;0.9316745;-0.06627105;3.35201;
HandLeft;1.169105;-0.2406512;3.839759;
Spine;1.279302;-0.0005590268;3.692533;
HipCenter;1.243933;-0.07727145;3.645156;
HipRight;1.282115;-0.1263442;3.60036;
HipLeft;1.203232;-0.1530316;3.669916;
KneeRight;1.424626;-0.6663384;3.558821;
KneeLeft;1.090717;-0.6824231;3.742628;
AnkleRight;1.553318;-1.036695;3.530849;
AnkleLeft;0.9270021;-1.020548;3.690461;
FootRight;1.464605;-1.079152;3.518684;
FootLeft;0.845422;-1.062934;3.697227;
Head;1.077083;0.6096655;3.755927;
ShoulderCenter;1.199174;0.4103416;3.715511;
ShoulderRight;1.233466;0.2929567;3.569857;
ShoulderLeft;1.080769;0.1552243;3.722441;
ElbowRight;1.208472;0.1255155;3.435875;
ElbowLeft;1.079416;-0.04118115;3.66037;
WristRight;0.9796861;-0.00327085;3.360427;
WristLeft;1.099749;-0.1932587;3.802233;
HandRight;0.902536;-0.06483052;3.363446;
HandLeft;1.116627;-0.2339974;3.860392;
Spine;1.230819;-0.002681513;3.694776;
HipCenter;1.189801;-0.07728161;3.651727;
HipRight;1.225252;-0.1319943;3.59405;
HipLeft;1.154538;-0.1561344;3.687621;
KneeRight;1.374297;-0.6685618;3.566609;
KneeLeft;1.040824;-0.6855094;3.740541;
AnkleRight;1.552519;-1.035155;3.533198;
AnkleLeft;0.9315405;-1.023413;3.685879;
FootRight;1.464179;-1.081147;3.524285;
FootLeft;0.8518762;-1.069637;3.67647;
Head;1.05241;0.627521;3.783388;
ShoulderCenter;1.145683;0.4160264;3.710253;
ShoulderRight;1.197601;0.2896376;3.56261;
ShoulderLeft;1.029388;0.1611599;3.716949;
ElbowRight;1.202463;0.1227778;3.431188;
ElbowLeft;1.043274;-0.03141028;3.655589;
WristRight;0.9813238;-0.01512769;3.369383;
WristLeft;1.061164;-0.1872062;3.796715;
HandRight;0.9220133;-0.05470467;3.361046;
HandLeft;1.077765;-0.2272763;3.85392;
Spine;1.191026;-0.01246387;3.691153;
HipCenter;1.151586;-0.09171734;3.645247;
HipRight;1.186055;-0.1421767;3.5944;
HipLeft;1.120027;-0.1641085;3.677132;
KneeRight;1.34967;-0.699402;3.56349;
KneeLeft;1.007179;-0.6801679;3.738549;
AnkleRight;1.502786;-1.035045;3.526855;
AnkleLeft;0.9270532;-1.021392;3.680545;
FootRight;1.509249;-1.10498;3.4532;
FootLeft;0.8535912;-1.073804;3.681137;
Head;1.00793;0.6302252;3.790549;
ShoulderCenter;1.102951;0.4208459;3.713683;
ShoulderRight;1.167798;0.291737;3.56775;
ShoulderLeft;0.9866555;0.1659794;3.720379;
ElbowRight;1.078029;0.07268767;3.418644;
ElbowLeft;0.9908641;-0.01222122;3.60548;
WristRight;0.8714054;-0.08726183;3.357834;
WristLeft;1.010961;-0.1986203;3.741436;
HandRight;0.7914478;-0.1371605;3.335352;
HandLeft;1.027522;-0.2385949;3.798504;
Spine;1.141232;-0.0140516;3.687273;
HipCenter;1.105186;-0.09305479;3.638784;
HipRight;1.146494;-0.1249754;3.606347;
HipLeft;1.064005;-0.1675945;3.651604;
KneeRight;1.307925;-0.7203148;3.557331;
KneeLeft;0.9755816;-0.6705458;3.727197;
AnkleRight;1.500321;-1.027741;3.528985;
AnkleLeft;0.9308619;-1.007932;3.681623;
FootRight;1.446772;-1.095841;3.494684;
FootLeft;0.8680464;-1.082373;3.757321;
Head;0.9803788;0.6303077;3.792994;
ShoulderCenter;1.080112;0.4241861;3.710424;
ShoulderRight;1.110469;0.3013864;3.569343;
ShoulderLeft;0.9638165;0.1693195;3.717119;
ElbowRight;1.067149;0.06815539;3.421834;
ElbowLeft;0.9537297;-0.02623586;3.685747;
WristRight;0.8700725;-0.1002852;3.352192;
WristLeft;0.9746812;-0.196064;3.821773;
HandRight;0.7616234;-0.188805;3.32992;
HandLeft;0.9910194;-0.2355004;3.878073;
Spine;1.097444;-0.008070217;3.680429;
HipCenter;1.052017;-0.0848363;3.637378;
HipRight;1.082087;-0.1139736;3.612687;
HipLeft;1.020372;-0.1539149;3.645802;
KneeRight;1.215843;-0.7053039;3.555632;
KneeLeft;0.9514089;-0.6724687;3.719642;
AnkleRight;1.449135;-1.036557;3.538031;
AnkleLeft;0.9305369;-1.015405;3.68553;
FootRight;1.450569;-1.124516;3.553455;
FootLeft;0.8543919;-1.071051;3.667907;
Head;0.9060268;0.6253723;3.751712;
ShoulderCenter;1.023494;0.4248685;3.711069;
ShoulderRight;1.065248;0.3055814;3.562145;
ShoulderLeft;0.898818;0.1517752;3.725533;
ElbowRight;1.054394;0.08848243;3.42659;
ElbowLeft;0.8970059;-0.03279707;3.633385;
WristRight;0.8778439;-0.1029953;3.370458;
WristLeft;0.9172623;-0.2029281;3.774714;
HandRight;0.7606152;-0.2113389;3.332436;
HandLeft;0.9334556;-0.2420149;3.830515;
Spine;1.072009;-0.005359923;3.668438;
HipCenter;1.030347;-0.08334024;3.621438;
HipRight;1.06293;-0.1167703;3.576065;
HipLeft;0.9915657;-0.1608146;3.636438;
KneeRight;1.064647;-0.6429054;3.528903;
KneeLeft;0.9302416;-0.6743812;3.714092;
AnkleRight;1.38061;-0.9703974;3.535946;
AnkleLeft;0.9301605;-1.016504;3.685637;
FootRight;1.405892;-1.078467;3.581653;
FootLeft;0.8525159;-1.079551;3.671572;
Head;0.8502901;0.6136956;3.724611;
ShoulderCenter;0.9918013;0.4290072;3.691145;
ShoulderRight;1.05963;0.3037457;3.559988;
ShoulderLeft;0.8671254;0.1559139;3.705609;
ElbowRight;1.037285;0.07370909;3.437717;
ElbowLeft;0.8622893;-0.0890757;3.573452;
WristRight;0.8772963;-0.1359033;3.391033;
WristLeft;0.8823052;-0.2795677;3.70749;
HandRight;0.773106;-0.2528087;3.348234;
HandLeft;0.8984214;-0.3184683;3.763026;
Spine;1.023001;-0.005246911;3.648724;
HipCenter;0.9860036;-0.08153576;3.596991;
HipRight;1.034845;-0.1145926;3.558763;
HipLeft;0.9432616;-0.1665599;3.614767;
KneeRight;1.028059;-0.6560748;3.528308;
KneeLeft;0.8956848;-0.6664093;3.688938;
AnkleRight;1.337796;-0.9889781;3.547794;
AnkleLeft;0.9281225;-1.017713;3.685564;
FootRight;1.272691;-1.030587;3.477098;
FootLeft;0.8597654;-1.080771;3.675999;
Head;0.8468899;0.6344266;3.733531;
ShoulderCenter;0.9706557;0.4363224;3.685339;
ShoulderRight;1.027635;0.3046527;3.555296;
ShoulderLeft;0.8459798;0.163229;3.699803;
ElbowRight;1.008205;0.07671091;3.437846;
ElbowLeft;0.8470279;-0.08440094;3.569732;
WristRight;0.8757292;-0.1531636;3.391324;
WristLeft;0.833573;-0.2423467;3.769595;
HandRight;0.8423628;-0.2354534;3.359777;
HandLeft;0.8496796;-0.281224;3.825097;
Spine;0.9743045;-0.00516507;3.665026;
HipCenter;0.9317081;-0.08344135;3.618749;
HipRight;0.9735365;-0.1255456;3.579358;
HipLeft;0.8834364;-0.1575329;3.640596;
KneeRight;0.9979016;-0.6603356;3.530442;
KneeLeft;0.8613023;-0.6568151;3.677675;
AnkleRight;1.28534;-1.005778;3.555633;
AnkleLeft;0.9258765;-1.025697;3.687526;
FootRight;1.218261;-1.047582;3.486206;
FootLeft;0.8553835;-1.08326;3.674474;
Head;0.813935;0.6583818;3.728484;
ShoulderCenter;0.9170738;0.4489069;3.664192;
ShoulderRight;0.9921256;0.3127896;3.545545;
ShoulderLeft;0.792398;0.1758136;3.678656;
ElbowRight;1.005924;0.07854731;3.440039;
ElbowLeft;0.7922181;-0.0730494;3.548061;
WristRight;0.8856831;-0.1599659;3.397739;
WristLeft;0.7912998;-0.2064971;3.76581;
HandRight;0.8697389;-0.2489028;3.365575;
HandLeft;0.7814819;-0.2760055;3.831161;
Spine;0.9341671;0.004557645;3.666431;
HipCenter;0.8969187;-0.07653949;3.618061;
HipRight;0.9428934;-0.1228277;3.576679;
HipLeft;0.8451633;-0.1538245;3.6447;
KneeRight;0.9187903;-0.6574264;3.529128;
KneeLeft;0.8336282;-0.6643784;3.633965;
AnkleRight;1.176749;-0.9802659;3.535526;
AnkleLeft;0.9299025;-1.032455;3.691721;
FootRight;1.116341;-1.046243;3.528404;
FootLeft;0.8504374;-1.086088;3.677418;
Head;0.7913001;0.6503404;3.726007;
ShoulderCenter;0.8952917;0.4412794;3.653474;
ShoulderRight;0.9556529;0.3126264;3.535027;
ShoulderLeft;0.7706158;0.168186;3.667938;
ElbowRight;0.9752708;0.05215671;3.449127;
ElbowLeft;0.773107;-0.03544028;3.816322;
WristRight;0.8880645;-0.194237;3.386214;
WristLeft;0.7278262;-0.2316918;3.878831;
HandRight;0.8606745;-0.2875787;3.376368;
HandLeft;0.7074393;-0.3088103;3.887694;
Spine;0.8874598;-0.004323198;3.654472;
HipCenter;0.8446411;-0.08315141;3.609936;
HipRight;0.8846983;-0.1304433;3.571687;
HipLeft;0.7946896;-0.158857;3.635343;
KneeRight;0.8288381;-0.6215065;3.519416;
KneeLeft;0.7836644;-0.6908959;3.626684;
AnkleRight;1.084771;-0.9836611;3.542724;
AnkleLeft;0.9335862;-1.035286;3.684462;
FootRight;1.030879;-1.049903;3.514015;
FootLeft;0.8593053;-1.086071;3.680021;
Head;0.7189834;0.6283419;3.678832;
ShoulderCenter;0.8525416;0.4348949;3.63767;
ShoulderRight;0.9255149;0.3161226;3.524994;
ShoulderLeft;0.7165302;0.2248577;3.733465;
ElbowRight;0.9630266;0.05032584;3.442927;
ElbowLeft;0.7302563;-0.006364182;3.848836;
WristRight;0.8969626;-0.1956137;3.385642;
WristLeft;0.6459168;-0.1865886;3.868994;
HandRight;0.90416;-0.2949544;3.381636;
HandLeft;0.6066561;-0.2625793;3.833487;
Spine;0.8529965;0.0232191;3.634196;
HipCenter;0.8051121;-0.04890516;3.593357;
HipRight;0.8420146;-0.100229;3.546278;
HipLeft;0.7562042;-0.1247958;3.624939;
KneeRight;0.7726747;-0.6342113;3.51688;
KneeLeft;0.8986584;-0.6144274;3.645198;
AnkleRight;0.9864031;-0.9989486;3.559114;
AnkleLeft;0.892176;-1.025041;3.626295;
FootRight;0.8948308;-1.079402;3.568805;
FootLeft;0.8515543;-1.089642;3.683145;
Head;0.7032515;0.6564851;3.705432;
ShoulderCenter;0.8141758;0.4519386;3.631612;
ShoulderRight;0.8908807;0.317696;3.519337;
ShoulderLeft;0.7139633;0.2543963;3.694552;
ElbowRight;0.9541441;0.05180395;3.440256;
ElbowLeft;0.6864707;0.03169858;3.82814;
WristRight;0.9047754;-0.2039203;3.387715;
WristLeft;0.5894296;-0.1646838;3.879006;
HandRight;0.9078115;-0.3047208;3.382079;
HandLeft;0.5438642;-0.2335781;3.862416;
Spine;0.8306316;0.01357279;3.629326;
HipCenter;0.783311;-0.06628808;3.586771;
HipRight;0.8116704;-0.1122413;3.530922;
HipLeft;0.7444773;-0.1426218;3.626085;
KneeRight;0.6985207;-0.6391957;3.511556;
KneeLeft;0.8746365;-0.6437091;3.685186;
AnkleRight;0.8839239;-1.002121;3.541399;
AnkleLeft;0.9558631;-0.9705785;3.682019;
FootRight;0.819827;-1.065026;3.53201;
FootLeft;0.8558789;-1.036182;3.657039;
Head;0.6677823;0.6509705;3.700171;
ShoulderCenter;0.7733046;0.4438463;3.624116;
ShoulderRight;0.8474687;0.314392;3.513342;
ShoulderLeft;0.6784801;0.2458147;3.687651;
ElbowRight;0.9302081;0.04960808;3.433525;
ElbowLeft;0.6407338;0.04206006;3.848648;
WristRight;0.9165989;-0.230865;3.394057;
WristLeft;0.521029;-0.1329009;3.872612;
HandRight;0.9233692;-0.3286512;3.390428;
HandLeft;0.4750826;-0.2145228;3.852084;
Spine;0.8007537;0.01759792;3.619178;
HipCenter;0.7584806;-0.06155851;3.578071;
HipRight;0.7886407;-0.1081085;3.517392;
HipLeft;0.7240869;-0.145231;3.622317;
KneeRight;0.6459553;-0.6474357;3.51437;
KneeLeft;0.8516509;-0.6602497;3.679843;
AnkleRight;0.8189768;-1.001683;3.545872;
AnkleLeft;0.9161376;-1.020318;3.622962;
FootRight;0.7122401;-1.061039;3.53912;
FootLeft;0.8342464;-1.10898;3.603103;
Head;0.6764584;0.6559529;3.695336;
ShoulderCenter;0.732434;0.4291283;3.633887;
ShoulderRight;0.8136764;0.3052379;3.501669;
ShoulderLeft;0.6337038;0.229786;3.697407;
ElbowRight;0.9236262;0.04470968;3.429494;
ElbowLeft;0.5916851;0.0284688;3.866072;
WristRight;0.9153084;-0.23942;3.388954;
WristLeft;0.4646986;-0.1447593;3.86583;
HandRight;0.9212385;-0.3264536;3.385196;
HandLeft;0.3896816;-0.1767639;3.85659;
Spine;0.7734502;0.02674427;3.621375;
HipCenter;0.7294783;-0.04728289;3.580014;
HipRight;0.7650446;-0.1012171;3.50678;
HipLeft;0.6930254;-0.1400263;3.633612;
KneeRight;0.5954491;-0.6525781;3.503581;
KneeLeft;0.8120046;-0.6809205;3.694547;
AnkleRight;0.6527905;-1.041705;3.492135;
AnkleLeft;0.9121065;-1.037059;3.683465;
FootRight;0.5423806;-1.088181;3.516754;
FootLeft;0.8553621;-1.101483;3.655171;
Head;0.6236671;0.6574878;3.693878;
ShoulderCenter;0.6973835;0.4353995;3.633322;
ShoulderRight;0.7768177;0.2993203;3.495226;
ShoulderLeft;0.6014302;0.2363373;3.696506;
ElbowRight;0.8963171;0.03810006;3.424966;
ElbowLeft;0.5486628;0.0433335;3.876505;
WristRight;0.9159132;-0.2387154;3.386557;
WristLeft;0.3769297;-0.153852;3.894558;
HandRight;0.9233129;-0.3251143;3.383662;
HandLeft;0.3155922;-0.1947135;3.881149;
Spine;0.742;0.01963342;3.616922;
HipCenter;0.7008851;-0.05716539;3.575458;
HipRight;0.7399162;-0.1057118;3.504793;
HipLeft;0.6624598;-0.1545022;3.624454;
KneeRight;0.5570061;-0.6483601;3.495005;
KneeLeft;0.6816061;-0.6726746;3.594733;
AnkleRight;0.5441231;-1.048154;3.474362;
AnkleLeft;0.9177327;-1.037752;3.670336;
FootRight;0.4611867;-1.082531;3.484022;
FootLeft;0.8168688;-1.096122;3.688355;
Head;0.6000788;0.6579127;3.667859;
ShoulderCenter;0.6767851;0.435911;3.628579;
ShoulderRight;0.7345552;0.3067278;3.49586;
ShoulderLeft;0.5683616;0.2421695;3.64763;
ElbowRight;0.8577531;0.04488444;3.414313;
ElbowLeft;0.5266884;0.06008725;3.844547;
WristRight;0.9139326;-0.2385662;3.386124;
WristLeft;0.3511358;-0.1194455;3.902867;
HandRight;0.9230485;-0.3246913;3.3826;
HandLeft;0.2977189;-0.1657958;3.926177;
Spine;0.7100397;0.0141202;3.613623;
HipCenter;0.6700212;-0.06253468;3.567127;
HipRight;0.7062151;-0.109;3.505162;
HipLeft;0.6304823;-0.1443294;3.608515;
KneeRight;0.5061541;-0.6516894;3.472573;
KneeLeft;0.6516644;-0.67478;3.577966;
AnkleRight;0.4412117;-1.041851;3.477685;
AnkleLeft;0.9123853;-1.031474;3.668698;
FootRight;0.3205497;-1.066854;3.477464;
FootLeft;0.8274514;-1.095232;3.691592;
Head;0.522095;0.6238517;3.627482;
ShoulderCenter;0.6190916;0.4106511;3.603775;
ShoulderRight;0.7164924;0.2965796;3.489186;
ShoulderLeft;0.5292376;0.1987466;3.658545;
ElbowRight;0.8498485;0.03686836;3.409952;
ElbowLeft;0.4991042;0.04166627;3.877686;
WristRight;0.8674552;-0.2315761;3.361545;
WristLeft;0.3119099;-0.0978725;3.872194;
HandRight;0.916024;-0.31873;3.379803;
HandLeft;0.2449814;-0.1589076;3.861622;
Spine;0.6652297;0.001857216;3.597577;
HipCenter;0.6319095;-0.07366034;3.553509;
HipRight;0.6789968;-0.1135705;3.501127;
HipLeft;0.5913696;-0.1563116;3.58885;
KneeRight;0.4977697;-0.5897512;3.486303;
KneeLeft;0.5585417;-0.6683279;3.524743;
AnkleRight;0.3505586;-1.027236;3.46449;
AnkleLeft;0.8615932;-0.9832552;3.643436;
FootRight;0.2285446;-1.045077;3.452589;
FootLeft;0.8280144;-1.092967;3.69016;
Head;0.4762596;0.5962955;3.586949;
ShoulderCenter;0.5930759;0.3986689;3.592403;
ShoulderRight;0.6664983;0.2761533;3.46827;
ShoulderLeft;0.4892661;0.2069823;3.632925;
ElbowRight;0.7964351;0.02926079;3.38559;
ElbowLeft;0.437076;0.04096225;3.845381;
WristRight;0.852425;-0.2412312;3.360692;
WristLeft;0.2797633;-0.1105964;3.870209;
HandRight;0.8822787;-0.3187607;3.370349;
HandLeft;0.2140076;-0.1648145;3.843784;
Spine;0.6440969;0.0007758527;3.594865;
HipCenter;0.6062571;-0.07449158;3.551103;
HipRight;0.6435129;-0.1141691;3.499682;
HipLeft;0.5691981;-0.1564363;3.587551;
KneeRight;0.474108;-0.5829088;3.4811;
KneeLeft;0.5448778;-0.6724219;3.521575;
AnkleRight;0.3105954;-1.013351;3.47616;
AnkleLeft;0.8537337;-0.9811658;3.639685;
FootRight;0.1947704;-1.041491;3.441785;
FootLeft;0.8299496;-1.090657;3.692929;
Head;0.4427478;0.6077712;3.604737;
ShoulderCenter;0.5500385;0.4003206;3.53855;
ShoulderRight;0.6378266;0.2735252;3.462973;
ShoulderLeft;0.4517812;0.1997267;3.638186;
ElbowRight;0.754114;0.007682134;3.368062;
ElbowLeft;0.3870655;0.03231347;3.845461;
WristRight;0.8088101;-0.2518494;3.340443;
WristLeft;0.2485205;-0.1347241;3.865512;
HandRight;0.8593838;-0.3282938;3.370724;
HandLeft;0.1714295;-0.1846635;3.823403;
Spine;0.5898294;-0.006843556;3.569793;
HipCenter;0.5548316;-0.08693486;3.534724;
HipRight;0.5984769;-0.1279609;3.490736;
HipLeft;0.5133225;-0.164762;3.574235;
KneeRight;0.515425;-0.5736986;3.485631;
KneeLeft;0.445373;-0.6745844;3.475072;
AnkleRight;0.3332453;-0.9956385;3.477397;
AnkleLeft;0.7816821;-0.943014;3.608024;
FootRight;0.2181047;-1.041799;3.46501;
FootLeft;0.8120688;-1.044984;3.672989;
Head;0.4328263;0.6201737;3.600312;
ShoulderCenter;0.4983763;0.3955056;3.544432;
ShoulderRight;0.584478;0.2727201;3.451686;
ShoulderLeft;0.3937996;0.1777832;3.645895;
ElbowRight;0.7215126;0.01609888;3.366584;
ElbowLeft;0.3623443;0.009969711;3.862488;
WristRight;0.7607074;-0.2550901;3.328939;
WristLeft;0.1918906;-0.1475338;3.832541;
HandRight;0.8032585;-0.3225754;3.349198;
HandLeft;0.1492551;-0.1952904;3.795777;
Spine;0.5570997;-0.005490223;3.565976;
HipCenter;0.5240326;-0.08567894;3.53084;
HipRight;0.5715359;-0.1282192;3.488279;
HipLeft;0.4815506;-0.1636452;3.566508;
KneeRight;0.4960196;-0.5735469;3.491835;
KneeLeft;0.4297703;-0.6781753;3.46908;
AnkleRight;0.3239236;-0.998914;3.485908;
AnkleLeft;0.7593731;-0.9533453;3.602788;
FootRight;0.2086157;-1.044294;3.468469;
FootLeft;0.7946909;-1.052015;3.671172;
Head;0.3595338;0.5955456;3.568932;
ShoulderCenter;0.4864174;0.3993624;3.537409;
ShoulderRight;0.5526968;0.2632551;3.429475;
ShoulderLeft;0.370025;0.1951202;3.620662;
ElbowRight;0.6787171;-0.0006375119;3.376787;
ElbowLeft;0.3424552;0.02099508;3.832606;
WristRight;0.7100562;-0.2612735;3.326682;
WristLeft;0.184569;-0.1552718;3.841083;
HandRight;0.7340539;-0.3299654;3.32815;
HandLeft;0.1443769;-0.2028053;3.803376;
Spine;0.539586;-0.00800008;3.55074;
HipCenter;0.5044752;-0.08818825;3.514107;
HipRight;0.5455892;-0.1366311;3.460071;
HipLeft;0.4662828;-0.162603;3.555867;
KneeRight;0.4328871;-0.5724341;3.465129;
KneeLeft;0.4002645;-0.6288116;3.445601;
AnkleRight;0.3040058;-1.009947;3.485355;
AnkleLeft;0.7304813;-0.901768;3.580009;
FootRight;0.1971429;-1.070636;3.508618;
FootLeft;0.7596165;-1.000203;3.651463;
Head;0.3337002;0.616869;3.579746;
ShoulderCenter;0.4380454;0.4078013;3.531406;
ShoulderRight;0.5076336;0.2693153;3.416213;
ShoulderLeft;0.3303975;0.2392164;3.592639;
ElbowRight;0.6312423;0.007516454;3.369462;
ElbowLeft;0.2999357;0.04234165;3.785199;
WristRight;0.6583676;-0.2766308;3.331877;
WristLeft;0.181466;-0.1677163;3.835172;
HandRight;0.6784655;-0.3461285;3.340021;
HandLeft;0.1370938;-0.2434598;3.824433;
Spine;0.4864182;0.001435453;3.551054;
HipCenter;0.4521009;-0.07823765;3.514731;
HipRight;0.4955467;-0.1194349;3.468258;
HipLeft;0.4119979;-0.150486;3.553774;
KneeRight;0.5628983;-0.5286208;3.632634;
KneeLeft;0.4412494;-0.6798614;3.544851;
AnkleRight;0.3526281;-0.9264451;3.516935;
AnkleLeft;0.7890284;-0.9454066;3.650631;
FootRight;0.283614;-0.973619;3.447503;
FootLeft;0.7771423;-1.048118;3.720821;
Head;0.298473;0.6277413;3.600414;
ShoulderCenter;0.3848868;0.4117101;3.538376;
ShoulderRight;0.4843828;0.2846301;3.408367;
ShoulderLeft;0.3098542;0.2393562;3.598135;
ElbowRight;0.5726448;0.01425698;3.358278;
ElbowLeft;0.2730671;0.02607335;3.773021;
WristRight;0.5837209;-0.2712249;3.329174;
WristLeft;0.186672;-0.1816532;3.83055;
HandRight;0.6054239;-0.3481065;3.330027;
HandLeft;0.1391196;-0.2533735;3.829725;
Spine;0.4287354;0.01091814;3.555092;
HipCenter;0.3914412;-0.06696935;3.520315;
HipRight;0.4361567;-0.1154499;3.467985;
HipLeft;0.3484072;-0.1412944;3.564124;
KneeRight;0.4809137;-0.5440378;3.613773;
KneeLeft;0.3059927;-0.6727226;3.455395;
AnkleRight;0.3177338;-0.9640203;3.505765;
AnkleLeft;0.6529168;-0.9370834;3.563124;
FootRight;0.2375379;-1.053729;3.539054;
FootLeft;0.5806457;-0.9838445;3.496969;
Head;0.2677966;0.6232732;3.595768;
ShoulderCenter;0.3682346;0.4134573;3.535689;
ShoulderRight;0.4303737;0.2896754;3.41593;
ShoulderLeft;0.2462819;0.200734;3.598845;
ElbowRight;0.5213305;0.008725584;3.351363;
ElbowLeft;0.2274029;-0.0279638;3.758296;
WristRight;0.4999407;-0.2766968;3.309763;
WristLeft;0.184603;-0.228106;3.827136;
HandRight;0.5292947;-0.3465118;3.296879;
HandLeft;0.1503526;-0.2931168;3.827495;
Spine;0.3986198;0.004539788;3.551925;
HipCenter;0.3593554;-0.07379178;3.515678;
HipRight;0.4089363;-0.1188866;3.466738;
HipLeft;0.3063803;-0.1503141;3.555118;
KneeRight;0.4468325;-0.5411393;3.602544;
KneeLeft;0.3676332;-0.6755867;3.530058;
AnkleRight;0.309862;-0.9719796;3.507731;
AnkleLeft;0.7141333;-0.9396243;3.63769;
FootRight;0.2270088;-1.065525;3.516984;
FootLeft;0.6432909;-0.9856174;3.568855;
Head;0.2043276;0.622622;3.571336;
ShoulderCenter;0.3190155;0.4196477;3.527938;
ShoulderRight;0.4035996;0.2921303;3.408427;
ShoulderLeft;0.2124255;0.1944837;3.586845;
ElbowRight;0.460261;0.02082749;3.346769;
ElbowLeft;0.1934356;-0.03555626;3.747461;
WristRight;0.4208434;-0.2186092;3.317254;
WristLeft;0.1812242;-0.2455791;3.800327;
HandRight;0.4501974;-0.2884242;3.30437;
HandLeft;0.166918;-0.3166679;3.810761;
Spine;0.3541309;0.009598901;3.554934;
HipCenter;0.320719;-0.07068361;3.52132;
HipRight;0.3632199;-0.1109978;3.486563;
HipLeft;0.2754808;-0.1444513;3.553191;
KneeRight;0.3909622;-0.538637;3.607018;
KneeLeft;0.2913909;-0.6627883;3.470125;
AnkleRight;0.2964085;-0.979759;3.50808;
AnkleLeft;0.6376476;-0.9266404;3.577716;
FootRight;0.222683;-1.07898;3.531154;
FootLeft;0.5698634;-0.9739568;3.50614;
Head;0.1758824;0.6208094;3.583765;
ShoulderCenter;0.301664;0.4248188;3.530271;
ShoulderRight;0.3543869;0.301528;3.41044;
ShoulderLeft;0.1879973;0.1997775;3.58815;
ElbowRight;0.3978883;0.03932765;3.348539;
ElbowLeft;0.1689047;-0.03150776;3.749834;
WristRight;0.3388833;-0.2061195;3.322679;
WristLeft;0.174377;-0.2781449;3.718997;
HandRight;0.3400356;-0.3039054;3.320853;
HandLeft;0.1642914;-0.3572151;3.735231;
Spine;0.3127536;0.005975974;3.56146;
HipCenter;0.270743;-0.07491136;3.532798;
HipRight;0.3129244;-0.1187877;3.502225;
HipLeft;0.2244498;-0.1367657;3.560402;
KneeRight;0.366859;-0.549343;3.601614;
KneeLeft;0.2933243;-0.63099;3.510161;
AnkleRight;0.2865526;-0.9922955;3.499352;
AnkleLeft;0.6392518;-0.8945913;3.617658;
FootRight;0.2147536;-1.09072;3.532257;
FootLeft;0.5651603;-0.9409399;3.551295;
Head;0.159677;0.6546522;3.580815;
ShoulderCenter;0.253139;0.4410113;3.542494;
ShoulderRight;0.3326331;0.3052714;3.408806;
ShoulderLeft;0.1407327;0.2147736;3.599364;
ElbowRight;0.3386452;0.0543219;3.335141;
ElbowLeft;0.1215609;-0.0174697;3.761934;
WristRight;0.2670906;-0.1987961;3.337831;
WristLeft;0.1440533;-0.2676956;3.727773;
HandRight;0.2298809;-0.2890308;3.326313;
HandLeft;0.1339677;-0.3467658;3.744007;
Spine;0.288434;0.01806659;3.557336;
HipCenter;0.2516866;-0.06359695;3.524267;
HipRight;0.297196;-0.1060193;3.483886;
HipLeft;0.2024061;-0.1294921;3.556899;
KneeRight;0.2445294;-0.6504325;3.465949;
KneeLeft;0.1924053;-0.6349536;3.630415;
AnkleRight;0.275595;-1.04243;3.489534;
AnkleLeft;0.4927852;-0.976824;3.651524;
FootRight;0.2043307;-1.103607;3.526326;
FootLeft;0.4218549;-1.023763;3.581803;
Head;0.1238851;0.6382352;3.5339;
ShoulderCenter;0.2339343;0.4381338;3.537898;
ShoulderRight;0.2831406;0.3121279;3.406523;
ShoulderLeft;0.121528;0.211896;3.594768;
ElbowRight;0.2872026;0.03912248;3.352278;
ElbowLeft;0.1022645;-0.02145924;3.758337;
WristRight;0.1512429;-0.2303958;3.306692;
WristLeft;0.1159648;-0.2693539;3.723953;
HandRight;0.1180971;-0.2846184;3.272146;
HandLeft;0.1058791;-0.3484241;3.740187;
Spine;0.2577036;0.01035168;3.544457;
HipCenter;0.2173796;-0.07075532;3.512988;
HipRight;0.2604671;-0.1139579;3.45594;
HipLeft;0.1642227;-0.1504028;3.557828;
KneeRight;0.2421862;-0.6513315;3.464827;
KneeLeft;0.08658768;-0.6025088;3.631215;
AnkleRight;0.2747104;-1.042536;3.492058;
AnkleLeft;0.3754193;-0.9591063;3.638017;
FootRight;0.1755601;-1.096396;3.500322;
FootLeft;0.2977373;-1.005367;3.574716;
Head;0.1054568;0.6641901;3.545456;
ShoulderCenter;0.1769185;0.4464707;3.546983;
ShoulderRight;0.2568001;0.3129324;3.408036;
ShoulderLeft;0.06451221;0.2202329;3.603853;
ElbowRight;0.2328616;0.05597912;3.336026;
ElbowLeft;0.0451744;-0.01402195;3.76822;
WristRight;0.07516544;-0.1868909;3.292996;
WristLeft;0.06098668;-0.2598771;3.734467;
HandRight;0.02997098;-0.2556314;3.247777;
HandLeft;0.05090106;-0.3389474;3.750701;
Spine;0.2148273;0.02036422;3.538866;
HipCenter;0.1796689;-0.06043858;3.501466;
HipRight;0.2300482;-0.1006354;3.461742;
HipLeft;0.1274656;-0.1253654;3.524693;
KneeRight;0.23804;-0.654367;3.464446;
KneeLeft;0.06329611;-0.6234298;3.632161;
AnkleRight;0.2746367;-1.042721;3.492204;
AnkleLeft;0.2978307;-1.020504;3.616109;
FootRight;0.1887708;-1.095401;3.501333;
FootLeft;0.2246951;-1.066681;3.547377;
Head;0.08165305;0.5984771;3.558537;
ShoulderCenter;0.1514741;0.3779353;3.518869;
ShoulderRight;0.2198881;0.3117146;3.400369;
ShoulderLeft;0.03906776;0.1516976;3.575739;
ElbowRight;0.1488937;0.04643055;3.311717;
ElbowLeft;0.01963652;-0.08368905;3.74104;
WristRight;-0.01319907;-0.1868169;3.282904;
WristLeft;0.03554223;-0.3284124;3.706349;
HandRight;-0.06834951;-0.2603574;3.248686;
HandLeft;0.02545661;-0.4074827;3.722584;
Spine;0.1858284;-0.002452078;3.539076;
HipCenter;0.152384;-0.07652032;3.504864;
HipRight;0.1838046;-0.1228635;3.479475;
HipLeft;0.1114451;-0.1470253;3.524793;
KneeRight;0.2224623;-0.6567658;3.466432;
KneeLeft;0.02864983;-0.6638466;3.639906;
AnkleRight;0.2729688;-1.040121;3.491002;
AnkleLeft;0.1449092;-1.032161;3.63891;
FootRight;0.1929957;-1.093628;3.498386;
FootLeft;0.08764094;-1.105264;3.631048;
Head;0.05880133;0.6124427;3.557477;
ShoulderCenter;0.1208957;0.3929929;3.534145;
ShoulderRight;0.169123;0.3193248;3.396635;
ShoulderLeft;0.008489449;0.1667552;3.591014;
ElbowRight;0.1101644;0.07670093;3.299565;
ElbowLeft;-0.01101063;-0.06946532;3.757004;
WristRight;-0.08317431;-0.1590366;3.2474;
WristLeft;0.004963923;-0.3133548;3.721623;
HandRight;-0.1364043;-0.2316704;3.239098;
HandLeft;-0.005121704;-0.3924251;3.737857;
Spine;0.1595654;-0.01233707;3.541783;
HipCenter;0.1181293;-0.09145226;3.511669;
HipRight;0.1585959;-0.1288227;3.495345;
HipLeft;0.08176035;-0.155978;3.518961;
KneeRight;0.2058142;-0.6502898;3.46103;
KneeLeft;-0.009504106;-0.6775792;3.652716;
AnkleRight;0.2661645;-1.039813;3.504165;
AnkleLeft;0.08214672;-1.044469;3.651722;
FootRight;0.1898281;-1.092093;3.499007;
FootLeft;0.006760366;-1.093944;3.67308;
Head;-0.002237849;0.6621069;3.566757;
ShoulderCenter;0.07599926;0.4497918;3.522993;
ShoulderRight;0.1459892;0.3209052;3.394836;
ShoulderLeft;-0.03640704;0.2235541;3.579863;
ElbowRight;0.03429218;0.06226525;3.279745;
ElbowLeft;-0.05600385;-0.0138382;3.746751;
WristRight;-0.1547526;-0.1543472;3.209653;
WristLeft;-0.03993256;-0.2565559;3.710365;
HandRight;-0.2116863;-0.2149931;3.200309;
HandLeft;-0.05001819;-0.3356262;3.726599;
Spine;0.1059835;0.004356969;3.554873;
HipCenter;0.06983218;-0.08318713;3.524175;
HipRight;0.1074726;-0.1163594;3.520535;
HipLeft;0.03116112;-0.1390864;3.525507;
KneeRight;0.1914802;-0.6538408;3.458375;
KneeLeft;-0.070564;-0.6713569;3.652284;
AnkleRight;0.2657098;-1.039833;3.503916;
AnkleLeft;-0.0211674;-1.050298;3.65865;
FootRight;0.1597662;-1.102981;3.524664;
FootLeft;-0.1226361;-1.090646;3.674137;
Head;-0.02482698;0.6614617;3.571101;
ShoulderCenter;0.0539765;0.4520297;3.524112;
ShoulderRight;0.1015702;0.3258348;3.389734;
ShoulderLeft;-0.05842979;0.2257919;3.580982;
ElbowRight;0.0009508366;0.07664762;3.281075;
ElbowLeft;-0.07810599;-0.01256199;3.748592;
WristRight;-0.2057606;-0.1381229;3.203144;
WristLeft;-0.06195531;-0.2543181;3.711373;
HandRight;-0.264677;-0.1831146;3.196268;
HandLeft;-0.07204095;-0.3333883;3.727608;
Spine;0.08504474;0.006204779;3.55048;
HipCenter;0.04579324;-0.08109759;3.522372;
HipRight;0.0802501;-0.1146293;3.517367;
HipLeft;0.009681262;-0.1362939;3.524447;
KneeRight;0.1658221;-0.6579841;3.454962;
KneeLeft;-0.1022147;-0.6662371;3.648499;
AnkleRight;0.2647389;-1.041976;3.506351;
AnkleLeft;-0.1440862;-1.017641;3.647523;
FootRight;0.1776862;-1.09875;3.518415;
FootLeft;-0.2547383;-1.074716;3.668717;
Head;-0.05990062;0.6707004;3.578995;
ShoulderCenter;0.005710928;0.4563524;3.538615;
ShoulderRight;0.08641072;0.3270358;3.390767;
ShoulderLeft;-0.1066954;0.2301146;3.595485;
ElbowRight;-0.04446172;0.08926082;3.274455;
ElbowLeft;-0.1264544;-0.009242713;3.763861;
WristRight;-0.2460538;-0.1019051;3.200382;
WristLeft;-0.1102209;-0.2499954;3.725781;
HandRight;-0.3076777;-0.1662909;3.208451;
HandLeft;-0.1203065;-0.3290657;3.742015;
Spine;0.04475961;0.009842752;3.540545;
HipCenter;0.007477901;-0.0758385;3.505247;
HipRight;0.04874106;-0.1095781;3.498269;
HipLeft;-0.03568487;-0.1343321;3.503615;
KneeRight;0.1511522;-0.6519067;3.449531;
KneeLeft;-0.1546904;-0.6805769;3.63523;
AnkleRight;0.2620967;-1.040355;3.504049;
AnkleLeft;-0.2661844;-1.040848;3.64763;
FootRight;0.1803979;-1.098351;3.518082;
FootLeft;-0.3906762;-1.063361;3.661798;
Head;-0.1159908;0.6482803;3.569804;
ShoulderCenter;-0.02438528;0.4433882;3.532652;
ShoulderRight;0.01850817;0.2980315;3.39086;
ShoulderLeft;-0.1367916;0.2171504;3.589522;
ElbowRight;-0.1212243;0.05457087;3.25075;
ElbowLeft;-0.1566432;-0.02332804;3.758802;
WristRight;-0.2909156;-0.09400763;3.185268;
WristLeft;-0.1403171;-0.2629596;3.719782;
HandRight;-0.3638929;-0.1581059;3.199708;
HandLeft;-0.1504027;-0.3420298;3.736017;
Spine;0.02792071;0.009807594;3.529732;
HipCenter;-0.008666383;-0.07538885;3.497628;
HipRight;0.01531951;-0.1190687;3.444488;
HipLeft;-0.04574155;-0.1402973;3.519262;
KneeRight;0.1358922;-0.6537217;3.4502;
KneeLeft;-0.1826004;-0.6861427;3.632862;
AnkleRight;0.2616045;-1.040028;3.503969;
AnkleLeft;-0.3167935;-1.030365;3.632293;
FootRight;0.1834002;-1.094507;3.512897;
FootLeft;-0.4412545;-1.047515;3.653177;
Head;-0.1562009;0.6496404;3.579399;
ShoulderCenter;-0.07547744;0.439825;3.542242;
ShoulderRight;-0.02678435;0.3012764;3.391677;
ShoulderLeft;-0.1878837;0.2135873;3.599112;
ElbowRight;-0.1476965;0.05375644;3.253783;
ElbowLeft;-0.2078189;-0.02790423;3.76919;
WristRight;-0.3387457;-0.09986502;3.20991;
WristLeft;-0.1914093;-0.2665228;3.729313;
HandRight;-0.4058793;-0.171671;3.212873;
HandLeft;-0.2014949;-0.345593;3.745548;
Spine;-0.01486824;0.006349696;3.524771;
HipCenter;-0.04933094;-0.07813025;3.489946;
HipRight;-0.009155274;-0.1197662;3.447461;
HipLeft;-0.07309076;-0.1401241;3.516955;
KneeRight;0.1157265;-0.6605862;3.450176;
KneeLeft;-0.234903;-0.6905608;3.634445;
AnkleRight;0.257827;-1.0373;3.504939;
AnkleLeft;-0.4085708;-1.028497;3.62265;
FootRight;0.1817544;-1.092215;3.51153;
FootLeft;-0.5225239;-1.055992;3.652077;
Head;-0.1904312;0.6448603;3.584948;
ShoulderCenter;-0.1033696;0.4369532;3.539736;
ShoulderRight;-0.06253452;0.3010996;3.397685;
ShoulderLeft;-0.2157759;0.2107154;3.596606;
ElbowRight;-0.1731162;0.06241614;3.255911;
ElbowLeft;-0.2357836;-0.03165436;3.76737;
WristRight;-0.3537121;-0.09060764;3.207804;
WristLeft;-0.2193015;-0.2693946;3.726745;
HandRight;-0.4231148;-0.160447;3.210998;
HandLeft;-0.2293871;-0.3484649;3.74298;
Spine;-0.05040957;0.008214643;3.524182;
HipCenter;-0.08721469;-0.07441407;3.489984;
HipRight;-0.0592629;-0.1245218;3.432228;
HipLeft;-0.1212876;-0.1500233;3.531796;
KneeRight;0.01593339;-0.6533584;3.482724;
KneeLeft;-0.2676647;-0.6806337;3.629225;
AnkleRight;0.2530759;-1.033644;3.501347;
AnkleLeft;-0.3460607;-1.040583;3.641955;
FootRight;0.1787385;-1.091765;3.509548;
FootLeft;-0.4732708;-1.055583;3.638172;
Head;-0.2495994;0.6281348;3.590914;
ShoulderCenter;-0.1569587;0.4233073;3.525076;
ShoulderRight;-0.1102796;0.2857323;3.396574;
ShoulderLeft;-0.269365;0.1970695;3.581946;
ElbowRight;-0.2089447;0.05604959;3.258783;
ElbowLeft;-0.2894267;-0.04595409;3.753216;
WristRight;-0.4387309;-0.1266248;3.229481;
WristLeft;-0.2728906;-0.2830405;3.712034;
HandRight;-0.4821569;-0.1836886;3.217501;
HandLeft;-0.2829763;-0.3621108;3.728268;
Spine;-0.1013908;-0.008778668;3.520068;
HipCenter;-0.1352417;-0.09308328;3.485186;
HipRight;-0.09711115;-0.1332301;3.443432;
HipLeft;-0.1623185;-0.1564573;3.51547;
KneeRight;0.02019886;-0.6601867;3.463027;
KneeLeft;-0.299428;-0.6707539;3.623719;
AnkleRight;0.2428723;-1.02556;3.492277;
AnkleLeft;-0.4121768;-1.021469;3.617857;
FootRight;0.1683926;-1.084366;3.491614;
FootLeft;-0.529293;-1.068943;3.640541;
Head;-0.2789246;0.6267781;3.585644;
ShoulderCenter;-0.1866036;0.4204414;3.541925;
ShoulderRight;-0.1421268;0.2838993;3.400449;
ShoulderLeft;-0.2990099;0.1942036;3.598795;
ElbowRight;-0.2350445;0.05601352;3.263739;
ElbowLeft;-0.3191209;-0.04941662;3.770524;
WristRight;-0.4473184;-0.1372994;3.232019;
WristLeft;-0.3025355;-0.2859064;3.728831;
HandRight;-0.4969938;-0.1886755;3.219431;
HandLeft;-0.3126211;-0.3649766;3.745065;
Spine;-0.1478978;-0.00551855;3.524375;
HipCenter;-0.1864703;-0.08582701;3.489015;
HipRight;-0.1557612;-0.1340924;3.438962;
HipLeft;-0.2157353;-0.1526511;3.522781;
KneeRight;-0.01010635;-0.6755905;3.456724;
KneeLeft;-0.3550433;-0.6769411;3.622268;
AnkleRight;0.2341264;-1.022103;3.493222;
AnkleLeft;-0.4140539;-1.023792;3.614595;
FootRight;0.157321;-1.075781;3.479638;
FootLeft;-0.5071542;-1.074255;3.631341;
Head;-0.3392144;0.6156003;3.602099;
ShoulderCenter;-0.2287377;0.4186815;3.539745;
ShoulderRight;-0.1740531;0.282369;3.4017;
ShoulderLeft;-0.341144;0.1924437;3.596615;
ElbowRight;-0.2499487;0.06218965;3.267653;
ElbowLeft;-0.3612922;-0.05162807;3.76869;
WristRight;-0.4620199;-0.1501072;3.236486;
WristLeft;-0.3446696;-0.2876663;3.726609;
HandRight;-0.5293899;-0.2217456;3.239874;
HandLeft;-0.3547552;-0.3667365;3.742844;
Spine;-0.2019472;-0.00751333;3.543521;
HipCenter;-0.2412114;-0.08841893;3.511117;
HipRight;-0.2125388;-0.133087;3.471837;
HipLeft;-0.2717572;-0.1521419;3.541078;
KneeRight;-0.08311287;-0.6870895;3.457484;
KneeLeft;-0.3910145;-0.6730487;3.633281;
AnkleRight;0.1963429;-1.003554;3.483609;
AnkleLeft;-0.4145035;-1.023526;3.61405;
FootRight;0.1433611;-1.08443;3.509195;
FootLeft;-0.5042756;-1.075098;3.627357;
Head;-0.3457745;0.636444;3.597313;
ShoulderCenter;-0.2642401;0.4252302;3.538415;
ShoulderRight;-0.2278263;0.2819688;3.402111;
ShoulderLeft;-0.3766465;0.1989925;3.595286;
ElbowRight;-0.2713811;0.06732833;3.282391;
ElbowLeft;-0.396816;-0.04533786;3.767549;
WristRight;-0.4821972;-0.169119;3.243245;
WristLeft;-0.380172;-0.2811176;3.725241;
HandRight;-0.5395146;-0.2328622;3.241367;
HandLeft;-0.3902576;-0.3601878;3.741475;
Spine;-0.2118923;0.0004728034;3.528363;
HipCenter;-0.2504647;-0.08097248;3.494305;
HipRight;-0.2226394;-0.129379;3.42261;
HipLeft;-0.2763412;-0.1531332;3.537014;
KneeRight;-0.1880333;-0.6777441;3.466388;
KneeLeft;-0.4049374;-0.668915;3.634581;
AnkleRight;0.1458324;-0.9774773;3.472633;
AnkleLeft;-0.4166484;-1.022715;3.613381;
FootRight;0.124448;-1.079945;3.506307;
FootLeft;-0.4957349;-1.077785;3.626598;
Head;-0.4172772;0.6275455;3.602785;
ShoulderCenter;-0.3052365;0.4306982;3.541083;
ShoulderRight;-0.2432709;0.2871518;3.402917;
ShoulderLeft;-0.4176427;0.2044605;3.597953;
ElbowRight;-0.3269483;0.03076453;3.29526;
ElbowLeft;-0.4378658;-0.04051819;3.770705;
WristRight;-0.502099;-0.193689;3.259242;
WristLeft;-0.4211683;-0.2756495;3.727837;
HandRight;-0.5489256;-0.2661723;3.263854;
HandLeft;-0.431254;-0.3547198;3.744072;
Spine;-0.2647325;0.001031266;3.52931;
HipCenter;-0.3001927;-0.08072778;3.492665;
HipRight;-0.2697058;-0.1232392;3.449807;
HipLeft;-0.3289905;-0.1483713;3.521773;
KneeRight;-0.2340657;-0.6748424;3.444456;
KneeLeft;-0.4353586;-0.6667449;3.607435;
AnkleRight;0.08823783;-0.9628372;3.473438;
AnkleLeft;-0.4178993;-1.022132;3.612006;
FootRight;0.06339689;-1.053396;3.470687;
FootLeft;-0.4914488;-1.080575;3.611268;
Head;-0.4376853;0.6430024;3.611829;
ShoulderCenter;-0.3493787;0.4341627;3.549707;
ShoulderRight;-0.297139;0.2897001;3.408243;
ShoulderLeft;-0.4617851;0.2079249;3.606577;
ElbowRight;-0.3291809;0.03600372;3.303292;
ElbowLeft;-0.4820478;-0.03753473;3.779679;
WristRight;-0.4923978;-0.1884605;3.266303;
WristLeft;-0.4653106;-0.2721851;3.736388;
HandRight;-0.5382313;-0.2754602;3.263629;
HandLeft;-0.4753962;-0.3512554;3.752623;
Spine;-0.3115081;0.01403994;3.534067;
HipCenter;-0.3493905;-0.06520779;3.498429;
HipRight;-0.3175946;-0.1157076;3.44523;
HipLeft;-0.3799821;-0.1375674;3.535238;
KneeRight;-0.3136314;-0.6611096;3.450503;
KneeLeft;-0.4776418;-0.6795159;3.591959;
AnkleRight;-0.0002221375;-0.9748926;3.466795;
AnkleLeft;-0.4197237;-1.021645;3.612409;
FootRight;-5.01647E-05;-1.068612;3.473873;
FootLeft;-0.4902259;-1.083753;3.610063;
Head;-0.4507149;0.5903723;3.613964;
ShoulderCenter;-0.3763601;0.3783778;3.533276;
ShoulderRight;-0.3126343;0.2933071;3.409678;
ShoulderLeft;-0.4887664;0.1521401;3.590146;
ElbowRight;-0.3457371;0.03011552;3.315691;
ElbowLeft;-0.509073;-0.09385088;3.763685;
WristRight;-0.4843743;-0.1830518;3.27032;
WristLeft;-0.4922919;-0.32797;3.719954;
HandRight;-0.5197491;-0.2748844;3.273647;
HandLeft;-0.5023776;-0.4070402;3.736188;
Spine;-0.3215742;0.002890354;3.520979;
HipCenter;-0.3549814;-0.07170785;3.483356;
HipRight;-0.3208048;-0.1182506;3.432486;
HipLeft;-0.3867967;-0.151022;3.512488;
KneeRight;-0.366934;-0.6625147;3.446726;
KneeLeft;-0.4759994;-0.6759652;3.500271;
AnkleRight;-0.07360983;-0.9678947;3.455324;
AnkleLeft;-0.4225931;-1.022603;3.613744;
FootRight;-0.07343869;-1.061158;3.462367;
FootLeft;-0.4912998;-1.086044;3.61528;
Head;-0.5026832;0.64878;3.607408;
ShoulderCenter;-0.4043893;0.4435944;3.553377;
ShoulderRight;-0.3532234;0.3008522;3.413545;
ShoulderLeft;-0.5167955;0.2173567;3.610247;
ElbowRight;-0.3661907;0.01783938;3.319447;
ElbowLeft;-0.5371605;-0.02934223;3.784402;
WristRight;-0.483302;-0.1875501;3.273323;
WristLeft;-0.5202304;-0.2640099;3.739945;
HandRight;-0.5190415;-0.2779629;3.274692;
HandLeft;-0.5304067;-0.3418236;3.756336;
Spine;-0.3872922;-0.00294441;3.535493;
HipCenter;-0.4300442;-0.08542073;3.500138;
HipRight;-0.3889011;-0.1303331;3.487003;
HipLeft;-0.4751177;-0.1215566;3.502788;
KneeRight;-0.4412247;-0.6340423;3.440927;
KneeLeft;-0.4283704;-0.5936648;3.64711;
AnkleRight;-0.1533306;-0.9595243;3.456221;
AnkleLeft;-0.4229402;-1.023466;3.614243;
FootRight;-0.2080017;-1.064939;3.500255;
FootLeft;-0.4908635;-1.085676;3.630956;
Head;-0.5482373;0.647698;3.605036;
ShoulderCenter;-0.4478584;0.4448924;3.532979;
ShoulderRight;-0.3722298;0.3012284;3.410162;
ShoulderLeft;-0.5602646;0.2186547;3.589849;
ElbowRight;-0.3769964;0.02307169;3.325357;
ElbowLeft;-0.5806791;-0.02864291;3.764513;
WristRight;-0.4814591;-0.1888429;3.284389;
WristLeft;-0.5636199;-0.2638025;3.719426;
HandRight;-0.5106146;-0.267663;3.286974;
HandLeft;-0.5738758;-0.3405256;3.735959;
Spine;-0.4246743;-0.0002880255;3.538592;
HipCenter;-0.4623595;-0.0845326;3.50154;
HipRight;-0.4175521;-0.1313694;3.496019;
HipLeft;-0.5124978;-0.124279;3.498219;
KneeRight;-0.5356506;-0.6215665;3.447762;
KneeLeft;-0.4400643;-0.6016595;3.656324;
AnkleRight;-0.2516223;-0.9487687;3.452567;
AnkleLeft;-0.4264096;-1.020855;3.603397;
FootRight;-0.3002304;-1.052767;3.477859;
FootLeft;-0.4892684;-1.08838;3.618307;
Head;-0.5767817;0.6360149;3.579525;
ShoulderCenter;-0.4606399;0.4396552;3.528954;
ShoulderRight;-0.417843;0.2995599;3.406274;
ShoulderLeft;-0.5730461;0.2134175;3.585824;
ElbowRight;-0.4005403;0.02107243;3.325406;
ElbowLeft;-0.5935104;-0.03448474;3.761018;
WristRight;-0.4854701;-0.2001656;3.285697;
WristLeft;-0.5763202;-0.2701388;3.715298;
HandRight;-0.4975409;-0.2980893;3.289467;
HandLeft;-0.5866573;-0.3457628;3.731979;
Spine;-0.44998;-0.01172801;3.528885;
HipCenter;-0.4936141;-0.09589233;3.496148;
HipRight;-0.4503398;-0.1321747;3.491156;
HipLeft;-0.5426086;-0.1449492;3.493482;
KneeRight;-0.5870644;-0.6492606;3.433154;
KneeLeft;-0.4837933;-0.6272755;3.639309;
AnkleRight;-0.3273741;-0.9789752;3.453408;
AnkleLeft;-0.4308781;-1.029172;3.488342;
FootRight;-0.4154288;-1.058636;3.497721;
FootLeft;-0.4873033;-1.10196;3.505476;
Head;-0.605365;0.6456786;3.569522;
ShoulderCenter;-0.5017712;0.442394;3.516144;
ShoulderRight;-0.4439866;0.2987967;3.400003;
ShoulderLeft;-0.6141773;0.2161562;3.573014;
ElbowRight;-0.4199446;0.01624175;3.325496;
ElbowLeft;-0.6346906;-0.03233951;3.748678;
WristRight;-0.4866644;-0.2118543;3.286772;
WristLeft;-0.7532303;-0.2378038;3.761158;
HandRight;-0.4952136;-0.3099818;3.286258;
HandLeft;-0.7683613;-0.3017572;3.792488;
Spine;-0.4801118;-0.02422212;3.520699;
HipCenter;-0.5196564;-0.112786;3.485158;
HipRight;-0.4874923;-0.141871;3.464756;
HipLeft;-0.5602652;-0.1682174;3.494034;
KneeRight;-0.655094;-0.6332919;3.424763;
KneeLeft;-0.4915562;-0.6406554;3.646978;
AnkleRight;-0.4833249;-1.0145;3.472781;
AnkleLeft;-0.3710837;-1.045418;3.630459;
FootRight;-0.5827412;-1.084806;3.479719;
FootLeft;-0.427417;-1.118088;3.647565;
Head;-0.6357647;0.6450503;3.56311;
ShoulderCenter;-0.5393053;0.4380017;3.515507;
ShoulderRight;-0.4757817;0.2971265;3.39612;
ShoulderLeft;-0.6517115;0.2117639;3.572376;
ElbowRight;-0.4328287;0.01199135;3.323627;
ElbowLeft;-0.6722746;-0.03733341;3.748537;
WristRight;-0.4918954;-0.2188562;3.285409;
WristLeft;-0.8120779;-0.2247861;3.784589;
HandRight;-0.4983677;-0.3169846;3.28382;
HandLeft;-0.8516198;-0.2855119;3.77879;
Spine;-0.5195649;-0.02651678;3.515587;
HipCenter;-0.5573978;-0.1142517;3.479385;
HipRight;-0.5141621;-0.1435205;3.461033;
HipLeft;-0.6002432;-0.1724262;3.489608;
KneeRight;-0.7214068;-0.6207923;3.413952;
KneeLeft;-0.5087226;-0.6520662;3.655439;
AnkleRight;-0.5488336;-1.027295;3.491867;
AnkleLeft;-0.4605597;-1.030625;3.570109;
FootRight;-0.6617241;-1.072263;3.456389;
FootLeft;-0.5169181;-1.103327;3.587222;
Head;-0.6614516;0.6485484;3.547278;
ShoulderCenter;-0.5616831;0.4428334;3.500753;
ShoulderRight;-0.5038065;0.2921202;3.390724;
ShoulderLeft;-0.6740891;0.2165956;3.557624;
ElbowRight;-0.4502225;0.01867899;3.324855;
ElbowLeft;-0.6946917;-0.03298007;3.734129;
WristRight;-0.630779;-0.2494531;3.338097;
WristLeft;-0.8633764;-0.1866714;3.793843;
HandRight;-0.6200578;-0.3545099;3.329285;
HandLeft;-0.8936597;-0.2519237;3.802528;
Spine;-0.543131;-0.02479147;3.489782;
HipCenter;-0.5819492;-0.1120383;3.45026;
HipRight;-0.5487078;-0.1416874;3.401474;
HipLeft;-0.6159461;-0.1820124;3.4826;
KneeRight;-0.7521436;-0.6266215;3.41311;
KneeLeft;-0.5208868;-0.6522331;3.655993;
AnkleRight;-0.6975538;-1.035784;3.447533;
AnkleLeft;-0.4467956;-1.028273;3.589604;
FootRight;-0.8110175;-1.088493;3.46803;
FootLeft;-0.5200893;-1.098868;3.646534;
Head;-0.7260666;0.6193678;3.542098;
ShoulderCenter;-0.6126131;0.4210003;3.488435;
ShoulderRight;-0.5481216;0.2836834;3.379223;
ShoulderLeft;-0.7250193;0.1947625;3.545305;
ElbowRight;-0.4609837;0.01609267;3.324183;
ElbowLeft;-0.7456602;-0.05527891;3.722199;
WristRight;-0.4983568;-0.2454743;3.29932;
WristLeft;-0.9247135;-0.1873264;3.797801;
HandRight;-0.4910403;-0.3172905;3.298004;
HandLeft;-0.9626716;-0.2428434;3.771535;
Spine;-0.5915973;-0.02408211;3.49747;
HipCenter;-0.6284299;-0.1087725;3.46211;
HipRight;-0.5794719;-0.1423099;3.414518;
HipLeft;-0.675898;-0.1868611;3.498531;
KneeRight;-0.8003851;-0.6134582;3.407676;
KneeLeft;-0.5775818;-0.6136944;3.606983;
AnkleRight;-0.8216289;-1.031172;3.439481;
AnkleLeft;-0.4327448;-1.033463;3.603639;
FootRight;-0.9248531;-1.082448;3.460387;
FootLeft;-0.5077947;-1.089073;3.60964;
Head;-0.7490626;0.6177297;3.535334;
ShoulderCenter;-0.6359895;0.4187396;3.487379;
ShoulderRight;-0.5703335;0.278193;3.378268;
ShoulderLeft;-0.7483957;0.1925019;3.544249;
ElbowRight;-0.5015143;0.01100378;3.322905;
ElbowLeft;-0.7690687;-0.05792826;3.721472;
WristRight;-0.5169603;-0.273258;3.303571;
WristLeft;-0.9736872;-0.1688282;3.767551;
HandRight;-0.4843185;-0.3373858;3.296573;
HandLeft;-1.012864;-0.2247691;3.743831;
Spine;-0.613365;-0.01080375;3.484508;
HipCenter;-0.6505265;-0.08972687;3.445944;
HipRight;-0.6097232;-0.135397;3.392395;
HipLeft;-0.6942914;-0.1652361;3.484424;
KneeRight;-0.8133887;-0.6132753;3.407302;
KneeLeft;-0.5782256;-0.6196318;3.614267;
AnkleRight;-0.9245854;-1.03232;3.438072;
AnkleLeft;-0.4323483;-1.033407;3.604144;
FootRight;-1.044183;-1.074169;3.441911;
FootLeft;-0.5141124;-1.093216;3.636703;
Head;-0.7873008;0.6232435;3.518553;
ShoulderCenter;-0.6816748;0.4225306;3.504919;
ShoulderRight;-0.5941542;0.2770406;3.374256;
ShoulderLeft;-0.794081;0.1962929;3.561789;
ElbowRight;-0.5218615;0.0009515823;3.321624;
ElbowLeft;-0.8147918;-0.05459525;3.739383;
WristRight;-0.529254;-0.2653034;3.298609;
WristLeft;-1.02015;-0.1741932;3.764919;
HandRight;-0.509994;-0.3385475;3.305924;
HandLeft;-1.042776;-0.1923406;3.72351;
Spine;-0.6261869;-0.02151813;3.478674;
HipCenter;-0.6608559;-0.1056187;3.435692;
HipRight;-0.6119227;-0.1383361;3.392996;
HipLeft;-0.7095811;-0.1819812;3.453202;
KneeRight;-0.8425494;-0.5685593;3.395148;
KneeLeft;-0.5895386;-0.6229402;3.613391;
AnkleRight;-1.007797;-0.9958856;3.438033;
AnkleLeft;-0.4323105;-1.033384;3.604146;
FootRight;-1.122164;-1.049702;3.428058;
FootLeft;-0.5065354;-1.088944;3.617786;
Head;-0.8269013;0.6086388;3.50284;
ShoulderCenter;-0.714464;0.4122051;3.493418;
ShoulderRight;-0.6565612;0.2614498;3.371689;
ShoulderLeft;-0.8268701;0.1859673;3.550288;
ElbowRight;-0.5544034;-0.01081765;3.321455;
ElbowLeft;-0.8476228;-0.06542557;3.728288;
WristRight;-0.5506864;-0.2797022;3.294569;
WristLeft;-1.063081;-0.1704039;3.743531;
HandRight;-0.5353913;-0.3496942;3.297937;
HandLeft;-1.116238;-0.21826;3.738218;
Spine;-0.6649382;-0.03958809;3.457186;
HipCenter;-0.695737;-0.1234477;3.415843;
HipRight;-0.6502448;-0.1539518;3.378098;
HipLeft;-0.7312399;-0.1896982;3.439942;
KneeRight;-0.8442523;-0.5651454;3.395195;
KneeLeft;-0.6067034;-0.6403468;3.620018;
AnkleRight;-1.026229;-0.9863043;3.440356;
AnkleLeft;-0.4323484;-1.033384;3.6044;
FootRight;-1.147338;-1.024982;3.437616;
FootLeft;-0.5067698;-1.089454;3.616727;
Head;-0.8851269;0.5871077;3.486212;
ShoulderCenter;-0.7556219;0.4024024;3.481769;
ShoulderRight;-0.6813619;0.2559502;3.361091;
ShoulderLeft;-0.868028;0.1761647;3.538639;
ElbowRight;-0.5844003;-0.01002357;3.313452;
ElbowLeft;-0.8888187;-0.07569161;3.717007;
WristRight;-0.5926011;-0.2513409;3.281348;
WristLeft;-1.103701;-0.1817941;3.75968;
HandRight;-0.5536205;-0.3393337;3.293877;
HandLeft;-1.154357;-0.2324306;3.755709;
Spine;-0.7147522;-0.05684069;3.459308;
HipCenter;-0.7475346;-0.1431647;3.417478;
HipRight;-0.70369;-0.1724454;3.399011;
HipLeft;-0.7896025;-0.2030566;3.42306;
KneeRight;-0.9123959;-0.5785301;3.389489;
KneeLeft;-0.62576;-0.6550636;3.622247;
AnkleRight;-1.047687;-1.015004;3.448905;
AnkleLeft;-0.4334526;-1.033634;3.605162;
FootRight;-1.171945;-1.042431;3.440992;
FootLeft;-0.5075979;-1.088455;3.624592;
Head;-0.9021426;0.5906603;3.486837;
ShoulderCenter;-0.7939904;0.3887093;3.450666;
ShoulderRight;-0.7291998;0.2441953;3.349521;
ShoulderLeft;-0.9063966;0.1624715;3.507536;
ElbowRight;-0.6209863;-0.01558681;3.307409;
ElbowLeft;-0.9272217;-0.08980019;3.686241;
WristRight;-0.6186542;-0.2571745;3.271939;
WristLeft;-1.12689;-0.1915272;3.763545;
HandRight;-0.6060347;-0.3533501;3.273626;
HandLeft;-1.181505;-0.2379578;3.761725;
Spine;-0.7326781;-0.05770588;3.449068;
HipCenter;-0.7616861;-0.1453016;3.407475;
HipRight;-0.7155061;-0.1778087;3.391399;
HipLeft;-0.804467;-0.2010088;3.412178;
KneeRight;-0.9239089;-0.5783004;3.385018;
KneeLeft;-0.6460932;-0.6702191;3.627084;
AnkleRight;-1.069343;-1.011203;3.448775;
AnkleLeft;-0.4534841;-1.025801;3.601361;
FootRight;-1.184834;-1.062546;3.466345;
FootLeft;-0.5118673;-1.094146;3.629929;
Head;-0.9095318;0.5936357;3.418185;
ShoulderCenter;-0.8280789;0.3861152;3.427148;
ShoulderRight;-0.7637491;0.2426629;3.330135;
ShoulderLeft;-0.9404851;0.1598774;3.484018;
ElbowRight;-0.6756952;-0.0146349;3.300648;
ElbowLeft;-0.9613356;-0.09270239;3.662977;
WristRight;-0.6754665;-0.2554598;3.254975;
WristLeft;-1.151464;-0.2025664;3.790466;
HandRight;-0.6490192;-0.3480394;3.268353;
HandLeft;-1.185529;-0.2392271;3.731797;
Spine;-0.7795936;-0.06000081;3.429338;
HipCenter;-0.8093982;-0.1461566;3.38945;
HipRight;-0.7636863;-0.1801472;3.36736;
HipLeft;-0.8493141;-0.2036298;3.403223;
KneeRight;-0.9778798;-0.5757902;3.371693;
KneeLeft;-0.659506;-0.6773076;3.618578;
AnkleRight;-1.078085;-1.019262;3.447325;
AnkleLeft;-0.4603236;-1.022721;3.603618;
FootRight;-1.180551;-1.076931;3.497397;
FootLeft;-0.5083941;-1.099268;3.631045;
Head;-0.9300956;0.6115499;3.406813;
ShoulderCenter;-0.8815058;0.3909617;3.401591;
ShoulderRight;-0.8125747;0.2476247;3.321736;
ShoulderLeft;-0.993912;0.1647239;3.458461;
ElbowRight;-0.7246591;-0.01539075;3.277922;
ElbowLeft;-1.014789;-0.08817776;3.63769;
WristRight;-0.7295511;-0.2575168;3.242086;
WristLeft;-1.177391;-0.2299858;3.73437;
HandRight;-0.6841585;-0.3432987;3.247921;
HandLeft;-1.219731;-0.2873032;3.725077;
Spine;-0.8285382;-0.05150849;3.414953;
HipCenter;-0.8530945;-0.1384033;3.37489;
HipRight;-0.8052334;-0.174699;3.34697;
HipLeft;-0.8966339;-0.1999477;3.394817;
KneeRight;-1.016075;-0.5713818;3.363281;
KneeLeft;-0.6901578;-0.6983152;3.615356;
AnkleRight;-1.094657;-1.016728;3.450419;
AnkleLeft;-0.4897845;-1.01238;3.605569;
FootRight;-1.194595;-1.077766;3.502021;
FootLeft;-0.5124354;-1.100737;3.630598;
Head;-0.955906;0.6081479;3.401039;
ShoulderCenter;-0.896371;0.3903068;3.396473;
ShoulderRight;-0.8400351;0.2529467;3.301821;
ShoulderLeft;-1.008777;0.1640691;3.453343;
ElbowRight;-0.7851411;-0.01032694;3.252016;
ElbowLeft;-1.029676;-0.08909389;3.63281;
WristRight;-0.7896496;-0.3023257;3.229537;
WristLeft;-1.202268;-0.2510549;3.673944;
HandRight;-0.7575914;-0.3665654;3.225457;
HandLeft;-1.229224;-0.3138413;3.696358;
Spine;-0.8633327;-0.04630065;3.399799;
HipCenter;-0.8998702;-0.1281366;3.360769;
HipRight;-0.8543157;-0.1656475;3.323798;
HipLeft;-0.94198;-0.1948201;3.388543;
KneeRight;-1.071179;-0.6348192;3.393372;
KneeLeft;-0.7370929;-0.7119491;3.598593;
AnkleRight;-1.100718;-1.038456;3.456389;
AnkleLeft;-0.5211681;-0.9961589;3.60153;
FootRight;-1.206061;-1.090535;3.507389;
FootLeft;-0.5518093;-1.082704;3.624687;
Head;-1.009553;0.6100533;3.390472;
ShoulderCenter;-0.9376546;0.3969689;3.391001;
ShoulderRight;-0.8565319;0.2532165;3.29704;
ShoulderLeft;-1.050061;0.1707312;3.447871;
ElbowRight;-0.8275714;-0.004596472;3.241901;
ElbowLeft;-1.070976;-0.08263263;3.627512;
WristRight;-0.8320799;-0.2965952;3.219426;
WristLeft;-1.229759;-0.2555132;3.677023;
HandRight;-0.8000069;-0.3608646;3.215345;
HandLeft;-1.256854;-0.3192804;3.6964;
Spine;-0.9237655;-0.04619643;3.403584;
HipCenter;-0.9572224;-0.1300858;3.365142;
HipRight;-0.9112204;-0.1645077;3.343596;
HipLeft;-1.006103;-0.1911954;3.379338;
KneeRight;-1.070637;-0.5815799;3.394136;
KneeLeft;-0.778018;-0.7089259;3.59384;
AnkleRight;-1.108288;-1.036701;3.459392;
AnkleLeft;-0.5495803;-0.9670435;3.572362;
FootRight;-1.211106;-1.092475;3.511552;
FootLeft;-0.6108203;-1.06165;3.633207;
Head;-1.051952;0.6185647;3.385287;
ShoulderCenter;-0.9748834;0.4066197;3.38251;
ShoulderRight;-0.9097917;0.2631251;3.293366;
ShoulderLeft;-1.08729;0.1803819;3.43938;
ElbowRight;-0.8813031;0.01128733;3.226398;
ElbowLeft;-1.108219;-0.07315826;3.619173;
WristRight;-1.014882;-0.2876788;3.249307;
WristLeft;-1.277379;-0.2374572;3.6653;
HandRight;-0.9828014;-0.3519642;3.245225;
HandLeft;-1.304374;-0.3016897;3.683297;
Spine;-0.9307396;-0.03587786;3.398786;
HipCenter;-0.9613212;-0.1221042;3.36191;
HipRight;-0.9173169;-0.1556505;3.330004;
HipLeft;-1.006806;-0.1888971;3.381207;
KneeRight;-1.075682;-0.6089707;3.39052;
KneeLeft;-0.7778971;-0.7072737;3.59529;
AnkleRight;-1.10387;-1.04534;3.460158;
AnkleLeft;-0.6192867;-1.012726;3.561477;
FootRight;-1.208561;-1.098047;3.511665;
FootLeft;-0.6929142;-1.086991;3.635334;
Head;-1.061403;0.6387758;3.375113;
ShoulderCenter;-1.016077;0.4210768;3.386572;
ShoulderRight;-0.9467685;0.2817307;3.290848;
ShoulderLeft;-1.128483;0.194839;3.443442;
ElbowRight;-0.9182158;-0.006818558;3.226429;
ElbowLeft;-1.149446;-0.05910318;3.623534;
WristRight;-1.020362;-0.2864395;3.208216;
WristLeft;-1.312019;-0.2298784;3.671283;
HandRight;-1.035953;-0.3567101;3.207512;
HandLeft;-1.339022;-0.29413;3.689286;
Spine;-0.9463024;-0.02962076;3.387996;
HipCenter;-0.9721752;-0.1179363;3.349624;
HipRight;-0.9252086;-0.1492099;3.327835;
HipLeft;-1.015919;-0.1818472;3.354151;
KneeRight;-1.081437;-0.6200855;3.39302;
KneeLeft;-0.7672377;-0.7027862;3.543622;
AnkleRight;-1.104585;-1.045156;3.459963;
AnkleLeft;-0.7838731;-1.035133;3.59747;
FootRight;-1.209192;-1.097888;3.511517;
FootLeft;-0.8486143;-1.083605;3.521013;
Head;-1.119063;0.5735393;3.377604;
ShoulderCenter;-1.056604;0.3609257;3.386356;
ShoulderRight;-0.9816719;0.2784738;3.282911;
ShoulderLeft;-1.16901;0.134688;3.443226;
ElbowRight;-0.9822203;-0.00640845;3.220193;
ElbowLeft;-1.190003;-0.1196184;3.623618;
WristRight;-1.093614;-0.273669;3.193694;
WristLeft;-1.356093;-0.2874713;3.671401;
HandRight;-1.083962;-0.3427755;3.175933;
HandLeft;-1.383103;-0.3517401;3.689408;
Spine;-0.9744302;-0.03946601;3.38634;
HipCenter;-0.9946954;-0.1213143;3.346637;
HipRight;-0.9449942;-0.1503019;3.329492;
HipLeft;-1.033755;-0.1927115;3.350075;
KneeRight;-1.093827;-0.6417696;3.389069;
KneeLeft;-1.038071;-0.6893913;3.519757;
AnkleRight;-1.104311;-1.044917;3.4596;
AnkleLeft;-0.7893963;-0.9690576;3.590654;
FootRight;-1.195133;-1.108218;3.518705;
FootLeft;-0.8344086;-1.078442;3.640382;
Head;-1.144748;0.5749885;3.36986;
ShoulderCenter;-1.079298;0.3642663;3.37689;
ShoulderRight;-1.020632;0.2858184;3.280921;
ShoulderLeft;-1.189255;0.1621887;3.299899;
ElbowRight;-1.019404;0.02623709;3.203099;
ElbowLeft;-1.047106;0.06505554;3.551406;
WristRight;-1.138922;-0.2300785;3.159365;
WristLeft;-1.091843;-0.1125249;3.74272;
HandRight;-1.173099;-0.3211588;3.16061;
HandLeft;-1.118819;-0.1767109;3.760704;
Spine;-1.026168;-0.04200611;3.391028;
HipCenter;-1.026818;-0.1185273;3.34006;
HipRight;-0.9865276;-0.1436659;3.335164;
HipLeft;-1.061119;-0.1860617;3.335704;
KneeRight;-1.100863;-0.6454104;3.389351;
KneeLeft;-1.0173;-0.7258449;3.594814;
AnkleRight;-1.089802;-1.03579;3.462075;
AnkleLeft;-0.8619294;-1.029575;3.594466;
FootRight;-1.182548;-1.100579;3.522343;
FootLeft;-0.9354873;-1.107455;3.645941;
Head;-1.197511;0.57724;3.367773;
ShoulderCenter;-1.125332;0.3695637;3.372371;
ShoulderRight;-1.046708;0.2917328;3.273833;
ShoulderLeft;-1.21859;0.1653296;3.299354;
ElbowRight;-1.078985;0.0328283;3.180547;
ElbowLeft;-1.076689;0.06836554;3.550368;
WristRight;-1.204795;-0.186078;3.13993;
WristLeft;-1.121178;-0.1093839;3.74217;
HandRight;-1.244715;-0.2741588;3.152574;
HandLeft;-1.14822;-0.1737275;3.760198;
Spine;-1.10802;0.007041673;3.393126;
HipCenter;-1.116536;-0.06013095;3.344712;
HipRight;-1.077608;-0.1322314;3.264525;
HipLeft;-1.151085;-0.1678304;3.407028;
KneeRight;-1.115121;-0.6529653;3.390239;
KneeLeft;-1.067277;-0.7174832;3.532807;
AnkleRight;-1.035535;-1.014193;3.521068;
AnkleLeft;-0.8888307;-0.993318;3.598128;
FootRight;-1.127847;-1.078953;3.582783;
FootLeft;-0.9401495;-1.100324;3.647527;
Head;-1.232168;0.6369244;3.344493;
ShoulderCenter;-1.162114;0.4333929;3.366116;
ShoulderRight;-1.093386;0.2937608;3.258397;
ShoulderLeft;-1.262551;0.2299142;3.293096;
ElbowRight;-1.13238;0.02249732;3.16497;
ElbowLeft;-1.116828;0.1011357;3.528165;
WristRight;-1.286765;-0.1990093;3.153586;
WristLeft;-1.147618;-0.1056076;3.731283;
HandRight;-1.337126;-0.2819206;3.163317;
HandLeft;-1.174651;-0.1699294;3.749305;
Spine;-1.14904;0.04236269;3.407478;
HipCenter;-1.157794;-0.03431667;3.366861;
HipRight;-1.122588;-0.1150835;3.293618;
HipLeft;-1.191369;-0.1301388;3.434628;
KneeRight;-1.129696;-0.6518056;3.390667;
KneeLeft;-1.355324;-0.6376041;3.536061;
AnkleRight;-1.109153;-1.022712;3.457854;
AnkleLeft;-1.061131;-0.9852309;3.590722;
FootRight;-1.201744;-1.087667;3.519755;
FootLeft;-1.103221;-1.096406;3.640649;
Head;-1.337209;0.5897074;3.425858;
ShoulderCenter;-1.176814;0.4327216;3.359252;
ShoulderRight;-1.121273;0.2958146;3.248701;
ShoulderLeft;-1.277252;0.2292429;3.286232;
ElbowRight;-1.189486;0.03417866;3.157467;
ElbowLeft;-1.105175;0.06323507;3.481164;
WristRight;-1.366948;-0.2020325;3.151119;
WristLeft;-1.203665;-0.1267016;3.580282;
HandRight;-1.43227;-0.2741193;3.153857;
HandLeft;-1.230649;-0.1909073;3.598272;
Spine;-1.160405;0.04265634;3.391073;
HipCenter;-1.170183;-0.03301455;3.351233;
HipRight;-1.132321;-0.09873709;3.283153;
HipLeft;-1.212016;-0.1174319;3.401742;
KneeRight;-1.142709;-0.6503637;3.389574;
KneeLeft;-1.386919;-0.651427;3.544342;
AnkleRight;-1.115955;-1.028742;3.46366;
AnkleLeft;-1.253798;-1.039839;3.538618;
FootRight;-1.208652;-1.093772;3.525631;
FootLeft;-1.318277;-1.10489;3.61067;
Head;-1.352061;0.6217636;3.421131;
ShoulderCenter;-1.218568;0.4411556;3.355593;
ShoulderRight;-1.155128;0.2928419;3.236251;
ShoulderLeft;-1.319006;0.2376769;3.282573;
ElbowRight;-1.230962;0.04770134;3.146817;
ElbowLeft;-1.162259;0.09846213;3.504536;
WristRight;-1.423473;-0.1704113;3.147132;
WristLeft;-1.240548;-0.08359535;3.628583;
HandRight;-1.478916;-0.2302925;3.138767;
HandLeft;-1.267461;-0.1476333;3.646525;
Spine;-1.212462;0.07190863;3.392344;
HipCenter;-1.224005;-0.0005541593;3.357736;
HipRight;-1.188506;-0.09554173;3.268012;
HipLeft;-1.260464;-0.1137329;3.441429;
KneeRight;-1.164896;-0.6479096;3.388853;
KneeLeft;-1.437812;-0.6538461;3.546859;
AnkleRight;-1.120914;-1.030749;3.462261;
AnkleLeft;-1.329719;-1.024242;3.549903;
FootRight;-1.213505;-1.095705;3.524163;
FootLeft;-1.389089;-1.084926;3.593201;
Head;-1.424506;0.600684;3.423337;
ShoulderCenter;-1.26859;0.4395246;3.353947;
ShoulderRight;-1.190843;0.2987127;3.238091;
ShoulderLeft;-1.369027;0.2360459;3.280927;
ElbowRight;-1.280952;0.05491438;3.144466;
ElbowLeft;-1.206694;0.1180126;3.509411;
WristRight;-1.477689;-0.1550117;3.129248;
WristLeft;-1.276007;-0.05859662;3.644159;
HandRight;-1.49985;-0.2280013;3.13111;
HandLeft;-1.302848;-0.1224633;3.662055;
Spine;-1.248278;0.05349055;3.385388;
HipCenter;-1.256782;-0.02271425;3.351619;
HipRight;-1.218157;-0.09368595;3.286674;
HipLeft;-1.2948;-0.1062001;3.405634;
KneeRight;-1.196924;-0.648855;3.390903;
KneeLeft;-1.464526;-0.6471167;3.546092;
AnkleRight;-1.124801;-1.033128;3.460691;
AnkleLeft;-1.438205;-1.027426;3.580197;
FootRight;-1.217223;-1.097965;3.522479;
FootLeft;-1.519327;-1.073931;3.562723;
Head;-1.454485;0.622346;3.417073;
ShoulderCenter;-1.318169;0.4424895;3.372479;
ShoulderRight;-1.219309;0.296353;3.240577;
ShoulderLeft;-1.418607;0.2390108;3.299459;
ElbowRight;-1.349649;0.03220732;3.141431;
ElbowLeft;-1.242961;0.1022302;3.508821;
WristRight;-1.553789;-0.1429649;3.144729;
WristLeft;-1.297799;-0.08158356;3.640435;
HandRight;-1.586283;-0.2148235;3.142804;
HandLeft;-1.324576;-0.1452978;3.658287;
Spine;-1.265279;0.05236441;3.387255;
HipCenter;-1.269462;-0.02352915;3.352387;
HipRight;-1.223811;-0.09557284;3.28435;
HipLeft;-1.306008;-0.1103659;3.409791;
KneeRight;-1.214069;-0.6537893;3.394508;
KneeLeft;-1.49869;-0.6550928;3.537987;
AnkleRight;-1.126029;-1.033688;3.460706;
AnkleLeft;-1.557845;-1.022263;3.546219;
FootRight;-1.218826;-1.098788;3.522745;
FootLeft;-1.672534;-1.081785;3.544784;
Head;-1.491018;0.6179541;3.417857;
ShoulderCenter;-1.354932;0.4377822;3.371423;
ShoulderRight;-1.26922;0.2946227;3.234401;
ShoulderLeft;-1.45537;0.2343035;3.298404;
ElbowRight;-1.39777;0.04408212;3.136048;
ElbowLeft;-1.270934;0.07690442;3.487051;
WristRight;-1.571881;-0.122305;3.136065;
WristLeft;-1.336838;-0.1153186;3.601928;
HandRight;-1.602881;-0.1927352;3.134009;
HandLeft;-1.363562;-0.1789062;3.619744;
Spine;-1.320405;0.03981377;3.39249;
HipCenter;-1.326907;-0.03813643;3.359436;
HipRight;-1.278268;-0.1161539;3.281813;
HipLeft;-1.362978;-0.1360014;3.427031;
KneeRight;-1.248048;-0.6446885;3.396017;
KneeLeft;-1.535892;-0.6665735;3.531496;
AnkleRight;-1.126118;-1.032211;3.458832;
AnkleLeft;-1.661117;-1.046159;3.500112;
FootRight;-1.218936;-1.097326;3.520885;
FootLeft;-1.752341;-1.075612;3.47413;
Head;-1.486109;0.6295519;3.348635;
ShoulderCenter;-1.394775;0.430499;3.358648;
ShoulderRight;-1.29347;0.2917819;3.235706;
ShoulderLeft;-1.495212;0.2270204;3.285628;
ElbowRight;-1.41379;0.05441957;3.127641;
ElbowLeft;-1.307172;0.08413301;3.480467;
WristRight;-1.600694;-0.09761785;3.118663;
WristLeft;-1.360061;-0.1044248;3.605674;
HandRight;-1.617465;-0.1273986;3.112657;
HandLeft;-1.386731;-0.1678841;3.623454;
Spine;-1.336169;0.03986071;3.386198;
HipCenter;-1.336331;-0.03840247;3.354633;
HipRight;-1.283946;-0.116466;3.27956;
HipLeft;-1.371651;-0.1341969;3.420935;
KneeRight;-1.252294;-0.6471522;3.396078;
KneeLeft;-1.561915;-0.6634703;3.517532;
AnkleRight;-1.128379;-1.031974;3.456674;
AnkleLeft;-1.712536;-1.019195;3.46678;
FootRight;-1.221204;-1.097093;3.518731;
FootLeft;-1.797788;-1.062937;3.455577;
Head;-1.574641;0.5882575;3.372714;
ShoulderCenter;-1.422204;0.4260323;3.366155;
ShoulderRight;-1.351859;0.281335;3.231822;
ShoulderLeft;-1.522641;0.2225536;3.293135;
ElbowRight;-1.445938;0.06664488;3.131629;
ElbowLeft;-1.351004;0.07594983;3.497881;
WristRight;-1.625253;-0.09213884;3.09233;
WristLeft;-1.409945;-0.1098043;3.623889;
HandRight;-1.687153;-0.1263024;3.084457;
HandLeft;-1.436631;-0.1733021;3.64168;
Spine;-1.384513;0.04321631;3.387254;
HipCenter;-1.389163;-0.03204121;3.356904;
HipRight;-1.341828;-0.1200762;3.274511;
HipLeft;-1.417305;-0.1336164;3.427843;
KneeRight;-1.264426;-0.6545284;3.390885;
KneeLeft;-1.600498;-0.6572142;3.493398;
AnkleRight;-1.132802;-1.03066;3.45463;
AnkleLeft;-1.759649;-1.023221;3.453188;
FootRight;-1.22542;-1.095636;3.51655;
FootLeft;-1.747088;-1.117715;3.452338;
Head;-1.619992;0.5821669;3.36277;
ShoulderCenter;-1.468878;0.4189412;3.35752;
ShoulderRight;-1.378646;0.2783743;3.234308;
ShoulderLeft;-1.569316;0.2154625;3.2845;
ElbowRight;-1.465552;0.06759147;3.128046;
ElbowLeft;-1.385248;0.05351479;3.468223;
WristRight;-1.644331;-0.09288691;3.103777;
WristLeft;-1.451127;-0.139422;3.580334;
HandRight;-1.69716;-0.1377176;3.087489;
HandLeft;-1.477827;-0.2029538;3.598135;
Spine;-1.426744;0.008659543;3.378246;
HipCenter;-1.428428;-0.07232957;3.348322;
HipRight;-1.382794;-0.1281654;3.302439;
HipLeft;-1.463656;-0.1399002;3.388097;
KneeRight;-1.304291;-0.6581873;3.391522;
KneeLeft;-1.645381;-0.6616588;3.489951;
AnkleRight;-1.134347;-1.032328;3.454956;
AnkleLeft;-1.755228;-1.013786;3.446293;
FootRight;-1.226779;-1.097172;3.516751;
FootLeft;-1.7816;-1.062176;3.348877;
Head;-1.652049;0.5848286;3.349871;
ShoulderCenter;-1.509537;0.4173116;3.356905;
ShoulderRight;-1.430327;0.2741373;3.22958;
ShoulderLeft;-1.609974;0.2138329;3.283885;
ElbowRight;-1.511633;0.06066684;3.12561;
ElbowLeft;-1.438811;0.05558014;3.480126;
WristRight;-1.6776;-0.1120069;3.093298;
WristLeft;-1.491083;-0.1353043;3.60615;
HandRight;-1.720518;-0.1663808;3.076781;
HandLeft;-1.517797;-0.1988685;3.62396;
Spine;-1.481775;-0.02421718;3.379039;
HipCenter;-1.48658;-0.1115345;3.351092;
HipRight;-1.434293;-0.1549502;3.392185;
HipLeft;-1.532767;-0.1859779;3.30531;
KneeRight;-1.334461;-0.666217;3.393282;
KneeLeft;-1.67032;-0.6648855;3.483441;
AnkleRight;-1.136559;-1.032016;3.453835;
AnkleLeft;-1.758914;-1.011198;3.446056;
FootRight;-1.228808;-1.096732;3.515507;
FootLeft;-1.788672;-1.059548;3.349858;
Head;-1.664344;0.6077121;3.359613;
ShoulderCenter;-1.560154;0.4091037;3.341905;
ShoulderRight;-1.484004;0.2722919;3.221351;
ShoulderLeft;-1.562214;0.2404969;3.202871;
ElbowRight;-1.52089;0.044416;3.126884;
ElbowLeft;-1.474807;0.08797175;3.445342;
WristRight;-1.713344;-0.09547381;3.082694;
WristLeft;-1.554034;-0.1186334;3.62468;
HandRight;-1.753665;-0.1535146;3.074142;
HandLeft;-1.580738;-0.1821751;3.642484;
Spine;-1.539312;-0.001917089;3.36723;
HipCenter;-1.528057;-0.08214474;3.34071;
HipRight;-1.504801;-0.1464699;3.275359;
HipLeft;-1.542347;-0.1550536;3.401457;
KneeRight;-1.418802;-0.6800047;3.395604;
KneeLeft;-1.719966;-0.6634337;3.472069;
AnkleRight;-1.149489;-1.026328;3.449285;
AnkleLeft;-1.768896;-1.009453;3.445986;
FootRight;-1.233974;-1.067895;3.460917;
FootLeft;-1.747594;-1.056944;3.34725;
Head;-1.685851;0.5977842;3.316489;
ShoulderCenter;-1.587877;0.4066079;3.34087;
ShoulderRight;-1.522447;0.2655608;3.227839;
ShoulderLeft;-1.589937;0.238001;3.201836;
ElbowRight;-1.591016;0.01876919;3.167566;
ElbowLeft;-1.506584;0.08410992;3.444081;
WristRight;-1.674007;0.01224449;2.92343;
WristLeft;-1.596554;-0.1076744;3.595702;
HandRight;-1.699587;0.01757032;2.848067;
HandLeft;-1.623246;-0.1711844;3.613497;
Spine;-1.570166;0.02131122;3.371133;
HipCenter;-1.556379;-0.05240631;3.350592;
HipRight;-1.526825;-0.131849;3.278599;
HipLeft;-1.563505;-0.1386858;3.41734;
KneeRight;-1.476415;-0.6689798;3.371545;
KneeLeft;-1.745918;-0.6610519;3.465503;
AnkleRight;-1.209184;-1.006692;3.427611;
AnkleLeft;-1.775344;-1.001807;3.44576;
FootRight;-1.286227;-1.058863;3.445718;
FootLeft;-1.740571;-1.049705;3.351246;
Head;-1.738974;0.6039626;3.308424;
ShoulderCenter;-1.643189;0.4127585;3.335515;
ShoulderRight;-1.547919;0.2663793;3.226898;
ShoulderLeft;-1.645249;0.2441517;3.196481;
ElbowRight;-1.620707;0.008596837;3.15904;
ElbowLeft;-1.552739;0.08320896;3.430959;
WristRight;-1.640269;0.04269319;2.908159;
WristLeft;-1.634227;-0.1191988;3.59103;
HandRight;-1.662881;-0.02144309;2.887261;
HandLeft;-1.660916;-0.1827019;3.608823;
Spine;-1.605901;0.02741141;3.358121;
HipCenter;-1.588395;-0.04770865;3.337274;
HipRight;-1.572704;-0.1104239;3.273072;
HipLeft;-1.602947;-0.1121988;3.39173;
KneeRight;-1.558897;-0.6446162;3.337871;
KneeLeft;-1.728887;-0.6470222;3.414806;
AnkleRight;-1.246024;-0.967764;3.416121;
AnkleLeft;-1.777204;-1.001672;3.444488;
FootRight;-1.279154;-1.051747;3.444821;
FootLeft;-1.748503;-1.048558;3.347538;
Head;-1.73788;0.6211006;3.290919;
ShoulderCenter;-1.673868;0.4276425;3.342767;
ShoulderRight;-1.583754;0.2757055;3.226532;
ShoulderLeft;-1.675928;0.2590356;3.203733;
ElbowRight;-1.631808;0.01099568;3.160909;
ElbowLeft;-1.601578;0.08578736;3.435577;
WristRight;-1.757502;-0.1792237;3.215607;
WristLeft;-1.689902;-0.1286051;3.602913;
HandRight;-1.778553;-0.243874;3.194649;
HandLeft;-1.716592;-0.1921118;3.620707;
Spine;-1.618639;0.0293973;3.358093;
HipCenter;-1.601712;-0.04677092;3.335865;
HipRight;-1.576368;-0.1116991;3.269096;
HipLeft;-1.613832;-0.1168181;3.396103;
KneeRight;-1.6138;-0.6462463;3.325185;
KneeLeft;-1.687289;-0.6344025;3.337629;
AnkleRight;-1.30867;-0.9599032;3.410726;
AnkleLeft;-1.780672;-1.001649;3.443608;
FootRight;-1.385629;-1.012018;3.428813;
FootLeft;-1.778486;-1.096223;3.439529;
Head;-1.725638;0.6049051;3.260848;
ShoulderCenter;-1.681543;0.4240324;3.343241;
ShoulderRight;-1.593965;0.2703684;3.240081;
ShoulderLeft;-1.683603;0.2554256;3.204207;
ElbowRight;-1.642606;0.01072885;3.172783;
ElbowLeft;-1.631669;0.08793819;3.44455;
WristRight;-1.694221;-0.2648918;3.202018;
WristLeft;-1.729128;-0.1331808;3.632425;
HandRight;-1.715277;-0.3295555;3.181056;
HandLeft;-1.755823;-0.1967006;3.650222;
Spine;-1.655855;-0.03123463;3.354815;
HipCenter;-1.637362;-0.1189311;3.331855;
HipRight;-1.612086;-0.1351547;3.348449;
HipLeft;-1.657003;-0.1576784;3.312462;
KneeRight;-1.630592;-0.6478134;3.336194;
KneeLeft;-1.678106;-0.6367682;3.324236;
AnkleRight;-1.375754;-0.9700441;3.409012;
AnkleLeft;-1.783388;-1.004351;3.443366;
FootRight;-1.37918;-1.063561;3.423218;
FootLeft;-1.785269;-1.098951;3.440827;
Head;-1.746391;0.5719312;3.236058;
ShoulderCenter;-1.688993;0.4183836;3.345699;
ShoulderRight;-1.616866;0.2643457;3.290391;
ShoulderLeft;-1.691054;0.2497768;3.206665;
ElbowRight;-1.656602;0.0083802;3.194862;
ElbowLeft;-1.654075;0.058807;3.432755;
WristRight;-1.688271;-0.2259113;3.204238;
WristLeft;-1.763976;-0.1587603;3.588293;
HandRight;-1.709309;-0.2905209;3.183294;
HandLeft;-1.79065;-0.222227;3.606076;
Spine;-1.666091;-0.01943598;3.398102;
HipCenter;-1.63649;-0.1044262;3.391008;
HipRight;-1.606802;-0.1366304;3.452685;
HipLeft;-1.654318;-0.173903;3.327554;
KneeRight;-1.772774;-0.5826054;3.420813;
KneeLeft;-1.645049;-0.6546934;3.38024;
AnkleRight;-1.932634;-1.012158;3.374827;
AnkleLeft;-1.784489;-1.005806;3.443006;
FootRight;-1.858004;-1.060108;3.307523;
FootLeft;-1.709859;-1.053756;3.375702;
Head;-1.673887;0.3901322;3.217699;
ShoulderCenter;-1.705816;0.3878238;3.395895;
ShoulderRight;-1.624196;0.2409827;3.33745;
ShoulderLeft;-1.653255;0.08871743;3.271293;
ElbowRight;-1.66583;0.001724423;3.205714;
ElbowLeft;-1.691093;-0.2306393;3.2533;
WristRight;-1.692868;-0.2339973;3.207251;
WristLeft;-1.846495;-0.4040551;3.286551;
HandRight;-1.714007;-0.3254744;3.229869;
HandLeft;-1.873272;-0.467769;3.304403;
Spine;-1.691151;-0.06045618;3.465529;
HipCenter;-1.660541;-0.1492944;3.469154;
HipRight;-1.645768;-0.1800692;3.555027;
HipLeft;-1.664318;-0.2489671;3.39736;
KneeRight;-1.814901;-0.595257;3.483359;
KneeLeft;-1.67237;-0.6882394;3.487617;
AnkleRight;-1.98826;-1.020819;3.395557;
AnkleLeft;-1.786874;-1.013581;3.442925;
FootRight;-1.90635;-1.087031;3.34739;
FootLeft;-1.697729;-1.062033;3.397169;
Head;-1.721997;0.3683149;3.508287;
ShoulderCenter;-1.730969;0.162775;3.555225;
ShoulderRight;-1.649349;0.01593393;3.496779;
ShoulderLeft;-1.685356;0.04220602;3.349038;
ElbowRight;-1.677127;-0.003190886;3.216663;
ElbowLeft;-1.711471;-0.1510468;3.183578;
WristRight;-1.704826;-0.2385159;3.21668;
WristLeft;-1.892572;-0.2365465;3.295856;
HandRight;-1.72503;-0.3294884;3.241441;
HandLeft;-1.919308;-0.3001609;3.31368;
Spine;-1.730422;-0.201042;3.49152;
HipCenter;-1.700213;-0.2702032;3.47582;
HipRight;-1.686585;-0.2697894;3.480072;
HipLeft;-1.712403;-0.2908632;3.46714;
KneeRight;-1.833643;-0.6954095;3.499192;
KneeLeft;-1.705669;-0.7402115;3.496611;
AnkleRight;-1.634041;-0.9965233;3.323384;
AnkleLeft;-1.786397;-1.070206;3.426754;
FootRight;-1.535208;-1.042191;3.300794;
FootLeft;-1.687564;-1.115874;3.404164;
Head;-1.747723;0.3495964;3.482533;
ShoulderCenter;-1.756692;0.1441208;3.529509;
ShoulderRight;-1.675072;-0.002720294;3.471064;
ShoulderLeft;-1.711079;0.02355179;3.323323;
ElbowRight;-1.71289;-0.02676955;3.196977;
ElbowLeft;-1.729058;-0.2125632;3.279702;
WristRight;-1.74207;-0.2616675;3.196944;
WristLeft;-1.908808;-0.3559337;3.32271;
HandRight;-1.752822;-0.3343439;3.259537;
HandLeft;-1.93557;-0.4196095;3.340551;
Spine;-1.804156;-0.1228129;3.537514;
HipCenter;-1.78311;-0.1780425;3.535685;
HipRight;-1.763173;-0.1889349;3.541871;
HipLeft;-1.804526;-0.1871527;3.529104;
KneeRight;-1.819177;-0.6524454;3.493247;
KneeLeft;-1.762646;-0.5801292;3.54843;
AnkleRight;-1.712938;-0.9662428;3.333019;
AnkleLeft;-1.82568;-1.077051;3.452102;
FootRight;-1.754812;-1.064099;3.343404;
FootLeft;-1.747629;-0.9952316;3.392568;
Head;-1.777269;0.2345353;3.418039;
ShoulderCenter;-1.786212;0.02967129;3.464899;
ShoulderRight;-1.704592;-0.1171698;3.406453;
ShoulderLeft;-1.740599;-0.09089769;3.258713;
ElbowRight;-1.917218;-0.04837036;3.453596;
ElbowLeft;-1.777872;-0.223709;3.42081;
WristRight;-1.801813;-0.292242;3.400389;
WristLeft;-1.969857;-0.360388;3.387403;
HandRight;-1.800475;-0.3483832;3.35662;
HandLeft;-1.996566;-0.4239404;3.405209;
Spine;-1.848474;-0.2943462;3.52724;
HipCenter;-1.831282;-0.3636751;3.535395;
HipRight;-1.822638;-0.3612313;3.539586;
HipLeft;-1.842191;-0.3858856;3.533983;
KneeRight;-1.825325;-0.809939;3.477531;
KneeLeft;-1.857787;-0.9535533;3.576593;
AnkleRight;-1.715539;-0.9696441;3.334742;
AnkleLeft;-1.698287;-1.037416;3.256676;
FootRight;-1.623294;-1.025772;3.309313;
FootLeft;-1.606041;-1.093544;3.231247;
Head;-1.850007;0.2351761;3.556289;
ShoulderCenter;-1.858925;0.03087915;3.602896;
ShoulderRight;-1.777305;-0.1159619;3.544451;
ShoulderLeft;-1.813312;-0.08968984;3.39671;
ElbowRight;-1.9892;-0.04739907;3.59133;
ElbowLeft;-1.850457;-0.2220445;3.558148;
WristRight;-1.874526;-0.2910342;3.538388;
WristLeft;-2.041571;-0.3586909;3.525904;
HandRight;-1.873191;-0.3470677;3.494703;
HandLeft;-2.068229;-0.4221213;3.543677;
Spine;-1.843778;-0.301801;3.53201;
HipCenter;-1.812992;-0.3630206;3.529736;
HipRight;-1.776339;-0.3861535;3.525061;
HipLeft;-1.829828;-0.3668913;3.526339;
KneeRight;-1.864318;-0.8282324;3.505148;
KneeLeft;-1.821481;-0.8259405;3.508591;
AnkleRight;-1.727082;-0.9968971;3.351368;
AnkleLeft;-1.793508;-0.9860536;3.429266;
FootRight;-1.628001;-1.041425;3.329481;
FootLeft;-1.791196;-1.07423;3.462297;
Head;1.610955;0.3700851;3.655683;
ShoulderCenter;1.669947;0.4672083;3.84541;
ShoulderRight;1.655319;0.2686623;3.657245;
ShoulderLeft;1.568306;0.3809447;3.834583;
ElbowRight;1.713177;-0.01714907;3.574745;
ElbowLeft;1.660421;0.1217209;3.627865;
WristRight;1.786792;-0.233662;3.483279;
WristLeft;1.537112;0.01870529;3.894343;
HandRight;1.804487;-0.3163737;3.487656;
HandLeft;1.49601;-0.01563323;3.988717;
Spine;1.60525;0.0323912;3.779153;
HipCenter;1.592311;-0.05457223;3.76997;
HipRight;1.600157;-0.1586851;3.681711;
HipLeft;1.561001;-0.108158;3.830398;
KneeRight;1.619166;-0.5905459;3.862548;
KneeLeft;1.575059;-0.6649511;3.676718;
AnkleRight;1.682503;-1.02286;3.792784;
AnkleLeft;1.289108;-0.9739166;3.614056;
FootRight;1.595246;-1.067504;3.734609;
FootLeft;1.201851;-1.018561;3.55588;
Head;1.770788;0.4541174;3.673254;
ShoulderCenter;1.688223;0.470338;3.851688;
ShoulderRight;1.686445;0.2933353;3.687041;
ShoulderLeft;1.576643;0.3765765;3.82565;
ElbowRight;1.718567;0.006674469;3.589015;
ElbowLeft;1.659889;0.1398053;3.637338;
WristRight;1.787945;-0.2466699;3.57922;
WristLeft;1.739549;-0.1156872;3.494756;
HandRight;1.794313;-0.2773401;3.491122;
HandLeft;1.753368;-0.1897618;3.470237;
Spine;1.634453;0.06381256;3.783389;
HipCenter;1.624159;-0.01520651;3.773238;
HipRight;1.636458;-0.1002895;3.695924;
HipLeft;1.59137;-0.06509637;3.822925;
KneeRight;1.639573;-0.6610434;3.785119;
KneeLeft;1.581681;-0.6236854;3.691332;
AnkleRight;1.686805;-1.06779;3.767738;
AnkleLeft;1.372002;-0.986436;3.635533;
FootRight;1.75538;-1.115917;3.675626;
FootLeft;1.300648;-1.029055;3.564438;
Head;1.772982;0.4435163;3.671459;
ShoulderCenter;1.718699;0.4635307;3.853816;
ShoulderRight;1.700252;0.2761132;3.664119;
ShoulderLeft;1.593105;0.3683929;3.829874;
ElbowRight;1.715741;0.04501917;3.553929;
ElbowLeft;1.670477;0.1343437;3.640528;
WristRight;1.797188;-0.2280558;3.510036;
WristLeft;1.766054;-0.1172509;3.509807;
HandRight;1.786126;-0.2999964;3.497275;
HandLeft;1.801508;-0.253574;3.499575;
Spine;1.667993;0.0003118515;3.782698;
HipCenter;1.656235;-0.09197062;3.772446;
HipRight;1.670924;-0.1731876;3.707456;
HipLeft;1.626062;-0.132273;3.815991;
KneeRight;1.671196;-0.6280784;3.855261;
KneeLeft;1.644867;-0.6975312;3.696446;
AnkleRight;1.675372;-1.068566;3.765533;
AnkleLeft;1.487024;-1.040545;3.636127;
FootRight;1.647171;-1.104864;3.675711;
FootLeft;1.558219;-1.115245;3.612047;
Head;1.82689;0.4367677;3.677365;
ShoulderCenter;1.767757;0.4813453;3.852914;
ShoulderRight;1.710749;0.2776578;3.673535;
ShoulderLeft;1.634812;0.3829006;3.858626;
ElbowRight;1.723742;0.05505807;3.560932;
ElbowLeft;1.692602;0.1508646;3.660472;
WristRight;1.776979;-0.2296208;3.57163;
WristLeft;1.762007;-0.110486;3.536682;
HandRight;1.776227;-0.2658138;3.506983;
HandLeft;1.785141;-0.1976028;3.500939;
Spine;1.683315;0.008244655;3.786275;
HipCenter;1.668402;-0.08550267;3.776524;
HipRight;1.676804;-0.172685;3.707313;
HipLeft;1.638826;-0.1282684;3.825108;
KneeRight;1.684339;-0.6259395;3.861738;
KneeLeft;1.696526;-0.6954636;3.701911;
AnkleRight;1.610619;-1.030314;3.681689;
AnkleLeft;1.556336;-1.001689;3.664047;
FootRight;1.691675;-1.072087;3.598156;
FootLeft;1.57007;-1.098099;3.740265;
Head;1.832978;0.4517286;3.680154;
ShoulderCenter;1.77715;0.4774582;3.859862;
ShoulderRight;1.719072;0.2857628;3.677493;
ShoulderLeft;1.662099;0.3851966;3.86854;
ElbowRight;1.7422;0.04731584;3.588356;
ElbowLeft;1.712949;0.1364482;3.667296;
WristRight;1.775857;-0.2409777;3.590975;
WristLeft;1.775319;-0.1395517;3.537393;
HandRight;1.782426;-0.247476;3.498734;
HandLeft;1.791361;-0.2081323;3.515988;
Spine;1.719233;0.04902705;3.793086;
HipCenter;1.705722;-0.03586154;3.782413;
HipRight;1.703777;-0.149308;3.671434;
HipLeft;1.678134;-0.1079768;3.856615;
KneeRight;1.725981;-0.63289;3.854919;
KneeLeft;1.799009;-0.6696633;3.675963;
AnkleRight;1.685414;-1.062357;3.693103;
AnkleLeft;1.53667;-0.8792123;3.644017;
FootRight;1.76194;-1.092698;3.599594;
FootLeft;1.444828;-0.9220437;3.605724;
Head;1.819283;0.4368658;3.686313;
ShoulderCenter;1.811805;0.4811257;3.869123;
ShoulderRight;1.771563;0.28143;3.679083;
ShoulderLeft;1.693763;0.3898774;3.876395;
ElbowRight;1.773559;-0.004737031;3.572809;
ElbowLeft;1.722392;0.149127;3.669461;
WristRight;1.780968;-0.2166007;3.493551;
WristLeft;1.795847;-0.05069497;3.527757;
HandRight;1.783511;-0.2895803;3.493193;
HandLeft;1.794198;-0.1483464;3.512839;
Spine;1.743445;-0.005163603;3.792671;
HipCenter;1.72864;-0.1025414;3.780893;
HipRight;1.734228;-0.1954027;3.704801;
HipLeft;1.702191;-0.1459687;3.832269;
KneeRight;1.754358;-0.6360828;3.861575;
KneeLeft;1.870633;-0.5518833;3.708701;
AnkleRight;1.739667;-1.029869;3.680964;
AnkleLeft;2.044338;-0.9704805;3.56636;
FootRight;1.81583;-1.060066;3.587898;
FootLeft;1.957707;-1.015044;3.519258;
Head;1.802294;0.4326746;3.698263;
ShoulderCenter;1.838268;0.4798741;3.877278;
ShoulderRight;1.798275;0.3448136;3.69662;
ShoulderLeft;1.718937;0.411777;3.893121;
ElbowRight;1.770917;0.08943526;3.593751;
ElbowLeft;1.746289;0.1708688;3.689099;
WristRight;1.777983;-0.1262851;3.496841;
WristLeft;1.786841;-0.09954071;3.555785;
HandRight;1.779008;-0.1985987;3.509058;
HandLeft;1.800358;-0.1896772;3.51672;
Spine;1.770391;0.025662;3.803972;
HipCenter;1.757795;-0.06187376;3.793838;
HipRight;1.758899;-0.16246;3.698198;
HipLeft;1.722713;-0.1310166;3.85448;
KneeRight;1.751727;-0.6452384;3.870358;
KneeLeft;1.898986;-0.6754614;3.660028;
AnkleRight;1.864789;-1.050022;3.618206;
AnkleLeft;2.002148;-0.9940937;3.524021;
FootRight;1.794979;-1.122491;3.537573;
FootLeft;1.903976;-1.023836;3.482888;
Head;1.85158;0.393023;3.703822;
ShoulderCenter;1.87065;0.471636;3.877257;
ShoulderRight;1.817695;0.2732081;3.673109;
ShoulderLeft;1.780912;0.3681916;3.795272;
ElbowRight;1.809435;0.0432501;3.610217;
ElbowLeft;1.783309;0.09112686;3.634465;
WristRight;1.814689;-0.2485377;3.526294;
WristLeft;1.795475;-0.1977202;3.519382;
HandRight;1.815728;-0.3218606;3.538681;
HandLeft;1.766292;-0.1898015;3.451438;
Spine;1.800007;0.008345813;3.801215;
HipCenter;1.78712;-0.08464649;3.789892;
HipRight;1.783471;-0.1909666;3.68978;
HipLeft;1.770194;-0.1520239;3.857774;
KneeRight;1.753973;-0.6485735;3.871703;
KneeLeft;1.734516;-0.7222192;3.858152;
AnkleRight;1.913157;-1.061596;3.671705;
AnkleLeft;1.705556;-1.06737;3.776393;
FootRight;1.866291;-1.101456;3.547767;
FootLeft;1.604576;-1.122721;3.786257;
Head;1.912589;0.441855;3.681382;
ShoulderCenter;1.90299;0.4673437;3.866167;
ShoulderRight;1.845202;0.342119;3.666315;
ShoulderLeft;1.796143;0.3695689;3.823645;
ElbowRight;1.839908;0.04153822;3.605616;
ElbowLeft;1.792729;0.1081152;3.639819;
WristRight;1.808962;-0.2496924;3.514549;
WristLeft;1.826821;-0.1534499;3.529021;
HandRight;1.809992;-0.322395;3.526832;
HandLeft;1.792748;-0.2232366;3.491426;
Spine;1.842474;0.006461609;3.805823;
HipCenter;1.830351;-0.08565815;3.798128;
HipRight;1.83471;-0.1548881;3.726291;
HipLeft;1.810418;-0.1432389;3.852922;
KneeRight;1.960466;-0.7002962;3.673979;
KneeLeft;1.752664;-0.656546;3.875257;
AnkleRight;2.043579;-1.060764;3.61801;
AnkleLeft;1.692712;-1.018922;3.796881;
FootRight;1.93677;-1.110022;3.580546;
FootLeft;1.585903;-1.068181;3.759417;
Head;1.888938;0.4320206;3.670318;
ShoulderCenter;1.924266;0.4690077;3.850178;
ShoulderRight;1.8674;0.281526;3.659339;
ShoulderLeft;1.816362;0.3649295;3.831666;
ElbowRight;1.866578;0.03140464;3.601094;
ElbowLeft;1.810808;0.1160438;3.635943;
WristRight;1.838715;-0.2614214;3.535718;
WristLeft;1.838665;-0.1702344;3.541002;
HandRight;1.83974;-0.3337224;3.547933;
HandLeft;1.816125;-0.3109813;3.487807;
Spine;1.850106;0.01686906;3.802334;
HipCenter;1.836826;-0.07275949;3.796073;
HipRight;1.834585;-0.153697;3.721527;
HipLeft;1.815938;-0.138227;3.854441;
KneeRight;2.014447;-0.6287813;3.672213;
KneeLeft;1.764095;-0.6448572;3.873843;
AnkleRight;2.155691;-1.001861;3.614616;
AnkleLeft;1.693301;-1.025089;3.792084;
FootRight;2.049873;-1.051046;3.571601;
FootLeft;1.597849;-1.095248;3.872219;
Head;1.919355;0.4393564;3.689914;
ShoulderCenter;1.994229;0.4600128;3.861072;
ShoulderRight;1.907281;0.3369437;3.662213;
ShoulderLeft;1.860145;0.3681668;3.879657;
ElbowRight;1.895597;0.04457992;3.596848;
ElbowLeft;1.849321;0.1332904;3.671335;
WristRight;1.863739;-0.2449578;3.536867;
WristLeft;1.883014;-0.1441261;3.562308;
HandRight;1.864758;-0.3168778;3.549018;
HandLeft;1.864099;-0.3027871;3.499432;
Spine;1.896707;0.06328002;3.818271;
HipCenter;1.877203;-0.01606654;3.813542;
HipRight;1.858417;-0.09781911;3.713271;
HipLeft;1.850462;-0.1195233;3.889226;
KneeRight;1.957349;-0.508178;3.664587;
KneeLeft;1.794735;-0.6161944;3.863068;
AnkleRight;2.063535;-0.9486286;3.59839;
AnkleLeft;1.69434;-1.042063;3.795071;
FootRight;1.958803;-1.011496;3.568516;
FootLeft;1.586;-1.089964;3.766402;
Head;1.972767;0.3977888;3.673429;
ShoulderCenter;2.006607;0.4543142;3.845349;
ShoulderRight;1.932104;0.3304039;3.669224;
ShoulderLeft;1.874988;0.3656721;3.882131;
ElbowRight;1.934651;0.04556634;3.601517;
ElbowLeft;1.868522;0.1365845;3.677202;
WristRight;1.89678;-0.1597711;3.513991;
WristLeft;1.897953;-0.1016149;3.522897;
HandRight;1.897772;-0.2297897;3.525821;
HandLeft;1.890746;-0.1968955;3.512817;
Spine;1.897364;0.03157488;3.811731;
HipCenter;1.874444;-0.05802811;3.809309;
HipRight;1.852169;-0.1267252;3.73022;
HipLeft;1.851912;-0.1497657;3.87356;
KneeRight;2.004996;-0.5826329;3.632549;
KneeLeft;1.810538;-0.6618423;3.870701;
AnkleRight;2.126438;-0.944916;3.537141;
AnkleLeft;1.697949;-1.030982;3.792982;
FootRight;2.023587;-0.991071;3.503809;
FootLeft;1.722413;-1.124718;3.817471;
Head;2.108097;0.4435412;3.6664;
ShoulderCenter;2.018918;0.4125173;3.824717;
ShoulderRight;1.95484;0.2598423;3.645796;
ShoulderLeft;1.890033;0.3282954;3.873651;
ElbowRight;1.947252;-0.0218395;3.588924;
ElbowLeft;1.90818;0.1013665;3.676127;
WristRight;1.90925;-0.2320381;3.501291;
WristLeft;1.939146;-0.1638305;3.567027;
HandRight;1.910222;-0.3005976;3.512874;
HandLeft;1.925958;-0.2309361;3.55444;
Spine;1.920986;0.04229513;3.7976;
HipCenter;1.910374;-0.0274608;3.791284;
HipRight;1.894659;-0.1199825;3.665766;
HipLeft;1.863697;-0.1525293;3.884044;
KneeRight;1.97174;-0.5200419;3.689171;
KneeLeft;1.820379;-0.6644686;3.869608;
AnkleRight;2.054025;-0.9471092;3.700849;
AnkleLeft;1.698781;-1.029792;3.790524;
FootRight;1.957205;-1.007428;3.664526;
FootLeft;1.599092;-1.075216;3.752776;
Head;2.066789;0.4222234;3.64288;
ShoulderCenter;2.030018;0.4163964;3.817346;
ShoulderRight;1.963267;0.1796921;3.650937;
ShoulderLeft;1.902023;0.3307458;3.86605;
ElbowRight;1.950266;-0.02444218;3.594045;
ElbowLeft;1.932866;0.1053996;3.675215;
WristRight;1.912618;-0.2262777;3.507663;
WristLeft;1.960847;-0.1676119;3.608375;
HandRight;1.913587;-0.2946652;3.519216;
HandLeft;1.951635;-0.3270187;3.540694;
Spine;1.936824;-0.006752767;3.829048;
HipCenter;1.916082;-0.09211769;3.836081;
HipRight;1.881374;-0.24372;3.723183;
HipLeft;1.891406;-0.1849108;3.95366;
KneeRight;2.22862;-0.5595858;3.646729;
KneeLeft;1.837663;-0.7210319;3.860577;
AnkleRight;2.501006;-0.8073567;3.569581;
AnkleLeft;1.704133;-1.045245;3.777969;
FootRight;2.404933;-0.852571;3.526651;
FootLeft;1.60806;-1.090459;3.735038;
Head;2.048495;0.4558122;3.807664;
ShoulderCenter;1.977397;0.2531102;3.810445;
ShoulderRight;1.90013;0.01273039;3.649684;
ShoulderLeft;1.849789;0.1660124;3.859168;
ElbowRight;2.095868;-0.05118085;3.641743;
ElbowLeft;1.92214;-0.08696496;3.735209;
WristRight;1.978917;-0.304109;3.600447;
WristLeft;1.96105;-0.3622981;3.688375;
HandRight;1.97989;-0.372749;3.612043;
HandLeft;1.97402;-0.4540758;3.67758;
Spine;1.977428;-0.1048762;3.898486;
HipCenter;1.977434;-0.1764735;3.919626;
HipRight;1.985448;-0.2317145;3.91137;
HipLeft;1.969426;-0.1947906;3.944103;
KneeRight;1.979157;-0.3086654;3.431479;
KneeLeft;1.888834;-0.6918178;3.858866;
AnkleRight;1.974249;-0.3687017;3.039984;
AnkleLeft;1.718976;-1.03835;3.789381;
FootRight;1.875724;-0.4213126;3.019093;
FootLeft;1.717548;-1.132123;3.812468;
Head;2.06842;0.4519894;3.882152;
ShoulderCenter;2.007157;0.2457751;3.830568;
ShoulderRight;1.929889;0.005395284;3.669807;
ShoulderLeft;1.879548;0.1586773;3.879291;
ElbowRight;2.126413;-0.0396753;3.688473;
ElbowLeft;1.949635;-0.09136857;3.746337;
WristRight;1.99531;-0.2499707;3.647167;
WristLeft;1.985919;-0.3672134;3.700137;
HandRight;2.027082;-0.31166;3.648732;
HandLeft;1.998014;-0.4591616;3.689514;
Spine;1.980192;-0.110989;3.896699;
HipCenter;1.97827;-0.1838116;3.915496;
HipRight;1.988225;-0.2655026;3.880332;
HipLeft;1.967551;-0.1997657;3.94732;
KneeRight;1.999138;-0.279058;3.398575;
KneeLeft;1.963133;-0.6520548;3.849475;
AnkleRight;2.007684;-0.2896724;3.004428;
AnkleLeft;1.771534;-1.027133;3.816892;
FootRight;1.910357;-0.3386401;2.978731;
FootLeft;1.674208;-1.076101;3.791194;
Head;2.067839;0.4595187;3.875217;
ShoulderCenter;2.028241;0.2502378;3.834822;
ShoulderRight;1.950974;0.009858052;3.674061;
ShoulderLeft;1.900633;0.1631401;3.883545;
ElbowRight;2.112071;-0.0346659;3.766865;
ElbowLeft;2.03197;-0.05505469;3.74177;
WristRight;2.024017;-0.2523915;3.699623;
WristLeft;2.028339;-0.2675512;3.679472;
HandRight;2.055684;-0.3138772;3.701183;
HandLeft;2.027129;-0.3383833;3.663451;
Spine;1.987564;-0.1172542;3.913482;
HipCenter;1.980976;-0.1913837;3.93384;
HipRight;2.023927;-0.2960376;3.919497;
HipLeft;1.932138;-0.1659998;3.984042;
KneeRight;2.03181;-0.1437147;3.466418;
KneeLeft;2.017965;-0.65686;3.848444;
AnkleRight;2.037969;-0.02470961;3.095624;
AnkleLeft;1.790315;-1.006246;3.801872;
FootRight;1.941407;-0.07231621;3.068087;
FootLeft;1.805237;-1.101581;3.860691;
Head;2.078788;0.409117;3.909166;
ShoulderCenter;2.076247;0.2052579;3.919842;
ShoulderRight;1.99898;-0.03512189;3.759081;
ShoulderLeft;1.948639;0.1181601;3.968565;
ElbowRight;2.152767;-0.08716552;3.856909;
ElbowLeft;2.056835;-0.07529356;3.787875;
WristRight;2.061372;-0.299626;3.782629;
WristLeft;2.050847;-0.2621647;3.689189;
HandRight;2.030906;-0.3704462;3.76257;
HandLeft;2.04988;-0.3034776;3.707816;
Spine;2.05669;-0.05412226;3.963962;
HipCenter;2.052779;-0.1059983;3.976233;
HipRight;2.06682;-0.2409851;3.921878;
HipLeft;2.031194;-0.07105947;4.044181;
KneeRight;1.999487;-0.2489865;3.44968;
KneeLeft;2.028287;-0.5805977;3.875248;
AnkleRight;1.946629;-0.2552679;3.062377;
AnkleLeft;1.818944;-0.9847043;3.793017;
FootRight;1.850784;-0.3029948;3.036072;
FootLeft;1.833778;-1.073294;3.882504;
Head;2.107367;0.4591769;3.966845;
ShoulderCenter;2.105739;0.2494979;3.942868;
ShoulderRight;2.028471;0.00911814;3.782107;
ShoulderLeft;1.97813;0.1624002;3.991591;
ElbowRight;2.173209;0.1054724;3.861964;
ElbowLeft;2.061047;-0.05572227;3.81598;
WristRight;2.076144;-0.146018;3.786826;
WristLeft;2.073091;-0.2821617;3.754566;
HandRight;2.043789;-0.2298481;3.766439;
HandLeft;2.093235;-0.3636441;3.786431;
Spine;2.016093;-0.2952011;3.896057;
HipCenter;1.998164;-0.4041409;3.890111;
HipRight;2.016988;-0.3799578;3.892708;
HipLeft;1.967033;-0.5031034;3.879879;
KneeRight;2.235038;-0.09400421;3.595495;
KneeLeft;2.09906;-0.9368211;3.802681;
AnkleRight;2.408406;0.1333539;3.342865;
AnkleLeft;1.79896;-1.009964;3.79242;
FootRight;2.313927;0.08945848;3.30536;
FootLeft;1.70448;-1.05386;3.754915;
Head;2.000935;-0.5680923;3.861776;
ShoulderCenter;1.999318;-0.7763318;3.83774;
ShoulderRight;1.92205;-1.016712;3.67698;
ShoulderLeft;1.925816;-0.8520601;3.792247;
ElbowRight;2.064698;-0.9217482;3.755327;
ElbowLeft;2.001025;-0.6279948;3.780957;
WristRight;1.970095;-1.170223;3.681956;
WristLeft;1.998669;-0.8269926;3.736315;
HandRight;1.941759;-1.175289;3.620127;
HandLeft;1.997883;-0.8933253;3.726086;
Spine;1.946697;-1.004395;3.983783;
HipCenter;1.936173;-1.050008;4.016402;
HipRight;1.907531;-1.128115;4.017326;
HipLeft;1.950332;-1.034676;4.053258;
KneeRight;1.988152;-1.296752;3.84165;
KneeLeft;2.06146;-0.7341216;3.828929;
AnkleRight;2.012478;-1.676047;3.954095;
AnkleLeft;2.181005;-0.410804;3.575228;
FootRight;2.04441;-1.755165;3.918296;
FootLeft;2.086969;-0.4443206;3.551357;
Head;2.003134;-0.8220625;3.853137;
ShoulderCenter;1.98894;-1.022379;3.86739;
ShoulderRight;1.911672;-1.262759;3.70663;
ShoulderLeft;1.915438;-1.098107;3.821897;
ElbowRight;2.051969;-1.169361;3.78377;
ElbowLeft;1.970662;-0.9488024;3.677231;
WristRight;1.960121;-1.414421;3.712623;
WristLeft;1.93805;-1.213619;3.68807;
HandRight;1.931381;-1.421337;3.650587;
HandLeft;1.92718;-1.301891;3.696244;
Spine;2.016699;-1.0016;3.895719;
HipCenter;2.022251;-0.997444;3.904729;
HipRight;2.068341;-1.013806;3.897829;
HipLeft;2.036501;-0.9359137;3.954484;
KneeRight;2.023504;-1.159318;3.621629;
KneeLeft;2.118159;-0.5455572;3.741358;
AnkleRight;2.04783;-1.538613;3.73461;
AnkleLeft;2.183182;-0.23472;3.555687;
FootRight;2.079389;-1.616807;3.69923;
FootLeft;2.169507;-0.3135653;3.627591;
Head;2.063786;-0.8368829;3.863159;
ShoulderCenter;2.064727;-1.096255;3.909052;
ShoulderRight;1.987459;-1.336635;3.748292;
ShoulderLeft;1.991225;-1.171984;3.863559;
ElbowRight;2.127659;-1.243302;3.825496;
ElbowLeft;2.059972;-1.037509;3.708941;
WristRight;2.035924;-1.488221;3.754497;
WristLeft;2.018204;-1.299909;3.728434;
HandRight;2.007168;-1.495213;3.692452;
HandLeft;2.004282;-1.387375;3.73947;
Spine;2.499537;-1.382864;4.735711;
HipCenter;2.5865;-1.440186;4.90437;
HipRight;1.526929;-0.856073;2.91604;
HipLeft;1.665391;-0.7187204;3.166092;
KneeRight;2.140488;-1.325909;3.921004;
KneeLeft;1.931601;-0.6291574;3.497476;
AnkleRight;2.164813;-1.705204;4.034119;
AnkleLeft;2.144442;-0.5575498;3.746587;
FootRight;2.196517;-1.783757;3.998577;
FootLeft;2.062036;-0.6179026;3.781898;
Head;0.1276906;-0.0542943;0.3508396;
ShoulderCenter;0;0;0;
ShoulderRight;1.885703;-1.078538;4.041416;
ShoulderLeft;2.024869;-1.106372;4.041416;
ElbowRight;2.025045;-0.9857761;4.118237;
ElbowLeft;2.093195;-0.97272;3.887834;
WristRight;1.93431;-1.229444;4.048076;
WristLeft;2.051929;-1.233628;3.906651;
HandRight;1.905412;-1.237116;3.985959;
HandLeft;2.038173;-1.320597;3.917417;
Spine;1.209269;-0.6399734;2.321521;
HipCenter;1.209269;-0.6399734;2.326515;
HipRight;1.081327;-0.6047172;2.252413;
HipLeft;1.337211;-0.6752297;2.400617;
KneeRight;1.952456;-1.340587;3.875367;
KneeLeft;1.557898;-0.6871364;2.772114;
AnkleRight;1.976781;-1.719882;3.988736;
AnkleLeft;1.735015;-0.6966924;3.054621;
FootRight;2.008303;-1.797984;3.953398;
FootLeft;1.7619;-0.753612;3.160957;
